0: 524,180,698
1: 1626
2: 1484,1676,1402
3: 1762,787,499,1479
4: 119,1063
5: 1561,1746,433,309,558
6: 
7: 161,827
8: 1618,1496
9: 1175,370,531
10: 269,1298,1445
11: 1217,158,460,1718
12: 1216,702
13: 529,942,1111
14: 1411,659,1246,15
15: 277,1411,659,14,1562,1791
16: 1663,483,108,729,1614
17: 1443,333,788,653,1737
18: 107,339,936
19: 986,1401
20: 1327,302,230,1791,716
21: 
22: 1234
23: 89,1388,268
24: 1784
25: 553,1194
26: 892,275,1365
27: 140,67,468
28: 1319,1691,694
29: 33,1018
30: 1405
31: 1284,1737,94
32: 706
33: 504,29
34: 373,289,1407
35: 1345
36: 1481,1240,1615
37: 1084
38: 1450,371,291,427
39: 164,1342,917,1392
40: 612
41: 779,847,800,733
42: 1599
43: 1609,1526
44: 754
45: 1594,1451,1241,789
46: 859,77,926
47: 1069,867
48: 1589,1416
49: 73,1156,719,803
50: 1317,1695
51: 863,1670
52: 359,1258,1339,858
53: 791,102
54: 1461,841,1610,1171
55: 1064,415,1143
56: 237,1456
57: 592
58: 801,1531,664,344,519
59: 1336,234,103
60: 558,400,1385
61: 760,994,1446,1600
62: 847
63: 1538,451,115
64: 893,1439
65: 912,564
66: 
67: 27
68: 986,242
69: 
70: 655
71: 1679,1760,407,1473,473,728
72: 1524,574
73: 49,1156,299
74: 1192
75: 327,1319
76: 583,182,99
77: 859,46,886,280,1206
78: 889,1601,1051
79: 1616
80: 1259,1427,628,1227
81: 820,1613
82: 1457,1631,965
83: 718,1635,1785,1196
84: 
85: 1061,584
86: 1169,1401
87: 390,1629,1037,260
88: 738,1099,536
89: 1388,23
90: 976,1272,1516
91: 920,953
92: 1270,203,762,314
93: 856,945,289,806
94: 31,1284,313,1737,221
95: 1075,109,1518,1788,1501
96: 1785,1794,377
97: 358,1118
98: 408,1418
99: 354,874,76,182
100: 
101: 301
102: 791,53
103: 59,1563
104: 1490,779
105: 650
106: 1437,231,213
107: 1587,1535,18,1664,339
108: 133,16,729
109: 1075,95
110: 613,1140,875,1437
111: 639,1795
112: 909,325,1047
113: 1062,1050,734,1096
114: 179,617,1726,1414
115: 63,451
116: 622
117: 630,692,409,751,1135
118: 680
119: 685,1063,4,693
120: 620,1004,853
121: 
122: 
123: 971,1598,1510
124: 1099,1236,933,1094,960
125: 985,1302,905,585
126: 1161,888
127: 1709,1308,431,147
128: 
129: 941,1597
130: 1216,903,1732
131: 1582,1728,455,999
132: 1085,918,1379
133: 536,108,384
134: 574,166,948
135: 756,190
136: 1790,1209,822,706
137: 1795
138: 955,155,181,1160
139: 142
140: 27,480,1408
141: 1519,1036,1230
142: 139
143: 799,1318,658
144: 1429,1641
145: 1603,1622,844
146: 436,1157,497,1215,636
147: 1147,127
148: 726,606,1033
149: 708,1357
150: 798,735,838,1714
151: 956,931,1000
152: 1263,239,957,1188,1234,241
153: 290,1222,1677,584
154: 547,946,1008
155: 955,138,317
156: 700,477,1265,1702,671,346
157: 810,567,598,521
158: 1217,11,1718
159: 602,1278,1633,1728,1582
160: 1662,618,595
161: 7,565,827
162: 1257,271,1789
163: 
164: 1342,39,476
165: 507
166: 1269,644,1524,948,134
167: 896,1272,1351
168: 1179,1355
169: 
170: 1429,1521,1003
171: 196,943,1081,204,811
172: 1477
173: 452,1619,1012,287,782,665
174: 
175: 1621,854,711,1498
176: 1497,253
177: 1455,1434,1045,883,818
178: 
179: 114,617,1139
180: 227,1242,0
181: 1747,622,254,138
182: 583,76,337,603,99
183: 223,1628,1136
184: 743,1620,205,1786
185: 
186: 625,1264
187: 1261
188: 1370,1484
189: 1471,1765,1042
190: 756,135
191: 1203,1185
192: 1476
193: 1547
194: 1281
195: 408,947,938
196: 171,943,1096,1310,843
197: 247,1356,300,606
198: 341,467,964
199: 1311,967
200: 1103
201: 1610,1171,1580,1340,1794
202: 214
203: 92,1270,1157,562,762,1138
204: 674,1081,171,1790
205: 620,316,1620,184,1786
206: 690,1058,1557
207: 1591,997,255,1655,1483
208: 530,963,988
209: 614
210: 581,1624,1793
211: 1339,1260,1788
212: 1259,1309,1016,1225,1223,778
213: 106,353
214: 202,1048
215: 701,757,959,1552
216: 565,1394
217: 1167,328,577,828
218: 1475,438,244,1781
219: 366,1396
220: 1226,1375,1459,412,1178
221: 1737,1183,94
222: 374
223: 1628,385,183,813
224: 1029
225: 1594,906
226: 1446,912,1498,564
227: 882,524,180,1079,1242
228: 
229: 
230: 20,1327,277,646,1791
231: 626,106
232: 580,1037
233: 1210,1708,720
234: 1212,59,1671
235: 635,607,550,1160,955
236: 432,508
237: 56,946,1338
238: 1506,525,904
239: 1263,152,811,1188,1790
240: 1385,741,1006
241: 1263,152
242: 68,548
243: 
244: 729,1614,218,1781,426
245: 1486
246: 1577
247: 197,871,1376
248: 
249: 1663,646
250: 818,922
251: 1311,967,1271
252: 537
253: 717,176,1552
254: 1160,622,181,550
255: 997,770,207
256: 
257: 799,968
258: 1353
259: 1117,1791,609
260: 667,1009,390,87
261: 1410
1765: 1433,831,1042,189
1792: 582,1550,954,1397,816,1205,1688,746
264: 1152,1681,1074
265: 642,1068,1360
266: 1241,1778,773,966,849
267: 511,807,1131
268: 23,1053
269: 10,814
270: 479,1147,372,522
271: 782,665,162
272: 1605,1604
273: 
274: 538,1312,1173,1323,444
275: 895,26,1354,1365
276: 911,1514,1416,825,913
277: 15,1562,1791,230
278: 365,670
279: 894,855,1119
280: 886,1206,77,471
281: 1448,624,1755,981,741
282: 333,788,1412
283: 1491,1723
284: 781,1545
285: 908,1225,1223,1465
286: 1123,1661,797
287: 1262,452,173,1404
288: 383,626,1639,1506
289: 34,1407,856,93
290: 153,772,1677
291: 761,1333,1541,1268,1450,38
292: 296
293: 508,969,608,1529
294: 376,683
295: 1330
296: 1389,1453,292
297: 1278,459
298: 675
299: 1626,73
300: 1224,197,606
301: 101,1299
302: 20,716
303: 848
304: 1495,574,356,1108,1488
1751: 1237,368
306: 721,1733,1328,1543
307: 850,931,955,635
308: 1133,1283,1078,1564,697
309: 433,1495,981,1174,5
310: 1006,1167,1652
311: 
312: 532,1419,1301
313: 1284,1569,1152,94,1112
314: 762,1286,92
315: 1566,323
316: 620,205,1786,1595
317: 1175,155
318: 1592,1038,359,1097,1413
1755: 1448,281,1652,741
320: 1358,1071,557,1611
321: 1005,995
322: 796,605,486
323: 1088,393,315
324: 1459
325: 1464,1047,1332,112
326: 
327: 75,1319,1784
328: 577,1654,1124,217,828,1325
329: 1680,1564
330: 
331: 413,332,629,1155
332: 331
333: 282,788,17,489,653
334: 1757,1634,950
335: 1121
336: 1513,1660
337: 182
338: 595,604,1452,618
339: 1664,1617,107,18,936
340: 1054,464,1494
341: 198,964
342: 378,1266
343: 810,567,895
344: 664,1743,1531,801,58
345: 833,1132
346: 765,156,1702,671
347: 375,1757,1566
348: 714
349: 1674,523
350: 643,615,505
351: 1140,875,1056
352: 1289
353: 925,213
354: 937,99,916
355: 1469,700,1186,1240,933
356: 574,1495,304
357: 1523
358: 97,1134
359: 1258,450,52,1038,1592,318
360: 744,1380,1369,655,1233,1794
361: 590,1637
362: 1675,1484,1676
363: 402,1683
364: 1244,1657,1253
365: 278,1527
366: 219,1714
367: 1606
368: 1568,1751,1237,1746
369: 844,1324,1622,411
370: 1190,544,9
371: 1450,38,427,885,648,813
372: 1744,522,270,479
373: 34,668
374: 222,637
375: 747,347
376: 294,1146
377: 1016,1380,1369,1794,96,1785
378: 342
379: 1002,461
380: 929,575
381: 1541,991,998,1268
382: 514,1646
383: 626,288
384: 843,1050,742,536,133
385: 998,223
386: 1255,393,975,1055
387: 641,488,1678
388: 749,475,1275,1517,1467
389: 781
390: 87,1629,833,1132,260
391: 
392: 1558,1337
393: 386,1255,323
394: 
395: 709,834,951
396: 
397: 
398: 1474,803,1083
399: 1532,1061,1574,417,1020
400: 558,60,981
401: 672,1496
402: 363,463
403: 457,1282,1586
404: 586,1590
405: 
406: 870,1162,1040,1445
407: 1473,71
408: 98,1740,195
409: 751,1479,692,117
410: 502
411: 369
412: 812,1375,220,1184
413: 331,1665
414: 1077,699,1197
415: 633,1064,580,55
416: 
417: 1514,399,1020
418: 639
419: 1235,599
420: 910,457,1031,786
421: 867,1555
422: 444,1624,1493
423: 1646,1681
424: 1172,1630
425: 1744,522,717
426: 1781,244,1614,696
427: 761,610,371,38,885
428: 914,901
429: 848
430: 555,587
431: 893,730,1709,127
432: 236,1267,984
433: 1495,309,1488,1746,5
434: 1606,1087
435: 1019,680
436: 146,1157,497,1635,1138
437: 1672,462,732
438: 218,1475,1781
439: 566,1229,1187,1565
440: 514,1101
441: 924
442: 1403
443: 1362,1141,1548
444: 422,1493,538,274
445: 992,1218,588
446: 1103,693,1307,685
447: 1072,1220
448: 1254
449: 738,765,734,742,536
450: 359,842,841,1038
451: 63,745,1659,115
452: 173,287,540
453: 1041,897,865,689
454: 702,1720,951,932
455: 1732,131
456: 737,755
457: 403,910,420
458: 1271,1276
459: 630,1415,297
460: 1509,1774,1217,11
461: 379
462: 437,1750
463: 402
464: 340
465: 1548,987,1650
466: 766,911,656
467: 198
468: 480,27
469: 1633,1489
470: 1579,941
471: 280,720,1687
472: 688,518
473: 728,1679,71,1473,1634
474: 1693,1643
475: 749,388,1275
476: 164,1342,921
477: 1469,700,156,1265
478: 1465,1785,819
479: 270,1713,372
480: 468,140,914,1408
481: 1240
482: 1503,638
483: 1663,16,1614,596
484: 1632,1647,523,1293,1353
485: 527
486: 322,605
487: 1454,846,1431
488: 387,1678
489: 653,333,952
490: 
491: 612,776
492: 1437
493: 992,663
494: 770,1438,1459
495: 
496: 662,775
497: 436,146,826,1215,718,1635
498: 928
499: 751,1762,3,1636,990
500: 720,1687,832,1011
501: 597
502: 1322,410,1696,837
503: 
504: 33
505: 1180,676,350
506: 1512,704,1686,554
507: 1145,665,1619,619,165
508: 293,969,236,1529
509: 1033
510: 610,1142,1325
511: 807,267
512: 883,1434
513: 
514: 382,440,1101
515: 1515,1077
516: 1199
517: 1195,937,821,1189
518: 961,1114,472,688
519: 664,58,988
520: 732
521: 157,598
522: 372,1744,425,270
523: 484,1647,349
524: 227,882,708,0,698
525: 1294,238
526: 1352,1468,683,1558
527: 640,485
528: 940
529: 13,1418,1322
530: 208,963,1187,566
531: 1175,9,1470
532: 739,1442,312,1043
533: 
534: 1065,1780
535: 1570,983,1793
536: 133,88,738,449,742,384
537: 1609,252
538: 274,1312,1493,444,1756
539: 954
540: 619,452,1619,1137
541: 799,645,722,1239
542: 
543: 1579,745
544: 1190,586,370
545: 1129
546: 
547: 946,154,1338,1008
548: 1670,695,242,1596
549: 1394
550: 607,235,1160,254
551: 1435,1314,1195
552: 1630,824,1735
553: 25,1089
554: 780,1512,506
555: 430,587,608,812
556: 985,697,1302,1133
557: 1795,1796,579,320
558: 400,60,1561,5
559: 763,1395,829,826,1243,1794
560: 
561: 1365,892,1244,1253
562: 568,636,1157,1270,203
563: 1277,1782,1534
564: 226,65
565: 216,161,827
566: 439,1229,1187,530
567: 157,343,895
568: 562,1700,1105,1270
569: 
570: 652,1453,1381
571: 
572: 1318,645,1656
573: 1436,1113
574: 134,356,1524,72,304
575: 1044,380
576: 1448,1502,1582,999
577: 328,1124,217,1291
578: 1684,617,1726,1139
579: 1796,616,557
580: 232,415
581: 210,939,1692,977
582: 1792,1688,746,1784
583: 76,182,1783
584: 85,1677,153
585: 1373,905,985,790,1576,125
586: 404,1744,544
587: 555,430,812,1184
588: 679,445,1130
589: 
590: 1637,1220,361
591: 
592: 1606,57,1029,1480
593: 1158,863,632,1510
594: 
595: 713,1452,618,160,338
596: 646,483,1327
597: 1024,501,867
598: 1433,157,521
599: 1235,1642,419
600: 1383
601: 1260,1279,1321,1788
602: 1502,159,1247,1278,1582
603: 1136,182
604: 1452,338
605: 322,486,1505
606: 148,197,300,1033
607: 635,235,550,1036
608: 293,812,555
609: 1791,1282,259,1117
610: 510,761,427,885
611: 1289,1612,1128
612: 491,40
613: 1571,110,1140
614: 631,209,879
615: 350
616: 1796,579,1409
617: 179,114,1726,578,1139
618: 160,595,338
619: 540,1619,507,1137
620: 316,120,205,1004
621: 1511,1567,1034
622: 116,181,254
623: 1312
624: 1448,281,1502,1371
625: 186,1030,1264
626: 383,288,1506,231
627: 1026,1796,1071
628: 1233,80,1427
629: 1155,331,1164
630: 117,459,751,1135,1415
631: 614,879,1039,634
632: 929,593
633: 1064,415,1116
634: 1368,1531,879,631
635: 607,235,307,850,1036
636: 562,1651,146,1157
637: 1150,374,1521
638: 1265,852,482
639: 111,1795,418
640: 902,527
641: 1189,387,916
642: 1068,265,1407,856
643: 350
644: 166,1269,1135,948
645: 1159,1656,572,541,722
646: 249,1327,230,596
647: 1415,1090
648: 813,371
649: 1056
650: 105
651: 982
652: 1453,570
653: 489,333,17,1183
654: 1321,1238,1554
655: 70,1092,744,360
656: 1605,466
657: 
658: 1154,143,799
659: 1411,14,884,15,1562
660: 
661: 1226,909,772
662: 496,784,1202,1433
663: 711,1313,493
664: 344,1743,519,58,1314
665: 271,782,173,1619,507
666: 1201,915
667: 260,1367,1153
668: 1197,373
669: 
670: 278
671: 960,156,346
672: 783,401,1496
673: 710,839,1273,1324
674: 204,774,1790
675: 298,995
676: 1375,505
677: 1214,1666,726
678: 1532,1061,715,1690,760
679: 1592,1218,1130,588
680: 118,435
681: 976,723
682: 
683: 526,294,1252
684: 1644,1190,750
685: 119,446
686: 1683,1361
687: 1091,1156
688: 472,518,917,1114
689: 865,453,1288
690: 206
691: 731,833,1629
692: 739,409,1479,1301,117
693: 446,119,1015
694: 1691,1133,28,1302
695: 1670,548,1575
696: 426,758
697: 556,830,1133,308
698: 524,0
699: 1077,414,791
700: 1469,477,156,355
701: 215,757,1251
702: 454,12
703: 884,1562
704: 1512,1686,506
705: 1001
706: 1584,32,136,822
707: 1346,1643,922,824
708: 149,1357,882,524
709: 1551,1745,395
710: 673,1576,1273,1373
711: 663,1208,1313,175,1498
712: 1757,1634,1566,1255
713: 595,1127
714: 348,832
715: 678,1061,760,1332
716: 20,302
717: 253,1552,425
718: 83,1635,1395,1785,497
719: 49,1789,1423
720: 500,233,471
721: 306,880,1543
722: 1400,1239,645,541
723: 681,1451
724: 979
725: 1223,950,1760
726: 148,677,1150
727: 1027,805
728: 473,71,1473,1739,759
729: 244,1614,108,16
730: 893,431,1246,1709
731: 691,1629,1037,1391
732: 437,520
733: 800,41
734: 1050,1334,765,449,113
735: 798,150,740,838,1227
736: 1150,1067
737: 755,1093,456
738: 88,449,1099,536
739: 532,692,1442,1479
740: 798,735,1227,1259,778
741: 1385,240,281,1755
742: 1050,449,536,384
743: 184,1222,1620
744: 1380,360,655,1580,1794
745: 451,543,1659
746: 1544,1205,1792,582
747: 375,1142,1396
748: 
749: 388,475,1275,834,1467
750: 1586,1444,1190,684
751: 409,499,630,117,1415
752: 1127
753: 1005
754: 864,44
755: 737,456,1787
756: 190,135
757: 795,1251,701,215,1497
758: 1658,696
759: 1739,1473,728
760: 61,678,715,1690,1464,1332
761: 1333,291,427,1654,1124,610
762: 1138,314,1286,1341,92,203
763: 1395,559,829,1340,1243,1794
764: 777
765: 346,1334,449,734
766: 466,911,1014
767: 1540
768: 
769: 
770: 1438,494,1178,255
771: 1330
772: 290,661
773: 1241,266,966
774: 1158,863,674
775: 1110,496
776: 1201,491
777: 1547,764
778: 1223,1259,1309,740,212
779: 41,104,847
780: 554,1512
781: 389,284,973
782: 271,665,1012,173
783: 672
784: 1202,1500,662
785: 1420,1649,1699
786: 1031,420,1789
787: 1442,3,1479
788: 333,282,17,1443
789: 1241,1778,1594,45,906
790: 1576,1352,585
791: 102,699,53
792: 
793: 1467,1425
794: 1224,890
795: 757,1251,945,806,1669,1497
796: 322,1504,1088
797: 1357,1661,1523,1035,286
798: 735,150,740
799: 541,143,658,257
800: 847,41,733
801: 58,1039,1531,344
802: 
803: 49,1156,398,1083
804: 
805: 727,1027
806: 93,945,795,1669
807: 511,267,1236
808: 1185,1260
809: 1496
810: 157,343
811: 1188,171,239
812: 412,608,555,587
813: 648,371,223
814: 269,1718,1169
815: 1419,1546
816: 1397,1792
817: 1377,1656
818: 922,250,177,1045,1693,883
819: 1196,1328,478
820: 1613,81,1556
821: 517
822: 982,1209,136,1584,706
823: 1607,1308
824: 1735,707,552
825: 1589,1416,276
826: 1395,559,829,1215,497
827: 7,161,565
828: 1142,1325,1396,217,328,1654
829: 763,559,826,1243,1413
830: 697
831: 1447,1765,1433,1422,1042
832: 1011,500,1687,714
833: 345,390,1629,691
834: 951,395,749,1275
835: 1441
836: 
837: 1696,502
838: 1227,735,150
839: 673,1273,1318
840: 915,898
841: 842,1038,54,450,1097
842: 841,1049,1461,450
843: 384,196,1096,1310
844: 369,1622,145
845: 881
846: 1345,1454,487,1431,1462
847: 62,800,41,779
848: 429,303
849: 1778,266
850: 307,931,635,1230,1000
851: 
852: 638,1702,1305,1044
853: 1549,120
854: 1621,175,994,1498,1446
855: 1119,279
856: 93,642,289
857: 1616,872
858: 1339,1258,52,1218
859: 77,46,886,1349
860: 1572,1121
861: 
862: 
863: 774,593,1510,51
864: 754
865: 897,453,689
866: 
867: 1069,421,47,597
868: 1549
869: 
870: 406,1761,1162
871: 247
872: 857,1616,1177,1007
873: 1417,1491,1165
874: 1229,99
875: 1140,351,110,1437
876: 983,1176,1793
877: 958
878: 1501
879: 631,614,919,634
880: 1328,1341,1286,721
881: 1372,904,845
882: 227,524,1357,708
883: 512,177,1434,818
884: 703,1411,1522,659,1562
885: 427,610,371
886: 280,859,77,1349
887: 1317
888: 126,967
889: 78,1051,1486
890: 1172,1224,794
891: 1403,1086,1267
892: 26,1116,1244,561,1365
893: 730,431,1246,1709,64
894: 279,1542
895: 275,343,567,1354
896: 167,1370
897: 1139,865,453
898: 949,840
899: 
900: 1667
901: 914,428
902: 640
903: 130,1728,1732
904: 238,881
905: 1373,585,1622,125
906: 225,789,1778
907: 
908: 285,1225,1785,1465
909: 112,661
910: 420,457,1257,1789
911: 276,913,766,466
912: 1105,1498,226,65
913: 1514,276,911
914: 480,428,901
915: 840,666
916: 937,354,1189,641
917: 1114,688,39
918: 1674,1360,132
919: 879
920: 91,953
921: 476
922: 818,250,1693,1643,707
923: 1761,1793,1323
924: 441,1083,1129
925: 353,1602
926: 1474,46
927: 1306
928: 498
929: 1420,380,632
930: 980
931: 307,850,956,151
932: 1489,1090,1720,454
933: 1094,1481,355,960,124
934: 1049,1203,1198
935: 
936: 18,339
937: 517,354,1189,916
938: 947,195
939: 1668,977,581
940: 528
941: 1560,470,129
942: 1166,1111,13
943: 196,171,1096,1062,1081
944: 1060
945: 93,1379,795,806,1669
946: 547,154,1338,237
947: 938,195,1780,1065
948: 166,644,134
949: 1563,898
950: 725,1679,1760,334
951: 834,395,454
952: 1432,1412,489
953: 920,91
954: 539,1792
955: 138,155,1160,235,307
956: 151,1175,931
957: 1303,1188,152,1234
958: 877
959: 1552,1021,215
960: 671,933,124
961: 518,1114
962: 1784,1762
963: 1151,1187,530,208
964: 341,198
965: 1120,1631,82
966: 266,773
967: 1311,251,888,199
968: 1280,1239,257
969: 508,293
970: 
971: 123,1040,1510
972: 1342,1680
973: 781
974: 1721,1508,1617
975: 1692,1624,386,1055
976: 90,1272,681
977: 1692,1739,939,581
978: 
979: 724
980: 1786,930
981: 1174,309,281,400
982: 1209,651,822
983: 876,1793,535
984: 1086,432,1267
985: 556,1302,125,585
986: 68,1401,19
987: 1650,1548,465
988: 519,208
989: 
990: 1525,499
991: 1118,381,998
992: 445,493
993: 1084
994: 1621,854,1446,61
995: 321,675
996: 
997: 255,207
998: 1268,385,381,991
999: 1191,131,1582,576
1000: 1230,850,151
1001: 705,1166
1002: 1554,379,1501
1003: 1082,1641,170
1004: 1014,620,120
1005: 321,753
1006: 310,1652,240
1007: 1177,872
1008: 1204,547,154
1009: 1596,1132,260
1010: 1248,1694
1011: 832,500
1012: 782,173
1013: 
1014: 766,1004
1015: 1307,693
1016: 377,1225,1427,1309,212
1017: 
1018: 29
1019: 435,1285
1020: 417,1514,399
1021: 959,1552
1022: 1602
1023: 1780,1168
1024: 597
1025: 1182
1026: 627,1796
1027: 727,805,1608
1028: 1047
1029: 224,592,1480
1030: 625,1264
1031: 1644,420,786
1032: 1573
1033: 148,606,509
1034: 1276,621,1511
1035: 1523,1661,797
1036: 141,1519,635,607,1230
1037: 87,1629,731,232
1038: 841,359,450,1097,1413,318
1039: 631,801
1040: 1445,406,971
1041: 453
1042: 1422,831,1765,189
1043: 1477,532
1044: 1305,575,852
1045: 1693,1297,177,818
1046: 
1047: 1464,325,1028,112
1048: 1617,214
1049: 934,842
1050: 734,742,113,384
1051: 1435,78,889
1052: 
1053: 1074,268
1054: 1359,340,1494
1055: 1493,386,975
1056: 351,649
1057: 1227,1440
1058: 206,1557,1647
1794: 201,1580,1340,1243,744,1380,360,763,1395,559,377,96,1785
1060: 1657,944
1061: 1532,678,399,715,85
1062: 113,1699,1081,943,1096
1063: 119,4
1064: 633,415,55,1143
1065: 1642,534,1780,947
1066: 1315
1067: 736,1429
1068: 642,265,1348
1069: 867,47,1477
1070: 1277
1071: 1358,320,627
1072: 1083,447
1073: 
1074: 1053,264
1075: 109,95,1518,1788
1076: 1627
1077: 414,699,515
1078: 1283,308
1079: 1242,227
1080: 
1081: 1378,1699,1062,171,943,204
1082: 1003,1641
1083: 1072,803,398,924
1084: 37,993
1085: 132,1379,1251
1086: 891,984,1267
1087: 434
1088: 323,796
1089: 553
1090: 932,1720,647
1091: 687
1092: 655
1093: 737,1456
1094: 933,1481,1131,1236,124
1095: 1168,1330
1096: 196,943,1062,113,843
1097: 1413,841,1038,1610,318
1098: 1618,1237,1256
1099: 1236,124,88,738
1100: 
1101: 440,514
1102: 
1103: 446,200,1307
1104: 1164
1105: 912,1498,1208,568,1700
1106: 
1107: 
1108: 1149,1488,304
1109: 1530
1110: 1316,1584,775
1111: 942,1166,1207,13
1112: 313
1113: 573
1114: 917,961,518,688
1115: 
1116: 1244,633,892
1117: 259,1363,609
1118: 991,97,1151
1119: 855,279
1120: 1253,965
1121: 335,1572,860
1122: 
1123: 286,1661
1124: 328,577,1654,1291,761,1333
1125: 
1126: 1305,1334
1127: 713,752
1128: 1612,611
1129: 545,924
1130: 1215,679,588
1131: 1615,1094,1481,267
1132: 345,1009,390
1133: 308,556,697,1302,694
1134: 1585,358
1135: 630,117,644
1136: 183,603
1137: 619,540
1138: 762,436,1157,1341,203
1139: 897,179,617,578
1140: 351,875,613,110
1141: 1362,443
1142: 828,1325,1396,747,510
1143: 1182,55,1064,1478
1144: 1298
1145: 507,1296
1146: 1207,376
1147: 147,270
1148: 1505,1769,1504
1149: 1108,1358
1150: 736,637,726
1151: 963,1118,1187
1152: 264,1569,313
1153: 667
1154: 658,1517
1155: 629,331
1156: 73,49,803,687
1157: 436,146,562,636,1138,203
1158: 774,593,1420,1378
1159: 1361,645,1656
1160: 254,955,138,235,550
1161: 126
1162: 1445,1228,870,406
1163: 
1164: 1104,629
1165: 1491,873
1166: 942,1001,1207,1111
1167: 217,310
1168: 1095,1023,1780
1169: 86,814,1718
1170: 
1171: 1610,201,54
1172: 424,890,1356,1224
1173: 274,1312,1323,1761
1174: 981,1371,1495,309
1175: 317,9,531,956
1176: 1326,876,1793
1177: 1007,1616,872
1178: 220,1459,770
1179: 168
1180: 505,1529
1181: 
1182: 1143,1025,1478
1183: 221,653,1274
1184: 412,587
1185: 808,191,1279
1186: 1240,1469,355
1187: 1151,963,530,566,439
1188: 811,957,239,152,1234
1189: 641,517,937,916
1190: 544,1444,750,370,684
1191: 999,1714
1192: 74
1193: 1781,1262
1194: 1540,25
1195: 517,551,1435
1196: 1328,1341,819,1785,83
1197: 668,414,1515
1198: 1203,1361,934
1199: 516
1200: 
1201: 776,666
1202: 784,662,1433
1203: 1198,191,934
1204: 1008
1205: 1397,1792,1249,746
1206: 280,77
1207: 1166,1111,1146
1208: 711,1313,1700,1105,1498
1209: 982,822,136,1790
1210: 233
1211: 
1212: 234
1213: 1645,1250
1214: 1666,677
1215: 1130,826,146,497
1216: 130,12,1440
1217: 158,11,460
1218: 445,1258,858,1592,679
1219: 
1220: 590,1637,447
1221: 
1222: 153,1620,743
1223: 778,725,285,212
1224: 794,300,1172,890,1356
1225: 1016,1309,285,212,908
1226: 661,220,1375,1459
1227: 838,1057,80,735,740
1228: 1298,1162,1445
1229: 566,439,1565,874
1230: 1000,850,141,1036
1231: 1513,1382
1232: 
1233: 628,360,1369,1427
1234: 22,957,1188,152
1235: 599,419,1683
1236: 1099,124,1094,807
1237: 1751,368,1098
1238: 654
1239: 1400,722,541,968,1280
1240: 1186,481,355,1481,36
1241: 789,1778,266,773,45,1451
1242: 1079,227,180
1243: 1413,1610,1340,1794,763,559,829
1244: 1116,364,892,561,1253
1245: 
1246: 893,730,14
1247: 602,1441,1278
1248: 1694,1010
1249: 1542,1205
1250: 1213
1251: 757,1379,795,1085,701
1252: 1558,683
1253: 1120,1244,364,561
1254: 448
1255: 386,712,393
1256: 1618,1098
1257: 162,910,1789
1258: 359,52,858,1592,1218
1259: 80,1309,740,778,212
1260: 601,808,1788,211
1261: 187
1262: 1658,287,1193,1404
1263: 239,152,1790,241
1264: 625,186,1030
1265: 638,1702,477,156
1266: 342
1267: 432,891,1403,1086,984
1268: 998,1541,381,291,1450
1269: 166,644
1270: 92,203,562,568
1271: 458,251
1272: 976,90,167,1351
1273: 710,673,839
1274: 1183
1275: 749,388,475,834
1276: 1034,458,1511,1796
1277: 563,1070,1782
1278: 297,1633,159,602,1247
1279: 1185,601
1280: 968,1461,1400,1239
1281: 194
1282: 1791,609,403
1283: 308,1078
1284: 1569,313,31,94
1285: 1019
1286: 762,314,1341,880
1793: 1176,210,876,983,535,923
1288: 689,1666
1289: 352,611
1290: 1740,1780
1291: 1585,577,1124,1333
1292: 1684
1293: 1360,1353,484,1674
1294: 525
1295: 
1296: 1145
1297: 1045,1693
1298: 1144,1228,10
1299: 301
1300: 
1301: 312,692,1419
1302: 985,556,1133,694,125
1303: 957,1475
1304: 1559,1320,1537
1305: 1126,1044,852,1334
1306: 927
1307: 1103,446,1015
1308: 127,1607,823
1309: 1259,1427,1016,1225,778,212
1310: 196,843,1475
1311: 967,251,199,1577
1312: 538,274,1173,623
1313: 663,711,1208
1314: 664,551
1315: 1066
1316: 1110,1623,1584
1317: 50,887
1318: 572,839,143
1319: 327,75,28
1320: 1559,1304
1321: 654,1554,601,1788
1322: 502,529
1323: 274,1173,923,1761
1324: 1373,1622,673,369
1325: 1142,828,328,1654,510
1326: 1668,1176
1327: 20,230,646,596
1328: 1196,1341,819,306,880
1329: 1392
1330: 771,1095,295
1331: 
1332: 1464,325,760,715
1333: 761,291,1291,1124,1541
1334: 765,1305,1126,734
1335: 1436
1336: 59
1337: 1468,392
1338: 547,946,1787,237
1339: 858,211,1788,52
1340: 1610,201,1580,1243,1794,763
1341: 1196,1328,762,1138,1286,880
1342: 164,39,476,1392,972
1343: 
1344: 
1345: 846,35
1346: 1643,707
1347: 
1348: 1782,1068
1349: 859,886
1350: 1472,1783
1351: 1594,1272,167
1352: 526,1468,790
1353: 1293,484,1632,258
1354: 895,275
1355: 1399,168
1356: 197,1172,1224
1357: 797,882,149,708
1358: 320,1071,1149
1359: 1054,1689,1528
1360: 1293,1674,918,265
1361: 1159,686,1198
1362: 443,1141,1548
1363: 1713,1439,1117,1444
1364: 
1365: 561,275,892,26
1366: 1627
1367: 667,1596
1368: 634,1593
1369: 1380,360,1233,1427,377
1370: 188,896
1371: 1174,624
1372: 881
1373: 1324,905,585,1622,1576,710
1374: 
1375: 676,220,1226,412
1376: 247
1377: 817,1656
1378: 1649,1699,1081,1420,1158
1379: 1251,132,1085,945
1380: 744,360,1369,1794,377
1381: 652,570
1382: 1231,1513
1383: 1685,600
1384: 
1385: 741,240,60
1386: 1560
1387: 
1388: 89,23
1389: 296,1645
1390: 1447,1686
1391: 731
1392: 1329,1342,39
1393: 1533
1394: 216,549
1395: 763,559,826,1794,718
1396: 1142,828,219,747
1397: 816,1205,1792
1398: 1723,1557
1399: 1355
1400: 722,1239,1280,1461
1401: 986,86,19
1402: 2
1403: 891,442,1267
1404: 287,1262
1405: 30
1406: 
1407: 642,34,289
1408: 480,140
1409: 616
1410: 261
1411: 1522,659,14,884,15
1412: 952,282
1413: 1243,1097,1038,1610,318,829
1414: 114,1726
1415: 647,751,630,459
1416: 48,1589,825,276
1417: 873
1418: 529,98
1419: 815,312,1301
1420: 929,785,1649,1378,1158
1421: 1595,1675,1786
1422: 1042,1447,831,1686
1423: 1789,719
1424: 
1425: 793
1426: 
1427: 80,1309,628,1233,1369,1016
1428: 1535
1429: 170,1521,1067,144
1430: 1508,1673
1431: 1462,487,846
1432: 952,1621
1433: 598,1765,1202,662,831
1434: 1455,177,883,512
1435: 551,1195,1051
1436: 573,1335
1437: 106,110,875,492
1438: 770,494,1516
1439: 64,1363
1440: 1216,1057
1441: 835,1247
1442: 787,739,532
1443: 17,788
1444: 1586,750,1363,1190
1445: 1162,1040,1228,406,10
1446: 226,1600,994,854,61
1447: 831,1390,1686,1422
1448: 576,281,624,1755,1502,1652
1449: 1556
1450: 371,38,291,1268
1451: 723,45,1241
1452: 604,595,338
1453: 652,570,296
1454: 1492,487,846
1455: 177,1434,1774
1456: 1550,1093,56
1457: 82,1545
1458: 
1459: 324,220,1226,1178,494
1460: 
1461: 1280,54,1400,842
1462: 1431,846
1463: 
1464: 325,1047,1332,1600,760
1465: 478,1785,285,908
1466: 
1467: 793,749,388
1468: 526,1352,1558,1337
1469: 700,477,355,1769,1186
1470: 1528,531,1689
1471: 189
1472: 1350,1783
1473: 407,71,473,728,759
1474: 398,926
1475: 218,438,1310,1303
1476: 192,1482
1477: 172,1069,1043
1478: 1143,1182
1479: 409,787,3,739,692
1480: 592,1029
1481: 933,1094,36,1240,1131
1482: 1476
1483: 1655,1591,207,1509
1484: 1676,362,188,2
1485: 
1486: 245,889
1487: 1599
1488: 1108,433,304
1489: 932,469
1490: 104
1491: 1165,283,873
1492: 1454
1493: 1055,422,444,1756,538
1494: 340,1054
1495: 433,304,309,356,1174
1496: 8,809,672,401
1497: 1669,176,757,795
1498: 1105,912,711,1208,175,854,226
1499: 
1500: 1653,784
1501: 878,1002,1518,1788,95
1502: 602,1582,1448,576,624
1503: 482
1504: 796,1148,1505
1505: 1148,1769,605,1504
1506: 238,626,288
1507: 1672
1508: 1430,974,1721
1509: 460,1774,1483
1510: 971,123,863,593
1511: 621,1034,1276,1796
1512: 704,506,780,554
1513: 1231,1382,336
1514: 417,1020,913,276
1515: 515,1197
1516: 1438,90
1517: 1154,388
1518: 1788,1501,1075,95
1519: 141,1036,1609
1520: 1769
1521: 1429,170,637
1522: 1411,1783,884
1523: 1035,357,797
1524: 166,1581,72,574
1525: 990,1730
1526: 43
1527: 365
1528: 1470,1689,1359
1529: 1180,508,293
1530: 1109
1531: 634,801,58,344
1532: 678,1061,399,1690,1574
1533: 1393
1534: 563
1535: 107,1428
1536: 
1537: 1559,1304
1538: 63
1539: 
1540: 1194,767
1541: 381,1333,291,1268
1542: 1249,894
1543: 1668,306,721,1733
1544: 746,1784
1545: 1457,284
1546: 815,1567
1547: 777,193
1548: 1362,443,987,465
1549: 853,868
1550: 1456,1792
1551: 709,1745
1552: 959,1021,215,717,253
1553: 
1554: 1002,654,1321,1788
1555: 1567,421
1556: 1449,820
1557: 1723,206,1398,1058,1632
1558: 1252,392,526,1468
1559: 1304,1320,1537
1560: 941,1386
1561: 5,1568,558
1562: 659,884,703,15,277
1563: 103,949
1564: 1680,329,308
1565: 1628,439,1229
1566: 315,347,712,1757
1567: 1555,1546,621
1568: 368,1561,1746
1569: 1284,313,1152
1570: 535
1571: 613
1572: 1121,860
1573: 1032
1574: 1532,399,1690
1575: 1790,695
1576: 790,1373,585,710
1577: 246,1311
1578: 1604
1579: 470,543
1580: 201,1340,744,1794
1581: 1524
1582: 131,1502,159,602,576,999
1583: 1625
1584: 706,822,1110,1316
1585: 1291,1134
1586: 1444,750,403
1587: 107,1664
1588: 
1589: 48,1416,825
1590: 404
1591: 207,1483
1592: 318,679,359,1258,1218
1593: 1368,1743
1594: 225,45,1351,789
1595: 1421,1675,316,1685,1786
1596: 1009,548,1367
1597: 129
1598: 123
1599: 1487,42
1600: 1446,61,1464
1601: 78
1602: 925,1022
1603: 145,1745
1604: 1578,272
1605: 272,656
1606: 592,367,434
1607: 1678,823,1308
1608: 1027
1609: 43,537,1519
1610: 201,1171,1340,54,1243,1097,1413
1611: 1795,320
1612: 1128,611
1613: 820,81
1614: 244,729,16,483,426
1615: 1131,36
1616: 857,79,872,1177
1617: 1664,339,1048,974
1618: 8,1098,1256
1619: 173,665,507,619,540
1620: 1222,205,743,184
1621: 175,994,854,1432
1622: 1373,1324,905,145,369,844
1623: 1316
1624: 1692,975,210,422
1625: 1583
1626: 1,299
1627: 1366,1076
1628: 223,1565,183
1629: 390,87,1037,833,691,731
1630: 552,1735,424
1631: 965,82
1632: 484,1557,1353
1633: 469,1728,1278,159
1634: 712,334,1757,473
1635: 83,718,436,497
1636: 1762,499
1637: 590,1220,361
1638: 
1639: 288
1640: 
1641: 1003,1082,144
1642: 1065,599
1643: 1346,707,474,922
1644: 1031,684
1645: 1213,1389
1646: 423,382
1647: 484,1058,523
1648: 1697
1649: 1378,1699,785,1420
1650: 987,465
1651: 1700,636
1652: 1448,1755,310,1006
1653: 1500
1654: 328,1124,828,1325,761
1655: 1483,207
1656: 1159,645,1377,817,572
1657: 364,1060
1658: 758,1262,1781
1659: 451,745
1660: 336
1661: 1035,286,1123,797
1662: 160
1663: 16,483,249
1664: 1617,339,1587,107
1665: 413
1666: 1214,677,1288
1667: 900
1668: 939,1543,1326
1669: 1497,945,795,806
1670: 695,548,51
1671: 234
1672: 437,1507
1673: 1430
1674: 918,349,1360,1293
1675: 1595,1421,362,1685
1676: 1484,362,2
1677: 584,153,290
1678: 1607,488,387
1679: 1760,71,950,473
1680: 329,972,1564
1681: 264,423
1682: 
1683: 1235,363,686
1684: 578,1292
1685: 1383,1595,1675
1686: 704,506,1390,1447,1422
1687: 500,471,832
1688: 1792,582,1784
1689: 1528,1470,1359
1690: 1532,678,1574,760
1691: 694,28
1692: 1624,975,977,1739,581
1693: 1045,1297,474,818,922
1694: 1248,1010
1695: 50
1696: 502,837
1697: 1648
1698: 
1699: 1649,1378,1081,785,1062
1700: 568,1651,1208,1105
1787: 755,1338
1702: 1265,852,156,346
1780: 1023,1290,1168,947,1065,534
1785: 96,1794,377,83,718,908,478,1465,1196
1791: 1282,609,15,277,259,20,230
1706: 
1762: 3,962,1636,499
1708: 233
1709: 127,893,730,431
1757: 712,334,1634,347,1566
1784: 962,582,1688,24,1544,327
1760: 1679,71,725,950
1713: 479,1363
1714: 1191,150,366
1761: 923,1173,1323,870
1778: 1241,789,266,906,849
1795: 557,1611,111,639,137
1718: 814,158,11,1169
1756: 1493,538
1720: 1730,932,1090,454
1721: 974,1508
1769: 1148,1505,1520,1469
1723: 1557,1398,283
1790: 136,1575,204,674,1263,239,1209
1781: 426,244,218,438,1193,1658
1726: 114,617,1414,578
1789: 1423,910,162,1257,786,719
1728: 1633,903,159,131
1750: 462
1730: 1720,1525
1796: 616,579,1276,1511,627,1026,557
1732: 455,130,903
1733: 306,1543
1788: 1518,1321,1554,601,1260,1501,1339,211,1075,95
1735: 824,552,1630
1774: 1509,460,1455
1737: 221,31,17,94
1783: 583,1472,1350,1522
1739: 759,728,1692,977
1740: 408,1290
1786: 316,205,184,1595,1421,980
1782: 1277,563,1348
1743: 664,344,1593
1744: 372,425,522,586
1745: 1551,709,1603
1746: 5,433,368,1568
1747: 181