0: 1079,282
1: 165,361
2: 1402,753,864
3: 1636,962,746
4: 693,1630,1219
5: 400,358,1654,991,1291
6: 1288,907,18,1317
7: 516
8: 111,1039
9: 181,1590,850
10: 1162,535,269
11: 220,200
12: 166
13: 1361,526
14: 1783,15,1411
15: 127,14,1411
16: 162,696,1663
17: 1284,825
18: 202,907,6
19: 695,260,1153,1307,833
20: 716,1791
21: 1207,688
22: 674,196,1781
23: 1523,333,1569
24: 1792,755
25: 365,752
26: 1116,775,1367
27: 1003,140
28: 709,476,1680,327
29: 1213
30: 176,414
31: 399,825,417,94
32: 1116,775,1790,1234
33: 
34: 373
35: 1185,211
36: 1131,354,583,1472
37: 
38: 1148,1469,1503,998
39: 164,1576,329,1342
40: 1232
41: 
42: 138,43,1343,102
43: 1487,42,138
44: 
45: 332,453
46: 720,1349,280,1011
47: 1456,1550,139
48: 1589
49: 165,361,1789,1296
50: 169,1466
51: 923,814,380
52: 826,636
53: 
54: 1592,1279,1049,1400,679
55: 1244,415,1391,1120
56: 855,737,456
57: 549,500,1638
58: 1486,918,1051
59: 1212,594,732,128,437
60: 1585,219,1502,1124
61: 1446,112
62: 
63: 
64: 488,132,127
65: 721,1286,891
66: 618,1170,1587
67: 
68: 691
69: 1599
70: 1683,934,968,844,1340
71: 1309,1142
72: 304,1419,627,1746
73: 
74: 
75: 1564,1544,1784,1319
76: 267,874,1131
77: 1606,224,1083
78: 631,519
79: 100,1180,1177,1793,983
80: 1057,903,388
81: 1417
82: 335,895,567,284
83: 497,436,1794,1785
84: 1223,798,1785,436,285
85: 184,1222,928
86: 380
87: 1009,1153,1037
88: 765,1081
89: 
90: 1459,324,1004
91: 1660
92: 912,314
93: 1744,1515
94: 715,221,31
95: 211,841,227,601
96: 131,366,1714,1227
97: 530,991,439
98: 1392,1254
99: 1565,659,884,511,758
100: 79,1326,1180,1793
101: 333
102: 42,1343
103: 462
104: 189,1513,168
105: 337,730,758,1481,511
106: 110,213
107: 1428,675
108: 734,641
109: 1183,711
110: 1639,626,106
111: 8,1256,418
112: 1464,1226,61,1446
113: 124,384,729,1050,536
114: 1241,890
115: 1538
116: 795,635
117: 1728,369,469,130
118: 560,699,1534,1070
119: 232,833,1629
120: 1786,316,661
121: 1613
122: 1584,822,1316,706,496,157
123: 477,1303,785,593
124: 113,738,960,384,1050
125: 1489,1302,830,905
126: 1671
127: 15,64,1439,132
128: 732,1336,59
129: 279,142,1119,993
130: 1278,749,469,117
131: 96,366,1582,735
132: 1439,64,1211,127
133: 277,182
134: 356,459,1174
135: 1230
136: 957,1209,1790
137: 634,649,1496,1058
138: 42,680,1487,43
139: 47
140: 899,27
141: 1713,1470,1156
142: 1386,1119,312,251,129
143: 710,839,392,1337
144: 1214,1109
145: 1373,1337,673
146: 359,1635
147: 1743,642
148: 169,689
149: 301,882
150: 407,725,1785
151: 370,1586,299,420
152: 239,438,1475,1209
153: 1600,853
154: 946,1597,1550
155: 1359,235
156: 1520,1769,486,575,482
157: 496,521,122,1316
158: 1007,1144
159: 455,1191,1755,828
160: 
161: 920
162: 16,696,1257,302
163: 660
164: 39,1078
165: 361,1,49,1296,441
166: 1448,469,12
167: 1272,976
168: 104,189
169: 689,50,148,887
170: 1033
171: 863,1670,1649,982
172: 787,1249
173: 1193,1012,780
174: 339,1617
175: 1313,1215,1270
176: 30,622,414,1070,699
177: 220,770,1594
178: 1466,689
179: 1139,1346
180: 797,748,461
181: 9,1747,550
182: 742,1099,133,1663
183: 371,1450,605,1187
184: 85,928,278,440
185: 
186: 1417,964
187: 
188: 789,1451,474
189: 104,168
190: 1458
191: 1413,1610,1203,841
192: 1022
193: 
194: 1281,1579,547
195: 465,861,1290,1548,1315,846
196: 22,674,1263,438
197: 1063,1224
198: 
199: 1456
200: 1015,11
201: 1720,655,1340
202: 18,907
203: 562,663,559
204: 406,870,1044
1782: 1277,925,1557,1353
206: 875
207: 430,818
208: 813,381,1151
209: 484,649,523
210: 1692,1255,1634,712,1543,1055,1040
211: 841,95,35,227
212: 1465,1092,799,1395,1794
213: 845,106
214: 974,1664,1547,1617
215: 425,757,806,1497
216: 506,827
217: 740,577,1652,1167
218: 1500,1627,1200,1447,241
219: 60,1585,291,393
220: 11,177,1591
221: 264,1112,417,94
222: 914
223: 605,1385,1628,1229
224: 803,77
225: 362
226: 1621,1498,1130,1047
227: 1339,1075,1788,211,95
228: 667,509
229: 
230: 696,1663,249,426
231: 996
232: 119,1219,1401,1510,833
233: 1042,784,565
234: 1563,1100
235: 155
236: 325,1184,555
237: 470,1008,946,1597
238: 1476,1372
239: 152,1475,1209,1790
240: 433,761,400,1654
241: 810,598,1572,1500,218
242: 548,1420,774,1575
243: 1579
244: 742
245: 1486,690,1085,945,642
246: 1071
247: 
248: 342
249: 1658,483,426,230
250: 266,1455,707
251: 745,1386,142,1659
252: 515
253: 270,750
254: 1077,1285,537
255: 1438,1774
256: 
257: 702,722,951,1154,1239
258: 873,979,1165
259: 650,1791,1363,609
260: 19,695,986,1598
261: 
1765: 1231,1545,1042,1121
1792: 24,1304,1397,539,1069
264: 1112,221
265: 856,373,1251,889
266: 446,685,250,707
267: 76,874
268: 970
269: 1228,814,10
270: 1282,253,750
271: 1423,299,1789
272: 1549,1662,498
273: 1530
274: 473,422,575
275: 651,1316,633
276: 1250,514
277: 133,1094,1522
278: 928,620,440,184,1604
279: 129,1119
280: 1011,803,46
281: 948,1488,1174
282: 653,0,1501
283: 383,613,492
284: 1382,82
285: 908,436,1223,84
286: 
287: 780,457,1106
288: 1294,520,1672
289: 757,806,1211,1439,1552,372
290: 1600,772
291: 1585,219,1134,740,393
292: 1540
293: 412,432,1438,508,997,1735
294: 1078
295: 1330,1462,1168,1065
296: 652
297: 644,627
298: 1721,764,1673
299: 1586,151,420,271
300: 794,1224
301: 149,882,708
302: 452,162,696,1257
303: 
304: 72,1419,1746,815
1751: 664,614,320
306: 908,1223
307: 769,464,1474
308: 1304,1784
309: 558,1291,1124,385
310: 1325,1006,828
311: 686,1235,463,1377,645
312: 1119,1386,142
313: 1284,678
314: 1529,568,350,92
315: 1505,386,1088
316: 600,661,120,743
317: 404,522,1590,1713
318: 679,1258
1755: 159,602,835,1441
320: 574,614,1751
321: 864,1163
322: 393,1757,740
323: 747,1505,1624,1739
324: 90,1459,661,1004
325: 236,508,1184,432,969
326: 
327: 985,1680,28,1784,683
328: 1450,1268
329: 1342,39
330: 873
331: 864
332: 45,1414
333: 1569,1681,23,101
334: 1227,1016,510,1167
335: 1354,895,567,82
336: 428,480,1460
337: 105,758,933,884
338: 604,1170,1587
339: 174,1617
340: 
341: 467,495,979,1264
342: 248
343: 598,496,1231,1545
344: 783,1058,1098,523,519
345: 731,1629,1037
346: 593,843,1378
347: 1504,1566,538
348: 545
349: 1051
350: 1529,568,314
351: 1571,503
352: 
353: 1030,1625
354: 583,1472,36
355: 998,603,481
356: 459,1746,134,1488,1174
357: 
358: 400,5,801
359: 146,1258
360: 932,1440,722,475,1425
361: 165,1,49
362: 225,600,743,1675
363: 1554,1642,1238,654,808
364: 589,973,736,1067
365: 25,752,1127
366: 96,131,1714,735
367: 1399,714,1480
368: 809,1237,1706,664
369: 117,1728,793
370: 586,1470,1586,151
371: 183,1450
372: 544,289,1552
373: 856,265,34
374: 
375: 1624
376: 697,1576,1146
377: 1243,1720,1092
378: 1010,1694
379: 1002
380: 86,51,406
381: 530,813,208
382: 1053,698
383: 283,492
384: 729,1050,113,124
385: 1268,558,309,1541,1385
386: 1088,315,1756
387: 1647,916
388: 903,1582,80,1057
389: 468
390: 651
391: 862
392: 645,448,938,1337,143
393: 1757,322,219,291
394: 539
395: 1133,1603
396: 949
397: 
398: 924
399: 31,825,417,1284
400: 5,358,981,240,1654
401: 963,439
402: 808,1185
403: 1190,750,479
404: 522,317
405: 
406: 204,870,380
407: 150,778,1785
408: 465,1548,599
409: 1269
410: 1290,1548
411: 1558,1352,830,1302,790
412: 432,293,1438,812,615
413: 453,1155
414: 30,176
415: 55,667
416: 1118,988,517,1314,821
417: 221,31,399
418: 557,1571,1256,111
419: 1238
420: 1423,531,299,151
421: 501,1269
422: 274,1055,1692
423: 1347
424: 1033,922
425: 1515,215,856,889
426: 1658,249,230,696
427: 738,960,1520,638,1334
428: 336
429: 
430: 207,1272,1594
431: 823,1783,1189
432: 412,293,325,508
433: 1371,240,999,761
434: 1083,958
435: 1125,795
436: 83,497,1785,84,285
437: 59,732
438: 152,1209,1062,196
439: 97,401
440: 928,278,184
441: 1296,165
442: 1616
443: 1141
444: 1692,1040
445: 493,1260,1651
446: 685,1434,1015,266
447: 
448: 645,392,938
449: 1126,811,1263,843,1096
450: 1656,1038,1279,1413
451: 1546
452: 302,1257
453: 45,413,1665
454: 990,749,1633,1517,1730,1467
455: 159,1191,1448,576
456: 1205,56
457: 1404,1106,1193,287
458: 1034,1410,1271,597
459: 356,1746,621,134
460: 608
461: 1095,487,1539,180
462: 103
463: 1254,1377,311
464: 1091,931,307,1474
465: 195,861,1548,408,1780
466: 1604,498
467: 341,495,979,1165
468: 389
469: 130,166,117
470: 237,1560
471: 827,1512
472: 611
473: 274,1055,1312,712
474: 188,789,849
475: 658,1154,360,722,628
476: 1680,1576,28
477: 1303,123,1265,785,623
478: 1580,1369
479: 750,403
480: 336,1460
481: 638,1769,1503,355,998
482: 700,1702,852,575,1520,156
483: 1658,249,1781
484: 209,649
485: 902
486: 1469,1503,1756,1769,156
487: 461
488: 1783,64
489: 1215,1700,711
490: 
491: 1533,1671,898
492: 383,283
493: 858,445,1339,788,992
494: 1178,643,1620,930
495: 467,341
496: 521,157,122,706,598,343
497: 83,436,1785
498: 466,272,1662
499: 1603,1551,1525,1691,1762
500: 1638,1029,549,57,832
501: 421,1567
502: 
503: 915,351
504: 1213,570
505: 812
506: 216,1422,565
507: 684,1789
508: 325,432,293,969,997
509: 228
510: 1167,1016,334
511: 1481,99,105,758
512: 1228,1598,986
513: 
514: 1536,1646,1250,276
515: 252,680
516: 7,1179
517: 1195,1593,416,1118,988,1531
518: 1329,1207
519: 344,1098,78
520: 768,1750,288
521: 496,157
522: 404,317,1713,586
523: 631,344,1058,209
524: 1079,1443
525: 1506,996
526: 1361,13,1468
527: 1436,1463,1612
528: 1608
529: 942
530: 991,97,558,381
531: 1423,420,1031,769
532: 1249,739
533: 1516,976
534: 805
535: 876,10
536: 596,113,729,807
537: 1036,254
538: 796,1312,1566,1493,1504,347
539: 1304,1792,394
540: 1708,1137,704
541: 790,905,556
542: 
543: 941
544: 372
545: 1206,1687,348
546: 1521
547: 1579,194
548: 242,1420,774,1009
549: 859,1206,57,500
550: 181,1747
551: 1743,701
552: 1666
553: 1089
554: 782,831
555: 983,1177,236
556: 541,905
557: 418,1393,1571
558: 309,530,385,1541
559: 203,562,1105
560: 699,118,1534,622,791
561: 1365,1354
562: 203,1270,559,912,1105
563: 1165,1348
564: 1014,584
565: 1422,784,233,506,1433
566: 937,821
567: 335,82
568: 314,350,1028
569: 
570: 1213,504
571: 1322,917,1553
572: 1280,1622
573: 1436
574: 1495,320,948
575: 274,156,482,852
576: 1448,1728,455,1191
577: 740,217,1652,1134
578: 865
579: 840,1071,1796
580: 1376,1182,1391
581: 1255,1793
1739: 1624,1760,1473,323
583: 1151,354,36
584: 1621,564
585: 1111,1352
586: 370,1470,522,1713
587: 608,1483
588: 1218,826,1700,1651
589: 364,973,1408,944
590: 1474,1091
591: 
592: 
593: 346,1649,1303,123,1044,863
594: 59
595: 1676,1127,868
596: 943,536,729,1126
597: 1276,1271,458,1796,1149
598: 706,810,1572,241,343,496
599: 817,1377,408,1254
600: 316,661,1004,743,1675,362
601: 95,1339,1260
602: 1247,1755
603: 355,998,1136
604: 618,1170,338
605: 223,1385,1268,1450,183
606: 794,890
607: 1669
608: 1483,587,460
609: 1363,259,1282
610: 1757,885
611: 472
612: 996
613: 283,1639,639
614: 1237,320,1751,664
615: 812,412
616: 1796,1149,1524
617: 
618: 604,1170,868,66
619: 1262,1653,1614
620: 928,278,1604,1786
621: 644,627,1090,459
622: 176,560,699,791
623: 785,1081,1305,1699,1265,477
624: 1259,903
625: 
626: 110
627: 621,297,72
628: 1233,658,475,1057
629: 1292,865
630: 
631: 78,523
632: 1158,1445,870
633: 651,275
634: 137,649
635: 1285,116
636: 663,52
637: 914
638: 1520,1769,481,427
639: 1639,613
640: 902,921,1559,1688
641: 659,884,648,108,734
642: 945,245,147
643: 1226,1620,930,494
644: 621,297
645: 392,448,311,1235,710
646: 1562,1327
647: 1479,1301,1135
648: 1240,641,659,734
649: 634,137,484,209
650: 1117,259,1481
651: 633,390,275
652: 296
653: 1518,282,1501
654: 808,363,1238
655: 201,1154,1239
656: 1588,1589
657: 
658: 1154,475,628
659: 641,884,648,1240,1565,99
660: 851,163
661: 316,600,120,853,1459,324
662: 1366,822,1200,810
663: 636,203
664: 1751,1237,614,368,809
665: 1137
666: 1409,1393,1524
667: 228,415
668: 1405
669: 
670: 1595,1005
671: 960
672: 1098,1568,1561
673: 1198,145,1373,839
674: 22,196,1263
675: 1430,1428,107
676: 1028
677: 1466,1684,1317,1104
678: 854,313
679: 1400,1461,54,318
680: 138,515
681: 754,1351,1402
682: 1626
683: 1784,327
684: 507,1327,1789
685: 446,1434,266,1169
686: 311,1235
687: 1519,1626,1091
688: 1322,21
689: 169,148,178
690: 918,1601,1085,245,1486
691: 68,1401,1103
692: 867,1108
693: 4,922,1219
694: 709,1283
695: 19,260,986,1153
696: 230,1663,162,16,426,302
697: 1283,376,709
698: 1053,382
699: 560,118,176,622
700: 482,1702,852,1305,1323,1081
701: 959,1607,551,1743
702: 257,951
703: 807
704: 1422,784,540
705: 1289
706: 810,598,822,122,496
707: 1455,266,250
708: 301
709: 28,1283,697,694
710: 143,645,1235
711: 1183,109,489
712: 1255,1634,473,1055,210
713: 
714: 1087,367,1480
715: 94,913
716: 20
717: 1251,889,806,1211
718: 762,819,1196,1157
719: 1145,1210
720: 46
721: 65,891,1138
722: 360,932,951,257,1154,475
723: 896,966,1655
724: 1583
725: 150,1227,1016
726: 871
727: 
728: 762
729: 384,113,596,536
730: 105,1094,1481,1791
731: 1132,345,1629,1376
732: 128,59,437
733: 
734: 108,648,641
735: 1259,1582,131,366
736: 1067,1631,364
737: 816,56
738: 960,427,1334,124,1050
739: 532
740: 217,577,1134,291,322
741: 761,1006
742: 1099,182,244
743: 1685,1786,316,600,362
744: 1097,1461,1243
745: 251,1115
746: 1555,1479,3
747: 1566,323,1624,1679,1493
748: 797,180,1492
749: 990,454,130,1278,1730
750: 270,253,479,403
751: 
752: 1578,25,365
753: 1402,2,896,1655
754: 681,1421
755: 24
756: 1181,1485
757: 289,806,215,1552,1497
758: 105,337,99,884,511
759: 1679
760: 772,1061
761: 741,433,240
762: 728,718,891,1157,1286
1745: 
764: 1721,298
765: 785,1081,88
766: 1588
767: 1074
768: 520,1212
769: 926,1031,307,531
770: 1594,177
771: 
772: 760,1532,909,290
773: 966,1414,849
774: 1596,242,548
775: 32,26,1623,1584
776: 898,1533,1201
777: 1295
778: 1794,1225,407,1785
779: 1080
780: 287,1012,173
781: 1121,1490
782: 1262,554
783: 344,1618,1098,1568
784: 1422,704,565,233
785: 765,1081,623,477,123
786: 1012
787: 1442,172,1249
788: 1574,992,878,858,493
789: 188,1451,474
790: 541,905,411,830
791: 560,622
792: 881
793: 1728,369
794: 606,890,1139,1224,300
795: 116,435
796: 538,1679,1493
797: 180,748
798: 1223,84,1309
799: 1395,212,1092,1794
800: 
801: 358
802: 
803: 280,224
804: 
805: 1168,846,534
806: 757,289,1211,717,215
807: 703,536,1099
808: 654,363,402
809: 368,1618,1237,664,1568
810: 706,598,241,822,662
811: 1126,449,1263,843,943
812: 505,412,615
813: 1541,208,381
814: 51,1162,269
815: 304,1746,1488
816: 1787,737
817: 599,1377,1780
818: 906,207
819: 1196,718
820: 1030
821: 1314,416,566
822: 1366,662,122,1584,706,810
823: 431,1189
824: 
825: 31,399,17
826: 588,52,1208
827: 471,1512,216
828: 159,1191,310,1006
829: 1097,1171,1380
830: 411,1302,125,790,905
831: 1300,1653,554
832: 500,1029
833: 1307,19,119,232
834: 932
835: 999,1174,1755,1441
836: 1526
837: 1329,1322
838: 1325,1216
839: 143,673,1697
840: 579,1071,1409
841: 211,95,1185,191
842: 1321
843: 346,1126,811,449
844: 1318,70,1340
845: 213,1476
846: 805,1168,195,861,987
847: 
848: 
849: 1414,474,773
850: 9
851: 660
852: 482,700,1702,575,1305,1323
853: 153,1459,661
854: 678
855: 56,1008
856: 373,265,889,1515,425
857: 872,1173,1445,923
858: 493,1339,1075,878,788
859: 549,1206
860: 1221,1433
861: 465,195,846,1780,987
862: 391
863: 171,1670,1044,593,1649
864: 321,2,331
865: 578,629
866: 1660,1199
867: 1024,1577,692,1034,1108
868: 1127,1452,595,618
869: 
870: 406,204,632,1158,929
871: 726
872: 857,977,1570
873: 330,258
874: 76,267,1131
875: 206
876: 535,1298,1162
877: 1181
878: 1501,1075,858,788,1574
879: 
880: 1138,1616,1341
881: 792
882: 149,301
883: 1693
884: 641,659,99,337,758
885: 1396,1473,1757,610
886: 
887: 169
888: 1533
889: 1251,717,856,265,425
890: 606,794,114,897,1139
891: 762,1286,721,65
892: 
893: 1439,1444
894: 941
895: 335,1354,82
896: 723,1351,753,1655
897: 1241,1346,1643,1139,890
898: 776,1533,491
899: 140,1408,944
900: 1667
901: 
902: 640,485,1688
903: 388,1582,80,624,1259
904: 1556,1372
905: 541,790,556,830,125,1489
906: 818
907: 18,202,6
908: 285,306,1328
909: 1605,772,1222
910: 1327,1190
911: 1416
912: 92,1105,562
913: 1514,715
914: 637,222
915: 503,1201
916: 1308,387,1147
917: 1102,571
918: 690,1051,1486,58
919: 
920: 161,1513
921: 1114,1559,640
922: 693,1063,424,1033
923: 51,1298,857,1158
924: 398
925: 1625,1782
926: 1031,769,1689
927: 
928: 278,620,440,184,85,1786
929: 1303,1265,870
930: 643,494
931: 956,464
932: 360,1440,722,951,834
933: 337,1094,1236
934: 70,1683,1049,1400,1340
935: 1003
936: 974,1664
937: 566
938: 392,448,1337
939: 1668,1679
940: 1696
941: 543,894
942: 529,1392
943: 596,1126,811,1263
944: 1429,589,1408,899
945: 1085,245,642
946: 1597,154,1008,237
947: 1315,1608
948: 281,1495,574
949: 396
950: 1668,1733,975
951: 932,722,702,257
952: 1690,1432
953: 
954: 1397
955: 1160,1021
956: 1494,931
957: 1062,1310,136,982,1209
958: 1637,1083,434
959: 701,1147
960: 738,427,671,1334,124
961: 
962: 1319,1544,3
963: 401,1593,1118
964: 1344,186
965: 1382,1631
966: 773,723,1655
967: 1311,1115
968: 1159,70
969: 325,508,997
970: 268
971: 1596,1670
972: 
973: 589,364,1408
974: 214,1664,1048,936
975: 1086,1668,950
976: 1272,167,533
977: 1543,1793,1570,872
978: 1795
979: 467,341,258,1165
980: 1370,1778,1726
981: 1495,400
982: 1649,171,957,1310
983: 555,79,1177
984: 1616,1341,1403,1326
985: 327,1784
986: 695,260,512
987: 1065,861,846,1780
988: 416,1118,517,1531,1314
989: 
990: 749,454,1633,1551
991: 530,97,5,1291
992: 788,1574,493
993: 129
994: 1690,1432,1020,1274
995: 1421,1667
996: 612,525,231
997: 1735,508,293,969
998: 355,603,38,1503,481
999: 835,1441,433
1000: 1175,1494
1001: 
1002: 379
1003: 27,935
1004: 600,90,324,1675
1005: 670
1006: 310,828,741
1007: 158
1008: 855,237,946
1009: 87,1153,548
1010: 378
1011: 280,46,1349,1687
1012: 786,173,780
1013: 1706
1014: 564,1532,1375
1015: 200,1693,446,1434
1016: 1227,334,725,510
1017: 
1018: 1389
1019: 
1020: 994,1690
1021: 955
1022: 192,1449
1023: 1166,1740
1024: 867,1043,1577
1025: 
1026: 1237,1795
1027: 1362
1028: 568,676
1029: 500,1638,832
1030: 353,820,1625
1031: 926,769,1423,531,1689
1032: 
1033: 424,170,922,1063
1034: 458,867,1108
1035: 1079,1123
1036: 537
1037: 87,345
1038: 1656,450,1203
1039: 8
1040: 1173,1543,210,444
1041: 
1042: 233,1231,1765
1043: 1024,1269
1044: 204,1303,593,863,1670
1045: 1217,1297,1434
1046: 
1047: 1313,1130,226
1048: 974
1049: 1656,1279,1683,934,1400,54
1050: 384,738,113,124
1051: 1435,349,918,58
1052: 1073
1053: 698,1381,1737,382
1054: 1789,1689
1055: 473,422,712,1692,210
1056: 1398,1368
1057: 80,628,1233,388
1058: 1496,344,137,523
1794: 778,1465,212,799,1395,1225,1785,83
1060: 
1061: 760
1062: 957,1378,1310,1096,438,1209
1063: 197,922,1033
1064: 1457,1253
1065: 987,1168,295,1095
1066: 
1067: 736,364
1068: 1674,1678
1069: 1397,1792
1070: 118,176
1071: 579,840,246,1796
1072: 
1073: 1052
1074: 1347,767,1381
1075: 227,1339,878,1388,858
1076: 1202,1447
1077: 254,1285
1078: 294,164
1079: 0,1035,524
1080: 1426,779
1081: 785,765,623,700,1305,88
1082: 1641
1083: 958,434,77
1084: 
1085: 945,1601,690,245,1486
1086: 975,1793
1087: 714,1480
1088: 386,315,1505,1186
1089: 1101,553
1090: 1247,621
1091: 464,590,687
1092: 1465,212,377,799
1093: 
1094: 730,933,277
1095: 461,1539,1065
1096: 1062,1378,449
1097: 744,1171,829
1098: 672,1568,783,344,519
1099: 742,182,807
1100: 1336,234
1101: 1089
1102: 917
1103: 1401,1510,691,1169
1104: 1288,1466,677
1105: 912,559,562
1106: 457,287
1107: 
1108: 1419,867,692,1034
1109: 1356,144
1110: 1365
1111: 585,1558
1112: 264,221
1113: 
1114: 921,1335
1115: 1311,967,745
1116: 32,26
1117: 650,1246,1481
1118: 416,988,1593,963,517
1119: 312,142,129,279
1120: 55,1244,1391
1121: 1765,1545,781
1122: 
1123: 1035
1124: 1502,60,309
1125: 435
1126: 811,449,843,943,596
1127: 868,1452,365,595
1128: 1335,1289,1342
1129: 
1130: 1313,226,1047
1131: 36,76,874
1132: 731
1133: 395
1134: 740,577,1585,291
1135: 1581,647,1415
1136: 1148,603
1137: 540,665
1138: 880,721
1139: 179,1346,897,794,890
1140: 1232
1141: 443
1142: 71,1396,1760
1143: 1657,1429
1144: 1591,158,1297
1145: 719
1146: 376
1147: 1783,916,1308,959
1148: 38,1187,1136
1149: 1796,616,1276,597
1150: 
1151: 583,208
1152: 
1153: 1009,87,19,695,1307
1154: 658,1239,475,257,722,655
1155: 413
1156: 1175,141
1157: 1196,1286,762,718
1158: 632,1445,923,870
1159: 968
1160: 955
1161: 1671
1162: 10,876,1298,814
1163: 1428,321
1164: 
1165: 258,563,467,979
1166: 1648,1023,1740
1167: 510,334,217
1168: 805,846,295,1065
1169: 685,1103
1170: 618,604,338,66,1587
1171: 1097,829,1380,1635
1172: 
1173: 1040,857,1445
1174: 835,356,134,281
1175: 1000,1156,1220
1176: 1341
1177: 79,1180,983,555
1178: 494
1179: 516,1513
1180: 100,79,1326,1403,1177,1793
1181: 756,877
1182: 580,1391
1183: 1700,1651,109,711
1184: 325,236,1267
1185: 35,402,841
1186: 1088,1756
1187: 1148,183,1229
1188: 1475,1202
1189: 1565,823,1615,431
1190: 403,910
1191: 455,159,576,828
1192: 
1193: 173,1404,457
1194: 1540
1195: 517,1593
1196: 1157,1369,819,718
1197: 1534,1583
1198: 1280,673
1199: 866
1200: 1202,1447,662,218
1201: 776,915
1202: 1200,1188,1076
1203: 1321,1038,191
1204: 
1205: 456
1206: 545,1687,549,859
1207: 21,518,1418
1208: 826,1215
1209: 239,438,152,957,1062,136,1790
1210: 719,1619
1211: 289,806,717,1439,132
1212: 59,768
1213: 29,504,570
1214: 144
1215: 489,1208,175
1216: 838
1217: 1297,1045,1434
1218: 588
1219: 232,1510,1630,4,693
1220: 1175,1528
1221: 1433,860,1471
1222: 1600,909,85
1223: 798,84,285,306
1224: 197,794,300
1225: 1732,1794,778
1226: 1464,112,643
1227: 1016,334,96,1714,725
1228: 269,1598,512
1229: 223,1628,1187
1230: 135
1231: 1765,343,1545,1042
1232: 40,1140
1233: 628,1057,1427
1234: 1623,1790,32
1235: 686,311,645,710
1236: 1522,933
1237: 1026,614,368,809,664
1238: 1554,363,419,654
1239: 1154,257,655
1240: 648,1615,659
1241: 114,897,1643
1242: 
1243: 377,1720,744
1244: 55,1120,1478
1245: 
1246: 1481,1117
1247: 1090,602
1248: 1694
1249: 532,787,172
1250: 276,514
1251: 717,889,265
1252: 1289
1253: 1631,1064
1254: 463,98,599
1255: 1634,712,581,1543,210
1256: 111,418
1257: 162,302,452
1258: 318,359
1259: 624,903,1582,735
1260: 445,601
1261: 1454
1262: 619,782
1263: 811,449,943,674,196
1264: 341
1265: 1699,623,477,929
1266: 
1267: 1403,1184
1268: 385,328,605,1385
1269: 409,421,1043
1270: 562,1313,175
1271: 1410,458,1796,597
1272: 976,167,1594,430
1273: 1558,1373
1274: 994,1432
1275: 1603
1276: 597,1149
1277: 1782,1353
1278: 130,1730,749
1279: 1656,450,1049,1413,54,1592
1280: 572,1198,1318,1622
1281: 194
1282: 270,609
1283: 697,709,694
1284: 313,17,399
1285: 635,1077,254
1286: 1157,762,891,65
1793: 1570,1086,100,79,1326,1180,977,581
1288: 6,1317,1104
1289: 1128,705,1252
1290: 195,1548,1315,410
1291: 309,5,991
1292: 629,1684
1293: 1632,1407
1294: 288,1682
1295: 777
1296: 1789,165,49,441
1297: 1217,1144,1045
1298: 923,876,1162
1299: 
1300: 831,1653
1301: 1636,1479,647
1302: 1352,411,830,125
1303: 477,123,929,1044,593
1304: 1792,308,539
1305: 1699,1323,700,852,1081,623
1306: 
1307: 833,19,1153,1629
1308: 916,1783,1147
1309: 71,798
1310: 957,1062,1378,1649,982
1311: 967,1115
1312: 538,1504,473
1313: 1130,175,1270,1047
1314: 821,416,988,1531
1315: 947,195,1290
1316: 122,1367,157,275
1317: 6,1288,677
1318: 844,1622,1280
1319: 962,1544,75
1320: 
1321: 1203,1642,842
1322: 571,688,837
1323: 1305,1699,700,852
1324: 1361
1325: 310,838,1652
1326: 100,1180,984,1403,1793
1327: 910,646,684,1789
1328: 908,1733
1329: 837,518
1330: 1462,295
1331: 
1332: 1459
1333: 1450
1334: 1520,1702,738,960,427
1335: 1128,1114
1336: 1100,128
1337: 145,938,392,143
1338: 1573,1787
1339: 227,1075,858,493,601
1340: 844,70,934,201
1341: 984,1616,880,1176
1342: 1128,329,39
1343: 42,102
1344: 964,1384
1345: 1788
1346: 1643,897,1139,179
1347: 1074,1737,1381,423
1348: 563
1349: 46,1011,1687
1350: 1472
1351: 681,896,1402
1352: 411,585,1302
1353: 1782,1277,1632
1354: 1490,335,561,895
1355: 
1356: 1109
1357: 
1358: 1611
1359: 155
1360: 1491
1361: 526,13,1324
1362: 1027,1696
1363: 609,259,1791
1364: 
1365: 561,1110
1366: 822,662,1623,1584
1367: 1584,26,1316
1368: 1056
1369: 1580,1380,1196,478
1370: 1516,1778,980
1371: 433,1495
1372: 1556,904,238
1373: 145,1273,673
1374: 
1375: 1446,1014
1376: 731,580
1377: 817,599,463,311
1378: 1062,1310,1096,346,1649
1379: 1407
1380: 1580,1369,1635,1171,829
1381: 1053,1074,1737,1347
1382: 965,284
1383: 1786,1685
1384: 1344,1482
1385: 223,605,1628,1268,385,1541
1386: 142,312,251
1387: 
1388: 1788,1075
1389: 1018,1416
1390: 1686
1391: 55,1182,580,1120
1392: 98,942
1393: 1409,666,557
1394: 
1395: 799,212,1794
1396: 885,1473,1142,1760
1397: 954,1792,1069
1398: 1056
1399: 367
1400: 1461,679,934,1049,54
1401: 1103,1510,691,232
1402: 753,2,681,1351
1403: 1267,984,1326,1180
1404: 457,1193
1405: 668
1406: 1695
1407: 1379,1293
1408: 589,973,944,899
1409: 1393,666,840
1410: 1511,1271,458,1796
1411: 14,15
1412: 1574
1413: 191,1610,450,1279,1592
1414: 849,773,332
1415: 1135
1416: 911,1389
1417: 186,81
1418: 1207
1419: 1108,304,72
1420: 242,548,1575,1790
1421: 1484,995,754
1422: 704,784,565,506
1423: 420,531,271,1031,1689
1424: 
1425: 360,1440,1467
1426: 1080
1427: 1233,1465
1428: 1163,107,675
1429: 944,1143
1430: 675
1431: 1661
1432: 994,1690,952,1274
1433: 1221,860,1471,565
1434: 446,685,1015,1045,1217
1435: 1051,1647
1436: 573,527,1612
1437: 
1438: 412,293,255
1439: 893,132,289,1211,127
1440: 360,932,1425
1441: 1755,835,999
1442: 787
1443: 524,1523
1444: 893
1445: 632,1158,1173,857
1446: 1375,61,1464,112
1447: 1200,1076,1627,218
1448: 166,576,455
1449: 1556,1022
1450: 1333,328,605,371,183
1451: 188,789
1452: 1127,868
1453: 1645
1454: 1261
1455: 707,250
1456: 1550,47,1597,199
1457: 1064
1458: 1485,190
1459: 90,324,1332,853,661
1460: 480,336
1461: 1400,679,744
1462: 1330,295
1463: 527,1612
1464: 112,1226,1446
1465: 212,1092,1427,1794
1466: 677,178,1104,50
1467: 454,1517,1730,1425
1468: 526
1469: 486,1503,1756,38
1470: 370,586,141,1713
1471: 1221,1433
1472: 1350,354,36
1473: 885,1396,1739,1760
1474: 590,307,464
1475: 239,152,1188
1476: 238,845
1477: 1542,1555
1478: 1244
1479: 746,1301,647
1480: 1087,714,367
1481: 511,1246,105,730,650,1117
1482: 1613,1384
1483: 608,587,1509
1484: 1421
1485: 1458,756
1486: 245,58,918,690,1085
1487: 43,138
1488: 281,356,815
1489: 125,905
1490: 1354,781
1491: 1360
1492: 1661,748
1493: 1679,1566,747,796,538
1494: 1000,956
1495: 574,981,948,1371
1496: 1058,1706,1618,137
1497: 215,757
1498: 1621,226
1499: 
1500: 218,1572,241,1686
1501: 878,282,653
1502: 60,1585,1124
1503: 486,1469,38,998,1769,481
1504: 347,1312,538
1505: 1566,323,315,1088
1506: 525
1507: 1750
1508: 1535
1509: 1483
1510: 1401,1103,1630,232,1219
1511: 1410,1546,1796
1512: 827,471
1513: 104,920,1179
1514: 913,1588
1515: 425,856,93,1744
1516: 1370,533
1517: 454,1633,1467
1518: 653
1519: 687
1520: 638,156,482,1702,427,1334
1521: 546
1522: 1236,277
1523: 23,1443
1524: 616,666
1525: 1564,1691,499
1526: 836
1527: 
1528: 1220
1529: 314,350
1530: 273
1531: 517,988,1314
1532: 772,1014
1533: 491,888,898,776
1534: 560,118,1197
1535: 1673,1508
1536: 1646,514
1537: 1559,1688
1538: 115
1539: 1095,461
1540: 292,1194
1541: 813,558,385,1385,1628
1542: 1477
1543: 977,1255,210,1040
1544: 1784,1319,962,75
1545: 343,1231,1765,1121
1546: 451,1511,1796
1547: 214
1548: 465,195,1290,410,408
1549: 272
1550: 1456,47,1597,154
1551: 1603,499,1762,990,1633
1552: 757,289,372
1553: 571
1554: 1642,363,1238
1555: 746,1477
1556: 904,1372,1449
1557: 1782
1558: 411,1111,1273
1559: 921,640,1688,1537
1560: 470
1561: 672
1562: 646
1563: 234
1564: 75,1525,1691
1565: 99,1189,1615,659
1566: 747,1505,1493,347,538
1567: 501
1568: 672,1098,809,783
1569: 333,1681,23
1570: 1793,977,872
1571: 351,418,557
1572: 598,241,1500,1686
1573: 1338
1574: 788,992,878,1412
1575: 242,1420
1576: 39,476,376
1577: 867,1024
1578: 752
1579: 243,547,194
1580: 1369,1380,1635,478
1581: 1135
1582: 903,388,1259,735,131
1583: 724,1197
1584: 122,1367,775,1366,822
1585: 60,219,291,1134,1502
1586: 370,299,151
1587: 1170,338,66
1588: 1514,766,656
1589: 48,656
1590: 1713,317,9
1591: 1144,220
1592: 54,1279,1413
1593: 963,517,1195,1118
1594: 1272,770,177,430
1595: 670,1662
1596: 774,971
1597: 946,154,237,1456,1550
1598: 1228,512,260
1599: 69
1600: 290,1222,153
1601: 1678,690,1085
1740: 1023,1166
1603: 1551,499,395,1275
1604: 466,278,620,1786
1605: 909
1606: 77
1607: 701
1608: 528,947
1609: 
1610: 1413,191
1611: 1358
1612: 1463,1436,527
1613: 1482,121
1614: 1658,1781,619
1615: 1240,1565,1189
1616: 984,1341,880,442
1617: 174,339,214,1664
1618: 809,783,1496
1619: 1708,1210
1620: 1677,643,494
1621: 584,226,1498
1622: 1318,1280,572
1623: 1234,775,1366
1624: 1739,375,747,323
1625: 1030,353,925
1626: 687,682
1627: 218,1447
1628: 223,1385,1541,1229
1629: 345,731,1307,119
1630: 1510,1219,4
1631: 1253,736,965
1632: 1293,1353
1633: 990,454,1551,1517
1634: 1255,712,210
1635: 1580,1380,1171,146
1636: 3,1301
1637: 958
1638: 500,1029,57
1639: 110,639,613
1640: 
1641: 1082
1642: 1554,363,1321
1643: 1346,1241,897
1743: 147,551,701
1645: 1453
1646: 1536,514
1647: 387,1435
1648: 1166
1649: 593,863,171,1378,1310,982
1650: 
1651: 1700,1183,445,588
1652: 1325,217,577
1653: 619,831,1300
1654: 240,400,5
1655: 896,723,753,966
1656: 450,1038,1279,1049,1683
1657: 1143
1658: 483,249,426,1781,1614
1659: 251
1660: 866,91
1661: 1492,1431
1662: 272,498,1595
1663: 230,696,182,16
1664: 214,974,936,1617
1665: 453
1666: 552
1667: 900,995
1668: 939,950,975
1669: 607
1670: 863,171,1044,971
1671: 1161,491,126
1672: 288
1673: 1535,298
1674: 1068,1678
1675: 600,1004,362
1676: 595
1677: 1620
1678: 1601,1068,1674
1679: 1493,759,747,939,796
1680: 476,327,28
1681: 333,1569
1682: 1294
1683: 70,934,1656,1049
1684: 677,1292
1685: 743,1786,1383
1686: 1390,1500,1572
1687: 1206,545,1349,1011
1688: 640,902,1559,1537
1689: 1423,1054,926,1031
1690: 994,1432,952,1020
1691: 1564,1525,499
1692: 210,444,422,1055
1693: 883,1015
1694: 1248,378
1695: 1406
1696: 1362,940
1697: 839
1698: 
1699: 1305,1323,1265,623
1700: 1651,1183,588,489
1787: 1338,816
1702: 482,700,852,1520,1334
1780: 465,861,817,987
1785: 1794,778,150,407,83,497,436,84
1791: 730,259,1363,20
1706: 1013,368,1496
1762: 1551,499
1708: 540,1619
1744: 93,1515
1757: 393,322,885,610
1784: 683,308,327,985,1544,75
1760: 1739,1142,1396,1473
1713: 1590,141,522,317,586,1470
1714: 96,366,1227
1747: 181,550
1778: 1370,980
1795: 978,1026
1786: 928,620,1604,120,1383,1685,743
1756: 486,1469,386,1186
1720: 201,1243,377
1721: 764,298
1769: 638,481,156,486,1503
1746: 356,459,304,72,815
1790: 136,1420,239,1209,1234,32
1781: 22,1658,483,1614
1726: 980
1789: 1054,1327,684,507,271,1296,49
1728: 117,369,576,793
1750: 1507,520
1730: 1278,749,454,1467
1796: 1149,616,1546,1511,1410,1271,579,1071,597
1732: 1225
1733: 1328,950
1788: 1345,227,1388
1735: 997,293
1774: 255
1737: 1347,1053,1381
1783: 1147,1308,431,488,14