0: 572,1002
1: 
2: 995,266
3: 1008,1792,297,75
4: 10,300,997
5: 1472,1546
6: 1428,1163,214
7: 1356,1143,944
8: 1085,81,1495,649
9: 1783,1557,435,1251,1131,105
10: 300,4,1158
11: 997,1516,1015
12: 421,1259
13: 972,1319,1215,1198
14: 807,1791,522
15: 1031,1552,874
16: 596,765
17: 167
18: 374
19: 971,171
20: 884,1236,1058,583
21: 1330,987
22: 1040,1126,1692,1510,380
23: 
24: 56
25: 1194,1250,440
26: 742,1702
27: 860,1460
28: 409,1542
29: 1213,292,1578
30: 1601,916,1293
31: 653,1053,1299,221,882
32: 
33: 970,276
34: 981,918
35: 1243,1388
36: 641,354,530,1291
37: 1201,941
38: 371,76,943,124
39: 932,327,376,502,1537
40: 261,115,246
41: 
42: 1669
43: 
44: 849
45: 896,177
46: 1349,162,1210
47: 1113,954
48: 1284,878
49: 151,607
50: 1721,1521,1241
51: 171,1063,1790
52: 1616,508,841,478,1340
53: 724
54: 1279,990,329,1369
55: 140,1471,1686,895,1500
56: 24
57: 82,1080
58: 783,885,385
59: 666,129
60: 381,479,610,1117
61: 1286,1340,636
62: 832,189,953,803
1757: 1541,285,369,793
64: 1036,1590,155
65: 1504,1180
66: 272,670,1786
67: 866
68: 1310,406,512,144,86,691
69: 
70: 1267,359,1794
71: 1371,421
72: 539,1090
73: 786,1512,348,280
74: 
75: 1555,1792,1008,3
76: 1596,943,1050,38
77: 756,682,307
78: 690,672,81
79: 1769,1504,819,538
80: 801,1157,576,798
81: 879,672,8,1495,78
82: 57
83: 1057,323,1239
84: 1543,315,1679,267,1634,712
85: 656,1589,900,1430,553
86: 971,1670,512,68
87: 1037,157
88: 603,386,208
89: 715
90: 533
91: 847,589,168,1708
92: 1785
93: 
94: 466,505
95: 191,363
96: 1318,1730
97: 1275,510,1135
98: 961,1093,1784
99: 370,1439,420
100: 
101: 568,766
102: 
103: 1030,1449,1294
104: 
105: 1411,1131,9
106: 1393,1639
107: 298,1430,553
108: 623,1628,1760,156,384
109: 858,1501,1218,854,227,524
110: 1507,283
111: 469,1108,1237,458
1750: 515,625,258
113: 1117,457,479
114: 773,1664
115: 40,1201
116: 
117: 934
118: 1593,147
119: 965,1244,833
120: 1529,1370,207
121: 979,1476,353
122: 415,521
123: 684,152
124: 136,384,38
125: 1342,1425,499
126: 320
127: 1439,1000,586
128: 1100
129: 1386,666,59
130: 1302,683,1555,1636
131: 1489
132: 635,893
133: 1099
134: 1448,903,159,801,1745
135: 1485,252
136: 124,700,716
137: 1071,1212,1796
138: 
139: 
140: 55,1471,1584
141: 1470,151
142: 579
143: 697,411,1425,985
144: 406,512,300,68,691
145: 1280,518,1337
146: 1183,167,636
147: 118
148: 
149: 
1728: 1369,951,366,329
151: 141,49
152: 684,123,1099
153: 604,1662,864
154: 1174,1275,539,644
155: 64,1590
156: 384,108
157: 822,706,1429,1037,87
158: 1272,188,1184
159: 1448,903,134,630,475,1225
160: 670,713,1786
161: 549
162: 1349,46
163: 525,520
164: 749,1273
165: 598,958,684,1789
166: 360,1489,658,1133
167: 636,676,146,17
168: 589,91
169: 546
170: 1367,1033,256
171: 51,19
172: 
173: 1137,367,831,782,348,720
174: 753,1292
175: 445,359
176: 414
177: 995,896,45
178: 480
179: 1241
180: 1443,379,313
181: 717
182: 738
183: 334,1467,1541
184: 1588,952,909,1464
185: 1295
186: 
187: 1661
188: 1184,158
189: 803,62
190: 
191: 95,1539
192: 1331,462,1672
193: 1664
194: 
195: 846,534
1756: 835,740
197: 1155,1629,923,424
198: 1632,1556
199: 1573,391
200: 427,1510,293,1126,1598,1692
201: 673
202: 1587,675,338,754
203: 913,350
204: 1186,217,1473,1493
1782: 517,1070
206: 919,557,627
207: 120
208: 1291,88,223
209: 574,1755
210: 1226,891,1380
211: 1443,654
212: 735,778
213: 979
214: 6
215: 
216: 1106,565
217: 1473,481,204
218: 1584,1121
219: 381,703,393
220: 
221: 31,1053,882
222: 901
223: 1268,208,623
224: 877,1458,592
225: 278,266,1402
226: 
227: 992,514,524,854,109
228: 1414,1041,332
229: 698
230: 1781,633
231: 1671,1264,1476
232: 474
233: 1422
234: 1161
235: 1637
236: 1774
237: 1436,954,755
238: 792,1632,904
239: 
240: 1227,285,328
241: 1433,1120,1781,933
242: 1082,922,775
243: 709,1281
244: 449
245: 1618,309,828
246: 40,261
247: 1429,548,343,438
248: 
249: 1031
250: 1009
251: 660
252: 135
1730: 96,1318,697,1322
254: 1125
255: 1483
256: 580,170,1033
257: 790,376
258: 625,467,515,1750,1625
259: 
260: 
261: 40,246,776
1765: 775,364,1307,651,1649,1666
1792: 1784,961,1128,297,75,3
264: 1676,669,1536
265: 1190,1411,1791
266: 278,600,2,225
267: 1016,1305,1469,1634,1543,84
268: 1235,1656,1651
269: 695,1169
270: 1072
271: 1160,1494
272: 66,1416,670
273: 1643
274: 1186,1325,486
275: 1346,1110
276: 333,33
277: 650,1658,1263
278: 266,225,1434,1402
279: 1032
280: 73
281: 840,400,1271
282: 1413,1035,493
283: 1507,110
284: 1530
285: 1757,1541,334,240,1227
286: 1462
287: 831,540,1422
288: 
289: 757,945
290: 
291: 1308
292: 1595,1737,29
293: 1044,1055,857,1598,200
294: 1102,1696
295: 342
296: 
297: 1128,1792,327,3
298: 107,1430,1604
299: 1091,646
300: 10,4,144,691
301: 423,1010
302: 1619
303: 
304: 1419,692
1789: 1012,1282,958,165,780,1653
306: 
307: 756,77,1526
308: 1069
309: 245,1618,828
310: 1006
311: 1185
312: 547
313: 1656,826,379,180
314: 912,325,760
315: 1543,84,1679,593,712,347,444
316: 661,413
317: 
318: 1465,1461,1097
1755: 209,523
320: 1577,1056,396,126
321: 1438,1004,1217,412
322: 1582,1479
323: 83,377,838,1396
324: 952
325: 912,1446,314,460
326: 1021
327: 39,932,297
328: 948,240
329: 366,1728,1369,54
330: 745
331: 474
332: 794,1414,228
333: 276
334: 183,1541,285,1227
335: 1708
336: 
337: 977,872,1062,852
338: 1170,754,202,980
339: 474,1617
340: 1160,836
341: 1387
342: 727,295
343: 1303,548,247
344: 
345: 555,908
1760: 108,603,371,384
347: 1062,444,593,315,1679,1596
348: 720,173,73,786
349: 1140,1311,967
350: 203,1616,478
351: 1026,1358
352: 573
353: 1531,1476,1393,820,121
354: 823,530,36,558,1291
355: 1363,960,1565,1481
356: 1524
357: 1261,1168
358: 991,1618
359: 175,1208,70
360: 166,1133,1582
361: 
362: 695,1391
363: 1412,95
364: 775,1765,1666
365: 1170,868
366: 329,1728
367: 1137,173,1296
368: 1118,919,627
369: 798,1757,1541
370: 807,750,1439,99
371: 38,603,1760,384
372: 537,1405
373: 1353
374: 890,1224,1288,18
375: 628
376: 39,932,257
377: 934,323,838
378: 727,1107,1168
379: 180,313
380: 929,1510,22
381: 703,219,60
382: 
383: 612,949
384: 156,124,371,108,1760
385: 1654,58,783,1496
386: 734,648,88,603
387: 439,879,1435
388: 1785,1086
389: 920,1408
390: 
391: 1573,199
392: 487,947,1608
393: 991,219
394: 1477
395: 556,1352,1440,411
396: 320
397: 
398: 662,1145,561
399: 1432,928
400: 840,281
401: 614,1524,1546
402: 1681
403: 1783,1190,550
404: 586
405: 
406: 512,144,68
407: 1396
408: 1548,1413,1443
409: 28,1597,1542,647
410: 1315,805,1392
411: 143,1425,499,1352,395
412: 853,321,1004
413: 316
414: 176
415: 521,122
416: 511,1147
417: 504,1464,1588
418: 642,1593
419: 1642
420: 1439,99,769
421: 1259,12,71
422: 728,1328,1341,442,711
423: 301,1266
424: 1144,1015,197,1155
425: 1353,537,495
426: 957,1076
427: 200,1445,983,1510
428: 1221,1572
429: 
430: 1222,1451
431: 916
432: 969,588,1258
433: 1505,1227,1223,577
434: 926,1087
435: 918,821,1251,9,1557
436: 1111,1551,718
437: 492,1071,1212
438: 1627,247
439: 387,1435
440: 1194,25,1549
441: 729,910
442: 1105,1341,747,422
443: 
444: 1062,347,939,315,1679,1596
445: 175,508
446: 1103,1778,883
447: 607
448: 
449: 1094,638,244
450: 744,1260,541,1610
451: 492,1071,1796
452: 665,1137
453: 731,1629,922
454: 1371,948
455: 1247,1479
456: 1205
457: 1117,113
458: 1276,111
459: 1506,579
460: 325
461: 
462: 768,732,192,1672
463: 663,718,1635,1171
464: 850,682
465: 1159,1185,1345,797
466: 1421,505,1685,94,584
467: 625,258,792
468: 1660
469: 111,1216
470: 657,855
471: 714
472: 705
473: 575,1148,741,1195
474: 339,232,331
475: 630,159
476: 805,1324,1553,529
477: 1326
478: 1340,1616,52,350,1183
479: 558,60,1117,113
480: 178,1306
481: 217,1473,1469,624,1305
482: 711,1341
483: 933,1627
484: 
485: 501
486: 1333,1195,274
487: 392,1066
488: 
489: 721,1171,762
490: 955,1405
1708: 335,847,91
492: 451,437
493: 282,1035
494: 1421,505,772,533
495: 537,425
496: 1025,1367,1132
1796: 1561,451,1256,1039,1071,137
498: 1061
499: 1342,125,1352,411
500: 1355
501: 485
502: 39
503: 613,996
504: 417,1014,976
505: 466,494,94,772
506: 1399,1447
507: 522
508: 841,52,445
509: 1219,897
510: 1135,97,1216
511: 416,1411,1791,1147
512: 406,144,1670,86,68
513: 
514: 227,992,1079
515: 1750,1437,258,1625
516: 
517: 964,1782
518: 145,1280
1791: 1147,1411,511,265,750,807,14
520: 163
521: 651,415,122
522: 874,807,14,507
523: 1755
524: 227,992,109
525: 163
526: 844,1203
1790: 781,1310,1475,51,693
528: 686
529: 476,1553
530: 354,1585,1503,36,1520,641
1737: 1595,292
532: 1092,673,834
533: 90,772,494
534: 1780,195
535: 1272,1184
536: 765,1562,1522
537: 372,1583,495,425
538: 819,79
539: 72,1090,1544,1174,154
540: 1206,287
541: 1154,841,450,1610
542: 
543: 1538
544: 1487,791
545: 
546: 169,1695
547: 312
548: 343,247
549: 1064,161,827
550: 403,1190
551: 981,1051,1607
552: 1143,1631
553: 107,1430,1589,85
554: 1031,596
555: 345,1793
556: 395,697
557: 206,626
558: 479,823,354,1291
559: 1321,1319,1551
560: 
561: 398,662
562: 1038
563: 1387
564: 1313
565: 1106,216
566: 1486,690
567: 1500,1660
568: 101,1005
569: 719
570: 
571: 837
572: 1159,1002,0
573: 352
574: 209,828
575: 473,1148,1325,1195
576: 934,80,1157
577: 761,1223,433
578: 923
579: 142,459
580: 256
581: 975,1785,819
1795: 1151,1013,1191,639,1271,1409
583: 1058,20,884
584: 466,1685
585: 1252,737
586: 404,1000,127
587: 1265,785
588: 969,432,1258,880
589: 91,168
590: 
591: 
592: 1458,756,224,1526
593: 1050,1187,315,1596,347
594: 845,1449,1294
595: 864,1089,604,661
596: 16,554,1614
597: 1577,1115
598: 958,165,684
599: 1468
600: 266
601: 1788,1242
602: 1419,1301
603: 88,386,371,1760
604: 153,595,864
605: 1098,1134,991
606: 
607: 49,889,447,609
608: 1323,1045
609: 607
610: 1229,703,60
1769: 79,1504
612: 383,949,1531,1264
613: 503,996,1118
614: 401,1524
615: 620,1130
1783: 9,1557,1647,758,403
617: 1617,974
618: 1170,754
619: 1120,1257,957,1378,810,843
620: 615,1270
621: 1544
622: 
623: 1628,108,1268,223
624: 740,796,481,1305
625: 467,258,1750
626: 557
627: 368,1118,206
628: 375,1794,759
629: 
630: 475,1567,159
631: 1435,1486
632: 811
633: 1262,230
634: 
635: 1586,893,132,1211
636: 167,1600,146,61
637: 
638: 449,811,1094
639: 1795
1785: 1233,388,92,975,581
641: 36,1520,1088,530
642: 418,963
643: 
644: 1603,1691,1090,154
645: 846
646: 1713,1091,299
647: 1542,409,751
648: 671,386
649: 1495,8,1085,701
650: 277,1522,1658,1614
651: 1307,521,1765,1666
652: 
653: 31,1299,1074
654: 211
655: 1697,1318,673
656: 85,1589
657: 470,855
658: 1133,1489,166
659: 1385
660: 251
661: 1621,316,595
662: 398,561,1390
663: 718,463,1065,1171
664: 1151
665: 452
666: 1533,1386,129,59
667: 789,897
668: 955
669: 825,976,264,1536
670: 160,66,272,1786
671: 648,1493,1186
672: 879,1486,81,78
673: 201,655,532
674: 1378,1076
675: 980,1587,202
676: 167,1313,1580
677: 
678: 1235,748,1501
679: 938
680: 
681: 818
682: 756,77,464
683: 1302,130,1636,1564
684: 152,123,598,165
685: 1483,1529,1370
686: 528
687: 1458
688: 
689: 
690: 78,566
691: 1475,144,300,1310,68
692: 304,1419
693: 1182,1790
694: 1290,1642
695: 269,362,1169,1391
696: 730,874
697: 143,556,1730,1322
698: 229,1527
699: 1743,791
700: 1136,136,716
701: 649
702: 
703: 381,219,610,1229
704: 1300,1029
705: 472
706: 822,157,1429,986
707: 1547
708: 748,1501
709: 787,243
710: 1254,1392,805
711: 482,1341,728,422
712: 1044,1055,1634,84,315,1679
713: 743,1675,160
714: 471,1606,1087
715: 89,1152
716: 136,700,1570
717: 181
718: 663,463,436
719: 877,1526,569
720: 348,173,782
721: 489,1049,1154
722: 1688,1425
723: 1452,1383
724: 1384,53
1713: 1474,1091,646,1129
726: 1144,1155,1067,1164,1209
727: 342,378
728: 1328,422,711,1793
729: 441,1689
730: 696
731: 453,1067,1164,1649
732: 768,462
733: 
734: 386,1088
735: 1142,1176,212,1794
736: 1214
737: 837,585
738: 182,1562
739: 
740: 624,1566,1756
741: 1314,473,1148
742: 26,863
743: 713
744: 450,1574
745: 925,330,1672
746: 1488
747: 1326,1105,442
748: 678,708
749: 164,972
750: 1791,807,370
751: 647
752: 1274
753: 936,174
754: 338,1170,202,618
755: 237,1436,954,1784
756: 77,682,307,592
757: 289,945
758: 1783
759: 1794,628
760: 1726,1403,314
761: 577
762: 950,489,1049,1142
1745: 801,134
764: 
765: 1562,1240,536,16
766: 101
767: 1569,1266,771
768: 462,732
769: 420
770: 1005,1667
771: 1266,767
772: 505,494,533
773: 114,1104
774: 1158
775: 364,1765,242
776: 898,261
777: 
778: 212
779: 1060
780: 1528,1404,1282,1789
781: 1790,1366
782: 831,173,720
783: 58,885,385
784: 1513
785: 1793,1395,1265,587
786: 73,348
787: 709
1787: 902
789: 897,1414,667
790: 257
791: 806,1374,699,544
792: 238,1632,467
793: 1757
794: 332,1641,1172
795: 1747
796: 624,1016,1305
797: 1345,465
798: 369,80
799: 1111
800: 1064
801: 80,1745,1278,1448,134
802: 989
803: 189,953,62,1394
804: 
805: 476,1324,1315,410,710,1392
806: 1374,791,1077
807: 14,370,1791,750,522
808: 1388,913
809: 1568
810: 863,843,1120,619,933
811: 1094,1575,638,1570,632
812: 1793,1620
813: 1450,1503,1520,1088
814: 1594,908
815: 1247,1567
816: 1636,1517,993
817: 1345
818: 883,681
819: 538,581,79
820: 1393,353
821: 1491,1251,435,918
822: 157,706,986,1231
823: 354,1585,1098,558
824: 1508
825: 1014,669,976,1020
826: 1656,313,994
827: 549,1064
828: 574,245,309
829: 1592,1047,1079
1726: 760,1459
831: 287,782,1137,173
832: 62,1080,953
833: 1234,119
834: 532,1092
835: 1566,1668,1756,1427
836: 1220,340
837: 737,571
838: 1467,1502,377,323
839: 1066
840: 1571,281,400,1034
841: 541,508,1610,52
842: 1788,1683,1097
843: 863,810,1378,619
844: 526,1203,1198
845: 594,1449
846: 195,645
847: 91,1354,1708
848: 
849: 44,1508
850: 464
851: 1538
852: 1136,943,1062,337,872
853: 1222,412
854: 1218,109,227
855: 657,470
856: 1036
857: 1055,293,1420
858: 109,1501,1218
859: 1042
860: 914,27
861: 
862: 
863: 810,843,742
864: 595,1089,604,153
865: 1484,1428
866: 1003,67
1721: 50
868: 365
869: 
870: 
871: 1367,1132,965,1244
872: 337,977,852,1136
873: 1384,1556
874: 522,696,15
875: 
876: 1323,929,1699
877: 224,719
878: 48,1690
879: 672,1435,1486,81,387
880: 1794,1267,969,588
881: 1372
882: 31,1299,221
883: 818,446
884: 20,583,1189
885: 1006,58,783
886: 
887: 1406
888: 1026
889: 607
890: 1521,1224,374
891: 1138,1226,210
892: 1199,1316
893: 635,132
894: 
895: 1500,1686,55
896: 1665,177,45
897: 789,509,1219,667
898: 776
899: 973
900: 85
901: 222
902: 1787
903: 134,159
904: 238
905: 1576,921
906: 1786,1455
907: 1466,1110
908: 345,814
909: 1690,952,184
910: 1404,1282,441
911: 928
912: 1446,314,325
913: 203,808,1592,1532
914: 860
915: 
916: 30,431
917: 1078,1612
918: 435,34,821
919: 1671,368,206
920: 389
921: 1329,1377,1576,905
922: 1082,453,242
923: 197,1629,578,1139
924: 1606
925: 745,1672
926: 434,1480
927: 
928: 911,1690,399
929: 380,876,1323,1699
930: 966
931: 1181
932: 39,327,376
933: 483,1120,810,241
934: 377,576,117
935: 
936: 753,980
937: 1308,1327,1229
938: 679,1273
939: 444,1679,1692,1040
940: 1141
941: 37,1201
942: 
943: 76,38,852,1136
944: 1631,1426,7,1143
945: 757,289,1515
946: 1463
947: 1431,1254,392
948: 454,328
949: 612,383,1671
950: 762,1142,1176,1794
951: 1728
952: 184,324,909
953: 803,832,62
954: 237,755,47
955: 490,668
956: 1077
957: 426,1378,1257,619
958: 598,165,1282,1789
959: 1379
960: 355,1363,1562,1240
961: 98,1784,1792,1128
962: 1149
963: 1379,1068,642
964: 1398,517
965: 119,1244,871,1623
966: 1007,1004,930
967: 1232,349,1140
968: 1622,1203,1554,1788
969: 432,588,1267,880
970: 33
971: 19,86,1670
972: 13,749,1198
973: 899,1376
974: 1617,617
975: 581,1785,1309
976: 825,1014,669,504,1536
977: 337,872
978: 1398
979: 213,121
980: 675,338,936
981: 551,34,1051
982: 1493,1050
983: 1445,427,1510,1323
1781: 230,1263,1193,1120,241
985: 143
986: 822,706,1231
987: 1330,21
1784: 1093,755,98,961,1113,1792
989: 1119,802
990: 1279,54,1369,1239,1057
991: 358,393,605
992: 227,514,524
993: 816,1636
994: 826
995: 177,2
996: 1368,1191,503,613
997: 11,4,1015
998: 1481,1385,1628
999: 1441,1652
1000: 586,127
1001: 1320,1338
1002: 1159,572,0
1003: 866
1004: 321,966,412
1005: 1662,568,770
1006: 885,310
1007: 966,1375,1778
1008: 3,75
1009: 1509,1391,250,1219
1010: 1518,1075,301
1011: 1687,1106,1300,1382
1012: 1789,1296,1653
1013: 1191,1271,1795
1014: 825,976,1432,504
1015: 11,997,424
1016: 267,1305,796,1624
1017: 
1018: 1347,1389
1019: 1348
1020: 825
1021: 326
1022: 
1023: 1207,1650
1024: 1039,1115
1025: 1116,496,1490
1026: 351,888,1682
1027: 1576,1289
1028: 1130,1284
1029: 1355,704
1030: 103
1031: 554,1552,15,249
1032: 279,1511
1033: 1490,170,256
1034: 1276,840
1035: 282,493
1036: 64,856
1037: 1429,1401,87,157
1038: 1286,1600,562
1039: 1024,1115,1796,1368
1040: 22,939,1692
1041: 1139,228
1042: 859
1043: 1276,1611
1044: 712,1055,293,1679,1598,1692
1045: 608
1046: 
1047: 829,1592,1532,1677
1747: 795
1049: 721,762
1050: 593,1187,982,1596,76
1051: 551,981
1052: 1364
1053: 31,221
1054: 1687,1300
1055: 712,1044,857,293,1334,1420,1598
1056: 320,1577,1571
1057: 83,1239,990
1058: 1350,583,1327,1236,20
1794: 735,1176,950,1267,70,759,880,628
1060: 779
1061: 498
1062: 347,444,1596,852,337
1063: 51
1064: 549,827,800
1065: 663,1400,1171
1066: 839,487
1067: 1164,1209,726,731,1649
1068: 963
1069: 308
1070: 1482,1197,1782,1613
1071: 1212,137,451,437,1796
1072: 1077,270
1073: 1408
1074: 1299,653
1075: 1523,1518,1010
1076: 426,674
1077: 956,806,1072
1078: 1579,917
1079: 829,514,1677
1080: 832,57
1081: 1614,1099
1082: 922,242
1702: 26
1084: 
1085: 8,649
1086: 1309,388,1505
1087: 714,434
1088: 1520,641,813,734
1089: 595,864,1675
1090: 72,539,1603,644
1091: 1474,1713,646,299
1092: 532,834
1093: 1784,98
1094: 449,811,1575,638
1095: 1207,1650
1096: 1188
1097: 1196,318,1788,842
1098: 605,1134,823,1585
1099: 1081,152,133
1100: 128,1336
1101: 
1102: 1696,294
1103: 1778,446
1104: 773
1105: 1341,442,1180,747
1106: 565,216,1011
1107: 378
1108: 1269,1237,111
1109: 1245
1110: 1657,275,907
1111: 799,1551,436
1112: 1383,1578
1113: 47,1784
1114: 
1115: 1039,1024,597
1116: 1025,1490
1117: 457,113,60,479
1118: 368,613,627
1119: 989,1397
1120: 619,810,1781,241,933
1121: 218,1545
1122: 1578,1452,1383
1123: 1569
1124: 1652,1525,1472
1125: 254
1126: 1598,1692,200,1510,22
1127: 
1128: 297,961,1792
1129: 1626,1474,1713
1130: 615,1028
1131: 1411,105,1251,9
1132: 871,1367,496,1244
1133: 658,166,360
1134: 1568,605,1098,1585
1135: 510,97
1136: 852,700,943,872
1137: 173,367,452,831
1138: 891
1139: 1041,1629,923
1140: 1311,1506,349,967
1141: 940
1142: 735,1176,950,762
1143: 7,1356,944,552
1144: 726,424,1182
1145: 1202,398
1146: 1440,1273
1147: 1791,511,416
1148: 473,575,1314,741
1149: 962
1150: 
1151: 1795,664
1152: 715
1788: 601,968,1554,1097,842
1154: 541,721
1155: 197,1629,726,424,1164
1156: 
1157: 80,1278,576
1158: 774,1298,10
1159: 465,1185,572,1002
1160: 1494,271,340
1161: 234
1162: 1297
1163: 1428,6
1164: 1067,726,1155,731
1165: 1348
1166: 
1167: 
1168: 378,357,1518
1169: 269,695
1170: 338,754,618,365
1171: 1635,663,463,1065,489
1172: 794
1173: 
1174: 1275,154,539,1544
1175: 1230
1176: 1142,735,950,1794
1177: 1265,1445
1178: 
1179: 
1180: 1105,65,1504
1181: 931
1182: 1475,1144,693,1209
1183: 146,478
1184: 188,535,1272,158
1185: 1159,465,311
1186: 274,204,1493,671
1187: 593,1050,1473,1469,1543
1188: 1096
1189: 884
1190: 265,403,550
1191: 1013,996,1795
1192: 1519
1193: 1263,1257,1781
1194: 25,440,1540,1549
1195: 486,1333,473,575
1196: 1683,1097,1461,1400
1197: 1070
1198: 1215,844,1203,972,13
1199: 892
1200: 1627
1201: 37,941,115
1202: 1145,1231
1203: 526,844,968,1215,1198
1204: 
1205: 456
1206: 540,1422
1207: 1095,1023,1650
1208: 1340,359
1209: 1067,1182,726
1210: 1262,46
1211: 635
1212: 1071,137,437
1213: 29,1698
1214: 736
1215: 1465,1198,1203,13
1216: 510,469
1217: 1438,321
1218: 854,1412,109,858
1219: 509,1009,897
1220: 836
1221: 428
1222: 430,853
1223: 1227,433,577
1224: 1288,890,374
1225: 1278,1448,159
1226: 210,891
1227: 240,1223,285,334,433
1228: 
1229: 610,703,1308,937
1230: 1175
1231: 1545,986,822,1202
1232: 967
1233: 1785
1234: 1401,833
1235: 678,268,1656
1236: 1058,20
1237: 1108,111
1238: 1468
1239: 1369,990,83,1057
1240: 765,1562,1363,960
1241: 1521,179,50
1242: 1539,601
1243: 35,1574
1244: 965,119,871,1132
1245: 1109
1774: 236
1247: 455,815
1248: 
1249: 
1250: 25
1251: 821,435,9,1131
1252: 585,1335
1253: 1356
1254: 710,1392,1431,947
1255: 
1256: 1682,1796
1257: 619,957,1193
1258: 432,588
1259: 421,12
1260: 450,1610
1261: 1357,357,1694
1262: 633,1210
1263: 1193,277,1781
1264: 1531,1476,612,1671,231
1265: 587,1177,785
1266: 423,771,767,1569
1267: 70,1794,880,969
1268: 223,623,1628
1269: 1108,1301
1270: 620
1271: 281,1013,1795
1272: 535,1184,158
1273: 1440,1146,938,164
1274: 1588,752
1275: 1174,154,97
1276: 458,1034,1043
1277: 
1278: 1225,1448,801,1157
1279: 54,990,1635
1280: 145,518
1281: 243
1282: 1404,910,958,780,1789
1283: 1537,1329,1688
1284: 48,1028
1285: 
1286: 1038,61
1793: 785,1395,728,1328,812,555
1288: 1224,374
1289: 1027,1377
1290: 1642,694,1558
1291: 208,354,36,558
1292: 1499,174,1317
1293: 30
1294: 594,1449,103
1295: 1406,185
1296: 1653,1012,367
1297: 1162
1298: 1158
1299: 1074,653,31,882
1300: 704,1011,1687,1054,1382
1301: 1269,602
1302: 130,683,1555
1303: 343,1366,1401
1304: 
1305: 1016,267,624,796,481
1306: 480
1307: 651,1649,1765
1308: 937,291,1229
1309: 1086,1427,975
1310: 68,1475,691,1790
1311: 1140,1506,349
1312: 
1313: 564,676,1580
1314: 741,1148
1315: 410,805,1324
1316: 1478,892
1317: 1292,1499,1484
1318: 96,1730,655
1319: 13,559
1320: 1001
1321: 559,1461,1465,1551
1322: 697,1730
1323: 608,876,983,929
1324: 476,805,1315
1325: 575,274
1326: 747,477
1327: 937,1350,1058
1328: 728,422,1793
1329: 921,1377,1283,1342
1330: 987,21,1339
1331: 192
1332: 1665
1333: 486,1195
1334: 1624,1420,1634,1055
1335: 1252
1336: 1100
1337: 145
1338: 1001
1339: 1330
1340: 478,1208,52,61
1341: 1105,442,711,482,422
1342: 125,499,1329
1343: 
1786: 906,670,160,66,1587,1455
1345: 817,465,797
1346: 275
1347: 1018,1595
1348: 1019,1165
1349: 46,1447,162,1399
1350: 1058,1327,1491,1615
1351: 1667,1662
1352: 1440,499,411,395
1353: 425,373
1354: 847
1355: 1029,500
1356: 7,1143,1253
1357: 1261,1694
1358: 1410,351
1359: 
1360: 1647
1361: 1581,1582
1362: 
1363: 355,960,1565,1240
1364: 1052
1365: 1545
1366: 781,1303,1401
1367: 871,170,1132,496
1368: 996,1039,1561
1369: 1728,1239,329,54,990
1370: 1529,120,1483,685
1371: 71,454
1372: 881,1625
1778: 1103,446,1375,1007
1374: 806,791
1375: 1438,1007,1778
1376: 1426,973
1377: 921,1329,1289
1378: 674,957,619,843
1379: 963,959,1593
1380: 210
1381: 
1382: 1011,1300
1383: 1112,1122,723,1452
1384: 1556,873,724
1385: 1481,998,1628,659,1565
1386: 1550,129,666,1533
1387: 341,563
1388: 808,35
1389: 1018
1390: 662
1391: 1509,1009,695,362
1392: 710,1254,410,805
1393: 106,820,1531,353
1394: 803
1395: 1793,785
1396: 407,323,1502
1397: 1119
1398: 978,964
1399: 506,1349,1447
1400: 1065,1196
1401: 1234,1303,1366,1037
1402: 1434,278,225
1403: 1605,760
1404: 910,1282,780,1528
1405: 372,490
1406: 887,1295
1407: 
1408: 389,1073
1409: 1795,1417
1410: 1358
1411: 1131,105,511,265,1791
1412: 1651,363,1218
1413: 282,408,1548
1414: 228,789,332
1415: 1511,1456
1416: 1621,272
1417: 1409
1418: 
1419: 304,692,602
1420: 1334,1055,857
1421: 466,494,1514
1422: 233,1206,287
1423: 
1424: 
1425: 125,722,143,411
1426: 1376,944
1427: 1309,835,1668
1428: 6,1163,865
1429: 1037,247,157,706
1430: 107,298,553,85
1431: 947,1254
1432: 399,1464,1014
1433: 241
1434: 1402,278
1435: 879,1486,439,387,631
1436: 237,755
1437: 515
1438: 321,1217,1375
1439: 127,420,370,99
1440: 1352,1146,1273,395
1441: 999,1525
1442: 
1443: 408,211,180
1444: 1528
1445: 983,427,1177
1446: 912,325
1447: 1349,1399,506
1448: 134,159,1225,1278,801
1449: 594,845,1294,103
1450: 813,1503
1451: 430
1452: 723,1122,1383
1453: 
1454: 1648
1455: 1587,1786,906
1456: 1415
1457: 1641
1458: 592,224,687
1459: 1726
1460: 27
1461: 1321,1465,318,1196
1462: 1694,286
1463: 946
1464: 1432,184,417
1465: 1215,318,1321,1461
1466: 1684,907
1467: 838,1502,183
1468: 1238,599
1469: 1473,481,267,1187,1543
1470: 141
1471: 55,140
1472: 1546,5,1124
1473: 217,481,1469,204,1187
1474: 1713,1091,1129,1494
1475: 691,1182,1310,1790
1476: 1264,353,231,121
1477: 394
1478: 1316
1479: 322,455
1480: 1638,926
1481: 998,1385,355,1565
1482: 1070,1613
1483: 255,685,1370
1484: 865,1499,1317
1485: 135
1486: 879,672,1435,631,566
1487: 544
1488: 746
1489: 1697,131,166,658
1490: 1033,1025,1116
1491: 821,1350
1492: 
1493: 671,982,1186,204
1494: 1160,1474,271
1495: 649,8,81
1496: 385,1654,1568
1780: 534
1498: 1580
1499: 1292,1317,1484
1500: 895,55,1660,567
1501: 109,858,678,708
1502: 838,1467,1396
1503: 813,1450,530,1520
1504: 79,1769,65,1180
1505: 433,1086
1506: 459,1140,1311
1507: 110,283
1508: 824,849
1509: 1391,1009
1510: 200,983,427,1126,22,380
1511: 1032,1415
1512: 73
1513: 784
1514: 1421,1685
1515: 945
1516: 11
1517: 816
1518: 1010,1168,1523,1075
1519: 1192
1520: 641,1088,813,1503,530
1521: 1241,890,50
1522: 650,1658,1614,536
1523: 1518,1075
1524: 356,401,614
1525: 1652,1441,1124
1526: 719,307,592
1527: 698
1528: 780,1404,1444
1529: 120,1370,685
1530: 284
1531: 1264,353,612,1393
1532: 913,1047
1533: 666,1386
1534: 1601
1535: 
1536: 669,976,264,1676
1537: 1283,39,1688
1538: 851,543
1539: 1242,191
1540: 1194,1549
1541: 1757,285,369,334,183
1542: 647,28,409
1543: 84,315,1469,267,1187
1544: 621,539,1174
1545: 1365,1231,1121
1546: 1472,5,401
1547: 707,1655
1548: 408,1413
1549: 1194,440,1540
1550: 1386
1551: 1111,559,1321,436
1552: 1031,15,1663
1553: 476,529
1554: 1622,968,1788
1555: 75,1302,130
1556: 1384,873,198
1557: 1783,9,435,1647
1558: 1290,1642
1559: 1740
1560: 
1561: 1796,1368
1562: 765,1240,960,738,536
1563: 
1564: 683
1565: 355,1363,1481,1385
1566: 835,740
1567: 815,630
1568: 809,1134,1496,1654
1569: 767,1266,1123
1570: 716,811,1575
1571: 840,1056
1572: 428
1573: 199,391
1574: 1243,744
1575: 811,1094,1570
1576: 1027,905,921
1577: 320,1056,597
1578: 1122,29,1112
1579: 1078
1580: 676,1313,1498
1581: 1361
1582: 322,360,1361
1583: 537
1584: 218,140
1585: 823,530,1134,1098
1586: 635
1587: 1455,202,1786,675
1588: 184,417,1274
1589: 85,656,553
1590: 64,155
1591: 
1592: 829,1047,913
1593: 418,1379,118
1594: 814,1620,1693
1595: 292,1737,1347
1596: 76,593,1050,1062,347,444
1597: 409
1598: 1126,1692,1044,1055,293,200
1599: 
1600: 636,1038
1601: 30,1534
1740: 1559
1603: 1691,644,1090
1604: 298
1605: 1403
1606: 1638,924,714
1607: 551
1608: 392
1609: 
1610: 1616,450,1260,541,841
1611: 1043
1612: 917
1613: 1070,1482
1614: 1522,650,596,1081
1615: 1350
1616: 1610,52,350,478
1617: 617,974,339
1618: 245,309,358
1619: 302
1620: 1594,812
1621: 661,1416
1622: 968,1554
1623: 1686,965
1624: 1334,1634,1016
1625: 1372,515,258
1626: 1129
1627: 438,483,1200
1628: 623,108,1268,998,1385
1629: 197,1155,923,1139,453
1630: 
1631: 944,552
1632: 238,792,198
1633: 
1634: 1624,1334,267,84,712
1635: 1171,463,1279
1636: 816,130,683,993
1637: 235
1638: 1480,1606
1639: 106
1640: 
1641: 794,1457
1642: 1290,694,1558,419
1643: 273
1743: 699
1645: 
1646: 1676
1647: 1360,1783,1557
1648: 1454
1649: 1307,1067,731,1765
1650: 1207,1095,1023
1651: 1412,268
1652: 999,1124,1525
1653: 1296,1012,1789
1654: 385,1496,1568
1655: 1547
1656: 313,826,268,1235
1657: 1110
1658: 277,1522,650
1659: 
1660: 468,1500,567
1661: 187
1662: 1005,153,1351,1667
1663: 1552
1664: 114,193
1665: 896,1332
1666: 651,364,1765
1667: 1351,770,1662
1668: 835,1427
1669: 42
1670: 512,971,86
1671: 919,949,1264,231
1672: 462,192,925,745
1673: 
1674: 
1675: 713,1089
1676: 264,1536,1646
1677: 1047,1079
1678: 
1679: 84,315,712,1044,347,444,939
1680: 
1681: 402
1682: 1026,1256
1683: 1196,842
1684: 1466
1685: 466,584,1514
1686: 1623,55,895
1687: 1011,1054,1300
1688: 722,1537,1283
1689: 729
1690: 909,878,928
1691: 1603,644
1692: 1126,1598,1044,939,200,22,1040
1693: 1594
1694: 1462,1261,1357
1695: 546
1696: 1102,294
1697: 655,1489
1698: 1213
1699: 929,876