1697: 1788,175,1233,1321
1: 1423,1343,1125
2: 1664,44,753
3: 456
4: 250,883,1177,1509
5: 809,240
6: 1508,1587,849
7: 27,1116
8: 126,1271,1795
9: 245,750,1327
10: 1155,1790,997
11: 300,1307
12: 475,329
13: 411,419,1322,601,663
14: 958,1211,874,1528,99
15: 1190,831,1614,416
16: 558,1088,355,712
17: 1388,227
18: 
19: 943
20: 1495,664
21: 1454
22: 1378,852
23: 
24: 
25: 1389
26: 1790,1044,651,608
27: 1666,617,1116,1629,1509,7
28: 1436,1386
29: 
30: 996
31: 
32: 895,1399,1231
33: 1646,970
34: 1197
35: 1465,1290,1185,526
36: 828,81,240
37: 246
1672: 353,1449
39: 1252,921
40: 
41: 468,1060,389
42: 317,102
43: 904
44: 214,225,1664,2
45: 440
46: 596
47: 787,1436
48: 952,912,1459,298
49: 1789
50: 
51: 157,1221,1429
52: 841,227
53: 563,1165
54: 1319,463,1581
55: 
56: 456,1612
57: 
58: 481,375,823,857
59: 776,1682,614
60: 1472,523,1795
61: 79
62: 1394
1757: 1259,1730,117,1278
64: 893,289
65: 200,857,1469
66: 153
67: 591
68: 156,638,872,144
69: 873,1674
70: 676,685
71: 991,1098,809,741,610
72: 130,993,751
73: 1606,540,1474
74: 1405,215
75: 1597,954
76: 182,700,1756,811,1702
77: 565,810,590,348
78: 344,118,219
79: 969,61,1267
80: 1755,1006
81: 1568,981,36
82: 
83: 1086,1278,433
84: 982,575,761,577,1745,1312,1309
85: 754,849
86: 876,1670,1062,638,1598
87: 1126,939,171,1144
88: 1493,479,208,1136,1570
89: 1645,1248
90: 324,600,430,766,177
91: 173,803,1500
1692: 1200
93: 
94: 685,1270,812
95: 295,708,826
96: 688,1141
97: 1174,1546,1419
98: 485
99: 1528,609,874,14,1789
100: 1529
101: 314,1605,1536,1130
102: 42
103: 925,732
104: 374,1356
105: 945
106: 
107: 618,272,365,936
108: 371,1255
109: 1432,1681
110: 1026,962
111: 209,126
1675: 1595,1540,413,1421
113: 1486,1333,488,136,479,603
114: 1224,278,214,225
115: 520,1115,1201
116: 425
117: 1259,1757
118: 78,344,219,551,358
119: 1401,548,973
120: 1089,1667,764
1668: 285,381
122: 438,521
123: 403,1791,560
124: 247,1096,1447
125: 366,1788
126: 8,111
127: 1689
128: 1456,129
129: 128
130: 72
131: 1377
132: 586,1077
133: 1031
134: 1259
135: 151
136: 274,488,354,113,603
137: 1294
138: 
139: 
140: 733,1150,516,1408
141: 1296
142: 
143: 1093,303,1337,499,145
144: 380,68,638,872
145: 499,1093,143,1635
146: 1532,1047
147: 919,1070
148: 1401,1025
149: 
1728: 1171
151: 135
152: 1619,233
153: 66
154: 166,647,961,1792,1636
1693: 1451,1459,1138,752
156: 68,700,852
157: 51,1367
158: 1103
159: 
160: 936,1430
161: 173,1012,1137
162: 1262,367,1210
163: 1311
164: 1171
165: 
166: 647,154,1792,790
167: 1173,1600,1588
168: 1052,866
169: 1402,1428,890
170: 1572,1623
171: 1699,87,939
172: 1032,243
173: 161,230,91,803
174: 1508
175: 1233,1788,1697
176: 1524
177: 1778,766,90,324
178: 
179: 1484,1104,1630
180: 1651,1492,1677
1669: 326
182: 700,76,315
183: 1566,1624,793,1148,1502
184: 643
185: 1245
186: 1277,1647,635
187: 942,1168
188: 891,555,1228,1793
189: 1354
190: 
191: 645,195,465,221,744
192: 525
193: 
194: 
195: 1492,465,191,221
1756: 306,811,76,765,1702
197: 1288
198: 
199: 1069
200: 1016,65,1469,1473
201: 1654,310,473
202: 1535,338
203: 217,1226,1504,482,759
204: 293,1180
1782: 724,1625,792,1384,1353
206: 1108,1517,1577,1419
207: 1446,588,345,422
208: 1493,88,1503
209: 111,690,1039,813,1795
1683: 1465,526,654,450
211: 1413
212: 655
213: 1476,1372
214: 44,980,278,1170,114
215: 74
216: 1584,1145
217: 1226,203,1504
218: 704,1042
219: 78,344,118,1251,1491
220: 1122,723,1089
221: 1218,195,191,744
222: 1631,779
223: 659,1117,1565,337,1486,1333,1628
224: 1494,756,1160
225: 675,114,44,1664
226: 814,1438,1726,1594,1793
227: 1079,52,17,1388
228: 1139
229: 
230: 1638,173
231: 437
232: 324,1007
233: 1145,706,152
234: 1563
235: 850,782
236: 891,1328,1326,478
237: 1542,1113,1249
238: 1632,1384
239: 1433,1545,1382
240: 809,741,36,5
241: 1063,244
242: 266,974,1402
243: 1032,172,902
244: 1584,241,398,933
245: 9,750,1251,1491,418,1131
246: 37,888
247: 1096,1575,124,619
248: 1266,1330
249: 507,910,1189
250: 883,1177,4
251: 1301
252: 
1730: 1259,1757,377
254: 1125
255: 
256: 549
257: 1622
258: 635,289
259: 1789
260: 860,899,1033,1478
261: 
1765: 1620,1015
1792: 1636,166,154,1216,1511,790
264: 1351,1213
265: 916
266: 675,242,1499
267: 1395
268: 1159
1667: 896,460,1089,120
270: 1791,622
271: 836,1458
272: 365,107,936
273: 1457,1466
274: 136,530,457,1450,354,603
275: 1295,1655
276: 748,292
277: 1627,1257,986,1209
278: 114,214
279: 
280: 924,1029,720
281: 
282: 653,301,1168,1123
283: 387,1379,627
284: 1306
285: 1668,734,1312
286: 493,1412
287: 1050,650,1552
288: 875,717,1022
289: 635,258,64
290: 
291: 1601,309
292: 276,748
293: 204,481,1180
294: 1338,1740,1078,1023
295: 744,708,95
296: 
297: 921,755,1576
298: 976,48
299: 956
300: 11,1188,1158
301: 282,1123
302: 1137
303: 1468,143,1337
304: 1538,776
1789: 49,1528,99,259,810,590
306: 1756,811,632,1596,765,998
307: 1175
308: 1571,459,1550
309: 583,291,1601,1593
310: 201,1227,838
311: 448
312: 1397
313: 1381
314: 976,101,1284
315: 1040,371,182
316: 595,1685
317: 42
318: 436,1345,1322
1755: 80,1281
320: 351,1108,709
321: 1774,1015,1483
322: 934,532
323: 1496,948,369
324: 90,1007,177,232
1684: 887
326: 1669
327: 790,1479,673
328: 605,948
329: 12,475,630,1111,1090
330: 732
331: 890,773,1655
332: 
333: 715
334: 835,407,1086,421
335: 549
336: 892,907,804
337: 1186,393,1486,1628,223
338: 202
339: 897,966,1666,617
340: 1626,729
341: 1586
342: 1640
1691: 903
344: 78,118,219,981,1251
345: 1055,422,1591,207,1420,728
1760: 1195,1670
347: 536,561,598,1303
348: 1422,590,77,565,1091
349: 1140,1161
350: 1600,1588
351: 898,1682,614,709,320
352: 573,1463
353: 626,1672,1398
354: 439,488,136,274,530
355: 1570,1663,16,558,1088
356: 510,566,469,602
357: 1548,379,1107,493,1412
358: 551,118
359: 1600
360: 559,673
1687: 704,1471
1678: 649,963
363: 1185,1235,1243
364: 
365: 272,770,107,618
366: 125
367: 162
368: 597,612,1358,503
369: 948,323
370: 958,696
371: 108,1255,315
372: 
373: 
374: 104,453
375: 481,1180,58,823
376: 
377: 407,1730
378: 1266
379: 357,1548,942,1412
380: 144,872,1699
381: 1134,1668
382: 1383,1662,1578
383: 557,1561
384: 1363,1240,1190,831
385: 
386: 427,977,1570,1088
387: 1379,959,1271,283
388: 641,538
389: 41
390: 
391: 
392: 1066,686,1283,861
393: 337,435,1628
394: 999,1237,801
395: 1635
396: 1006,1276,1525
397: 736
398: 742,933,965,244
399: 1351
400: 1149,1368,1269
401: 1441
402: 1035,992,1464
403: 123,1783,1791
404: 1072
405: 989
406: 870,535
407: 377,1086,799,334
408: 846,1780
409: 1386
410: 1553,694
411: 13,419,1322
412: 764
413: 1540,1675,1332
414: 1435,1068
415: 424
416: 684,15,831
417: 1047,858,1403
418: 1491,245,1131
419: 13,411,601,972
420: 1658,730,1189
421: 799,334,835,1223
422: 345,1055,1591,785,588,207
423: 771,498
424: 415,693
425: 116,1515
426: 1031,1291,730
427: 386,977,1088,1596,712
428: 1355
429: 802
430: 766,90
431: 1607,672
432: 628,1794
433: 83,950,1369
434: 1029,569
435: 1308,1628,393,1565
436: 1345,318,1461,1322
437: 231,1671,503
438: 122,521
439: 488,354,1585,648
440: 770,656,1112,45
441: 1058,1268,1240,623
442: 1370,1380,819,747
443: 1694
444: 1255
445: 1501
446: 1455
447: 
448: 311
449: 1120,1781,1263
450: 1065,1683
451: 
452: 1781
453: 374
454: 1524,885,690,605,813
455: 1544,1361,532
456: 56,3
457: 274,530,1450,671,1184,593
458: 1301
459: 1571,308,621,1550
460: 1667,896,1004
461: 1074
462: 1030,1409
463: 54,1321,1318,762
464: 889,1470
465: 195,1492,1053,645,191
466: 1183,1580
467: 1372
468: 41,1060
469: 602,356,510
470: 815,1442,1597
471: 1513,1011,926,714,500
472: 1377
473: 201
474: 1484
475: 12,329,934,532,1090
476: 
477: 796
478: 812,1267,236
479: 1493,88,603,113,1333,1136
480: 
481: 375,1180,58,1016,293
482: 759,562,203,1504
483: 1234
484: 1379,967
485: 98
486: 1467,951,1448
487: 
488: 439,354,648,136,113
489: 1788,1286,1400
490: 1348,1599
1708: 
492: 1561,612
493: 286,1412,1107,357
494: 880,1498,1726,1007,600
495: 1557
496: 552,1530,1478
1796: 1024,579
498: 423
499: 145,143,1337
500: 1513,471
501: 1463
502: 1114,1650,1784
503: 1671,437,368
504: 1569
505: 995,1617,824,853,578
506: 674
507: 249,910,1658
508: 643,1432,1014
509: 923,1414,1774
510: 356,566,469,1525
511: 1000,1147
512: 535
513: 901
514: 842
1680: 
516: 733,140
517: 1482,1534
518: 679,1440
1791: 622,607,1783,270,123,403,560
520: 115
521: 438,122
522: 960,1781
523: 1039,1795,60
524: 1532
525: 192,925
526: 1465,1683,35
1790: 26,10,608,1082,997,1132,1490
528: 
529: 
530: 274,457,1450,783,354
1737: 882,1698,715
532: 322,934,455,475
533: 1217,1514,1009,923
534: 653,767
535: 512,406
536: 347,650,561
537: 
538: 1148,1502,388,641
539: 1555
540: 73
541: 1616
542: 
543: 1456
544: 1359,806
545: 832
546: 1426,580
547: 
548: 119
549: 256,335
550: 963,1495
551: 1417,358,118
552: 833,496,1179
553: 1549,656,1112,669
554: 1781
555: 691,891,1328,188,1793
556: 1093,1418,1440
557: 1024,383
558: 16,1663,355
559: 360,673,658
560: 1230,1791,622,123
561: 347,536,1303
562: 1049,482,759
563: 53
564: 1580,1313,1208
565: 1210,77,348
566: 356,510,1525,605
567: 1231
568: 1383,1662
569: 1029,434
570: 
571: 1095,1338
572: 1443,1431,1215,663
573: 1463,352
1685: 316,595
575: 982,84,1745,1427
576: 1318,762
577: 1148,1309,84,761
578: 1434,853,1617,505
579: 1212,1796
580: 546
581: 785
1795: 879,8,209,1039,523,639,60,1618
583: 309,703,1601
584: 
585: 705,1362,737
586: 1156,132,1077,836
587: 1323,876
588: 1267,1326,785,422,207
589: 1003
590: 810,1789,77,348
591: 67
592: 1129,756
593: 1184,457
594: 1437,634
595: 316,1685
596: 1781,46
597: 368,612,1034,959
598: 1081,347,957
599: 694,1608
600: 90,760,494,1498
601: 1215,663,13,419
602: 1043,469,356
603: 1493,479,136,274,113
604: 743,670,1621
605: 328,566,454,885
606: 923,1475
607: 856,1783,1791
608: 1082,983,1044,1790,26
609: 99,874,780
610: 1236,71,1098,809
1690: 
612: 597,368,492,1531
1699: 171,380
614: 59,1256,351,1682
615: 1284
1783: 1147,607,1000,1791,403
617: 27,1666,1116,339
618: 107,770,365
619: 1094,247
620: 1451,912
621: 1550,459,739
622: 1791,270,560
623: 1363,1240,441
1670: 1760,86,876,1062
625: 820
626: 353,634,1476
627: 283
628: 721,1794,432
629: 887
630: 1489,329,1111
631: 1186
632: 977,1040,306,811
633: 1481,957
634: 1437,594,626
635: 258,289,186,1647
636: 1004,864
637: 
638: 1062,1598,86,68,144
639: 1271,1795,1618
1785: 1325,835,1223,1314,1566,1167
641: 734,388,538,1309
642: 
643: 184,508
644: 954,1603,1113,751
645: 1053,191,465
646: 665
647: 166,154
648: 439,488
649: 1678,963
650: 738,1050,287,536
651: 1044,1510,929,26
652: 1527
653: 282,534,767
654: 1592,1154,1683
655: 1551,212
656: 440,770,1112,553
657: 1612
658: 834,559
659: 223,1117,1565,1058,1663
660: 898,1118
661: 723,1089
662: 1080,1064,953
663: 1215,601,572,13
664: 20
665: 1512,646
666: 1787
667: 871,1376
668: 
669: 553,1005
670: 743,604,1621
671: 1450,1427,457
672: 431
673: 559,360,327
674: 506,1120,843,1202
675: 266,225,1664,1402
676: 1313,70,685
677: 974,1695
678: 
679: 518,1273,1002
680: 
681: 906,1217,1514
682: 
683: 934,1090
684: 416,1189,831
685: 1208,1270,94,676,1313,70
686: 987,392,861
687: 1129
688: 96
689: 1631,1143
690: 1524,454,209,1039,813
691: 555,1793,1438
692: 1582
693: 1025,424
694: 1608,599,410
695: 1641,1155,1164
696: 370
697: 1652
698: 
699: 1470,1296
700: 182,852,76,156
701: 1085,1264
702: 
703: 583,1615
704: 1687,1300,218
705: 1023,1320,585,1362
706: 233,1063
707: 1346,966,1241
708: 295,95,992
709: 351,898,320
710: 940
711: 
712: 1596,427,16,1088
713: 868,1416,1786
714: 926,1106,471,1653
715: 1061,333,1737,1698,1604
716: 1193
717: 288,875,1613
718: 1233,1171,1319
719: 1181
720: 1029,280
721: 628
722: 834,905,1537
723: 220,661
724: 1782
1689: 127,758
726: 1365,1429
727: 1266
728: 1420,345,1341
729: 1160,340,1519
730: 420,1291,426
731: 1253
732: 330,103
733: 1150,140,516
734: 641,285,1312,1309
735: 
736: 397
737: 585,1207
738: 1050,650,1522,1575
739: 621,1056
740: 1634,1473,1187
741: 809,240,991,71
742: 398,933
743: 670,896,604
744: 295,191,1218,221
745: 1393,1449
746: 1506
747: 778,442
748: 276,292,1250
749: 1477,1146
750: 245,9,1327,821,1131
751: 993,954,644,72
752: 1693,1459,760
753: 1406,2
754: 85
755: 1425,1576,297
756: 224,592
1688: 1196
758: 1689,1099
759: 482,1049,562,203
760: 1138,752,1498,600
761: 982,84,1148,577,1624
762: 463,1318,576
1745: 1312,84,575,1543,1427
764: 412,120
765: 1522,998,1702,1756,306
766: 430,90,177
767: 653,534
768: 
769: 807,1282
770: 440,656,365,618
771: 423
772: 909
773: 331,1655
774: 1045
775: 
776: 59,304,1275
777: 
778: 975,819,747
779: 907,1631,222
780: 874,609
781: 1316,1356
782: 235
783: 1543,1450,1427,530
784: 1526,1474
785: 581,588,422
786: 1091
787: 1069,47,1436
1787: 1017,666
789: 922,1391
790: 327,1792,166
1679: 1187
792: 1782,1384
793: 1467,951,1502,183
794: 
795: 806
796: 477,1265
797: 1185,1290
798: 1134,1496
799: 421,407
800: 
801: 1225,394,999
802: 429
803: 1500,173,91,1137
804: 336
805: 947,1166,1648
806: 544,795
807: 769
808: 
809: 240,741,71,610,5
810: 590,1789,77
811: 1756,306,1040,632,76
812: 478,94
813: 1039,454,885,690,209
814: 226
815: 470,1056
816: 
817: 1283
818: 
819: 975,778,442
820: 625
821: 1601,750,1327,937
822: 1686,1584,933
823: 1314,1624,375,58
824: 995,1617,505,1224
825: 1250
826: 1028,95,842
827: 859
828: 1251,36
829: 994
1726: 494,880,1007,1438,226
831: 15,1190,384,416,684
832: 545,1513,1300
833: 552,1572
834: 722,1537,658,1196
835: 334,421,1223,1325,1785
836: 271,586,1036
837: 
838: 1633,1227,310
839: 
840: 1043,1564
841: 52,913,1501
842: 1464,826,514
843: 1349,1120,674
844: 1159
845: 
846: 408,1558,1554
847: 
848: 
849: 1587,85,6
850: 235
851: 
852: 700,156,1378,22
853: 1292,578,505
854: 1079
855: 1205
856: 607
857: 65,58
858: 1047,1532,417
859: 953,827
860: 260,899
861: 392,686,1283
862: 
863: 
864: 636,1332,1178
865: 
866: 1052,168
1721: 1434,1617,1484,1104
868: 713,1416,1621,1222
869: 1285
870: 406,1445
871: 667
872: 68,144,380
873: 69,1674,904
874: 780,1211,14,99,609
875: 288,717,1022,1613
876: 86,1670,587
877: 1220
878: 
879: 1795,1618,1568
880: 494,1498,1726,1438
881: 
882: 1646,1737,1698
883: 250,897,4
884: 
885: 454,605,813
886: 1487
887: 1684,629
888: 246
889: 1077,464
890: 331,1163,169,1428
891: 1328,188,236,555
892: 336
893: 64
894: 
895: 32,1660,1545
896: 1667,460,743
897: 339,883,966
898: 351,1682,660,709
899: 260,860,1033
900: 1383,1061
901: 513
902: 243
903: 1691,1151
904: 873,43
905: 1146,722
906: 681
907: 779,336
908: 1169,1188,930
909: 1589,772,1536
910: 507,249
911: 
912: 48,952,620,1451
913: 841
914: 1306
915: 
916: 265
1695: 1428,974,677
918: 919,1435
919: 147,1435,1068,918
920: 1052
921: 297,39
922: 789,1241,1346
923: 606,509,1217,533
924: 280
925: 103,525
926: 714,471
927: 
928: 1347
929: 651
930: 1272,908,1298
931: 
932: 1252
933: 742,398,1584,244,822
934: 322,532,475,683,1090
935: 
936: 272,107,160
937: 1327,1520,821
938: 1027
939: 87,171,1076
940: 710
941: 1563
942: 187,1046,1548,379
943: 1334,19
944: 1199,1460
945: 1515,1407,105
946: 1336
947: 1166,805,1648
948: 369,328,323
949: 978,1393,1398
950: 433,1369
951: 793,486,1654
952: 48,912,1459,1451
953: 662,859
954: 644,751,75
955: 
956: 299
957: 633,1481,598
958: 14,370,1528
959: 1034,597,387,967
960: 522
961: 1636,154
962: 1026,1611,110
963: 550,649,1678,1495
964: 1534,1293
965: 1209,1627,398
966: 897,339,707
967: 1379,484,959
968: 1413
969: 79,1504
970: 1453,33,1646
971: 1132,1082,1037
972: 1635,419
973: 1401,119
974: 242,677,1695
975: 819,778
976: 298,314,1284
977: 386,427,632
978: 949
979: 1556
980: 214,1170
981: 1568,81,344
982: 84,575,761,1180
983: 608,1082,1037
1781: 596,1263,1081,554,449,522,452
985: 1002
986: 1257,277
987: 686,1780
1784: 502
989: 1304,405
990: 1448
991: 71,1472,741
992: 708,402
993: 751,1511,72
994: 829
995: 824,505,1224
996: 30,1507
997: 1164,10,1155,1790
998: 1522,765,1562,306,1596
999: 394,801
1000: 511,1783
1001: 
1002: 1431,1280,985,679
1003: 589
1004: 636,460
1005: 669
1006: 396,80
1007: 324,494,1726,232
1682: 351,898,59,614
1009: 533
1010: 1020
1011: 1513,471,1653,1300
1012: 1606,161
1013: 1269,1151
1014: 1589,508,1605
1015: 1765,1529,321
1016: 200,481,1473
1017: 1787
1018: 
1019: 1387
1020: 1347,1010
1021: 
1022: 1353,288,875
1023: 705,1320,294,1329,1740,1362
1024: 1796,557
1025: 1401,693,148
1026: 962,1611,110
1027: 938
1028: 826
1029: 569,720,280,434
1030: 1409,462
1031: 426,133,1291
1032: 243,172
1033: 1478,260,899
1034: 959,597
1035: 402
1036: 1444,1156,836,1626
1037: 983,971
1038: 1505
1039: 813,523,690,209,1795
1040: 315,632,811
1041: 1139,1172
1042: 1471,218
1043: 840,602,1652
1044: 1510,651,608,26
1045: 774
1046: 942,1518,1548
1047: 858,1260,146,417
1747: 
1049: 562,1226,759
1050: 738,650,287,1562,1552
1051: 1411
1052: 866,920,168
1053: 645,465
1054: 1106
1055: 345,422,1591,1420
1056: 1582,815,739
1674: 873,69
1058: 659,1565,1663,1308,441
1794: 1176,1340,628,432
1060: 468,41
1061: 715,1604,1383,900
1062: 638,1670,86
1063: 706,241,1145
1064: 662,1080
1065: 450,1592,1656
1066: 392,1648
1067: 
1068: 1435,919,414
1069: 787,199
1070: 147,1556
1071: 
1072: 404,1359
1073: 
1074: 461
1075: 1661
1076: 939
1077: 889,586,132
1078: 1740,294
1079: 227,854
1080: 662,1064
1081: 598,1303,1781,1263
1082: 608,983,1790,1132,971
1702: 765,1756,76,1378
1084: 1639
1085: 701
1086: 83,407,334
1087: 1637,1181
1088: 16,355,1570,386,427,712
1089: 120,220,661,1667
1090: 1111,934,475,329,683
1091: 348,1422,786
1092: 1396,1203
1093: 556,143,145
1094: 619,1349
1095: 571
1096: 247,1575,124
1097: 1318
1098: 71,610
1099: 758
1100: 1506
1101: 
1102: 1559,1342
1103: 158
1104: 1499,1721,179,1484
1105: 1370,1305
1106: 1054,714,1653
1107: 357,493
1108: 206,1577,320,1149
1109: 
1110: 
1111: 1090,329,630
1112: 440,656,1549,553
1113: 237,1249,644
1114: 1650,502
1115: 115
1116: 27,1666,617,7
1117: 223,659,1333,1136
1118: 1212,660
1119: 
1120: 843,449,674
1121: 1206,1382
1122: 220
1123: 282,301
1124: 1281
1125: 1343,254,1
1126: 87,1144,1244
1696: 1362,1207,1740,1324
1128: 
1129: 592,687
1130: 1536,101
1131: 418,245,750
1132: 971,1082,1790
1133: 
1134: 381,798
1135: 1174
1136: 1570,1333,88,479,1117
1137: 302,161,803
1138: 760,1693
1139: 1041,228
1140: 349
1141: 96,1315
1142: 1541
1143: 1631,1214,689
1144: 87,1126
1145: 233,1063,216
1146: 749,905
1147: 1360,1783,511
1148: 538,577,1502,183,1624,761
1149: 400,1108,1577
1150: 733,140
1151: 903,1013,1269
1152: 
1788: 125,1286,175,1697,489
1154: 654,1286
1155: 10,997,695
1156: 586,1282,1036
1673: 1430,1317
1158: 300,1272
1159: 268,844,1443
1160: 729,1494,224
1161: 349
1162: 1297
1163: 890
1164: 997,1641,695
1165: 53
1166: 947,805
1167: 1785,1314
1168: 282,187
1169: 908
1170: 980,214
1171: 1728,164,718
1172: 1253,1041,1288
1173: 167
1174: 97,1135
1175: 307
1176: 1794,1340,1239
1177: 1219,250,4
1178: 1332,864
1179: 552
1180: 481,375,982,293,204
1181: 1087,719
1182: 1234
1183: 1403,466
1184: 593,457
1185: 797,363,1290,1235,35
1186: 337,631
1187: 1679,740
1188: 908,300
1189: 684,249,420
1190: 15,831,384,1240
1191: 
1192: 1494,1637
1193: 716
1194: 
1195: 1760
1196: 1688,834
1197: 34
1198: 1242
1199: 1460,944
1200: 1445,1692
1201: 1410,115
1202: 674
1203: 1092
1204: 
1205: 855
1206: 1121,1382
1207: 1362,1696,1324,737
1208: 685,1313,564
1209: 965,1257,1627,277
1210: 565,1512,162,1262
1211: 874,14
1212: 1118,579
1213: 264,1351
1214: 1143
1215: 601,663,1431,572
1216: 1511,1792
1217: 1514,533,681,1620,923
1218: 221,744
1219: 1177,1272
1220: 877
1221: 1627,51
1222: 1455,868
1223: 421,835,1325,1785
1224: 114,995,824
1225: 801
1226: 217,203,1049
1227: 838,1633,310
1228: 1310,188,1793
1229: 1614,1615
1230: 560
1231: 1399,32,567
1694: 443,1640
1233: 175,718,1697,1319
1234: 483,1182
1235: 1185,363
1236: 610
1237: 394
1671: 1358,503,437
1239: 1176
1240: 1363,384,623,441,1190
1241: 922,1346,707
1242: 1198,1592
1243: 363
1244: 1126
1245: 185
1774: 321,509,1414,1665
1247: 1582
1248: 89
1249: 237,1542,1113
1250: 825,748
1251: 828,344,219,1491,245
1252: 39,932
1253: 1172,731
1254: 1392
1255: 444,371,108
1256: 1517,1275,614
1257: 1366,986,1209,277
1258: 
1259: 1757,1730,117,134
1260: 1047
1261: 
1262: 162,1512,1210
1263: 1781,1081,1303,449
1264: 1531,1507,701
1265: 1395,1420,796
1266: 248,1330,727,378
1267: 588,1326,79,478
1268: 1308,441
1269: 1013,400,1151
1270: 685,94
1271: 639,8,387
1272: 930,1158,1219
1273: 679
1274: 1595
1275: 1256,776
1276: 396
1277: 186
1278: 1757,83
1279: 
1280: 1431,1002
1281: 1124,1755,1564
1282: 769,1156
1283: 817,392,861
1284: 615,976,314
1285: 869
1286: 1788,1154,489
1793: 1594,188,691,555,1310,1228,1438,226
1288: 1172,197
1289: 
1290: 1185,797,35
1291: 730,1031,426
1292: 853
1293: 964
1294: 1449,137
1295: 275,1457
1296: 141,699
1297: 1162
1298: 1483,930
1299: 
1300: 704,1011,1653,832
1301: 458,251
1302: 1603
1303: 1081,347,561,1263
1304: 989
1305: 1469,1370,1105
1306: 914,284
1307: 11
1308: 435,1565,1058,1268
1309: 1312,734,641,577,84
1310: 1228,1793
1311: 163
1312: 1745,1309,734,285,84,1543
1313: 676,564,1208,685
1314: 1566,823,1785,1167
1315: 1141
1316: 781,1356,1572
1317: 1535,1587,1673
1318: 1097,463,762,576
1319: 54,1321,718,1233
1320: 1023,705,1329,1650
1321: 1319,463,1697
1322: 13,411,436,318
1323: 587
1324: 1207,1696
1325: 1785,835,1223
1326: 588,1267,1446,236
1327: 1520,9,750,821,937
1328: 891,236,555
1329: 1338,1023,1320
1330: 1266,248,1339
1331: 
1332: 1178,864,413
1333: 1486,113,479,223,1117,1136
1334: 943,1395
1335: 1392
1336: 946
1337: 303,143,499
1338: 294,1329,571
1339: 1330
1340: 1794,1176
1341: 728
1342: 1559,1102
1343: 1125,1
1786: 713,1508
1345: 436,318,1461
1346: 707,922,1241,1391
1347: 1020,928
1348: 490,1599
1349: 1094,843
1350: 
1351: 264,1213,399
1352: 
1353: 1022,1782
1354: 189
1355: 428
1356: 104,781,1316
1357: 
1358: 1671,368
1359: 544,1072
1360: 1147
1361: 455
1362: 1207,1696,1740,1023,705,585
1363: 384,1240,623
1364: 
1365: 726,1429
1366: 1257
1367: 157
1368: 400,1611
1369: 1505,1541,433,950
1370: 1380,442,1305,1105
1676: 
1372: 467,1476,213
1778: 177
1374: 1609
1375: 
1376: 667
1377: 1425,472,131
1378: 22,852,1702
1379: 387,484,967,283
1380: 1370,442,1591
1381: 313
1382: 1206,1121,239
1383: 900,1662,1061,568,382
1384: 1782,792,238
1385: 1614
1386: 409,28
1387: 1019
1388: 17,227
1389: 25
1390: 1657
1391: 1346,789
1392: 1335,1254
1393: 1398,745,949
1394: 62
1395: 1265,267,1334
1396: 1092,1489
1397: 312
1398: 1393,353,949
1399: 1231,32
1400: 489
1401: 1025,119,973,148
1402: 675,242,169
1403: 1183,417
1404: 
1405: 74
1406: 753
1407: 945,1515
1408: 140
1409: 1030,462
1410: 1201,1488
1411: 1051
1412: 286,493,357,379
1413: 211,968
1414: 509,1774,1665,1475
1415: 
1416: 868,713,1621
1417: 551
1418: 556
1419: 1577,1517,97,206
1420: 728,345,1055,1265
1421: 1549,1675,1540
1422: 348,1091
1423: 1,1485
1681: 109
1425: 755,1576,1377
1426: 546
1427: 1543,1450,783,1745,575,671
1428: 1695,169,890
1429: 1365,726,51
1430: 160,1673
1431: 1002,1280,1215,572
1432: 109,508
1433: 239,1686,1545
1434: 578,1721,1617
1435: 1068,919,918,414
1436: 28,787,47
1437: 594,634
1438: 226,691,880,1726,1793
1439: 
1440: 518,556
1441: 401
1442: 470
1443: 572,1159
1444: 1036,1626
1445: 1200,870
1446: 207,1326
1447: 124
1448: 990,1654,486
1449: 1294,1672,745
1450: 783,1427,671,274,530,457
1451: 1693,620,952,912
1452: 
1453: 970
1454: 21
1455: 1222,446
1456: 543,128
1457: 273,1295
1458: 1519,271
1459: 48,952,1693,752
1460: 1199,944
1461: 436,1345
1462: 
1463: 501,573,352
1464: 842,402
1465: 1683,35,526
1466: 273
1467: 793,486
1468: 303
1469: 1305,200,65
1470: 699,464
1471: 1687,1042
1472: 60,991,1568
1473: 1634,740,1016,200
1474: 1606,73,784
1475: 606,1414,1665
1476: 213,626,1372
1477: 749
1478: 1033,496,260,1530
1479: 327
1480: 
1481: 633,957
1482: 517
1483: 321,1298
1484: 179,1721,474,1104
1485: 1423
1486: 113,1333,337,1628,223
1487: 886
1488: 1533,1410
1489: 630,1396
1490: 1790
1491: 418,219,1251,245
1492: 195,465,1651,180
1493: 88,479,208,603,1503
1494: 224,1160,1192
1495: 20,963,550
1496: 323,798
1780: 987,408
1498: 494,880,760,600
1499: 1104,266
1500: 803,91
1501: 445,841
1502: 538,1148,793,183
1503: 1493,208
1504: 217,203,482,969
1505: 1369,1541,1038
1506: 746,1100
1507: 1264,996
1508: 6,1786,174
1509: 1641,4,27,1666
1510: 1044,651
1511: 1216,1792,993
1512: 665,1210,1262
1513: 471,1011,500,832
1514: 1217,533,681
1515: 945,425,1407
1516: 
1517: 1256,206,1419
1518: 1548,1046
1519: 1458,729
1520: 1327,937
1521: 
1522: 765,998,1562,738
1523: 
1524: 454,690,176
1525: 396,510,566
1526: 784
1527: 652
1528: 99,958,14,1789
1529: 100,1015
1530: 496,1478
1531: 612,1264
1532: 146,524,858
1533: 1488,1538
1534: 964,517
1535: 1317,202
1536: 1130,909,101
1537: 722,834
1538: 304,1533
1686: 822,1433
1540: 413,1675,1421
1541: 1505,1369,1142
1542: 237,1249,1571
1543: 783,1427,1745,1312
1544: 455
1545: 895,1660,239,1433
1546: 97,1555
1547: 
1548: 357,379,1518,1046,942
1549: 1421,553,1112
1550: 621,459,308
1551: 655
1552: 1562,1050,287
1553: 1642,410
1554: 1558,846
1555: 1546,539
1556: 979,1070
1557: 495
1558: 846,1554
1559: 1342,1102
1560: 1573
1561: 492,383
1562: 1522,998,1552,1050
1563: 941,234
1564: 1281,840
1565: 223,659,1058,1308,435,1628
1566: 183,1314,1785
1677: 1610,180
1568: 81,879,1472,981
1569: 504
1570: 355,1136,88,386,1088
1571: 459,308,1542
1572: 170,1316,1623,833
1573: 1560
1574: 
1575: 247,1096,738
1576: 1425,755,297
1577: 1419,1108,206,1149
1578: 382
1698: 1604,882,1737,715
1580: 564,466
1581: 54
1582: 1056,1247,692
1583: 
1584: 244,216,933,822
1585: 439
1586: 341
1587: 849,6,1317
1588: 167,350
1589: 1014,909,1605
1590: 1615
1591: 345,1055,422,1380
1592: 654,1065,1242
1593: 309
1594: 1793,226
1595: 1274,1675
1596: 712,427,306,998
1597: 75,470
1598: 638,86
1599: 490,1348
1600: 359,350,167
1601: 291,821,309,583
1740: 1078,294,1023,1362,1696
1603: 644,1302
1604: 1698,1061,715
1605: 1589,1014,101
1606: 1012,73,1474
1607: 431
1608: 694,599
1609: 1374
1610: 1677
1611: 1026,962,1368
1612: 657,56
1613: 875,717
1614: 1229,1385,15
1615: 1590,703,1229
1616: 541
1617: 824,505,1434,578,1721
1618: 639,1795,879
1619: 152,1638
1620: 1765,1217
1621: 868,1416,670,604
1622: 257
1623: 1572,170
1624: 183,823,1148,761
1625: 1782
1626: 340,1444,1036
1627: 277,1221,1209,965
1628: 435,337,393,1486,223,1565
1629: 1641,27
1630: 179
1631: 1143,689,222,779
1632: 238
1633: 838,1227
1634: 1473,740
1635: 972,395,145
1636: 1792,961,154
1637: 1087,1192
1638: 230,1619
1639: 1084
1640: 342,1694
1641: 1629,695,1509,1164
1642: 1553
1643: 
1743: 
1645: 89
1646: 33,970,882
1647: 186,635
1648: 1066,947,805
1649: 
1650: 1114,1320,502
1651: 180,1492
1652: 697,1043
1653: 1011,1106,714,1300
1654: 201,1448,951
1655: 275,773,331
1656: 1065
1657: 1390
1658: 420,507
1659: 
1660: 895,1545
1661: 1075
1662: 1383,568,382
1663: 659,1058,355,558
1664: 2,44,675,225
1665: 1774,1414,1475
1666: 27,617,1116,339,1509