0: 4526
1: 4085,4773,4462,3896,2823
4450: 3610,3188,1789,2812,1975
4812: 4250,3126
4: 1505,2984
5: 547,272,2131
6: 1950,1279
4620: 409
8: 83,574,3809
9: 1720,2208,53
10: 4790,772,1222
11: 1960,1490,3210
12: 1318,882
4264: 4061
4608: 943,1123,3492,4258,1396,3546,4234
15: 3726,3082,4269,2271
16: 2663,1160,145
17: 1020,4024
18: 1325,527
19: 3861
20: 3854,2640,436,1704,1412,4078
21: 3959,156,4633
4015: 3893,4405,3701,3289
23: 4822,4172
24: 
25: 
26: 1063,2078,3743
27: 1594,3490
28: 2632,3281,1390
29: 
30: 
31: 749,369
4108: 553,3367
33: 3475,2277,1526
34: 1730,1324,2416
35: 
36: 602,780,3466
4088: 
38: 156,3968,4732,1778,404
39: 3879,2632,1363
40: 2077,3824,2669
41: 2707,783
42: 
4669: 3539,1651,3252,4235
44: 1356
45: 2705,2779
46: 1521
47: 
48: 4698,2856,1730
49: 4596,708,1445,1842,2068
50: 2399,732,4482,2301,4804
4776: 205,1617,3303,4143
52: 4221,3559,1196,1418,3709
53: 2126,3640,2208,9
3914: 1193
4306: 1256,1696,3600
56: 103,2218,2338
57: 2137,2351,3002
58: 2635,727,2857
59: 3661,2449,2532,3783,3858
60: 849
4539: 753,2228
62: 3997,4348,2155,1170,1120
63: 1991,3056,3107,3322
4228: 365
65: 2496,4531,1373
66: 2826,3272,4605,3042,4159
67: 3234
4304: 1436,3586,3867
69: 1580
3787: 3150,4203,3319,568
71: 1740
72: 2248,4348,4434,4187,3997
4103: 437,1127,802
74: 4004
75: 4223,3394,366,1326
76: 3478,3251
77: 4578,4185,2613
3819: 1932,3206,1045
79: 1605,3621,3603,3312
80: 2067,761
4367: 1876
82: 2564,3540,255
83: 8,574
84: 3321,3860,2355
85: 3607,1491,2301
86: 1294
87: 1911
88: 
89: 4323,4428,517,1973
90: 
4821: 4644,4510,450,2522,3656,3557,2933
4616: 3728,1134
93: 4268
4041: 1851,864,4801
95: 
96: 
97: 4795,1726
98: 2866,681,767,3476,170
99: 2627
100: 4162,3523,2659
101: 2357,1207,3982
102: 656,4549
103: 2218,56,2338,2953
104: 
105: 353,762
106: 2667,3113
107: 3302,993,4530
4768: 4291,2187,3845,2409,1951,854,2022,990,1782
4167: 
110: 3191,4297,475,2873
3908: 4211,2142,3426
112: 450,4503
113: 3939
3817: 498,3392,3845
3864: 2172,1813
4662: 1861,3633,898
117: 4288,3753,4736
118: 4718,1427
119: 2227
120: 872,2023,2960
121: 2990,3108,3285
4097: 243
4455: 390,640,4488,1354
124: 1661,1288,681,3458
125: 557,612
126: 2588
127: 1619,1414
128: 
129: 
4668: 4207,1706,3583,1970
131: 652,3087,4726
132: 4259,698,4700,2433
133: 2644
134: 2191,3623
4665: 4733,670
136: 2355
137: 
4325: 932,224,3037
4067: 2805,4247,819
140: 4275
141: 2618,4700,544
142: 2800
143: 2152
144: 3394,307,4223
145: 1958,16
4802: 994,951,945
147: 3342,3076,3245
148: 3839,3464
4787: 2795,1384,1821,2954,1914,3366,2170
150: 3037,420,548
4301: 388
152: 3295,3135
153: 4219,2072,4383
3832: 1374,4569,3292,1693,1232,1609,3052
155: 3728,727
156: 3968,4633,38,2860,21
157: 580,1844,4805,791
4191: 
4482: 50,986,4804
4429: 2184,2829
161: 1184,1674,4534
162: 4649
4614: 1182
164: 2596
165: 4617,2523,635,3228,3607
4272: 4628,1278,1245
167: 1732,2078,1494
168: 4765
169: 4281,715
170: 767,3476,98,4518
171: 2146,984
172: 410,2184,2829
173: 4142,3198,4144,517,1722
174: 237,4547,4779,4436
175: 4151,2749
4798: 2445,2879
4715: 
178: 2637,3298
179: 
4534: 3388,3341,161,1674
181: 
4360: 3415,1316,4637
183: 3502,964,4685
4286: 3477,575
185: 2621,2040
186: 2708
187: 4263
188: 876,1967
189: 2563,1343,2119,1227
4052: 3073,3627
191: 2743,1999,270,2678,3650
192: 4378,3396,940
193: 1307,4109,4262,326
4054: 2270,1090,993
195: 
196: 3765,2461
197: 2688,1267
198: 4640
199: 203,2781,285
4558: 2797,1424,1593
201: 2996
4337: 3135,614,3377
203: 199,2690
204: 1392,2809
205: 1617,4776
206: 707
4009: 2500,1880,2572,3416,4823
208: 4423
209: 2263,3046,4658,3227,579
3895: 
4753: 248,2194
212: 4468,420
213: 2717,2659,4369
214: 1002,1200
215: 4659,2570
216: 1465,2748,3438
217: 3601,4642,2853
218: 2267,4799
219: 3210,2090
220: 4817,2222
221: 3807,2704
222: 
223: 3823,289,3701,1112
224: 3037,4325
225: 4411,668
4485: 4477,1026,3963,1254
227: 1106,411,1769,392
228: 2419,4172,4394
229: 3844,1174,294,4079
230: 3759,4416,3854
231: 3634,4694,3220
232: 4814
3830: 974,4626,4459,3964,4390
4394: 4822,429,228,4172
235: 4794,2852,3677
236: 1913
237: 4547,174
238: 2867
4236: 4425,1404,2555
240: 374
4499: 1924,2983
242: 3067
243: 4097
244: 3065
245: 2320,1188
246: 3685,3335,428,4772
247: 3185,3924,1281,2714,4229
248: 4753
4176: 
250: 1766,2025
251: 1815,3518,776
252: 894,4003
253: 559,3053
254: 439,1885
255: 1655,82
4469: 3708,2916
257: 
3939: 3269,3211,113
259: 
260: 973,4075
261: 1135
262: 2606
263: 4212,1034
4484: 
4292: 
266: 4137,2457,287
4586: 3825,4316
268: 1064,3526
4184: 
270: 1730,2678,1999,2856,191
4684: 3904,320
272: 3642,1419,3030,506,5
273: 1440,2584
274: 
275: 
4207: 1284,1373,4668,1706
277: 299,867,604,1554
278: 2736,2723,2659
279: 2432,2831,4767
280: 2181,1063,1604
4373: 3909,2947
282: 1647,4548
3964: 4390,2535,3830,4626,2670
4155: 2783
285: 199,2781,1804
4637: 2995,3202,4360
287: 2457,849,266
4355: 3945
289: 223,3823,4580,3701,3289,4352
290: 3437,2233,2106,1597
291: 
292: 3645,818,1091,4382,1622
293: 494,2436,4722,4530
294: 1174,4183,229
295: 
296: 4121,3363,3655
297: 1228,1647,1642
298: 2028,3758,3374,3173
299: 277,2026
4680: 340,3353,1849
301: 2333
302: 2934,3053,910,883
303: 908,938
304: 3471,3988,2613,3584
3966: 2510,4209,1712
306: 
307: 4723,144
308: 3788,2972,697
309: 1778,1627
310: 4405
4523: 2381,2569
4048: 2915,1637,4657,4339
4279: 2354,1399,1461,4758,3538
314: 531,1249,1680,1229
4811: 4386,1697,4464,2378,1564
4507: 2838,1292,2034
4057: 3173,3974,3758,4112
318: 4613
319: 1471,2715,1646,3855
320: 4684,3904,1081
321: 332,4698,1398
322: 4813,2233,1785,3155,2032,877
323: 414,4752,3362
324: 
325: 413,3812
326: 1793,1680,193
327: 2900,4762,1049,3676
328: 3828,3027,1115,1203,991
329: 3423,3591,3501,4237,4585
4324: 
331: 3446,2441,497,3882
332: 321,429
333: 4801,4065,864,3382,3923
334: 1095,422,2051
335: 722,1767
3969: 976,4606
337: 2132,2452,4800
338: 2981,2497,3331
3976: 4682,2128,3081
340: 4680,4058,4234,3353
341: 1731,3322
342: 1951,2022,602
343: 3810,3159,3848,1167
344: 1113,2229
345: 1550,4705,3836,4569,3292
346: 2095,362,1009
347: 3576,1468
348: 1155,2590
349: 3623,3149,3339,3883
350: 
351: 4635
352: 545
353: 105
4017: 973,4796,2980
355: 3416,1457,4101,2305,4823
356: 3570
357: 1503,2959,1926
358: 3371,526
359: 3696
4682: 3976,3870,4725,1888
361: 
362: 2322,1009,1991,346
4202: 
4115: 4618
365: 2127,939,4228
366: 3394,1215,75,1326
367: 
368: 601,988
369: 530,31
370: 449
371: 
372: 4746,4462,1874,4773,1118
373: 1770,4028,4679,3108
374: 3782,240
375: 1722,2140,4323,3731
376: 3796,3493
377: 2601
378: 2228,2215
379: 3600,3357,3894,1190,4330
380: 1181,888,2707
381: 4771
3899: 1134,3272,551
383: 
384: 3671
4194: 4260
4294: 2596,3712
387: 4691,4243,1677
388: 4301
3873: 3488,4218,2818
390: 4455,4112,640
391: 1133
392: 551,227,953
393: 
394: 4385,882,887
395: 1391,4007,2413
396: 3913
4398: 549,818,3877,1513,2758
398: 4106
4568: 2524,909
4195: 3420,4119,906,2754
4741: 1470
402: 4805,3756,3979,3480
403: 694,1212,2671
404: 3024,4486,2561,38
405: 1403
406: 3336,3559,3525
407: 2776,1000
408: 2320,1914,2170
409: 4620,1531,1939
410: 3180,172
411: 1769,896,678,1106,227
4623: 4213,774,4381,2456,4531,3395
413: 325,2156,1671,4123
414: 323,1378
415: 2697,4193
416: 598,1440,3061
4464: 1697,4811,1484,460
418: 
419: 2900,2366,1068
420: 548,150,3270,212
421: 1240,4548,576
422: 1970,2865,334
423: 1698,2904
424: 3794,3259,1949,1855
425: 1773,2063,567,545
3972: 3343,3230
427: 3047,4708,675,4801
428: 2136,484,246
429: 1757,4394,332
430: 4695
431: 1411,3043,1362,2919
432: 3957,3098,1156
433: 3754,3513
4205: 1538,1820,1665
4111: 1566,833,4819
436: 2640,20,3779,2117,1412
437: 4103,453,535
438: 3452
439: 254,1885,4230
440: 2861
3986: 675,2099,4794
442: 
443: 3978,1664,3007
444: 3869,2967
445: 2979,1323
446: 1406,4451,4238
447: 916,2761
448: 4758,3796
449: 370,4814
450: 112,4821,4510
451: 1970,4709,1284,1583
452: 3385,638
453: 3004,437,535
454: 2575
455: 621,3727
456: 1752,2298
457: 
458: 
459: 3795,3714,1459
460: 1484,4136,4464
461: 1396,4465,3546,3333
4396: 2667
463: 1200,3453
464: 
465: 3025
4178: 3685,2839,2670,2535,3335
4271: 876,3133,3410
4122: 3431
469: 490
470: 
4050: 3647,4071,3349,1955
472: 4018
473: 3167,2881
4006: 4810,4555,1845
475: 110,4297,2691
476: 
4234: 4058,3546,3492,4608,340
4487: 3300,4784
479: 3451,2168,3283,1641
480: 1640
481: 860
482: 1787
483: 
484: 3685,2839,428
485: 
486: 1683,1207,2248,3982
3880: 
4719: 1420
4699: 
490: 1506,2744,469
491: 4703,1183,3178,1577
492: 3089,2256,1829,2709,703
493: 
494: 293,4530,2641
495: 3928,3116
496: 1061,3442,636
497: 1910,3030,3882,331,2441
498: 3817,2531,2187
4348: 2248,72,4187,62,3997,2155
500: 1238,1961
501: 
502: 3128,4763
503: 3785,3372,2817,3283,3451
504: 2823,1079,1005
4619: 4343,2496
506: 739,272,1419
507: 1588,2317
508: 3798,4454,2252
509: 1438,4077,4441,4796
510: 635,2732,2847,4617
4387: 4808,2801
512: 2451,4287,4810
513: 1473
514: 2878,3884,3388,1099
515: 
516: 1713,3360,4036
517: 1973,2249,89,3198,173,1722
3979: 1354,3480,586,402
519: 2220
520: 815,3537,3526
521: 3009,3581,614
522: 2954,1109
523: 2064,2890
524: 2694
525: 4807
526: 3925,358,3318
527: 2327,18,1325,1377
4120: 2932
529: 2881,3592
530: 369,3716,2502
531: 314,1543,3045
532: 2900,1909,1884,2366
533: 
534: 
535: 2150,453,437,2584
4461: 2204,1734,655,890,2634
4229: 692,247,1281,3792
4622: 4552,1765,1101
539: 3866
540: 1028,3336,1448,1418
541: 658,3213,4037,1031,1829,1314
542: 3194
543: 3466,1464
544: 2269,2618,141
545: 567,1773,425,352
3968: 156,4633,38,4732,1778,4542,2364
547: 5,3404,2131
548: 420,3414,150,2343,4206
549: 818,4398,1091,593,1880
550: 4142,1022,1649,3178
551: 392,3899
552: 2837,693,1797,809
553: 3629,1167,4108,3367
554: 3261
555: 
556: 4778,2709
557: 125
558: 3106,1203
559: 253,1512,4533
560: 4397,2802,3953
561: 4375,3882,3642
562: 2875
4262: 1982,3454,193
564: 1145,4188
565: 605,2962,1522,2047
566: 
567: 1753,545,425,2282
568: 3319,1351,3787,4203,4750
569: 3199,914,1985
3959: 21,2793,2860
571: 1070
572: 3386,4063,1541,2409
573: 2330,2646
574: 4519,3809,83,8
575: 4286
576: 1113,421
577: 2586
578: 
579: 1681,209,4658,2649
580: 4540,1844,157,3042,3081
581: 4414
4013: 
4375: 561,4771
584: 2121,1394
585: 
586: 1136,4010,3979
587: 
588: 1376,2272,1176
589: 
590: 1493,3359,2230,3374
591: 
592: 3732
593: 549
594: 1231,2989,2043
595: 983,4361
596: 
4587: 4161,4213,2062
598: 416,2870
599: 4600,4773,4526
600: 2777,4820,4397
601: 368,3501
602: 36,780,342
603: 3313,3116
604: 277,3872
605: 565,2962,2047
4170: 1374,3292,1693,1687,911,1803
607: 4314,2757
608: 
609: 1456
610: 1916,1062,618,2493
4570: 3739
612: 4197,125
613: 3140,2397
614: 1205,3581,521,4337
615: 1540,2712,1517,1854
616: 
617: 4250
618: 3412,610,2493
619: 3074,2467
620: 1018,3649,3691,2099
621: 2319,455,653
622: 1627,4278,1650
623: 1921,1287
624: 2721,4419,765
625: 3937,2721
626: 1434
627: 2217,2008,4779
628: 943,1123
4526: 2908,1893,0,599
630: 2929,1342,644
631: 2542
632: 1713,2687
633: 4583,2889,4076,922
634: 
635: 510,4617,165,3228,972
636: 3080,496
637: 
638: 3385,3456,452,2916
3798: 508,2252
640: 3758,2076,4455,390
641: 
642: 3486
643: 987,1732,1637
644: 4594,630
645: 1296,3835,3963
646: 1986,3167,2881
4626: 3830,2100,3964
648: 4716,1930
649: 787,3603,3886,4783
4179: 
651: 
652: 131,4726,3977,1488
653: 1543,621,2309
654: 2086,4274
655: 1636,2828,890,2634,1981,4461
656: 2115,102,2582,2459
4702: 2146
658: 541,3213,4037
4439: 3704,2742
4598: 841,2545
661: 2935,2088,1140,2739
662: 
663: 1106,1196,3709
664: 2772,697,3475
4002: 1788,1747,1265,3138
4016: 2353,2021
667: 
668: 1825,4411,225
669: 
670: 2439,4665,832,3936,4636,3536
671: 3253
672: 1417
673: 4740,4311,1266
4761: 
675: 3986,2099,427,4708,4801
676: 
4371: 3139,4576,3523
678: 1196,896,411,1106
679: 3268,3883
680: 2890,3605
681: 1288,124,2866,98,767
682: 4331
683: 1607,2644,1378
684: 2161,2448,1068
685: 3360,3379
686: 
687: 4685,2566
688: 913,2178,1146,2615
689: 3554,4215
4393: 
691: 1701,980
692: 4229,1281,3792,2968,2464,3171
693: 2837,552,1797
694: 1882,3622,403,4314
695: 1682,734,2441,858
4250: 4812,617
697: 308,664
698: 4700,4775,4259,132
699: 703,2709,3217
4505: 4583,2633,2207,4822
701: 1577,2868,3849,2375
702: 2471,839,4144,2140,3355
703: 699,3055,1829,492,3213
704: 2604,2660,4806,2561,4578
4654: 4497,4474,2263
706: 
707: 742,1271,206
708: 2714,2313,4596,49,3185,1281,2068
3828: 328,1115,4653,2453
710: 781,3371,3117
711: 2206,4125,3142
712: 3923,2650
4552: 4622,2372
3833: 
715: 169
716: 758
717: 1715,4426
718: 
719: 2875
720: 1684,1431,4257
721: 1820
722: 3343,2393,335
4090: 3634,4192
724: 
725: 1562,3612,2560,3110,3706
4004: 74,3520,3560
727: 58,155
4289: 1357,3257
729: 3418,1257
4177: 4056
4213: 4623,774,4381,4161,4587
732: 2399,50,2716
4062: 4624
734: 695,3446,2441,3826,858
735: 1301
736: 1960,2674
737: 
4341: 1875,2912
739: 506,1012
740: 
741: 
742: 707,1271,1188
743: 4106,4537,2690
744: 3096,2454,2506
3839: 148
746: 3365,2878
747: 4655,2597,921
748: 
749: 31,3812,2337
750: 3366,2170,2108,4245
4556: 1718
752: 3626
753: 4532,4754,4539,4386
4596: 2313,708,49,4803,1445,2068
755: 1138,1573,954,2295
756: 1395,4121
4500: 3346,4767,1528
758: 716
759: 1052,2771,4395,3912
4161: 2672,4213,4381,2062,4587
761: 1581,80,2067,1226,2215
762: 2014,105
763: 2722,1026
4133: 
765: 1992,4419,2721,624
766: 2559,4102
767: 1532,3476,170,681,98
768: 947
769: 2676,3163,1101
3818: 4744
771: 1939,2700
772: 4790,10,1222,2241
4460: 1133,2987,3980
774: 4213,4623,1284,1373
3835: 3963,645,1296,1436,2722
776: 1786,3193,1815,251
777: 2383,1958
778: 2108
779: 
780: 3732,36,602
781: 710
782: 1945
783: 41,2495,1184
784: 4220,3643
785: 4193
3884: 514,2878,3436,1099,1969
787: 649,2619,4783
4078: 1412,20,1704,3733,3338
789: 3550
4773: 4600,599,3938,1874,4462,372,4085,1
791: 4805,3756,157,905
792: 2886,1152,2152
793: 3616,3633,898
4731: 3891,1894,3342,3076
795: 1118,4476
4024: 1606,4726,17,1020,1488,2734
4101: 3294,4284,4388,1457,355
4743: 1298,3356
799: 970
4688: 4467
3958: 1796,3253,1448
802: 3382,4775,4103
803: 3064,3990
4160: 2410,4043,2284,2204
4244: 2595,2190,4774
806: 
4532: 753,4754,2002,4386
808: 3630,1861,898,3186
809: 2837,552,3101,2728
810: 3641,4553
3855: 2119,1227,1059,319,1646
812: 
4477: 3963,1254,4485
814: 2587,1235
815: 520,3526
816: 3844
817: 1372,2277
818: 549,4398,1091,2758,292,1622
819: 4247,3557,4067
820: 1734,4107,4740
4386: 4811,2002,753,4532
822: 3309,1075
3897: 4280,3171,4475
824: 
825: 1466
4260: 4194,2242
827: 1979
828: 1741
829: 1827,1260
830: 835
4590: 1127,3917
832: 1841,4196,4636,3536,670
833: 917,4111
834: 1556,2043,4517
835: 2739,830
836: 4789,1229
837: 3912,1052,4296
838: 3838,4210,4440,1321
839: 2471,702,4297
4353: 1131
841: 4598,2545,3810,4217
842: 4040
843: 3337,3825,3149,1405
844: 2322
4406: 4383,1272,4165
846: 3428,2724,2395
847: 
848: 4311,1159,3115
849: 60,4034,287
4042: 2566
851: 
852: 4606,3300
4805: 3756,791,402,3930,3480,3042,4159,1844,157,905
854: 1951,1541,4768
855: 2418
4655: 747,921,3350
857: 1650
858: 695,734,3826
4557: 1240,3807
860: 481
861: 3984
862: 2792,2830,4783,3690,3601,1937,4642
863: 2038,3581,1933,2859
864: 4041,1851,333,4801,4065
3795: 459,871,4589,3714,1198
866: 
867: 4261,277,3279,1554
868: 956,4343,4005
869: 1971
4391: 4723
871: 1174,4183,3795,1198
872: 120,2960,2400
873: 3199,914
3992: 1498
3949: 2586,3852
876: 4271,188,1967,3410,2759,3745
877: 2106,322,3155,1216
3879: 39,3740,3562
879: 
880: 
881: 4281
882: 4385,394,3811,12
883: 1149,302,4146
884: 1175,3199,2353
885: 1304
886: 2250
887: 4607,4385,394
888: 1002,380,1315,1620
889: 2563,2697,1642
890: 4043,655,1636,2634,2204,4461
891: 1341,2070
892: 1950,1006
4610: 1899
894: 2118,3144,4003,252,2852
895: 2278,2745
896: 2224,678,411
897: 
898: 4662,1861,3633,3616,793,3630,808
4030: 2179,3454
4708: 3047,427,3649,675,2099,4801
901: 2619,2648,4497,3046
4573: 4339,4657,1012
903: 2842,3924
904: 1288,3458,2182,1423
905: 4805,3756,791
906: 3608,4186,2754,4195
3918: 
908: 3453,303,1074
909: 2874,1495,4568,2524
910: 2934,302
911: 1687,4170,1803
912: 3236,3505,3670,1469,1231
913: 688,1796,1146
914: 3199,873,569,1985
4607: 887,2123,1014
916: 3164,1547,447,2761,2719
917: 833
918: 
919: 3759,4280,1743
4273: 4800,4767,3015
921: 4655,747,1029,2918,2508,4628
922: 4076,3392,2094,633
923: 1736,1528
3824: 2669,2443,40,3393
4233: 
926: 1041
927: 3169,4643,1121,2640
3985: 2390,1949,3794
929: 2395,3428,3947,4443
930: 2101,3492
3925: 526,3162,2625
932: 4325
933: 935,1161,4524,1598
4674: 1838,3386
935: 1161,4524,933,4333,3530
936: 4296
937: 2310,2508,2359,2540
938: 2859,1074,303
939: 4551,2127,365
940: 192
4333: 1738,935,3530
4220: 784
943: 1123,628,3492,4608,2101
944: 1805
945: 4802
946: 
947: 768
948: 3989,1114,1507,2083
949: 4565,2861,4549
950: 4340,1932
951: 4802
952: 2196
953: 2005,2751,1769,392
954: 755
4555: 4224,4810,4006,1845
956: 4343,868
4144: 4142,173,1722,3355,702
4118: 2401,4308
959: 4514,2808,2300
960: 2054,2143
4377: 3331,1104
962: 3816,971,2426,3136
963: 4527
964: 3502,1099,183
965: 1706,3583,4238,3465,1067
966: 
4136: 1484,460
4096: 
969: 2775
970: 799
971: 3816,962,2426,4725
972: 3228,635
973: 4017,2286,260
974: 3830,1001,4459
4554: 1855
976: 3969,3216,3300
977: 
4298: 3209,1175,2353,2021
4123: 1310,1671,413,2156
980: 1559,1093,691
981: 2838,3378
982: 2905
983: 595,4216,4361,2174
984: 2146,171
4323: 3731,89,1722,375
986: 4482,4804,4095,2404
987: 643,3659
988: 2039,368
4055: 1120,1170,1573
990: 1782,2022,4768,3411
991: 328,3027,2453
992: 1779,4327,2279
993: 4530,4054,3302,107
994: 3194,4802
995: 
996: 1085
3991: 
998: 
999: 2783
1000: 2776,1056,407
1001: 3878,974
1002: 888,214,1620
1003: 4444,3221,3624
1004: 2963
1005: 3468,504,1868
1006: 3814,1323,892,2134
1007: 
1008: 2136,2599
1009: 2406,362,346,2095
1010: 
1011: 1662,2641
1012: 4573,739
1013: 2936,4793
1014: 2476,4242,4607
4086: 2294,1040
1016: 4208
1017: 
1018: 620,3677,4794,3691
4107: 3650,820,4740,4778,1266
1020: 17,3769,4024,2734,2293
1021: 
1022: 3350,1649,4142,550,1183,1968
4689: 1776
4742: 3018
4650: 2964
1026: 763,4485,4064
1027: 
1028: 540,3336,2615,1448
1029: 2918,1067,3465,921,2310,2508
1030: 
1031: 541,4037,1314,3052,2752,1684
3860: 84,2683,1369
1033: 4793
1034: 4447,1168,263
1035: 3562
3977: 3087,652
4403: 3288
1038: 3916,3540,1187,1126
1039: 3522,3320
1040: 1100,3848,4086,2294
1041: 926
1042: 2368
4542: 4732,3968,1180,2364
1044: 
1045: 3116,3819
1046: 4363
4763: 502,3128,2840,4138
4319: 4064,2290
1049: 1246,3676,2900,327,2448
1050: 2253,4646
1051: 4318
1052: 759,2771,3912,837
4293: 2185
3923: 712,333,3382,4775
1055: 3588
1056: 1000,3933
1057: 
1058: 1762,3974,1343,1228
1059: 1518,2098,2408,3855,1227
4666: 1244,2849
1061: 496,3442
1062: 1437,1916,610
1063: 26,1326,1604,280
1064: 268,4528
1065: 
4785: 4609,1638
1067: 1029,2918,4451,965,4238,3465
1068: 419,2448,684
4483: 
1070: 4132,571
1071: 3537,2257,4676
1072: 4147,2629,4737,1860
1073: 1870,1676,1764
1074: 938,2859,908,3341,2303
1075: 3114,822,3309
1076: 3665,2038,3922
4673: 
4166: 2561,4806,1871
1079: 3419,504
1080: 4399,4809
1081: 1725,320
4327: 1779,992,4796,2279
4349: 1810,4354
1084: 1202
1085: 996,4516
1086: 4475,4163
1087: 2421,2296
1088: 3978,4033
4806: 3793,1112,1871,704,2604,2660,4166
1090: 4054,2270
1091: 549,818,1880,2572,292,3645
3872: 604
1093: 1559,980,1654
3800: 
1095: 334,2051,2206
1096: 
1097: 4216,4368,2775
4588: 1116,2140,3191,4297
1099: 3502,964,514,3884,3071
1100: 1040
1101: 1765,2284,4622,769,3163
1102: 
1103: 2670,2100,4536
1104: 2102,4377,3878
4326: 2930
1106: 663,227,1196,678,411
1107: 
1108: 1817
1109: 522
1110: 
1111: 
1112: 223,3823,4806
1113: 576,3746,344
1114: 3989,948,3911,1896,2083
1115: 3828,328,1203
1116: 4588,2392,3191,3846
1117: 2735,2172,1898
1118: 795,4476,4746,372
4142: 3198,173,550,4144,1022,1649
1120: 4055,62,1170
1121: 3044,927,4416
1122: 4820,1421
1123: 943,628,3492,4608,4258
1124: 3406
1125: 
1126: 1825,3980,1038,1187,4445
1127: 4590,4103
1128: 
1129: 4479,3696
1130: 
1131: 4353
1132: 
1133: 391,2987,4460
1134: 3899,4540,4616
1135: 261,1654
1136: 586
3811: 882
1138: 755,3299,3463,2295
1139: 3616,4412
1140: 661,2739
1141: 4458,4316,3510,1879,2075
1142: 1771
1143: 
1144: 4154,4365
1145: 564,4369
1146: 3095,913,688
4609: 2716,1638,3097,4785
1148: 2917
1149: 883,4146
4185: 3024,77,2860,3471
4399: 1080,4809
1152: 792,1410,1399
1153: 4196,3659
1154: 1371,4012,1901
1155: 348,2590
1156: 3098,2362,432
1157: 4137,1320
4287: 1190,2451,4810,512
1159: 4311,848,2676
1160: 1904,3957,16
1161: 935,4524,933,2553
1162: 1733,1638,3419
1163: 
1164: 
3846: 2873,1116,2392,3191
3796: 376,448
1167: 3629,553,4217,3810,343
1168: 1034,4447,1275
4311: 848,1159,673
1170: 2155,4305,62,1120,4055
4254: 4171
4784: 4487
4318: 3592,1051,2329
1174: 871,294,4183,229,4079,1198
1175: 884,4298,2353
1176: 2839,4536,588
1177: 4291,1636,1430,4043
1178: 3020,2768,2254
4320: 
1180: 4542,1757
1181: 380,2707
1182: 4614,2445
1183: 4703,491,1968,1022
1184: 161,1674,783,1200,2495
1185: 2893,4444
1186: 3541
1187: 3916,1038,1126,4445
1188: 2383,245,742,1271
4790: 10,772,3162,2625
1190: 2451,4287,4330,379,3357,4810
1191: 4350,4544
1192: 2514,3572,2895,3332
1193: 3914,3692
4281: 169,881
4592: 4046
1196: 1418,678,52,1106,663
1197: 1385,2611
1198: 4589,1174,871,4079,3795
1199: 
1200: 214,463,1184
1201: 1789,3404,1792
1202: 1084,1471,1414
1203: 558,328,3027,1115
1204: 3901,3211
1205: 614,2038,3581,3922
1206: 1715
1207: 486,3982,101
1208: 
4390: 3964,3830,4459,1993
1210: 2369,3238,2449,2532,1618
1211: 4686,1975
1212: 1657,403
1213: 
4512: 4395,3055
1215: 3394,4766,366
1216: 2015,877
1217: 3172
4635: 351,2685
4679: 3108,373,1770,4028,1558
3789: 
1221: 1447
1222: 2239,10,772,2241
1223: 2116,2150
1224: 2506,1768,3096
1225: 2713
1226: 3043,761,4437
1227: 2119,3855,1059,1653,189
1228: 297,1058,2563,1343,1642
1229: 4789,1277,314,3045,836
4221: 52,3559,4605,2738,2826,3709
1231: 1469,594,3670,912
1232: 1609,2256,4569,3832
1233: 4321,1857
4119: 4195,3420,3719
1235: 814
1236: 
4296: 936,837
1238: 500,4454
4770: 1710,2413
1240: 421,4548,4557
1241: 4135
1242: 4749
4463: 2809,3838,4175
1244: 4666
1245: 1278,4272,2868,4129
1246: 1049,3543,2842,2161,2448
4754: 753,4532,4804
4433: 2671,4154,2049
1249: 1680,2773,314
1250: 3960,2591,4687
4703: 491,1183,1577
1252: 
1253: 4504
1254: 4477,4485
1255: 3472,2239
1256: 4376,4306
1257: 729,4447
1258: 2846
4737: 4147,1072,1860,3328
1260: 1321,829,1827
4339: 4573,4048,4657
4479: 1129,3843,3696
1263: 4476,4733,4621
1264: 
1265: 4002,1747,2817,3827,3785
1266: 3217,4107,4740,673,4778
1267: 1885,2688,1891,197
4240: 
4493: 4769,2292
1270: 3204
1271: 742,707,1188
1272: 4538,4383,4406,3556
1273: 
1274: 4321,3791
1275: 1168
1276: 2717,2836
1277: 4789,4704,1229,3045,3788
1278: 1245,4272,1381,2540
1279: 6,4758
4604: 1745,4780
1281: 247,2714,708,3792,2068,4229,692
1282: 2925
1283: 3098,4424
1284: 4207,1373,774,451
1285: 3309
1286: 
1287: 4317,623
1288: 904,681,3458,124,2866
1289: 4165,4536,2272
4653: 3828
1291: 
1292: 1621,4507
4585: 4237,3591,329
1294: 86,3120,2045
1295: 2704,4551
1296: 645,1436,3835
4095: 4804,2763,2404,986
1298: 4743,3356
1299: 2608
1300: 
1301: 735
1302: 1639,1816
3890: 2875
1304: 885
1305: 2519,4001,1995,1884
1306: 3445,1673
1307: 4109,193
1308: 
4263: 187
1310: 1671,4123,3445,2355
1311: 2802
1312: 4615,2593
1313: 2379,3735
1314: 3052,1829,541,1031,2752
1315: 1620,888
1316: 3415,4360,3202
1317: 2323
1318: 12
4444: 1185,2893,1003,3624
1320: 2362,1157
1321: 1260,838
4693: 3004,2306,4201
1323: 1006,445
1324: 34,2678,4778
1325: 18,2657,527
1326: 1063,366,75,1604
1327: 1547
4492: 2098,2121
1329: 4716
4322: 3079,3655,1540
1331: 
4253: 2599,4772,3771
1333: 
1334: 2662,3249
4047: 1919,3083,4102
1336: 
1337: 3911,2373
1338: 
4218: 2129,2818,2080,3873,3488,3806
1340: 4664
1341: 891,3756
1342: 630,2333
1343: 2563,189,1058,1228
4758: 3538,448,4279,1279
1345: 2217,1515
3980: 1126,4460,4445
3965: 1731
1348: 2971
1349: 
1350: 1883,3114
1351: 3319,568
1352: 3689
1353: 3330
1354: 3979,3480,4455,4488
1355: 2894
1356: 44
1357: 4289
1358: 2007
1359: 
1360: 4739,3799
4091: 1946,1868,4214,2066,3524
1362: 2919,431
1363: 1390,39,4480
4537: 743
1365: 2767
1366: 
4186: 3608,2017,906,2342
3938: 2375,4773
1369: 2683,2574,3860
4163: 1086
1371: 4012,1154,2385,1901
1372: 817,2311
1373: 1284,4207,4531,65,774
1374: 4170,4569,3292,1693,3832
1375: 2570,3138,1788
1376: 588,2272,1562,3706,2961,3734
1377: 3636,2327,527,2646
1378: 2642,414,1607,683
1379: 3664,1997
1380: 1575,3786
1381: 2359,2540,1278,1841,1965
4028: 1412,373,4679,2213,1558
1383: 3275
1384: 1821,2778,4787,2954
1385: 1591,3516,1197
1386: 2938
4530: 993,494,293,107
1388: 2168,4038,3156
1389: 
1390: 2750,3281,28,1363
1391: 395
1392: 204,3524
4531: 3395,65,4623,2456,1373
1394: 584,2415
1395: 756,2416
1396: 461,4258,4608,3546
4372: 3941
1398: 4698,2785,321,2110
1399: 2354,4279,1152,1461
1400: 
4459: 4350,3830,974,4390
4300: 2701,3984
1403: 405
1404: 2555,4425,4236,2829
1405: 3149,3284,3825,843,3294,4284
1406: 446,3372,3451,4451
1407: 
1408: 
1409: 
1410: 1152,3037,3270
1411: 3043,431,2919
1412: 4028,4078,20,436
1413: 3350,1649,2129,2080,2597
1414: 127,1202,1927
1415: 3340,1452
1416: 3521
1417: 672
1418: 1196,540,3336,52,3559
1419: 3642,272,506
1420: 4719,2159,4780
1421: 1913,1631,1122
1422: 4370
1423: 2857,2182,904
1424: 3933,4558,1593
1425: 3859
3943: 2183,4799
1427: 1727,4718,118
4769: 2292,2318,4493,2183,4799,2267,1821
4696: 4480
1430: 4043,4291,1177,2284
1431: 720,1684,4376,4257
4061: 4264
4197: 612
1434: 626
3870: 2126,4725,4682
1436: 4304,1296,3835,2722
1437: 1062,3323,1492
1438: 509,2382,4077,4582
1439: 1902
1440: 273,416
4151: 4187,175
1442: 
3891: 4731,4275,4795
1444: 
1445: 4571,4596,49,1842
1446: 1971
1447: 2490,1221
1448: 540,1028,3958
4199: 1855
4075: 2980,260
1451: 
1452: 2892,1415
1453: 3388,2303,1933,3071,3915
4018: 472
4471: 4508,2744,1506
1456: 2991,609,1546
1457: 3436,4101,1969,2305,355
1458: 4173,3548,1673,4407
1459: 4551,459,3714,3875
3951: 2589,4781,2339,2731,2654
1461: 3270,4279,1399
4818: 4448
1463: 3182
1464: 3678,3466,543
1465: 4231,2520,216
1466: 825
1467: 2014
1468: 347
1469: 1231,912,2118,4003
1470: 4741
1471: 319,2715,1202
1472: 1772
1473: 2340,1853,2680,513
4109: 1307,193
1475: 4079
1476: 4049,2145,2658,3453
1477: 
4099: 3555,3730,3174
4183: 1174,871,294
1480: 1628
4510: 4821,450,2522
1482: 4239
1483: 3829
1484: 4136,460,1697,4464
1485: 1742,4809,3359,2760,3154
1486: 2972,4724
4685: 2926,2566,183,687
1488: 2734,652,4024,4726
3954: 
1490: 11,1960
1491: 85,3607,3228,2399
1492: 1948,1616,4789,1437
1493: 3359,590,1610,4809
1494: 167,2078
1495: 2103,909
4291: 4768,1177,2187,1430
4005: 1747,4343,868,2496
1498: 2805,3992
1499: 3344
1500: 2147,1570,2389,4615
1501: 3657
1502: 4782,3165
1503: 357,2181
1504: 
1505: 4
1506: 490,4471
1507: 4019,2083,948
1508: 
1509: 4817
3845: 2409,3817,4768,2187
4174: 1973,2249,2818
1512: 559
1513: 3268,2480,3877,4398,4274,2758
1514: 
1515: 2217,1345
1516: 4305
1517: 615,1854,4705
1518: 2098,1059,1653
4704: 4789,1277,3788
1520: 3550
1521: 46
1522: 1873,565,2047
1523: 
4079: 1475,229,1174,1198
4782: 2833,2975,3778,3293,1502,3165
1526: 2277,33
1527: 
1528: 923,4767,4500
1529: 2950,2270
3809: 574,8
1531: 1737,409,1939
1532: 767,3476,1712
1533: 
4528: 2109,1064
4712: 3005,3801
1536: 1766
1537: 
1538: 4205,1820
4214: 1946,4091
1540: 615,2416,4322
1541: 572,2409,854
3825: 4586,843,3294,4388,1405
1543: 4678,653,2309,531,2773
1544: 2663,3661,3783,3162
1545: 2841,3675,3438
1546: 1602,1582,1456,2991
1547: 3164,1327,916
1548: 
1549: 3653,3205
1550: 1687,345,1859,3133,4705
1551: 4344,2877
1552: 
1553: 3699
1554: 4786,277,867
1555: 2013,2922,3412,2803
1556: 834,2043,3917,4517,2306
1557: 
1558: 2431,2019,2213,4028,4679
1559: 1093,980,1654
1560: 1883,3441
4354: 4349
1562: 2272,3612,725,1376,3706
4624: 4062
1564: 4811,1697,2378
1565: 
1566: 4111,4819,2041
1567: 2748,2898,4231
3810: 343,3159,2545,841,1167
4162: 100,2391
1570: 1500,2389
4690: 
4448: 4818
1573: 4055,755
1574: 
1575: 2070,1380
1576: 3605,3485
1577: 2868,701,4703,491
1578: 4169
3988: 3471,304,2613,2793
1580: 2466,69,3278
1581: 2067,761,2215
1582: 1602,1546,2623,1795,1832
1583: 451,4709
1584: 2502
1585: 
4076: 922,633,2531
1587: 4029,2382
1588: 2317,507,2029,2147
4633: 156,3968,2364,21
1590: 2798
1591: 1385,3516
4772: 246,4253,2599,3771
1593: 1724,4558,1424
1594: 27,3490
1595: 2476,2090,4774,2595
4724: 1486
1597: 2106,290
1598: 1712,4524,933
4643: 927,3169,2280,3044
1600: 3355,3178,2471,4384,3297,2691
1601: 3952,4093,2902
1602: 1546,1582,2623
1603: 
1604: 3409,1063,1326,280
1605: 3227,79,3603
1606: 4024,4726
1607: 683,2642,1378,3718
3894: 379,3600,1724
1609: 3089,2256,1232,4569,3832
1610: 1493
1611: 3900
1612: 
3854: 2640,20,230,1704
4815: 3266,3962
1615: 
1616: 1492,4789
1617: 205,4776,3303
1618: 3651,1210,3238
1619: 127,1860,3201,3087
1620: 1315,1002,888
1621: 1292,1623,3696
1622: 4382,818,3232,2758,292
1623: 1964,1621
4201: 2989,2043,4693
1625: 
1626: 
1627: 4278,622,1650,309
1628: 1480
4793: 1013,2936,3125,1033
4038: 1388
1631: 1421
4274: 3232,2758,1513,2480,654
1633: 4235,2164,4813
1634: 
4295: 3345,2074
1636: 655,2828,1177,4043,890
1637: 643,4048
1638: 2716,4609,4785,1733,1162
1639: 1302,4797
1640: 480,2914
1641: 3050,3734,479,3842
1642: 2697,1647,889,297,1228
4412: 3630,1139
1644: 3306
1645: 3277
1646: 319,2715,2408,2664,3855
1647: 1642,297,282
4276: 
1649: 1022,1413,2080,4142,3198,550
1650: 1627,622,857
1651: 2571,2749,3200,3252,4669
1652: 
1653: 1518,1227
1654: 1135,1559,1093
1655: 255,4631,2414
4817: 1509,220
1657: 1212
4582: 4029,2382,4077,1438
3777: 4044
4794: 235,2852,3677,3144,3737,1018,2411,3986
1661: 124,2635,3458
1662: 1011,2641,2970,4036
3816: 962,971,3768
1664: 3326,443
1665: 2082,4205,1820
1666: 
3906: 2142
1668: 3790,4686
1669: 3216
1670: 1733
1671: 1310,4123,413
1672: 2779,1702
1673: 1306,3548,1458
1674: 161,1184,2495,4534
4227: 
1676: 3161,1073
1677: 4243,3434,387
1678: 4224,2819
4135: 1241,3827
1680: 1249,314,326
1681: 579,3621
1682: 695,2652,2815,2441
1683: 486,2248
1684: 720,1431,1031,2752
4603: 3259,4792,4627
1686: 
1687: 1550,3133,4170,911
4290: 4695,4764
1689: 
1690: 2517
1691: 
4404: 3239
1693: 1374,4170,3832,3052
1694: 3365,4388
3869: 4149,444,2967
1696: 4257,2574,4306
1697: 4464,4811,1484,1564
1698: 423,2904,4192,3634
1699: 4474,4661,3705
1700: 4522
1701: 691
1702: 2779,1672
1703: 
1704: 3759,3854,20,4078,3338
1705: 2446,1838
1706: 965,3583,4207,4668
1707: 
1708: 
1709: 2924,1882,3815
1710: 2576,4770,2474
3874: 3239
1712: 1598,3966,1532,4524
1713: 516,632,2280,2687
4472: 
1715: 717,4426,1206
4029: 1587,1845,4582
1717: 2385
1718: 4556
4316: 4458,1141,2075,4586
1720: 9,3325,3102
3871: 
1722: 375,517,4323,173,4144
4640: 2955,2958,198
1724: 1593,3894
1725: 3861,1953,1081
1726: 4795,97
1727: 1427
1728: 3441
1729: 3245,1815,1929,4807
1730: 270,34,48,2856
1731: 341,3965
1732: 167,2078,3743,643
1733: 1162,1670,1638
1734: 2204,4461,820
4093: 1601,3125
1736: 923,3098
1737: 1531
1738: 4333,3231
1739: 3403,4701
1740: 71
1741: 2152,3518,828
1742: 3374,1485,4809,3359
1743: 2968,4280,4208,2737,919,3759
4513: 
1745: 4604,2421,4780
1746: 
1747: 4002,1265,4005
4418: 
1749: 4807,1894,3342
4105: 
4757: 4446
1752: 456,3775
1753: 567,2282
1754: 
1755: 3863
1756: 
1757: 429,1180
4544: 1191,4350,2327
4424: 4137,1283
4243: 3434,387,1677
1761: 
1762: 1058,3974,2230,3374
1763: 
1764: 2029,1870,2603,1073
1765: 1101,2284,3411,4622
1766: 250,1536
1767: 3343,335
1768: 3096,1224
1769: 411,2751,2848,227,953
1770: 373,3769,4679,3108
1771: 1142
1772: 1472
1773: 2063,425,545
4611: 3464,3653
1775: 4561
1776: 4689
1777: 4819,4001
1778: 4732,309,3968,38
1779: 992,4327
4071: 3647,4050,3896,2823
1781: 2575
1782: 990,1951,2022,4768
3793: 4806
1784: 3377,2342
1785: 4813,322,3155,2032
1786: 3518,3193,776
1787: 482
1788: 4002,1375,3138
1789: 3188,4593,1201,4450
4169: 4480,1578
3930: 4605,2738,3480,4159,4805
1792: 3404,2526,1201
1793: 326
4660: 1806,3962
1795: 1582
1796: 3958,2015,913
1797: 693,552,4368,1895
1798: 2278,3552
1799: 2986,2462
1800: 4342
1801: 2850
3878: 1001,1104
1803: 4170,911
1804: 285,2396
1805: 2869,944
1806: 3887,2311,4660
1807: 
4040: 842
1809: 2919
1810: 4349,4681
4515: 3927
1812: 2911
1813: 4419,3772,3864
1814: 4261
1815: 4632,1929,776,4807,1729,251
1816: 1302
1817: 1108,4646
4764: 2557,2201,4290
4364: 
1820: 1538,4205,2082,1665,721
1821: 1384,4769,2318,4787
1822: 
1823: 3444
4315: 3074,2289
1825: 1126,668
1826: 4362,4774
1827: 829,1260
4792: 3343,3259,4603,3230
1829: 3089,492,703,1314,541,3213
4173: 1458,3548
1831: 
1832: 3106,3286,1582
1833: 3654
1834: 
4504: 1253
1836: 4188
4720: 
1838: 3713,2871,1705,4674,3386
1839: 
1840: 2225,1888,2426,3136
1841: 832,1381,1965,4636
1842: 4416,4208,4571,1445,49
3806: 3156,3488,2129,4218,2597
1844: 580,157,4805
1845: 4029,4810,4006,4555
1846: 
3862: 
4762: 1909,2950,2900,327
1849: 4680,2117,3353
1850: 3252
1851: 4041,864,4801
1852: 2755
1853: 2340,1473
1854: 4705,3836,615,2712,1517
1855: 4199,424,4554
4363: 2462,1046
1857: 1233
1858: 3439
1859: 1550,3133,4705,4188
1860: 1619,1072,2629,4737,3201
1861: 4662,898,3630,808
1862: 
1863: 
4807: 1749,525,4632,1815,1929,1729,3245
4736: 117,4288
4000: 
1867: 3823,4580,4278
1868: 1946,4091,1005,3524
1869: 3418,3363
1870: 4334,1764,1073
1871: 4806,4166
4154: 1144,4433,2049
1873: 1522,4476
1874: 4773,372
1875: 4341,2912
1876: 4367
1877: 
4732: 1778,4542,3968,38
1879: 3005,2075,3510,1141
1880: 4009,2572,549,1091
1881: 3280,2986
1882: 694,4314,2924,1709
1883: 1350,1560
1884: 2366,2648,1305,532
1885: 1267,254,439
4417: 
1887: 
1888: 2225,1840,4682,4725,2426
1889: 
1890: 
1891: 1267
4231: 1465,2520,1567
1893: 4023,4600,4526
1894: 3920,1749,4731,3342
1895: 4216,4368,1797
1896: 3911,3124,1114
4676: 4215,1071
1898: 1117
1899: 4610
1900: 
1901: 2141,1371,1154
1902: 1439
1903: 4795
1904: 1160
1905: 3310,3691
4775: 3382,802,3923,2116,4259,698
1907: 4011
1908: 2602
1909: 4762,2041,2519,2900,532
1910: 497,2131,2568,2815
1911: 2260,87
1912: 2610
1913: 1421,236,2996
1914: 2954,4787,3366,2170,408
1915: 2142,4211
1916: 610,1062,2121
1917: 2319,3947
4546: 
1919: 4047,3083
4701: 4434,1739
1921: 623
3852: 2586,3949
4574: 4303,2803,1928,2020,3190
1924: 2983,4499
4503: 3815,112
1926: 357,4158
1927: 2695,1414
1928: 4574,2803,2493,2969
1929: 4632,1815,4807,1729
1930: 648
3883: 3268,349,679,3339,3877
1932: 3206,3819,950
1933: 863,2859,1453,2303,3915
1934: 
4681: 1810
4423: 208
1937: 3601,4642,862
1938: 
1939: 771,1531,409
4080: 
1941: 2719,2889
1942: 4114,2930
1943: 2969,3176
4408: 2328
1945: 782
1946: 1868,4091,4214
1947: 
1948: 1492,3941
1949: 3259,3230,2390,3985,3794,424
1950: 6,892
1951: 854,2022,342,4768,1782
4536: 4165,1289,1103,1176
1953: 1725
1954: 
1955: 3349,2764,4050
4698: 1398,48,321
4247: 819,4067,2805
1958: 145,777
1959: 
1960: 736,11,1490
1961: 500
1962: 2875
1963: 3957
1964: 1623
1965: 3936,4636,1381,1841
1966: 
1967: 876,188,2759
1968: 1183,1022,3350
1969: 2305,3884,1457,3436,4823
1970: 451,4709,2865,4668,422
1971: 869,1446
4648: 
1973: 517,2249,4174,4428,89
4809: 3463,1080,4399,3447,1493,3359,2760,3154,1742,1485
1975: 3610,4450,1211
1976: 2935,2739
4077: 4441,2382,4582,509,1438
4434: 4701,2583,4187,72
1979: 827
3888: 4714,3531
1981: 2634,2419,655,2828,1999
1982: 4262,3454
1983: 
4259: 132,4775,698
1985: 914,4714,569
1986: 3167,646
1987: 3843
1988: 
1989: 
1990: 4591,2787
1991: 63,362,3056
1992: 765,2721
1993: 4390
1994: 3638
1995: 4001,1305
1996: 3602,3444
1997: 1379
1998: 3236,2198,4823,2500
1999: 2856,2419,191,1981,270
2000: 2601,2282
2001: 4748
2002: 2533,4532,4386
2003: 3705,2429
4462: 4746,372,4773,1,3896
2005: 953
3788: 308,2972,1277,4704
2007: 1358
2008: 3532,627,4779,4436
4632: 1815,1929,4807
4445: 1126,3980,1187
4388: 3294,4101,1694,3825
2012: 3917,4517,3737,2411
2013: 1555,2020,2803
2014: 1467,762
2015: 2106,1216,1796
2016: 
2017: 3608,2747,4186,2680,3295
4215: 4676,689
2019: 2431,2213,1558,2199,3014
2020: 2013,4574,3190
2021: 4016,2353,4298,4561
2022: 1951,342,4768,990,1782
2023: 4796,120
2024: 3363,3195
2025: 250
2026: 2405,299
4489: 3324
2028: 3758,298,2076,3173
2029: 1764,2603,1588,2147
2030: 
4187: 4434,72,4348,4151,3997
2032: 3155,1785,3299,322
2033: 3678
2034: 4507
4547: 237,174,3420,2639
3865: 
4518: 2707,170
2038: 3581,863,3665,1076,3922,1205
2039: 2288,988
2040: 185
2041: 1909,1566,4819,2519
3842: 4312,1641
2043: 834,1556,594,2989,4201
4065: 333,4801,864
2045: 2688,3120,3020,1294
2046: 3376,3593,3507
2047: 2370,1522,605,565
4440: 2809,4210,3838,838
2049: 4433,4154
2050: 2939
2051: 2359,334,1095
3797: 
4621: 2962,4733,1263
2054: 960
2055: 2541,3541
2056: 2130
2057: 3535
3857: 
4209: 3966,2510
2060: 
4729: 
2062: 4161,4587
2063: 1773,425
2064: 3605,2890,523
2065: 3402,2234
2066: 3524,4091
2067: 1581,80,761
2068: 3792,4596,708,49,1281
3920: 1894,3122,3741
2070: 1575,891
4777: 2791,2163
2072: 4589,153
4049: 1476
2074: 4295
2075: 3005,1879,1141,4316,3801
2076: 2028,3758,640
2077: 2111,40,2533
2078: 1732,167,1494,26
4257: 1696,720,1431
2080: 2129,4218,1413,1649,3198
4143: 3411,4776
2082: 1665,1820,2622
2083: 1507,3911,948,1114
2084: 2800,2473
3896: 3647,4071,4746,4462,1,2823
2086: 654,4223,3409
2087: 
2088: 2651,2935,661
4405: 3893,4015,310,3289,4352
2090: 2476,1595,219
4583: 633,4505,2889,2633
4196: 832,4125,1153
2093: 
2094: 3724,3392,922
2095: 346,3401,1009,2406
2096: 
2097: 3258
2098: 4492,1518,1059
2099: 3986,675,620,4708
2100: 2627,4626,1103
2101: 930,943,3492,3328
2102: 1104
2103: 1495,2294
4467: 4688
4211: 3908,2142,1915
2106: 1597,2015,877,290
3922: 2264,1076,2038,1205
2108: 2753,750,778
2109: 4528
2110: 1398,2785,4128
2111: 2077,3393
2112: 
3990: 803
3882: 561,3642,497,331
2115: 656,2459
2116: 1223,4775
2117: 3779,3353,436,1849
2118: 3144,894,4003,1469
2119: 3855,1227,2563,189
2120: 
2121: 584,1916,4492
2122: 
2123: 3390,4242,4607
2124: 
2125: 2882
2126: 3870,53
2127: 365,4551,939,2549
2128: 3081,3976
2129: 4218,2080,3806,2597,1413
2130: 2056,2983
2131: 1910,547,5
2132: 337,2774
2133: 4147,2629,4303
2134: 1006
4627: 3545,2175,4603
2136: 428,4312,1008
2137: 2351,57,3002,2726
2138: 
3913: 396
2140: 375,4588,702
2141: 1901
2142: 1915,3906,3908,4211
2143: 960
4639: 2642,2389
2145: 2658,2503,2518,1476,3751
2146: 984,171,4702
2147: 1500,2029,2603,1588,2317
4780: 2159,1420,2421,4604,1745,2577
4064: 4319,1026
2150: 535,2584,1223
4733: 2439,4665,1263,4621
2152: 1741,143,792
2153: 3186
4466: 2733
2155: 4305,1170,4348,62
2156: 2683,413,4123
2157: 4208
2158: 
2159: 4780,1420,4346
2160: 3782
2161: 2448,684,1246,2842
2162: 
2163: 2791,4777,4707
2164: 3437,1633,4813,2233
4343: 956,868,4005,4619,2496
4146: 883,1149,3851
3827: 2817,4135,1265
2168: 479,3451,1388
4801: 333,4065,4041,1851,675,427,4708,864
2170: 3366,750,4787,1914,408,4245
4058: 3546,4234,3333,340
2172: 1117,3864
2173: 
2174: 4361,2956,4216,983
2175: 4627,3545
2176: 
4465: 2280,2687,461,3333
2178: 688,2615
2179: 4030,4678,4230
2180: 
2181: 280,1503,2520
2182: 1423,904
2183: 4799,3943,4769
2184: 4429,2829,172
2185: 4293
4517: 2012,3917,834,1556
2187: 4291,4768,498,3845
2188: 3592
4023: 3297,1893,2691,4600
2190: 4244,2938
2191: 134
2192: 
2193: 2675
2194: 4753
2195: 
2196: 3470,952
4085: 1,4773,3432
2198: 3236,3505,1998,4823,3615
2199: 3575,3014,2497,2019,3331
2200: 4658,2512,4474,2263
2201: 2400,4764,3062
4010: 2266,586
4561: 1775,2021
2204: 4461,1734,4043,4160,890
3861: 1725,19
2206: 711,4125,1095
2207: 2633,4505
2208: 3640,53,9
2209: 2605
2210: 4019
2211: 2307
2212: 3754,3582
2213: 2019,1558,4028
4310: 
2215: 378,2228,1581,761
4705: 1854,1517,1550,345,1859
2217: 627,4779,1515,1345
2218: 103,3008,56,4618
2219: 
2220: 3073,519
2221: 4358
2222: 220,3376
3982: 2248,486,1207,101
2224: 896,2848
2225: 1888,1840,2553
2226: 4508,4748
2227: 119
2228: 2378,4539,378,2215
2229: 344
2230: 590,1762
4545: 
3814: 1006,2299
2233: 4813,322,2164,3437,290
2234: 2065,3402
4644: 4821,3656
2236: 
4600: 4773,599,4023,1893
2238: 
2239: 1222,3472,1255
2240: 2909
2241: 2971,772,1222
2242: 4260
2243: 
4617: 165,2523,635,510,3228
2245: 
4572: 
2247: 2539,3840
2248: 72,3982,4348,486,1683
2249: 517,1973,4174,3198
2250: 2446,886,3713
2251: 
2252: 508,3798
2253: 1050
2254: 1178,3369
2255: 
2256: 3089,1609,492,2709,1232
2257: 3537,1071
2258: 4437
2259: 
2260: 1911,3435,2824
2261: 2845
2262: 
2263: 3046,209,4654,4497,4658,2200
2264: 3922
4112: 390,4057,2266
2266: 4010,4112
2267: 218,2778,4769
3974: 1762,1058,4057,3173
2269: 2650,544,3687
2270: 4054,1090,1529,2896
2271: 4269,3726,15
2272: 1562,3612,4538,1289,588,1376
2273: 
2274: 
2275: 2431,3014
3989: 948,1114
2277: 3956,1526,33,817
2278: 1798,895
2279: 992,4327
2280: 4465,2687,1713,4643
2281: 
2282: 2000,1753,567
4019: 1507,2210
2284: 1765,1101,1430,4160
4128: 4121,2110,3363
2286: 973
3940: 3477,3761
2288: 2039
2289: 4315,3074
2290: 4319
2291: 
2292: 4769,2318,4493,3572
2293: 3769,1020
2294: 4086,2103,1040
2295: 1138,755
2296: 1087
2297: 
2298: 456,2787
2299: 3831,2789,3814
2300: 4514,959
2301: 2399,50,85
4661: 1699,4474
2303: 1453,3341,2859,1074,1933
3840: 2247
2305: 1969,1457,355,3416,4823
2306: 4693,1556,3917
2307: 2211
4381: 4213,4623,2456,4161,2672
2309: 1543,653
2310: 937,3465,1029
2311: 1806,3887,1372
4740: 673,820,4107,4778,1266
2313: 2714,4596,708,4803,3185
2314: 
2315: 
4474: 1699,4661,4654,2200
2317: 1588,507,2147
2318: 4769,2292,3572,1821
2319: 621,1917
2320: 408,245
2321: 4691,3415,2672
2322: 362,844
2323: 3552,1317
3778: 3293,4782
3783: 3661,59,1544,3858,3162
4307: 
2327: 527,4544,1377
2328: 4408
2329: 3592,4318
2330: 573
2331: 4525
3877: 1513,3268,3883,4398
2333: 301,1342
4697: 
4369: 1145,2717,213
4707: 3909,2791,2163
2337: 3548,749
2338: 2953,103,56
2339: 3951
2340: 1473,1853,2680
2341: 2937
2342: 1784,4186
2343: 4206,548,3414
4256: 
2345: 2396,2781
3928: 495
4358: 2221
4778: 556,2709,1324,2678,3650,4107,4740,3217,1266
2349: 2927
4395: 4512,3912,759
2351: 2137,57,4458
4553: 810,3641
2353: 4016,2021,1175,884,4298
2354: 4279,1399,2886,3538
2355: 136,1310,3445,3321,84
4223: 75,3409,3394,144,2086
2357: 101,3225
4631: 1655,2414
2359: 1381,2051,2540,937
2360: 
4280: 2968,3897,1743,919,3171
2362: 1320,1156
4594: 644
2364: 4542,3968,4633
2365: 
2366: 1884,2648,419,532
2367: 
2368: 1042,2404
2369: 1210,3346,2449
2370: 2047,3109,3610
4551: 1459,939,1295,2127
2372: 4552
2373: 3446,1337,3911
2374: 4576,3731
2375: 3938,701,3849
2376: 
4268: 93
2378: 2228,4811,1564
2379: 1313,3735
2380: 3729
2381: 4523
2382: 1587,4077,4582,1438
2383: 1188,777
4540: 580,3042,1134
2385: 1717,1371
2386: 
4437: 1226,2258
2388: 3143
2389: 1500,1570,2603,4639
2390: 3496,3985,3230,1949
2391: 2392,4162
2392: 2391,1116,3846
2393: 4362,722
4549: 4565,949,2861,102
2395: 929,2724,846,3428
2396: 2345,1804,2781
2397: 613
2398: 2854
2399: 50,732,2301,1491
2400: 2201,872,3062
2401: 4219,4118,4591
2402: 
4799: 2183,3943,4769,218
2404: 4804,4095,986,2368
2405: 2026,3279
2406: 1009,2534,2095
3851: 4146,2551
2408: 2664,1059,1646
2409: 3845,572,1541,3392,4768
2410: 4043,4160
2411: 3737,4794,2012
2412: 
2413: 395,4770
2414: 2522,1655,4631
2415: 1394
2416: 1395,34,1540
2417: 2937
2418: 4808,2801,855
2419: 228,4172,2828,1999,1981
4063: 3386,572,2871,3799
2421: 3859,1087,4780,1745
4748: 2226,4508,2001
2423: 4106
2424: 4727
2425: 
2426: 962,971,1888,1840,3136
3952: 1601,3344,2902
2428: 
2429: 2003
4419: 1813,765,624
2431: 2019,1558,3014,2275
2432: 279,2831,4192,4767
2433: 132
2434: 
4376: 1256,1431
2436: 293,2612,2970,3494
4350: 1191,4459,4544
4427: 4171,2913
2439: 4733,670,3936
2440: 2984
2441: 331,497,1682,695,734
4441: 4077,509
2443: 3824,3393
4222: 
2445: 4798,1182
2446: 2250,1705,3713
2447: 
2448: 2161,684,1246,1049,1068
2449: 59,2532,1210,2369
4789: 1277,4704,1229,836,1492,1616
2451: 1190,4287,2776,512
2452: 4026,4800,337
2453: 3828,991
2454: 744
4659: 3325,2570,215
2456: 4623,4381,4531,3395,2672
2457: 287,266
4576: 4371,2562,2374
2459: 2731,656,2115,2582
3829: 1483
2461: 2998,196
2462: 1799,4363
4340: 950,3848
2464: 3171,692
3917: 2012,4517,1556,2306,4590
2466: 1580,2705,3804
2467: 619
2468: 
4267: 
2470: 
2471: 839,702,3355,1600,3297,2691
2472: 
2473: 2084
2474: 1710
2475: 
2476: 1595,1014,2090,4242
4158: 3649,3691,1926
2478: 3337
4188: 1836,564,1859
2480: 1513,4274
4495: 4338
2482: 
4796: 2023,509,4017,4327,2980
2484: 3254
2485: 3779,3353
4127: 
2487: 
4114: 1942
4663: 3487,2836
2490: 1447
3867: 4304
2492: 2643
2493: 618,610,1928
2494: 3813
2495: 783,1184,1674
2496: 65,4343,4005,4619
2497: 2199,2981,338,3331
4533: 559,2934
4718: 118,1427
2500: 4009,2572,3416,4823,1998
2501: 2526
2502: 1584,530
2503: 2145,2518,4014
2504: 3596,3254
2505: 3725
2506: 1224,744,3096
4508: 2226,4748,4471
2508: 937,1029,921,4628
3900: 4755,1611
2510: 3966,4209,3728
3858: 59,2532,3783
2512: 2200,2649
4725: 3870,4682,1888,971
2514: 1192,2637,2895
3859: 2421,1425
2516: 
2517: 1690
2518: 2145,2503,3751
2519: 4001,1305,4819,2041,1909
2520: 4231,1465,2181
4425: 4236,1404,2829
2522: 2414,4821,4510,3557
2523: 4617,165
2524: 4568,909,2874
2525: 
2526: 2501,1792
2527: 
3801: 3337,3005,2075,4712
4730: 4808
2530: 
2531: 498,4076
2532: 2449,59,1210,3858
2533: 2077,2002
2534: 3077,2406
2535: 3964,2670,4178
3997: 62,4187,72,4348
4275: 140,3891,4795
4516: 1085
2539: 2247
2540: 1381,2359,937,1278
2541: 2055,3541
2542: 631
4175: 4463,3838
2544: 4039,4664
2545: 3206,3159,3810,841,4598
2546: 3187,4255
4346: 2912,2159,3072
2548: 
2549: 3786,2127
2550: 
2551: 3554,3851
4193: 785,2697,415
2553: 2225,1161
4636: 1965,3936,3536,1841,832,670
2555: 1404,4236
4368: 4216,1097,1895,1797
2557: 4764
4172: 2419,228,4394,4822,23
2559: 766
2560: 3556,4538,3612,725
2561: 4166,704,404,3024
2562: 3771,4428,4576,3731
2563: 189,1343,2119,889,1228
2564: 82
2565: 3555,3730
2566: 4685,2926,4042,687,4046
4580: 3823,289,1867,4278
2568: 2815,4593,1910
2569: 4523
2570: 3325,1375,4659,215
2571: 1651,2749,3200
2572: 4009,2500,1880,1091
2573: 
2574: 1696,1369
2575: 454,1781
2576: 1710,4575
2577: 3072,3403,4780
4488: 3011,4455,1354
3941: 4372,1948
4113: 
2581: 3733,4475,3575
2582: 656,2459
2583: 4434
2584: 3132,535,2150,273
2585: 
2586: 3949,577,3852
2587: 814
2588: 126
2589: 3951,2654
2590: 348,1155
2591: 1250
2592: 
2593: 1312
2594: 
2595: 4244,1595,4774
2596: 4294,164,3712
2597: 747,3806,2129,3350,1413
4447: 1034,1168,1257,3153
2599: 4253,4772,1008
4497: 4654,901,2263,3046
2601: 2000,377
2602: 1908
2603: 1764,2029,2147,2389
2604: 704,2660,4806,3657,4578
2605: 2209
2606: 262,3034,3741
4003: 2118,894,252,1469
2608: 3544,1299,3103
3794: 424,3985,1949
2610: 1912
2611: 1197
2612: 4722,3494,2436
2613: 3636,77,3471,304,3988
4020: 2638,3725,3866
2615: 1028,3336,688,2178
4687: 1250
4092: 
2618: 4700,2650,544,141
2619: 901,2648,4783,787
4538: 1272,3556,2560,2272,3612
2621: 185
2622: 2082
2623: 3286,1602,1582
2624: 
2625: 3710,4790,3925
3924: 247,3185,903
2627: 99,3066,2100,4165
2628: 
2629: 4147,1072,2133,1860
4746: 4462,372,1118,3647,3896
4766: 1215,3644,2928
2632: 28,39
2633: 4583,4505,2207
2634: 2743,1981,655,890,4461
2635: 58,2857,3458,1661
4714: 3888,1985,3531
2637: 2514,178
2638: 4020
2639: 4727,4547
2640: 3854,20,436,927,3779
2641: 1011,1662,2970,494
2642: 1378,4639,1607
2643: 2492
2644: 133,683
2645: 4225
2646: 3584,3636,1377,573
4338: 4495
2648: 1884,2366,901,2619
2649: 2512,579
2650: 2269,3687,712,2618
2651: 2088
2652: 2815,2812,1682
4365: 1144
2654: 2770,2589,4781,3951,4014
2655: 3513
4468: 212,3493
2657: 4578,3657,1325
2658: 2145,1476,3751,3453
2659: 2717,213,278,100
2660: 704,2604,4806
2661: 3588
2662: 1334
2663: 16,1544
2664: 2408,1646
2665: 
4416: 4208,1842,1121,3759,230
2667: 106,4396
4137: 266,1157,4424
2669: 3824,40
2670: 1103,3964,2535,4178
2671: 4433,403
2672: 4161,2321,4381,2456
2673: 2921
2674: 736
2675: 2193
2676: 769,3163,1159
4498: 3511,3599
2678: 1324,270,191,3650,4778
4297: 3191,110,475,4588,839
2680: 2340,1473,2747,2017
3804: 2705,4779,2466
4385: 394,882,887
2683: 2156,1369,3860
2684: 
2685: 4635,3662
4081: 3391
2687: 2280,4465,1713,632
2688: 3369,2045,197,1267
2689: 
2690: 743,203
2691: 4023,3297,1600,2471,475
2692: 4521
3915: 3071,3009,1453,1933
2694: 524
2695: 1927
4752: 3362,3161,323
2697: 415,1642,889,4193
4212: 263,2723
2699: 
2700: 771
2701: 2902,4300,3486,3738
3791: 1274
4121: 296,4128,756
2704: 221,3746,1295
2705: 3804,45,2466,2779
4613: 318,3782
2707: 4518,41,380,1181
2708: 186
2709: 4778,556,3217,2256,492,699
2710: 
2711: 
2712: 615,1854,3836
2713: 4432,1225
2714: 2313,708,247,3185,1281
2715: 319,1471,1646,3176
2716: 4609,1638,3097,732
2717: 2659,213,1276,4369
4132: 1070
2719: 2761,1941,916
4210: 4440,838
2721: 624,1992,765,625
2722: 763,1436,3835
2723: 4212,278
2724: 2395,846
4106: 743,2423,398
2726: 2137,3365
2727: 
2728: 3101,809
4612: 
4037: 658,541,1031
2731: 2459,4781,3951
2732: 2873,2847,510
2733: 4466
2734: 1488,4024,4726,1020
2735: 1117
2736: 278
2737: 4208,2968,1743
2738: 4605,3930,3011,4221,3559,3525
2739: 835,2935,1976,661,1140
2740: 
4480: 4169,4696,1363
2742: 3280,4439,3704,3609
2743: 2634,191
2744: 2861,4471,490
2745: 3013,895
4147: 1072,2133,2629,4737
2747: 3608,2017,2680
2748: 3438,2898,1567,216
2749: 1651,2571,175,3252
2750: 3565,3281,1390,3401,3473
2751: 1769,2848,3609,953
2752: 1314,3052,1031,1684
2753: 2108,3200
2754: 3532,3608,906,4195
2755: 2910,1852
2756: 
2757: 3815,607
2758: 4274,3232,1513,818,4398,1622
2759: 1967,876,3745
2760: 3154,3095,4809,1485
2761: 2719,916,447
2762: 
2763: 4804,4095
2764: 3349,1955,3109
2765: 
4606: 852,3969,3064
2767: 1365
2768: 1178,3020,3120
4314: 607,694,1882,3622
2770: 2654,4781,4014
2771: 1052,759,3716
2772: 664,3475
2773: 4678,1543,1249
2774: 4034,2132
2775: 969,1097
2776: 1000,2451,407
2777: 600,4820
2778: 2267,1384,2954
2779: 1702,1672,2705,45,3772
4352: 3289,4405,289
2781: 199,285,2396,2345
2782: 3137,4797
2783: 999,4155
3853: 
2785: 1398,2110
2786: 
2787: 2298,4591,1990,3066
2788: 
2789: 3919,2299
4224: 4555,1678,4810
2791: 4777,2163,4707
2792: 862,4783,3690,3886
2793: 3959,3988
3962: 3266,4660,4815
2795: 4787,2895
4522: 1700
2797: 3745,4558
2798: 1590
2799: 
2800: 2084,142
2801: 4808,2418,4387
2802: 560,4397,1311
2803: 4574,1928,2013,1555
3849: 2868,701,4129,2375
2805: 4067,4247,1498
3866: 539,4020
4156: 
2808: 3564,959
2809: 4440,204,4463
2810: 
4397: 560,2802,4820,3953,600
2812: 2652,2815,4593,4450
2813: 
2814: 
2815: 2568,2652,2812,4593,1910,1682
4744: 3818
2817: 3827,1265,3283,503,3785
2818: 4218,3873,3488,4174
2819: 1678,3321
4822: 4394,4505,23,4172
4649: 162
3937: 625
2823: 504,1,4071,3896
2824: 3435,2260
4261: 867,1814
2826: 3709,3272,66,4221,4605
2827: 3776
2828: 655,1636,2419,1981
2829: 4429,2184,4425,1404,172
2830: 3690,3601,862
2831: 2432,279,2904,4192
2832: 3039
2833: 4453,2975,4782
4317: 1287
3947: 4443,929,1917
2836: 4663,1276,3391
2837: 693,552,809
2838: 4507,981
2839: 3685,4178,1176,484
2840: 4138,2870,4763
2841: 3675,1545,3573
2842: 903,1246,3543,2161
2843: 3474
2844: 
2845: 2261
2846: 1258
2847: 2732,510
2848: 3704,3609,2224,2751,1769
2849: 4666
2850: 1801
4235: 1633,4669
2852: 3645,3144,894,4794,235
2853: 217
2854: 2398,4797
4380: 3953,4820
2856: 1999,48,1730,270
2857: 1423,2635,58
4011: 1907
2859: 938,1074,2303,863,1933
2860: 156,4185,3959
2861: 4565,949,440,4549,2744
2862: 
2863: 
2864: 
2865: 1970,422,2955
2866: 98,1288,681
2867: 238
2868: 1577,701,4129,1245,3849
2869: 1805
2870: 2840,4138,598
2871: 1838,3713,3386,4063
4219: 153,2401,4383
2873: 3846,2732,3191,110
2874: 4559,909,2524
2875: 3890,719,1962,562
4723: 307,4391
2877: 4344,1551
2878: 514,3884,746
2879: 4798
2880: 3485
2881: 473,3167,646,529
2882: 2125,3611
4046: 3547,4592,2566
2884: 
4605: 2738,3930,4221,2826,66
2886: 792,2354
4208: 4416,1016,2157,1842,2737,1743
4411: 2976,225,668
2889: 1941,633,4583
2890: 680,2064,523
4575: 2576
2892: 1452
2893: 1185,4444,3221,3761
2894: 1355
2895: 3572,2514,1192,2795
2896: 2270,3302,3543
4168: 
2898: 2748,1567
4383: 4406,153,4219,1272
2900: 327,419,532,4762,1909,1049
2901: 4559
2902: 2701,3952,1601,3486
2903: 
2904: 423,1698,2831
2905: 982
2906: 
4125: 711,2206,4196,3142
2908: 4526
2909: 2240
2910: 2755
2911: 1812
2912: 4346,4341,1875
2913: 3352,4427
2914: 1640
2915: 4048,4657
2916: 3708,4469,638
2917: 1148
2918: 1029,1067,921
2919: 1809,1362,1411,431
4453: 2833,2975
2921: 2673,3593
2922: 1555,3412
2923: 
2924: 1709,1882
2925: 3032,1282
2926: 4685,2566,3615
2927: 2349
2928: 3644,4766
2929: 630
2930: 4326,1942
4599: 
2932: 4120
2933: 4821,3557
2934: 302,910,4533
2935: 1976,661,2088,2739
2936: 1013,4793
2937: 2341,2417
2938: 1386,2190,3496
2939: 2050
2940: 3551
4657: 4048,2915,4339,4573
4569: 1374,3292,3832,1232,1609,345
3936: 1965,4636,2439,670
4458: 1141,4316,2351
2945: 
4451: 446,1406,4238,1067
2947: 3522,4373,3909
3782: 2160,4613,374
4216: 4368,1097,1895,983,2174
2950: 1529,4762,3676
2951: 
4282: 
2953: 2338,103
2954: 522,1914,2778,1384,4787
2955: 4640,4709,2865
2956: 4361,2174
2957: 
2958: 3723,4640
2959: 357
2960: 120,872
2961: 3050,3734,1376
2962: 4621,605,565
2963: 1004,3073
2964: 4313,4650
2965: 
2966: 
2967: 3869,444
2968: 4280,1743,3792,2737,692,3171
2969: 1943,4303,1928
2970: 2436,4036,1662,2641
2971: 2241,1348
2972: 1486,308,3788
3836: 1854,2712,345
4813: 2233,322,1633,1785,2164
2975: 4453,2833,4782
2976: 4411
4258: 1396,1123,4608
2978: 
2979: 445
2980: 4075,4017,4796
2981: 338,2497
3812: 749,325
2983: 2130,1924,4499
2984: 4,2440
2985: 3476
2986: 1881,1799
2987: 3604,1133,4460
2988: 
2989: 4201,4203,594,2043
2990: 121,3626
2991: 1456,1546
2992: 
2993: 
2994: 
2995: 4637
2996: 201,1913
2997: 
2998: 2461
4476: 795,1118,1263,1873
3000: 
3813: 2494
3002: 2137,57,3175
4618: 2218,4115
3004: 453,4693,3347,3132
3005: 1879,2075,4712,3801
4589: 2072,3714,1198,3795
3007: 443,3978
3008: 2218
3009: 3915,521
4284: 3294,4101,1405,3284
3011: 3525,4488,2738
4432: 2713
3013: 2745
3014: 2199,2431,2019,2275
3015: 4767,4273
3956: 2277,4102
4242: 2123,2476,1014
3018: 3323,4742
4628: 4272,921,2508
3020: 1178,2768,3120,2045
3021: 
3022: 3123
3023: 3643
3024: 404,4185,2561
3025: 465
4446: 4757
3027: 328,1203,991
4159: 3042,3930,66,4805
3029: 4820
3030: 3642,272,497
3031: 
3032: 2925
3033: 
3034: 3741,2606
3987: 
4238: 965,446,4451,1067
3037: 224,150,4325,1410
3831: 2299
3039: 2832
3040: 
3041: 
3042: 4159,3272,66,4805,4540,580
3043: 1411,431,1226
3044: 1121,4643
3045: 531,1277,1229
3046: 2263,209,4497,901,3227
3047: 427,4708,3649
4303: 4574,2969,2133
4192: 1698,2432,2831,4090
3050: 2961,3734,4312,1641
4344: 1551,2877
3052: 1314,1693,3832,1031,2752
3053: 302,253
4249: 
3055: 703,4512,3213
3056: 3107,1991,63
3785: 503,3372,1265,2817
3058: 
3059: 
3060: 
3061: 416
3062: 2201,2400
3063: 3671
3064: 803,4606
3065: 244
3066: 2627,4591,2787
3067: 242
4678: 1543,4230,2179,2773
3069: 4044,3437
3070: 
3071: 3915,1453,3502,1099
3072: 2577,3403,4346
3073: 4052,2963,2220
3074: 4315,2289,619
3075: 
3076: 3342,147,4731
3077: 2534,3596
3078: 
3079: 4322,3417,3655
3080: 636
3081: 2128,580,3976
3082: 15
3083: 1919,4047
4443: 3947,929,3428,4774
3843: 1987,3696,4479
4034: 849,2774
3087: 1619,131,3977
4012: 1371,1154
3089: 1609,2256,1829,492
3090: 3588
3091: 
4750: 4203,568
4695: 430,4290
3094: 
3095: 2760,3154,1146
3096: 744,1768,1224,2506
3097: 2716,4609
3098: 1283,1156,1736,432
3978: 443,1088,3007
4709: 1970,451,1583,2955
3101: 2728,809
3102: 1720
3103: 2608
4565: 949,2861,4549
4527: 3452,963
3106: 558,1832,3208
3107: 3056,63
3108: 4679,3285,373,1770,121
3109: 2370,2764,3610
3110: 3706,725
4791: 4232
3963: 3835,645,4477,4485
3113: 106
3114: 1350,1075
3115: 848
3116: 1045,495,603
3117: 710
4686: 1668,1211
3119: 
3120: 3020,2768,1294,2045
3121: 
3122: 3920,3741
3123: 3022
3124: 3258,1896
3125: 4093,4793
3126: 4812
4524: 935,1161,933,1712,1598
3128: 502,4763
3129: 3672
3130: 
3131: 
3132: 2584,3347,3004
3133: 1550,1687,1859,4271,3410
3134: 3569
3135: 4337,3295,152
3136: 1840,962,2426,3231
3137: 2782,4797
3138: 1375,4002,1788
3139: 4371
3140: 613,3177
3141: 
3142: 711,4125
3143: 2388
3144: 2118,3737,894,2852,4794
3145: 
4820: 1122,3029,3953,4380,600,2777,4397
3147: 4804
4361: 2956,2174,983,595
3149: 3623,1405,349,3337,843
3150: 3787,3719,3319
4149: 3869
4414: 581,3195
3153: 4447
3154: 2760,3095,3447,4809,1485
3155: 2032,1785,322,877
3156: 3488,3806,1388
3157: 
4087: 3687
3159: 3206,2545,3810,343
4370: 3431,1422
3161: 1676,3470,4752
3162: 3925,3783,1544,4790
3163: 769,2676,1101
3164: 1547,916
3165: 3664,4782,1502
3166: 
3167: 473,2881,1986,646
3945: 4355
3169: 927,3333,4643
4026: 2452
3171: 2464,692,2968,4280,3897
3172: 1217
3173: 4057,3974,2028,3758,298
3174: 4099
3175: 3002
3176: 1943,2715
3177: 3140
3178: 3355,1600,550,491,4384
4783: 3690,2619,649,787,3603,3886,862,2792
3180: 410
3181: 
3182: 1463
3901: 1204
3184: 4739
3185: 247,3924,2714,2313,708
3186: 2153,808
3187: 2546,4255
3188: 1789,4450
3189: 
3190: 2020,4574
3191: 110,4297,1116,4588,3846,2873
4044: 3069,3777
3193: 1786,776
3194: 994,542
3195: 2024,4414
4007: 3261,395
3197: 
3198: 4142,173,2080,517,2249,1649
3199: 873,914,884,569
3200: 1651,2571,2753
3201: 3328,1619,1860
3202: 4637,1316
3203: 
3204: 1270
3205: 3654,1549
3206: 1932,3159,3819,2545
3207: 3710
3208: 3364,3106
3209: 4298
3210: 11,219
3211: 3939,1204
4153: 
3213: 658,541,1829,3055,703
3214: 3802
3215: 
3216: 3300,1669,976
3217: 1266,4778,2709,699
3218: 3535
3219: 
3220: 231
3221: 2893,1003
4232: 4791
4382: 3677,1622,292
4312: 3050,2136,3842
3225: 2357
3226: 
3227: 1605,3046,209
3228: 972,635,4617,165,3607,1491
3229: 3569
3230: 3259,1949,3972,3496,2390,4792
3231: 1738,3136
3232: 4274,2758,1622,3310
3886: 649,3603,4783,2792
3234: 67
4786: 1554
3236: 912,3505,1998,2198
3237: 
3238: 1210,3651,1618
3239: 4404,3874
3240: 
4615: 1312,1500
3875: 3714,1459
4001: 2519,1305,4819,1777,1995
4571: 1445,3379,1842
3245: 1729,4807,147
3246: 3672
4810: 4006,3600,3357,1190,4287,4555,4224,512,1845
4797: 3137,2854,2782,1639
3249: 1334
3250: 
3251: 76,3478
3252: 1850,1651,2749,4669
3253: 3958,671
3254: 2504,2484
4362: 2393,1826,4774
3256: 
3257: 4289
3258: 3124,2097
3259: 4603,3230,1949,4792,424
3848: 1040,4340,343
3261: 4007,3654,554
4225: 2645
4241: 
4645: 
4251: 
3266: 3962,4815
4774: 3428,1595,4443,4244,2595,4362,1826
3268: 1513,3883,679,3877
3269: 3939
3270: 1461,1410,420
3960: 1250
3272: 2826,66,3042,3899
3909: 4373,4707,3522,2947
4525: 2331
3275: 1383
3276: 
3277: 1645
3278: 1580
3279: 2405,867
3280: 2742,1881
3281: 3565,2750,1390,3589,28
3282: 
3283: 2817,503,479,3451
3284: 1405,4284,3339
3285: 3108,121,3722
3286: 2623,1832
3823: 223,289,4580,1112,1867
3288: 4403
3289: 4352,3701,4015,4405,289
3973: 
4342: 1800
3292: 1374,4170,4569,3832,345
3293: 3778,4782
3294: 4101,4284,4388,3825,1405
3295: 152,3135,2017
3296: 
3297: 4023,2691,1600,2471,4384
3298: 178
3299: 1138,3463,2032
3300: 4487,3216,976,852
4722: 3718,2612,293
3302: 107,993,2896
3303: 1617,4776
3304: 
4475: 1086,3897,2581
3306: 4694,1644
3815: 4503,2757,1709
3942: 
3309: 822,1285,1075
3310: 1905,3232
3311: 
3312: 79
3313: 603
3314: 3513
4036: 3360,2970,516,1662
4726: 4024,1606,131,652,1488,2734
3317: 
3318: 526
3319: 1351,568,3787,3150
3320: 3522,1039
3321: 84,2355,2819
3322: 63,341
3323: 3018,1437
3324: 4489
3325: 2570,4659,1720
3326: 1664
3933: 1424,1056
3328: 3201,4737,2101
3329: 
3330: 1353
3331: 4377,2199,2497,338
3332: 3572,3456,1192
3333: 3169,461,4465,4058,3546
3334: 
3335: 3685,4178,246
3336: 540,1028,2615,406,1418
3337: 2478,843,3801,3149
3338: 3733,3759,1704,4078
3339: 3284,349,3883
3340: 1415
3341: 4534,2303,1074
3342: 3076,147,1894,1749,4731
3343: 4792,722,1767,3972
3344: 1499,3952
3345: 4295
3346: 4500,2369
3347: 3004,3132
3348: 
3349: 1955,2764,4050,3468
3350: 1022,1413,4655,2597,1968
4230: 4678,439,2179
3352: 2913
3353: 3779,2117,2485,340,4680,1849
3354: 
3355: 1600,3178,4144,2471,702
3356: 4743,1298
3357: 379,3600,1190,4330,4810
4129: 2868,1245,3849
3359: 1493,590,4809,1742,1485
3360: 4036,685,516
4800: 4273,2452,337
3362: 4752,3367,323
3363: 2024,1869,296,4128
3364: 3208
3365: 1694,2726,746
3366: 2170,750,4787,1914,4245
3367: 3362,4108,553,3470
3368: 
3369: 2688,2254
4378: 192,3396
3371: 358,710
3372: 503,3785,3451,1406
3373: 
3374: 1742,590,1762,298
3375: 3452
3376: 2046,3593,2222
3377: 1784,4337
3378: 981
3379: 685,4571
3380: 
3381: 
3382: 4775,802,333,3923
4056: 4177
4288: 117,4736
3385: 638,3456,452
3386: 572,4063,4674,1838,2871
3387: 
3388: 1453,4534,514
3389: 
3390: 2123
3391: 2836,4081
3392: 3817,922,2094,2409
3393: 3824,2443,2111
3394: 1215,144,366,75,4223
3395: 4531,4623,2456
3396: 192,4378
3792: 2068,1281,4229,692,2968
3398: 
4039: 2544
3400: 
3401: 2095,3565,2750,3473
3402: 2065,2234
3403: 3072,2577,1739
3404: 1792,547,1201
4237: 4585,329,3501
3406: 1124
4033: 1088
3863: 1755
3409: 4223,2086,1604
3410: 3133,876,4271,3745
3411: 990,1765,4143
3412: 618,1555,2922
3805: 
3414: 548,2343,4206
3415: 4360,1316,4691,2321
3416: 355,2305,4823,4009,2500
3417: 3079,3655
3418: 729,1869
3419: 1079,1162
3420: 4195,4119,4547
4700: 698,2618,132,141
4823: 3615,1969,2305,355,3416,4009,2500,1998,2198
3423: 329
3904: 4684,320
4739: 1360,3184
3426: 3908
4470: 
3428: 846,2395,929,4443,4774
4771: 381,4375
3430: 
3431: 4122,4370
3432: 4085
3433: 
3434: 4243,1677
3435: 2824,2260
3436: 1457,3884,1969
3437: 2164,2233,290,3069
3438: 2748,216,1545
3439: 1858
3440: 
3441: 1728,1560
3442: 496,1061
4334: 1870
3444: 1823,3602,1996
3445: 1306,1310,2355
3446: 331,734,2373,3826
3447: 4809,3154
3448: 
3449: 
4239: 1482
3451: 479,2168,3283,503,3372,1406
3452: 4527,438,3375
3453: 908,2658,1476,463
3454: 4030,4262,1982
4321: 1274,1233
3456: 3385,638,3332
3457: 
3458: 1288,904,2635,124,1661
3459: 
4165: 1289,4536,4406,2627
3885: 
4779: 4436,3532,2008,2217,627,174,3804
3463: 1138,3299,4809
3464: 4611,148
3465: 965,3583,1029,1067,2310
3466: 36,543,1464,3678
4591: 1990,2401,2787,3066
3468: 1005,3349
3469: 
3470: 2196,3367,3161
3471: 304,3988,4185,2613
3472: 2239,1255
3473: 3401,2750
3474: 2843
3475: 33,3545,2772,664
3476: 767,1532,2985,170,98
3477: 4286,3940
3478: 76,3251
4642: 3601,217,1937,862,3893
3480: 3979,1354,3930,4805,402
3481: 
4203: 3787,568,2989,4750
4428: 3771,2562,1973,89
4745: 3695
3485: 2880,1576
3486: 642,2701,2902
3487: 4663
3488: 3156,3806,3873,4218,2818
4138: 2840,2870,4763
3490: 1594,27
3799: 1360,4063
3492: 943,1123,4608,4234,930,2101
3493: 376,4468
3494: 2612,2436
4808: 2801,2418,4387,4730
3496: 2390,2938,3230
3887: 1806,2311
3498: 
4559: 2874,2901
4765: 168
3501: 601,329,4237
3502: 964,1099,3071,183
4384: 1600,3178,3297
3504: 
3505: 912,3236,2198,3547,3670
4014: 2770,2654,2503
3507: 3578,4816,2046
4634: 3790
4816: 3602,3507,3578
3510: 1141,1879
3511: 4498
4379: 
3513: 2655,3314,3768,433
4308: 4118
4819: 1777,3591,4111,1566,2041,2519,4001
3516: 1385,1591
3517: 
3518: 1786,251,1741
4454: 1238,508
3520: 3560,4004
3521: 1416
3522: 1039,3320,2947,3909
3523: 4371,100
3524: 2066,1868,4091,1392
3525: 3559,406,3011,2738
3526: 268,815,520
3927: 4515
4336: 
3779: 2117,2485,3353,2640,436
3530: 935,4333
3531: 4714,3888
3532: 2754,2008,4779
4814: 232,449,3641
3957: 432,1160,1963
3535: 3218,2057
3536: 4636,832,670
3537: 2257,520,1071
3538: 4758,2354,4279
3539: 4669
3540: 1038,82
3541: 2055,2541,1186
3542: 
3543: 1246,3676,2896,2842
3544: 2608,3774
3545: 4627,2175,3475
3546: 4058,4234,1396,461,4608,3333
3547: 4046,3670,3505
3548: 2337,4173,1458,1673
3549: 
3550: 789,1520
3551: 2940
3552: 2323,1798
3984: 861,4300
3554: 689,2551
3555: 4099,2565,3730
3556: 4538,1272,2560
3557: 819,2522,4821,2933
3844: 229,816
3559: 52,4221,3525,406,1418,2738
3560: 3520,4004
3561: 
3562: 1035,3879
3563: 
3564: 2808
3565: 2750,3281,3589,3401
4511: 
4255: 2546,3187
3568: 
3569: 3134,3229
3570: 356
4749: 1242
3572: 2895,3332,2292,2318,1192
3573: 2841
3574: 
3575: 2199,2581,3733
3576: 347
3931: 
3578: 3507,4816
4245: 3366,2170,750
3953: 4380,4820,560,4397
3581: 2038,863,521,614,1205
3582: 2212,3754
3583: 965,1706,3465,4668
3584: 2646,3636,304
4269: 2271,15
3586: 4304
4658: 2200,2263,209,579
3588: 3090,1055,2661
3589: 3565,3281
4691: 387,2321,3415
3591: 329,4819,4585
3592: 4318,529,2188,2329
3593: 2046,3376,2921
3594: 
3802: 3214
3596: 3077,2504
3597: 3721
4514: 2300,959
3599: 4498
3600: 379,3357,3894,4306,4810
3601: 217,1937,4642,2830,862
3602: 1996,3444,4816
3603: 649,3886,4783,1605,79
3604: 2987
3605: 1576,2064,680
3606: 
3607: 85,1491,165,3228
3608: 2747,4186,2017,906,2754
3609: 2848,3704,2751,2742
3610: 4450,2370,3109,1975
3611: 2882
3612: 2272,1562,725,4538,2560
3613: 
3614: 
3615: 4823,2926,2198
3616: 1139,793,898
4217: 3629,1167,841
3618: 3630
3786: 2549,1380
3620: 
3621: 79,1681
3622: 694,4314
3623: 3149,349,134
3624: 4444,1003
3625: 
3626: 752,2990
3627: 4052
3628: 
3629: 553,1167,4217
3630: 3618,4412,808,1861,898
3631: 
3632: 
3633: 4662,898,793
3634: 4090,231,1698,4694
4593: 1789,2568,2815,2812
3636: 2613,1377,2646,3584
4795: 3891,4275,1903,97,1726
3638: 1994
4407: 1458
3640: 2208,53
3641: 810,4814,4553
3642: 272,1419,3030,561,3882
3643: 3023,784
3644: 2928,4766
3645: 292,2852,1091
4548: 421,1240,282
3647: 4071,4050,3896,4746
4767: 3015,4273,2432,279,1528,4500
3649: 4158,620,3047,4708
3650: 4107,191,2678,4778
3651: 3238,1618
3652: 
3653: 1549,4611
3654: 3205,1833,3261
3655: 4322,3079,3417,296
3656: 4821,4644
3657: 1501,2604,2657
4804: 4095,2763,2404,50,4482,3147,986,4754
3659: 987,1153
3838: 838,4440,4463,4175
3661: 59,3783,1544
3662: 2685
3663: 
3664: 3165,1379
3665: 1076,2038
3666: 
4716: 1329,648
4755: 3900
4305: 2155,1516,1170
3670: 3547,912,3505,1231
3671: 384,3063
3672: 3246,3129
4677: 
4043: 1430,2410,4160,890,1177,1636,2204
3675: 2841,1545
3676: 1049,3543,2950,327
3677: 4382,4794,235,1018
3678: 1464,3466,2033
4171: 4254,4427
4727: 2639,2424
4646: 1050,1817
4519: 574
4331: 682
4486: 404
3685: 2839,4178,484,3335,246
4541: 
3687: 2269,2650,4087
4330: 1190,379,3357
3689: 1352
3690: 4783,2830,862,2792
3691: 4158,1905,620,1018
3692: 1193
4426: 1715,717
3911: 1337,1896,2373,1114,2083
3695: 4745
3696: 3843,1129,4479,1621,359
4521: 2692
4803: 2313,4596
3699: 1553
4421: 
3701: 4015,223,289,3289
4781: 3951,2731,2770,2654
3703: 
3704: 2848,3609,4439,2742
3705: 2003,1699
3706: 3110,1562,725,1376,3734
3893: 4015,4405,4642
3708: 4469,2916
3709: 2826,52,4221,663
3710: 2625,3207
3826: 3446,734,858
3712: 2596,4294
3713: 1838,2871,2446,2250
3714: 4589,459,3795,1459,3875
3807: 221,3746,4557
3716: 530,2771
3717: 
3718: 4722,1607
3719: 3150,4119
3820: 
3721: 3597
3722: 3775,3285
3723: 2958
3724: 2094
3725: 4020,2505
3726: 15,2271
3727: 455
3728: 4616,155,2510
3729: 2380
3730: 2565,3555,4099
3731: 4323,2562,2374,375
3732: 592,780
3733: 2581,3338,4078,3575
3734: 2961,3050,1641,1376,3706
3735: 2379,1313
4278: 1627,622,4580,1867
3737: 3144,4794,2012,2411
3738: 2701
3739: 4570
3740: 3879
3741: 3034,2606,3920,3122
3742: 
3743: 1732,26
3744: 
3745: 2797,876,3410,2759
3746: 3807,2704,1113
3916: 1038,1187
4313: 2964
3919: 2789
4102: 766,3956,4047
3751: 2518,2145,2658
4788: 
3753: 117
3754: 433,2212,3582
3912: 4395,1052,759,837
3756: 4805,791,402,1341,905
3995: 
3758: 2028,298,2076,4057,3173,640
3759: 919,230,1704,4416,1743,3338
4664: 2544,1340
3761: 3940,2893
3790: 1668,4634
3763: 
3764: 
3765: 196
4436: 4779,2008,174
4578: 2657,77,704,2604
3768: 3513,3816
3769: 1020,1770,2293
4206: 2343,548,3414
3771: 2562,4428,4772,4253
3772: 2779,1813
4694: 3306,231,3634
3774: 3544
3775: 3722,1752
3776: 2827