0: 2391,4464
4486: 573,484
2: 2220,2502
3: 955,4378,4273,1929
4548: 4524,3800,4005,2635
5: 747,2115,1341,4587
6: 
7: 3410,2616
8: 
9: 891,678,2108,2545
4717: 2222
4739: 4475
12: 4719,419,2187,1704
13: 2880,3417,2938
4792: 323,1078,2328,2948,4086
4186: 3551,4595,1150
16: 3377,4551,1864
17: 2155,4305,817
18: 4557,1763,4122,4762
19: 1017,1758
20: 830,421
4119: 
22: 489,2284
23: 4404,630,1055
24: 
25: 
26: 3715
27: 1199,435,3519,3762
28: 2396,3624
29: 
4523: 
3940: 3064,3967,4494,3063
32: 2890,1890,2752,4793
33: 2561,4098
34: 846,2213,4554,263
35: 1239,2784
36: 2359,4821,2337
37: 1810,1149,621
38: 4015,922
4433: 370,1565,4473,566
40: 1262,2915
41: 4439
42: 
43: 4292,4353,1171
4461: 3955,4437,4172,3952
45: 1586,3430
46: 4762,674,2431,4761,4208
47: 1143,1454
48: 3109,3732,4578
49: 4198,2688
4628: 1697,1428,1882,866
51: 1430,3057,1439
52: 1146,3708,3869,2495
4319: 646,2503,742
54: 1166,3090,2513
55: 729,1431,3164,1974,217
56: 
57: 2145,1740,3502,1971
4561: 3563
59: 3903,4809
60: 
61: 1199,435,1369
62: 2016
4622: 1854
64: 1368
4128: 1677,2715,1240
66: 4165,3438,2955
67: 
4525: 
69: 1944,3883,1961
70: 761
71: 4259,75,4087
72: 
4651: 2580,4456
4689: 
75: 4259,71,1977
76: 2532,2768,1160
77: 131,2512,4625,1275,4670
4378: 218,3661,4790,3
79: 2519,4069,2999
80: 3571,2758
81: 3849,941,3582
4771: 2720,4277
4354: 322,3599
84: 
4172: 2669,4461,3952
86: 1293,2295,444,4094,1767
87: 
88: 3389,1590,4584
89: 1016,3290,2108
90: 3970
91: 570,917,4334
92: 3915
93: 3010
94: 4142,4812,3589
95: 4543,870
96: 2763
97: 3688,3960
98: 2986,1418,1106
99: 4238,3497,4390,2191,766
100: 2078,3737
4037: 3806,3597,4297,2725
102: 143,4213
103: 2069
104: 197,4348
4733: 1397,568,2553
106: 1726,4592,4458
107: 586,4140,971,1985,913
4087: 71
4491: 2576,1991,457
110: 1859,4746,188
111: 865,4769
112: 
113: 3902,4735
114: 2179
115: 
116: 1030,3365,147
4626: 2110,2892,4796
4784: 4556,3562,1215,2650,2074
119: 
120: 3229
121: 1662,1788,4111
122: 2459
123: 1100,4063
4006: 3062,3486,2877,3228,2207
125: 4330,1678,4532,4445,242,2757
126: 768
127: 2102,2797,4462,1031,2455
128: 1790,202
129: 1244
130: 2226
131: 77,2512,3836,3875,4670
132: 1549,2235
133: 4802,3304,3778
134: 1185,2496,1265
135: 1157,1618,2826
136: 
137: 4581,4277,852,3505
138: 1775,3821,2417
139: 
140: 1028,2491
141: 529,1751,3294,2500
4314: 4365,1260
143: 1791,102,2043,4213
144: 930,4272,1034
4702: 664,1394
146: 2977,2745,3208,3064
147: 3365,4677,116
148: 3834,2052,2356
4576: 1762,2191,766,3750,3734
150: 474,2730,1794,1706,4180,4682
151: 4027,1254,2606
4072: 2369,1476,1958,1065
153: 282,1010,4049
154: 1756,4014
155: 1006,1461,1234,896
156: 2607,2110,415
157: 2670
158: 1564
159: 2906
160: 3252
161: 3551,1050,4487
162: 
163: 1570
164: 3117,1663,3515
4270: 2327,399,2167,4343,1619
166: 2547,3460,2101
4064: 1613,1506
168: 898,1268,607,1856
169: 501
4593: 4600,3422,3204
171: 1149,947
4012: 4216,4348
173: 3191,3722,962,1980
174: 350,3080,2424,2781
175: 2803,2913,722
176: 
177: 2129,4665,3374
178: 
179: 2211
180: 1026,3371
181: 2657,2390
182: 3394,598
4477: 4575,3983,4169,2868
184: 206,4809,4066
185: 
4732: 2909,1276,973
187: 4227,1367,743
188: 4185,2877,1859,110,3577,3455
189: 2558,3102,4457,1016
190: 2144,2937
191: 3431
192: 
193: 3564,3072
194: 
4004: 2029,3621,3411
4521: 
197: 104
3900: 
199: 1125
4786: 302,2358,2728,3206,2248
4100: 675,3951,4184,624,3571
202: 2971,128,4220
3876: 1907
204: 4463,2111
205: 4563,4291
206: 184,3168
207: 972,4553,982
208: 2801
4767: 4367,3884,3137,2292,408,1695,4413,3481,746
210: 4065,3582,2736,941
211: 
4373: 4032,2111,3911
213: 1162
214: 3243,3434,2071,4823
215: 1842,1451,4680,3068
3909: 1652,2924
217: 604,1974,55
218: 4378,3661,4790
219: 4762,4086,1059
220: 1593,890,4793
221: 2280,1990,3766,1174,4725,3349
3917: 
4357: 4697,3674,1079,2002
4397: 2029,3584
225: 2067,3548
226: 982,926,1066
227: 849,949
4780: 3517
229: 1522,319
4441: 
231: 
232: 3762,3091,1199,2568
233: 3168
234: 2805
235: 2758
236: 1834
4520: 2763
4353: 3007,43,1171
3884: 4367,4767,3193,3137
240: 
241: 3812,3625,3946,3055
242: 4445,125,1678,3567
243: 3360,3971,4566
4330: 125,1678,369,1491
245: 1173,1300
3982: 4443,4671,2114,486
247: 419,3545
248: 2417,1288,791,1255,784
249: 
4581: 137,4277
251: 2273,4145,1264
252: 3702,775,3474,859
253: 2045,3274
254: 1736,2944
255: 2004,921,3908,3479,2823,2117
3957: 282,1010,3460,473,671
257: 1162,4588,3432
4798: 4200,3989,2501,3552,2451,694,4224
259: 3130,3305
260: 1428,1882,4189
261: 2539
4136: 2232,2939
263: 4554,2761,4449,34
4501: 3289,2485,4772
4014: 3753,2459,154,1756
266: 
267: 2743,2925
268: 3855,2547
4691: 3227,4536,1836,1180
270: 334,4447,3163
271: 2484,3341,1404,1905,1940
272: 583
273: 
274: 1737
4174: 2216,2488,4496,2131
276: 2770,2826
277: 2211,1801
278: 2256,4481,3771,4503,2812
279: 4176
280: 718
3980: 431,412
282: 1010,3957,473,2477,153
4633: 4655,4197,901,3014
284: 1237
285: 577,2816
4470: 754,4101,2746,2044
4377: 4667,2419,4538,3844
288: 
289: 2928,4665,2817,3374
290: 1558,4724,3044,943
291: 4347,353,1129
292: 4118,3314,2857,3232,2056
293: 3130,855
294: 1486,2120,1676,1927
295: 
296: 1521,963,760
297: 1445,1878,830
298: 4202,4362,4533,4647
4371: 3771,429,1262,937
300: 2334,2588,2205
4813: 4216,455
302: 4786,929,1554
303: 3473,4182,976,4794
4150: 1602,4232,2142
305: 3009,3284,1091,4766
306: 3316,3019
307: 1223
308: 3811,494,1277,2760,1120
4307: 
4608: 622,2642,1953,2830
311: 2505,4113
312: 2460,2638
313: 
4369: 2272,2401,518,3607,1324,2245,1484
315: 3525,2543
4306: 468,854,1464
4554: 4098,263,34
318: 
319: 229,1522,4625,2941,573
320: 
321: 2176,1464
322: 4354,3599
323: 1078,3211,4792
324: 
325: 895
326: 1408,3526
327: 2064
3904: 
4572: 4126,3622
330: 4281
331: 814,1737,3106
332: 4450,1008,1684,2889
4356: 2550,362
334: 270,3312
335: 3274
336: 4297,3523
337: 4671,3403,4443,3069,4805
338: 4479,4063
4657: 4142,2097
340: 3308,4808,2828
341: 844,1795
342: 3134,1612
343: 3317,2978
344: 877,4002
345: 
4665: 289,2928,1870,2129,177
347: 4439,1480
348: 3104,1868,1899,3043,4777
349: 4213,2995,3251,894,1991
350: 174,3080,4811
351: 557,3378,2389
352: 1192,2698,1767,3412,2106
353: 1764,291
354: 3443,4046
4595: 3630,2811,4186
356: 
357: 4333,4201
4210: 
359: 
4649: 3298,1632,4805,3456
361: 3772
362: 2930,2550,4356
3993: 1630,512,1866,1133
3902: 4735,113
365: 4705,528,2374,456
366: 1185,4444,1419
367: 3928,3779,1148
368: 1699,2274,1368
369: 4330,4532,2460,4768
370: 4433,2428
371: 736
372: 1737,3106,4260
373: 1419,4071,1060,1752
374: 1623
375: 3178,1326,3803
376: 716
377: 
4794: 2084,751,3473,303,3527
379: 
4545: 2602
381: 1716
382: 
383: 2692,2066
384: 1469,4051
385: 3076,3366
386: 3244,4764,2947
387: 1352,3252
388: 
4718: 4465,1953,2490,2612,2642,581
390: 1040,1449
4019: 1469,1975,1993,3216
392: 1480,538
4339: 4118,3314,1284,1074
394: 
395: 
396: 1708,1472
397: 3892,4304,4807
398: 3761
399: 2327,4270,1738,4343,2350
400: 
401: 
402: 4534,685,871,2478,1933
3905: 3593,1951,3823
404: 1465,1883,1185,4444
405: 
4381: 3941,3897
4113: 1572,1055,311,2505
408: 2292,1302,4767,2432,3481
409: 1536,2631,2530
4252: 643,3715,1883,4196
411: 1741
412: 509,1792,4409,3980
413: 2884
414: 2853
415: 156,2892
416: 1125
417: 2127,3227,1973,1180
418: 
419: 12,4719,247,3279
4382: 1795,1231
421: 536,20,4591,4384,3886
422: 3263
423: 
424: 1822,4678
425: 929,1151,2956,2088
426: 1221,1621,4650,1838
427: 1935,2985,4795
428: 4440,4212,2686
429: 3771,4371
430: 1824,3832
431: 3980,872
432: 1658,1746
433: 3751
434: 1344,2172
435: 27,1199,1369,61
436: 1819
437: 4046,4727,598,3443,2864
438: 1103,2123,3259
439: 1202,2596,2573
4631: 
441: 2569,4778
4656: 1065,4498,4468,2795,3958
443: 3276,1245
444: 1767,3412,3976,1743,2295,86
445: 1689,629
446: 4038,1119,2347
447: 4655,1727,3733
448: 3506,1900
4103: 3849,1975
4465: 4718,1953,2612,3181
451: 3148,2170,1998,1840
452: 2040
4710: 1990,1647,3199
454: 3683,3963,2680
455: 3238,4813,4216,3747
456: 365,528,3488,2955
457: 1956,2406,4491,2576,3409
4493: 1646,2640,3369,4155,4492
459: 1633,3200,3559,692
460: 4816,1999,3553
4176: 2577,279
462: 
463: 3542
464: 2742
465: 985
466: 4703,2480,3395,727,3618
3922: 551,529,2961
468: 854,4306,4311
469: 3649,3474,3702
470: 1130
4231: 2496
472: 3840,1107
473: 3460,2477,282,3957
474: 150,503,2730,1794,491
4009: 2306,1406,3709
4056: 1291,1342,3057,2072,4820
477: 950,1526,4427,3108
478: 1408,1688,3899
4725: 1174,832,3766,4238,3497,221
4257: 3520,2696
481: 1708,1472,505
482: 991,4266
4715: 4171
484: 3844,3492,4486
485: 4341
486: 2114,2106,3982,4671,1206,4805
487: 1704,1573,3016
488: 
489: 22,4512
4425: 3568
491: 1223,474,503,2730,1032
492: 3277,1638,2384
4304: 397,4807,4192
494: 1277,308,3811,1844
495: 3332
3998: 2124
497: 1110,4454
498: 1667,916,3289,2793
499: 
4538: 729,4377
501: 3566,169
502: 
503: 474,1223,491
4457: 2928,1870,3102,4616,189
505: 481,1708,926
4602: 599,1498,4754
507: 4803,4603,4258
4290: 
509: 412,2301,4409
4227: 3180,1367,187,1245,743
511: 2230,3088,4102,2249
512: 3993,1630,1133
4544: 3860,3485,1540,4580,733
514: 1087,4168
515: 
516: 3808
517: 1970,1965,4773,4558
518: 4369,2272,2245
519: 2176,3052
4288: 4519
521: 2630,3144,3251,2989
522: 2388,3440
523: 3696,2835
524: 
525: 3275,3730
526: 737
527: 838,2455,3358
528: 752,365,456,3488
529: 1751,141,3922
4121: 2037,3391,1324,3195
3987: 2186,4078
532: 1727,2287,1081,1788
533: 3389,1291
534: 2978
535: 
536: 421,3164,4384
537: 1117,2463
538: 665,3034,1881,392
539: 3375
3983: 4284,4575,4477
4343: 2350,399,4270,1619
542: 3626,3575,2676,1530,2678,4820,2633,2903
543: 3189,3046
4484: 1492,2159
4061: 3035,1166
3971: 993,243,4566
547: 1203
548: 1640,1385
549: 2340,3801,4500,2343
4625: 1275,77,2941,4670,1522,319
551: 3922,2989,558
4474: 3433
4563: 205,3584,3411
4505: 4170,4816,556
555: 1821
556: 3201,4170,4505
557: 351,3861,2389,2297
558: 2864,551
559: 
4394: 2175,3601,3792,4188,633,933
4580: 4078,1540,4544,3485
4698: 3350,975,4796,3357
563: 3894,1828,3490
4724: 3065,3044,290
4456: 4651,3342
566: 4473,4433
567: 1394
568: 4733,1397
569: 748,2596,3856
570: 91,917,4045
571: 
4026: 
573: 4486,2941,3492,319
4817: 
575: 3749
576: 584,1952,3176,971
577: 662,1969,285
578: 4131,744
579: 4585,922,878,2953
580: 4211
581: 3929,2642,1167,2490,3266,4718
582: 
583: 272,1578,2453
584: 2878,576,1642,1952
585: 
586: 107,4140,2558,1985,913
587: 2666,2808,2472
3986: 2750
589: 
4783: 2927,2634
591: 4342,4237
592: 2712,1559,2308,1987,3226,3817
3899: 1688,1228,478
594: 4114,831,2450
595: 
4766: 305,3284
4648: 2824
598: 2961,182,437,4046,4727
599: 4602,1498,3097,4562,4403
3978: 4688,1256,1925
601: 2200
602: 4613,979,3094
603: 4171
604: 217,1445,3292,1072,1974
605: 1747,1841
606: 607,1856,2480,2441,4476
607: 1856,606,3462,168,898,2221
608: 
609: 4183,3623,4775
4331: 2235,2530
611: 4160,1407
4795: 2985,427,2035,1443,2750,1251,1153,3834,2052
613: 
614: 4422,896,1006,1848
615: 3109
616: 
617: 4610
618: 2969,1822
619: 
620: 4481,1567,3105,1992,1265
621: 1149,37
622: 4608,1953,2112
623: 2640,1554,1826,3369
624: 3571,4184,675,4100
625: 
626: 4814
627: 
628: 1417,2874
629: 445,1689
630: 4404,23
631: 
4764: 1400,2590,3244,4539,386,2997,2740
633: 4188,3271,3792,4394
634: 
635: 2149,2067,3916,4233
4512: 2497,3706,2968,489
637: 893,4379
638: 2296,4738
4591: 3836,1995,421,3886
640: 949,1775,2417
641: 1623,1589,3293
642: 3406
643: 4252,2051,1883
4109: 882,2666
4053: 790,2010
646: 4319,2503,3478,1067
647: 2182,3606,1544,2185,1463
4245: 4485,1756
4390: 3351,4726,99
650: 
651: 2192,3286,2438
652: 1948,2563
4065: 210,4207,3001,2865
654: 1434,1925,4765
4242: 4720,1020
656: 3251,1383,4668,2630
657: 1473,706
4131: 1438,578
4187: 1372,3833,3456
4802: 4497,807,3304,3778,4679,133
4789: 2458,1826,1437,2248,4729,1932
662: 3616,577,3954,3573
663: 3979
664: 4702,3973,1875
665: 538,4731,1903,1881
666: 2166
667: 1304,1039
668: 793,3420,4412
669: 3324
4082: 3449
671: 2615,3957
672: 4666,2849
673: 1973,958,2771,2528
674: 2431,4762,46
675: 4100,3951,624,3944,3061
676: 3509,1605
4169: 2868,4477,2721
678: 2817,2108,891,9
4778: 441,2569,3303,2834,1331
4365: 4314,3961,1317
4414: 4144
4322: 3519,3762
683: 3038,4660,3627
684: 
685: 4534,402,2635
686: 2469
4643: 4055,3496,1802
688: 1206,4805,3974
689: 1208
690: 3187
691: 1374
692: 1550,459
693: 3932
694: 4224,4798,3552
695: 2062,1679,1432,1583
696: 4546
4289: 1702
698: 4510,2269
699: 3690,1503,1168,1266,978
700: 3256,3428,3572,4073
4776: 4167,1454,2988,3489,1143
702: 3087,3873,4138
703: 4052,1590
704: 3255,2996
705: 3066,4350,3962
706: 657,1473
707: 4031,1448,2582
708: 4217,2521,3763,4139
709: 2422,2461
4052: 703,3429
711: 1583,3438
712: 1954,1115
713: 1235,1652
714: 1938
4667: 4377,1431,1168
716: 376,1468
717: 2861,4151,2654,1109,1418
718: 280
719: 4419
4809: 2119,59,3903,184,3720,4066,1815,3609
721: 2780
722: 2193,175,2155
723: 1074,2926
724: 
4502: 
4032: 4373,2652
727: 3395,466,3618
728: 1508,4101,4801,2746
729: 55,4538,1431,3164
730: 2654,2688,1418,3272
731: 1700,1013,2469
732: 3569,1232,3585
733: 3732,1540,4544
4155: 3809,4604,1646,4493
735: 1910,2741
736: 371
737: 2447,526
738: 3591
739: 2078,1479
740: 2244
4118: 4339,292,2266,2857
742: 4319,2503
743: 1245,4227,187
744: 1329,578
745: 3077,1237,3707
746: 4767,1695,3751
747: 5,1341,1528
748: 569,1514
749: 
750: 3617,3280
751: 4794,2650
752: 528,4734,1441,4391
753: 1866,3134,3853
754: 1833,4470,2044,3645,1303
4134: 1507,4211,2553
756: 1951,4650,1838
4122: 1059,4762,18
758: 2899,4790
4418: 3418
760: 963,296
761: 70
762: 4598,1713,2824,2644
763: 1718,3772
764: 1805,1986
765: 1672
766: 4576,1762,2191,2100,99
4823: 2312,214,1391,797,4646,1729,1053,1309,2071,1901
768: 126,4011
4775: 3012,948,3623,859,3347,4183,609,3061
770: 1041,2348,2936
771: 1456
772: 3643,849,2224,949
4220: 202
774: 4531,1211
775: 252,3474
776: 1461,1410,3919
777: 2695,2106,4141,1206
778: 1931,2224
779: 
780: 4115
781: 3542
4055: 4643,3379
783: 1664,3522,2566,4811
784: 1134,1255,845,248,791
785: 4468,2339,915
786: 
787: 4278
788: 
789: 2063,2254
790: 1725,3549,4053,2010
791: 248,845,784
792: 2055,1443
793: 668,3420,4811
794: 
795: 1754
796: 
797: 2198,3434,4823
4141: 1086,1206,777,2753
3990: 4431,834
800: 
801: 1288,1070,4508,1376
4040: 1490
4364: 
804: 1415
805: 1569,2409,2759,3399
806: 2947,899,3992
807: 4083,4802,4497
808: 3841
4753: 
810: 
811: 1270,1108,1926
812: 2006
813: 3956,4401,4742,3381
814: 331,2766
815: 2594
816: 4226,1080,1949,2098,4416
817: 17,4305,3637,2573
4763: 2356,2413,1833,3630,1939,2217,1536
819: 
4808: 3308,1129,1983,841,2828,340
821: 
4772: 3605,1310,2485,4713,3448,4501,3289,4459
823: 4178,1683
824: 2634
825: 
4321: 
827: 3430
3880: 1133,3585,3569
829: 
830: 3959,20,297
831: 4114,3931,594,2450,3798
832: 1174,4574,4725,3497,3750,1191
4616: 3534,3727,3102,3230,4457
834: 1301,3671,3990
835: 4054
836: 3250,2079
837: 
838: 2455,527
839: 4751,1965
4311: 2633,2793,916,468,854
841: 2828,4808
842: 
843: 1185,1972
844: 341
845: 1134,784,791,4215
846: 4449,34,2213,857
847: 
848: 1011,2917,1594
849: 2159,772,227,949
850: 
851: 1294,3413
852: 1962,4277,137,3505
4661: 
854: 468,4306,2633,4311,3626
855: 3305,293
856: 
857: 846,1662
858: 
859: 3347,252,4775
4787: 4388,3677,3002,3583,879,1591
861: 4810
4726: 4102,1604,4390
4647: 2383,4533,298
864: 4224,2766
865: 111
866: 4628,1697,1967
867: 
868: 1746,4800,2132
869: 4192,3892
870: 95,4543
871: 1319,2478,402,1933
872: 3228,431
873: 
4529: 
875: 1313,3111,3268
876: 3961,2557,2139
877: 4002,3176,344,1471
878: 1266,579,2953
879: 4787,4388,4758
4267: 1831,2923
881: 4807,4694
882: 4109
883: 3440,1089,3459
4345: 1076
885: 
886: 2846
887: 4058,2189
888: 908,3071
4728: 1964,3317,3367,3928
890: 220,1593,3692,3621,4793
891: 9,678,2108,4589
4073: 700,3256,1274
893: 637,1309,2312
894: 2989,349,1991
895: 325
896: 4422,614,155,1006
897: 
898: 168,1268,607,2221
899: 806,3992,4081
4555: 3721,2902
901: 2313,3682,4197,4633,3014
4262: 2704,3463,4533
4473: 4433,566
904: 913,3155,2571
905: 3530,1793,4385,2695
4480: 
4781: 3895,3598
908: 2510,1316,3071,2170,888
909: 
910: 
911: 3062,4765,4564,1851
3875: 1995,131
913: 904,107,586,971,1985,3155
914: 3703,1597
915: 2369,785
916: 1667,498,2793,4311,1499
917: 91,570,3214,1167
918: 
919: 2585
920: 2008
921: 2004,255,3908,2364
922: 4015,38,579
923: 1462,2036,1852
924: 965,4447
925: 2203
926: 982,226,505,3419
927: 4218,974
4427: 2665,477,950,1526
929: 425,1151,1554,302,4294
930: 144,2562,1677,2715
3967: 3940,3064
932: 
933: 1943,3792,3601,4394
934: 4454,1110
935: 3488,3524,3881,2748
936: 2508,1325,3610
937: 1226,1262,4371,1189
938: 1629
939: 4285,3480,3640,4589,1715
940: 4485
941: 3849,81,210,3582
942: 3328,1919,4567,2697,1307
943: 2850,4567,290,3044,3760
944: 
4650: 756,1838,1221,426,2381
946: 2038,2750,1251,2326
947: 1149,4021,171,3939
948: 3012,4775,4201,2342
949: 2224,640,227,849,772
950: 477,4427,2357
4143: 1863,4663,4634,2416,3170
952: 1164,1241
4720: 4242,1020,2231,2291
954: 1806,1793
955: 3,1250,1929
956: 4471,1679
957: 3510,4031,1002
958: 1973,673,1180,2528,2535
959: 
960: 3673
961: 
962: 1980,3722,3171,173
963: 296,3165,760
964: 3513,2150,1390
965: 4447,924
966: 1269
967: 
968: 3751,2606
4679: 3778,4802,4497
970: 3375
971: 107,576,1952,913
972: 207,1865,2893,4553
973: 3519,3184,4732,4085
974: 1289,2004,927
975: 3350,4698,3357
976: 4556,2038,303,4182
977: 3388
978: 2110,699,3690,1503
979: 4613,602
980: 2046,1765
981: 
982: 926,226,207,1066
983: 1543,1512
3892: 397,1548,4192,869
985: 465
986: 1709
987: 1991
988: 3808,2687
989: 4147,3199
990: 3166,3968,3725
991: 4609,1560,482
992: 3894
993: 3971
994: 2785,2019
995: 3433
996: 2689,1630
997: 
998: 4190
999: 2601,3210,2088
1000: 4081,3790,1126,3368
4317: 
1002: 1315,4090,957
1003: 1940,1169,1682
1004: 4819
1005: 3647
1006: 155,3688,614,896
1007: 2539
1008: 1684,2889,2608,332
3970: 90,4475,1997,2355
1010: 282,3957,153,2121,4049
1011: 848,2917,3968
1012: 2426,3691,1794
1013: 2469,731
1014: 2595,2860,3152
1015: 4645
1016: 3290,89,189,2928
1017: 19,3378,1758
1018: 1404,1940
1019: 1104,3769,4603
1020: 1477,4242,4720
1021: 1611
1022: 3785,1436,1556
1023: 4263,2024,4796,2117
4093: 2570,4440,1835
1025: 
1026: 3371,180
1027: 
1028: 140,3862,2894
4392: 2317,1281
1030: 116
1031: 4462,127,2102
1032: 3297,2730,491
1033: 1999
1034: 2572,4272,144
1035: 
1036: 2548
1037: 1653,2855
4785: 4296,1273,4017,2222,4177
1039: 3234,667,1304,1552
1040: 1836,390,1449
1041: 770,2348,1306,2798
1042: 4697,3935,1835,3674,1859
4215: 1156,845
1044: 4683,1396
4393: 2109
1046: 2028,1067,3667,2199
1047: 
4439: 347,41
4527: 4083
1050: 2326,2811,161
4351: 3603,3543
1052: 1617,4814,2994
1053: 1309,2071,3719,4823
1054: 2486,2901,2808
1055: 4113,1572,2505,23
4051: 3268,4708,384
4748: 3330
4181: 
1059: 4122,219,4762
1060: 2062,1432,3723,1752,373
1061: 
1062: 2129,3777,3470,1943
1063: 4116,1474,3582,2736
1064: 3794,1806
1065: 1958,4656,4498,2369,4468,4072
1066: 982,226,1978
1067: 2028,3667,1046,646
4596: 4038,2715,2562
4481: 2256,620,278,3105,1992,4503
1070: 2362,801,4508
1071: 3526
1072: 2613,4015,3417,3292,604
4313: 1636,1458,1424
1074: 1284,1095,723,4339
1075: 
1076: 1935,4345
1077: 2322,2575
1078: 323,4792
1079: 4357,3262
1080: 816,4226,1949,1113,3546
1081: 4111,4312,2830,532
1082: 1110
1083: 2131,1968
3973: 2913,1225,664
1085: 4606,3254
1086: 4141,2753,2353,1175
1087: 514,1628
4566: 243,3971
1089: 883,3663
1090: 1780
1091: 3284,4682,305,2888
1092: 4085
4334: 91,1819
1094: 2097,3103
1095: 1284,1074,4542
1096: 3515,2625,2912
1097: 3810
1098: 
4705: 365,2374
1100: 123,3959,1995
4489: 1135,4793
1102: 4088,2261,4514
1103: 438,2561
1104: 3769,3972,1019,3185
1105: 1286
1106: 98,1879,3531
1107: 472
1108: 4562,3204,4403,1926,811
1109: 2986,3617,2861,717
1110: 497,934,4454,1082
1111: 4177
4112: 3191,3484,3775
1113: 3546,1080,1949,3612
4562: 1108,4403,599,2991
1115: 712
1116: 2592,1190,2531
1117: 1290,537
4068: 
1119: 1496,2646,2659,446,3138
1120: 1891,308,1277,2760,2277
4114: 831,3931,594
1122: 1843,4747
4041: 3882,2426,1474
1124: 3713,3237
1125: 416,1669,199
1126: 1978,2809,1000
1127: 2854,2351
1128: 3835
1129: 291,4808
1130: 470
1131: 2453,4260,1578
1132: 
1133: 3880,3585,3993,512
1134: 1255,845,784,3851
1135: 4489,2661
1136: 1867
1137: 1140
4340: 3116
4140: 107,586,3869,4815,2068,2558
1140: 3802,1137
1141: 1816,4611,1639,2854
1142: 
1143: 4776,1454,3060,47
1144: 
1145: 4323,1507,4211
1146: 52,2277,1891
1147: 2050,2569
1148: 1928,1605,367,3779
1149: 621,947,37,171
1150: 3825,4186
1151: 929,425,4294
4182: 3473,303,976
1153: 3834,2052,2035,4795
4416: 2098,3769,816
4329: 3650
1156: 4215,2756
1157: 135,3851,1618
1158: 2916
1159: 
1160: 76,1785
1161: 4518,3314,2056
1162: 213,257,4442,3432
1163: 
1164: 3475,952
4504: 4327
1166: 54,4061,3090
1167: 3214,2685,2490,917,581
1168: 1266,1431,4667,699
1169: 2764,1003,3838
1170: 1293,3530
1171: 43,4353,1645
4811: 793,1664,3522,783,350
1173: 245
1174: 4574,4725,832,221,3349
1175: 4406,2353,2724,1086,1842
4575: 4477,3983,3245,2055
1177: 3560
1178: 3939,3976
1179: 3145
1180: 1973,958,417,4691,3227
1181: 1816,2854,3002
1182: 3455,2616
4686: 3169,3559,3480,3640
4179: 
1185: 843,366,404,134
1186: 2192
1187: 2763
4730: 2808,3711
1189: 937,3780
1190: 2439,1116,2592
1191: 4574,832
1192: 2695,352,4094,1767,4385
4511: 3116
1194: 
1195: 2937,3859,1297
1196: 2755
1197: 1215,4183
1198: 3869,4815,1891
1199: 27,435,61,232,3762
4429: 
4278: 787,1312
1202: 439,2405,3525
1203: 547
4793: 32,1890,220,1593,890,4489,3324,4070
1205: 2770,1741
1206: 4141,777,688,486
4624: 1617,1693,4822,2693,2765
1208: 1914,689
4250: 3847
1210: 
1211: 774,1375
3946: 2065,241,1996,3055
1213: 
1214: 3915
1215: 3562,1197,2342,4784
1216: 3190
1217: 
1218: 4707,2384,2346
1219: 4083
1220: 2716,2156
1221: 426,2381,3046,4650
1222: 3220,2482,1610,2532
1223: 491,503,307
1224: 1757,3091
1225: 3973,3932,4389
1226: 937,4462
4810: 2092,3588,2242,861
1228: 4349,3899
1229: 3238
1230: 3856,3525,2629
1231: 1795,4382
1232: 2994,4814,732
1233: 
1234: 1461,155
1235: 713,4692,2445
4495: 
1237: 3077,745,3382,1508,284
1238: 
1239: 35,2345
1240: 4285,3499,3795,4128
1241: 952,4603,4803
1242: 2095
1243: 4758,4256
1244: 129,1771,2103
1245: 743,4227,443,3276
1246: 
4259: 75,71
1248: 1425
4446: 
1250: 1544,1929,955,2182
1251: 946,2750,4795,2326
1252: 3140
1253: 4000,3316,1424,4123
1254: 4027,151
1255: 1134,784,248,1288
1256: 4765,3978,1925
1257: 1701,3593,2752
1258: 4774,2972,1719
1259: 4714,2537
1260: 4095,4314
1261: 4149,1451
1262: 40,937,4371
1263: 
1264: 2273,251
1265: 1992,2496,1465,134,620
1266: 1168,878,1941,699
1267: 3611,3018
1268: 168,898,1313,1551
1269: 966
1270: 3557,811,2214
1271: 
3955: 4461,2416,3170
1273: 2710,4017,4785,2222
1274: 4230,4073
1275: 4625,77,1496
1276: 2909,4428,4732
1277: 494,308,1307,1120
4308: 2699
1279: 3031
1280: 3031
1281: 4392,2259,3629,3887
1282: 3826,3803,4600
1283: 
1284: 1074,1095,2672,4339
1285: 2262,3828
1286: 3629,1105
4188: 2872,633,2175,4394
1288: 801,3821,248,2417,1255
1289: 2823,974,3115
1290: 1117
1291: 4056,533
1292: 
1293: 86,4094,1170,3530
1294: 2772,851
1295: 1736,2362
1296: 4422
1297: 1485,3447,3859,1195
1298: 1353,4731
1299: 2324,3078
1300: 245
1301: 3671,834
1302: 2292,408,3537,3137,2421
1303: 3831,1939,3645,754,1833,2529
1304: 2156,667,1039
4328: 2645
1306: 3991,1041
1307: 2697,1277,942
4411: 
1309: 1053,2312,4823,893
1310: 4772,3605,3289,2678,2793,2903
4436: 
1312: 2112,3112,4278
1313: 875,3218,1268,1551
1314: 3832,1389
1315: 1002,2589
1316: 2510,908,2655,3476
1317: 4365
1318: 2069,2687
1319: 871,3768,4769
1320: 1644,3542
1321: 
4238: 99,3497,3766,4725
1323: 
1324: 3607,3195,4121,4369,1484
1325: 3610,936,2508
1326: 2210,1687,375,3178
1327: 4578,2136
1328: 3537,4251
1329: 744,3824,2732,4189
4209: 3657,3800,4005
1331: 4778
1332: 
1333: 
1334: 3449
1335: 4080
4404: 630,2505,1834,23
1337: 1716,3828
1338: 2743
3929: 581,3266,4312
4171: 4715,603
1341: 747,2115,5,3136
1342: 2333,3057,4056,2516,4820
4672: 2610,2104,3874
1344: 434,3502,1971
1345: 
4036: 2275,1422,2648
1347: 2847,4115
1348: 2895
1349: 
4558: 3784,1970,517,4773,2330
1351: 1423,2582,2886,3472,1613
1352: 387,4157
1353: 1298
4011: 768,3810
1355: 3638
1356: 
1357: 
3974: 4406,2353,688
4254: 2448,4584
1360: 2884,1634
4335: 
1362: 4506,4822
1363: 2605
1364: 3672
4269: 2662
4571: 4761,2123,4217
1367: 3180,4227,187
1368: 368,1699,64
1369: 435,61
1370: 2268,2446
4294: 4604,929,1151
1372: 3833,4187
1373: 1515,3785
1374: 2757,691
1375: 3232,1211
1376: 4424,801
4463: 204,1873,2111
3889: 3304,1725,2366
1379: 
3958: 2795,2831,4468,4656,4396
4070: 3324,4793
1382: 3153
1383: 3251,656,4668,4213
1384: 2894,3098
1385: 548
1386: 3083,3972
1387: 
1388: 1867
1389: 2066,3597,1314
1390: 4526,964,3687
1391: 4646,1729,4823
1392: 2745,1947,1545
4644: 2368,2221,4600
1394: 567,4702,4255
1395: 1522,2347,3138
1396: 4742,3381,1044
1397: 4733,568
1398: 2186,1607
4403: 1108,4562,599,3097
1400: 4764,3544,3070,2740
1401: 2096
4272: 2572,3685,1034,144,3171
4129: 3103
1404: 271,1018
1405: 1957,3188,1637
1406: 2859,4009
1407: 1502,611
1408: 478,326
1409: 2673,1565
1410: 776,3919,3260
1411: 1996,3321,3055
1412: 2941,3492,4670,3836,3886
1413: 1980,3975,1722
1414: 3981,3357,4623
1415: 804,2645
1416: 
1417: 4148,628,2657,4729
1418: 717,730,98
1419: 373,1752,366
3947: 
1421: 2619,1909
1422: 4036,1533,4309
1423: 1448,2582,1816,4611,1351,1613
1424: 1636,4313,1253,3316
1425: 1248
1426: 
1427: 
1428: 260,1882,4628
1429: 2076,3120
1430: 51,2034,1439
1431: 729,55,1168,4667
1432: 695,2062,1679,1060,4375
1433: 
1434: 654,1925,4688,1809
1435: 2370
1436: 3583,1556,1022,1950,1591
1437: 1826,3369,4789,4701
1438: 4765,4131
1439: 2333,3057,1430,51
4708: 3268,4051,4295
1441: 3722,3910,4391,4734,752
1442: 
1443: 2035,792,4795
1444: 
1445: 1878,297,3292,604
4749: 2555
4243: 3649,2841
1448: 1423,2582,707,4611
1449: 3372,1040,390
4711: 2319,2295,4255,1743
1451: 1842,215,1261
4074: 2597,2797,4214
4615: 1699,2259
1454: 4167,4776,1143,47
1455: 2136,4617,3217
1456: 771
4185: 2877,188,3455,4564
1458: 1636,3731,4407,4313
4599: 4067
4685: 1901,4517,2474,2043
1461: 776,1234,155
1462: 923,2154,1846
1463: 2185,3920,647,4770,2264
1464: 321,4306
1465: 1567,404,1265
1466: 3354
1467: 4704
1468: 716
1469: 4019,384,3216,3513
1470: 2049,3911
1471: 1742,1904,877
1472: 1708,396,481
1473: 657,706,4687
1474: 4116,1063,3882,4041,4003
1475: 3271,3792
1476: 1786,2369,4072
1477: 2187,1020
1478: 
1479: 739
1480: 392,347
4428: 2003,1636,3731,1276
1482: 3305
1483: 2296
1484: 2245,1324,2037,4369
1485: 3447,1297,4800,3712
1486: 2393,2120,294,3546
1487: 
1488: 3710,2967
1489: 
1490: 3269,4040
1491: 4818,4330,1678
1492: 4484
1493: 1927,2851,4740,3225
1494: 3654
4138: 2526,702,2403,4450,2051
1496: 2646,1119,1275,3138
1497: 
1498: 599,4602,3948
1499: 2858,1667,916
1500: 
4674: 3362
1502: 1407,3725
1503: 699,3690,4276,978,2607
1504: 3901,4216,3424
1505: 3045
1506: 4064,2859
1507: 4134,4211,1145
1508: 4101,728,4801,3382,3077,1237
4723: 4375,2526,4071
4277: 852,4581,4771,137
1511: 3462,4621,2368
1512: 1543,983
4165: 3438,66,2955,2442
1514: 748,3240
1515: 1637,1373
1516: 3754,1933,1622,2115
1517: 3602,2980
4568: 
1519: 2554
3981: 1414,2908,4623
1521: 296
1522: 229,1395,319,4625
4443: 3982,4671,337
4080: 1335
1525: 3205,3175,4630
1526: 477,4427,3190
1527: 
1528: 1862,747,1647
1529: 2344
1530: 2072,2678,4820,542
1531: 3258,3798,3969
1532: 2518
1533: 2218,1422,2536,4309
4421: 2735
4820: 2516,4056,1342,1530,2072,2678,4583,542,3575,2676,1843
1536: 409,4763,3630
1537: 
1538: 
1539: 1950,2208
1540: 4078,4580,4544,2456,733
1541: 1981,2275,3799
4518: 3188,1161
1543: 983,1512,2251
1544: 1250,1929,4273,2182,647
1545: 2977,2745,1392
4510: 2083,3345,698
3928: 367,4728
1548: 3892
1549: 1766,132
1550: 692,2646,3156
1551: 3100,1268,1313,2210
1552: 1039,2107
4132: 
1554: 929,302,623,1826
4224: 694,4798,2373,3552,864
1556: 1436,3583,1898,2636,1022
4475: 4739,1997,3970
1558: 290
1559: 2712,592
1560: 2315,991,4609
1561: 1686,3327,3126
1562: 2670,3484,4471
1563: 2233,3511
1564: 158,3590
1565: 2673,1409,4433
1566: 3435,2846
1567: 1465,1883,4196,620
1568: 
1569: 805,2409,3399
1570: 163,2938,1981
4503: 1721,4481,278,2812
1572: 4113,1055
1573: 487,4678,3016
1574: 4435
1575: 4740,3328,1919,3230
1576: 2039
4184: 4274,1944,4100,3951,624,3571
1578: 4260,1131,583
1579: 4432
1580: 3895,3598
4543: 95,870
1582: 3482
1583: 711,1712,695
1584: 1593
1585: 
1586: 45,2735
4449: 846,263,2761,1662
4323: 1145,4211
1589: 641
1590: 4584,703,88,3389
1591: 1950,3677,1436,3583,4787
1592: 
1593: 220,890,1584,4793
1594: 848
4189: 2732,1329,260
1596: 
1597: 914
1598: 3827,1888,4049,2199,2121
1599: 2666
4476: 3462,3536,2480,606
1601: 2497
1602: 4150,3906
1603: 1764
1604: 3088,3657,4726
1605: 1148,1928,4660,676,3509
4539: 1865,2590,4764
1607: 2186,1398
4240: 3563
1609: 2592,4386
1610: 2482,1222
1611: 1021,2304
1612: 342,3134
1613: 4064,1423,1816,1351
1614: 2201
1615: 
4610: 617,3624
1617: 1052,4624
1618: 2958,3710,2637,3851,1157,135
1619: 2279,4270,4343
4553: 2893,4822,207,972
1621: 3765,426
1622: 2126,1933,1516,2922
1623: 3686,641,374,3293
1624: 1872
1625: 
4015: 1072,922,38
1627: 1681
1628: 1087
1629: 4714,938
1630: 3993,512,996
1631: 3363,4336
1632: 4649,2937
1633: 459,3200
1634: 1360
1635: 2439,2399,4746
1636: 1458,1424,3731,4407,4428,4313
1637: 1405,3188,1515,3785
1638: 492,2384
1639: 3148,3377,1141
1640: 548
4453: 1758
1642: 2878,584,3646,4524
3908: 2004,255,921,3479,2117
1644: 1320
1645: 1171
1646: 4493,3809,4155
1647: 4710,1990,1528,1862,3199
4066: 3182,184,4809,3609
1649: 3654
4387: 
4021: 947,2246,3939
1652: 3909,3684,713,2924
1653: 3609,2855,1037
1654: 
4217: 708,4571,3259,4139
4671: 337,3403,4443,3982,2114,486,4805
3962: 2771,705,4350
1658: 432,1914,1746,3006
4492: 4701,3926,2640,3369,4493
4556: 976,4784,3562,2650
1661: 2702,1786,2615
1662: 121,4449,857,4197
1663: 164,3117,4513,2467,4426
1664: 783,2012,4811
3903: 59,2911,4809,2119
4284: 3205,3983
1667: 498,2585,916,1499
1668: 
1669: 1125
4168: 514
4432: 1579,2243
1672: 765
4729: 2657,4789,4148,1417
4589: 3640,891,3795,939
1675: 3890,2463
1676: 3044,2120,294,1927
1677: 2715,4128,3339,930
1678: 4330,125,1491,242
1679: 695,2062,1432,956,4375
4170: 4447,556,4505
1681: 3713,1627
1682: 3659,4236,1003
1683: 3531,823
1684: 1008,332,2804
1685: 3410,2169,4768,3196
1686: 1561,3327
1687: 3100,1326,3178
1688: 3899,478
1689: 445,629,3532
1690: 
1691: 
1692: 
1693: 4822,2693,4624
4617: 2136,1455,2822
1695: 4413,4767,746
1696: 3716,2568,2338,1912,4818
1697: 4628,1967,866
1698: 1744,2863
1699: 368,4615,1368
1700: 731,2469
1701: 1257,2835
1702: 4289
1703: 
1704: 487,12
4455: 3415,2225,2959
1706: 4682,3737,150
1707: 
1708: 396,1472,481,505
1709: 986,2156
1710: 
1711: 1831
1712: 3524,2748,1583
1713: 4598,762,3454,2595,2860,4423
1714: 
1715: 2408,3480,3461,4285,939
1716: 381,1337
4774: 1258,2733,4541
1718: 763
1719: 1258,2972
4419: 2611,719
1721: 4503,2812,1968,2131
1722: 3975,1413
1723: 2746,2086,2052
1724: 3620,2638,3125,2379
1725: 790,3889
1726: 106,4592
1727: 2287,532,1788,447
3953: 
1729: 4646,1391,4823,1901
4102: 4726,2100,511,2249
3963: 3576,454,3683
1732: 3746,1738,2670
4208: 3934,46,2431
1734: 4583,2381,3696
1735: 3557,4791
1736: 254,1295
1737: 372,3106,331,274
1738: 1732,399,2350
1739: 2588,2205,1793,3829
1740: 2145,57,3502,3023
1741: 411,1205,2770
1742: 1904,1879,1471
1743: 4711,2295,444
1744: 1698,3365
4099: 
1746: 868,432,1658,3006
1747: 605,2820
4046: 437,598,354
4584: 1590,4254,2448,88
1750: 4619,4440,4697,1835
1751: 529,141,3294
1752: 3723,1060,1419,373
1753: 
1754: 795,3158
1755: 
1756: 154,2005,4245,4485,4014
1757: 3301,2819,1224
1758: 4453,1017,19
4670: 2941,1412,77,131,3836,4625
1760: 2483
1761: 
1762: 4576,766,2100,2140,2572
1763: 4557,18,2223
1764: 353,1603,2157
1765: 2046,980
1766: 1549
1767: 444,4094,3412,86,1192,352
1768: 2806,3916,4233,2586,2370
4115: 780,1347
1770: 2883,3580
1771: 2274,1244
1772: 3864,1787
1773: 
1774: 3177
1775: 138,640,2417
1776: 4202
1777: 4020,3402,2050
1778: 4530
4721: 2896,4530,2409
1780: 1090,2392
4424: 4508,1376
1782: 2998,3373,2092
4201: 2342,948,357,4333,2074
4623: 3981,1414
1785: 1160
1786: 1661,3681,1476
1787: 1772
1788: 121,1727,532
1789: 2441
1790: 128,2236
1791: 143,3319
1792: 412
1793: 905,4385,954,3829,2753,1739
1794: 150,474,4180,3691,1012
1795: 4382,1231,341
1796: 2778,4800
3968: 3166,990,1011
1798: 4095
4104: 3401
3961: 876,4365
1801: 2211,277
1802: 2521,3475,4643,3496
3893: 3038
4678: 1822,424,1573
1805: 764
1806: 954,3794,1064,2205
4124: 
1808: 
1809: 1434,2375
1810: 37
1811: 2487,3560
4680: 3068,4198,215
3910: 3750,3734,1441,4391
1814: 
1815: 3609,4809
1816: 1141,4611,1423,2854,1613,1181
1817: 2555
1818: 
1819: 3266,4334,436
1820: 1902
1821: 555
1822: 4678,424,618
1823: 
1824: 430,2993,2023
1825: 2435,3504
1826: 3369,1437,2248,1554,623,4789
4482: 2285
1828: 3894,563
1829: 3096,4692,2445
1830: 
1831: 1711,4267
1832: 
1833: 754,4763,1303,1939
1834: 236,2505,4404
1835: 4697,3935,1042,3674,4093,2399,1750
1836: 1040,4536,4691
1837: 2138,4683
1838: 756,4650,426,3823
1839: 
1840: 3377,451
1841: 1972,605
1842: 1451,215,1175
1843: 1122,4820,2676
1844: 3811,2146,2178,494
4336: 1631,3588
1846: 2154,1462,2554
4248: 
1848: 3502,614
4534: 685,402,2635
4198: 4680,49
1851: 911,4765
1852: 923
4094: 1767,1293,86,1192,3530
1854: 3494,4622
1855: 
1856: 607,606,2441,168
4773: 2430,517,4558,2171
1858: 2844
1859: 110,2399,3935,1042,188
4338: 
4530: 1778,4721,2409
1862: 1528,1647,4147
1863: 4143,2416,3170
1864: 16
1865: 972,2590,4539
1866: 753,3853,3993
1867: 1388,1136
1868: 348,3104,3491,4777
4266: 482
1870: 2928,4665,4457,3777
4178: 823,4434
1872: 1624,4506,4822
1873: 4463
1874: 3392,3860,3465
1875: 4255,664,2193,2319
4496: 2131,4174,2488,3948
1877: 3158
1878: 1445,297,3292,3878,2613
1879: 1742,1904,1106,3272,3531
4389: 1917,2026,3161,1225
1881: 3034,665,538
1882: 1428,260,4628
1883: 1567,404,643,4252,4196
4442: 3432,1162
1885: 
1886: 2959,4161,3233,1957
3919: 776,1410,4157
1888: 1598,3827,3888
4297: 336,4037,2725
1890: 32,4793
1891: 1120,2277,1146,1198,4815
1892: 2902
4677: 3365,147
1894: 
1895: 2251
4045: 3934,3302,570
1897: 4745,2656
1898: 3583,1556,2351,2636
1899: 348,3104,3043
1900: 3003,3506,2862,448
1901: 4685,4517,2474,1729,4823
1902: 1820,4666
1903: 4279,665
1904: 1742,1879,1471,3272
1905: 1940,2484,271,3341
4355: 2086,2057,3322,4801
1907: 3876
1908: 3548,2346
1909: 2255,1421,3489
1910: 2741,735
1911: 3729
1912: 2338,1696,3490,4818
1913: 
1914: 1208,1658,2144,3859,3006
4681: 
1916: 4800
1917: 4389,2026,3161,4047
4192: 869,3892,4304
1919: 3328,942,1575
1920: 
1921: 
4485: 940,4245,1756
1923: 
1924: 
1925: 654,1434,3978,4688,1256,4765
1926: 2378,2404,1108,3204,811
1927: 2851,1493,1676,294
1928: 1148,1605,3779
1929: 1250,1544,955,3,4273
1930: 
1931: 778,2756,3539
1932: 4789
1933: 3754,1516,871,2478,402,1622
1934: 
1935: 427,1076,2914
4031: 957,3510,707
1937: 2010,3549
1938: 714
1939: 1303,3831,2217,1833,4763
1940: 1003,1905,2484,271,1018
1941: 2953,1266
1942: 
1943: 933,1062
1944: 69,3883,4274,4184,3571
4799: 
4244: 3729
1947: 2745,3208,1392
1948: 2563,652,4605,2654
1949: 816,1080,2098,1113,3546
1950: 1591,1539,1436
1951: 756,3905
1952: 2878,576,584,971
1953: 4465,4718,2642,4608,622
1954: 712
4260: 372,1578,1131
1956: 3245,2406,457,3409,2055,2914
1957: 1405,4161,1886,3979
1958: 1065,4498,4072
4500: 3801,3023,2145,2343,549
1960: 
1961: 4750,2130,2206,69
1962: 852,2534
1963: 
1964: 4728,2828,3317
1965: 517,839
4361: 2196,3752
1967: 4582,1697,866
1968: 3618,1721,1083,2131
1969: 3616,577
1970: 517,2209,2330,4558
1971: 1344,3502,2145,57
1972: 1841,843
1973: 958,673,1180,2127,417
1974: 3164,217,604,55
1975: 1993,4103,3216,4019
1976: 
1977: 3327,4696,2386,75
1978: 1126,2809,1066
4133: 2285
1980: 962,1413,173
1981: 2938,1570,1541
4683: 1044,1837
1983: 4808
1984: 
1985: 2558,107,586,913,3290
1986: 764,3075,2354
1987: 2308,592,3226,3817
1988: 
1989: 2161
1990: 4710,2280,221,1647,3349,3199
1991: 987,349,894,4491
1992: 1265,4481,620
1993: 1975,3533,4019
1994: 3182
1995: 4591,3875,1100
1996: 1411,3055,2065,3946
1997: 4475,3970
1998: 2170,451
1999: 1033,460
2000: 2314,3564
2001: 3295
2002: 4357
2003: 3578,4428,3731
2004: 255,921,3908,974
2005: 1756
2006: 812
2007: 
2008: 920
2009: 2944,4298
2010: 1937,790,3549,4053
2011: 
2012: 3687,1664
4805: 3370,4671,337,3403,2114,688,486,4649,3298
2014: 
4202: 298,4362,1776,2492
2016: 62
3972: 3083,1386,3185,4490,1104
4049: 1598,1010,153,2199,2121
2019: 2448,2785,994
2020: 2158
2021: 2121,4363
3956: 3413,4401,813
2023: 2993,1824
2024: 3479,4263,1023,2117
4166: 2125,2275
2026: 1917,4389,2307
4519: 4288
2028: 1067,3667,1046
2029: 4004,4160,4397
2030: 
2031: 2992,4206
4682: 4180,3284,1091,1706,150
4197: 1662,4633,901
2034: 2489,1430
2035: 1443,4795,1153,2052
2036: 923
2037: 4121,2181,1484
2038: 946,3562,976
2039: 2656,1576
2040: 452
4479: 338
2042: 
2043: 4685,143,3319
2044: 3077,3645,4101,754,4470
2045: 253
2046: 1765,980
2047: 2171
2048: 4803
2049: 1470
2050: 1147,3402,1777
2051: 4138,4450,643
2052: 1153,3834,148,2035,4795,1723
4464: 2186,0
2054: 
2055: 792,3245,1956,4575
2056: 3232,292,1161
2057: 4355,2086,3322
2058: 
2059: 
2060: 2355
2061: 4246,2308,2712
2062: 695,1679,1432,1060,3723
2063: 789,2882
2064: 327
2065: 3946,1996
2066: 1389,383
2067: 225,635,2806
2068: 3534,3102,3869,4815,4140,2558
2069: 1318,103
4123: 2909,4000,1253,2286
2071: 1053,214,4823
2072: 1530,4459,4056,4820
4363: 2615,2021
2074: 2650,4201,4784
4347: 291,4199,4635,3159
2076: 1429
4300: 4376,4327
2078: 739,100,3737
2079: 836
2080: 2208,2754,2500
2081: 
2082: 3865
2083: 4510,3345
2084: 4794
4765: 1256,4564,911,654,1925,1851,1438
2086: 4355,2057,1723
4086: 2328,4792,2827,219
2088: 2956,3752,2601,999,425
2089: 2858
2090: 2472
4258: 3543,507,4803
2092: 3373,1782,4810
2093: 
4160: 611,3052,2029
2095: 1242
2096: 2143,1401,3673
2097: 4657,1094
2098: 3185,4490,816,1949,4416
2099: 4156
2100: 4102,2140,1762,766
2101: 3460,2547,166
2102: 127,4462,1031,2455
2103: 2524,3695,1244
2104: 4672,2610,2513
2105: 3614
2106: 777,352,486
2107: 4755,1552
2108: 678,2817,89,2545,891,9
2109: 4393
2110: 978,4626,156,2607
2111: 204,4463,4373
2112: 1312,3112,622
2113: 2512
2114: 486,3982,4671,3403,4805
2115: 5,1341,3754,4587,1516
2116: 3532,3730
2117: 2664,3479,2024,1023,255,3908
4498: 1958,4656,1065,2795,2825
2119: 4809,3903,3720
2120: 2393,1486,294,2600,1676,3065
2121: 2199,2021,1010,1598,4049
2122: 
2123: 4761,4571,3259,438
2124: 3828,3998,3965
2125: 4166,3226
2126: 1622,3351,2922,3136
2127: 417,4350,1973
2128: 3478,2744
2129: 1062,3777,4665,177
2130: 1961,4750
2131: 4496,1083,1721,4174,1968
2132: 4800,868
2133: 4567
4585: 579,2953
2135: 2218
2136: 1455,1327,4617
2137: 
2138: 1837,2887,3454,2824
2139: 4081,3790,876
2140: 2249,2100,1762,2572
2141: 
2142: 3224,4150
2143: 2096,3673
2144: 190,1914
2145: 57,1740,1971,4500
2146: 3811,1844,2334,2699
2147: 2842,2849
2148: 
2149: 635,2741
2150: 3654,2758,964
4658: 4655,2880
4001: 3429
4804: 3568
2154: 1846,1462,4807
2155: 17,722
2156: 1304,1220,1709
2157: 1764
2158: 2020
2159: 849,4484
4017: 1273,2710,4296,4785
2161: 2254,1989
4466: 
4177: 2349,4785,1111
2164: 2329,2958,3081
2165: 2514
2166: 666,3588
2167: 2327,4270,3714,3115
4788: 
2169: 4386,2379,1685,3196
2170: 1998,908,451
2171: 2047,4773,2430
2172: 434
4034: 
2174: 3528
2175: 3601,4394,4188,2872,3941
2176: 321,2284,519
2177: 2827,2189
2178: 2334,1844
2179: 114
4777: 348,1868
2181: 2037,3514
2182: 647,3606,1250,1544,3396
2183: 2906,2583
2184: 
2185: 1463,3920,3586,647
2186: 4464,3987,1607,1398
2187: 1477,12,4719,3279
2188: 
2189: 2223,2177,887
2190: 
2191: 4576,766,99,3497,3750
2192: 651,1186
2193: 722,1875,2319
4422: 1296,614,896
4083: 807,4527,1219
2196: 4361,3752
2197: 
2198: 2537,797
2199: 2121,1598,4049,1046
2200: 3733,601
2201: 1614
2202: 3213
2203: 925
4666: 672,1902
2205: 2588,1739,1806,300
2206: 3297,1961,4750,3508
2207: 3228,4409,2301,3486,2723,4006
2208: 2080,1539,2754
2209: 2488,1970,2330
2210: 1326,1551
2211: 277,1801,179
4207: 4065,2736,4116,3001
2213: 34,846
2214: 1270
2215: 3882,4003
2216: 4174,2812
2217: 3831,1939,4763,2631
2218: 1533,2536,2135
2219: 4271
2220: 2,3376
2221: 2368,4644,607,898
2222: 4717,1273,4785
2223: 2189,1763
2224: 949,772,778
2225: 4455,3415,2959
2226: 130
2227: 
2228: 
2229: 3732
2230: 3499,3795,511
2231: 2737,4720,2291
2232: 2939,4136
2233: 4434,1563
4273: 3,1544,1929
2235: 4331,132
2236: 1790,2971
2237: 
2238: 
2239: 2321
2240: 
2241: 3781,3415
2242: 4810
2243: 3554,4432
2244: 740,3469
2245: 1484,4369,518
2246: 4021,4349
4526: 1390,3687,2566
2248: 1826,4786,4789
2249: 3339,2140,3499,511,4102
4309: 2536,1422,1533
2251: 1895,1543
2252: 3633
2253: 2680
2254: 2161,789,2665
2255: 2719,1909,3676
2256: 4481,278,3105,3771
2257: 2457
4239: 3988
2259: 3629,4615,2963,1281
4069: 79,4613,2999
2261: 4514,1102
2262: 1285
4634: 2416,4143,4663
2264: 4770,1463
2265: 
2266: 2857,2442,4118
2267: 
2268: 1370
2269: 698,3059
4699: 3145
4535: 2492,2783
2272: 4369,2401,518,2337
2273: 3459,251,1264
2274: 1771,368
2275: 4036,4166,1541,2648
4142: 4657,94
2277: 2760,3405,1120,1891,1146
2278: 3589
2279: 2608,1619,2889
2280: 221,1990,3766,3136
2281: 
2282: 2425
4063: 338,123
2284: 22,2176
2285: 4482,4133
2286: 4123,2909,3301
2287: 1727,532
2288: 3865
4549: 4042
2290: 
2291: 2231,4720
2292: 408,1302,4767,3481
4607: 
2294: 
2295: 4711,1743,444,86
2296: 638,1483
2297: 557,3282,2389
4312: 2830,3929,3587,1081
2299: 3532
2300: 
2301: 2723,509,2207
4621: 1511,2368,3422
4352: 2656,2885,3024
2304: 1611
4819: 1004
2306: 4009,4256,3709,2630
2307: 2803,2026,4047
2308: 1987,4246,2061,2712,592
2309: 
3915: 1214,92
3949: 
2312: 4823,1309,4517,893
2313: 901,3878,2871
2314: 2000
2315: 1560,3106
2316: 2517,2992,3960
2317: 4392,2876
2318: 3646,3768,3870
2319: 4711,1875,4255,2193,3854
2320: 4770,2352
2321: 2239,3837
2322: 3890,1077
2323: 
2324: 2765,1299,2693,3078
4592: 1726,106,4458
2326: 1050,946,1251
2327: 399,2167,4270,3846
2328: 4792,2827,4086
2329: 2637,3851,2164,2958
2330: 2209,1970,3784,4558
2331: 3186
2332: 
2333: 1342,3057,1439
2334: 300,2178,2146
2335: 3521
4362: 298,4202,2492
2337: 36,2272
2338: 1912,1696,2568
2339: 4468,785,3704
2340: 549,3801,3243
2341: 
2342: 4201,948,1215
2343: 4500,549
2344: 2649,1529
2345: 1239
2346: 1908,3548,4707,1218
2347: 3138,446,4038,1395
2348: 770,1041,2936
2349: 4177,3450
2350: 4343,1738,399
2351: 1127,2636,1898
2352: 3920,4770,2320
2353: 4406,2724,1175,3974,1086
2354: 1986
2355: 3970,4552,2060
2356: 4763,148,2413
2357: 950
2358: 4190,2728,4786
2359: 36,4218,2401
4407: 1636,1458,3731
4095: 1260,1798
2362: 4298,1070,1295
4092: 3634
2364: 3607,921
4384: 3886,536,421,3164
2366: 3304,3889
4405: 
2368: 2221,4644,1511,4621,3422
2369: 915,1476,1065,4072
2370: 1435,2605,1768,2586
4727: 437,598,2961,2864
2372: 3578,4816
2373: 2501,3552,4791,4224
2374: 365,4705
2375: 3824,1809
2376: 
2377: 
2378: 2404,1926,3826,2501
2379: 2169,4386,1724,2638
2380: 
2381: 1221,1734,4650
2382: 
2383: 4647
2384: 4707,1218,1638,492
2385: 3744
2386: 4696,1977
2387: 
2388: 2755,4145,522,3440
2389: 3282,557,351,2297
2390: 181
2391: 0,3860,3485,3392
2392: 1780
2393: 1486,2120,2600
3886: 4384,3836,4591,421,1412
2395: 3130
2396: 28,3624
3874: 3560,4672
4261: 4642,4762
2399: 1635,2570,3935,1835,1859
4060: 
2401: 4369,2272,3607,2359
2402: 3212
2403: 4138
2404: 2378,1926,3557,2501,4791
2405: 1202
2406: 3245,1956,457,2576
4532: 125,369,4768
2408: 2659,3964,1715,3461,4285
2409: 1569,805,4530,4721
4801: 2721,4355,3322,3382,1508,728,2746
3894: 563,1828,992
2412: 
2413: 2811,3834,4763,2356
2414: 3277
4098: 4554,33
2416: 4634,3955,4143,1863,3170
2417: 248,138,1775,3821,640,1288
2418: 
2419: 4377
3895: 1580,3598,4781
2421: 3537,1302
2422: 4816,709
3960: 2316,97
2424: 174,3080,3258
2425: 2282
2426: 1012,4041
3944: 3061,675,3541
2428: 370
2429: 
2430: 4773,2171
2431: 674,46,3934,4208
2432: 3704,3318,408
4600: 4593,4644,1282
4022: 
2435: 1825,2966
2436: 2711
4020: 1777,3402
2438: 3286,651
2439: 1635,1190
2440: 
2441: 1789,1856,606
2442: 2266,4165,2955
4494: 3940,3064,2977
2444: 2577
2445: 4692,1829,1235
2446: 3861,1370
2447: 737
2448: 2019,4254,4584
3882: 4041,2215,1474,4003
2450: 831,594
2451: 4798
2452: 
2453: 1131,583
2454: 
2455: 838,527,127,2102
2456: 3109,1540
2457: 4097,2257
2458: 4789
2459: 122,4014
2460: 312,369
2461: 3079,709
4126: 4572
2463: 537,1675
4299: 
4271: 2219
2466: 3278
2467: 1663,4426
4396: 2589,3958
2469: 1013,686,1700,731
4276: 1503,2607
4305: 17,817,2573,2596
2472: 3711,587,2808,2090
4696: 3278,2386,1977
2474: 1901,4685
4054: 835
4148: 3018,1417,4729
2477: 473,282
2478: 871,402,1933
4514: 2261,4088,1102
2480: 4703,466,606,4476
4745: 1897
2482: 3220,1222,1610,4315,4513
2483: 1760,3806
2484: 271,1905,1940
2485: 4501,4772
2486: 1054,2901
2487: 1811
2488: 2209,4174,4496,3948
2489: 2034
2490: 1167,2685,2612,581,4718
2491: 140
2492: 4535,4202,4362
4349: 1228,3424,2246
4450: 332,4138,2051
2495: 52,3708
2496: 1265,134,4231
2497: 4512,3706,2968,1601
4342: 591
2499: 
2500: 2080,141
2501: 2373,3552,2378,2404,3989,4798,4791
2502: 2
2503: 646,4319,3478,742,3051
4333: 357,3820,4201
2505: 311,1834,4404,4113,1055
4084: 
3890: 1675,3453,2322
2508: 936,1325,3830
4597: 3409,3443
2510: 1316,908,3071,2655,2831
4814: 626,3832,1052,1232,2994
2512: 77,131,2113
2513: 3019,54,2610,2104
2514: 2165
2515: 3825,2700
2516: 4820,1342,4583
2517: 2316,2863
2518: 4027,3510,1532
2519: 79
2520: 3263,3420,3541,3581
2521: 3475,1802,3763,708
2522: 
4487: 3473,3527,161
2524: 3695,2103,3387
4247: 
2526: 4138,4723,4071
4564: 4765,4185,3062,911
2528: 3714,2535,958,673,3115
2529: 2639,3645,1303,3831,2852
2530: 409,4331
2531: 4386,1116,2592
2532: 76,2768,1222
2533: 3111,3533
2534: 1962
2535: 2528,3714,958,3372
2536: 4309,1533,2218
2537: 2198,1259,4714,2782
4779: 
2539: 261,1007
3988: 4239,2887
4757: 
4761: 2123,4571,46
2543: 315,2969
4646: 1729,2782,1391,4823
2545: 2108,9
2546: 3179
2547: 268,166,2101
2548: 1036
3948: 2488,4496,1498
2550: 2930,362,4356
4350: 705,3066,2127,3962
4139: 3259,4217,708
2553: 4733,4134
2554: 1519,1846
2555: 1817,4749
4341: 485
2557: 876
2558: 189,1985,2068,3102,586,4140
3976: 1178,444
4206: 2031,2992
2561: 2714,1103,33
2562: 930,2715,4596,3975
2563: 1948,652,2724,3068
2564: 
2565: 
2566: 3632,4526,783
2567: 
2568: 1696,232,3091,2338
2569: 441,1147,3303,4778
2570: 4093,3693,2399
2571: 3800,904,4524
2572: 4272,3685,1034,2140,1762
2573: 4305,817,439,2596
4445: 242,2757,125
2575: 1077
2576: 4491,2406,457
2577: 4176,2444,3634
4697: 1042,1835,3674,1750,4619,4357
2579: 
2580: 3493,4651,3366
4367: 4767,3884,3193
2582: 1448,1423,2886,707,3592,1351
2583: 4669,2183
4822: 1693,2693,4506,1362,1872,4624,2893,4553
2585: 1667,919
2586: 4233,2976,3743,3916,1768,2370,2605
2587: 
2588: 4149,2205,1739,300
2589: 4396,2831,1315
2590: 1865,4539,4764
2591: 
2592: 1116,1190,1609,4386,2531
2593: 2711
2594: 815
2595: 1014,2860,4598,1713
2596: 439,4305,2573,569
2597: 4074
4105: 3222,3788,2657
4796: 2892,2627,4626,4263,1023,4698
2600: 3545,3065,2393,2120
2601: 3752,999,3210,2088
2602: 4545
4059: 
4567: 943,2850,2133,942
2605: 2370,3743,2586,1363
2606: 968,151
2607: 156,1503,4276,2110
2608: 2279,4821,1008,2889,3487
4027: 151,1254,3510,2518
2610: 4672,2104,2513,3019
2611: 4419
2612: 3181,2685,2490,4465,4718
2613: 1072,3417,3878,3682,1878,3292
3951: 675,4100,4184
2615: 671,2702,1661,4363
2616: 7,1182,3455
4090: 3744,1002
3959: 830,1100
2619: 1421,2810
2620: 3158
3888: 3042,1888
2622: 
4226: 816,1080
3952: 4172,4461
2625: 1096,3515
2626: 
2627: 4796
4111: 2761,1081,121
2629: 1230,2969
2630: 521,3144,2306,656
2631: 2217,409
4458: 3867,106,4592
2633: 2793,4311,2903,542,3626,854
2634: 824,4783
2635: 4534,685,4005,4548
2636: 3979,2351,1556,1898
2637: 3851,2329,1618,2958
2638: 1724,2379,312
2639: 2529,3707
2640: 623,3369,4493,4492
3887: 2963,1281
2642: 581,4718,1953,4608
2643: 3703,4752
2644: 4598,762,2824
2645: 1415,4328
2646: 1496,1119,3156,1550,2659
2647: 
2648: 4036,2275
2649: 2344
2650: 2074,4556,4784,751
2651: 
2652: 4032,3326
3883: 1944,69,4274
2654: 730,2688,1948,717
2655: 2795,2831,2825,2510,1316
2656: 2039,4352,1897
2657: 181,4729,4105,1417
4279: 1903,3122
2659: 2408,3461,2646,1119,3156
2660: 2835
2661: 1135
2662: 4269
2663: 
2664: 2117,3195
2665: 4427,3611,2254
2666: 587,1599,4109
2667: 
4211: 4134,1507,4323,1145,580
2669: 3217,4172
2670: 3484,1562,3775,157,3746,1732
4237: 591
2672: 1284
2673: 1409,1565
4298: 2362,2009
2675: 3161
2676: 542,3575,4820,1843
2677: 
2678: 1530,3605,1310,4820,2903,542
4000: 1253,4123,3625
2680: 2253,454
4255: 1875,1394,4711,2319
4071: 373,4723,2526
4735: 3902,113
2684: 
2685: 3214,1167,2490,2612
2686: 428,3358,4619
2687: 988,1318
2688: 2654,730,49,3272
2689: 996,3398
3992: 806,899,4081
4611: 1141,1816,1448,1423
2692: 2725,383
2693: 1693,4822,4624,2765,2324,3078
2694: 
2695: 777,1192,905,4385
2696: 3520,4257
2697: 1307,942,4815
2698: 3412,352
2699: 4308,4149,2146
2700: 3825,2515
2701: 
2702: 1661,2615
2703: 4275,3651
2704: 4262,3463
4754: 3784,4602
4144: 3845,4414
4506: 1362,3764,1872,4822
4640: 3200,3559,2853
2709: 3602,2819
2710: 1273,4017
2711: 2593,2436
2712: 592,1559,2061,2308
2713: 
2714: 4803,2561
2715: 1677,4128,4596,930,2562
2716: 1220
4038: 446,4596,2347
2718: 3624
2719: 2255,3094,3676
2720: 4771
2721: 4801,4169
4281: 330,3634
2723: 3486,3577,2301,2207
2724: 4406,2353,1175,3408,2563
2725: 2692,4297,4037
4752: 2643
2727: 
2728: 2358,3360,3206,4786
2729: 
2730: 150,474,1032,491
2731: 3319
2732: 4189,3824,1329
2733: 4774
2734: 3480,3640
2735: 4421,4630,1586
2736: 210,3582,4207,4116,1063
2737: 2231
2738: 3220
2739: 
2740: 3229,2997,1400,4764,3070
2741: 1910,735,2149
2742: 464
2743: 267,1338
2744: 3476,3051,2128
2745: 3208,1947,1392,1545,2977,146
2746: 1723,4801,728,4470
4517: 1901,4685,2312
2748: 3881,935,3524,1712
2749: 3617,3280
2750: 946,1251,3986,2985,4795
4746: 1635,110
2752: 1257,3593,32,2890
2753: 3829,1793,4385,1086,4141
2754: 4760,2208,2080
2755: 4145,2388,1196
2756: 1931,1156
2757: 4445,125,1374
2758: 235,80,2150
2759: 805,3255,3399,3914
2760: 3405,2277,308,3811,1120
2761: 3587,4111,263,4449
4483: 
2763: 4520,96,1187
2764: 1169,3565,2962
2765: 2324,4624,2693
2766: 864,814
4079: 2885,3024
2768: 76,2532
4807: 881,2154,4694,397,4304
2770: 276,3977,1205,1741
2771: 3962,673,2823
2772: 1294
4295: 4708
2774: 
2775: 
2776: 
2777: 3444,3133
2778: 1796,4800
2779: 4359
2780: 721
2781: 4412,174
2782: 2537,4646
2783: 3120,4535
2784: 35
2785: 994,2019
3911: 4373,1470
4468: 2339,785,4656,1065,3958
2788: 2794
2789: 3753,3209,3005
2790: 3789
2791: 
2792: 
2793: 2633,4311,2903,1310,498,916
2794: 2788
2795: 3958,2655,2831,4656,4498,2825
2796: 4687
2797: 4214,127,4074
2798: 1041
2799: 
2800: 4412
2801: 208
4285: 1240,939,3964,2408,1715
2803: 3637,2307,175,2913
2804: 2919,1684
2805: 234
2806: 3916,1768,2067
4524: 4548,2878,1642,2571
2808: 587,1054,4730,2472
2809: 1978,1126,2947
2810: 2619
2811: 2413,1050,4595
2812: 2216,278,4503,1721
2813: 3217
2814: 3565,2962,3063
2815: 
2816: 285
2817: 678,2108,289,3374
4645: 1015
2819: 1757,2709
2820: 1747
4326: 
2822: 2908,4617
2823: 1289,2771,255
2824: 762,2644,4648,2138
2825: 3476,4498,3051,2795,2655
2826: 276,135
2827: 2177,2328,4086
2828: 841,4808,340,1964
4196: 3468,4252,3715,1883,1567
2830: 4312,1081,4608
2831: 2795,3958,2655,2589,2510
3914: 2759,3255
4420: 3312,3553,3163
2834: 4778
2835: 2660,523,1701
3881: 2748,3191,935
2837: 4230
2838: 
4569: 3693,4663
4490: 3185,2098,3083,3972
2841: 3649,3474,4243
2842: 2147
4791: 2404,3557,1735,2373,2501
2844: 1858,3810
3989: 4200,4798,3826,2501
2846: 886,1566
2847: 1347,3129
2848: 3818
2849: 2147,672
2850: 943,4567,2851,3760
2851: 1927,1493,3760,2850
2852: 3831,2529
2853: 414,4640
2854: 1127,1141,1816,1181
2855: 1653,1037
4806: 4713
2857: 2266,4118,292
2858: 2089,1499
2859: 1406,1506
2860: 3152,2595,1014,1713
2861: 717,3617,3280,1109
2862: 3506,2984,1900
2863: 2517,1698
2864: 3443,558,437,4727
2865: 4065
4434: 2233,4178
2867: 
2868: 4169,4477,3322
2869: 2949
2870: 
2871: 2313
2872: 4188,2175
2873: 
2874: 3018,628
2875: 
2876: 2317
2877: 4185,188,3486,3577,4006
2878: 584,1642,1952,4524
4676: 
2880: 13,4658,2938
4190: 2358,998,2956
2882: 4701,3926,2063
2883: 1770
2884: 413,1360
2885: 4352,3024,4079
2886: 2582,3592,3076,3472,1351
2887: 2138,3454,3988
2888: 1091
2889: 1008,2279,2608,332
2890: 32,3593,2752
3991: 1306
2892: 4796,4626,415
2893: 4553,4822,972
2894: 3168,1384,3098,1028,3862
2895: 1348
2896: 4721
4812: 3589,94
4203: 3689
2899: 758,3586,3003
4448: 
2901: 1054,2486,3332
2902: 3721,3866,4555,1892
2903: 2633,2793,3605,1310,2678,542,3626
3912: 3764,3084
4145: 2755,2388,251
2906: 2183,159
4157: 3005,1352,3919
2908: 3981,2822
2909: 4123,1276,4732,2286
4348: 3517,104,4012
2911: 3903,3663
2912: 1096
2913: 3973,2803,175
2914: 1956,3409,1935
2915: 40,2919
2916: 1158
2917: 4747,1011,848
4760: 2754,4388
2919: 2804,2915
4663: 4143,4634,4569,3693
2921: 4075
2922: 3351,1622,2126
2923: 3167,4267
2924: 3909,1652
2925: 3140,3239,267
2926: 723
2927: 4783
2928: 289,4665,4457,1870,1016
2929: 
2930: 2550,362
2931: 
2932: 3234,4292
2933: 3504
4444: 366,404
4067: 4599
2936: 3335,770,2348,3466
2937: 1195,190,1632
2938: 1981,13,2880,1570
2939: 2232,4136,3739
4088: 3498,1102,4514
2941: 1412,3492,4670,4625,319,573
2942: 3344
4376: 4300,4818,3558
2944: 254,3712,2009
4797: 
2946: 
2947: 806,2809,386
2948: 4792
2949: 3511,2869
2950: 
4583: 1734,2516,4820,3696
4734: 752,3722,1441
2953: 1941,4585,579,878
4117: 
2955: 4165,66,456,2442
2956: 2088,4190,425
2957: 3943
2958: 1618,3710,2637,2329,2164
2959: 1886,4455,2225,3233
4275: 2703,4790,3661
2961: 598,3922,4727
2962: 3565,2814,2764
2963: 2259,3887
2964: 4552
2965: 
2966: 2435,3059
2967: 3681,3710,1488
2968: 4512,2497
2969: 618,2543,2629
4230: 1274,2837
2971: 202,4790,2236
2972: 1258,1719
2973: 
4413: 1695,4767
4246: 2061,2308
2976: 4233,3743,2586,3180,3276
2977: 1545,146,2745,4494
2978: 534,343
4815: 3869,1198,2697,1891,3328,942,3534,3727,2068,3102,4140
2980: 1517,3490
4344: 
2982: 3700
2983: 
2984: 2862
2985: 4795,427,2750
2986: 1109,98
4660: 3038,683,1605,3509
2988: 4776
2989: 894,521,551
2990: 3349,3199,4542
2991: 4588,4562
2992: 2031,4206,2316
2993: 2023,1824
2994: 1232,4814,1052
2995: 4213,349
2996: 704,3494
2997: 3229,2740,3320,4764
2998: 1782
2999: 3429,79,4069
3979: 2636,4161,663,1957
3001: 4065,4207
3002: 3677,1181,4787
3003: 1900,2899,3920
3004: 
3005: 4157,2789
3006: 3859,1658,1914,1746
3007: 4353
3008: 3431
3009: 3054,305
3010: 93
3873: 3087,702
3012: 948,4775,3820,3061
4541: 4774
3014: 4633,901,3682
3965: 2124
3016: 487,1573
3984: 3194
3018: 4148,2874,1267
3019: 2513,2610,306,3316
4135: 
3021: 
4400: 
3023: 3801,4500,1740
3024: 2885,4352,4079
3935: 1042,1835,2399,1859
3026: 
4695: 
4614: 
4782: 
3030: 
3031: 1279,1280
3969: 1531
4212: 4440,428
3034: 1881,538,3631
3035: 4061
3036: 
4216: 4813,4012,1504,455
3038: 683,4660,3893
3039: 3739
3040: 3193,4251
3041: 
3042: 3888,3667
3043: 3656,1899,348
3044: 1676,4724,290,943,3760
3045: 1505
3046: 1221,543
4454: 934,497,1110
3048: 
3049: 
4630: 2735,3205,1525
3051: 2503,2825,2744
3052: 4160,519
3053: 
3054: 3009,4531
3055: 1996,1411,241,3946
4707: 1218,2384,2346
3057: 2333,1342,1439,51,4056
3058: 
3059: 2269,2966
3060: 1143
3061: 3944,3820,675,3012,4775
3062: 4006,911,4564
3063: 3940,2814
3064: 3940,3967,4494,146
3065: 4724,2600,2120
3066: 705,4350
4409: 3228,2207,509,412
3068: 4680,215,2563
3069: 337
3070: 3544,3684,1400,2740
3071: 2510,908,888
3072: 193
4613: 602,979,4069
3074: 3456,3253,3298
3075: 1986
3076: 3472,385,3592,2886
3077: 2044,3645,745,1237,1508,4101
3078: 2693,2324,1299
3079: 2461
3080: 350,174,2424,3258
3081: 2164
3082: 3730
3083: 1386,3972,3545,4490
3084: 3912
3085: 
4315: 4513,3220,2482
3087: 702,3873
3088: 1604,511
4447: 965,4170,270,924
3090: 3655,3584,54,1166
3091: 232,1224,2568
3092: 
3093: 
3094: 3676,2719,602
4762: 4642,219,1059,4122,4261,18,46,674
3096: 4692,1829,3569
3097: 599,4403
3098: 2894,3168,1384
4703: 466,2480,3395,3451
3100: 1551,1687
3101: 
3102: 3534,2068,4616,4815,2558,189,4457
3103: 4129,1094
3104: 348,1868,1899
3105: 3468,2256,4481,620
3106: 1737,372,3300,331,2315
3931: 4114,831,3798
3108: 477,3343
3109: 2456,3732,615,48
4047: 1917,2307
3111: 2533,3218,3268,875
3112: 1312,2112
3113: 
3114: 
3115: 1289,2528,3714,2167
3116: 4340,4511
3117: 164,1663,4513
4151: 717
3119: 
3120: 2783,1429,3503
3121: 
3122: 3207,4279
3123: 
4701: 3926,2882,4492,3369,1437
3125: 3620,1724
3126: 3327,1561
4292: 43,2932
4147: 989,1862,3199
3129: 2847
3130: 259,2395,293
4127: 
4042: 4549
3133: 2777
3134: 342,1612,753,3853,3288
4204: 4164
3136: 2126,1341,2280
3137: 3537,4251,4767,3884,1302
3138: 2347,1496,1119,1395
3907: 
3140: 3239,2925,1252
4790: 4275,2971,218,4378,3661,758
4542: 3349,2990,1095
4731: 665,1298
3144: 521,2630,4256
3145: 1179,4699
3146: 
4146: 
3148: 451,1639
4233: 2976,2586,635,3916,1768
4604: 4294,4155
4706: 
3152: 2860,4199,1014
3153: 1382
4605: 1948
3155: 3290,904,913
3156: 2646,3461,1550,2659
3157: 
3158: 1877,1754,2620
3159: 4347,3308,3211
3160: 
3161: 3809,2675,1917,4389
3977: 2770
3163: 270,4420
3164: 1974,536,4384,729,55
3165: 963
3166: 990,3968
3167: 2923
3168: 2894,3098,233,206
3169: 3353,3559,4686
3170: 2416,3955,4143,1863
3171: 3722,4272,3685,962
4472: 
3932: 693,1225
4296: 4785,4017
3175: 1525
3176: 877,4002,576
3177: 1774
3178: 375,1326,1687
3179: 2546
3180: 4227,1367,2976
3181: 2612,4465
3182: 4066,1994
4214: 2797,4074
3184: 973
3185: 2098,4490,3972,1104
3186: 2331
3187: 690
3188: 1405,1637,4518
3189: 543
3190: 1526,1216
3191: 173,4112,3881
3192: 3741
3193: 3040,4367,3884
3194: 3718,3984
3195: 1324,2664,3391,4121
3196: 4768,2169,1685
3197: 
3943: 2957
3199: 2990,4710,1990,1647,989,4147
3200: 4640,3559,1633,459
3201: 556,3217
3202: 3493
4232: 4150
3204: 1108,4593,1926
3205: 1525,4284,4630
3206: 2728,4786
3207: 3122
3208: 2745,1947,146,3841
3209: 2789
3210: 2601,999
3211: 3308,323,3159
3212: 2402
3213: 2202
3214: 1167,2685,3302,917
3215: 
3216: 3513,1975,4019,1469
3217: 2669,1455,3201,2813
3218: 3111,1313
3219: 
3220: 2482,1222,2738,4315
3221: 
3222: 4105
3223: 
3224: 2142
3225: 3612,1493,4740
3226: 3817,1987,592,2125
3227: 4691,4536,417,1180
3228: 4409,872,2207,4006
3229: 2997,2740,3320,120
3230: 3328,1575,3727,4616
4391: 3910,1441,752
3232: 2056,292,1375
3233: 4161,1886,2959
3234: 1039,2932
3901: 1504
4426: 2467,1663
3237: 3713,1124
3238: 455,1229
3239: 3140,2925
3240: 3856,3794,1514
4818: 1491,1696,1912,4376
3242: 
3243: 214,3801,2340
3244: 4764,386
3245: 1956,2406,4575,2055
3246: 3861
4423: 4635,1713,3454
4747: 2917,1122
3249: 
3250: 836,3747
3251: 1383,656,521,4213,349
3252: 160,387
3253: 3456,3074,3280
3254: 4606,1085
3255: 3399,704,2759,3914
3256: 700,3572,4073
3257: 3847
3258: 1531,2424,3080
3259: 4139,4217,2123,438
3260: 1410,3434
3261: 
3262: 3393,1079
3263: 2520,422
4437: 4461,3669
4359: 4156,2779
3266: 1819,3929,581
4075: 2921,3445
3268: 4708,4051,3111,875
3269: 1490
4769: 111,1319
3271: 1475,3792,633
3272: 730,2688,1904,1879
4642: 4762,4261
3274: 335,253
3275: 525
3276: 443,2976,3743,1245
3277: 492,2414
3278: 2466,4696
3279: 3379,2187,4719,419
3280: 2749,750,3617,3253,2861
4471: 3484,1562,956
3282: 2389,2297
4713: 4806,4772
3284: 4180,4682,1091,305,4766
4669: 2583
3286: 2438,651
4719: 12,419,2187,3279
3288: 3853,3398,3134
3289: 4501,4772,1310,498
3290: 1016,3155,89,1985
4551: 4488,16
3292: 1445,1878,1072,2613,604
3293: 3742,1623,641
3294: 1751,141
3295: 2001
4488: 4551
3297: 2206,1032,3508
3298: 4649,3370,4805,3074
4738: 638
3300: 3841,3106
3301: 1757,2286
3302: 4045,3214
3303: 2569,4778
3304: 3889,4802,133,2366
3305: 1482,259,855
4552: 2964,2355
4097: 2457
3308: 4808,3159,340,3211
4406: 2353,2724,1175,3408,3974
3878: 2313,3682,1878,2613
3311: 
3312: 4420,3471,3465,334
3313: 3601
3314: 4339,292,1161
4740: 1575,1493,3225,3470
3316: 1253,306,1424,3019
3317: 343,1964,4728
3318: 3704,2432
3319: 1791,2731,2043
3320: 3229,2997
3321: 1411
3322: 4355,2057,2868,4801
4236: 3659,1682
3324: 4070,4793,669
3934: 4045,4208,3808,2431
3326: 2652
3327: 3126,1977,1561,1686
3328: 942,1919,1575,3727,3230
4412: 2800,668,2781
3330: 4748
4116: 1063,1474,4003,2736,4207
3332: 2901,495
4164: 4204
4167: 4776,1454,3664
3335: 2936,3466
4533: 4262,4647,298
4694: 4807,881
3338: 3471
3339: 2249,3499,1677
3340: 
3341: 271,1905
3342: 4456
3343: 3108
3344: 2942
3345: 4510,2083
4742: 1396,3381,4401,813
3347: 859,4775
4386: 2169,2531,2379,1609,2592
3349: 2990,4542,221,1990,1174
3350: 975,4698,3391
3351: 4390,2922,2126
3352: 
3353: 3169,3374
3354: 1466
4078: 1540,4580,3987
3356: 3858
3357: 975,4698,1414
3358: 2686,527
4058: 887
3360: 243,2728
4536: 3650,1836,4691,3227
3362: 4674
3363: 1631
3364: 
3365: 147,4677,1744,116
3366: 385,2580
3367: 4728
3368: 3790,1000
3369: 1826,1437,623,2640,4493,4701,4492
3370: 4805,3298,3408
3371: 1026,180
3372: 1449,2535
3373: 2092,1782
3374: 3353,289,177,2817
3375: 970,539
3376: 3724,2220
3377: 1840,16,1639
3378: 351,1017
3379: 3279,4055
4687: 2796,1473
3381: 1396,4742,4401,813
3382: 4801,1508,1237
3916: 2806,1768,635,4233,2586
3384: 
3385: 
4714: 1629,1259,2537
3387: 2524
3388: 977
3389: 88,1590,533
4213: 2995,349,102,3251,1383,143
3391: 3350,3195,4121
3392: 1874,2391,3860
3393: 3262
3394: 182
3395: 727,3451,4703,466
3396: 2182,3606
3397: 
3398: 3853,3288,2689
3399: 3255,1569,805,2759
4291: 205
3401: 4104
3402: 2050,1777,4020
3403: 4671,337,2114,4805
3937: 
3405: 2760,2277
3406: 642
4755: 2107
3408: 4406,2724,3370
3409: 4597,1956,457,2914
3410: 1685,7
3411: 4563,4004,3692,3621
3412: 444,1767,2698,352
3413: 3956,851
4606: 3254,1085
3415: 4455,2225,3781,2241
3416: 
3417: 1072,2613,13
3418: 4418
3419: 926
3420: 2520,668,793
3421: 
3422: 4593,4621,2368
4149: 2588,1261,2699
3424: 4349,1504
3425: 
4750: 1961,2130,3508,2206
3427: 
3428: 700
3429: 2999,4001,4052
3430: 3749,45,827
3431: 191,3008
3432: 4442,1162,257
3433: 995,4474
3434: 214,3260,797
3435: 1566
4256: 2306,1243,3144
4816: 460,3553,2422,4505,2372
3438: 4165,66,711
4598: 762,1713,2595,2644
3440: 883,2388,522
3441: 
3442: 
3443: 2864,437,4597,354
3444: 2777
3445: 4075
3446: 3573
3447: 1485,1297,3712,3833
3448: 4772,4459
3449: 4082,1334
3450: 2349
3451: 3395,4703
4603: 3769,1019,1241,507,4803
3453: 3890
3454: 1713,4423,2887,2138
3455: 1182,2616,4185,188
3456: 3253,3074,4187,4649
3457: 
3941: 4381,2175,3897
3459: 2273,883
3460: 2101,473,166,3957
3461: 2659,2408,1715,3156
3462: 1511,4476,3536,607
3463: 4262,2704
4578: 48,1327
3465: 3706,1874,3312
3466: 3335,2936
3467: 
3468: 4196,3105
3469: 2244
3470: 1062,3777,4740
3471: 3338,3312
3472: 3076,2886,1351
3473: 303,4182,4487,3527,4794
3474: 3649,2841,252,3702,775,469
3475: 2521,1802,3763,1164
3476: 2825,2744,1316
4821: 2608,36
3478: 646,2503,2128
3479: 2024,255,3908,2117
3480: 2734,3640,4686,939,1715
3481: 4767,2292,408
3482: 1582
4379: 637
3484: 2670,1562,3775,4112,4471
3485: 3860,4544,2391,4580
3486: 3577,2723,2877,2207,4006
3487: 2608
3488: 935,528,456
3489: 1909,4776
3490: 2980,1912,563
3491: 1868
3492: 2941,1412,573,484
3493: 2580,3202
3494: 3817,2996,1854
4758: 1243,879,4388
3496: 4643,1802
3497: 4238,99,2191,4725,832,3750
3498: 4088
3499: 2230,3795,1240,3339,2249
4478: 
4375: 4723,1679,1432
3502: 1848,1344,1971,57,1740
3503: 3747,3120
3504: 1825,2933
3505: 137,852
3506: 2862,1900,448
4459: 2072,3448,4772,3605
3508: 4750,3297,2206
3509: 676,4660,1605
3510: 957,4031,4027,2518
3511: 2949,1563
3512: 3620
3513: 964,3216,1469
3514: 2181
3515: 1096,164,2625
3516: 
3517: 4348,4780
4388: 4787,879,4758,4760
3519: 973,4322,27,3762
3520: 4257,2696
3521: 2335
3522: 783,4811
3523: 3824,336
3524: 935,2748,1712
3525: 315,1202,3856,1230
3526: 1071,326
3527: 3473,4487,4794
3528: 2174
3529: 
3530: 905,4094,1293,1170
3531: 1683,1106,1879
3532: 2299,1689,2116
3533: 1993,2533
3534: 3727,2068,3102,4616,4815
3535: 
3536: 3462,4476
3537: 4251,1328,3137,2421,1302
4327: 4300,4504
3539: 1931
3540: 
3541: 3944,2520
3542: 781,463,1320
3543: 4258,4351
3544: 3684,3070,1400
3545: 2600,247,3083
3546: 1113,1486,1080,1949
3547: 
3548: 1908,2346,225
3549: 790,1937,2010
3921: 
3551: 4186,161
3552: 2373,2501,4798,694,4224
3553: 4420,4816,460
3554: 2243
3555: 
4440: 428,4212,4093,1750
3557: 1270,2404,1735,4791
3558: 3567,4376
3559: 4640,3200,3169,459,4686
3560: 3874,1177,1811
4668: 1383,656
3562: 1215,2038,4556,4784
3563: 4561,4240
3564: 193,2000
3565: 2814,2962,2764
3566: 501
3567: 3558,242
3568: 4425,4804
3569: 732,3880,3585,3096
4431: 3990
3571: 624,80,4184,1944,4100
3572: 700,3256
3573: 3954,662,3446
4316: 4003
3575: 542,3626,2676,4820
3576: 3963
3577: 3486,2723,2877,188
3578: 2372,2003,3731
3920: 2185,1463,3586,3003,2352
3580: 1770
3581: 2520
3582: 210,2736,1063,3849,81,941
3583: 1436,1556,1898,3677,4787,1591
3584: 4563,4397,3655,3090
3585: 3880,1133,732,3569
3586: 2899,2185,3920
3587: 2761,4312
3588: 2166,4336,4810
3589: 4812,94,2278
3590: 1564
3591: 3611,738
3592: 2582,2886,3076
3593: 3905,1257,2752,2890
4803: 507,1241,2714,4603,2048,4258
3926: 4701,2882,4492
4385: 905,1793,1192,2695,2753
3597: 3806,4037,1389
3598: 1580,3895,4781
3599: 4354,322
3964: 2408,4285
3601: 2175,4394,933,3313
3602: 2709,1517
3603: 4351
4002: 877,3176,344,3708
3605: 4772,1310,4459,2678,2903
3606: 2182,647,3396
3607: 1324,2364,4369,2401
4183: 609,3623,4775,1197
3609: 1815,1653,4809,4066
3610: 1325,936
3611: 1267,3591,2665
3612: 3225,1113
3975: 2562,1413,1722
3614: 2105
3615: 
3616: 662,1969,3954
3617: 2749,750,3280,2861,1109
3618: 1968,727,466
4582: 3647,1967
3620: 1724,3512,3125
3621: 3692,3725,4004,890,3411
3622: 4572
3623: 4183,609,4775
3624: 2718,2396,28,4610
3625: 241,3812,4000
3626: 542,3575,2633,2903,854
3627: 683
4101: 1508,728,2044,3077,4470
3629: 2259,1286,1281
3630: 4595,4763,1536
3631: 3034
3632: 2566
3633: 2252
3634: 4092,4281,2577
3635: 
4673: 
3637: 2803,817
3638: 1355
3639: 
3640: 3480,2734,4589,4686,939
4003: 4316,3882,2215,4116,1474
4546: 696
3643: 3663,772
4508: 4424,1070,801
3645: 2044,3077,754,2529,1303
3646: 3768,2318,1642
3647: 4582,1005
3648: 
3649: 2841,3474,4243,469
3650: 4536,4329
3651: 2703
3652: 
4770: 2264,2320,1463,2352
3654: 1494,1649,2150
3655: 3090,3584
3656: 3043
3657: 4209,1604
3658: 
3659: 1682,4236
4688: 3978,1434,1925
3661: 218,4378,4275,4790
3662: 
3663: 3643,1089,2911
3664: 4167
3665: 
3666: 
3667: 2028,1067,1046,3042
4462: 1031,127,2102,1226
3669: 4437
4199: 3152,4347,4635
3671: 1301,834
3672: 1364
3673: 960,2143,2096
3674: 4697,1042,1835,4357
3939: 1178,4021,947
3676: 3094,2255,2719
3677: 3002,3583,4787,1591
3678: 
3679: 
4619: 1750,2686,4697
3681: 2967,1786
3682: 901,3878,3014,2613
3683: 454,3963
3684: 3544,3070,1652
3685: 2572,4272,3734,3171
3686: 1623
3687: 2012,1390,4526
3688: 97,1006
3689: 4203
3690: 699,1503,978
3691: 4180,1794,1012
3692: 3621,890,3411
3693: 4569,4663,2570
4263: 1023,2024,4796
3695: 2524,2103
3696: 523,1734,4583
4692: 3096,1829,2445,1235
4588: 2991,257
3699: 
3700: 2982
4751: 839
3702: 252,3474,469
3703: 914,2643
3704: 2432,3318,2339
3954: 3573,662,3616
3706: 4512,2497,3465
3707: 745,2639
3708: 52,4002,2495
3709: 4009,2306
3710: 1618,2958,1488,2967
3711: 2472,4730
3712: 3833,1485,3447,2944
3713: 1681,1124,3237
3714: 2528,2535,3846,3115,2167
3715: 26,4252,4196
3716: 1696
3717: 
3718: 3194
3719: 1053
3720: 4809,2119
3721: 3866,2902,4555
3722: 3171,1441,962,4734,173
3723: 1752,2062,1060
3724: 3738,3376
3725: 3621,1502,990
4601: 
3727: 3534,4616,3328,4815,3230
4635: 4423,4199,4347
3729: 4244,1911
3730: 3082,2116,525
3731: 1636,1458,4407,2003,3578,4428
3732: 733,2229,3109,48
3733: 2200,3845,447
3734: 3750,3910,4576,3685
4800: 2132,868,1485,1916,2778,1796
4435: 1574
3737: 1706,100,2078
3738: 3724
3739: 3039,2939
4156: 4359,2099
3741: 3192
3742: 3293
3743: 2976,2586,2605,3276
3744: 4090,2385
4620: 
3746: 1732,2670
3747: 3503,3250,455
3748: 
3749: 3430,575
3750: 3910,3734,3497,4576,2191,832
3751: 968,746,433
3752: 2601,4361,2196,2088
3753: 2789,4014
3754: 4587,1933,1516,2115
3897: 4381,3941
4574: 1174,832,1191
3757: 
4251: 3537,1328,3137,3040
4274: 4184,1944,3883
3760: 2851,3044,943,2850
3761: 398
3762: 232,3519,4322,27,1199
3763: 2521,3475,708
3764: 3912,4506
3765: 1621
3766: 4238,2280,221,4725
4200: 3989,4798,3826,3803
3768: 3646,2318,1319
3769: 1104,4603,1019,4416
4497: 4802,807,4679
3771: 429,4371,2256,278
3772: 361,763
3773: 
4401: 3956,813,4742,3381
3775: 2670,3484,4112
4085: 1092,973
3777: 1062,2129,3470,1870
3778: 4679,4802,133
3779: 367,1148,1928
3780: 1189
3781: 2241,3415
4218: 927,2359
3783: 
3784: 4558,2330,4754
3785: 1022,1637,1373
4180: 3284,4682,3691,150,1794
4173: 
3788: 4105
3789: 2790
3790: 4081,1000,3368,2139
3791: 
3792: 3271,1475,633,933,4394
4513: 4315,2482,3117,1663
3794: 3240,1806,1064
3795: 3499,2230,4589,1240
4704: 1467
3797: 
3798: 1531,831,3931
3799: 1541
3800: 2571,4548,4005,4209
3801: 3023,4500,3243,549,2340
3802: 1140
3803: 3826,1282,375,4200
3804: 
3805: 
3806: 3597,4037,2483
4531: 774,3054
3808: 516,988,3934
3809: 3161,4155,1646
3810: 1097,4011,2844
3811: 308,2146,1844,494,2760
3812: 241,3625
3813: 
4161: 3233,1886,3979,1957
3815: 
4609: 991,1560
3817: 3226,3494,1987,592
3818: 2848
3819: 3843
3820: 3061,3012,4333
3821: 138,2417,1288
4005: 2635,4548,3800,4209
3823: 1838,3905
3824: 2375,3523,1329,2732
3825: 2700,1150,2515
3826: 1282,3803,2378,4200,3989
3827: 1598,1888,4587
3828: 2124,1285,1337
3829: 2753,1793,1739
3830: 2508
3831: 1303,2852,1939,2217,2529
3832: 1314,430,4814
3833: 1372,3712,4187,3447
3834: 1153,2052,148,4795,2413
3835: 1128
3836: 4591,131,1412,4670,3886
3837: 2321
3838: 1169
4655: 447,4633,4658
3840: 472
3841: 3300,3208,808
3906: 1602
3843: 3819
3844: 484,4377
3845: 4144,3733
3846: 3714,2327
3847: 4250,3257
3848: 
3849: 81,941,3582,4103
4557: 18,1763
3851: 2637,2329,1134,1157,1618
3852: 
3853: 3398,3288,3134,753,1866
3854: 2319
3855: 268
3856: 3240,1230,569,3525
3857: 
3858: 3356
3859: 3006,1914,1195,1297
3860: 4544,3485,2391,1874,3392
3861: 2446,557,3246
3862: 1028,2894
4587: 3754,3827,2115,5
3864: 1772
3865: 2082,2288
3866: 3721,2902
3867: 4458
4768: 3196,1685,369,4532
3869: 1198,4815,52,2068,4140
3870: 2318
3871: 
4081: 3790,1000,899,3992,2139