0: 428,1256,257
1: 822,348,3687
2: 4299
3: 3704
4: 2457
5: 1528,2857,1067
3996: 1341,4121
4620: 1827,4759,158
8: 233,3503,2755,823
9: 815,1332,665
10: 462,3586
11: 2787,3759,1396,4438
12: 447,1641
13: 311,1570
4276: 2676,484,4218
15: 707,292,303
4153: 
17: 
18: 1541,4709,4608
4157: 1383
20: 3079,4804
4585: 364,4148,3595,4808
22: 4524,2015,4032
23: 4405
24: 
25: 1515,1896,3719
26: 3358,3158,1956,4518
4626: 2213,1980,2256
28: 2650,4310
29: 
30: 4113
4553: 2893,173,1915,1798,3326
32: 4816
33: 916,1327,3682
34: 965,2568,1803,4214,2213,3793
35: 3834
36: 1484,2669,54
37: 352,2468
38: 1175,1295
39: 599,2055,2930,3937,168
40: 3604,4213,1465
41: 871,4770,4685,2306
42: 4516,2222
43: 2242
44: 202
45: 1991,4099
46: 1623
47: 
48: 3894,4489
49: 4554,4559,1850,2146,4005
4807: 3011,4308,131,4601
51: 
52: 1661
4476: 1731,4788
54: 673,3716,36
4039: 3006,3207
56: 672,4507
57: 4289,2530,1091
58: 1205,3839
59: 3679,4187,1046
4333: 2439,3252,1638,4095
61: 4474,1922
62: 3269
63: 1961
64: 3876,2844
65: 912,3354,3583,1686
66: 3307,1633,2073,3173
3915: 
68: 3750,3138,729,2456,1704
3966: 2635
70: 3748
71: 2754,3737,75,3012,1099
4307: 
73: 1291,4527,1533
74: 
75: 71,668,1099
76: 4319,2500,513
77: 2129,2581,4112,4118
78: 4652,2666,3928,2558,4808
79: 3968,787
80: 2932
81: 2898,1970
82: 3479,853
4711: 1914,1028,3663,3192,3481
84: 136,4746,3418
85: 4075,223,978,4783,4622,3271
86: 1225,1294,1512
87: 
88: 533,3701,602
89: 3842,3185,878,2813
90: 4613
91: 1720,2327,1165
92: 1469,2241,2635
93: 3376
94: 
95: 1635,3380,2283
96: 1845
4014: 906,4632,1695,3631
98: 4215,1348,2224,1516
99: 1104,4447,2313
100: 481,2207,1968,547
4134: 4496,1920,2416,4766
102: 912,3354,3341,3144,500,827
103: 1589
104: 
105: 3757,3924
4652: 78,1258
107: 1780,2277
4220: 
109: 2014,909
110: 3715,1720,2627
111: 193,3727,4086,1394,1597,2872
112: 
4791: 2976,1242
114: 
115: 1545,3100,4286
3964: 1641
117: 2267
4429: 470
119: 
120: 4194,4482
4232: 3890
122: 262,1037,1626
123: 144,1475,1016,2794
4680: 3775,4394,1566,2259
125: 311,1550,2761,2019,820
4532: 2324,1808,3544,4822
127: 3645,1067
128: 2164,1174,4769
129: 
130: 2848,2354,3884,932,3388
131: 4308,4490,4807,2995,1106,4601
4099: 45,427
133: 1107
134: 3442,1365
4596: 3962,2147,1981,1987
136: 84,2792,1892
137: 4610
138: 3599,3566,4251,2005
139: 
140: 202
141: 2908,1215,3241,4764
4361: 
143: 3342,393,1279
144: 123,1475,2922,2495
145: 4800
146: 
4319: 76,656,957,2598
148: 1877,1303
149: 4442
150: 1682,1856,4494,3761
151: 1298,2320
152: 4066,3251,1024
153: 1493,4728,1501,1499,373,3201
154: 2621,3537,4367
155: 1261,1573,1651
4065: 4628,635,2877,1582
157: 826,4193,4339,1752
158: 976,3541,2930,4620,1827
159: 
160: 3925,2854
161: 4359,3702,4180
162: 2897
163: 2344,3271
4762: 4118,3156
165: 3959,3372
166: 2462,2518
167: 1322,708,1499,1732
168: 2055,39
169: 781
4201: 2859,2264
171: 2845
172: 4582,2364,2686
173: 4403,1915,2809,4553
174: 2182,2731
175: 865,989,1198,2715
176: 
177: 1948,887,4434
178: 
179: 
180: 4743
181: 4774,2088
182: 1969,2075,4551,2478
183: 4693,4003,4100
184: 4315
185: 869,2578
186: 
187: 
188: 2391,4147,1715,2303
4295: 879,1789,2488
190: 4659,3412,4502,1842,3976
191: 240
192: 4298,2385
193: 111,2543,1394
4166: 296
4771: 4454,307
196: 997
197: 4789,4408,4362
198: 421,4161,1479
4796: 2136,258,4818
4048: 2080,4629,2680,2075,2961,4823
4634: 1245,2480,2167,4095
202: 140,44
203: 
4794: 3254,4499,4009,2700,3061,4382,1309,941,3215
3997: 4767,2205,3599
206: 3251,4508,1028
207: 4624,4091,1411,4562,1232
4785: 3172,2387,3017
209: 733,1393,4569,297
210: 3630,437,1363
211: 
212: 2097,4059
213: 701,1215
214: 3839,3336,1284,1423,4640
4507: 3400,56,804
216: 3153,2100,2004
4420: 1025,2752,4170
218: 4781,4132
219: 4603,2427,2138
220: 1439,1347,542
221: 1058,2599,1588,3714
222: 1358
223: 4075,978,85,4783,1643
224: 2203,3888,3337
4613: 90
226: 4081
227: 2881,3903,4027
228: 334
229: 840,2609,404,3488,3844,2104
230: 301,4115,4674
231: 
232: 2893,2905,3846
233: 2432,8,2755
234: 4765,3327
235: 1888,2915,1465,4211
236: 1937,3887
237: 2602,4518,284,1679
238: 4724
239: 3855,2630
240: 191
4158: 4444,2269,1203
242: 673,1594,4505,4017
243: 1073,2698,1318
244: 4725,1583
245: 2775,2239,1429
246: 1397,3838,4700,1668,711
247: 4122,2687
3892: 3586
249: 2366
250: 4565
251: 2241,2863,2030
252: 3879,2631,1672,3443
4107: 2856,4197
254: 2224,1384
255: 2574,3321,3567,658
256: 3067
257: 4619,0,1256,1882
258: 2136,4796,2037,1654,413
4481: 2156,4707,348,3687
4693: 183,2800,3175,2086
4126: 3548
262: 122,4456
263: 674,1123,1112,2562,3550
264: 2202,1774,4330
265: 2565,3917,3785,3923,2959
266: 
267: 4131,356,524
268: 1512,1875
269: 4769,1629,2021
270: 498,1375,3316
271: 3054,1503,1851
272: 606,4019,1571
273: 625,2012
274: 4817,1808,3806
275: 2217
276: 
277: 2844,3956,2486
278: 2266,3781,2898
279: 621,408
4323: 316
281: 
282: 3559,2969,915,4135,3290
4446: 
284: 1679,237,2602,4518
285: 2394,3430
286: 3410,3548
287: 2577,2353,3554
3934: 
289: 3206
290: 2794,1762,4486
291: 1017,591
292: 2859,2264,3232,15,707
293: 
294: 935,2630,1262,4457
295: 2091,1450,1727,3776
296: 2542,1143,4166
297: 878,733,209,857
298: 4735,3697,849,3985
299: 313
300: 1408,4805,2319,3810
301: 230,1643
302: 1089,4604,779
303: 1296,15,1302
304: 1970,1604
305: 4756,2346,328,1082,3687
306: 3628
307: 4771
4752: 1521,340,3146
309: 3057,601,4732,2176,4311
310: 4291,4778,990
311: 13,125,1550,1430
312: 4336,1066
313: 299
314: 464,1230,1895,4199
315: 2760,4390
316: 1474,4323,4096,4708
317: 905,4605,3720,451
318: 3519,1093,1325
4311: 309,601,4732
320: 
321: 1011,4309,756
322: 3187
323: 
324: 1644,949
4113: 30
326: 2000,4372
4393: 883,3220,3542
328: 1247,1082,4756,305
329: 3417
330: 
331: 1382,2460,3669
332: 2885,900
333: 1200,3524,346,1381
334: 1530,228
335: 947
336: 1393,1246,1168,2676
337: 4413,3162,3235,4349,717
338: 1113,4110,835,4278
339: 2334,2596
340: 4752,2901
341: 3257
4580: 2256,3607,4142,2597
343: 2361,722
344: 692,4542,2711,424
345: 2330,1001,2378,3035,1836
346: 1571,1381,333,3524
347: 3950
348: 4481,4707,1
349: 4090,514
4458: 4556,3516
3953: 
352: 37,4813,1960
353: 
4766: 2823,1920,3557,4134,2062,4194
355: 3131
356: 996,267,4131
357: 1729,4748,2198,2582,3135
3995: 1338,3133
359: 
4570: 2022
361: 
362: 
4348: 777
364: 4585,3595
365: 1136,3499
366: 1200,503,2376
367: 787,4806
368: 4782,3863,1100,587
369: 1634,1893,4810
370: 2454,1400
371: 
4093: 2003,2649,1874,3830
373: 4015,1499,4728,153
374: 4658
375: 1162,2692
376: 3365,4744,1436
377: 
378: 4085,1934,1835
379: 3574
380: 3347,3881,783,3527
4061: 2701,2527,2592,3410,1774,4265
4659: 3412,4492,190,4502,3475
4452: 1021
384: 2608,4619,3204,4074
4269: 629,4156
386: 
387: 2043,4138,4547,4345,3144
388: 3978,3874
389: 4208,4618
4120: 
4076: 4111,4170,974,2250,756
392: 1666,3187,836
393: 3342,143,1717,1744
394: 1442
395: 1335,3740,3430
3904: 1454,4001
397: 2352,3920
398: 2617,3660
4592: 3707,792
400: 
401: 1997
4114: 1404,1754
4744: 3744,3365,376,1279
404: 4270,3185,704,3844,840,229
4436: 1675,4556,2662
406: 3127,3454
407: 2982,2131,1925,2523
408: 279,621
4146: 1516,555,913
410: 4382,1853
411: 1775
412: 2936,3450
413: 3519,1654,3514,2136,258
414: 1370,628,2687,841
415: 4063,4773,2410
416: 728,2721
417: 593,3910,2758
418: 2814
419: 3821,2647
420: 
421: 3827,4161,198,4451,4041,4534
422: 4409,1018
3944: 3767,4545
424: 2125,2629,344,2711,4726
425: 1209,2547
426: 1727,4054,3494,2091,1378
427: 4099
428: 0,4222,1693
429: 4252,2206
430: 
431: 2110,541
432: 1437,4057,4459,1688
433: 3280,1974,3337,908
434: 1449
435: 2136,3593
436: 2113,2344,592
437: 3630,210,4763,3772
438: 2711,3854,1677
439: 4216
440: 3143,3563,1544
441: 3863,807
442: 1945
443: 1664,1217,1276,1868
444: 4199,3299
445: 1900,767,3081,3458
4621: 3882,4496,4593,4462,517,4764
447: 12,4642
448: 525
449: 870,3732,1313,2716
450: 4329,2301,3780,2982,4409
451: 317
452: 3643
453: 1296,2474,548,3749
454: 3031
455: 1990,3957,3016,4044
456: 1993,1588,1119,3714
4691: 2553,3497
4213: 2520,40,1465
3926: 4302
460: 2531,1431,2461,1052
461: 1906,3640,927,1288,2101,4332
462: 10
463: 
464: 314,3810,929,1330
465: 
4142: 3793,4580,2597
467: 686,2921
4748: 1944,357,3749,2071,2198
469: 957,1243,2598,529
470: 3063,4429
471: 
472: 
4124: 3442
474: 2658,2618,2750,2055,2423
475: 583,3268,4252
476: 4445,2037,1811,1617,2513
4810: 1934,369,1893,1829,4085
478: 573,4542
479: 547,3987,3404,1459
4372: 326,2000,1300
481: 100,2597,2207
4755: 2623,1359
483: 808
484: 4276,857,4128
3903: 2881,227,3720,4027
486: 3800,540,1844
487: 817,1318
488: 1664,2252
4299: 2111,4353,2
490: 525
491: 3677,2017,964
492: 1252
493: 1295,4185,2266
4358: 4483,3297
495: 
3890: 4232
497: 3624,1792
498: 1570,3048,2443,270
499: 4528,621
500: 687,3144,102
4373: 1015,3946,798
4305: 1087,2307
503: 1201,2044,366,2376
504: 2919,2003,1176
4298: 192
506: 1232,2809,1915
507: 
508: 4360,2210
4492: 4659,1087,4502
4663: 1685,3896,4051,4798,2659
511: 2654,2571,3334
4381: 935,2931,2630
513: 2500,2914,2362,957,76
514: 4090,2722,349
515: 
516: 2830
517: 4462,1083,4708,4621,4593
518: 2608,4222,1693
519: 4792,3338
520: 4800,1698,4413
521: 
522: 2205,2594
523: 3490,4670
524: 267
525: 490,1790,448
526: 3606,3361
527: 3054,3139
528: 2426,2955,4209
529: 1141,1591,469
530: 
531: 3869,999
532: 3315,2604,1547
533: 88,3701,2548,4098
4800: 520,145,1698
4001: 3678,2585,3889,3904
4518: 1956,2602,237,284,3158,26
537: 
538: 3275
539: 2798
540: 3307,3511,486,1844
541: 3898,1705,4063,431
542: 1347,1193,220
543: 3725,601,2856
544: 2748,4211,2915
545: 4139
4759: 4412,4620,4602
547: 479,100,1968,3987
548: 453,2517,1259,1315,2474
549: 2843,2870
550: 1638,4703,2776,2370,4798
4258: 2117,2146,4102,4226,3154
552: 1170,4598
4602: 4759
554: 1290,2509
555: 2778,4146
4636: 4628,635,1560,1546,3921
557: 1044,4782
4229: 3727,4086,3328,2178
4511: 
560: 4143,1617,572
4216: 4362,1796,439
562: 1975,4360,2623
563: 4177
564: 4723,648,2301,4322
4814: 4227,3916,2142,3001
4750: 3497,775
567: 2254,2282,4317
568: 3105,1377,3838,752,3420
569: 2742,3095,913,2637,3231,1328
4435: 650
4494: 605,150,1856,3761
572: 1654,560,2037
573: 3374,4198,478,1575
574: 
575: 1703,3281
576: 4605,785,3173,1844
577: 864,2799,991,4801,3649
4261: 2622
4641: 3824,720,2066,2692
580: 2212,2133,1084,3016
581: 854,2061
582: 800
583: 475,3268
584: 3069,1712,943,984
585: 3961
4823: 4003,2961,3287,2080,4048,3350,3547
587: 807,2833,368,3863
4063: 4773,415,541
589: 4432
590: 1736,868,3203,1194
591: 291
592: 2229,1779,725,2113,436
593: 417,2820,4536,1583,4391
4438: 2129,11,1396,4616
595: 
596: 
597: 3357,4212
3965: 3030,3820
599: 2055,2423,39,4581
600: 4115,4674
601: 3725,543,309,4311
602: 1464,4427,88
603: 952,696
4080: 4022
605: 4494,1880,1856
606: 272,4019,3149
607: 4411
608: 
609: 2632,4233,3141
610: 1262,818,2318,1958,4049
611: 
612: 3611,3112,2437
613: 3991,3622
614: 
615: 4558,1168,2676,4218
4767: 3997,3599,3566,4303,1173,3220,3542
617: 3552,2852,3061
4155: 1071
619: 2251
620: 751,4046
621: 279,408,499
622: 3038,3222
623: 2956,2458,2197
624: 2705,4651,3533
625: 273,3589
626: 
627: 892
628: 3972,917,414
629: 4269
630: 
631: 799
632: 
633: 4351,2851,2098,2607,1069
634: 2556,3424,4047,1505
635: 4628,4636,4065,1560,1108,2877
636: 1214,3615
637: 
638: 1096,2949
4806: 2288,3036,4776,367,3627,1976
640: 4809,2742,3231,1990
641: 995,1140
642: 
3948: 1253,4582
644: 2828,1060,4172,2218
4530: 1386
646: 3212
647: 2508,2233,3756,2753
648: 1459,4723,564
4660: 3351,4235,1806,2277
650: 4435
651: 4811,3633,3416
4075: 223,85,4783,3271
653: 1520,3712,755
654: 1211,2540,1738,2484
4278: 1608,835,338,1113
656: 2518,1950,4319
657: 2779,4812,3236,2322
658: 2574,255
659: 2713
4024: 4574,681,4228
661: 1386,917
4156: 4269
663: 1769,2537,4637,2017
664: 3811,2760,3264,3819
665: 9
666: 
667: 3641,3062,3980,1497
668: 75,956,3527
669: 1333,4819
670: 1268,1738
671: 4090,1010,2967
672: 56
673: 54,242,4505
674: 263,1123,2562
675: 1363,1231,2750,2423
4092: 3939
677: 3559,2442,2508
3979: 3645,4637,3974
4228: 1195,927,4024,3353
680: 
681: 2121,4434,4024,1632
682: 
683: 1370,2698
684: 3452,4654,2429,2579,2053
685: 2860,1932,4792
686: 467,2338
687: 2043,3144,4454,500
3946: 3368,996,4131,4373
4675: 2928,817,1072
690: 4561
691: 1988,3467,1313
692: 344,2711
693: 
694: 
695: 1005,2958,3054
696: 603,2965,1286
697: 2442
3922: 2899
699: 4475,1213
700: 3662
701: 2167,3139,213,3252
4457: 2137,971,4049,1262,935,294
703: 2939,3664
704: 4270,3185,404,2670
705: 4306,1913,2033,1871
706: 1848,2326
707: 15,1613,2859,2264,292
708: 1322,167,1499,3201,936
709: 4327,2325,4617,4697
710: 1328,1642,1134,3182
711: 1474,246,3838,4700
712: 1022,3414,3677,4758
4629: 4048,1127
4723: 564,648
715: 4612
716: 
717: 337,3235
718: 4657,1448,1139,2868
719: 1259,3319,3652,3415
720: 4641,2066,3398
721: 4205,3648
722: 3902,2361,343
723: 3155,1462
724: 4611,863
725: 592,1779,1607,1257,1999
726: 3612,4270
727: 2199,4399,3582,933
728: 416
729: 3138,68,2456,2670,3706,1541
730: 2654,4030,1425
731: 
3938: 3618,4207
733: 209,297,857,2676
734: 3723,3674,3881,2520
735: 
3874: 4037,2262,3123,388
737: 4346
738: 3296,3405,1651,3977
739: 1798,3647,2139,3980,3641
740: 4277,3699
4561: 690
4562: 2809,207,1411,937,4403
4706: 1615
744: 972,2777
745: 1237
746: 3034,2339
4377: 4821,4406,2560
748: 4317
749: 3466
4598: 2688,552,3428
751: 620,2799,3649
752: 3420,1888,568,3105
753: 814
754: 852,1578
755: 1486,3018,1178,3712,653
756: 4309,2250,974,321,4076
4499: 4794,4009,1309
758: 1923
4627: 2481,4769
4702: 959
4603: 219,903,3595
3921: 2766,1546,4628,4636,3561
763: 4775
764: 3006,3741
765: 
766: 2245,874
767: 445,1695,2895,2735,3631
3878: 3893,4162,2604
769: 4263,1382,2067,4173
770: 2033,4461
771: 4763,3005
772: 1653,2749
773: 2539
774: 
775: 4750
3919: 4421,3245,2128,1556
777: 3859,4348
778: 4664,3688
779: 2786,302
4346: 737,3160,999
781: 169
782: 
783: 380
784: 1355
785: 2073,3173,4799,576
786: 1724
787: 367,79
788: 1026,1433,4116,4421
789: 4789,3381
790: 4523,2927
791: 
792: 3707,4592
4026: 
794: 
795: 4682,4180,4784,3263
796: 
4392: 2333,3057,990,2176
798: 1015,4373
799: 631,1834,1143
800: 582
801: 3811,1842,3296
802: 3004,1686,2087
803: 4765
804: 3293,4507
805: 
806: 1390
807: 587,3863,441
808: 483
809: 1916,4736
3877: 2748
4812: 2779,657,3236,2870,2322,1536,1561,3329,1672,3077,2631,4007
812: 851,2685
813: 2830,1249
814: 753
815: 1332,3192,2009,9
816: 2561,2642,2563,1547
817: 487,4675
818: 1262,610,2318,3756,2052
819: 982,829
820: 2019,4257,2761,125
4031: 2363,3931
822: 1362,1
823: 2755,8,1157
824: 3029,3603
825: 1942
826: 157,4193,2350,2730,4450
827: 3505,4223,102,3354
828: 
829: 3536,819
4410: 2846,2965,1368
4288: 2937
832: 2724,1372,877
833: 1599
834: 1839
835: 1608,4278,338
836: 1429,392
837: 1757,2461
4496: 3882,4621,1920,4764,4134
3957: 1990,455,3095,1328,4044
840: 229,2609,3185,404
841: 4122,2687,414
842: 2289
4542: 1575,344,478
4556: 4458,4436
3939: 4092
846: 1855,1343,1646
847: 3218
848: 
849: 2773,984,298,3985,943
850: 4533,4780
851: 812
852: 754,1472
853: 1289,82
854: 581
855: 3929
856: 2482
857: 297,733,484,4128
4799: 1633,785,2073,1384
859: 1359,1731,2438
4666: 1415
3977: 738,1651
862: 2060
863: 4611,1002,724
864: 2799,577,4801
865: 175,3786,4567
866: 2163
867: 
868: 1879,1736,590,2121,1120
869: 1749,185,2869
870: 449,3732,1313,2716,1988
871: 41,4770,2164,908
872: 3422,3486,2590
873: 1986,2707
874: 3758,1104,766,2245
875: 4243,3254
876: 3204,4074,1809
877: 2724,832
878: 3832,297,89,2813
879: 4295,4599
4117: 2855
881: 3396,4694
882: 
883: 4393,3679,2702,2861
884: 3102,2455
885: 
886: 3282,3546
887: 4140,3169,1622,177
888: 3199,3801,906
889: 2768,4028,1471
4630: 
891: 2607,3873,1165,2327
892: 627,1385
893: 3833,1563,3182,2126
4286: 1545,115,4662
895: 1304,3172,4756,2346
4125: 3267,1063,2272,2206
897: 3077,2394
4018: 1147
4127: 3752
900: 2570,3836,332,2885
4356: 3257,1197
902: 3217,1450,3733,4583
903: 1858,3595,4603
904: 4815,4351,1086
905: 317
906: 4014,4632,888,3631
4073: 1164,1249,3545
908: 433,871,4770
909: 2014,109
4058: 3367
911: 1604,3487,4450
912: 102,3354,65,3583
913: 569,2742,4146,2637,2778
914: 1712
915: 1906,4135,3640,4238,3290,282
916: 33,3682,2068,4713
917: 661,628
918: 1865,1162,2066
919: 2029,3887,4739
920: 
921: 1867,1897,4015
4035: 
923: 2626,2239,2491,2267
924: 2085
925: 
926: 4287
927: 4228,1288,2101,3353,461,3640
4110: 338,3682
929: 3918,1330,1408,464
930: 4178,1897
4488: 2820,933,3349
932: 1152,3884,130,3388,1214
933: 4686,3930,3349,1376,4399,727,4488
4363: 4103,4119,3787,1026
935: 2630,294,4381,2137,4457
936: 3201,4625,708
937: 1411,4562,3523
938: 2354,2367,1047
4317: 2282,567,748
940: 3818,1141,1243
941: 4382,4794,3215
942: 4055,1919,2647,1989,3108
943: 3069,584,849,984,2127
4811: 651,1659,4472,3633,2453,3416,3969
4054: 1727,426,3494,2896,4079
946: 4537,1094
947: 4720,335
948: 956,4101
949: 324,3472
4148: 4566,1858,4808,4585
951: 
952: 603,2521
953: 1288,2101,3351,1806
954: 3162,4349
4521: 
956: 3527,1794,668,4101,948
957: 1243,469,2598,4319,513,2362
958: 2589,3460,2478,3785
959: 4702,2783,4720
960: 2994,4077
3991: 613,3070
962: 1207,2934,3734
963: 3308,2827,2876
964: 4758,3677,491
965: 2568,1803,34,2104,2609
966: 3348
967: 3003
968: 4784,4657,2746,4130
969: 4729,1911
4139: 545,3116
971: 4457,4049,3325,3816
972: 744,2777
973: 2696,3335,4437,2279
974: 2471,4076,756
4623: 2836,2990,2327
976: 3541,158,2930,3937,1472
977: 4551,2478,1284,4640
978: 223,85,1643
979: 3399,1132,1445,2308
980: 3602
4182: 3047
982: 819
983: 1408,4528
984: 849,2773,3296,584,943
985: 1680,3918,1330,3869
986: 3536,4365,2304,3244
987: 3409,2566,4784,3702
4664: 3688,778,3275
989: 175,1747,2715
990: 2996,2333,4392,310
991: 1144,4801,577
4190: 4341
993: 3313
3937: 1472,39,2930,976
995: 641
996: 3946,4131,356
997: 196,1866
998: 
999: 531,4346
4539: 2054
1001: 2330,345,3468,2378,4128
1002: 863,3434
4792: 2013,4557,4722,2860,685,519,4679
1004: 
1005: 695,2958,3571,2730,4343
1006: 2198,2582,3532,2705,4042
4135: 1906,915,2934,282,2969
1008: 1732,2401,2858
1009: 1091,2800,2433,3377,2530
1010: 2722,671,3306
1011: 321
1012: 1181,3556
4516: 42
1014: 4347
1015: 798,4373
1016: 2922,4591,4486,2794,123
1017: 291
1018: 4409,422,3745,2523
4565: 250
4720: 2248,947,2783,959
1021: 4452,1754
1022: 712,3414,1567
4650: 1439,2645
1024: 152,3251,4304,2789
1025: 4420,1361,4783,2752
1026: 788,4116,4363,4119
1027: 2671,1565
1028: 4711,1914,206,4508
1029: 3893,1927,4728
4597: 3884
1031: 3153,2100
4227: 4814,3916,3001
4243: 875,4359
4739: 3008,3887,919
1035: 
3950: 347
1037: 2984,4422,3150,122
4704: 
4150: 2864
4722: 4241,2013,4792,4679
1041: 3471,4033,4804
4235: 1806,4660
3876: 1514,2844,64
1044: 557,1500,4782
1045: 
1046: 4787,59,4187
1047: 3388,1371,2354,938
4670: 2204,3490,523,2828,2218
4764: 3241,1920,4462,2908,141,4496,4621
1050: 1110,2473,4400
1051: 1931,2126,1255
1052: 4437,2531,460,3335
1053: 2236
4302: 3926
1055: 
1056: 2461,2430
1057: 3835
1058: 221,2599,3646,2298
1059: 2120,3240,1495,1267,1711
1060: 644,4172,4578
1061: 3131,2134
4383: 2536,2847,3468,4128
1063: 3267,2272,4125,1183,2839
3961: 585
1065: 2205
1066: 4077,312
1067: 2537,3476,5,2857,127,3645
1068: 2181
1069: 2836,633,1086
1070: 3859,2109
1071: 4155,2383
1072: 3328,2928,4675
1073: 243,3343,4643,2177
1074: 2598
1075: 
1076: 4116,2225,2500,2128
1077: 3245,1944,1729
1078: 2619,3897,2824,2263,4638
1079: 2131,2776
1080: 3807,2588,3601,3181
1081: 1576,1820
1082: 328,2156,3687,305
1083: 517,1474,3109,4708
1084: 3016,580,2212,1985
1085: 
1086: 904,4351,1069
1087: 4305,1471,4492
1088: 4550,2139
1089: 4604,302
1090: 3760,2858,3553
1091: 1009,2800,57,2530
4689: 
1093: 318,4154
1094: 946
1095: 1684,4185
1096: 638
1097: 
1098: 4676
1099: 1896,71,75,3012,2985
1100: 3165,2039,368
1101: 2696,2610,1824,3650
1102: 3072
1103: 2204,1179
1104: 99,2313,874,2245,1750
1105: 
1106: 4601,131,2995,1647
1107: 133,1719,1500
1108: 1560,635,2877
4604: 1089,302
1110: 1050,4400,3740
1111: 3614,2710
1112: 2545,263
1113: 338,3682,4278
1114: 3940,4184
1115: 
1116: 4465,3156
1117: 
4012: 1157,4251
1119: 3211,3714,2817,456
1120: 2121,868
1121: 4047,1225
1122: 1691,2234
1123: 263,674,3836,3550
1124: 4407
4241: 4722,3223,4802,2896
1126: 2766,2269,2522,2632
1127: 2706,4629
4717: 2790
4645: 1130
1130: 4645
1131: 
1132: 979,2308
1133: 3140,1409
1134: 710,1328,1642,2132
1135: 
1136: 365,3499
4057: 432,1437,2654,1688
1138: 2906,2775
1139: 718,4657,2566,4784
1140: 641
1141: 529,1862,940
1142: 3686
1143: 296,799
1144: 4763,991,4801
4273: 4612,4676
4554: 2497,4559,49,4005,2655
1147: 4018
1148: 3543,3145
1149: 2314,2447,1692,4514
1150: 1702,3278,3825
1151: 1870
1152: 3884,932,3831,3453
4559: 4554,1597,2497,49,4149,1850
1154: 
1155: 3660
1156: 2904,3958
1157: 4012,823,2365
3940: 3849,1392,1114
1159: 2902,3129
1160: 
1161: 2888,1918,1346
1162: 375,918,2692
1163: 
1164: 4073,3611,4401
1165: 2817,891,91,2327
4369: 3993,4219
1167: 4368,4237,1707
1168: 4558,1375,615,336,2676
1169: 2062,4194,4184
1170: 1683,3299,552
1171: 1845
4335: 
1173: 3220,3566,4767
1174: 2164,128,4685,4769,3751
1175: 1295,38,2888
1176: 2677,504
4705: 2403,4032,4147,1715
1178: 1785,3712,2334,2596,755,1486
1179: 3962,2147,4576,1103,2603
3999: 3362
1181: 1012,3556,1465
1182: 3731,3569,3450,1630,2723
1183: 1063,2272,2839
1184: 4669
1185: 4581,3847,1487,1827
1186: 
4207: 4129,2659,3938,2823
3982: 4443,3637,1222
1189: 2574
1190: 1434,3445,3052
1191: 2922,4591,4726,1380
1192: 2395
1193: 542
1194: 4678,1736,590
1195: 4228
1196: 1284,3476
1197: 4356
1198: 4440,2715,175,2298
1199: 
1200: 366,333,3524,2376
1201: 1841,503,2044,3556,1336
1202: 3729,1427
1203: 4046,4158
4188: 4449
1205: 2731,4770,58
1206: 1666,3503
1207: 962,3734,1762,3975,4567
1208: 4813,3901
1209: 425
4322: 4329,2301,564
1211: 654,2540,1738
1212: 4599,2424
1213: 4475,3765,699,3742
1214: 3388,1371,932,636
1215: 141,213,2439,3252
4266: 3992
1217: 1664,443,1276,2252,4644
1218: 3204,2608,3610
1219: 4334,1529,3073,2446
1220: 1491,2111,2105,4037
1221: 
1222: 3982
1223: 1448,2746
4786: 
1225: 1294,1505,4047,1121,86
1226: 3935,2325,1432
1227: 4486,2277
1228: 1917,4385,3819,4735
1229: 1663
1230: 314
1231: 2618,2816,2750,675,1363
1232: 506,4091,207,2673
1233: 
1234: 4770
4778: 310
1236: 1254,4549,2001
1237: 745
1238: 
1239: 2806
4170: 4111,2761,4076,4420,1550
1241: 4455,2280
1242: 2976,4791,3504
1243: 957,469,3818,940,2362
1244: 4387
1245: 4634,2480
1246: 3372,336,1393
1247: 328,2077
4505: 673,242
1249: 813,3545,1267,4073
1250: 3330
4443: 3982,3637
1252: 492,4177
1253: 4386,3948
1254: 1236,3051,1900,3665,4549
1255: 2126,1931,1051,4769
1256: 2460,0,257
1257: 2344,725
1258: 4683,2837,4652,4566
1259: 2517,1315,2474,719,548
1260: 1973,3896,4506
1261: 155,1437
1262: 610,818,4457,4049,294
4451: 421,4161,4041
1264: 4255
1265: 3458,3041
4233: 2632,609
1267: 3545,1249,1059
1268: 4734,670,2420,3659,1738
1269: 
1270: 3234,2214,1947,3880
1271: 2388,3528
4780: 4294,3637,3515,850,4533
1273: 4081,1306
1274: 
1275: 2640,1814,3165,4242
1276: 443,1217,1868,4644
4411: 4653,3684,607
1278: 1687
1279: 2954,4744,143
1280: 3535
4204: 3797
4760: 3726
4734: 2484,1268,1738,3623
1284: 1196,214,4640,977,2478
4195: 2653
1286: 4340,696
3925: 160,3741
1288: 953,2101,3353,927,461
1289: 853,3125
1290: 554
1291: 2308,73,4527
1292: 1442
1293: 
1294: 1225,1505,3273,86
1295: 1175,493,38,2266
1296: 1556,303,453,3245
4808: 2938,4774,78,4566,3928,4148,2558,4585
1298: 151,2854
1299: 4617
1300: 2000,4372
4781: 218,2726,3534
1302: 1784,303
1303: 3174,148,1877
1304: 895,2757,3172,4550
1305: 2393,1932
1306: 4081,1273
1307: 2675,2415,3298
1308: 
1309: 4382,4794,4499
1310: 2996
1311: 
4085: 378,1829,1934,4810,1865
1313: 449,870,2716,691,1988,3288
4029: 2506,1893,2399
1315: 1259,548,3415
1316: 4132,1506
1317: 3482,4247
1318: 487,243
1319: 3530,1806
1320: 
4210: 1497,2791,3642
1322: 167,708,3760,3492
1323: 1433,1729
1324: 4257,1705,1484
1325: 318
4263: 769,2364
1327: 33,4178
1328: 710,1134,569,3095,3957
1329: 3745,2523,1649,4754,2002
1330: 3918,929,464,985,1680,1895
1331: 
1332: 815,3192,3481,4508,9
1333: 669
1334: 2515
1335: 3740,395
1336: 4337,3556,1201
4772: 3593,1854
1338: 3995,3133
1339: 3825,1702,3717
4209: 2119,2955,528,4159
1341: 3164,3996,4121,1620
4557: 2393,3333,3850,4792
1343: 2543,846
1344: 
1345: 1703
1346: 1161,3499
1347: 542,220
1348: 98,4678
1349: 
1350: 2757
4535: 3529,2383
4817: 274,4822,1808,3806
1353: 4676
4378: 2663
1355: 784
1356: 
4776: 2446,4747,2288,4806
1358: 222
1359: 859,2438,4755
3980: 2139,739,3641,667
1361: 1025,2471,4783
1362: 822
1363: 675,3630,210,1231
3927: 1773
1365: 134
1366: 
4685: 2164,1174,3751,41,2306
1368: 1707,4237,4410
1369: 4695,4386
1370: 683,414,4615
1371: 1047,1214,2811,2580
1372: 2724,832
1373: 3761
4466: 
1375: 4558,1168,270
1376: 4399,2931,3930,933
1377: 1397,3838,3395,3420,568
1378: 426,2091,1450
3962: 2147,4596,1179,2603,4283
1380: 3722,4010,4726,2125,2922,1191
1381: 346,1571,2720,333
1382: 331,4173,769
1383: 4157
1384: 2224,254,4799
1385: 2727,3493,892
1386: 2519,4530,661
1387: 
1388: 3492,4709,4608,3706,3584
4098: 2548,2347,533
1390: 4765,806
1391: 3895
1392: 3940,3826
1393: 336,209,1246,2168
1394: 4086,193,111
4563: 3724,1854,4189
1396: 3200,4616,2655,11,4438
1397: 1377,246,3838,3487,3395,1668
1398: 4309,2250
4090: 2722,514,671,349
1400: 2454,370
1401: 4004,3392
4571: 4643,2177
4339: 3781,1752,157
1404: 4114,1602
1405: 3677,1441,2359,3414
4552: 
1407: 2648,4352,3490
1408: 983,300,929
1409: 3140,1133
4784: 968,3263,1139,4657,3409,2566,987,4130,795
1411: 937,207,4562
1412: 4576,2657
1413: 4815,2822
1414: 1607,2858,1636,2419,2401
1415: 4666
1416: 
4510: 3568,3286
4287: 926
1419: 3618,2370,1638,3111
4692: 2884,3575
4520: 4292,3326,2587,2414
4578: 3050,1060,4172,4115
1423: 3460,4640,3336,214,4388
1424: 2256,3607,1458
1425: 3088,3323,3768,730
1426: 3390
1427: 1202,2173,1579
1428: 1470
1429: 836,245,1658
1430: 1550,1869,3048,311
1431: 2531,460,3625,4818
1432: 1838,2325,1226
1433: 788,1323
1434: 1190,3445,1634,3052,2506
4251: 138,4012,2005
1436: 2172,2001,376
1437: 432,4057,1261
4176: 3235
1439: 4650,220
4388: 3960,3336,2589,3460,1423
1441: 2359,1769,4256,1405
1442: 394,1292
4162: 2408,1547,2604,3878
3958: 2904,1156,1914
1445: 2336,3399,979
1446: 1812
1447: 3694,3711
1448: 718,2746,1515,1223
1449: 3212,1799,434
1450: 2091,295,3217,902,1378,3776
1451: 
1452: 4782,2039
1453: 2992
1454: 3904
4133: 2763
1456: 
1457: 2662,2721
1458: 3607,1424
1459: 3404,479,648
3960: 3818,4388,2589,3917
4729: 1911,2956,969
1462: 3681,2615,723
3871: 3992
1464: 3733,4427,602
1465: 4213,40,235,1181
4536: 2820,2455,1583,593
1467: 3305,2521
4442: 3743,149
1469: 2749,2241,92
1470: 1428
1471: 4028,889,1087
1472: 3937,976,852
1473: 2575
1474: 3109,711,316,1083,4708
1475: 123,144
4606: 3100
1477: 2319,4805
1478: 1966
1479: 4183,3930,198
4205: 721,3648
4455: 3715,1241,4524
1482: 1921
1483: 
1484: 1705,36,2669,1324
1485: 2481
1486: 755,3018,2596,1178
1487: 3847,1185,4412
1488: 3122,3741
1489: 
1490: 
1491: 1220,4037
4573: 3508,1733,2100
1493: 1501,153
3990: 
1495: 3545,2120,1059,1763
3969: 3416,4811
1497: 2791,4210,667,3062
1498: 1926
1499: 4015,373,153,3201,167,708
1500: 1107,1719,1044,4782
1501: 1493,153,3201,4625
1502: 4527,1533,1535
1503: 2572,1851,271,3109,2804
4297: 2372,3578
1505: 1225,1294,634,4047
1506: 2825,1316,4027
1507: 1977,3401
1508: 2721
1509: 3348,3376
1510: 3794
1511: 2864,2529
1512: 86,268,1875
4816: 32,2792,3166,3344,4672,1892
1514: 3876,2674,3044
1515: 25,4101,1448
1516: 98,4146
4625: 3201,936,1501,3886
4030: 2654,2571,3323,730
1519: 1887
1520: 653,3334,2159
1521: 4752,3146,4083,2674
4653: 4411,3684
3985: 1928,298,849
4608: 1388,4709,3706,1541,18
1525: 3148,1971
4793: 3170
4179: 
1528: 1783,5,3209
1529: 4334,1219,1590,3495
1530: 334
4412: 4759,1487
4253: 3908,3993,3316
1533: 1502,4527,73
4252: 3355,2206,429,475
1535: 3742,4501,1502
1536: 1817,3329,4812
4396: 
1538: 3094,4803
4801: 2504,3670,4763,1144,991,864,2799,577,3457
1540: 
1541: 18,4608,3706,729
1542: 3829,2254
1543: 
1544: 1644,440
1545: 1795,3100,115,4286
1546: 1560,4599,3921,4636
1547: 4162,816,532,2604
4175: 4425,4483
1549: 
1550: 1430,4170,2761,125,311
4237: 1167,1368,1707
4802: 2619,3282,4241,3223
1553: 
3893: 3878,1927,1029,4728
1555: 2183
1556: 1296,3658,3245,3919
4384: 2677,3079,4804
4399: 1376,3582,3855,727,933
1559: 
1560: 1546,1108,635,4636
1561: 4812,2631,4007
4132: 1316,218,3534
1563: 893,3833
1564: 1611,2051
1565: 3632,1027
1566: 2259,3156,4394,4680
1567: 3659,1022
1568: 2827,2876
1569: 3763,3792
1570: 498,3048,13,3316
1571: 346,1381,272,2529
1572: 2998
1573: 155
4677: 2343
1575: 4542,573,4198
1576: 1081,1820
1577: 2563,3775,2408
1578: 3541,754
1579: 1427
1580: 
1581: 3731,4089
1582: 4065,2877,2304
1583: 2455,244,4536,593,4391
1584: 4000
1585: 4638
1586: 
4154: 1093
1588: 3714,221,2599,456,1993
1589: 103
1590: 2651,3094,1529,3495
1591: 2182,529
1592: 3247
4658: 374
1594: 242,4017
4260: 
1596: 
1597: 2497,4559,111,2872
1598: 2203
1599: 833,2988
4581: 1185,2930,599
4242: 3546,2274,2824,2640,1275
1602: 1404
1603: 2243,1773
1604: 911,3487,304,1970
3987: 3746,547,479
4421: 3919,2128,788
1607: 2858,1414,3553,1999,725
1608: 2512,835,4278
3882: 4496,4621,4593,3047
4644: 1217,1276
1611: 1564
1612: 
1613: 707,2954
1614: 
1615: 4706
1616: 3069,1989,1712,2127
1617: 2513,560,476
1618: 3167,2296,2415
4478: 
1620: 4343,1341,4193
1621: 3887,2810,1777
1622: 887,4140,2647
1623: 4730,46,2371
1624: 2323
1625: 3183
1626: 4549,122
1627: 3292,3489
1628: 2452,3529,4736
1629: 4769,269,3710,4490,2021
1630: 2723,1808,1182
1631: 3433
1632: 2695,681,2121
1633: 2246,3447,4799,66,2073
1634: 369,1434
1635: 95,4290,2283
1636: 2892,2419,1981,1414
4256: 1769,4551,1441
1638: 550,4095,4333,1419
1639: 
4193: 157,826,2730,1620
1641: 3964,12,2512
1642: 710,1134,2132,4424
1643: 301,223,978
1644: 324,1544
1645: 3570
1646: 846,2543
1647: 2995,2021,1106,2426,2955
4028: 1471,4094,889,2768
1649: 1329,2523,4798,2496,1973,4506,2002
1650: 4020,3237,1671,4366
1651: 155,3405,738,3977
4390: 315,2760,3264
1653: 772,1775,2749
1654: 572,3514,2037,258,413
1655: 3671
4770: 871,41,908,1234,2182,2731,1205
3992: 4266,3871
1658: 1429
1659: 4472,2515,4811
1660: 
1661: 52
1662: 2685
1663: 1229,3526
1664: 443,1217,488
1665: 
1666: 392,3187,1206
1667: 3189
1668: 3451,1397,246
1669: 2576
4788: 4444,1731,4476,4046
1671: 1650,4768,2286
1672: 3364,4812,2631,252,3443
1673: 
1674: 2299
1675: 4206,4436
1676: 
1677: 438,4815
1678: 2590,3486
1679: 284,3263,237
1680: 985,1330,1895
1681: 3799,4474
1682: 150,1856,2438
1683: 1170
1684: 4185,1095
1685: 4663,1973,3896,4051,4798
1686: 3004,802,3354,65,3505
1687: 1278
1688: 4459,4230,432,4057
1689: 4775
1690: 2479
1691: 1122,2234,3984
1692: 4514,3634,1759,1149
1693: 4222,428,518
1694: 2420
1695: 3458,4014,767
1696: 
4328: 
1698: 4500,520,4800,4413
1699: 4618,2519
1700: 
1701: 4296,2909
1702: 3717,1150,1339,3825
1703: 1345,575
1704: 3584,3706,3138,68
1705: 1484,1324,541
4430: 
1707: 1368,4237,1167,4757
3963: 
1709: 
1710: 
1711: 3085,3240,1059
1712: 3069,584,1616,914
1713: 4583,2648,3303
1714: 
1715: 188,2391,3777,4147,4705,2403
4617: 4697,1299,709,3815
1717: 4485,393,3598,1744
1718: 
1719: 1107,1500
1720: 2990,91,110
4528: 499,983
3910: 417,4391,2888
4172: 2828,644,1060,2941,4578,3050
1724: 3952,786
1725: 3226,2682,2793,4334
1726: 
1727: 426,4054,4079,2091,295
1728: 1961
1729: 1944,357,1077,1323
4700: 3771,246,3109,711
1731: 859,4476,4788
1732: 1008,3760,167
1733: 4573,2207
3972: 4615,628,2437
1735: 2404,2652,2387
1736: 1879,868,590,1194,2133
4403: 173,1915,4562,2809,3558
1738: 654,1211,670,4734,2484,1268
1739: 2549,1870,3108,4055
4314: 
4749: 
1742: 2753,3259,3233,3011
4222: 1693,428,518
1744: 1717,393,2782,3598
4815: 3619,904,1677,2259,1413
1746: 
1747: 989,4655,2715
4360: 2210,508,2623,562,1940
1749: 2869,3510,869
1750: 1104,2245
4708: 4096,1474,316,1083,517,4593
1752: 4339,157
4640: 3460,1423,214,1284,977,2478
1754: 1021,4114
1755: 2407
3902: 722,3279
1757: 2110,3115,837
1758: 3968,4803
1759: 1692,3634
4059: 1979,2322,212
1761: 4610
1762: 3786,2794,290,1207
1763: 3343,4401,1495,2120
1764: 
1765: 3588
1766: 3281
1767: 1904,3169,4574
4208: 389,4618
1769: 663,4256,2017,1441
1770: 3807,2952
4249: 2797
1772: 
1773: 3927,1603
1774: 3410,2527,4061,264
1775: 1653,411
4164: 
1777: 4078,2810,1621,3887
1778: 2579,2053,3036
1779: 2229,592,725,1999
1780: 107,2277
4661: 
4575: 2473,1833
1783: 1528,2119
1784: 1302,3243,3342
1785: 1178,3712,2334
4104: 2441
1787: 3767,3027
1788: 1987,2719,2344
1789: 4482,4295
1790: 525,4325,2503
1791: 3653,1816,4138
1792: 497
1793: 
1794: 956,3527,3881
1795: 1545,3100
1796: 2912,4216
1797: 
1798: 739,3647,4553,3326
1799: 3212,1449
4185: 1684,493,1095
1801: 2614
1802: 3369
1803: 965,34,2609,2024,4214
1804: 3443,3401
1805: 2707
1806: 3351,4235,4660,1319,953
1807: 3773
1808: 4532,1630,274,4817
1809: 876
1810: 2547
1811: 4445,476,2513,2469
1812: 1446
1813: 
1814: 2640,3024,1275,3165,2833
1815: 4714,3150,2145
1816: 3653,4470,3464,4547,1791,4138
1817: 1536,4007
1818: 4743
4747: 3073,2429,3145,4776,2579
1820: 2407,1081,1576
1821: 
3916: 2049,4814,4227
1823: 3716,4306
1824: 1101,3650
1825: 3736,3967
1826: 
1827: 4620,1185,158
4359: 161,3702,2087,4243
1829: 1934,4810,1865,4085
1830: 
1831: 4493,1907
1832: 
1833: 4575
1834: 799,2917
1835: 2732,378
1836: 2330,345
4425: 4175
1838: 1432,4624,4091
1839: 834
1840: 3071,3188
1841: 1201,3556
1842: 801,3811,3412,190
4097: 
1844: 3408,3307,540,486,576,4605
1845: 1171,96
4214: 2213,2536,2024,1803,34
1847: 
1848: 2326,706
4306: 705,1913,1823
1850: 4149,4226,4559,49
1851: 1503,271,2804
1852: 
1853: 410
1854: 4772,4563,3445
1855: 3085,846
1856: 1682,150,605,4494
1857: 3943
1858: 903,4148
1859: 3512,4219,3411,2181
4022: 4611,4080
4060: 4500,3162,2944
1862: 1141,3336
1863: 3700,2067
3931: 4031
1865: 918,1829,4085
1866: 997
1867: 921,1897,2785,2892
1868: 2049,443,1276
1869: 3271,2752,1430
1870: 1739,2549,1151,4149
1871: 2033,705,3698
4100: 3012,2985,2754,183
4676: 1353,1098,4273
1874: 3567,3830,4093,2003
1875: 2675,1512,268
4115: 230,4578,600,4674
1877: 4727,148,1303
4743: 1818,180
1879: 1736,868,2121,2212,2133,2695
1880: 3562,3358,605
4081: 1273,226,1306
1882: 257,4619,2047,4173
4122: 2687,841,247
1884: 3038,3222
1885: 2558
1886: 3974
1887: 3994,2703,1519
1888: 752,3420,235
4541: 2418,4105
1890: 2917
1891: 3428,4385,1949,3068
1892: 3344,136,2792,4143,4816
1893: 369,2506,4029,4810
1894: 1903
1895: 3384,4199,1330,314,1680
1896: 1099,25,4101
1897: 4178,2678,930,921,1867
1898: 
4809: 640,4678
1900: 445,3665,3081,3051,1254
4643: 4571,2177,1073,2698
1902: 
1903: 1894
1904: 1767,3154,4140,3169,2117,3530
1905: 2636,3047
1906: 915,4135,461,3640
1907: 1831
4301: 
4427: 1464,3036,602
3888: 2795,1974,224,3337
1911: 4729,969,2948
3905: 4818
1913: 4306,705
1914: 4711,1028,3663,3958
1915: 4403,173,506,2809,2893,4553
1916: 809,2452,4736,2594
1917: 1228,4385,3428
1918: 1161
1919: 4055,942,2647
1920: 3241,4764,4496,4134,4766
1921: 1482
1922: 3433,61
1923: 758
4069: 4404
1925: 4798,2496,4703,2131,407
1926: 1498
1927: 3893,1029,2175
1928: 3985,2549
1929: 
4402: 3367,2064,2274
1931: 1051,1255,4769,3710
1932: 2860,685,1305,2393
4611: 863,4022,724,2807
1934: 4810,1829,378,4085
4697: 4617,709,2812,4822
1936: 3421
1937: 236,2029,2548
1938: 2994
4400: 2097,1050,1110
1940: 3826,4360,2210,2488
1941: 
1942: 825
4669: 1184
1944: 1729,4748,1077,3749
1945: 2380,442
4495: 
1947: 2081,4174,2214,1270
1948: 3821,177
1949: 2688,1891,3068
1950: 656
1951: 
4140: 887,3154,3169,1622,1904
1953: 2950
4129: 4207,2659,2823,4050
3914: 
1956: 4518,2376,26
4364: 4422
1958: 4601,3259,610,2318
1959: 
1960: 3250,352
1961: 4662,1728,63
3886: 2664,4625
1963: 3537,3346
4493: 1831,2699
1965: 4218
1966: 1478
1967: 2156,4707,4050
1968: 100,547
1969: 2075,182,4551
1970: 304,81,3513,1604
1971: 1525
4223: 4289,3377,827
1973: 1685,4798,1649,4506,1260
1974: 3280,433,2795,3888,3337
1975: 3149,562
1976: 3627,4806
1977: 3401,1507
1978: 
1979: 2322,4059,2153
1980: 3468,2378,2847,4626
1981: 1987,4312,4596,1636
4074: 384,3204,876
4041: 4285,4534,4451,421
4489: 48
1985: 4238,1084
1986: 2707,4671,873
1987: 1981,1788,4596,2719,4283
1988: 691,870,1313
1989: 3069,1616,2127,942
1990: 3231,3957,455,640,3016
1991: 45
4009: 4794,3254,4499
1993: 456,1588
1994: 3458,3081
4555: 
4566: 4148,1258,2837,4808
1997: 401,2681
4147: 188,2391,1715,4705,2403
1999: 3553,1607,1779,725
2000: 326,4372,1300
2001: 1236,1436
2002: 4506,3419,1329,1649,4754
2003: 4093,2649,504,1874
2004: 4343,216
2005: 138,4251,2663
4068: 
2007: 2407
3898: 541
2009: 815
2010: 3495
4401: 1763,1164,2177
2012: 273,3573
2013: 4792,4638,3850,2619,4722
2014: 909,109
2015: 22,4032
4574: 4434,4024,3169,1767
2017: 3974,1769,663,491
4769: 269,3710,1629,1255,1931,4627,2481,128,1174
2019: 820,4257,125
4624: 4091,207,1838,4344
2021: 2995,1647,4490,269,1629,2426
2022: 4570
4180: 795,4682,161,3702
2024: 2536,2813,1803,4214
4485: 1717,3033,3598
2026: 
4654: 2429,2493,684,3452
2028: 3325,3816,4159
2029: 919,1937,2964
2030: 2863,2241,251
4332: 2934,2101,461
2032: 3858
2033: 770,1871,705,3698
4765: 803,1390,234
4607: 
2036: 
2037: 4445,476,1654,572,258
3975: 3734,1207,4567
2039: 1452,1100
4283: 2719,3962,1987
4547: 3464,4795,1816,387,4138
2042: 
2043: 687,387,4138
2044: 503,1201,3556
2045: 
2046: 3933
2047: 4619,1882
3897: 2064,2274,2824,1078
2049: 3916,1868
4174: 1947,2081,4106,2214
2051: 3244,1564
2052: 2442,818
2053: 1778,684,3733
2054: 3147,4539
2055: 599,2423,39,474,168
4083: 2674,4011,1521
4341: 4190
2058: 
3929: 855
2060: 862,2950
2061: 3776,3222,581
2062: 1169,4194,4766,3849
2063: 
2064: 3897,4402
2065: 
2066: 3824,4641,720,918,3398
2067: 4173,769,1863
2068: 4713,916
4756: 305,2346,328,895
4121: 3355,1341,3164,3996
2071: 3532,4748,2198
4631: 3441
2073: 785,3173,1633,4799,66
2074: 3208,2933
2075: 1969,182,2680,4048
3967: 1825,3565
2077: 3017,1247
4106: 2879,4174
2079: 
2080: 4048,4823
2081: 1947,4174
4449: 2860,4188
4218: 1965,615,4276
2084: 2620
2085: 924
2086: 3175,2926,4693,2433,3037
2087: 3004,802,4359
2088: 2103,4635,181
2089: 3641,3062,2587
4508: 206,1028,1332,3481
2091: 295,1450,1727,426,1378
2092: 3067
4813: 2251,2243,1208,3708,2468,352
4586: 3451,4450
3881: 3347,380,734,1794
2096: 
2097: 212,4400
2098: 2495,3722,633,2851,2607,3873
2099: 3573
2100: 216,3153,4573,1031
2101: 953,1288,927,461,4332
2102: 4783
2103: 2088,2830
2104: 3488,229,2609,965
2105: 2111,2616,4089,3600,1220
4292: 4520,3326,2587,3641
2107: 3906,3522,4480
4703: 2131,2776,550,1925,4798
2109: 3859,1070,3447
2110: 1757,431,4773,3115
2111: 2105,4299,1220
2112: 
2113: 3048,2443,436,2229,592
2114: 2329
4593: 3882,4621,517,4708
4550: 1088,2757,1304
2117: 2146,4102,4258,3154,1904,3530
2118: 
2119: 4209,1783
2120: 1059,1495,1763
2121: 681,1120,1879,868,1632,2695
4678: 1194,1348,4809
4053: 
2124: 
2125: 424,2629,4726,4010,1380,2853
2126: 1255,893,3182,1051
2127: 3108,3069,1989,1616,943
2128: 1076,4421,3919
2129: 4438,3854,77,4118
4635: 2088
2131: 4703,2776,1079,2982,407,1925
2132: 4044,1642,1134,4308,4424
2133: 580,2212,1879,1736
2134: 1061
3894: 3588,48
2136: 4796,258,435,413
2137: 4457,935,2553
2138: 219,2427
2139: 3980,739,3647,1088
4192: 
2141: 2185
2142: 4814
2143: 
4569: 3832,2712,209
2145: 2354,1815,2848
2146: 2117,4102,4258,49,4005
2147: 3962,4596,1179,4576
2148: 
3956: 277,2486
4191: 
2151: 3611,4615
4408: 4789,197,3120
2153: 1979
2154: 
4324: 
2156: 4481,4707,1967,1082
4370: 
2158: 
2159: 3127,1520
2160: 3668
2161: 3101
2162: 
2163: 866
2164: 128,1174,4685,871
2165: 2440
2166: 
2167: 701,4634,3252,4095
2168: 3959,2999,2712,1393
2169: 4448
4707: 2156,4481,1967,348
2171: 3393
2172: 4456,1436
2173: 3729,1427
4279: 
2175: 3227,3195,2408,1927
2176: 4732,4392,3057,309,2996
2177: 4643,4571,3343,4401,1073
2178: 3759,3727,4086,4229,3379
4177: 1252,563
2180: 
2181: 1068,3411,1859
2182: 174,1591,4770
2183: 1555
2184: 3847,3457
2185: 2141
4257: 2019,820,2669,1324
4144: 2303,2526,3758
2188: 2341,3238
2189: 3640
4696: 
2191: 3768
2192: 
4454: 4771,687
2194: 3119
2195: 
4753: 
2197: 2248,2458,623
2198: 1006,2582,357,4748,3532,2071
2199: 727,4655
2200: 2890
2201: 
2202: 264
2203: 224,3199,1598
2204: 1103,4670,2218
2205: 522,1065,3599,3997
2206: 3355,4252,429,4125
2207: 481,100,1733
4312: 2613,2785,2552,2892,1981
2209: 2960
2210: 4360,508,1940,2488
2211: 
2212: 580,2133,1879,2695,1084
2213: 4214,4626,34,3793
2214: 1947,4174,3880,1270
4347: 1014,4105
2216: 4804,3471
2217: 275
2218: 2828,644,2204,4670
2219: 
2220: 
2221: 
2222: 42
4352: 2648,3701,1407,2941
2224: 254,1384,98,4215
2225: 1076,2500,2914,3787
2226: 
2227: 3103
4500: 1698,3162,4060,4413
2229: 592,1779,2113,2443,2709
4726: 424,2125,1191,1380
4674: 600,4115,230
2232: 2242
2233: 2508,647,3470,2753
2234: 1122,1691,3817,3014
4418: 
2236: 1053
2237: 3279
4215: 98,2224
2239: 2626,2775,923,245,2267
2240: 3666
2241: 1469,2030,92,251
2242: 43,2232
2243: 1603,4813,3708
2244: 
2245: 766,874,1104,1750
2246: 3447,1633,2353
2247: 3889,2950,3246
2248: 2197,4720,2783,2458
4017: 242,1594
2250: 4309,756,1398,4111,4076
2251: 619,4813
2252: 1217,488
2253: 
2254: 567,3829,1542
2255: 
2256: 4580,3607,4626,1424
4758: 964,3677,712,3659
4078: 1777,2810,2927
2259: 1566,4680,4815,3227
2260: 3802,4368,2656
2261: 2728
2262: 4037,3874,3123,4181
2263: 4638,1078
2264: 2859,4201,292,707
4622: 2719,85
2266: 3577,278,1295,493
2267: 117,2239,923
2268: 4523
2269: 2522,1126,4158
4391: 1583,593,3910
2271: 
2272: 1063,4125,1183
2273: 3463
2274: 4242,2824,4402,3897
4109: 
2276: 4137
2277: 1780,107,4660,1227
2278: 3477
2279: 2574,3321,4437,973
2280: 2817,1241
2281: 4533
2282: 567,2300,4317
2283: 4290,95,1635
2284: 3363
2285: 
2286: 4768,2925,4020,1671
4805: 300,1477,2319
2288: 3036,4806,4776
2289: 842
2290: 
4337: 1336,4130
2292: 
4077: 1066,2994,960
2294: 
3994: 2703,1887
2296: 1618,3858,2415
4289: 57,4223,2530
2298: 4665,1058,2599,1198,4440
2299: 1674
2300: 2282,2912
2301: 450,4329,4322,564
4385: 1917,1228,3428,1891,4735
2303: 4144,2526,4665,188
2304: 2877,986,1582,3244
4534: 4041,4285,3827,421
2306: 4685,3751,41
2307: 3454,3160,4305
2308: 1291,979,1132
2309: 
4181: 2262,3123,4716
2311: 
4519: 3269
2313: 1104,99,2526,3777
2314: 1149
2315: 
4334: 1529,1219,1725
4525: 3613
2318: 610,818,3756,3259,1958
2319: 1477,4805,300
2320: 151
3917: 265,2565,3960,3818
2322: 1979,4059,4812,657
2323: 3114,4247,1624
2324: 4532,3544
2325: 3935,1226,1432,4327,709
2326: 1848,706,3058
2327: 91,891,4623,1165
4787: 1046
2329: 2114
2330: 3163,1001,345,1836
2331: 
2332: 
2333: 4392,990
2334: 339,2596,1178,1785
4612: 4273,715,2762
2336: 1445,3399
2337: 3815,4695
2338: 3184,686
2339: 3034,746
4610: 137,1761
2341: 3238,2188
2342: 2466
2343: 4677
2344: 163,1788,1257,436
2345: 3286,3989
2346: 4756,305,895
2347: 4098,2964
4202: 
4461: 3605,770
2350: 3513,826,4450
2351: 3814
2352: 397
2353: 287,2246
2354: 938,2145,2848,130,1047,3388
2355: 
3873: 891,2607,2098,3211
4818: 3905,3625,2743,2469,1431,4796
4044: 2132,3957,455
2359: 1441,1405,2706
2360: 2658,2618
2361: 722,343
2362: 2914,513,957,1243,2565
2363: 4031
2364: 2686,4582,172,4263
2365: 1157
2366: 3387,249
2367: 4456,938,2811
2368: 4320
4131: 267,996,3946,356
2370: 3618,1419,550,4798
2371: 1623
2372: 4297,3578
4194: 2062,1169,4766,120
4687: 4797
4735: 3819,3697,1228,4385,298
2376: 503,1200,366,1956
4105: 4541,4347
2378: 3468,1980,1001,345
4230: 1688,2551,3176
2380: 1945
3923: 3785,2680,265,2961
2382: 4336
2383: 4535,1071
4119: 4103,4363,1026,3608
2385: 192
4197: 3782,3696,2638,2856,4107
2387: 4785,3017,2652,1735
2388: 1271,3528
4417: 4737,2688,3190
4655: 2715,1747,2199,3102
2391: 188,4147,1715
4094: 3869,4028
2393: 4557,1305,1932
2394: 285,897,3430
2395: 1192
4474: 61,1681
2397: 
2398: 
2399: 2732,4029
2400: 
2401: 2892,2419,1008,2858,1414
2402: 4315
2403: 4705,4032,4147,1715,2560
2404: 1735,3647
2405: 2756
2406: 4487
2407: 1755,1820,2007
2408: 4162,1577,2175
4616: 1396,4438
2410: 4773,415
4167: 
2412: 
2413: 3080
2414: 4520,2587
2415: 2675,1307,1618,2296
2416: 4134,3849
2417: 
2418: 4541
2419: 1636,2892,2401,1414
2420: 1694,3659,1268
4671: 4304,2789,1986
2422: 2430,4437,3321
2423: 599,2055,2750,675,474
2424: 1212,2522
2425: 3752
2426: 2955,528,1647,2021
2427: 219,2138
4003: 4823,3547,183
2429: 4654,3145,4747,3073,684,2579
2430: 2422,1056
2431: 2793
2432: 233,2755
2433: 3037,2086,1009
2434: 3721,3046,2998
2435: 3013
4665: 2298,2303
2437: 2519,3112,612,3972
2438: 1682,859,1359
2439: 4333,3252,1215
2440: 2165
2441: 4104
2442: 677,2052,697
2443: 2113,3048,2229,498
4609: 
2445: 2454,4543
2446: 4776,1219
2447: 1149
4491: 3322,3236
4079: 4679,2896,1727,4054
2450: 3278,3583,3004
4472: 1659,4811
2452: 1628,4736,1916
2453: 4811,2718
2454: 2445,370,1400,3007
2455: 4725,1583,884,4536
2456: 3138,729,68,2670,4270
2457: 4
2458: 2248,2197,623
2459: 
2460: 1256,3669,331
2461: 1056,837,460
2462: 166,2518
2463: 
4730: 1623,3352
3879: 2631,252,4007
2466: 2342
4715: 
2468: 3708,4813,37
2469: 2743,4445,1811,4818
2470: 4797
2471: 1361,974
2472: 
2473: 1050,4575
2474: 2517,1259,3243,453,548
4782: 1452,368,1500,557,1044,3863
4247: 2323,3114,1317
4690: 
2478: 977,1284,3460,4640,958,182
2479: 1690
2480: 4634,1245
2481: 4627,1485,4769
2482: 856
3984: 1691,4819
2484: 4734,654,1738,3723,3623
4543: 2693,2445
2486: 277,3956
2487: 3799,3448
2488: 1940,2210,4295
2489: 3840
4456: 2172,2367,262
2491: 923
4754: 3745,1329,2002
2493: 2737,4654,3494
4032: 4705,2403,22,2015,2560
2495: 2098,144,3211
2496: 1925,4798,2523,1649
2497: 4554,1597,4559,2872,2787,2655
2498: 
2499: 
2500: 2914,513,76,1076,2225
2501: 3693
2502: 2909
2503: 4325,1790
2504: 4801,3670,3457
2505: 
2506: 3052,4029,1434,1893
4482: 4184,1789,120
2508: 647,2233,3559,677
2509: 554,2781
4037: 3874,2262,1491,1220
4672: 3344,4143,4816
2512: 1608,1641
2513: 1617,476,1811
4465: 1116,4394,3836,2885
2515: 1334,1659
3949: 
2517: 1259,2474,548
2518: 656,166,2462
2519: 1386,2437,1699
2520: 4213,3723,734,3674,3604
2521: 1467,3305,952
2522: 2269,2424,2766,1126
2523: 3745,1329,1649,1018,407,2496
4406: 2528,4821,4377
2525: 
2526: 2303,4144,3758,2313
2527: 2701,4061,1774
2528: 4524,4406
2529: 2864,1571,1511
2530: 57,4289,3377,1009,1091
2531: 1431,460,1052,3335,4371
2532: 
4130: 4337,4784,968,3263
2534: 
3974: 2017,3979,1886
2536: 2024,2813,4383,2847,4214
2537: 1067,3476,3645,663
2538: 3387
2539: 773
2540: 654,1211
2541: 
2542: 296
2543: 1343,1646,193
3968: 1758,79
2545: 1112,3601,4416
2546: 
2547: 1810,425
2548: 4098,1937,533
2549: 1739,1870,1928
2550: 
2551: 3203,4230
2552: 2678,4713,3055,2785,4312
2553: 4691,2137
4736: 2452,1628,809,1916
2555: 
2556: 634,3424,3901
3983: 2782,3652
2558: 1885,78,3928,4808
2559: 2603
2560: 4544,2403,4032,4377
2561: 816,2642
2562: 263,674
2563: 1577,3775,816
2564: 
2565: 265,3917,2914,2362
2566: 3409,987,1139,4784
4409: 1018,450,3780,422
2568: 965,34,3793
4033: 2677,4804,1041
2570: 900,3988,3550,3690
2571: 511,4030,3334
2572: 1503,3771,3109
2573: 
2574: 2279,3321,255,658,1189
2575: 1473
2576: 1669
2577: 287,4016
2578: 185,2911
2579: 1778,2429,4747,684
2580: 2811,1371,4468
2581: 3379,77
2582: 1006,2198,357,3653,3135
4330: 3628,264
2584: 
2585: 3678,4001
2586: 
2587: 4520,4292,2414,2089
2588: 3807,1080
2589: 3460,958,3960,4388
2590: 1678,872
4437: 1052,2422,2279,973,3335
2592: 2701,4061,4265
2593: 3942
2594: 1916,522
2595: 
2596: 339,2334,1178,1486
2597: 481,4142,4580
2598: 957,469,1074,4319
2599: 1058,221,1588,2298
4015: 1499,373,921
3942: 2593,2780
2602: 4518,237,284
2603: 2559,3962,1179
2604: 532,4162,1547,3878
4486: 1227,1016,2794,290
4686: 3930,933,3349
2607: 891,3873,633,2098
2608: 384,518,3204,1218
2609: 840,229,2104,965,1803
2610: 3724,4371,2696,1101,3650
4042: 4651,1006
4310: 28,2650
2613: 3055,4312
2614: 1801
2615: 3534,2726,3366,1462
2616: 2105,3600
2617: 398,2879
2618: 1231,2816,2750,474,2360
2619: 4802,1078,4638,2013
2620: 2084
2621: 3440,154,4367
2622: 4261
2623: 4360,4755,562
3920: 397
4362: 4216,197
2626: 2775,2239,923
2627: 110,3715
4011: 4083
2629: 424,2125,2711,3619
2630: 935,2931,294,4381,239
2631: 3879,252,4007,4812,1561,1672
2632: 4233,609,1126
2633: 3423,3386
2634: 3373
2635: 4064,3966,92
2636: 4096,3596,1905
2637: 2778,569,913,3833
2638: 3386,4197
4789: 4408,197,789,3381
2640: 1814,1275,4242,3546
2641: 2927
2642: 2561,816
4141: 2702
4657: 718,2746,1139,4784,968
2645: 4650
2646: 3247,3068
2647: 942,1919,419,1622
2648: 4352,3303,1713,1407
2649: 4093,2003,2919,3512
2650: 28,4310,4382,3215
2651: 1590
2652: 3558,3523,2387,1735
2653: 4195
2654: 511,4030,4057,730
2655: 1396,3200,4554,2497,2787,4005
2656: 2260
2657: 4576,1412
2658: 474,2360,3841
2659: 4207,4129,4663,3896,4050
4296: 1701,4768
2661: 
2662: 1457,4436
2663: 4378,2005
2664: 3886,2836
2665: 
2666: 78
4453: 
4502: 4659,4492,190,4151,3976
2669: 4257,1484,36
2670: 729,2456,4270,704,3655
2671: 1027,3123,4716
4206: 1675
2673: 4327,4091,1232
2674: 4083,1521,1514,3044
2675: 1875,2415,1307
2676: 4276,336,733,1168,615
2677: 4033,1176,4384,4804
2678: 4178,2552,1897
4168: 
2680: 3923,2075,2961,4048
2681: 2900,1997
2682: 3226,1725,3024
4349: 3235,3162,954,337
2684: 
2685: 812,1662
2686: 2364,3669,172
2687: 4122,841,414,247
2688: 4598,4417,1949
2689: 3574
4005: 4554,49,2146,3200,2655
4199: 3384,1895,314,444
2692: 375,1162,4641
2693: 4543
2694: 
2695: 1632,1879,2121,2212
2696: 973,3335,1101,2610,4371
4591: 2922,1016,1191
2698: 243,4643,683
2699: 3028,4493
2700: 3061,4794,3772
2701: 2527,4061,2592
2702: 3542,4141,883
2703: 3994,1887
4459: 1688,432
2705: 624,4651,1006,3653
2706: 1127,2359,3414,3737
2707: 1986,1805,873
2708: 4775
2709: 2229
2710: 1111,3614
2711: 438,692,344,424,2629
2712: 2999,2168,4569
2713: 659
2714: 2928
2715: 1198,4655,4440,989,175,1747
2716: 449,870,1313,3288,3277
4709: 3492,1388,4608,3500,18
2718: 2453
2719: 4283,4622,1987,1788
2720: 1381
2721: 1457,1508,416
2722: 4090,1010,514,3306
2723: 1630,1182,3450
2724: 3065,1372,877,832
4329: 450,2301,4322,3780,3639
2726: 3366,4781,2615,3534
2727: 3493,1385
2728: 2261
3954: 
2730: 4343,826,4193,1005,3571
2731: 1205,4770,174
2732: 2399,1835
2733: 
4432: 589
2735: 2895,2744,3631,767
4102: 2117,2146,4258,3530
2737: 2493,3543,3282,3223
4303: 4767
2739: 
2740: 
2741: 2757
2742: 569,913,640,3231
2743: 2469,3625,4818
2744: 2735,3631,3753
4052: 3308
2746: 4657,1448,1223,968
2747: 
2748: 3877,4211,544
2749: 1469,1653,772
2750: 1231,2618,675,474,2423
2751: 3858,2786
2752: 3271,1869,4783,1025,4420
2753: 3756,3259,1742,647,2233
2754: 71,4100
2755: 823,2432,233,8
2756: 2405,3424
2757: 1304,4550,1350,2741
2758: 4183,3349,417
4066: 152
2760: 315,3264,4390,664
2761: 4111,4170,1550,125,820
2762: 4612,4790
2763: 4133
4308: 4490,4424,131,2132,4807
2765: 
2766: 3921,1126,2522
4004: 1401,3713,4746
2768: 889,4028
4797: 4687,2470
4304: 2789,4671,3251,1024
2771: 3698
3935: 2325,1226
2773: 849,984,3697,3296
2774: 4255,3594
2775: 2626,2239,1138,245
2776: 4703,2131,1079,550
2777: 744,972
2778: 2637,555,913
2779: 4812,657,3236,2870,3329
2780: 4340,3942
2781: 2509
2782: 3598,1744,3983
2783: 959,2248,4720
2784: 3504
2785: 4312,2552,1867,2892
2786: 779,2751
2787: 2872,3759,11,2497,2655
2788: 3808
2789: 4304,4671,1024
2790: 4717
2791: 1497,4210,3642
2792: 3166,136,1892,4816
2793: 2431,3226,1725
2794: 3786,290,1762,4486,1016,123
2795: 3888,3280,1974
4382: 1309,941,4794,410,2650
2797: 4249
2798: 539
2799: 864,577,4801,3649,751
2800: 4693,1009,1091
3978: 388
2802: 
2803: 
2804: 4462,1503,1851,2908
2805: 3735
2806: 1239
2807: 4611
2808: 
2809: 4562,506,4403,173,1915
2810: 1621,4078,1777
2811: 2580,2367,1371
2812: 4697,4822
2813: 2536,2024,89,878
2814: 418
2815: 
2816: 1231,2618,3215
2817: 1165,3709,1119,2280
4422: 2984,1037,4364
4498: 4016
2820: 4488,4536,3349,593
3976: 3747,4502,190,4151
2822: 1413,3195,3580
2823: 4766,4207,4129
2824: 4242,3546,2274,3897,1078
2825: 1506,2866
4344: 4624
2827: 1568,2876,963
2828: 644,4172,2218,3490,4670
4294: 4780,3515
2830: 813,2103,516
4533: 850,4780,2281
2832: 
2833: 587,3165,1814,3024
4050: 4129,2659,1967
4020: 1650,2925,4768,2286
2836: 1069,4623,2664
2837: 1258,4683,4566
2838: 4684
2839: 3691,1063,1183,3508
4187: 3800,59,1046
4440: 1198,2715,2298
3989: 2345
2843: 2870,3825,549
2844: 277,3876,64
2845: 171
2846: 4410,2965
2847: 2536,4383,3468,1980
2848: 130,2354,2145
4291: 310
4027: 227,3903,1506
2851: 633,4351,2853,3722,4010,2098
2852: 3180,3552,617,3107
2853: 4351,2851,2125,3619,4010
2854: 160,1298
2855: 4117
2856: 4107,3782,4197,543
2857: 5,1067
2858: 1607,1414,2401,1008,1090
2859: 4201,2264,292,707
2860: 1932,4449,685,4792
2861: 883,3679,3168
2862: 
2863: 3041,2030,251
2864: 2529,4150,1511
3947: 
2866: 3155,2825
2867: 3662
2868: 3986,718
2869: 1749,3510,869
2870: 3236,2843,549,2779,4812,3329
4444: 4788,4158
2872: 2787,3759,111,3727,1597,2497
4725: 2455,244,4589
4820: 3626,3840
2875: 3803
2876: 1568,2827,963
2877: 2304,1108,635,4065,1582
3889: 2247,4001
2879: 4106,2617
4404: 4069
2881: 227,3903,3408,3720
4159: 2955,2028,4209
4240: 3381
2884: 4692
2885: 332,3836,900,4465,4394
4082: 3249
2887: 3343
2888: 1161,3910,1175
2889: 
2890: 2200
2891: 
2892: 1636,2419,2401,2785,4312,1867
2893: 232,4553,1915
2894: 
2895: 2735,767
2896: 4241,3223,4079,4054
2897: 162
2898: 81,3202,278
2899: 3922
2900: 2681,3448
2901: 340,2981
2902: 1159
4490: 4308,4424,131,1629,2995,2021
2904: 3958,1156
2905: 3846,4822,232
2906: 1138
2907: 
2908: 141,4462,2804,4764
2909: 2502,1701
4019: 606,272,3644
2911: 2578,2984
2912: 1796,2300
4025: 
2914: 2500,513,2362,2565,2225
2915: 235,4211,544
2916: 
2917: 1890,1834
4343: 2730,2004,1620,1005
2919: 504,2649
2920: 
2921: 467,4768
2922: 1016,4591,1191,1380,144
2923: 
2924: 3565
2925: 4020,4768,2286
2926: 3175,2086,4795,3037
2927: 2641,790,4078
2928: 4675,2714,3328,1072
4219: 1859,3908,3411,4369
2930: 4581,39,3937,976,158
2931: 2630,4381,1376
2932: 80,3084
2933: 3491,2074
2934: 4332,4135,962
2935: 
2936: 412,3422
2937: 4288
2938: 4808
2939: 703,3664
2940: 3589
2941: 4512,4352,4172,3050
2942: 3425,3363
2943: 
2944: 4060
2945: 
4366: 1650
4576: 1412,2657,2147,1179
2948: 1911
2949: 638
2950: 1953,2060,2247
2951: 
2952: 1770
3895: 1391
2954: 1279,1613
2955: 2426,528,4159,1647,4209
2956: 623,4729
2957: 
2958: 1005,695,3571
2959: 3787,265
2960: 4716,2209
2961: 3287,3923,2680,4048,4823
4367: 3537,2621,154
4713: 2068,916,2552,3055
2964: 2029,2347
2965: 2846,4410,696
4779: 3119
2967: 3704,671
4049: 4457,971,1262,610,3325
2969: 282,3559,4135
4662: 1961,4286
4290: 1635,2283
2972: 
4386: 1253,1369
4046: 1203,4788,620
2975: 
2976: 4791,1242,3504
2977: 
4327: 709,2673,2325
2979: 3613
4275: 
2981: 2901
2982: 407,450,2131
3901: 1208,2556
2984: 4422,1037,2911
2985: 3012,4100,1099,3719
4773: 4063,415,2110,2410,3115
2987: 
2988: 1599
2989: 3341,4345,3377
2990: 1720,4623,3509
4248: 3564
2992: 1453,3137
4460: 3880,3234
2994: 1938,960,4077
2995: 1647,2021,4490,131,1106
2996: 990,1310,2176
4056: 
2998: 1572,2434,3046
2999: 2712,3959,2168
4468: 3033,2580,3744
3001: 4814,4227
4819: 669,3984
3003: 967
3004: 1686,802,2087,2450
3005: 771,4763
3006: 764,3074,4039
3007: 2454
3008: 4739,3029
4651: 2705,624,4042
4504: 
3011: 4807,3233,1742
3012: 2985,4100,71,1099
3013: 2435
3014: 3817,2234
4558: 1168,1375,615,3993
3016: 1084,580,1990,455
3017: 2077,4785,2387
3018: 755,1486
3998: 
4365: 986,3522,3906
3021: 
3022: 
3023: 3132
3024: 1814,2833,3226,2682
3025: 
3026: 
3027: 1787,3834
3028: 2699
3029: 824,3008
3030: 3965,3820
3031: 454,3295
4447: 99,3777,4544,3294
3033: 4468,4485
3034: 2339,746,3510
3035: 345
3036: 2288,4806,1778,4427
3037: 2433,4795,2926,2086
3038: 1884,3792,622,3222
4415: 
4470: 3653,1816,3135,3464
3041: 2863,1265
4795: 3608,3142,3175,2926,3464,4547,3037
3043: 
3044: 2674,1514
4679: 4079,3338,4792,4722
3046: 2434,3721,2998
3047: 3882,1905,4182
3048: 2113,2443,1430,498,1570
4594: 
3050: 4578,4512,2941,4172
3051: 1900,4549,1254
3052: 2506,1434,1190
3053: 
3054: 527,3139,695,271
3055: 2613,4713,2552
3056: 
3057: 309,4392,2176
3058: 2326
4007: 3879,2631,4812,1817,1561
3930: 4183,4686,933,3349,1479,1376
3061: 2700,617,4794,3254
3062: 667,2089,1497
3063: 470
4683: 1258,2837
3065: 2724
3884: 1152,932,130,4597,3831,3453
3067: 2092,256
3068: 1891,1949,2646
3069: 584,1989,1616,1712,943,2127
3070: 3991
3071: 1840,3395
3072: 3274,1102
3073: 4747,1219,2429,3145
3074: 3006
3075: 
3076: 
3077: 3364,4812,897
3078: 3427
3079: 20,4384,4804
3080: 2413
3081: 445,1900,3458,1994
4589: 3102,4725
4790: 2762
3084: 2932
3085: 1711,4239,1855
4161: 421,198,3497,4451
4551: 977,4256,1969,182
3088: 1425,3768
4618: 1699,4208,389
3090: 
4112: 4118,77
4527: 1502,1533,1291,73
3093: 
3094: 1538,1590,4803,3495
3095: 569,3231,3957,1328
3096: 
4255: 1264,2774
4487: 2406
3099: 3943
3100: 1545,1795,3540,4606,115
3101: 2161,4088
3102: 4589,4655,884
3103: 2227
3104: 
3105: 568,752,3420
4694: 3440,881,3396
3107: 4763,2852
3108: 2127,1739,4055,942
3109: 1474,4700,3771,1503,2572,1083
4340: 2780,1286
3111: 1419
3112: 2437,612
3113: 
3114: 2323,4247
3115: 4773,2110,1757
3116: 4139
3117: 
4775: 3773,763,1689,2708
3119: 4779,2194
3120: 3795,4408
3121: 
3122: 1488,3741
3123: 3874,2262,2671,4716,4181
3124: 4285
3125: 4212,1289,3357
4149: 4226,1850,1870,4559
3127: 2159,406
3128: 
3129: 1159
4501: 1535
3131: 1061,355
3132: 3023,3442
3133: 3995,1338
3988: 2570,3690,4642
3135: 4470,357,2582
4405: 23
3137: 3207,2992,3606,3361
3138: 729,68,2456,1704,3706
3139: 3054,527,701
3140: 1133,1409,3486
3141: 609
3142: 3350,4103,4795
3143: 3563,440,4315
3144: 3341,4345,687,387,500,102
3145: 2429,1148,4747,3073
3146: 1521,4752
3147: 2054
3148: 1525
3149: 606,1975
3150: 4714,1815,1037
3151: 
3152: 3159
3153: 216,2100,1031
3154: 4140,2117,4258,1904
3155: 2866,723
3156: 1116,4762,1566
3157: 
3158: 3358,26,4518
3159: 3219,3152
3160: 4346,2307
3161: 
3162: 4500,4060,954,4413,337,4349
3163: 2330
3164: 1341,4121,3267,3691
3165: 1100,2833,1814,1275
3166: 2792,4816
3167: 1618
3168: 3679,2861
3169: 887,4140,4574,1767,1904
3170: 4793
4309: 2250,756,1398,321
3172: 4785,895,1304
3173: 785,2073,66,3307,576
3174: 1303
3175: 2926,2086,3547,4795,4693
3176: 4230
3943: 1857,3099
4321: 
4265: 3410,2592,4061
3180: 2852
3181: 3807,1080,4642
3182: 893,3833,710,2126
3183: 3498,1625
3184: 2338
3185: 404,704,89,840
4731: 
3187: 1666,392,322
3188: 3674,1840,3604
3189: 1667
3190: 4417
4480: 3522,2107
3192: 815,1332,3481,4711
4136: 
3194: 
3195: 2175,2822,3580
4512: 2941,3860,3050
3887: 1621,1777,236,919,4739
4746: 3392,4004,84
3199: 888,3801,4064,2203
3200: 1396,2655,4005
3201: 936,4625,1501,153,1499,708
3202: 3577,2898
3203: 2551,590
3204: 876,1218,384,2608,4074
3205: 3796,4325
3206: 289
3207: 3137,4039
3208: 3504,2074
3209: 1528,3839
4064: 2635,3199
3211: 1119,3714,2495,3873
3212: 1449,1799,646
3213: 
4632: 906,4014
3215: 4794,941,2650,2816
3216: 
3217: 902,1450,3776,4583
3218: 847
3219: 3159
3220: 1173,3542,4767,4393
3221: 
3222: 3776,2061,622,3038,1884
3223: 4241,4802,3282,2737,2896
3224: 
4239: 3085
3226: 2682,1725,3024,2793
3227: 2175,2259
4605: 317,576,3408,1844,3720
4351: 633,2851,2853,904,1086
4583: 1713,3217,902
3231: 1990,640,569,2742,3095
3232: 292,3658,4439
3233: 3480,3011,1742
3234: 1270,4460
3235: 4349,337,717,4176
3236: 2870,4491,2779,4812,657
3237: 1650
3238: 2341,2188
4768: 2286,2925,4020,2921,1671,4296
3240: 1711,1059
3241: 1920,4764,141
4684: 2838
3243: 1784,3342,2474
3244: 2051,2304,986
3245: 1077,3919,1556,1296
3246: 2247
3247: 2646,1592
3248: 
3249: 4082
3250: 1960,3273
3251: 206,152,1024,4304
3252: 4333,2439,2167,701,1215,4095
4737: 4417
3254: 4794,4009,875,3061
4184: 4482,1169,1114
3256: 
3257: 4356,341
4682: 795,4180,3552
3259: 3756,2753,1742,1958,2318
3260: 
4615: 3972,2151,1370
4475: 1213,3765,699
3263: 4784,4130,795,1679
3264: 2760,4390,664
4477: 3502
4638: 2263,1585,3850,2619,1078,2013
3267: 1063,4125,3355,3164
3268: 583,475
3269: 62,4519
3270: 
3271: 1869,2752,4075,85,4783,163
4211: 2748,544,235,2915
3273: 3250,1294
3274: 3072
3275: 538,4664
3276: 3622
3277: 3288,2716
3278: 2450,3583,1150
3279: 2237,3902
3280: 433,1974,2795
3281: 575,1766
3282: 3543,886,4802,3223,2737
4523: 790,2268
3933: 2046
3924: 105,3705
3286: 2345,4510,3568
3287: 2961,4823
3288: 3277,1313,2716
4732: 2176,309,4311
3290: 3470,4238,915,282
3291: 
3292: 1627
3293: 804
3294: 4544,4447
3295: 3031
3296: 738,801,2773,984
3297: 4358
3298: 1307
3299: 444,1170
4325: 2503,3205,1790
4128: 3468,857,4383,484,1001
4055: 942,1919,3108,1739
3303: 2648,1713
3304: 
3305: 1467,2521
3306: 1010,2722
3307: 66,540,3173,1844
3308: 963,4052
3309: 
4238: 1985,915,3290
3311: 
3312: 3509
3313: 3332,993
4448: 2169
3315: 532
3316: 3908,4253,270,1570
4103: 4363,4119,3142,3608
3986: 3719,2868
3319: 3652,719,3415
4281: 
3321: 2574,2279,255,2422
3322: 4491
3323: 4030,1425
4783: 4075,223,85,2102,3271,1869,2752,1025,4420,1361,2471
3325: 2028,3816,971,4049
3326: 4520,4292,4553,1798
3327: 234
3328: 1072,2928,4229
3329: 1536,2870,2779,4812
3330: 1250
3993: 4253,4558,4369
3332: 3313
3333: 4557
3334: 1520,2571,511
3335: 973,2696,4437,1052,2531,4371
3336: 3839,214,1862,4388,1423
3337: 3888,433,1974,224
3338: 4679,519
3918: 929,1330,985
4407: 1124
3341: 2989,4345,3144,102
3342: 3518,143,393,1784,3243
3343: 1763,2177,2887,1073
3344: 4672,1892,4143,4816
3345: 
3346: 1963
3347: 380,3881,3623
3348: 966,3376,1509
3349: 4183,4686,3930,933,2820,4488,2758
3350: 3547,3142,4823
3351: 1806,4660,953
3352: 4730
3353: 1288,4228,927
3354: 102,912,65,3505,827,1686
3355: 4121,4252,2206,3267
3356: 
3357: 597,3125,4212
3358: 3158,26,1880
4095: 1638,2167,4634,4333,3252
3896: 4663,1685,2659,1260
3361: 3606,526,3137
3362: 3999
3363: 2284,2942,3425
3364: 1672,3077,3443
3365: 3744,4744,376
3366: 2726,2615,3681
3367: 4402,4058
3368: 3946
3369: 1802
4178: 2678,1897,1327,930
3371: 
3372: 3959,1246,165
3373: 2634
3374: 573
4111: 4170,2761,4076,2250
3376: 3348,1509,93
3377: 4223,2530,1009,2989
3378: 
3379: 2581,3759,2178
3380: 95
3381: 4240,4789,789
4368: 1167,2260
3383: 3491
3384: 1895,4199
3385: 
3386: 2638,3423,2633
3387: 2366,2538
3388: 1047,1214,130,2354,932
3389: 3626
3390: 1426
4198: 573,1575
3392: 4746,1401
3393: 2171
4143: 560,3344,4672,1892
3395: 3071,3487,1397,1377
3396: 881,4694
3397: 
3398: 720,2066
3399: 979,1445,2336
3400: 4507
3401: 1977,1507,1804
4524: 22,2528,3715,4455
4047: 634,3424,1225,1505,1121
3404: 1459,479
3405: 738,1651
4439: 3232,3658
4681: 4262
3408: 1844,3720,4605,2881
3409: 2566,987,4784
3410: 286,1774,4265,4061
3411: 2181,3908,1859,4219
3412: 4659,190,3811,1842,3475
4763: 3107,3772,771,3005,1144,3630,437,4801,3670
3414: 712,1022,1405,2706
3415: 719,1315,3319
3416: 3969,4811,651
3417: 329
3418: 3698,84
3419: 4506,2002,3523
3420: 752,1888,1377,568,3105
3421: 1936
3422: 872,2936,3673
3423: 2633,3386
3424: 634,2556,4047,2756
3425: 2942,3363
3426: 
3427: 3078
3428: 1891,4598,1917,4385
3429: 3466
3430: 395,285,2394
4285: 4041,3124,4534
4567: 1207,3975,865
3433: 1922,1631
3434: 1002
3435: 
4462: 2804,517,2908,4621,4764
4728: 153,3893,1029,373
3911: 
3928: 78,2558,4808
3440: 2621,4694
3441: 4631
3442: 4124,134,3132
3443: 1672,3364,252,1804
4804: 2216,2677,4033,4384,3079,20,1041,3471
3445: 1434,1190,1854
4226: 4149,1850,4258
3447: 2246,1633,3859,2109
3448: 2487,2900
4101: 1515,1896,956,948
3450: 3731,1182,2723,412
3451: 4586,4450,3571,1668
3452: 684,4654,3494
3453: 3831,1152,3884
3454: 2307,406
3455: 
3456: 
3457: 2184,4801,2504
3458: 1695,1265,1994,445,3081
3459: 
3460: 2589,1423,4640,958,4388,2478
3461: 
4774: 4808,181
3463: 2273
3464: 4547,4795,1816,4470,4138
4716: 2960,2671,3123,4181
3466: 3429,749
3467: 691
3468: 2378,4128,1980,4383,2847,1001
3469: 
3470: 3290,2233
3471: 1041,4804,2216
3472: 949
4506: 3419,2002,1649,1973,1260
3474: 
3475: 3811,4659,3412
3476: 1067,2537,1196
3477: 2278
4777: 
3479: 82
3480: 3233
3481: 1332,3192,4711,4508
3482: 1317
4803: 3094,1538,1758
4353: 4299
4628: 635,4636,4065,3921,3561
3486: 3140,872,1678
3487: 911,1604,3395,1397
3488: 3844,2104,229
3489: 1627
3490: 523,1407,4670,2828
3491: 2933,3383
3492: 1388,4709,1322,3584,3500
3493: 2727,1385,3516
3494: 426,4054,2493,3452
3495: 2010,1590,3094,1529
4514: 1692,1149
3497: 4750,4691,4161
3498: 3183
3499: 365,1136,1346
3500: 3760,3492,4709
4118: 4762,4112,2129,3854,77
3502: 4477
3503: 1206,8
3504: 3208,2976,1242,2784
3505: 827,3354,1686
4189: 4563
4277: 3633,3770,740
3508: 4573,2839
3509: 3312,2990
3510: 3034,1749,2869
3511: 3800,540
3512: 1859,2649
3513: 2350,1970
3514: 1654,3519,413
3515: 4294,4780
3516: 4458,3493
3517: 
3518: 3342
3519: 413,318,3514
4138: 2043,387,1816,3464,4547,1791
4016: 4498,2577
3522: 4480,4365,3906,2107
3523: 2652,3419,937
3524: 1200,333,346
4642: 447,3690,3181,3988
3526: 3572,1663
3527: 956,1794,380,668
3528: 4137,2388,1271
3529: 4535,1628
3530: 1319,2117,4102,1904
4212: 3125,597,3357
3532: 2071,1006,2198
3533: 624
3534: 2615,4781,4132,2726
3535: 1280
3536: 986,829
3537: 1963,154,4367
4601: 1106,1958,131,4807
4434: 4574,177,681
3540: 3100
3541: 976,158,1578
3542: 3220,4767,4393,2702
3543: 3282,1148,2737
3544: 3815,4822,2324,4532
3545: 1495,1267,1249,4073
3546: 4242,2824,2640,886
3547: 3350,4003,4823,3175
3548: 4126,286
4345: 2989,3341,3144,387
3550: 2570,3690,263,1123
4599: 1212,879,1546
3552: 617,4682,2852
3553: 1999,1090,1607
3554: 287
3555: 
3556: 1181,1012,1336,1841,1201,2044
3557: 4766
3558: 2652,4403
3559: 282,2969,2508,677
4546: 
3561: 3921,4628
3562: 1880
3563: 3143,440
3564: 4248
3565: 2924,3967
3566: 138,4767,1173
3567: 1874,3830,255
3568: 4510,3286,3743
3569: 3731,1182
3570: 1645
3571: 1005,2958,2730,3451
3572: 3526
3573: 2099,2012
3574: 379,2689
3575: 4692
3576: 
3577: 2266,3202
3578: 2372,4297
4089: 3600,3731,1581,2105
3580: 3195,2822
4320: 2368
3582: 4399,3855,727
3583: 3278,2450,912,65
3584: 1704,3492,1388,3706
3585: 
3586: 3892,10
3587: 
3588: 1765,3894
3589: 625,2940
4051: 3618,4798,4663,1685
3906: 2107,4365,3522
4336: 312,2382
3593: 4772,435
3594: 2774
3595: 903,4603,364,4585
3596: 3671,4096,2636
3597: 
3598: 2782,1717,4485,1744
3599: 138,2205,4767,3997
3600: 4089,3731,2105,2616
3601: 2545,4416,1080
3602: 980
3603: 824,4254
3604: 40,3674,3188,2520
3605: 4461
3606: 526,3361,3137
3607: 4580,2256,1424,1458
3608: 4795,4103,4119
4116: 1076,1026,788
3610: 3639,1218
3611: 612,2151,1164
3612: 3715,726
3613: 2979,4525
3614: 1111,2710
3615: 636
3616: 
3617: 
3618: 2370,1419,4051,3938,4798
3619: 4815,2629,2853
4582: 172,2364,3948
3621: 
3622: 613,3276
3623: 3723,4734,2484,3347
3624: 497
3625: 2743,1431,4818
3626: 4820,3389
3627: 1976,4806
3628: 4330,306
4549: 1626,3051,1236,1254
3630: 437,210,4763,3670,1363
3631: 2735,2744,906,4014,767
3632: 1565
3633: 4277,3770,4811,651
3634: 1692,1759,4262
4315: 184,2402,3143
4822: 4697,3544,2812,4532,2905,3846,4817
3637: 4780,3982,4443
3638: 
3639: 3610,4329,3780
3640: 1906,915,461,2189,927
3641: 667,2089,739,4292,3980
3642: 2791,4210
3643: 452
3644: 4019
3645: 127,3979,1067,2537
3646: 3786,1058
3647: 1798,739,2404,2139
3648: 4205,721
3649: 2799,577,751
3650: 1101,2610,3724,1824
4000: 1584
3652: 3319,719,3983
3653: 1816,4470,2582,2705,1791
4416: 2545,3601
3655: 3842,2670
3656: 
4262: 4681,3634
3658: 3232,4439,1556
3659: 1567,4758,2420,1268
3660: 1155,398
3661: 
3662: 700,3694,2867
3663: 4711,1914
3664: 2939,703
3665: 1900,1254
3666: 2240
4695: 1369,2337
3668: 2160
3669: 2460,331,2686
3670: 4801,2504,4763,3630
3671: 3596,1655
3672: 
3673: 3422
3674: 3723,734,3188,2520,3604
4757: 1707
4379: 
3677: 1405,491,4758,964,712
3678: 4001,2585
3679: 59,883,2861,3168
4096: 2636,4708,316,3596
3681: 1462,3366
3682: 1113,4110,33,916
3952: 1724
3684: 4653,4411
4270: 404,704,2456,2670,726
3686: 1142
3687: 4481,1082,1,305
3688: 4664,778
4010: 3722,1380,2125,2851,2853
3690: 4642,2570,3988,3550
3691: 2839,3164
4137: 3528,2276
3693: 2501
3694: 1447,3662
4619: 257,384,1882,2047
3696: 4197
3697: 3819,4735,298,2773
3698: 3418,2033,1871,2771
3699: 740
3700: 1863
3701: 88,533,4352
3702: 4359,161,987,4180
3703: 
3704: 2967,3
3705: 4108,3924
3706: 1388,4608,1704,3584,3138,729,1541
3707: 4592,792
3708: 2468,2243,4813
3709: 2817
3710: 4769,1629,1931
3711: 1447
3712: 1178,1785,755,653
3713: 4004
3714: 1588,1119,3211,221,456
3715: 110,4455,3612,2627,4524
3716: 1823,54
3717: 1702,1339
4450: 911,2350,826,3451,4586
3719: 3986,2985,25
3720: 3408,317,4605,2881,3903
3721: 2434,3046
3722: 4010,1380,2851,2098
3723: 3623,734,3674,2484,2520
3724: 2610,3650,4563
3725: 601,543
3726: 4760
3727: 4086,4229,111,2872,3759,2178
4387: 1244
3729: 1202,2173
3730: 
3731: 3569,1182,3450,1581,4089,3600
3732: 449,870
3733: 1464,2053,902
3734: 962,1207,3975
3735: 2805
3736: 1825
3737: 71,2706
4394: 4465,2885,1566,3775,4680
3739: 
3740: 1335,395,1110
3741: 1488,3122,764,3925
3742: 1535,1213
3743: 4442,3568
3744: 3365,4744,4468
3745: 1329,2523,1018,4754
3746: 3987
3747: 3976,4151
3748: 70
3749: 453,1944,4748
3750: 68
3751: 1174,4685,2306
3752: 4127,2425
3753: 2744
4151: 4502,3976,3747
4183: 3930,3349,1479,2758
3756: 2753,3259,647,818,2318
3757: 105
3758: 874,4144,2526
3759: 2872,2787,11,2178,3727,3379
3760: 1732,1090,1322,3500
3761: 4494,150,1373
3908: 4253,3316,3411,4219
3763: 1569
3764: 
3765: 4475,1213
4254: 3603
3767: 3944,1787
3768: 2191,1425,3088
4727: 1877
3770: 3633,4277
3771: 4700,2572,3109
3772: 4763,2700,437
3773: 1807,4775
4821: 4377,4406
3775: 1577,2563,4680,4394
3776: 2061,3222,295,1450,3217
3777: 1715,4447,2313
3778: 
3779: 
3780: 450,4329,3639,4409
3781: 4339,278
3782: 4197,2856
4173: 2067,1882,1382,769
4086: 3727,4229,1394,111,2178
3785: 3923,958,265
3786: 2794,1762,865,3646
3787: 2959,2225,4363
4537: 946
3789: 
4798: 1925,2496,550,4703,3618,2370,4051,1649,4663,1973,1685
4483: 4358,4175
3792: 3038,1569
3793: 4142,2568,34,2213
3794: 1510
3795: 3120
3796: 3205
3797: 4204
4445: 476,2037,1811,2469
3799: 1681,2487
3800: 3511,4187,486
3801: 3199,888,3814
3802: 2260
3803: 2875
4088: 3101
3959: 3372,165,2168,2999
3806: 3846,274,4817
3807: 1080,2588,1770,3181
3808: 2788
4714: 1815,3150
3810: 300,464
3811: 801,664,1842,3475,3412
3880: 4460,2214,1270
3813: 
3814: 3801,2351
3815: 2337,3544,4617
3816: 3325,2028,971
3817: 3014,2234
3818: 3960,940,1243,3917
3819: 4735,3697,1228,664
3820: 3965,3030
3821: 419,1948
4091: 4624,207,1838,2673,1232
4544: 3294,2560,4447
3824: 4641,2066
3825: 1339,1702,1150,2843
3826: 1940,1392
3827: 421,4534
4338: 
3829: 1542,2254
3830: 3567,1874,4093
3831: 1152,3884,3453
3832: 4569,878,3842
3833: 893,1563,3182,2637
3834: 3027,35
3835: 1057
3836: 900,1123,4465,2885
3837: 
3838: 1397,1377,246,568,711
3839: 3336,214,58,3209
3840: 2489,4820
3841: 2658
3842: 89,3655,3832
3843: 
3844: 3488,404,229
4268: 
3846: 2905,3806,4822,232
3847: 2184,1487,1185
4108: 3705
3849: 3940,2416,2062
3850: 4638,4557,2013
4545: 3944
4413: 337,520,4500,1698,3162
3853: 
3854: 2129,4118,438
3855: 239,4399,3582
4424: 4308,4490,1642,2132
3857: 
3858: 2032,2751,2296
3859: 1070,2109,777,3447
3860: 4512
4371: 2610,2531,2696,3335
4637: 3979,663
3863: 441,4782,368,587,807
4724: 238
3865: 
3866: 
3867: 
3868: 
3869: 531,4094,985