0: 379,3393,1424,460,4688
1: 2608,1212,2439,1118,2368
4450: 2608,2439,4476
4812: 3541,1877,2875
4: 
5: 1326,2526,643,2962,561
6: 4470,957,3839
4620: 4599,1761
8: 1542,1831,999,3240
9: 4548,3754,3667,3979,586
10: 3318,772,784
11: 4368,1870
12: 846,2493,4704,2579,817
4264: 3593,4061,3166,691
4608: 1937,3897,919,927
15: 4421
16: 514
17: 4792,4234,4047,943,1555
18: 3201,1072,3775
19: 3060
20: 3657,4643,121,77
21: 2785,615,270
22: 1377,3139,3451
23: 1559,1734,4622,4778,1101
24: 2879,1085
25: 4609,2987,1079
26: 3438,2056,3142,2062,2078,491,1419
27: 374,3692
28: 2084,1334
29: 669,3953
30: 
31: 749,4300,2461
32: 543,780,201,1464,1617,1782
33: 4416,1396,2629,2559,1919,1860,3169
34: 3355,4323
35: 70
36: 4291,296,2856,990
37: 2546
38: 156,2110
39: 1939,4606,2252,3064
40: 3451,375,3487
41: 227,2866,1769,2241,1661,1010
42: 1557,1565,2694
4669: 3526,4671,1071,1109,522
44: 
45: 2463,1672
46: 87
47: 426,3914
48: 1609,2410,3716
49: 4571,2157,2640,3779
50: 3097,3610,599,378,2258
4776: 572,2890,1617
52: 3447,3870,3531,3011,2076
53: 2128,3434
54: 749,4093,4407
4306: 3153,1031,3607,4263
56: 886,1681
57: 170,1265
58: 1302,1288,3408,3623,727
59: 1065,1914,2383
60: 4168
4539: 2587,2378,1092,4344,257
62: 1204,1610,444,809
63: 3186,3061,2852,3986
4228: 3706,4343,4252,4165,2140,2627
65: 1419,3571,2056,1441,2926
66: 528,663,586
67: 2960,4260,4798
4304: 1894,4687,2030
69: 3128
70: 35
71: 3532,2680,2342
72: 4348,2795,4701
73: 
74: 2638,1700
75: 
76: 3751,469,1461,3493,3458
77: 2981,20,878,2613
78: 2393,653,4372
79: 2649,209,3701
80: 
4367: 
82: 858,2083,4295
83: 
84: 413,1509
85: 550,2776,2215,4663
86: 1294,983,2045,1773
87: 46
88: 2739,222,327,3498,4237
89: 1874,3750,3836,428
90: 3340,3293,1725
4821: 2602,899,3557
4616: 989,891,2549,2126,3795,4198
93: 
94: 
95: 3134
96: 4353
97: 2122
98: 1175,3617,3366
99: 2140,1165,4536,2627,1459
100: 4222,4218
101: 809,4780,2415,1120
102: 1461,1463,2886
103: 2366,2963,4197,3627
104: 501
105: 
106: 1626
107: 1855,4239,1607,1867
4768: 2250,543,780
109: 
110: 1600,3771,1706
111: 3958,1216,2021
112: 
113: 3269
114: 3529
115: 
4662: 4106,1602,328,695
117: 4315,4168,3529
118: 3629,2260
119: 3784,4210
120: 449,1630,3998,2067
121: 4643,1558,3044,3657,20
122: 
4455: 4057,127,157,2477
124: 4381,2864,3754
125: 2284,4063,1533,854,1782
126: 4808,2827,3214
127: 4455,791,1448,157
128: 
129: 
130: 1903
131: 652,4557,319,3333
132: 3573,3061,2852,598,4259
133: 1822,2088,2511
134: 451,1067,1215,2480,956
4665: 2480
136: 2743,1829
137: 
4325: 3631,2914
4198: 1174,390,4616,3795,317
140: 1786,4807
141: 4041,4158,2099,1896,3030
142: 3937
143: 3867,710,1002,3744
144: 2478,2510,3556,1879
145: 2954,2457,2992
4802: 1902,1081,1621,3662,3165
147: 4743
148: 
4787: 522,339,3708
150: 2878,380,1091,3453
4301: 
152: 1205,4595,3037
153: 939,1241,3287,871
4449: 903,4054,1370
155: 1985,1485,2224
156: 3417,2719,38,2657,1757
157: 2477,640,4455,127,2015,4010
4191: 324,2194
4482: 2947,1809,2163,744
4429: 4791,1115
161: 1998,2145,1933,3377,3825
162: 3927
4614: 
164: 3332,4813
165: 2659,2847,3836,4785
4272: 3451,3178,3487,3198
167: 4125,1063,4213,3582
168: 272,1392,4634,4463
169: 1749,262
170: 57,2495
171: 2412,1797,3564
172: 1155
173: 832,2508,3488,921,1732
174: 3322,2584
175: 1354,1493,1762,1943
4798: 356,4777,4260,67,2023
4715: 1755
178: 3366,3155,3704
179: 1408,4673,495
4534: 3510,904,3801,888,4100,818
181: 
4360: 711,4733,4573
183: 3009,4337,4284,3917
4286: 2534,4529,3820
185: 3638
186: 3535
187: 2379,4441,4764
188: 1721,756,1587,2819,1324
189: 2277
190: 1493
191: 318,3984,3765
192: 4612,1446
193: 3712,1249
194: 
195: 
196: 1055
197: 3421
198: 4640,4623,711
199: 203,3954,1787,1115
4558: 2451,4154,1687,4330
201: 32,543,4650,1464,2892
4337: 3009,3310,183
203: 3364,558,199
204: 3790,4577,648,2608,838,2368
205: 4296,4810,369,2156,1678,3213
206: 
4706: 
208: 
209: 4583,3701,79,2633
210: 1851,4391,4801,3005,1457
4753: 2141,2575
212: 2722,3915,3388,3586,1152
213: 3178,1973,510,504
214: 3758,2266,1106
215: 3769,2298,3910
216: 2814,3743
217: 2981,3289,1662,436,622
218: 3858,1384,1188,1064
219: 4241,3470,4737
220: 2661,3125
221: 297,3827
222: 2739,88,2007,2824,327
223: 
224: 3925,2001,4797,776,1741
225: 1187,4765,1564
4485: 1791,3922,1781
227: 41,2866,1010,953
228: 2900,3392,2409,2094,901
229: 766,3083,4102,4303
230: 649,2737,4208,570
231: 
232: 4822,2355,1369,770,4029
233: 3074,4273,2774
4394: 4618,4806,704,1778,3575,1325
235: 2303,912,746,4223
236: 2548,2798
237: 892,4293,1853
238: 2733
4236: 3568,2304,4460
240: 261
4499: 620,1211,1465,1637
242: 1509,4075
243: 623
244: 2817,3746,3612,3977,1289,1539,456
245: 2637,3098,1065
246: 3465,4207,747,3734
247: 1849,461,424,2431,4554
248: 1901,2152
249: 
250: 347,4345
251: 3963,1214
252: 875,1082,1905
253: 
254: 326,1510,4230,3856
255: 3936,4129,3358,3849
4469: 1516,2318,1651,1109
257: 1092,4582,4539
258: 3860,1587,1724,1859,3650
259: 4702,2665
260: 2404,512,1697
261: 240,4594
262: 2385,4632,169,1749
263: 2828,4428,1395,3331,3035
4484: 4694
4292: 2139,1768
266: 287,1156,4736,2628,1904
4586: 2500,1476
268: 1875,2778,2795
4184: 616,1317,2976
270: 4459,2391,2785,21
4684: 3226,799
272: 4496,168,1975,4463,4210
273: 4277,2767,1440,1050
274: 822
275: 
4207: 588,2560,3785,670,246
277: 3279,4011,2874
278: 4772,2100,1550,1145,2885
279: 4192,4731,2457,2663
280: 875,1082,366,3232,4723,654,987
281: 1140,1221
282: 2101,3328,4147,1380
283: 737,2289
284: 2342,1992
285: 740,3064,3624
4637: 956,1067,1513
287: 1156,266
4355: 1469,549,4203,1351
289: 3690,4783,3886,4580,309
290: 2794,3253,3011,3531,2224
291: 
292: 3571,1032
293: 2389,4098,2317,830
294: 297,3480,2563,4002
295: 3742,1847
296: 3605,36,2856,342,4740
297: 3480,294,221,1198,3827
298: 584,1597,1471,1343
299: 1676,4718
4680: 2603,3759,1450
301: 2802,4380
302: 3517
303: 2553,2321,1598
304: 2102,2024,1168,1145,3619
305: 1498
306: 
307: 1406,1879,4682,451,1215
308: 3712,3154
309: 4580,2287,3690,289,2860
310: 3425,1068,4115,612
4523: 
312: 1177
4279: 2782,2030,2606
314: 3454,335,4789,4443
4811: 599,378,4214,1226,1162
4507: 
317: 2212,865,3795,4198,1174
318: 191,3984,3303,3620
319: 4416,2629,131,4557
320: 472
321: 1730,3312,978,1981
322: 4235,3069,4434,3997,3456,3167
323: 3611,762,683
324: 4191,2194
325: 4822,2355
326: 1249,1510,254,4342
327: 3498,1221,807,222,88
328: 2748,1498,4662
329: 4819,4054,1137,4762,2039
4324: 735
331: 3604,2602,3106
332: 4121,3584,3292,3418,2207,4311
333: 788,453,437
334: 422,2839,2374
335: 3454,314,4513
4652: 553,1500,4598
337: 4767,2341,3537
338: 699,1941,4121,3292
339: 522,4787,2318
340: 2603,424
341: 2097,346,2095
342: 1730,4740,296,2856,4732,978
343: 2801,3206
344: 730,896,1134,433,4209
345: 4376,4464
346: 1861,2841,341
347: 250,4345
348: 4233,3913,1611
349: 2306,3497,843,4316,2118
350: 391,1139
351: 3317
352: 2120,2956
353: 1911
4564: 564,2256,1721,756,2677
355: 3719,4042,3645,1076
356: 4798,4777
357: 3583,3268,3438,4451,3877,1503
358: 2329,2115,3592
359: 1830,4122
4682: 1879,307,3556,4691,1215
361: 
362: 2718
4202: 
4597: 1669,3864
365: 3315,1788,3138,939,2212,3325
366: 1082,280,987,1545
367: 2259
368: 1589,3601
369: 2156,4296,205,4810
370: 
371: 2472
372: 3582,2597
373: 816,459,2664,4079,2280
374: 27
375: 510,1649,40,3487,1973
376: 938,2462,3342
377: 2713
378: 599,4811,1162,50,2258
379: 0,4688,2797
380: 1091,2137,150,1998,2145,3453
381: 3838,3826,2784,2210,1792
382: 
383: 1912,2143
384: 4019,2373,4621,3916
4194: 2077,3234,1382,2325
4294: 4262
387: 1494,4398,4003
388: 
389: 
390: 4198,1174,4589
391: 350,3446,2414
392: 4221,3609,3756
393: 637
394: 
395: 4007,3205
396: 986,4365,3522
4398: 1494,387,4003,3144
398: 3188
4568: 1554,604,2014
4195: 831,906
4741: 4143,468
402: 1028,3870,3531,3855,905
403: 4445,1967,1882,4609
404: 622,4486,3289,3988,1180
405: 
406: 1573,2295
407: 3558,1005
408: 2514,1192,1087,883
409: 879
410: 4653,991,2564,2893,743,3063
411: 2351,1184,1134,4524,4209
4623: 198,4640,711,4733
413: 84,3548,3933
414: 2190
415: 2072,3910,1720
416: 1731,535,3702
4464: 4386,3393,1424,345
418: 
419: 2903,2646,1112,2313,2287
420: 938,2782,3342
421: 1136,1475,1059,576,3328
422: 334,2839,2918,4371
423: 4315
424: 1704,340,247,461,4554
425: 
426: 3914,3129,47
427: 4727,3409,1567
428: 3806,3836,3198,89
429: 2391,2785,3471,1034
430: 744,3660
431: 4376,4123
432: 1160,2895,1348,1206
433: 1712,344,3042,580
4205: 
435: 3738
436: 3793,2068,2613,217,622
437: 687,333,4775,4310
438: 4282,1378
439: 1745
440: 3920,3137,3720
441: 4658,963
442: 4541,3876,2158
443: 1908,2278,3656
444: 1307,4780,62,1610
445: 1580
446: 729,3685,2401,3964,3844
447: 498,705,1627,4078
448: 763,3270
449: 120,992,1630,3628,1697
450: 3980
451: 1067,1215,134,2480,307,1604
452: 
453: 1991,4203,333
454: 4099,480,1710
455: 3788,3273,1767,2390,4724,3727
456: 1289,1539,244,3746,1993,4626
457: 4022,1744,4664
458: 3304
459: 816,373,1072,4079
460: 4688,1424,0
461: 247,424,4028
4396: 
463: 1436,2001,4781,1315
464: 2601,1300,1542
465: 4346,3943
466: 1873,4440,2066,4095,2488
4271: 
468: 2372,4741
469: 3751,76,3458
470: 3327
471: 1015,1912,2592
472: 320,3861
473: 679,2985,953,1302
474: 2086,4727
475: 2215,4174,2533,2776
476: 4061,4407,749,4300
4234: 3161,4792,17,685
4487: 4179
479: 4142,2918,3674,1968,1008
480: 4099,454
481: 2873,4081
482: 2209,2602
483: 996,2445
484: 2327,3636,1980
485: 
486: 1271,3437
487: 736
4719: 4769,1810,2183
4699: 3060,3389
490: 3162,2226,1815,1805,3920
491: 1316,2078,1513,2062,1419,26
492: 2245,1266,3163
493: 2961,1376,4038
494: 2714,3792
495: 179,3439
496: 1473,1586,4592
497: 2991,2815
498: 705,447,3823,4078
4348: 72,2583
500: 2650,844,675
501: 104
502: 1197,1303,3004
503: 2597,2540,3297
504: 4628,510,213,1973
4619: 3723,1583
506: 583,3349,2915,1263,3675
507: 632,1608,1228,3085,2311
508: 3401,3216,4700,2252,976
509: 
510: 375,1649,213,1973,504,2736
4387: 3367
512: 4754,2404,260
513: 4685,863,3002,548
514: 16,2537
515: 4575,4419,1689
516: 3413,4241
517: 3975,2496
518: 1685,701
519: 4435,4661,3501
520: 
521: 3377,4629
522: 4787,339,3526,4669
523: 3799,1533
524: 1409
525: 1371
526: 1628
527: 4166
528: 785,66,1341,3173
529: 1715,1881
530: 2858,1431,1650,936
531: 2596,2595,4094,3045,2309
532: 1049,963,2448
533: 1421
534: 3352,3282
535: 1731,802,416
4461: 3716,1838,4107
4229: 2436,3580,1180,4596,2968,3988
4622: 4778,23,1101
539: 
540: 3209,2742,1816,1288,3408
541: 3724,1609,890
542: 4453
543: 32,780,201,4650,2250,4768
544: 3633,4158,1896
545: 2688,2248
546: 
547: 4577,648
548: 2264,1950,1853,3502,863,513
549: 1469,3236,3608,4355,4823,1351
550: 85,2776,1522,860,4746,4663,1577
551: 1161,3314,1840,3556
552: 1895,3101
553: 1318,4652,2950
554: 3031
555: 4132,619
556: 911,4386
557: 1129,1758
558: 203
559: 2328
560: 769,3765,3984
561: 4231,2962,5
562: 751,719,2504,4696
4262: 2179,4294
564: 4564,2256,1803,2416,1721
565: 4095,3936,2915,3675,605
566: 
567: 984,1680,3269
568: 3037,3002
569: 4809,3155,2362
570: 1570,649,230
571: 
572: 4776,2890
573: 2364,857,2828,1395,2391
574: 4321,2300,1300,3809
575: 3077,1108,4096,2534
576: 1240,2715,2119,421
577: 1472,4067
578: 2283,2689
579: 1909,601,3701
580: 1712,433,2864,3800,3640
581: 1569,1191,1871,3331
582: 
583: 506,1263,1507,3204
584: 298,1927,1343,2695
585: 1085
586: 4725,66,663,3979,9,4548
587: 2849,1758
588: 2560,4207,2229
589: 2675
590: 1844,2178,1471
591: 3942
592: 2505
593: 2305,3341,1091
594: 3630,712,1556
595: 2897,1225
596: 3346
4587: 2208,4488,4161,2928,2478,3202
598: 2269,3573,132,4259
599: 4811,378,4214,1638,3097,50
600: 2338
601: 2064,579,4352
602: 1541,4475
603: 4761
604: 4568,1554,3810
605: 3675,3001,565
4357: 4451,3877
607: 4481,4091,1868
608: 2884
609: 3446
610: 1414,2098,664
4570: 1996
612: 2761,4115,1068,310,3392
613: 
614: 4388
615: 699,21,2759
616: 1317,808,4184
617: 2331,3565
618: 3496,1606
619: 2551,2916,2421,555
620: 4499,4231,1465
621: 1745,1178
622: 404,4486,217,3289,436,2068
623: 2874,243
624: 3056,2983,2618,3945
625: 2747,1702,2466,4269,765
626: 
627: 2057
628: 4028,2069,2559,4660,2013,1396
4526: 1042,3335,4628
630: 1342,3029,1291
631: 4495,3942
632: 507,1608,1228
633: 2284,1636
634: 
635: 2797,3147,1845
636: 1308
637: 393
638: 4767,2132
4602: 2323,3828,2745
640: 157,2477,3231,3974
641: 2200
642: 4818,2771
643: 4712,3649,1326,2609,5
644: 3672,1913
645: 3260,1371
646: 908,2770,3951
4626: 456,1993,1413
648: 4577,204,2608,547
649: 230,3423,570,4527
4473: 3486
651: 2875,1877,1962
652: 131,3875,3016,766
653: 78,3230
654: 948,4723,987,3394,1018,280
655: 3968,3417,4578,1757
656: 3388,3586,2343,1279
4702: 259
658: 2677,2752,924
4439: 3034,2369,2854
4598: 1100,2545,4652
661: 2317,3494,1699
662: 1908
663: 3979,1418,66,586
664: 2098,610
665: 1929,4687,2782
666: 2460,4778
667: 
668: 3906,2441,4175,1827,1795,1883
669: 29,3039
670: 1022,4207,3785,3513
671: 3252,3336,1633,2164,823,2751
672: 
673: 4698,1431,936,1859
4761: 603
675: 2097,500,3940,3589
676: 1102
677: 2928,3786,2225,3534
678: 905,3252,3336,4426,3930,1051
679: 473,3728
680: 3845,3400,2446
681: 727,2635,971,2985
682: 3126
683: 1814,762,323,1045
684: 1570,2161,2389,3185
685: 4234,1616,1555
686: 1124,1612
687: 3737,437,3787
688: 4605,2076,4351,1058
689: 1420,2109
4393: 2281
691: 3952,3593,4264
692: 2536,4178,2113,2249,4185
693: 
694: 1126
695: 3258,4662
4250: 
697: 4109
698: 4763,4065,3879,4326
699: 615,338,4121
4505: 4076,2900,2409
701: 4023,518,4051
702: 4218,3451
703: 4395,1671
704: 3893,4394,4806,3164,3575
705: 498,447
706: 
707: 4790,4508
708: 4615,917,4465,4679
4401: 3313
710: 1436,1002,4014,3867,143
711: 4360,4573,198,4623,3149
712: 594,3420,1556,2116,2411
4552: 4307,4563
714: 4249,1389
715: 1729,1971
716: 
717: 2383,3710
718: 
719: 2504,562,4696
720: 4376,1803
721: 4511
722: 1949,3985,4603,3259
723: 1534,1575
724: 
725: 2818,3873,1388
726: 1922
727: 2635,681,58,2985,3623
4289: 2611,1702,765,2735
729: 446,2401,3844,4162
730: 344,896
731: 
732: 4773,2955,4766
733: 2426,2127,868
734: 2414,4019,2373
735: 1531,4324
736: 3279,487
737: 2289,283
4341: 4515
739: 4274,2051,1926,4382
740: 285,1185,3208
741: 
742: 4298,2239,2986
743: 2976,2893,410,3000,3063
744: 2163,4482,1809,430
745: 
746: 4223,235
747: 3734,1388,246,4144
748: 4040
749: 54,31,4407,476,4300
750: 1207,2106,4055
751: 562,4784,1954,2504
752: 4538,4591,4406
753: 2228,3824,4290
4596: 2903,2646,3897,2968,4229
755: 1850,2753,2514,883
756: 188,1721,1314,4564,2752
4500: 778,4424,4799
758: 
759: 1458,2502
760: 1691
761: 1304,3735,3909,2765
762: 1814,2711,683,323
763: 1296,4795,448,3270
764: 
765: 1613,625,1702,4289
766: 229,3083,3016,652,1240
767: 3436,2128,3294,1405
768: 
769: 560,3765,4056
770: 1696,232,4029,2279
771: 
772: 3318,1399,10,3034,2369
4460: 1560,3568,4236,2304
774: 1888,1265,3800,935
775: 4725,3042,4548,3754
776: 1994,1741,4797,224
777: 3015,1384,1188
778: 4500,2984
779: 
780: 32,543,4768,1617
781: 3957,4176,873,1695
782: 1408,4317
783: 4243,3284,3415
784: 10,1234
785: 528,3816,1341
786: 
787: 2648,3603,916,1281
788: 333,3382,3243,4103
789: 3550,3747,1207
790: 1143,3778
791: 3088,3777,127
792: 1254,4770,3689,3518
793: 3254,1139
4731: 279,4192
795: 3524,1211,4375
796: 1356
797: 
4743: 3506,147
799: 3226,4684
4688: 460,1382,0,379,3234
801: 2934,1683,2106
802: 1731,535,4065
803: 829,3916,4621
804: 3039,3672
4244: 2103,2090,1386,4190
806: 2765,907,3909,3172
807: 327
808: 616,1317,1203,1655
809: 101,4780,62,1120,4187
810: 4796,1374
811: 1946,2002,3846,1581
812: 
4477: 1580,2299
814: 1809,1959,4344
815: 2831,923,1736
816: 373,1072,459,2280,2189
817: 3545,3985,12,4704,3190
818: 2500,904,4534,888,2191
819: 1075
820: 3312,4512,1981
4386: 4464,556,876
822: 2107,274
823: 2182,3280,2339,2164,671,2751
824: 
825: 
4260: 67,4798,4777
827: 2662,1508,3699,1365
828: 944,2402,3720
829: 803,1456
830: 2161,2147,293
831: 906,4195,3347
832: 2508,173
833: 4098,3494
834: 3527,1556,2989,2086
835: 2519,1447,4635,988,3452
836: 1294,983,1826,2282
837: 1938
838: 2368,3610,3790,204
839: 2496,2898,3283,3803,4339
4353: 96,1552
841: 
842: 
843: 2306,3497,349,4316,3884,912,1694
844: 2097,1861,500,2650
4406: 1272,4238,752
846: 12,3794,2579
847: 
848: 3812,2676,1499
849: 3334
4248: 
851: 3435,1665,4745
852: 1817,1578,1954,2504
4805: 4605,2076,3870,3088
854: 2890,1782,125,4063
855: 
4655: 1968,2080,2420,1732,3674
857: 573,2364,4459,1705,2391
858: 82,2083,899,2757
4557: 131,319,4416,1919
860: 4600,4050,550,1522,4746
861: 
862: 2842,1570,1589
863: 3502,3002,548,513
864: 2116,1748,2411,3218,1515
865: 2212,317,3325
866: 
867: 998,4786,4690
868: 4183,1319,733,2672
869: 1214
4391: 1851,210,4274,1457,4382
871: 3709,3290,3287,153,939
872: 4441
873: 4176,781,1695
874: 2535,1104
875: 252,1082,280,3416
876: 4330,4006,4386
877: 3958,4151,2108,1796
878: 3959,77,2581,2613
879: 409
880: 
881: 3440
882: 909,1287,1554
883: 2032,1087,408,755,4044
884: 2749,914,1192,2108,1087
885: 926
886: 56,1681,4474,2996
887: 1885,1870,2307,2146
888: 3801,3434,4100,4534,818,2191
889: 2803,1202
890: 3812,541,1609
891: 4140,4616,4589,1488,2655,2857
892: 237,2518,4206,3922
4610: 
894: 4124,3150,4629,3414
895: 2219,4755
896: 730,344,3173,3042
897: 1236
898: 3618
899: 858,2757,4821,3557
4708: 3691,2926,1969,1441
901: 3392,228
4573: 711,4360,1750
903: 4449,4654,2882
904: 3510,4534,3341,1141,2500,818
905: 678,1642,3899,402
906: 831,4195,4547
907: 806
908: 646,2770,3951,1423
909: 882,2644,2014
910: 4354,1810
911: 556,2669
912: 235,3884,4223,843,1694
913: 1196,3559
914: 3708,884,2108,1796,3069
4607: 3369,3020,2307,4513
916: 1281,3886,787,4783,1547,3603
917: 4465,3676,708
918: 
919: 4608,3897,927,4402,2903,1112
4273: 233
921: 2420,1732,3734,3488,173
922: 4076,3485,4638,4278,1327
923: 3651,1736,815
924: 1052,3217,658,2752
4233: 348,3656
926: 885
927: 4803,4402,4163,4608,919
928: 1560
929: 2773,1948,4789,4443
930: 1780,3775,4219,4633,3014
931: 2113,3195,4428
932: 2789,1074
933: 1174,4332
4674: 2761,4115,4739
935: 3294,774,2128
936: 2822,530,1431,673,1724
937: 3780,1008,2839,4023
938: 376,420,1929,3342
939: 153,3709,871,2212,1788,365
940: 1639,4471
4333: 1200,3436,3966,3144
4220: 2703,2667
943: 1555,17,3956,2970,4047
944: 828,3207,2320
945: 
946: 4646
947: 
948: 654,987,3394,1018,3996,2206
949: 2744,2971,1881
950: 993
951: 1143
952: 4086,1802,4737,2579
953: 1010,227,473
954: 4092,2173
955: 
956: 2958,4637,4691,134
957: 6,4795,1026
4277: 273,1050,3740
959: 
960: 2054,2445
4377: 3830,2670
962: 1029,3786,2225,4343
963: 532,1049,441
964: 2043,1099
965: 1583,4048
966: 
967: 
968: 4101,2566,1622
969: 4385,2728,3211,2358
970: 
971: 2635,681,2707
972: 2215,3468,2804,2533,2375
973: 3625,2994,1015
974: 2793,3079,3655,2759,2245
4554: 2640,2431,424,247
976: 4606,2252,3477,2423,3401,508
977: 3613
978: 1540,4732,342,1730,321
979: 2448
980: 2634,1166,3052,2531
981: 4453,2917
982: 
983: 1294,836,86,3211,2282
984: 567,1514
985: 3859,1149,4533,2775
986: 396,1670
987: 948,654,2206,366,280
988: 2519,835
989: 4616,2549,1488
990: 2465,2856,36,4172
991: 4653,410,2345,2893
992: 1000,1630,2404,3628,1697,449
993: 4639,4530,950
994: 
995: 
996: 2445,483,1808
997: 
998: 867,4786,3130
999: 3240,3424,8,1831,4649
1000: 992,4290,1630,3998
1001: 3733,2528,1569
1002: 4014,710,143
1003: 2690
1004: 3145,1997,3664
1005: 1299,407,3558,1491
1006: 2658,4064,2722,3915,1410
1007: 3177,2701,2397
1008: 937,479,2918
1009: 2269,2473,1659
1010: 953,2848,1769,3280,227,41
1011: 4465,2157,3338
1012: 1926
1013: 
1014: 2294,3694,4261
1015: 973,471
1016: 3176,3169,2687,1990,1743
1017: 2060,3317,2274
1018: 3996,1940,948,654,3394
1019: 
1020: 3176,1860,2277,4308
1021: 
1022: 670,3513,3355
4689: 3121
4742: 1202,1372
4650: 1122,2250,543,201
1026: 4795,957
1027: 
1028: 402,3531,1485,3888
1029: 962,3786,2426,2127,4165,4343
1030: 2008
1031: 3153,2419,4306
1032: 1622,1969,3571,292
1033: 2065,1701,4810
1034: 3471,3035,1395,429,2391
1035: 1877,3740
1036: 3029,1291,2220
4403: 
1038: 1551,1260
1039: 3172,1930
1040: 3711,4704,1711,3985,1949
1041: 3570
1042: 4526,4174,4050
4542: 1257,2019,4383
1044: 3999
1045: 683
1046: 3209,1816,2971
4763: 4065,698,2983,4326
4319: 4039,4064,1279,3388,2722
1049: 532,963
1050: 4646,273,4277
1051: 3930,678,1642
1052: 3055,3894,924
4293: 2264,1853,237
1054: 
1055: 196,2927
1056: 3625
1057: 2662,1365,2322
1058: 4351,1844,2178,688
1059: 1240,3083,1136,421
4666: 2475,4237,1142,2849
1061: 1726,1480,2606,1254,3518
1062: 3956,4047
1063: 1095,4125,3268,167,3582
1064: 2109,1821,1904,218,1188
1065: 59,245,2432,1914
4785: 3806,3836,3198,2659,165
1067: 451,134,2480,4637,1316
1068: 4313,310,612
4483: 2586
1070: 3539,1156
1071: 4671,4669,1109,3858
1072: 816,459,18,2189
1073: 1713,3718
1074: 4760,3586,2789,1152,932
1075: 3276,819
1076: 3645,4750,4124,355
4673: 1408,179
1078: 3763
1079: 2987,25,3103,1868
1080: 1437,1762,3412,1414,2098
1081: 1148,4802
1082: 875,252,366,280,2484
4349: 2912,4720
1084: 3807,1647,2697,4057,4551
1085: 585,24
1086: 4280,3285,1743,2133,4726
1087: 2108,2032,883,408,884
1088: 2265,4516
4806: 4618,4394,3690,2860,704
1090: 4615,4585,3962
1091: 380,3341,593,150,3175
1092: 2919,3544,4582,4539,257
1093: 2676,2372
1094: 4545
1095: 1063,3268
1096: 3250,4681
1097: 2938,4190,1386
4588: 1118,4071,1278,4746,4600
1099: 2017,2043,964
1100: 3362,2972,4598
1101: 3115,4622,1765,1734,23
1102: 676
1103: 4538,1275,2497,1289,3964
1104: 874,2599,3685,3844
4326: 2632,4763,698,2800
1106: 1134,214,2266
1107: 
1108: 4096,3589,575,3077
1109: 4469,4669,1071
1110: 
1111: 3237,3666
1112: 2903,419,4402,2313,919
1113: 3910,1176,3612,3977
1114: 4210,3404,4463,2987,4211
1115: 199,4429
1116: 4218,3619
1117: 1340,3831,4436
1118: 4588,4071,1278,1,1212
4629: 894,3150,4388,521
1120: 4187,809,101,3225
1121: 3794,3273
1122: 4650,2022,3845,3970
1123: 3972
1124: 1612,686
1125: 
1126: 3557,694,4510
1127: 3365,3654,3236,3608
1128: 
1129: 4370,557
1130: 3880
1131: 2522,3013
1132: 
1133: 4707,3103,1411
1134: 4524,1106,344,411
1135: 2777,3184
1136: 421,1475,1059,3083,4303,2563
1137: 1699,1566,329,4054,4762
1138: 4044,2233,4055
1139: 793,2370,350
1140: 4466,281,1221
1141: 2500,1476,904,3341,2137
1142: 3843,4666,2475
1143: 790,951
1144: 3522,1863
1145: 2100,278,1550,1168,2102,304
1146: 2760,3200,3447
4609: 25,3790,4577,1882,403
1148: 1081,1964
1149: 1512,4533,2546,2775,985
4185: 2660,2249,692,2113
4399: 4809,2205,2794
1152: 2789,3586,1074,212,2722,3915
1153: 3882,1211,3524
1154: 3212,1786,1894
1155: 172
1156: 287,1070,1420,266
1157: 
4287: 3445
1159: 1584,2461
1160: 432,2895,1348,2911,2831
1161: 551,1840,3136,3556
1162: 4811,378,1226,2258,1581
1163: 
1164: 4690
1165: 3156,2817,4536,99
1166: 2634,980,2531
1167: 
1168: 1980,1145,2562,304
4311: 1999,4043,2207,332,4414
1170: 3550,1573
4254: 4479,1422
4784: 1954,3473,751
4318: 3182,2582,2115
1174: 4198,390,933,317
1175: 98,3617
1176: 3612,1113,1275,4591
1177: 312,4810,3213
1178: 3947,621
4320: 
1180: 4229,2436,3988,404,1770
1181: 2052,3071,1200
1182: 1708
1183: 2359,1970,2540
1184: 411,2351,4209,2726
1185: 2360,1939,740,1390,3208
1186: 2509
1187: 225,4765
1188: 218,3858,1384,1064,777,1904
4790: 4508,2170,707
1190: 3321,2228,3824
1191: 581,1569,4383,3195
1192: 408,2749,884
1193: 3129
4281: 4677,1298
4592: 2413,3278,496,4359
1196: 2164,913,3559,2339
1197: 502,3132,3004
1198: 3287,3827,297
1199: 
1200: 4518,4333,1181,3071
1201: 1326,2609,2526,3350
1202: 4742,889,1520,1372
1203: 1655,1915,1832,808
1204: 62,1610,1307,3298
1205: 152,4458,4468
1206: 3710,2383,432,1348
1207: 750,1683,3747,3550,789
1208: 
4390: 2485,2787,1619,3769
1210: 4060,2904
1211: 4499,1153,4375,795
1212: 1,2439,1118,2047,1955
1213: 
1214: 251,869
1215: 451,134,4691,307,4682
1216: 2230,2021,1518,2233,111
1217: 
4635: 2935,1447,835
4679: 1305,4803,4615,708
1220: 3070
1221: 327,3498,1140,281
1222: 4090,3651,2954
1223: 4201,1231,2572,3505,4009
1224: 1409,2454
1225: 2897,595,2783
1226: 4811,4214,1162,1946,1581
1227: 4147,4659,4118,1380,2570
1228: 3085,1616,632,507
1229: 4780,1793
4221: 392,3756,3476,2459
1231: 4201,2989,1223
1232: 4270,2804,2908,2533,1874,4686,2691
1233: 4720,4519
1234: 1639,1548,784,1994
1235: 1645
1236: 1466,897
4296: 205,4810,369,3213
1238: 3969,3820
4770: 3689,3518,792,2807,2185
1240: 1059,576,2715,3016,766,3083
1241: 3287,3827,153,2072
1242: 4788
4463: 3404,272,4496,168,1114,4210
1244: 4446
1245: 3938,2955,4023,4051,4339
1246: 2619
4754: 2404,512,2077,2325
4433: 1709
1249: 326,4342,193
1250: 1353,3356
4703: 2607,4709,2359
1252: 
1253: 4189,1673,3597,2936
1254: 792,1061,3518
1255: 4245,2625
1256: 2451,1687,4617
1257: 2019,4542,2068
1258: 2844
4737: 2901,219,952,1802
1260: 3604,1038,3815
4339: 3283,839,1245
4479: 4254,2200,1681
1263: 3524,3349,506,583,1507
1264: 
1265: 1888,774,57
1266: 4698,492,3163,1859
1267: 2476,2174,1826,3369
4240: 
4493: 
1270: 1827,1795,1975,3784
1271: 486,2577,3437
1272: 4406,4238,3201,1619,2298
1273: 
1274: 4519
1275: 4538,1103,4591,1176,3612,1289
1276: 4697,2813,3600,2167,4569
1277: 4492,4574
1278: 4588,1118,3896,3419,4462
1279: 3919,4758,656,3388,4319
4604: 4780,2357,1745
1281: 916,3621,3886,787
1282: 2771
1283: 3862,3346
1284: 1316,2078,2758,3142
1285: 
1286: 
1287: 1858,3802,882
1288: 1302,58,540,3408
1289: 2497,1539,456,3612,1275,1103,244
4653: 991,410,2564,2345
1291: 3029,1036,630
1292: 1590,1623
4585: 3676,2842,1589,1090
1294: 836,86,983,4030,4216
1295: 3768,1642,2015,4010
1296: 4795,763
1297: 4215
1298: 4677,4281,4378
1299: 1005,4445,3558
1300: 574,3809,1542,464
1301: 1804
1302: 1288,58,473,2985
1303: 502,2150,3128
1304: 3735,761,3326
1305: 4679,4402,4615
1306: 4224,2337,3933,4077
1307: 3859,1204,1610,444
1308: 636,3749
4263: 4306,3607
1310: 1601,2683,3894
1311: 4397
1312: 2641,1842,1450,3972
1313: 3745,4373
1314: 3410,756,3217,2752
1315: 463,3867
1316: 2078,491,1284,1067,2480
1317: 616,808,2976,4184
1318: 553,4722
1319: 868,4183,2672
1320: 2449,3663
1321: 2991,3906,1546
4693: 1515,4794,2584
1323: 2470,3442
1324: 4697,2416,3650,188
1325: 3575,4394,1778,3955
1326: 2609,1201,2526,5,643
1327: 2409,922,4278
4492: 1927,1277,1414,2788
1329: 2258,1967,4445
4322: 
1331: 
4253: 2245,1854
1333: 3170
1334: 28,2084
1335: 2150,3107,3128,2840,2406
1336: 
1337: 1524,3047
1338: 4645,2939
4218: 1116,100,702
1340: 3295,3205,3831,1117
1341: 2266,3173,3816,785,528
1342: 4489,3029,630
1343: 2969,2695,298,584
4758: 3245,2343,3919,1279
1345: 1508,3249,1887
1346: 3102,3667
1347: 2569
1348: 1160,432,2911,2383,1206
1349: 
1350: 3114,2285
1351: 549,4355
1352: 1591,2705
1353: 1250,2532
1354: 175,2922,1762,2028
1355: 1812,2491
1356: 796
1357: 2463
1358: 1763
1359: 4480,1582,2829
1360: 
1361: 2093
1362: 2877
1363: 3221,4700
1364: 
1365: 3699,827,2662,1057,2322
1366: 
4186: 
1368: 
1369: 3091,1693,232,4029
1370: 4819,4054,4449,2263,2429
1371: 3260,525,645
1372: 3475,1520,1202,4742
1373: 2075,3110,3723,4135,4531
1374: 2936,810,4796,3597
1375: 3297,1970,3975,2898
1376: 3534,2961,493,4159,4038
1377: 22,2330,2523
1378: 4108,2041,4282,438
1379: 
1380: 4118,282,1475,4147,1227
1381: 3877,1503
1382: 4688,3234,4194,2228
1383: 2575
1384: 218,3307,3858,1188,777
1385: 2544,1781
1386: 1595,4244,1097
4530: 3266,2175,4639,993
1388: 725,2818,747
1389: 714
1390: 2360,1185
1391: 2517,3576
1392: 1668,4634,168
4531: 4640,1373,3723
1394: 1520,1806,3343,3475
1395: 2828,263,573,3035,1034,2391
1396: 4416,2629,33,2013,628,2559
1397: 4180,4494,2099
1398: 2723,1431,3133,4698
1399: 3318,772,2869
1400: 
4459: 857,1705,2391,270
4300: 3593,4061,476,749,31
1403: 
1404: 3616
1405: 3337,4668,3966,3436,767
1406: 1879,307,1738,2075,1604
1407: 
1408: 782,179,4673
1409: 1224,524
1410: 4064,1006,2658
1411: 1491,4707,1133
1412: 3959
1413: 2401,1752,4626
1414: 2098,610,3412,1080,2788,4492
1415: 4052
1416: 3994
1417: 
1418: 2857,663
1419: 65,2062,491,26,2056
1420: 689,1156
1421: 533
1422: 3046,4254
1423: 1620,2702,4049,908,3951
1424: 4464,3393,0,460
1425: 3154,3982,1739
1426: 
1427: 4317
4769: 4813,4719,4137
4696: 719,562
1430: 2094,3553
1431: 530,1398,673,936
1432: 2111,4663,1733
4197: 2448,2366,103,3627
1434: 1708
1435: 4764,2994
1436: 710,463,2001
1437: 1762,3412,1080,1943
1438: 
1439: 3861,1623,1625
1440: 2433,2767,4138,273
1441: 65,4708,2926
1442: 
4345: 250,347
1444: 
1445: 2436,3893,3024
1446: 192
1447: 2125,835,2935,2975,4635
1448: 2015,3855,127,3899
4199: 3788,2772,3811
1450: 1842,1312,3759,3972,4680
1451: 
1452: 
1453: 2343
1454: 4276,4309,2460,4512
4471: 940,1929
1456: 829,3286,2396
1457: 3996,210,4391,3339,4382
1458: 759,1601,3912
1459: 3372,1993,2627,3746,4536,99
1460: 1839,3900
1461: 102,3493,76
4818: 2771,3125,642
1463: 102,4760
1464: 3799,32,201,1782
1465: 1637,4499,620
1466: 1236,3717
1467: 1814,2711,3848,2612
1468: 2517,4007,3516
1469: 549,3236,3608,4355,3615
1470: 2980
1471: 1597,2295,298,590,1844
1472: 577,3992
1473: 1586,2653,1813,496
1474: 1513
1475: 1136,421,3328,4002,1380
1476: 1141,2500,4586,2137
1477: 
1478: 
4183: 868,1319,1677,2456,2672
1480: 1726,1061,2606
4510: 3426,1126,2933
1482: 
1483: 
1484: 3764,3660,4033,2617
1485: 3888,2224,155,1028
1486: 2334,2309,4230,1510
4685: 513,1950,1674,3719
1488: 3976,3095,1575,2655,989,891,2549
1489: 
1490: 4368,4242,3210
1491: 1411,1005,1657
1492: 1739,3154,3299
1493: 190,2121,175
1494: 387,4398,4003,2995,2442
1495: 2644,2014,1945
4291: 36,3817,3605,1636
1497: 1754,3276
1498: 305,2748,328
1499: 2676,848,3812,4107
1500: 1764,2175,4652
1501: 1780,3775,3714,4238,2213
1502: 3340
1503: 1381,357,3268,3644
1504: 
1505: 
1506: 2226,1548
1507: 1682,2652,1263,583,3204
1508: 1345,827
1509: 84,242
1510: 326,254,1486
1511: 2345
1512: 1149,2173,1543,2546
1513: 1474,2995,2062,4637,491
1514: 1773,2045,984
1515: 4693,864,3218
1516: 4469,2318,1651,2756,3869
1517: 4414,1540,2204,3363
1518: 2233,2230,1216
4704: 2579,1711,12,1040,817,3985
1520: 1806,1394,1202,1372,3475
1521: 2418,3206,2138
1522: 550,2776,4174,860,4050
1523: 
1524: 2568,3001,1337,2764
4782: 3046
1526: 2146
1527: 
1528: 1958,4714,2241,1661
1529: 1777
1530: 1951,3889,2871
1531: 735
1532: 4540
1533: 2284,125,523,3799
1534: 723,3974,1575
4712: 643,3649,3644,2051
1536: 2271
1537: 
1538: 
1539: 1289,456,244
1540: 978,3724,1517,2204
1541: 602,4475,2187,2633
1542: 8,1300,464,2601,3240
1543: 4092,2173,1512,2546
1544: 3220,3643,3023,2398
1545: 2130,366
1546: 3906,3258,1321
1547: 3227,4783,3603,916
1548: 1234,2226,1815,1506
1549: 3275,3835
1550: 4772,278,1145,2885,2102,1836
1551: 1038,4481,2209
1552: 4353
1553: 2907
1554: 4568,604,3810,882
1555: 943,1616,17,4047,685
1556: 3527,834,594,712
1557: 42,2694
1558: 121,3626,3044
1559: 1734,23
1560: 4460,928
4354: 1801,910
1562: 2168,4144,1706
4624: 3632
1564: 225,4765,3774,4365
1565: 42
1566: 1137,2882
1567: 427,3409
1568: 2274
1569: 581,1191,4383,1001,1871
1570: 570,684,3185,862
4690: 867,1164
4448: 1938,4173
1573: 406,1170,3463
1574: 3094
1575: 1488,3095,2655,723,1534,3231,3974
1576: 1890
1577: 3109,4663,550,4071,4746
1578: 852
1579: 
1580: 4477,445
1581: 2809,1226,1162,811,1946
1582: 4480,1359
1583: 965,4619,4048
1584: 1159,4173,1938
1585: 3843,1964
1586: 1473,1781,1791,496
1587: 258,3860,1724,2819,188
1588: 2117,4815,3854
1589: 3601,368,4585,862
1590: 1292,3696
1591: 1352,2705,2518
1592: 2596,3947,1891
1593: 
1594: 3725
1595: 1386,2193,3210,3752
4724: 3727,3788,455
1597: 2028,2295,1471,298
1598: 303,2503,2878,3175
4643: 121,20
1600: 110,3771
1601: 1310,2683,1458,1693
1602: 2748,1910,4106,4662
1603: 3901
1604: 4135,1406,2075,451
1605: 2064,2112,4658
1606: 2970,618,4036
1607: 2270,1855,107,1867,2842
1608: 632,507,2311,3108,2013
1609: 48,541,3724,890
1610: 1204,62,1307,4780,444
1611: 3913,4314,348
1612: 1124,686
1613: 765,1833,3257
4815: 3854,2311,3353,1588
1615: 
1616: 1555,1228,685
1617: 2890,1782,32,780,4776
1618: 
1619: 3201,4390,3769,2298,1272
1620: 1423,2702,3751
1621: 3662,4802
1622: 1032,1969,2566,968
1623: 3861,1439,1625,1292
4201: 1231,2989,1223,2572,2424,4009
1625: 1439,1623,2917
1626: 106
1627: 3553,3817,1869,447
1628: 526
4793: 2033,2234
1630: 1000,992,3998,120,449
1631: 4489,3029,2220
4274: 2051,739,4391,4382
1633: 671,3336,1985,2164
1634: 1823,3444
1635: 
1636: 3605,633,4291
1637: 1465,4499,2520
1638: 2111,3097,599
1639: 1234,1994,940
1640: 4470,4795
1641: 2485,2408,2280,2070
1642: 905,3899,1051,1295
4412: 4636,4041,2099
1644: 
1645: 1235,3764,2765
1646: 1762,3412,2028
1647: 3807,1084,2969
4276: 4309,1454,2284,4063
1649: 375,510,4371,2736
1650: 2822,530,2858,2410,2709
1651: 4251,4469,1516
1652: 3398
1653: 4678,3982,4305
1654: 
1655: 1203,1915,1832,808
4817: 
1657: 4415,1491,2877
4582: 2919,1092,257
1659: 3907,2044,4651,2473,1009,2269
4794: 4771,3420,4693
1661: 2241,1528,41
1662: 2968,3289,3988,1937,217
1663: 4519
1664: 2163,3043,4503
1665: 2824,3435,851
1666: 
1667: 4380,3678,4167
1668: 1392,4476,3404
1669: 4597,3879
1670: 986,4707,2142,3774
1671: 703
1672: 3551,45
1673: 1253,2202
1674: 3653,1950,1853,4685,3719
4227: 
1676: 299,3810
1677: 2208,4161,4332,3102,4183,2456
1678: 3213,205
1679: 2478,3202
1680: 567,3269,2179
1681: 4479,56,886
1682: 2623,1507
1683: 2571,2934,801,1207,2106
1684: 2136,3600,4804
1685: 518
1686: 
1687: 2451,4558,2823,1256
4290: 1000,753
1689: 515
1690: 1740,1756
1691: 760
4404: 3692,2883,2777
1693: 3091,1369,3912,1601,2683
1694: 912,2306,843
1695: 4016,781,873
1696: 770,3321,2279
1697: 3628,2404,260,992,449
1698: 2663
1699: 1137,2317,661,4762
1700: 74
1701: 2065,1033,4810
1702: 625,765,4289
1703: 2025,3950
1704: 424
1705: 857,4459
1706: 1562,110
1707: 
1708: 1434,1182
1709: 4433,3368
1710: 454
1711: 4704,2579,4086,1040,3711
1712: 433,4209,2726,580,3530
1713: 1073,3887
4472: 
1715: 529,2866,1816
1716: 
1717: 
1718: 1833,2376
4316: 349,843,3825,3884
1720: 3156,415,3315,1788
1721: 188,756,2416,564,4564
1722: 3139,3198
4640: 198,4531,4623
1724: 258,3860,1587,2822,936
1725: 90,3293
1726: 1480,1061,3538,3518
1727: 
1728: 
1729: 715
1730: 342,321,4740,3874,978
1731: 802,535,416,2750
1732: 2420,921,173,4655,3674
1733: 3109,4663,1432
1734: 1559,23,1101,3115,3324
1735: 4553,1959
1736: 4090,3651,923,815
1737: 
1738: 1406,1879,2510,2075
1739: 1492,1425,3154,3982
1740: 2517,1690,4007
1741: 776,1994,2001,224,4781
1742: 3777,2697,2178
1743: 1086,3176,1016,2199,2133
1744: 457
1745: 621,439,4604,2357
1746: 
1747: 2127,3315,3138
1748: 2116,864,3218,3737,3527
1749: 169,262
1750: 4125,4573
4757: 2624,4446
1752: 1413
1753: 
1754: 1497
1755: 4715
1756: 3835,1690
1757: 2657,655,156,3417,4578
1758: 4642,4053,587,557
4424: 4500,4736
4243: 783,4046,2959
1761: 4620
1762: 1437,3412,1080,1646,1943,175,1354
1763: 1358
1764: 1500,2175,4559,3266
1765: 1101
1766: 2611,2639,3107
1767: 4362,1917,2390,3727,455
1768: 4292,2740
1769: 2241,2353,3280,2339,41,1010
1770: 1180,3050,3733
1771: 4111,3008,4661,2448
1772: 
1773: 1514,2045,86
1774: 
1775: 2625,3199,4714
1776: 2468
1777: 1529
1778: 4638,4394,1325,4405
1779: 4796,4327,2279
1780: 930,3775,4633,3014,3714,1501
1781: 1586,1385,1791,4485
1782: 854,1617,1464,32,125
1783: 4363,3081,2305
1784: 2979,2474
1785: 3359,2753,4305
1786: 140,1154
1787: 3954,199,3616
1788: 3315,365,939,1720
1789: 3849,4766,4773
1790: 
1791: 4485,2705,1586,1781
1792: 2210,2370,381,1910
1793: 4094,3045,1229
4660: 3108,2013,4028,628,2069
1795: 1270,1827,668,3815,1883
1796: 4235,3069,914,877
1797: 2412,171
1798: 4716,3622
1799: 3623,2005,1862
1800: 3973,4417
1801: 4137,4354,1810
1802: 952,4241,4737
1803: 564,2256,720
1804: 2087,1301
1805: 3720,3920,3162,490
1806: 1520,1394,3343,3941,2020
1807: 
1808: 3134,996
1809: 814,4482,744
1810: 2183,910,1801,4719
4515: 4432,2447,4341
1812: 1355,2491,2591
1813: 2530,3464,2653,1473
1814: 1467,2711,762,683
1815: 490,2226,3920,1548
1816: 3209,1046,540,2971,1881,1715
1817: 852,1954
4764: 1435,187,4441
4364: 2417
1820: 3183,2913
1821: 2109,1064
1822: 133,2088,3494
1823: 3444,1634,4177
4315: 117,423
1825: 3568,2304,2285
1826: 2282,836,1267
1827: 1270,1795,1975,2441,2764,668
4792: 17,4627,4234,3161
1829: 1838,2743,136
1830: 359
1831: 8,2261,999,3424
1832: 2453,1203,1655,1915
1833: 4269,1718,1613
1834: 3304
4504: 
1836: 2102,2330,1550,4369,3271,4705
4651: 1659,4259,2841
1838: 1829,4461
1839: 1460
1840: 551,1161,3640
1841: 3803,2868
1842: 2641,1312,3759,1450,2029
1843: 3732
1844: 590,2178,1471,1058
1845: 3147,635,2171,4751
1846: 2452
1847: 295,1997
4762: 2058,1699,1137,329,2039
1849: 1990,247,2431,3285,3492
1850: 755,2753,4305,2934
1851: 210,4391,3691
1852: 3643,3023
1853: 1950,548,4293,237,1674,4206
1854: 2419,4253
1855: 107,2896,1607,2270
1856: 2818
1857: 4255,2643,4720
1858: 1287,3802
1859: 3650,1266,673,3163,258
1860: 3176,3169,1020,33,2277,1919
1861: 4259,2841,346,3573,844
1862: 4049,2005,1799,2589
1863: 3540,1144
4807: 3741,140,3212
4736: 4424,266,2628
4200: 3407
1867: 2714,107,4239,1607
1868: 4707,4091,1079,607,2142
1869: 3987,1627
1870: 11,1885,887
1871: 4578,3331,581,1569
4359: 2413,4592
1873: 4440,466,4773,3908
1874: 89,4686,1232,2908
1875: 2778,268
1876: 3040
1877: 1035,651,4812
4732: 2465,342,978
1879: 1406,307,1738,4682,2510,144,3556
1880: 1940,3677,3883
1881: 949,2744,2971,529,1816
1882: 1967,3228,3790,4609,403
1883: 3815,4543,1795,3906,668
1884: 2003,3591,2648
1885: 887,2724,1870
4417: 3973,1800,2447
1887: 1345
1888: 3530,1265,774,2726,3800
1889: 
1890: 1576
1891: 4216,2174,1592
4231: 2962,561,620
1893: 2399,2823
1894: 4304,4687,1154
1895: 552,3428
1896: 3030,4158,141,544
4676: 2906
1898: 3555
1899: 
1900: 
1901: 248
1902: 4802
1903: 130,2621
1904: 2628,266,1064,1188
1905: 4158,252,3670,3907,3633
4775: 437,4310
1907: 4242,2319,1945
1908: 2278,443,2324,662
1909: 579,3701
1910: 3687,1792,2370,1602,4087
1911: 3038,353,3999
1912: 383,471
1913: 2176,644
1914: 1065,59,2432
1915: 1203,1655,2690,2453,1832
1916: 1928,4372,4789
1917: 4362,1767
4546: 2588
1919: 2277,4416,33,4557,1860
4701: 3572,1982,72
1921: 3872
1922: 726,2213,4312,4350,3714
4574: 1927,1277,3065,2715
1924: 3124,3841,3254
4503: 3043,1664
1926: 739,1012
1927: 4492,4574,2788,584,2695,3065
1928: 1916,4789,3343,3941
1929: 665,4471,938
1930: 1039
4494: 4180,4657,1397,3826
1932: 2319,2103
1933: 2145,161
1934: 3486,4366
4681: 3250,1096
4423: 3776
1937: 4608,3897,2968,1662
1938: 4448,1584,837
1939: 2360,1185,39,2252
1940: 1880,1018,3883,3394
1941: 338,3292
1942: 2550
1943: 1437,1762,2121,175
4408: 2296
1945: 1495,1907
1946: 811,2002,4297,1226,1581
1947: 
1948: 929,4230,4789,3856,3323
1949: 722,1040,3985
1950: 548,1853,4685,3653,1674
1951: 1530,3400,3425
4536: 2817,3746,1165,99,1459
1953: 3165
1954: 4784,852,1817,2504,751
1955: 2047,2066,1212,2439,2812
4698: 1266,673,1398,3133
4247: 3229
1958: 1528
1959: 814,1735,4553
1960: 2724
1961: 3254
1962: 651
1963: 2637,4215
1964: 1148,1585
1965: 4766,3536,4773
1966: 4153
1967: 1882,3228,2258,1329,4445,403
1968: 2080,4655,479,3674
1969: 1622,1032,4708,3691,4801
1970: 1183,2359,3975,1375
1971: 3631,715,2621
4648: 
1973: 213,3178,3487,375,510,504
4809: 569,4399,2615,2205,3155,2362
1975: 272,4496,1270,1827,3784
1976: 4654,3452,2511
1977: 
4434: 4235,322,3167,4561
1979: 
1980: 1168,484,2327
1981: 321,820,3312
1982: 2159,3572,4701,2583
1983: 
4259: 1861,2841,2269,598,4651,3573,132
1985: 155,1633
1986: 2869,3137
1987: 3742,3448
1988: 
1989: 
1990: 1849,2687,1016
1991: 4203,2754,453,3382
1992: 3278,284,2580,3532
1993: 3372,1459,3746,456,4626
1994: 776,1741,1639,1234
1995: 3008,2542,4819,2263
1996: 3813,4570
1997: 3664,2218,1847,1004
1998: 2145,3453,161,380,3377
1999: 4172,4043,2207,4311
2000: 2254
2001: 3925,224,1741,4781,1436,463
2002: 811,1946,4297,4532,4751,3846
2003: 3591,3543,1884,4015
4462: 3908,3647,3419,1278,2047
2005: 2770,3951,3408,1799,4049,1862
2006: 2196,4752,4073
2007: 222,2824
2008: 1030
4632: 2385,262,3994
4445: 403,1967,1329,1299
4388: 614,4629
2012: 3416,2153,3232,3409
2013: 4660,3108,1608,1396,628
2014: 1495,2644,909,4568
2015: 1448,4010,157,1295
2016: 
2017: 1099,4590
2018: 2793,3079,2723,3584
2019: 2275,1257,4542
2020: 3323,1806,3941
2021: 1216,111,2205
2022: 1122,3970,4020,2250
2023: 3062,4798
2024: 2102,304,2330,3619
2025: 1703
2026: 3390
4489: 1342,1631,3029
2028: 1597,2295,1354,1646
2029: 4058,3259,2641,1842
2030: 4304,4279
4187: 1120,809
2032: 2108,1087,883,4044,4151
2033: 4793
2034: 
4547: 3319,3804,906
4638: 3485,1778,922,4405,4278
4518: 1200
2038: 3135,4823,4009,2572
2039: 329,2058,4762
2040: 
2041: 4334,4722,3302,4108,1378
2042: 3549
2043: 4517,1099,964
2044: 3907,1659,2473
2045: 1773,1514,86
2046: 4717
2047: 1955,4462,1212
4440: 1873,466,4773,4095
2049: 3632
2050: 2998
2051: 4274,739,4712
2052: 2191,1181,3071
4621: 2149,384,803
2054: 960,2791
2055: 2708
2056: 26,3438,3142,1419,65,4451,2926
2057: 627
2058: 4762,4208,2039,4497
4209: 1712,344,411,1184
2060: 1017,3317
4729: 
2062: 1513,2995,491,1419,26
2063: 4321
2064: 2112,2833,601,1605
2065: 1701,2372,1033,4810
2066: 1955,466,2812,2488
2067: 2379,120
2068: 3793,436,622,4486,1257
2069: 4028,628,2559,2687,4660
2070: 2734,3722,1641,2408
4777: 4798,356,4260,3978
2072: 415,1241,3066,3910
2073: 
2074: 4788
2075: 3110,2129,1373,1406,1738,4135,1604
2076: 688,4605,4805,52,3447,3870
2077: 3234,4194,4754,2325
2078: 1316,491,1284,26,3142
4257: 
2080: 1968,4655,4323,2420
4351: 1058,688
2082: 
2083: 858,82,4295
2084: 28,1334,2800
4252: 4228,3706,2560,3785
2086: 474,834,4727
2087: 4120,1804
2088: 2711,2612,1822,133
4405: 3955,4278,4638,1778,2889
2090: 3210,4242,2319,2103,4244
4583: 209,3621,2633,2561
4196: 3803
2093: 1361
2094: 1430,228,2409
2095: 341
2096: 
2097: 844,675,341
2098: 1414,610,664,1080
2099: 4180,4412,4636,4041,141,1397
2100: 4772,278,1145,3715
2101: 3328,282,2119
2102: 304,2330,2024,1836,1550,1145
2103: 4244,1932,2090,4190
4467: 2725
4211: 2987,4091,1114,4210
2106: 750,2934,801,1683
2107: 822
2108: 2032,1087,914,884,877,4151
2109: 1821,1064,689
2110: 38
2111: 1432,2873,1638,3097
2112: 2064,2833,1605,3189
2113: 931,692,4185
2114: 2155
2115: 2329,358,2654,4318
2116: 864,1748,2411,3218,712
2117: 1588,4603,3854
2118: 3478,3497,349
2119: 3065,2695,576,2101
2120: 3101,2956,352
2121: 1493,4109,1943
2122: 4422,97,3749
2123: 2901
2124: 
2125: 2519,1447
2126: 3709,3795,4616,2549
2127: 733,2426,1747,4165,1029
2128: 53,935,3294,767
2129: 2075,3110,4005,4159
2130: 1545,2520
2131: 4593,4129,2865,3882
2132: 2992,4767,638,2482
2133: 2664,1086,1743,2199
2134: 
4627: 3190,4792,3161
2136: 1684,2847,4804
2137: 380,1141,1476,2145
2138: 1521,3206
2139: 3288,4292
2140: 4165,99,2627,4228
2141: 4753
2142: 3774,4707,1868,1670
2143: 383
4639: 993,2175,4530
2145: 1998,161,380,2137,1933
2146: 2307,4513,887,1526
2147: 4108,4098,830
4780: 4604,2357,1229,1610,444,809,101,2415
2149: 4621,3596
2150: 1335,2639,3107,1303
2151: 2593,4239
2152: 248
2153: 3923,2012
4466: 3352,1140
2155: 3072,2114,2916
2156: 369,205
2157: 4571,49,3792,1011,3779
2158: 442,4541
2159: 3572,1982,3359
2160: 4020,3386,2250,2338
2161: 830,2270,3185,684
2162: 
2163: 1664,744,4482
2164: 1196,671,1633,823,2339
4343: 4228,3706,4165,1029,962
2166: 2684
2167: 3600,1276,4569
2168: 1562,4144,2818
4801: 3005,1969,3691,210
2170: 4790,4508,2188,4176
2171: 4751,1845
2172: 3080
2173: 954,1543,1512
2174: 2476,1267,1891
2175: 1500,1764,4530,4639
2176: 1913,3866
4465: 917,1011,708,4803
2178: 590,1844,1058,1742
2179: 4262,1680
2180: 
2181: 2607,4733
2182: 823,3280,2339,2751,2848
2183: 1810,4719
2184: 3473
2185: 4770,3689,2807
4517: 2043,4750,3547
2187: 2633,2561,1541,3924
2188: 2895,2170
2189: 2485,816,1072
2190: 2196,3413,4073,414
2191: 2052,888,2500,818
2192: 
2193: 3210,3752,1595
2194: 4191,324
2195: 
2196: 4752,2006,3413,2190
2197: 
2198: 3478,4124,3150,4750
2199: 4308,3176,1743,2133
2200: 641,4479,4747
2201: 2725
2202: 1673
4561: 4434,3958
2204: 2858,3363,1517,1540
2205: 2615,2021,4809,4399,2794
2206: 948,987
2207: 1999,3418,332,4311
2208: 4488,4587,4161,1677,3102,4381
2209: 482,1551
2210: 1792,381,2784,2748
2211: 4073,3810
2212: 317,3325,865,3709,3795,939,365
2213: 1922,4312,3714,1501
4310: 437,4775,3218
2215: 972,475,2533,85,2776
4705: 4369,2330,1836,2523
2217: 3382,3243,2680
2218: 1997,3399,2964
2219: 895,4755
2220: 3029,1036,1631,3145
2221: 
2222: 3406
4671: 3526,4669,1071,3307,3858
2224: 1485,290,155
2225: 962,3786,677,3534,2961
2226: 3162,490,1815,3371,1506,1548
2227: 2686,3522,4765
2228: 753,3824,1382,1190
2229: 3372,588,2560
2230: 1216,1518,2760
4545: 1094
2232: 3625
2233: 1518,1138,4151,1216
2234: 4793
4644: 3642
2236: 
4600: 860,4050,3896,4588,4746
2238: 
2239: 742,3710
2240: 
2241: 1769,2353,1661,1528,4714,41
2242: 2574
2243: 
4617: 2451,4154,3147,1256,2797
2245: 3133,492,4253,2793,974
4572: 
2247: 3189,2512,2963,3627,3073
2248: 2415,545
2249: 2660,4185,692,4178
2250: 2160,4020,4650,2022,543,4768
2251: 
2252: 976,508,4700,1939,39
2253: 4556
2254: 2000
2255: 2849
2256: 564,4564,1803,2677
2257: 4288
2258: 1329,50,378,1162,1967,3228
2259: 367
2260: 3928,118
2261: 1831,3424
2262: 
2263: 2429,4819,1370,2542,1995
2264: 548,3502,4293
2265: 1088
2266: 1341,3173,214,1106
2267: 3661,2626
2268: 
2269: 1009,598,1659,4259
2270: 1607,3185,2161,1855
2271: 1536
2272: 2599,4538,3964
2273: 4026
2274: 1568,1017,3317
2275: 2019,4350,4258
2276: 3099
2277: 1919,1860,1020,189
2278: 1908,443,3007
2279: 3321,770,1696,1779
2280: 1641,2485,2664,816,373
2281: 4393
2282: 1826,836,983
2283: 578,2689
2284: 125,4063,1533,633,4276
2285: 1825,1350
2286: 2693
2287: 4580,309,2646,419,3580,2860,4584
2288: 3705
2289: 737,283,2452
2290: 3839,2299
2291: 
2292: 3539
2293: 3878,3722,2408
2294: 4718,1014,3694
2295: 2028,1597,1471,2922,406
2296: 3120,4408
2297: 
2298: 215,3769,1619,1272
2299: 4477,2290
2300: 4321,574,4514
2301: 3523,2691,2717,4686
4661: 519,4435,3008,2542,1771
2303: 235,3415
2304: 3568,4236,1825,4460
2305: 3460,593,4363,1783
2306: 3497,349,843,1694,3310
2307: 2146,4513,887,3020,4607
4381: 124,3754,3667,3102,2208
2309: 1486,2334,531,2595,3045
2310: 3432,4051,3938,3896
2311: 4815,3085,507,1608,3108
4740: 342,1730,3411,3605,296,3874
2313: 3227,2830,419,1112,4580
2314: 
2315: 
4474: 4747,4613,886
2317: 4098,661,1699,293
2318: 4469,1516,3869,339
2319: 1907,1932,2090
2320: 3818,4744,944,3162
2321: 303,2553,2589
2322: 1057,1365
2323: 4602
2324: 2522,1908
2325: 2077,4194,4754
4307: 4552,4056
2327: 484,1980,4128
2328: 559
2329: 2115,358,2854,2654
2330: 2102,2024,1836,4705,1377
2331: 3945,617
2332: 3406,3507
2333: 
2334: 1486,2309,4230,2595,2773
4369: 4576,3271,4705,1836
4707: 1133,1868,1411,2142,1670
2337: 4224,3933,1306,4374
2338: 2160,600
2339: 2182,823,3280,3559,2164,1196,1769,2353
2340: 3814,3922
2341: 3537,337
2342: 284,2754,71
2343: 1453,3245,4758,656
4256: 3551,3464
2345: 1511,4653,991
2346: 3232,3923,3883,4723,3394
4358: 
4778: 4622,666,23
2349: 
4395: 703
2351: 411,1184,4524,4540
4553: 1735,1959
2353: 1769,2241,3559,3199,4714,2339
2354: 2606
2355: 4822,232,325,3196
2356: 
2357: 4604,4780,1745,3859
2358: 3211,969
2359: 1183,1970,2607,4703
2360: 1185,1939,1390
4280: 1086,3285,4726
2362: 3155,569,4809,3525
4594: 2998,261
2364: 573,857,2657,2828
2365: 
2366: 103,2963,4197
2367: 4026
2368: 838,1,2608,204
2369: 3034,4439,772
2370: 1792,1139,1910
4551: 2704,3087,1084,4057
2372: 468,1093,3052,2065
2373: 4019,384,734
2374: 3335,2736,334
2375: 4081,2804,3523,972
2376: 1718
4268: 2516,2835
2378: 4539,2587,4344,3641
2379: 2067,187
2380: 
2381: 2832
2382: 2673
2383: 717,59,2911,1348,1206
4540: 1532,2826,2351
2385: 262,4632
2386: 
4437: 
2388: 
2389: 293,2737,684
2390: 1767,3273,455
2391: 429,2785,1395,573,857,4459,1034,270
2392: 3357,4384,3153,2471
2393: 78,4372
4549: 2731,2654,4797
2395: 
2396: 1456
2397: 3177,1007
2398: 3643,3783,1544
2399: 1893,2716,3523
2400: 2671
2401: 729,446,1413,4162
2402: 828
4799: 2626,4500,4767
2404: 4754,512,260,992,1697
2405: 2524
2406: 1335,3107,2840,2767
2407: 
2408: 1641,2293,3878,2070,3722
2409: 1327,4076,4505,228,2094
2410: 48,2858,1650
2411: 2116,864,712,3420
2412: 171,1797,2845
2413: 3278,4592,4359,4611,2580
2414: 391,3446,734
2415: 2248,4780,101
2416: 4697,1324,1721,4569,564
2417: 4364,2755
2418: 1521
2419: 1854,1031
2420: 921,1732,4323,2080,4655
2421: 4132,619,2916
4748: 
2423: 3477,4606,976
2424: 4201,2989,2572,3135,3787
2425: 
2426: 733,2127,1029,3786
4496: 272,1975,4463,4210,3784
2428: 
2429: 2263,1370
4419: 4575,515
2431: 2640,3626,4554,247,1849,3492
2432: 2637,1065,1914
2433: 2767,1440,2840
2434: 
4376: 720,431,345
2436: 4229,3580,1180,1445
4350: 3014,3714,2275,1922
4427: 3928,4171,3159,2913
2439: 1,2608,1212,1955,4450
2440: 
2441: 4175,2764,3047,4444,1827,668
2442: 3571,2995,1494
2443: 4085,2716,4006
4222: 100,4544
2445: 996,483,960
2446: 680
2447: 4515,4417
2448: 4197,1771,979,532
2449: 1320
4789: 4443,3454,314,929,2773,1948,3323,1916,1928,4372
2451: 4558,4154,1687,4617,1256
2452: 1846,2289
2453: 1832,2690,3989,1915
2454: 2506,1224
4659: 4147,1227,2704,3087,2570
2456: 2928,2672,4183,4161,1677
2457: 2663,2482,279,145
4576: 4369,3271,4384
2459: 4524,4221,2826,3476
2460: 666,1454,4512
2461: 1159,31
2462: 3867,376
2463: 1357,45
2464: 4166,2889,3955
2465: 2856,990,4732
2466: 4525,2747,625,4269
2467: 4288,3563,3542,3943
2468: 1776
4267: 3851
2470: 3442,1323
2471: 3607,2392,3153
2472: 371
2473: 3670,1009,3907,2044,1659
2474: 1784,2544
2475: 4666,2739,1142,3843
2476: 2174,1267,3369,2543
2477: 157,640,4455,3974
2478: 1679,2510,144,4488,4587,3202
4188: 2813,3600
2480: 451,1067,134,4665,1316
4495: 631
2482: 3679,2457,3634,4767,2132
4796: 1779,4327,3597,810,1374
2484: 4041,1082,4158
2485: 1641,2280,4390,2189
2486: 
2487: 
2488: 466,2066
4663: 3109,1733,1577,550,85,1432
2490: 3629,4340
2491: 1355,1812
2492: 
2493: 12,2772,3190
2494: 
2495: 170
2496: 839,2898,3975,517
2497: 1289,1103,3964
4533: 2546,1149,3859,985
4718: 2294,299
2500: 1141,818,1476,4586,904,2191
2501: 
2502: 759
2503: 4458,3458,1598,2878,2859
2504: 719,852,1954,562,751
2505: 592,3239
2506: 2454
4508: 4790,2170,707,4176
2508: 832,173,4142
2509: 1186,4169
2510: 2478,144,3202,1879,1738
2511: 2882,1976,133
2512: 3189,2247,4658,3627
4725: 3042,775,586,4548
2514: 408,755,2753
4189: 1253
2516: 4268
2517: 1740,1391,4007,1468
2518: 4206,892,3922,1591
2519: 2125,835,988
2520: 3158,2130,1637
4425: 
2522: 1131,2324
2523: 3139,3357,4705,1377
2524: 2405
2525: 
2526: 1326,1201,5,3350,2962
2527: 
2528: 3050,3733,1001
4730: 
2530: 3464,1813,4779
2531: 980,1166,3052
2532: 1353
2533: 1232,2804,2215,972,475
2534: 4286,3940,4096,575
2535: 874,4312,2670
2536: 692
2537: 514
4516: 1088
2539: 
2540: 1183,503
2541: 2718,3890
2542: 3008,1995,2263,4661
2543: 2920,2476,3369
2544: 1385,3814,2474
2545: 2950,4598
2546: 37,4533,1543,1512,1149
4435: 519,4661
2548: 236,2798
2549: 989,4616,3976,1488,3290,2126
2550: 1942
2551: 619,2916
4193: 4303,2563,2734,4024
2553: 303,2321,4363
4636: 4412,4180,4657,2099
2555: 
4368: 1490,11
2557: 3320
4422: 2122
2559: 628,2069,1396,33,3169
2560: 588,4207,3372,2627,4252,2229
2561: 2187,2633,4583,3924
2562: 3619,1168
2563: 4193,4303,1136,4002,294
2564: 4653,410,3063
2565: 2940
2566: 2959,1622,968,4101
4580: 309,2287,3227,4783,2313,289
2568: 1524,2764
2569: 1347
2570: 3976,3095,4659,1227
2571: 2934,1683,4305,4149
2572: 4201,1223,2424,4009,3135,2038
2573: 
2574: 3196,2242
2575: 3058,4753,1383
2576: 3516
2577: 4251,3437,4528,1271
4488: 2208,4587,3314,2478
2579: 4704,1711,952,846,12
2580: 2413,1992,3532
2581: 878,2613
2582: 3182,4318
2583: 4348,1982
2584: 4693,174
2585: 4747,4613
2586: 4483
2587: 4539,2378,3544,3745
2588: 4546
2589: 3251,1862,2321
2590: 3632
2591: 1812
2592: 471
2593: 2151,3360,4239
2594: 
2595: 531,2334,2309
2596: 1592,531,4094
2597: 503,4125,3582,372
4447: 2712,4772
2599: 2272,1104,3685,3964
4497: 2058,4208,4527
2601: 464,1542,3240,4649
2602: 482,331,4821
2603: 4680,340
2604: 3164,3024,3968,3417,2719
2605: 3540,4716
2606: 2354,4279,1480,1061
2607: 4709,4703,2181,2359
2608: 1,2439,2368,4450,648,204
2609: 1326,1201,4213,643
2610: 3578,3486
2611: 1766,4289,2639
2612: 3848,1467,2088
2613: 3793,436,878,77,2581
4332: 3102,933,1677
2615: 2205,4809
4687: 1894,4304,4275,665
2617: 1484,3764,3123
2618: 3056,624,2781
2619: 1246,2853
4538: 1275,1103,4591,752,2272
2621: 1903,1971
2622: 4338
2623: 1682,2652,3911
2624: 4757
2625: 1775,1255
2626: 2267,3661,4799
2627: 3372,1459,2140,99,4228,2560
2628: 3015,1904,266,4736
2629: 4416,1396,33,319
4746: 4588,4071,4600,860,550,1577
4766: 1965,4773,732,1789
2632: 4326,2800
2633: 2187,2561,209,4583,1541
2634: 980,1166,3620
2635: 727,681,971,3623,2707
4714: 1528,1775,3199,2241,2353
2637: 1963,245,2432
2638: 3246,74
2639: 2150,3107,4421,1766,2611
2640: 2431,4554,49
2641: 1842,1312,4058,2029
2642: 3302,3848
2643: 3791,1857
2644: 1495,2014,909
2645: 
2646: 2903,4596,419,2287,3580
4338: 2622
2648: 787,1884,3603
2649: 79,4352
2650: 500,4331,3573,844
2651: 
2652: 2623,1507
2653: 1473,1813
2654: 4549,2329,2115
2655: 1488,3095,1575,4140,891
4468: 2861,1205
2657: 1757,156,2364
2658: 1006,1410
2659: 2847,4785,165
2660: 2249,4185,3715,3842
2661: 220,3952,3032
2662: 827,1057,1365
2663: 2457,3634,1698,279
2664: 2133,2280,373
2665: 259
4416: 1396,2629,33,319,4557,1919
2667: 2703,4220
2668: 
2669: 2836,911
2670: 3830,4377,2535
2671: 2400
2672: 2456,868,4183,1319,3786
2673: 2382
2674: 3130,3038
2675: 589
2676: 1499,1093,848
2677: 658,2752,4564,2256
2678: 4414,3363
2679: 
2680: 71,2779,2217
4529: 3618,4286
4385: 969,3211
2683: 1310,1601,3055,3894,1693
2684: 2166
2685: 2935,3763,3695
2686: 2227,3522,4365,4765
2687: 4028,2069,1990,1016
2688: 545,4342,3018
2689: 578,2283
2690: 1003,3989,1915,2453
2691: 3523,2301,4686,1232,2804
2692: 2960
2693: 2286,4075
2694: 42,1557
2695: 1343,2969,584,1927,2119,3065
4752: 2196,2006,4217,3362
2697: 1742,3777,1084,4057
4212: 3191,2885,3471,3822
2699: 
2700: 4114,3798
2701: 3813,1007
2702: 1423,1620,4049,3751
2703: 4220,2667
2704: 4551,3087,4659
2705: 1591,1352,1791
4366: 3486,1934
2707: 3251,2635,971,4363
2708: 2055
2709: 2743,1650,2822
2710: 4037
2711: 1814,1467,762,2088
2712: 4428,3035,4447
2713: 377
2714: 1867,494
2715: 576,1240,4574,3016
2716: 4085,2443,2399
2717: 4170,4686,3731,2301
2718: 362,2541
2719: 156,3417,2604
4210: 1114,4463,272,4496,4211,119
2721: 
2722: 212,3915,4319,4064,1152,1006
2723: 2793,2018,3079,1398,3133
2724: 1960,1885
2725: 2201,3070,4467
2726: 1712,1184,1888,3530
2727: 
2728: 3381,969
4612: 3076,192
4270: 1232,2908
2731: 4549,4797,3034
2732: 4804,3731
2733: 238
2734: 4024,2070,3722,4193
2735: 4289,3257
2736: 2374,4371,510,1649
2737: 2389,230
2738: 3768,3758
2739: 222,88,2475
2740: 1768
4480: 1582,1359,3969
2742: 3209,540,2770,3408
2743: 2709,1829,136
2744: 949,1881,2881
2745: 4602,3828
4747: 4474,2585,2200
2747: 625,2466
2748: 1602,328,2784,2210,1498
2749: 3708,884,1192
2750: 1731,3056,2983
2751: 4426,3272,3252,671,2182,823
2752: 658,2677,756,1314,3217,924
2753: 1850,755,4305,1785,2514
2754: 1991,2342
2755: 2417
2756: 2795,1516,3869
2757: 858,899
2758: 3149,1284,3142,3583
2759: 615,3079,974
2760: 1146,3200,2230
2761: 4674,4115,612,3392
2762: 
2763: 
2764: 2441,2568,1524,1827
2765: 806,3909,1645,761
4606: 976,3064,2423,39
2767: 2433,1440,2406,273
2768: 
4374: 2337,4327
2770: 2005,3951,2742,646,908
2771: 4818,1282,642
2772: 3788,4199,2493,3811
2773: 929,2920,2334,4789,4443
2774: 233,3074,3537
2775: 1149,985
2776: 550,85,1522,4174,2215,475
2777: 1135,4404
2778: 1875,268,3072,4251
2779: 3532,2680,3772
4352: 601,2649
2781: 3056,2618
2782: 4279,665,420
2783: 1225
2784: 3911,381,2210,2748
2785: 429,2391,21,270
2786: 
2787: 4390,2990,3769
2788: 3412,1414,4492,1927
2789: 1152,932,1074
4224: 2337,3933,1306
2791: 2054
2792: 4111
2793: 2018,3079,974,2723,2245,3133
2794: 290,3253,2205,4399
2795: 2756,268,72
4522: 
2797: 635,4617,379
2798: 236,2548
2799: 
2800: 4326,2632,2084
2801: 343,3206,3313
2802: 301,3914
2803: 889,3712
2804: 1232,2533,2691,972,2375
2805: 3913,4411
2806: 3491,3426
2807: 4039,4770,2185
2808: 
2809: 1581,3558
2810: 3840
4397: 1311
2812: 4476,2066,1955
2813: 4188,3600,4697,1276
2814: 4375,216,3743
2815: 497,2991
4744: 3818,2320,3162,3371
2817: 244,4536,3977,1165
2818: 1856,725,1388,2168,4144
2819: 3860,1587,188,3410
4822: 232,2355,325
4649: 2601,3833,999,3240
2822: 1650,936,2709,1724
2823: 1893,1687
2824: 1665,222,2007
4261: 1014
2826: 3476,2459,4524,4540
2827: 126,3214
2828: 263,1395,3331,573,2364
2829: 1359,3064
2830: 3227,2313
2831: 815,1160,2895
2832: 2381
2833: 2064,2112,3889
4317: 1427,782
2835: 3170,4268
2836: 4804,2669
2837: 3564
2838: 
2839: 422,334,2918,937
2840: 1335,2406,2433
2841: 1861,4259,346,4651
2842: 4585,862,1607
2843: 
2844: 1258
2845: 2412
2846: 
2847: 2659,2136,165,4804
2848: 1010,2182,3280
2849: 587,4666,2255
2850: 3187,3517
4235: 1796,322,3069,4434
2852: 3573,132,3061,63,3186,3986,4331
2853: 2973,2619
2854: 4439,2329
4380: 1667,301
2856: 2465,990,36,296,342
2857: 1418,891,4589
2858: 2204,530,2410,1650
2859: 2878,2503,4458,4595
2860: 4584,309,2287,3690,4806
2861: 4468
2862: 
2863: 
2864: 124,580,3640
2865: 2131,4593,2962
2866: 227,41,1715
2867: 
2868: 3283,3803,1841
2869: 1986,3137,3318,1399
2870: 3322
2871: 1530
4219: 930,4633
2873: 481,3468,2111
2874: 623,4011,277
2875: 651,3541,4812
4723: 654,3394,2346,3232,280
2877: 1362,1657
2878: 150,3175,2859,1598,2503
2879: 24
2880: 4739
2881: 4245,2744
2882: 2511,903,1566
2883: 4404
2884: 2945,608
2885: 3191,4212,4772,278,1550
2886: 3744,102
4208: 2058,230,4497
4411: 2805
2889: 3987,2464,3955,4405
2890: 854,1617,4776,572
4575: 515,4419
2892: 201
2893: 2976,743,991,410
2894: 
2895: 1160,432,2831,2188
2896: 4282,3360,1855
2897: 595,1225
2898: 839,2496,3975,1375
4383: 1569,1191,4542
2900: 3392,228,4505
2901: 2123,4737
2902: 3995,4563,3344
2903: 2646,4596,419,1112,3897,919
2904: 1210,4060
2905: 
2906: 4676
2907: 1553,3931
2908: 4270,1232,1874,3832
2909: 2939
2910: 3238
2911: 2383,1160,1348
2912: 4349,4720
2913: 1820,3183,4427,3159,3116
2914: 3796,4325
2915: 3936,3349,565,506,3675
2916: 2551,619,2421,2155
2917: 1625,981
2918: 479,4142,1008,422,2839
2919: 3544,1092,4582
2920: 2543,3454,2773,4443
2921: 
2922: 1354,2295
2923: 
2924: 3552,3309
2925: 
2926: 4708,4451,65,2056,1441
2927: 3560,1055,4645
2928: 677,2456,4587,4161,3202,4005
2929: 
2930: 4082
4599: 4620
2932: 4232
2933: 4510
2934: 2571,801,1683,1850,4305,2106
2935: 2685,3763,3695,2975,4635,1447
2936: 1374,3597,1253
2937: 
2938: 1097
2939: 2909,1338,2993
2940: 2565,3354
4657: 4180,4494,4636,3743,3188
4569: 4697,1276,2416,2167
2943: 3131
4458: 2503,3458,2859,1205
2945: 2884
4451: 4357,2926,3438,2056,357,3877
2947: 3641,4482
2948: 
4216: 1891,4030,1294
2950: 2545,553
2951: 3376
4282: 2896,3887,3360,438,1378
2953: 
2954: 145,1222,4090
2955: 3938,1245,3432,732
2956: 3101,2120,352
2957: 3511
2958: 956,4691,4668
2959: 2566,4243,4046,4101
2960: 67,2692
2961: 3534,1376,493,2225
2962: 4231,561,2526,5,2865
2963: 2366,103,3046,2247
2964: 3399,3713,2218
2965: 
2966: 3059,3215
2967: 3463,3200
2968: 3289,1662,3988,1937,3897,4596,4229
2969: 1343,2695,1647
2970: 3956,943,1606,4036
2971: 949,1881,1046,1816
2972: 3362,1100
2973: 2853,3431
4813: 4769,164
2975: 3695,2935,1447
2976: 2893,743,1317,4184
4258: 4633,3014,2275
2978: 3387
2979: 1784
2980: 1470
2981: 77,217
4577: 3790,648,204,547,4609
2983: 3056,624,2750,4763
2984: 778,4215
2985: 473,1302,727,681
2986: 3525,4298,742
2987: 4211,1079,25,1114
2988: 
2989: 4201,1231,2424,3787,834
2990: 3066,2787
2991: 1321,497,2815
2992: 2132,145
2993: 3032,2939
2994: 973,1435
2995: 1513,2062,4003,1494,2442
2996: 3399,886
2997: 
2998: 4594,2050
4476: 2812,4450,1668
3000: 3063,743
3001: 3675,605,1524
3002: 3037,568,863,513
4618: 4394,4806,3690
3004: 4103,502,1197
3005: 4801,210
4589: 891,2857,390
3007: 2278,3441
3008: 4111,2542,1995,4661,1771
3009: 4337,4590,183
4284: 183,3917
3011: 290,3253,52,3531
4432: 4515
3013: 1131
3014: 4633,4350,4258,3714,930,1780
3015: 777,2628
3016: 3875,652,1240,2715,766
4242: 1907,1490,2090
3018: 3154,2688
4628: 3335,504,3391,4526
3020: 3369,4607,2307
3021: 
3022: 3229
3023: 3643,1852,1544
3024: 2604,3164,1445,3968
3025: 
4446: 1244,4757
3027: 
3028: 3712
3029: 1036,1291,2220,4489,1342,1631,630
3030: 1896,3254,141
3031: 554
3032: 3952,2661,2993
3033: 4379
3034: 4439,2369,772,2731
3035: 1034,4428,263,1395,2712
4238: 1272,4406,3201,3775,1501
3037: 3002,152,568
3038: 1911,2674
3039: 804,3304,3672,669
3040: 1876
3041: 
3042: 4725,775,896,433
3043: 1664,4503
3044: 3779,3338,121,1558,3657
3045: 4094,1793,531,2309
3046: 1422,4782,2963
3047: 4444,1337,2441
4303: 4193,2563,229,3083,1136
4192: 279,4731
3050: 4486,1770,2528,3733
4344: 4539,2378,814
3052: 2372,980,2531
3053: 3851,3385
4249: 3797,714
3055: 1052,3894,2683
3056: 624,2983,2618,2750,2781
4204: 3376
3058: 2575
3059: 2966,3798
3060: 4699,19,3389
3061: 132,2852,63,3186
3062: 2023
3063: 3000,743,410,2564
3064: 4606,2829,39,285
3065: 2119,1927,4574,2695
3066: 2990,3827,2072
3067: 3089
4678: 1653,3982,3359
3069: 4235,1796,322,3708,914,3997
3070: 1220,2725
3071: 3436,2052,1181,1200
3072: 2155,4528,2778
3073: 3189,2247
3074: 233,2774
3075: 
3076: 4612
3077: 575,1108,3565
3078: 
3079: 2793,2018,974,2723,2759
3080: 2172
3081: 1783,3510
3082: 
3083: 766,229,1059,1240,1136,4303
4443: 4789,2920,3454,314,929,2773
3085: 1228,2311,507
3086: 
3087: 4551,2704,3807,4659
3088: 791,3855,4805
3089: 3067
3090: 
3091: 1369,1693,3912,4077
4750: 3645,1076,3547,4124,2198,4517
4695: 
3094: 1574
3095: 2570,3976,1488,1575,2655
3096: 
3097: 50,3610,2111,1638,599
3098: 245
3099: 2276
4709: 2607,4703,4048
3101: 3428,2956,552,2120
3102: 1346,4332,3667,4381,2208,1677
3103: 1079,1133
4565: 
4527: 3431,649,3423,4497
3106: 4543,3604,331
3107: 1335,2639,2150,1766,2406
3108: 4660,2013,2311,1608
3109: 4663,1733,1577,4071
3110: 2075,2129,1373,3723
4791: 4429,3671
4309: 4276,1454,3411,3312,4512,3874
3113: 
3114: 1350
3115: 1101,3324,1734
3116: 3183,2913
3117: 3356
4686: 2717,1874,1232,2691,2301
3119: 
3120: 2296
3121: 4689
3122: 
3123: 2617
3124: 1924
3125: 3905,220,4818
3126: 682
4524: 2459,1134,2826,411,2351
3128: 1303,69,1335
3129: 426,1193
3130: 2674,998
3131: 3717,2943
3132: 1197
3133: 2245,2793,2723,1398,4698
3134: 1808,95
3135: 2038,2572,2424
3136: 1161
3137: 1986,2869,440
3138: 3315,365,3325,1747
3139: 2523,22,1722
3140: 
3141: 
3142: 26,3438,2056,2078,1284,2758,3583
3143: 
3144: 4003,4333,4398
3145: 2220,1004
4820: 3678,4167,3664
3147: 4532,1845,4617,635
4361: 3564
3149: 2758,711
3150: 894,4124,4629,3478,2198
3151: 
4414: 1517,4043,2678,4311
3153: 1031,2392,4306,2471,3607
3154: 3018,1425,308,1739,1492
3155: 2362,178,569,4809
3156: 1720,1165,3315
3157: 
3158: 2520
3159: 4427,2913
4370: 1129
3161: 4234,4627,4792
3162: 490,2226,1805,4744,2320
3163: 492,1266,1859,3650
3164: 2604,3024,3893,704,3575
3165: 1953,4802
3166: 4004,4061,4264
3167: 3704,322,4434
4584: 2860,3893,2287,3580
3169: 3176,1016,1860,33,2559
3170: 2835,1333
3171: 3959
3172: 1039,3909,806
3173: 2266,1341,528,896
3174: 
3175: 2878,1598,1091
3176: 1016,1860,3169,1020,1743,2199,4308
3177: 1007,2397
3178: 213,3487,1973,4272,3198
4783: 3227,1547,3603,916,4580,289
3180: 4749
3181: 4001
3182: 2582,4318,4014
3183: 1820,2913,3116
3184: 1135
3185: 2270,2161,1570,684
3186: 63,4771,3061,2852
3187: 2850
3188: 3743,398,4657
3189: 2512,2247,3073,2112
3190: 4627,2493,3545,817
3191: 4212,2885,3822,3271
3192: 
3193: 3306,3891,3818
3194: 
3195: 931,1191
3196: 2574,2355
3197: 
3198: 3806,4785,428,4272,1722,3178
3199: 3559,1775,4714,2353
3200: 1146,2760,2967,3447
3201: 18,1619,3775,1272,4238
3202: 4005,4587,2928,1679,2478,2510
3203: 
3204: 583,1507
3205: 395,1340,3295
3206: 1521,2138,343,2801
3207: 944,3306,3891
3208: 3345,1185,740
3209: 2742,1046,540,1816
3210: 2090,1490,2193,1595
3211: 2358,4385,969,983
3212: 1154,4807
3213: 1678,4296,205,4810,1177
3214: 126,4808,2827
3215: 2966
3216: 3401,508,3477
3217: 1314,2752,924
3218: 2116,864,1748,3737,4310,1515
3219: 
3220: 1544
3221: 1363
4232: 2932
4382: 3339,4391,4274,739,1457
4312: 1922,2213,2535
3225: 1120
3226: 4684,3696,799
3227: 4783,1547,2313,2830,4580
3228: 1967,1882,3790,2258
3229: 4247,3022
3230: 653
3231: 3974,640,1575
3232: 2346,3923,4723,3416,2012,280
3233: 3873,4128,4544
3234: 2077,4194,4688,1382
4786: 867,998
3236: 1469,549,3608,1127,4823
3237: 1111
3238: 2910
3239: 2505
3240: 999,8,1542,2601,4649
4615: 708,1090,3962,4679,1305
3242: 3282
3243: 3382,2217,788,4103
4571: 49,2157,3792
3245: 4758,2343
3246: 2638
4810: 4296,205,1033,2065,1701,369,3213,1177
4797: 2731,4549,776,3925,224
3249: 1345
3250: 4681,1096
3251: 2589,2707,4363
3252: 671,3336,678,2751,4426
3253: 290,2794,3011
3254: 3030,1961,1924,793
4362: 1767,1917
3256: 
3257: 1613,2735
3258: 1546,695
3259: 722,2029
3260: 1371,645,4022
3261: 3464,4611
4225: 
4241: 219,3470,516,1802
4645: 2927,1338
4251: 2577,3437,4528,2778,1651
3266: 4559,1764,3711,4530
4774: 
3268: 357,1095,1063,1503
3269: 1680,567,113
3270: 4795,763,448
3271: 4369,4576,3191,1836
3272: 2751,3609
3273: 3788,455,2390,1121
4525: 2466
3275: 1549
3276: 1075,1497
3277: 
3278: 2413,4592,1992
3279: 736,277,3439
3280: 2182,823,2339,1769,1010,2848
3281: 
3282: 3242,534
3283: 3803,2868,4339,839
3284: 3415,783
3285: 1086,4280,1849,3492
3286: 1456
3287: 1241,1198,3290,871,153
3288: 3991,2139
3289: 2968,1662,3988,217,622,404
3290: 3287,2549,871
4342: 326,1249,2688
3292: 332,4121,1941,3418,338
3293: 90,1725
3294: 935,2128,767
3295: 1340,3726,3205,3831
3296: 
3297: 1375,503
3298: 3332,1204
3299: 4149,1492
3300: 3900
4722: 2041,4334,1318,3302
3302: 2642,2041,4334,4722,4108
3303: 4160,3620,318
3304: 3039,1834,458,3672
4475: 602,1541,4076
3306: 3193,3891,3207
3307: 3858,1384,4671,3334
3308: 3601
3309: 2924
3310: 4337,2306
3311: 
3312: 820,4512,3874,4309,321,1981
3313: 4401,2801
3314: 551,4488
3315: 1788,365,3138,3156,1720,1747
4726: 1086,4280
3317: 1017,2060,2274,351
3318: 1399,772,2869,10
3319: 4547,4119,4042,3804
3320: 2557
3321: 2279,1696,1190
3322: 2870,174
3323: 3856,1948,4789,2020
3324: 3115,1734,4160,4143
3325: 2212,865,365,3138
3326: 1304
3327: 470
3328: 2101,282,421,1475
3329: 
3330: 
3331: 4578,1871,581,2828,263
3332: 164,3298
3333: 3374,131
3334: 3307,849
3335: 4628,2374,4526
3336: 3252,671,1633,3888,678
3337: 4668,1405,3966
3338: 4163,1011,3779,3044,3657
3339: 4382,1457,3996
3340: 90,1502
3341: 1091,593,904,1141
3342: 420,938,376
3343: 1806,1394,3941,1928
3344: 4407,2902,3995,4093
3345: 3561,3208
3346: 1283,596
3347: 3615,831
3348: 4816
3349: 2915,3882,1263,3524,506
3350: 1201,2526
4230: 1486,2334,1948,254
3352: 534,4466
3353: 4815,3854,3546,4603
3354: 2940
3355: 34,1022,3465
3356: 3117,1250
3357: 2523,2392,4384
3358: 3849,4129,255
3359: 1785,2159,4678
3360: 4282,2896,2593,4239
4800: 
3362: 2972,1100,4752,4217
3363: 2204,2678,1517
3364: 203,3624
3365: 3654,3645,3547,1127
3366: 178,3704,98
3367: 4387
3368: 1709
3369: 3020,4607,2476,1267,2543
4378: 1298
3371: 4744,2226
3372: 1993,2627,1459,2560,2229
3373: 
3374: 3333
3375: 3378,4642
3376: 4204,2951
3377: 521,1998,161,3825
3378: 3375,3705
3379: 4036
3380: 
3381: 2728
3382: 3243,2217,1991,788
3383: 3949
4288: 3563,2467,2257
3385: 3053
3386: 2160,4020,3678
3387: 2978
3388: 656,3586,1279,4319,212
3389: 4699,3060
3390: 2026,4011
3391: 4628
3392: 2900,228,2761,612,901
3393: 4464,1424,4330,0
3394: 948,4723,654,1940,1018,2346,3883
3395: 4038,3513
3396: 
3397: 
3398: 1652
3399: 2996,2964,2218
3400: 1951,680
3401: 508,3216,3477,976
3402: 4113
3403: 4137
3404: 4463,1668,1114
4237: 4666,88
3406: 2332,2222
3407: 4200
3408: 3623,2742,540,1288,58,2005
3409: 427,2012,1567
3410: 1314,2819
3411: 3605,4309,4740,3874
3412: 1437,1762,1080,1646,1414,2788
3413: 2196,2190,3470,516
3414: 3665,894
3415: 3284,2303,783
3416: 2012,3232,875
3417: 156,2719,2604,655,3968,1757
3418: 2207,332,3292
3419: 3647,4462,3896,1278
3420: 3630,712,2411,3659,4771,4794
3421: 197
4823: 2038,549,3236
3423: 649,4527,3431
3424: 999,1831,2261
3425: 310,1951
3426: 4510,2806
4470: 1640,6,4795
3428: 3101,1895
4771: 3659,4794,3420,3186
3430: 
3431: 4527,3423,2973
3432: 2310,3938,2955,3647
3433: 
3434: 3801,888,53
3435: 851,1665
3436: 3071,767,1405,3966,4333
3437: 2577,4251,1271,486
3438: 26,2056,3142,3583,357,4451
3439: 495,3279
3440: 881
3441: 3007
3442: 2470,1323
4334: 2041,4722,3302
3444: 1823,1634
3445: 4287
3446: 391,2414,609
3447: 52,1146,3200,2076
3448: 1987,3742
3449: 
4239: 107,3360,2593,2151,1867
3451: 4272,22,702,40
3452: 4654,835,1976
3453: 1998,150,380
3454: 335,314,2920,4789,4443
4321: 574,2300,2063
3456: 3997,322
3457: 
3458: 2503,4458,76,469,3493
3459: 
3460: 2305
4190: 1097,2103,4244
4779: 2530
3463: 1573,2967
3464: 2530,1813,3261,4256
3465: 246,3734,3355
3466: 3953
4591: 4538,1275,752,1176
3468: 972,2873
3469: 
3470: 4241,219,3413
3471: 1034,429,4212
3472: 3617
3473: 2184,4784
3474: 
3475: 1372,1520,1394
3476: 2826,3728,3756,4221,2459
3477: 3820,2423,3401,3216,976
3478: 2118,2198,3150
4642: 1758,4053,3375
3480: 297,294,4118,4002,4112
3481: 
4203: 1991,453,4355
4428: 263,931,2712,3035
4745: 851
3485: 3924,4638,922
3486: 4473,1934,2610,4366
3487: 3178,1973,40,4272,375
3488: 4144,921,173
3489: 
3490: 4093
3491: 2806
3492: 1849,2431,3626,3285
3493: 1461,76,3458
3494: 833,661,1822
4808: 126,3214
3496: 618
3497: 2306,349,843,2118
3498: 327,1221,88
4559: 3266,1764
4765: 225,1187,1564,2686,2227
3501: 519
3502: 863,2264,548
4384: 4576,3357,2392
3504: 
3505: 4009,1223
3506: 4743
3507: 2332
4634: 1392,168
4816: 3348
3510: 904,4534,3081
3511: 2957
4379: 3033
3513: 4038,3395,1022,670
4308: 3878,2199,3176,1020
4819: 329,4054,1370,2263,1995
3516: 2576,1468
3517: 302,2850
3518: 4770,1726,1061,3538,792,1254
4454: 
3520: 
3521: 
3522: 2686,2227,396,4365,1144
3523: 2691,2301,2399,2375
3524: 795,1263,1153,3349
3525: 2986,2362,4298
3526: 4671,4669,522
3527: 3787,834,1556,3737,1748
4336: 
3529: 117,114
3530: 1888,1712,2726
3531: 52,3870,290,3011,402,1028
3532: 71,1992,2580,2779
4814: 
3534: 2961,1376,677,2225,4005,4159
3535: 186
3536: 1965
3537: 2774,2341,337
3538: 1726,3919,3518,4039
3539: 1070,2292
3540: 1863,2605
3541: 4812,2875
3542: 2467
3543: 3962,3601,2003
3544: 2919,1092,3745,2587
3545: 817,3985,3190
3546: 4603,3353
3547: 3645,4750,4517,3365
3548: 413
3549: 4453,2042
3550: 789,1170,1207
3551: 1672,4256,3726
3552: 2924
3553: 3817,1627,1430
3554: 
3555: 1898
3556: 551,1161,144,1879,4682
3557: 1126,4821,899
3558: 407,2809,1299,1005
3559: 3199,1196,913,2353,2339
3560: 2927
3561: 3345,4120
3562: 
3563: 4288,2467
3564: 2837,171,4361
3565: 3077,617
4511: 721
4255: 1857,3973
3568: 4236,2304,1825,4460
3569: 
3570: 1041
3571: 65,2442,292,1032
3572: 2159,4701,1982
3573: 132,2852,598,1861,4259,2650
3574: 
3575: 1325,3893,704,4394,3164
3576: 1391
4760: 1074,1463
3578: 2610
4245: 1255,2881
3580: 4229,2436,2646,2287,4584
3581: 3915
3582: 4213,372,4125,1063,2597,167
3583: 357,2758,3438,3142
3584: 332,4121,2018
4269: 1833,2466,625
3586: 656,3388,1074,212,1152
4658: 441,3627,2512,1605
3588: 
3589: 3940,1108,4096,675
4691: 4682,2958,956,1215
3591: 2003,1884
3592: 358,4016
3593: 3905,4300,4264,691
3594: 
3595: 3694
3596: 4106,4087,2149
3597: 4796,4327,1374,2936,1253
4514: 2300
3599: 3895
3600: 2813,4188,1684,1276,2167
3601: 1589,368,3543,3308
3602: 3813
3603: 4783,1547,2648,787,916
3604: 1260,4543,3106,331
3605: 3411,1636,296,4291,4740
3606: 
3607: 2471,3153,4306,4263
3608: 1469,549,3236,3654,1127,3615
3609: 3756,3272,392
3610: 3097,50,838
3611: 323
3612: 1176,1113,3977,1275,244,1289
3613: 977
3614: 
3615: 3347,3654,1469,3608
3616: 3671,1787,1404
3617: 3472,3704,98,1175
3618: 4529,898
3619: 2562,304,2024,1116
3620: 4160,3303,318,2634
3621: 1281,3886,4583
3622: 4716,1798,4062
3623: 3408,1799,58,727,2635
3624: 3364,285
3625: 973,1056,2232
3626: 2431,3492,1558
3627: 4658,4197,103,2512,2247
3628: 1697,992,449
3629: 118,2490
3630: 594,3420,3659
3631: 1971,4325
3632: 2049,2590,4624
3633: 544,4158,1905,3907
3634: 3679,2663,2482,4767
4593: 2131,4129,2865
3636: 3844,484
4795: 1296,763,1026,3270,4470,1640,957
3638: 185
4407: 3344,4093,476,749,54
3640: 3800,580,2864,1840
3641: 2378,2947
3642: 3852,4644
3643: 1852,3023,3783,1544,2398
3644: 1503,4712
3645: 4750,1076,3547,355,4042,3365
4548: 9,3754,4725,775,586
3647: 3908,3419,4462,3432,4773
4767: 337,4799,638,3634,2482,2132
3649: 4712,643
3650: 1859,3163,258,1324
3651: 1222,4090,923,1736
3652: 
3653: 1674,4206,1950,4119,3719
3654: 3365,1127,3615,3608
3655: 974
3656: 4233,4631,443
3657: 20,3044,3338,4163,121
4804: 2732,2847,1684,2136,2836,3731,4085
3659: 4771,3630,3420
3660: 1484,4033,430
3661: 2267,2626
3662: 1621,4802
3663: 1320
3664: 1997,1004,4820,4167
3665: 3414
3666: 1111
3667: 9,3754,1346,3102,4381
4755: 895,2219
4305: 1850,2753,1785,1653,2571,2934
3670: 2473,1905,3907
3671: 3616,4791
3672: 644,3039,804,3304
4677: 4281,1298
3674: 479,1732,1968,4655
3675: 605,3001,2915,565,506
3676: 4585,917
3677: 1880
3678: 4820,4167,1667,3386
3679: 3634,2482
4727: 427,474,2086
4646: 1050,946
4519: 1274,1233,1663
4331: 2650,2852,3986
4486: 622,3050,404,2068
3685: 446,3964,2599,1104,3844
4541: 3876,442,2158
3687: 1910,4087
4330: 876,3393,4558
3689: 4770,792,2185
3690: 289,309,2860,4618,4806
3691: 4708,1969,4801,1851
3692: 4404,27
4426: 2751,3252,678,3930
3694: 3595,2294,1014
3695: 2975,2935,2685
3696: 1590,3226
4521: 
4803: 4679,927,4465,4163
3699: 1365,827
4421: 15,2639
3701: 209,1909,579,79
3702: 416
3703: 
3704: 3167,3617,3366,178
3705: 2288,3378
3706: 4228,4343,4252
3707: 4169
3708: 2749,914,4787,3069
3709: 2126,871,3795,939,2212
3710: 1206,717,2239
3711: 1040,4086,3266,1711
3712: 193,308,2803,3028
3713: 2964
3714: 4350,3014,1780,1501,1922,2213
3715: 3842,2660,2100
3716: 4461,48
3717: 1466,3131
3718: 1073
3719: 4119,355,4685,3653,1674
3720: 1805,828,440
3721: 
3722: 2734,4024,2070,2293,2408
3723: 4619,3110,1373,4531
3724: 541,1540,1609
3725: 1594,3782
3726: 3551,3295
3727: 4724,1767,455
3728: 3756,679,3476
3729: 
3730: 
3731: 4085,2732,4804,2717,4170
3732: 1843
3733: 3968,1001,3050,1770,2528
3734: 747,3465,246,921
3735: 1304,761
4278: 4405,4638,922,1327
3737: 687,3527,3787,1748,3218
3738: 435
3739: 
3740: 1035,4277
3741: 4807,3963
3742: 1987,3448,295
3743: 3188,2814,216,4657
3744: 143,2886
3745: 1313,3544,2587
3746: 244,4536,456,1993,1459
3747: 4149,1207,789
4313: 1068
3749: 1308,2122
3750: 89
3751: 469,1620,2702,76
3752: 2193,1595
3753: 
3754: 9,4548,3667,775,4381,124
4481: 607,4091,1551
3756: 3609,3728,392,4221,3476
3757: 
3758: 214,2738
3759: 1842,1450,4680
4664: 457
3761: 3954
3762: 
3763: 2935,2685,1078
3764: 1484,4033,2617,1645
3765: 769,560,191
4436: 3831,1117
4717: 2046
3768: 1295,3816,2738
3769: 215,2298,2787,4390,1619
4206: 3653,2518,1853,892
3771: 1600,110
3772: 2779
4694: 4484
3774: 2142,1670,1564
3775: 930,1780,18,3201,4238,1501
3776: 4423
3777: 1742,2697,791,4057
3778: 790
3779: 3044,49,2157,3338
3780: 937
4563: 4552,2902
3782: 3725
3783: 3643,2398
3784: 119,4496,1975,1270
3785: 4207,4252,670
3786: 1029,962,2225,2426,677,2672
3787: 3527,2989,2424,687,3737
3788: 3273,455,2772,4199,4724
3789: 
3790: 4577,204,838,1882,3228,4609
3791: 2643
3792: 4571,2157,494
3793: 436,2068,2613
3794: 1121,846
3795: 2126,3709,4616,4198,2212,317
3796: 2914
3797: 4249
3798: 4114,2700,3059
3799: 1464,523,1533
3800: 3640,580,1888,774
3801: 3434,888,4100,4534
3802: 1858,1287
3803: 3283,2868,839,4196,1841
3804: 4042,4547,3319
3805: 
3806: 3836,4785,428,3198
3807: 1084,1647,3087
4314: 4062,1611
3809: 574,1300
3810: 1554,604,1676,2211
3811: 2772,4199
3812: 890,848,1499
3813: 2701,1996,3602
3814: 2340,2544,3922
3815: 1883,4543,1795,1260
3816: 3768,1341,785
3817: 3553,1627,4291
3818: 4744,2320,3193,3891
3819: 
3820: 3477,4286,1238
4633: 4258,3014,4219,930,1780
3822: 3191,4212
3823: 4078,498
3824: 753,2228,1190
3825: 3884,161,3377,4316
3826: 381,3838,4494
3827: 1241,1198,297,221,3066
3828: 4602,2745
3829: 
3830: 4377,2670
3831: 1340,3295,1117,4436
3832: 4174,2908
3833: 4649,4092
4532: 3147,2002,4751
3835: 1756,1549
3836: 3806,4785,428,165,89
4578: 1871,3331,655,1757
3838: 381,3826,3911
3839: 6,2290
3840: 2810
3841: 1924
3842: 3715,2660
3843: 1142,1585,2475
3844: 3636,1104,729,446,3685
3845: 680,3970,1122
3846: 811,2002
4590: 3009,2017
3848: 2612,1467,2642
3849: 3358,1789,4129,255
4375: 2814,1211,795
3851: 3053,4267
3852: 3642,3989
3853: 
3854: 4815,3353,4603,2117,1588
3855: 3088,402,3899,1448
3856: 3323,1948,254
3857: 4080
3858: 218,3307,1384,1188,4671,1071
3859: 1307,985,4533,2357
3860: 258,1587,1724,2819
3861: 1439,1623,472
3862: 1283
3863: 
3864: 4597
3865: 
3866: 2176
3867: 2462,143,1315,710
4603: 3546,722,3854,3353,2117
3869: 2756,1516,2318
3870: 52,3531,2076,4805,402
3871: 
3872: 1921
3873: 4162,3233,725,4128
3874: 3312,3411,4309,1730,4740
3875: 3016,652
3876: 4541,442
3877: 1381,357,4357,4451
3878: 4308,2293,2408
3879: 1669,4065,698
3880: 1130
4373: 1313,4415
3882: 1153,2131,4129,3349
3883: 2346,3923,1940,1880,3394
3884: 3825,4223,912,843,4316
3885: 
3886: 916,1281,3621,289
3887: 4282,1713
3888: 1485,1028,3336
3889: 2833,1530
3890: 2541
3891: 3306,3193,3207,3818
4720: 1233,1857,2912,4349
3893: 4584,704,1445,3164,3575
3894: 3055,1052,1310,2683
3895: 3599
3896: 4600,2310,3419,1278
3897: 4608,1937,919,2903,4596,2968
4498: 
3899: 905,1642,3855,1448
3900: 3300,1460
3901: 1603
4716: 1798,3622,2605
3903: 4176
3904: 
3905: 3593,3125
3906: 1546,668,4175,1883,1321
3907: 2044,1659,2473,3670,1905,3633
3908: 3647,4462,4773,1873
3909: 3172,2765,806,761
3910: 1113,215,2072,415
3911: 2784,2623,3838
3912: 3091,1693,1458,4077
3913: 2805,1611,348
3914: 426,47,2802
3915: 212,2722,1152,1006,3581
3916: 803,384
3917: 183,4284
3918: 
3919: 1279,4758,3538,4039
3920: 440,1805,490,1815
4453: 981,542,3549
3922: 4485,2340,3814,892,2518
3923: 2346,3232,3883,2153
3924: 3485,2187,2561
3925: 2001,224,4797
4749: 3180
3927: 162
3928: 4427,2260
4215: 2984,1297,1963
3930: 1051,678,4426
3931: 2907
4441: 872,187,4764
3933: 4224,2337,1306,413
4365: 396,1564,2686,3522
4544: 4128,3233,4222
3936: 2915,255,4095,565
3937: 142
3938: 2955,1245,4051,2310,3432
3939: 
3940: 4096,3589,675,2534
3941: 1806,3343,1928,2020
3942: 631,591
3943: 4346,2467,465
4781: 1741,2001,463
3945: 2331,624
4213: 3582,167,2609
3947: 1178,1592
4512: 820,3312,4309,1454,2460
3949: 3383
3950: 1703
3951: 2005,2770,646,908,1423,4049
3952: 691,3032,2661
3953: 29,3466
3954: 3761,1787,199
3955: 4405,1325,2889,2464
3956: 2970,4047,1062,943
3957: 781
3958: 877,4561,111
3959: 878,1412,3171
3960: 
4528: 3072,2577,4251
3962: 3543,4615,1090
3963: 251,3741
3964: 446,3685,1103,2272,2599,2497
3965: 
3966: 3337,1405,3436,4333
4298: 742,2986,3525
3968: 655,3733,2604,3024,3417
3969: 1238,4480
3970: 3845,2022,1122
4513: 2307,2146,4607,335
3972: 1312,1450,1123
3973: 1800,4417,4255
3974: 1534,3231,2477,640,1575
3975: 517,1970,1375,2496,2898
3976: 2570,1488,3095,2549
3977: 3612,1113,2817,244
3978: 4777
3979: 663,586,9
3980: 450
4415: 1657,4373
3982: 1653,4678,1425,1739
4611: 3261,2413
3984: 191,318,560
3985: 3545,817,4704,1040,722,1949
3986: 63,2852,4331
3987: 2889,1869
3988: 2968,3289,1662,4229,1180,404
3989: 2690,3852,2453
3990: 
3991: 3288
3992: 1472
4217: 4752,3362
3994: 4632,1416
3995: 2902,3344
3996: 1018,1457,3339,948
3997: 3456,322,3069
3998: 1000,1630,120
3999: 1911,1044
4000: 
4001: 3181
4002: 1475,2563,3480,294
4003: 3144,2995,1494,387,4398
4004: 3166,4113
4005: 3202,4159,2928,3534,2129
4006: 2443,876
4007: 395,2517,1740,1468
4214: 599,4811,1226
4009: 3505,2038,4201,1223,2572
4010: 2015,157,1295
4011: 3390,2874,277
4012: 
4013: 
4014: 1002,3182,710
4015: 2003
4016: 1695,3592
4017: 
4018: 
4019: 2373,384,734
4020: 2160,3386,2250,2022
4537: 
4022: 457,3260
4023: 701,937,1245
4024: 2734,3722,4102,4193
4418: 
4026: 2273,2367
4372: 1916,4789,2393,78
4028: 628,2069,2687,4660,461
4029: 232,1369,770
4030: 1294,4216
4402: 927,1305,919,1112
4363: 1783,3251,2707,2553,2305
4033: 1484,3764,3660
4034: 
4371: 1649,422,2736
4036: 3379,2970,1606
4037: 2710
4038: 3513,3395,1376,493
4039: 2807,4319,3538,3919
4040: 748
4041: 141,2484,4412,4158,2099
4042: 355,3645,3319,3804
4043: 1999,4172,4311,4414
4044: 1138,2032,883,4151
4275: 4687
4046: 4243,2959
4047: 3956,1062,17,943,1555
4048: 965,1583,4709
4049: 1423,2702,1862,2005,3951
4050: 4600,860,1042,1522
4051: 701,3938,1245,2310
4052: 1415
4053: 1758,4642
4054: 4819,329,1370,4449,1137
4055: 1138,750
4056: 769,4307
4057: 4455,3777,2697,1084,4551
4058: 2029,2641
4700: 508,2252,1363
4060: 1210,2904
4061: 476,3166,4300,4264
4062: 4314,3622
4063: 2284,125,854,4276
4064: 4319,2722,1410,1006
4065: 4763,698,802,3879
4066: 
4067: 577
4773: 732,4766,1965,3908,3647,1789,1873,4440
4733: 4360,4623,2181
4327: 1779,4796,3597,4374
4071: 4588,1118,4746,3109,1577
4543: 3815,1883,3604,3106
4073: 2211,2006,2190
4595: 2859,152
4075: 242,2693
4076: 922,4505,4475,2409
4077: 3091,3912,1306
4078: 3823,4166,498,447
4079: 373,459
4080: 3857
4081: 2375,481
4082: 2930
4340: 2490
4323: 34,2420,2080
4085: 3731,2716,2443,4804
4086: 952,1711,3711
4087: 3596,4106,3687,1910
4088: 
4697: 1324,1276,2416,2813,4569
4090: 1222,3651,2954,1736
4091: 4211,1868,607,4481
4092: 954,1543,3833
4093: 3344,4407,3490,54
4094: 1793,3045,2596,531
4095: 565,4440,466,3936
4096: 3940,1108,3589,2534,575
4097: 
4098: 833,2317,2147,293
4099: 454,480
4100: 3801,888,4534
4101: 968,2959,2566
4102: 229,4024
4103: 3004,3243,788
4613: 4474,2585
4105: 
4106: 3596,4087,4662,1602
4107: 4461,1499
4108: 2147,1378,3302,2041
4109: 697,2121
4346: 3943,465
4111: 3008,2792,1771
4112: 4118,3480
4113: 3402,4004
4114: 2700,3798
4115: 2761,4674,612,310
4739: 2880,4674
4751: 2171,4532,1845,2002
4118: 1380,1227,3480,4112
4119: 3719,3653,3319
4120: 2087,3561
4121: 332,3584,3292,699,338
4122: 359
4123: 431
4124: 894,3150,2198,4750,1076
4125: 1750,1063,2597,167,3582
4297: 1946,2002
4127: 
4128: 4544,3873,2327,3233
4129: 2131,4593,3358,3849,3882,255
4555: 
4444: 3047,2441,4175
4132: 2421,555
4133: 
4654: 3452,1976,903
4135: 1604,2075,1373
4136: 
4137: 1801,3403,4769
4138: 1440
4631: 3656
4140: 891,2655
4772: 2100,278,1550,4447,2885
4142: 479,2918,2508
4143: 4160,3324,4741
4144: 2168,1562,3488,2818,747
4223: 3884,746,912,235
4146: 
4147: 4659,1227,282,1380
4788: 2074,1242
4149: 3747,3299,2571
4556: 2253
4151: 877,2108,2032,4044,2233
4668: 3337,1405,2958
4153: 1966
4154: 2451,4558,4617
4155: 
4156: 
4605: 688,2076,4805
4158: 1905,4041,141,2484,544,3633,1896
4159: 4005,3534,1376,2129
4160: 3303,3620,4143,3324
4161: 2208,4587,1677,2928,2456
4162: 3873,729,2401
4163: 3338,927,4803,3657
4295: 82,2083
4165: 2140,2127,1029,4228,4343
4166: 2464,527,4078
4167: 4820,3678,3664,1667
4168: 60,117
4169: 2509,3707
4170: 2717,3731
4171: 4427
4172: 1999,4043,990
4173: 1584,4448
4174: 3832,1042,2776,1522,475
4175: 2441,4444,3906,668
4176: 873,4508,2170,3903,781
4177: 1823
4178: 692,2249
4179: 4487
4180: 4494,4657,2099,4636,1397
4181: 