0: 498,741,1999,4816
4486: 3746,3198,705
2: 413
3: 2449
4548: 3351,3640,747,3559
5: 989,774,1067,1990,3781
6: 
7: 2531,3952,242
8: 62
9: 4238,1174,723
4717: 
4739: 1342
12: 2120,3343,4719,3545
13: 3066,2113
4792: 4045,1837,3211,4110,2431,2427,2189,3934
4186: 2930,1303,834,4232
16: 4471,663
17: 1202,2393,2357,3018,2158
18: 4571,4083,2737,4217
19: 4745
20: 4538,1995,3156
21: 2823
22: 489,2712,2072
23: 
24: 
25: 1910
26: 4821,4450,3358
27: 4085
28: 
29: 
30: 1681,1159
31: 3725,3655,4793
32: 630,3724,3133,4418
33: 1891,950,1241,3543
34: 2561,3878,2061,4312
35: 4545,1085
36: 3964,927,1980,4038,1414
37: 197,4021,2643,2923
38: 4076,857,579,3292
4433: 2201,512
40: 1567,1752,3873
41: 4014,4367
42: 2809,430
43: 96,1472,2932
4461: 242,1678,2638,1863,125
45: 437,1702,831
46: 2887,2472,2860,676
47: 1132,2060,1213
48: 3812,369,4796
49: 2545,3534,2928,177,511
4628: 578,1270,2501,3277
51: 2333,543
52: 4198,1651,1952,3869
4319: 1532,1786,1741,3510,2895
54: 3052,3166,1593
55: 2175,3760,2563,1113,2734
56: 
57: 154,1030,1006,938
4561: 499
59: 3098,1653,1348
60: 3515,3643
61: 4313,3560,3052,435,4793
62: 8
4622: 1166,1033,4512,1999
64: 4239,2901,2472
65: 3527,3012,4158,354
66: 2572,4734,3314
67: 2725,1760,3912,3096
4525: 1334,4099
69: 235,3583,2137
70: 2784,398
71: 2424,2650,948,2520,2411
72: 2688,3298,1948,3982
4651: 1259,2312
74: 
75: 1242,2800,1513,4811
76: 3117
77: 297,573,3227,4686,1522
4378: 2281,2273,3783
79: 4497,3165,2519,4370
80: 4526,350
81: 3571,3297,235,2137,3951
82: 412,4599
4354: 2457
84: 770
4172: 4160,3301,345
86: 4389,947,2588,4493
87: 353,259
88: 979
89: 3962,891,3875,4576
90: 3008,3718,2489,3970
91: 1727,4144,683,4394,3112,4197
92: 4367,1353,2729,4632
93: 306,1007,3588,2046
94: 1456,771
95: 1630
96: 43,1472
97: 2343,1006
98: 1683,730,943,3974
99: 3881,3191,3488,692
100: 3173,1712,935
101: 789,4786,302,2573,2640,4789
102: 1076,1383,4517,3919,893
103: 1081,1605,1529,3242
104: 3120,2144
4733: 2690,3284,3755,4682,1211
106: 
107: 1471,2108,2697,877,3290
4241: 2395
4491: 284,802
110: 3404,1116,4093,4386
111: 2191,215,1516,3351,1319
112: 
113: 2020
114: 2775,4669,555
115: 
116: 3023,549
4626: 2528,1031,2245,2771
4784: 2618,4581,341,2940
119: 
120: 386
121: 3024,2828,4079
122: 4039,665,3034,1815
123: 459,2646,573
124: 1449,4391,1441,528,3191
125: 1863,2169,2337,2638,4461,556
126: 782,3810
127: 937,4751,826
128: 4034
129: 2867,4674
130: 
131: 1388,3271,3760,3612,3941,2734
132: 
133: 2069
134: 4211,1940,305,1479,1032,3268
135: 2121
136: 
137: 4454
138: 3720,571,1264
139: 
140: 2159,2647,3858
141: 2758,2137,1215,150
4314: 3383
143: 4646,1406,4213,4823
144: 1034,4147,3750,157
4702: 2307,722,947,4047,2588
146: 4200,3989
147: 1250,2182,4770
148: 1766,4099,3630,2639
4576: 971,89,1119
150: 3508,2758,141,1215
151: 155,1009,1756,4601
152: 3613
153: 671,4637
154: 57,896,938,2145
155: 151,1009,4601,3005
156: 4447,1325,4078,4667
157: 1677,3723,3750,144
158: 1531,976,2515,3505
159: 2467,2447,164,3463
160: 2855,1296,908,1352
161: 4158
162: 4478
163: 2347,2110,2761,1981,3417,1941
164: 2447,159
4270: 936,2804,702
166: 1376,1341,2121,1476,2547
167: 4125,1583,3524,1972,1738,2898
168: 2210,2814,3940,3180
169: 
4593: 941,4116,2488,4051
171: 193,4349,1149
4744: 4245,1234,4206,1254,2071
173: 4705,1619,3488,2535,2062
174: 1050,2012,548
175: 3869,1120,1146
176: 
177: 3374,2697,4457,49,2928
178: 
179: 700,559
180: 967
181: 4786
182: 3737,491,1950
4477: 496,284,3175,792
184: 4549,2729
185: 
4732: 1636,1724,4407
187: 3114,1367,4095,4365
188: 213
189: 4005,4209,4140
190: 3851,868,3821
191: 3049,3197
192: 1344
193: 171,4349,3210
194: 
195: 617,4104,3590
4521: 4460
197: 2296,37
198: 1413,4263,2664,2401
199: 3126,1301
4786: 302,2193,181,425,2248,1989,101
4152: 3605,1499,916,2176,1257
202: 869
203: 934
204: 1635,1882,3523,4445
205: 3490,3184,4322,1190,2980
206: 452,4132,2109
207: 3084,2732,342,2725,505
208: 1755
4767: 2789,4039,1815,2831,3252,3818,1002,2589,4027
210: 1268,2130,2488
211: 
4373: 4814,4582,3815
213: 2301,4634,188
214: 3753
215: 111,2191,1516,1084,4524
216: 2080,349,3251
217: 4667,4377,3836
218: 
219: 243,4701
220: 3055
221: 3734,2127,4147
222: 3431
4618: 1017,3778
4397: 3411
225: 713,667
226: 3790,744,3062
227: 1157,2751
4780: 3250,4533,4443
229: 4048,3750,1677
4441: 3288,2348
231: 
232: 3762,369,2819,2136
233: 3599,1894,3651
234: 2586,3916
235: 69,3297,81,2137
236: 4056,3008,4474
4520: 
4353: 2924
239: 2637,2478,3681
240: 1333,2539
241: 3519,3716,3762,2460,4641
242: 4461,7,556
243: 1151,1932,4701,1826,219
4330: 4818,691,4300,4785,3466
245: 279
246: 2330,492,1042,1189,3393
247: 531,294,4616
248: 2770,1302
249: 2064
4581: 4784
251: 3511,2944
252: 2841,3394,4274,598,2342
253: 3269
254: 2295,3412,486,3370,2937,3403
255: 1008,4074,4663,2823
256: 890,4070,2487
257: 2214,4131,509,4032
4693: 605,2426,2926,1747
259: 4774,2733,87
260: 2002,1835,4212
261: 2434,2220,1892
262: 
263: 4135,1100
4501: 1011,3494,1667,2409
265: 2145,4485
266: 3634
267: 2023,2873,4822,4716
268: 2292,1184,949,2329
4691: 446,289,939,3975
270: 1484,1256,4634,428
271: 3967,1754,1203
272: 4120,1245
273: 3449
274: 
4174: 599,1551
276: 1736,2986,868,1485
277: 2300,2425
278: 1789,4252,1970
279: 245,3634
280: 
4612: 1894,4220
282: 671,1528
4633: 570,708,581,4658
284: 802,4491,4477,792
285: 3573
4470: 1117,2116
4377: 217,4667,4276,3836,673
288: 4788,3401,4326
289: 4691,939,4589,3102
290: 2068,2133,1870,2558,1844
291: 3808,4635,3308,1014,516
292: 4551,1957
293: 2948,1258,1417
294: 1927,531,247,2405
295: 
296: 4613
297: 77,573,4128,1974,1522
298: 689,337
4371: 3780,599
300: 4752,3016,942
4813: 1121,3167,1831
302: 4786,2573,2874,101
303: 4183
4150: 1223,3111,1524,3001,1754
305: 4211,134,422,3268,3158
306: 3588,686,3874,93
307: 4526,668,3687,1150,2977
308: 1793,4094,2596,2753,569
4307: 2105,1338
4608: 2497,4449,3878,532,4098,2561
311: 669,1055
312: 3170,2696,3669,1517
313: 2390,3121
4369: 2403,518,3372,2024
315: 1526,2393,3190,3018,4492
316: 3258,1110,4232
4554: 4226,4197
318: 1938,4344,1224
319: 1034,3775,2817,766,4272
320: 1415
321: 1502,848
322: 4168,1096,3566,2755
323: 343,2824,3779
324: 
325: 3043
326: 1885,2383,1505
327: 2622,736,3317,3695
4346: 
4572: 
330: 464
331: 372,2149,1162,3921,635
332: 1883,3487,399
4356: 4529,535
334: 2536,978,3163
335: 1233
336: 2877,2686,1362
337: 3006,1429,2132,689,298
338: 1648,2562,1496,1136,3328
4657: 2620,4182,3216,4236
340: 507,4217,2642
341: 1977,2940,4784
342: 207,2732,1438,3912,2725
343: 323,1148,3779
344: 2571,717,750,742,2477
345: 4160,4172,1765,2610
4665: 1493,1104,2853,3328,2249,1136
347: 
348: 4301
349: 3245,3801,3709,216
350: 80,4708,1664
351: 2429,1421,1625,3145,2446
352: 4533,1504,777,1071,4805
353: 87,2808
354: 558,1050,65
4595: 3474,2750,3409
356: 1021,4095
357: 3654,491,4009,1944
4210: 3383,488
359: 
4649: 2132,3307,1914,4535
361: 
362: 3900,3215,2983
363: 4251,4468
364: 3448,2186,1607,1540
365: 4551
366: 3780,2736
367: 4527,1142,1976
368: 1771,674,2259
369: 48,3357,2819,2136,232
370: 2994
371: 3317,2524,4347
372: 331,1162,3921,4791,4600,3462,635
373: 2359,4343,695,3650,1732
374: 2429,1625
375: 2430,4357,517,466
376: 
377: 2165
4794: 2097,3624
379: 3797
4545: 35
381: 4804,3504
382: 
383: 1809
384: 3803,4476,4224
385: 1315,1591,4031
386: 3007,120
387: 3458,2795,1316
388: 
4718: 3038,1378
390: 1762,2408,4010,939
4637: 2199,153
392: 3537,3098,3168,2369,3318
4339: 1432,3873,1973,3650
394: 1771,1928
395: 1675,3453
396: 2370,814
397: 881,3162
398: 70
399: 3715,2279,2004,3487,332
400: 1942,1924,2376
401: 3593,669
402: 2191,747,904
403: 2692,509,4032
404: 1679,643,3358
405: 1238
4381: 2922,1493
407: 3600
408: 1661,3977,2170,2895
409: 1443,4169
4252: 2748,278,3358
411: 1881,1156,1532,1786
412: 82,2049,1735
413: 2,1537,3177
414: 604,1867
415: 475,4447
416: 
417: 4038,1414,1503
418: 2394,4269,2235,3295,1549
419: 1676,4351,1386
4382: 1444,3224,3798
421: 3087,1040,1395,3339,3138
422: 305,3158
423: 
424: 1016,4149,4002,2277
425: 2248,4786,2193,2644,1989
426: 3226,2333
427: 491,1950,3649
428: 4634,1256,270,4214,4746
429: 2024,2102
430: 2809,42
431: 2439,4765
432: 4298,3858,3220
433: 4213,2576,1751,2017
434: 3606
435: 3560,3052,3655,61,4793
436: 4416,2048,4188,699,1949,2437
437: 45,457,1702
438: 4591,3603,846,699,4479
439: 2588,4493,748,722,2543
4631: 
441: 3189
442: 1767,2514,1195
443: 4463,2149,3921
444: 3517,4711
445: 3205,549
446: 4691,3962
447: 4741,1167,4111,1541
448: 4677
449: 1624,2893
4465: 1937,901,4246,1569
451: 1647,1864,3910
452: 206,2109
4710: 1990,2857
454: 3689,627
455: 1228
456: 930,956,2553
457: 4597,437
4493: 439,2588,748,722,86
459: 3156,3164,123,573
460: 4123,3035
4176: 2742,842
462: 1628
463: 2591,2667
464: 4240,330,2742,2335
465: 3179,2957,4146
466: 4558,3577,375
4374: 
468: 1033,4816
469: 529,2306,4100
470: 895,2227
471: 1865,2324,996
472: 
473: 2477,1683,1106,2571
474: 1284,1515,2690,3755,4243
475: 415,4447,1382,673
476: 3129
477: 882,3044,2657,3190,4598
478: 1372,4187,2114,1796,3081
4725: 2655,2199,4161
4257: 4672,1199,2909,3625
481: 3557,1908,3244
482: 3954,771,3482
4715: 
484: 3714,729,4384,4350,2392
485: 
486: 2688,254,3412,1904,3403
487: 1241,3475,3065
488: 4210
489: 22,2284,1431
4425: 1868
491: 427,1950,4009,182,357
492: 2330,246,2216
4304: 3903,2432,3207
494: 4803,3475,4643,4438,952
495: 2666,587,2901,3085
496: 4477,4379
497: 3589,1444,3624
498: 0,3465,3471,2089
499: 4561,1663
4538: 20
501: 985
502: 
503: 3232,4323,1423,2690,1515
4457: 2178,3550,3374,177,2928,2922
505: 3084,207
4602: 1203,2609
507: 340,4217,917,708
4290: 3467
509: 2692,4032,2214,257,403,2652
4227: 1978,2262,2124,2805,3540
511: 3290,4193,2697,3534,49
512: 4817,1808,1565,4433
4544: 579,1445,536
514: 3521
515: 2754,1991,4355,3409
516: 1014,3130,3808,291
517: 1657,811,4357,375,1859
518: 2181,4369,1118,2403,2804
519: 1025,2903,1584
4288: 1222,1663,2546
521: 1729,2630,3251,1406
522: 2911,1563,4215,588,4809
523: 592,542,4778,1734
524: 2661
525: 3772,3082,627
526: 2452,582
527: 1684,3846,1262,838
528: 752,124,4391
529: 469,1556,2306
530: 
531: 1822,247,1927,294
532: 4721,4098,2125,2497,4608
533: 4806
534: 3308,4730,3159
535: 2087,4356,3126
536: 4036,4544,2110
537: 
538: 3396,4743
539: 
540: 4647,801,1109,4426
4343: 2359,373,1732,2350,2004
542: 2633,4778,523
543: 3046,51,2516
4484: 2239,778
4570: 
546: 
547: 2210,2764,1498
548: 2012,2052,174,946
549: 445,116,977,3023
4625: 3461,2562,891,4686
551: 1935,892
4474: 3008,3718,236
553: 4438,1676
4505: 3485,3706,2883
555: 1776,4669,114
556: 1609,4437,125,242
557: 3340
558: 354,2450
559: 2837,3101,179
4394: 683,2308,3112,91
4580: 3153,2712
4698: 2416,4623,2813,1750
563: 2936
4724: 1662,3200,633
4456: 3709,4611,2080
566: 2617
567: 4519,3503,2704,2783
568: 2730,3533,2078,3849,2208,3883
569: 2753,2724,1793,308
570: 4633,708,3929,4658
571: 1846,138,1264
572: 2835,1621
573: 77,297,4128,459,3164,123,4686
4817: 512,1808
575: 1508,2406,4345
576: 3353,1985,2545,3534,2715
577: 735,3000
578: 1270,4582,4628,1470,3815
579: 4544,1445,38
580: 1613
581: 4633,2603,1819
582: 2452,526
583: 1910,1363
584: 1471,2878,2495,3405
585: 613
586: 723,4574,4455,1762
587: 1020,495,628
588: 1070,522,4215
589: 
4783: 
591: 
592: 523,2793,1499
593: 1886,1161
594: 3551,1153,3825
595: 2300,3729
4766: 1185,1992,4316,3451,4207
4648: 2103,3152,1764,2824
598: 4274,1944,252
599: 4174,4371,1551,2047
600: 3316,4428,3048,3312,1643
601: 704,3036
602: 1017,994,4819,1370
603: 
604: 414
605: 4693,2426,2926
606: 1968,4609
607: 3659,3565
608: 
609: 3420,1139,3513,879
4331: 4419
611: 1724,1411,3584,4313
4795: 3581,3702,4823,3922,3917,3649,4201,4760,1991,2754
613: 585,2201
614: 3119,3365
615: 4464,3392,2836,978,1874,3163
616: 1470,972,3815,2377,2893
617: 195,3590,1787,4411
618: 1086,4752,4680,2851,942
619: 
620: 3395,1970,3468,2420,3355
621: 3939,1408,3703,1064,1895
622: 3845,2019
623: 2675,4047
624: 795,948,2074
625: 1125
626: 1052,3991,2873,4716
627: 1323,454,525
628: 1396,2827,587,3085
629: 3342,765
630: 32,4418
631: 970
4764: 2740,2693,1709,3134,3320,926,986
633: 1123,830,1662,4724,3313
634: 4040
635: 3462,372,331,3921,2404
4512: 1854,4622
637: 2057,1128
638: 2000,1274,3256
4591: 3603,438,699,2437
640: 3754,3325
641: 2988,1107
642: 3721
643: 404,1679,1567,4165
644: 3090,1253,4793,2942
645: 1279,2312
646: 888,957
647: 4279,1296,1463
4245: 4744,1234,2886,2071
4390: 2280,2549,3484
650: 4435,3375
651: 
652: 1198,1842,3646,2318
653: 1927,4815,1822
654: 3639
4242: 2291,2187,3279
656: 797,4775,3922
657: 1335
4399: 
4187: 478,2114,1451
4802: 2082,1574
4789: 3525,2357,4073,1989,2063,789,101,2640,755,1202,1917
662: 1285,1761
663: 2021,16
664: 3794,1514
665: 122,4039,1695,3034
666: 
667: 2107,225,2605
668: 4526,307
669: 311,1055,401
670: 1022,1145
671: 282,153,1862,3136
672: 2268,3060
673: 1382,4377,4276,4447,475
674: 368,1928,2259
675: 751,2342,2841
676: 2860,2887,46
4169: 2985,409
678: 2127,685,4455,1762,3171,1346
4778: 3696,2917,2633,542,523,1734
4365: 3992,1367,187
4414: 3799,4713,4772
4322: 1190,2610,3184,205
683: 4394,4658,4226,4197,91
684: 
685: 2127,678,1715
686: 306,3588,2743
4643: 4438,3475,494
688: 865,730,3408,3712,3253
689: 298,337,1429
690: 2577,3187
691: 3933,4818,4330,973,3466
692: 3881,99,958
693: 4604
694: 1926,4773,3803,3826,4503
695: 2359,373,3873,1679
696: 
4289: 1898,1591
698: 2095,2400
699: 1949,436,4591,438,2437
700: 1773,179
4776: 2489,3008
702: 1262,4270,4074
703: 1430,3696,1734,3905
704: 1559,601,3036,3399
705: 1836,1722,1414,4486,3198,4536
706: 1466,3031
707: 888,2028,957,1316,4488
708: 4633,570,507,2642
709: 2379,3731,3933
710: 2021,2126
711: 2266,2374,1712,956
712: 3522,4579,2533,3632
713: 225,2947,4553
714: 1630
4667: 217,4377,156
716: 2122,4592,2727
717: 344,2571,1418,2353,2861
718: 4129,4286,2815,1564
719: 
4809: 2949,883,4298,3220,522
721: 
722: 4702,439,2588,4493
723: 4574,586,9
724: 2517
4502: 
4736: 3179,2188
727: 1993,3582,2730,3533
728: 3707,1675
729: 484,3714,1090,3722
730: 865,688,3974,98
731: 4418,4336
732: 1617,1624
733: 2822,4218,4386
4155: 3210,947
735: 577
736: 2622,327,3317
737: 3943
738: 817,3788
739: 4050,1649,2056,1397,1993
740: 3215,2244,4472
741: 1999,0,4816
742: 344,750,2477
743: 4804
744: 3790,226,1617,972,1624
745: 3804
746: 4014,2031
747: 904,3559,1380,3351,4548,402
748: 439,4493,2543,1597
749: 3813
750: 344,742,1642,3617
751: 675,3986,2841,4727,859,3080
752: 4726,528,4391
753: 1182,1612
754: 3124
755: 2063,4789
756: 
4460: 1163,4521
758: 
4418: 731,32,630
760: 1452,4225
761: 
762: 4105
763: 
764: 2352,1903,1698
765: 629
766: 962,971,4272,319,2817
4823: 4775,3347,3922,2989,143,4646,1406,4597,4795
768: 
4775: 4823,3347,3922,656
770: 84
771: 3761,482,94
772: 778,3182
4220: 3003,4612
774: 5,989,1161,3781
775: 3310,1022,2959,4551
776: 4042,2264,2848,3606,4439
777: 3976,4443,4533,352
778: 772,4484
779: 
780: 
781: 4694
782: 126,4011
783: 1404,3341
784: 1384,3318,1157,3663
785: 3415,4161,2199,4587
786: 1634,2684
787: 4352,4053,1937,4246
788: 
789: 101,2640,4789,2357
790: 835
791: 3460,2770,4508,2421
792: 4477,284,4801,3175
793: 4046,2520,2411,3263
794: 1264,2321
795: 624
796: 3003
797: 656,2080
4141: 4255,1208
799: 3389,4056,804
800: 4240
801: 3858,540,3859
802: 284,4491,3319
803: 3462,3552
804: 799
805: 3399,2200,4166
806: 1260
807: 1521,4615,1771,1547
808: 4266,1131,4260,3675
4753: 1525,4059
810: 1314
811: 1657,517,4442,1859,3228
812: 
813: 4683,4427,2328
814: 2766,396
815: 3958
816: 3612,3792,3601,3225
817: 738,2573,3788
4763: 2746,2086
819: 
820: 1122
821: 
4772: 1607,4414,2186,4713,3338
823: 2931,1028,2702,2119
824: 1890
825: 
826: 4444,4751,127,937
827: 3186,2116,3831,2340
828: 
829: 4483
830: 1123,633,3313,1949,4188
831: 45
832: 4726,2140,3766
4616: 247
834: 3931,1303,4186
835: 790,4745
836: 3976,1208
837: 
838: 2496,1789,4462,3846,1684,527
839: 3674
4311: 2218,2186,3494
841: 2972
842: 2335,4176
843: 3009,1794,1185,2310
844: 2618
845: 1255,1288,3456,3821
846: 1558,4479,438
847: 
848: 321,3621
849: 2954,2944,2417
850: 1610,3503,2144,4341
851: 1129,2157,4762,4660
852: 3864,3327
4661: 2064
854: 2176,1540,1257
855: 2058
856: 
857: 38,4076,3292
858: 4755,3540
859: 3080,751,3986,4727
4787: 4750,2306,1351,4758,3144
861: 1252,3724
4726: 752,832
4647: 540,3859,4800
864: 4295,4142,1169
865: 730,688,3408,3176
866: 
867: 
868: 2869,3821,190,276
869: 202,3396,3122
870: 996
871: 3728,1598,3800,4524,3768
872: 1428,4297,3326
873: 3862,923
4529: 4356
875: 4821,2915
876: 2370
877: 1198,107,1471
878: 1867,1780,4135
879: 964,3513,3080,3263,609
4267: 2246,4216,2783
881: 397,3162
882: 477,3788,3044,2657
883: 4809,2949,2944,1563
4345: 4119,575
885: 1866,1673,2982
886: 
887: 2098,3200,4603,2714
888: 2028,707,957,2825,1506,646
4728: 3279,2950,2187,4139
890: 256
891: 3227,3875,2562,4625,3962,89
892: 987,1935,551,2811
893: 2914,4517,102,1791
894: 1702,4355,3409
895: 470,2227
896: 938,2145,4485,2886,154
897: 1339,3453,3831
898: 2455,2480
899: 2605
4555: 3866,2027,3614
901: 4465,2490,1770
4262: 4092,2447,1271
4473: 1652,3007
904: 747,1380,402,3088
905: 1904,3403,3370,1875,1146
4480: 
4781: 3212
908: 1352,3209,160
909: 998,3222,3711
910: 2774,3679,2775
911: 4091
912: 1602
913: 4678,4680,1016,1739,2277
914: 4385
915: 4498,2503,4363
916: 3605,4152,1464,3448
917: 2603,507
918: 
919: 4166,2785,3626
920: 1391
921: 2456,1327,2568,1874,2836,3732
922: 2313,2830,4076,1445
923: 1548,3862,873
924: 1276,3830,1092,2391,1455
925: 1805,4790,2899
926: 986,1389,4764,3134
927: 36,3964,3886,1090,4038
4427: 4683,813,2827,2328
929: 
930: 456,3497,2990
931: 958,3723,1503
932: 3835
933: 3470,4567,3777,3230,2175
934: 203,1082
935: 956,100,1712
936: 4270,2804,2167,4074
937: 127,826,1226
938: 896,1006,2886,154,57
939: 289,4691,3102,390,3975
940: 2031,4014,2385
941: 4593,1223,3111
942: 618,300,4752,2851
943: 3176,98
944: 
4650: 1221
946: 2985,548,4556
947: 4155,4702,86,2588
948: 2650,71,624,2074
949: 2756,2329,268,2362
950: 33,1477,4401
4143: 3519,3731,3716,1190
952: 4438,494,4803,1103,2098
4720: 3381,4683
954: 1016,1739,1230,2788
955: 2040,4364
956: 935,2553,456,711
957: 888,707,646,4488
958: 931,692,3488
959: 4737
960: 3673,3622,1774
961: 
962: 766,3975,971
963: 2366,4497,1725,1758
964: 3513,879,3986,3080
965: 4263,2392,4384,1031
966: 
967: 180
968: 4064,2339,4396
4679: 4615,1137
970: 631
971: 4576,4272,766,962
972: 1470,616,744,1624
973: 4818,3933,691
974: 2664,3372,1722,2401
975: 2037,3607,3201
976: 1110,2515,1513,158
977: 3023,1279,3205,549
978: 2284,334,2536,4420,3163,615,3392
979: 2409,2678,88
980: 2232,3445
981: 1426
982: 1260,2997
983: 999,2011,2956
984: 3870,3074,3069,2353
985: 1492,3117,501
986: 926,1389,1652,4764,3320
987: 892,1935,4101
988: 2223
989: 5,774,1067,3415
990: 1257,2793
991: 4260,1363,2315,1737
992: 3067,4173,1828
993: 3971,4244
994: 1017,602,4819,1590
995: 3303
996: 3398,870,471
997: 3567,4785,3628
998: 909,3711
999: 983
1000: 3569,1235
4317: 
1002: 3209,3744,4767,2789
1003: 4811
1004: 2288,1286,3629
1005: 4707,4644,1638,4409
1006: 97,57,938
1007: 3588,93,2046
1008: 255,4074,4663,2597
1009: 155,151,1756
1010: 1647,1864,3476
1011: 4501,3494
1012: 2767,2426,2955
1013: 4264,3324,2752,1631
1014: 516,3130,3928,291
1015: 1478
1016: 954,1739,424,4680,913,2277
1017: 994,602,4618
1018: 3632,2221,1682
1019: 4567,2405
1020: 1294,587,2090
1021: 1899,356,4095
1022: 3310,670,775,1145,2540
1023: 1275,4128
1024: 4388
1025: 1530,519,2903
1026: 
1027: 
1028: 2119,823
4392: 
1030: 57,1848
1031: 4626,2528,3981,965
1032: 1479,4065,134,1940
1033: 1166,4622,468
1034: 3775,4147,319,2817,144
1035: 3157
1036: 4020,3303,3402
1037: 4549,3481
4785: 4300,3466,4330,2592,3567,997
1039: 4233,2156,2067,4553,3743
1040: 3087,421,3138,3722
1041: 4296
1042: 246,4481,3393
4215: 522,588,1288
1044: 4083,4086,2311,4571
4393: 
1046: 3728,2958,4769
1047: 3689
4439: 4413,776,2264,2848
4527: 367
1050: 174,2055,4158,354
4351: 3601,1386,3225,419
1052: 2716,626,4716
1053: 3192,3119,1344
1054: 
1055: 669,311
1056: 1428,4006
4748: 4068
4181: 
1059: 1103,2161,1241,4803
1060: 1732,4375,3822,3715
1061: 
1062: 1927
1063: 4065,3882,3451,4207
1064: 3809,3703,621,1895,3424
1065: 1622,2503
1066: 1693
1067: 5,989,3415,4161,2655
4596: 1412,2607,4655,2512
4481: 3355,1042
1070: 588,4426
1071: 352,4805,4535
1072: 2941,2113,3066
4313: 61,1411,3560,611
1074: 1886,3499,4471,3233
1075: 
1076: 102,2995,2017
1077: 1323
1078: 2190,4742
1079: 4444,1721,4751
1080: 3083,1704
1081: 1605,1529,103,4079,3549
1082: 3969,934
1083: 1687,4224
1084: 3768,215
1085: 35
1086: 618,2699
1087: 2755,2647,1492
4566: 1932,3872,3611
1089: 3459,3162
1090: 3886,3722,729,3964,927
1091: 1373,3677
1092: 3830,4121,1455,924
4334: 4278,4054,4122,4642
1094: 1954,4771
1095: 1423,1507
1096: 4168,322,4315,2755,2159
1097: 3498
1098: 
4705: 1619,173,3191,3685
1100: 4063,263
4489: 2050,4020
1102: 
1103: 1059,4603,4803,952,2098
1104: 1493,4665,3169,2853
1105: 2268,3060,4453
1106: 4406,1175,473
1107: 641,1538
1108: 1792,4442,3577,2378,2209
1109: 3220,540,4426
1110: 4232,976,2515,316,1513
1111: 2349
4716: 267,2873,4822,1052,626
1113: 3169,2734,55
4562: 2209,4707,1282
1115: 2816,3106,2278
1116: 4093,110,2508,4569
1117: 4470,2356
1118: 2181,2403,518
1119: 1395,3227,3875,4576
1120: 2695,3869,175
1121: 3167,4813,4604,1831,1483
1122: 820,1843
1123: 830,633,3769,1558
1124: 
1125: 3847,1334,625
1126: 4539
1127: 3458,4388,3592,4031,1461
1128: 637,3342
1129: 851,4660
1130: 2564
1131: 2315,4260,808
1132: 47,2645
1133: 4822,2776,3700
1134: 3531,1642,2164,3930,2635,1476
1135: 
1136: 338,4665,3328,2249
1137: 4615,4679
4340: 2358,4230
1139: 3420,1969,609,1975
1140: 1725,1758
1141: 3493,1637
1142: 367,3352,1976
1143: 4699
1144: 
1145: 3310,670,1022,2540
1146: 1875,905,175
1147: 3363
1148: 3999,343,2395,1928
1149: 2845,171
1150: 4184,3687,307,2566,2977
1151: 243,4190,1826
4182: 3944,1905,2620,4657
1153: 2450,4487,594,3132,3825
4416: 436,2048,4188,1878
4329: 3715,3822,2181
1156: 2421,1775,411
1157: 3168,227,784
1158: 3515
1159: 1347,30,1654
1160: 2482,4168,2009
1161: 774,593,1886,2636
1162: 372,331,2149,3204,2384
1163: 4460
1164: 4058,4761,2161,3214
4504: 2936
1166: 1033,4622,1601,3968
1167: 4741,447,1727
1168: 4670,1803,3844,3195
1169: 1498,864
1170: 3856,2254,3926,1216,3637
1171: 1304
4811: 4412,1545,2781,1003,75,2800
1173: 2904
1174: 4238,9,2280
1175: 4406,1106,3646,2318
4575: 2299
1177: 2513,2338,2046
1178: 3359,1504
1179: 3778
1180: 3746,2535,2670,3105
1181: 1613
1182: 1612,753
4686: 4625,3164,77,573
1184: 2911,2869,2329,268
1185: 4766,2310,843,4316
1186: 
1187: 4081
4730: 1417,4757,3159,2948,534
1189: 2330,246,4403,2430,3393
1190: 4322,205,4143,1757
1191: 1747,2672
1192: 1895,3424,3939,2205
4511: 4689
1194: 1639,1448,2615,3071,2028
1195: 4805,4535,442,2514
1196: 
1197: 
1198: 652,877,2318
1199: 4257,4672,3946,2798
4429: 
4278: 4334,3302,2612,3988,4122
1202: 17,4789,3525,2357,1917,1745,3018,2158
1203: 4602,4231,271
1204: 
1205: 2233,2119,3888,2967
1206: 3370
4624: 1697
1208: 3976,4443,836,4141
4250: 1703
1210: 1544
1211: 1265,4733,3284,3755
1212: 3936,1706,4103
1213: 47
1214: 
1215: 3986,141,150
1216: 1394,3829,3240,3856,1170,3637
1217: 
1218: 1362,2207,4765
1219: 4045
1220: 
1221: 3429,1584,2548,4650
1222: 4288,2546
1223: 4150,3111,941,2215
1224: 4344,1938,318
1225: 4719,3545
1226: 937
4810: 2220,2105,1892,1934
1228: 2698,3747,455
1229: 2923,2643,3160
1230: 2629,1267,954,1739
1231: 3541,3852,1545
1232: 3880,4189,1401
1233: 335
1234: 4744,4245,2343
1235: 1697,1000
4495: 
1237: 3804
1238: 405
1239: 2285,3568
1240: 1354,4140
1241: 33,1891,487,4803,1059
1242: 75,1513
1243: 3653,3979,3294,2500
1244: 1699
1245: 272
1246: 3255,3705,1570
4259: 3871
1248: 
4446: 
1250: 2182,1903,147
1251: 3278,2618,1939
1252: 861,1360,2469
1253: 3090,644,4793
1254: 4206,4744,2071,2043,2782
1255: 845,1288,3456,1796,3280,3081
1256: 270,3262,2508,428,4746
1257: 990,4152,854,2176
1258: 4347,293
1259: 4651,3076,1901,3243
1260: 806,982,2997
1261: 3901,3899
1262: 702,1883,3846,527
1263: 1920
1264: 1548,794,571,138
1265: 1211,3755,4243,4723
1266: 3714,3479
1267: 2629,1230,1806,3530
1268: 210,3691,2480,2488
1269: 
1270: 578,4582,4628,2501
1271: 4012,2444,2383,4262
1272: 3959,1995,1496,3461,4285
1273: 
1274: 638
1275: 1023,2607
1276: 3331,924,4796,2669
1277: 2760,1870,2850
4308: 2850,4678,2851,1307
1279: 645,977
1280: 
1281: 2612,1964,1521,4122,2687
1282: 2049,2111,4562,4707
1283: 2462,1986
1284: 474,1515,3232,2208,4134
1285: 4606,662
1286: 2288,1004
4188: 4416,436,830,3313,1949
1288: 845,1255,4215
1289: 4003,3054,1841,2767,1752
1290: 1640,3719,2057
1291: 3036,3226
1292: 
1293: 2146,3794,2753,2969
1294: 1020,2827
1295: 3957,2362,3460
1296: 4279,647,160
1297: 1914,4535,2514,2415
1298: 4367,3884,3137,2606
1299: 1697,3600
1300: 4092
1301: 199,3457
1302: 2770,248,1881
1303: 4186,3931,834,1977,2940
1304: 2139,1552,1171
4737: 959,2314
1306: 3444
1307: 2851,4308
4411: 617,1787
1309: 3719,2621,2914
1310: 3968,1594,1843,2676
4436: 2870,3717,2322
1312: 3304,2963,3549,3181
1313: 2373,4494,3522,4579
1314: 810,4017
1315: 385,1898
1316: 2795,3071,2028,707,387
1317: 1497
1318: 3266,2685,4808
1319: 3351,1516,3855,111
1320: 
1321: 4791
4238: 9,1174,1604
1323: 627,1077
1324: 2245,2037,3908
1325: 4078,3682,156
1326: 3268,4096
1327: 2456,921,2568,2792
1328: 1931,2224,4066,2614
1329: 2483,3558,2677,2375,4445
4209: 2715,3640,4102,3559,189
1331: 2645
1332: 
1333: 2539,240
1334: 4525,1125
1335: 1433,657
4404: 
1337: 3059
1338: 2925,4307,1700
1339: 897,3730,3430
4171: 2418
1341: 166,2637,2547,2826
1342: 2516,4739
4672: 4257,1199,1996,2798
1344: 192,3119,1053
1345: 
1346: 3171,2127,678,3734
1347: 1159
1348: 3207,3098,59,2432
1349: 4268
4558: 466,3577,2378
1351: 3623,4758,2859,4787
1352: 908,160,1410
1353: 4549,2729,4632,92
1354: 1240
1355: 2188
1356: 3805
1357: 1466,2575,2463
1358: 1699
4254: 3802
1360: 1252
4335: 1565,1808
1362: 1218,2207,336,1925
1363: 583,991,1737,3300
1364: 4167,3904
4269: 418,2394,2235,3516
4571: 18,4083,1044
1367: 3114,187,3992,4365
1368: 1897
1369: 1609,4437,3486,2709
1370: 2619,4819,3676,602
4294: 1437,2845
1372: 478,3081,4605
1373: 4100,1091,1613
1374: 1438,2483,4037,3912
1375: 2572,2857,4118,2374
1376: 166,2637,2702,3754
4463: 3784,443
1378: 4208,2642,4718
1379: 
1380: 747,904,3559,4005
4759: 3834,2700,4487,3473
1382: 673,475,3607
1383: 2731,2474,4517,3919,102
1384: 784,2369,3318,3609
1385: 4379,4421,3175
1386: 4351,419,3811
1387: 
1388: 131,3271
1389: 926,986,1652
1390: 3906,4708,3341,4360
1391: 920,3772
1392: 1947,4791
4644: 1926,1005,4503,1638
1394: 1216,3829,2600,3637,2699
1395: 1119,421,3339,4048
1396: 628,2827,3085
1397: 4723,2056,739,2730
1398: 2953,2613
4403: 2216,2330,1189
1400: 
1401: 2776,4189,1232
4272: 971,766,319
4302: 
1404: 1877,783,3618,2533
1405: 3820,3297,3188,2150,3571
1406: 143,4646,4213,521,4823
1407: 3621,1593,2676,3692
1408: 3939,621,4255
1409: 2590,4543,3585
1410: 1352,3040,2518
1411: 3584,3560,611,4313
1412: 4596,2607,4655,3690
1413: 4350,198,1980,4263,2664
1414: 417,4038,1503,36,3198,705
1415: 320
1416: 
1417: 4730,2948,293
1418: 3974,1683,2571,717
1419: 4165,4138,4316
1420: 2257,3072,4519
1421: 2429,351,2810,2446
1422: 2200,2759
1423: 1095,503
1424: 3301
1425: 3238,2246
1426: 981
1427: 
1428: 1056,872,2375
1429: 3006,337,689,4424,3833
1430: 703,3984,3905
1431: 2284,489,2536
1432: 4339,3873,1973,4071,3054
1433: 1335
1434: 1635,1882,3196
1435: 3993
1436: 2854,3493
1437: 3564,4294
1438: 1374,3912,2732,342
1439: 
4708: 3906,1390,2977,350,1664,3341
1441: 124,4391,3881
1442: 
1443: 409,1536
1444: 4382,3624,497,3798
1445: 579,4544,922,2830,4459
4749: 
4243: 4723,2078,3755,1265,474
1448: 1639,1194,2339
1449: 124,3191,3685,2990
4711: 444
1451: 2937,1916,2114,4187
1452: 760,3489
4615: 1521,807,4679,1137
1454: 1997
1455: 4121,1092,924
1456: 1668,2602,94
4185: 4754,3536,3228,1551,4621
1458: 2633,2585
4599: 82
4685: 3076,1901,1740,3260,4668,2731
1461: 3002,1127,4388,3592
1462: 1994,3015,1519
1463: 2031,647
1464: 2585,3605,2029,916
1465: 4138,4196
1466: 1357,706
1467: 4127
1468: 3354,2463
1469: 4046,3263
1470: 972,3815,616,578
1471: 107,584,877,3405,3290
1472: 43,96,3078
1473: 
1474: 3158
1475: 2853,3328,3959
1476: 3930,2635,2547,1134,2121,166
1477: 1891,950,4401,3259
1478: 1015
1479: 2130,1032,134,4096
1480: 2491
4428: 3316,600,1533,3512,4170,3312
1482: 1814
1483: 1121,1831
1484: 270
1485: 3851,3870,276,2986
1486: 2254,3926,2319
1487: 
1488: 2021
1489: 3246,2679,2317,3861
1490: 1692
1491: 3806,4688,2677
1492: 985,3117,3566,1087
1493: 1104,4665,4381,3480
1494: 3508,4019,3218,4041
1495: 2901,3085
1496: 338,2562,3328,3959,1272,3461
1497: 1317,3276
1498: 1169,547,2764
1499: 3605,4152,2029,592,2793
1500: 
4674: 129
1502: 4113,321
1503: 417,1414,3723,931,3746
1504: 352,1178
1505: 2906,1610,1885,326
1506: 4072,2615,2825,888,2028
1507: 1539,1840,1095
1508: 1833,575,4630
4723: 4243,1397,1265,2056
4277: 3278,2184
1511: 3097,3432
1512: 2626,3554,3167,4604
1513: 75,1242,1110,976
1514: 2803,2026,664
1515: 474,1284,2690,503,3232
1516: 1520,111,215,1319
1517: 4768,2592,312,3125
4568: 
1519: 1462,2341
1520: 1516,4406
1521: 807,4615,1281,2687
1522: 3087,1974,3227,77,297
4443: 3976,777,1208,4780,4533
1524: 2368,4051,4150,3111,1754
1525: 2721,4753,2473
1526: 4719,315,3985,4492,3343
1527: 4687
1528: 1933,3088,282,3136
1529: 1081,1605,103,3242
1530: 1025
1531: 158,3505
1532: 1786,4319,1741,411
1533: 3512,4170,3316,4428
4421: 1586,4801,3175,1385,2299
4820: 
1536: 2217,1443,4084
1537: 413
1538: 1107
1539: 3188,1840,1507,2206,4323
1540: 854,2176,364,1607
1541: 2313,4111,447
4518: 2888,2540,1957
1543: 3045
1544: 1210
1545: 2781,1231,3258,4811,4412
4510: 4771,1954,2815
1547: 1771,807
1548: 1264,923
1549: 2565,418,2235
1550: 1867,4655,2512
1551: 3536,3432,4174,599,4185
1552: 3070,1304,2139
1553: 2750
1554: 3360
4224: 384,1083,3604
1556: 529,4100,3677,4183
4475: 3664
1558: 846,1949,3769,1123
1559: 704,3399
1560: 2451
1561: 2534,2087
1562: 3524,3438,1619,2062,2526
1563: 2911,522,883
1564: 2815,3969,3103,718
1565: 4335,512,1808
1566: 
1567: 40,643
1568: 
1569: 3580,4585,4465,4721
1570: 4352,4053,1246
4503: 3826,1926,4644,694,1638
1572: 3418,2927
1573: 2026,3854,3856
1574: 4802
1575: 2872,4740,3271,2129
1576: 2885
4184: 3687,1150,4041,1975
1578: 3208,1737,1716
1579: 1711
1580: 
4543: 1409,3585
1582: 2345,1839
1583: 4125,167,4542,2553
1584: 519,1221
1585: 2064
1586: 4421,4801,4101,3983
4449: 2497,3878,4608,3112,4144
4323: 1748,503,2206,1539
1589: 
1590: 3802,2485,4819,994
1591: 3592,4031,385,4289,4256
1592: 3752,3428,3369
1593: 1407,54,4061
1594: 3968,1310,1601
4189: 3096,1232,1401
1596: 
1597: 4385,4389,748
1598: 3800,3768,871
1599: 2486
4476: 3803,384,3826,3911
1601: 3968,1594,1166
1602: 4360,2484,912,2084,1905
1603: 4689
1604: 4005,4238
1605: 1081,1529,103,3024,4079
4539: 1126,3544
1607: 4772,364,1540
4240: 464,2742,800
1609: 4437,1369,556
1610: 850,2906,1505,1885
1611: 3961
1612: 3832,1182,753
1613: 1181,580,1373
1614: 2790
1615: 
4610: 3990,2718
1617: 744,1624,732
1618: 3957
1619: 4705,173,4112,3524,1562
4553: 2947,3764,4233,1039,713
1621: 2634,4113,572,2835
1622: 1958,1065,1998
1623: 2619,3246,1902
1624: 449,744,1617,972,732
1625: 374,2429,351
1626: 
1627: 
1628: 462
1629: 1661,3710,3252
1630: 714,95
1631: 3344,4264,1013
1632: 3526,1688
1633: 3777,1844,2563
1634: 786,3029
1635: 204,1882,1434
1636: 3019,4732,4123,4563
1637: 3653,1141,3493,2500
1638: 2384,4409,4644,1005,4503,3204
1639: 1448,1194,4072,2615
1640: 1290,3205,3719
4453: 3060,1105
1642: 3531,2861,1134,2164,750,2635
1643: 3035,2003,600,3048
1644: 
1645: 4467
1646: 3854,1745,2319
1647: 1864,451,1010,1879,3910
1648: 338
1649: 4050,739,1993,4207
4387: 
1651: 4198,52,1842,4002
1652: 986,1389,3320,4292,4473
1653: 3182,3015,59
1654: 1159
4217: 340,507,18,2737
4671: 1875,3408
1657: 811,517,1859,3228
1658: 4362,4137,4202,1746
4492: 3018,2158,1526,315,3985
4556: 3551,946,1956
1661: 408,2170,3710,1629
1662: 3972,4724,633
1663: 499,4288
1664: 1877,3341,350,2215,4708
1665: 2427,4110,1713,4199
4284: 2750,2052
1667: 4501,3494,2409
1668: 1456,3761,2602
1669: 
4168: 322,1096,1160
4432: 
1672: 4359,3547
1673: 1866,885,4516
4589: 2249,3480,289
1675: 395,728
1676: 419,553
1677: 3723,157,3750,229
1678: 4461,2136
1679: 404,643,2359,695
4170: 1533,4464,2422,3316,4428
1681: 3433,30
1682: 1018,3216
1683: 98,3974,1418,2571,473
1684: 527,2496,838,2256
1685: 4564,4619,3486,3978
1686: 3562,3527,2424
1687: 1083,3178
1688: 3833,3526,3006,1632,3447
1689: 2071,4485
1690: 
1691: 
1692: 2412,1490
1693: 3700,1066
4617: 4796,2638,1863,2723
1695: 665,3744
1696: 4818,3894,4532
1697: 4624,1299,1235
1698: 764,3915
1699: 1244,1358
1700: 2092,1338
1701: 3823
1702: 4355,894,437,45
1703: 4250
1704: 3065,3543,1080
4455: 586,1762,3171,678
1706: 1212,3849,3883,1961,4103
1707: 3887,3387
1708: 4037
1709: 4764,3320
1710: 3330
1711: 1579
1712: 3173,100,2266,711,935
1713: 1802,4199,3279,4110,1665
1714: 
1715: 1762,2408,685,2817
1716: 2453,1578,2262,4804
4774: 2846,2733,259
1718: 3773
1719: 3887,2395,3999
4419: 3077,4331,4359
1721: 1079,4444,3674
1722: 1836,705,1980,2664,974,3372
1723: 2406
1724: 611,4306,4732,4407
1725: 1140,963
1726: 2030,3835
1727: 91,4144,1167
4579: 3522,712,3100,4494,1313
1729: 521,2961,2630,2995
1730: 
4516: 1673
1732: 1060,4375,2350,4343,373
4208: 1378,2642,3929,2039
1734: 3696,4778,703,523
1735: 4067,412
1736: 276,3539,2986
1737: 3208,1578,3300,1363,991
1738: 2442,167,2898
1739: 954,1016,1230,4680,913
1740: 3076,4685,2537,2198,3260,2580
1741: 1532,4319,3751,3510
1742: 4605,3456,3851,4151
1743: 2543
1744: 2008
1745: 1917,1646,1202,2158
1746: 4202,2704,3238,4362,1658
1747: 1191,3349,4693,2926
1748: 4323
4584: 4613
1750: 2813,2822,4623,2272,3553,4698
1751: 2576,2017,433
1752: 40,1289
1753: 
1754: 271,3967,4150,2368,1524,3001
1755: 208
1756: 151,1009,2043,2198
1757: 1190,2980,1811,3578
1758: 1140,3889,2010,963,2366
4670: 1168,2607,2941,3844
1760: 67,3096
1761: 2083,3446,662
1762: 390,1715,586,4455,678
1763: 2882
1764: 3152,4648
1765: 345
1766: 148,4099
1767: 442,2295
1768: 
1769: 2316
1770: 2125,2490,901
1771: 368,394,1547,807
1772: 3254
1773: 700,2237
1774: 3622,960,3450
1775: 1156,2233,3704,4251
1776: 4669,555
1777: 3984,1823,2634
1778: 2996,4352
4721: 532,4098,1569,2648
1780: 4135,3492,1943,878
4424: 4799,4800,1429,3833
1782: 4018,3213,2505,2998
4229: 3929,2039,2123,2308
4623: 2797,2272,4698,2416,1750
1785: 2467
1786: 1532,4319,411,3704
1787: 617,4411
1788: 1995,4740
1789: 4462,278,838,3771
1790: 2402
1791: 893,3532,4379
1792: 1108,2378,2414
1793: 2724,3982,4057,308,2596,569,2695
1794: 843,3009
1795: 2097,3589
1796: 3280,3081,478,1255
1797: 2713,3947
1798: 3276,3828
1799: 3040,3472
1800: 
1801: 2601
1802: 1713,2291,4199,4055
1803: 2941,1168,3195
4678: 4680,913,2851,4308
1805: 925,4790
1806: 3530,3829,3240,1267
4370: 79,4497,3802,2519
1808: 4817,512,4335,1565
1809: 383,4376
1810: 3973
1811: 2980,1757,3578,2921
4680: 4678,913,2851,618,1016,1739
4641: 2531,3952,3762,241
1814: 1482
1815: 3193,122,4039,4767
1816: 4157,3245,3709,4611
1817: 
1818: 
1819: 3313,2603,581
1820: 3627,3848
1821: 3947,3529
1822: 531,4815,653,1927
1823: 1777
1824: 2506,2936,3832
1825: 3675,2304
1826: 4701,4190,1151,243
4482: 1832
1828: 2066,3067,992
1829: 2324
1830: 
1831: 1121,4813,1483
1832: 4482
1833: 1508,2868
1834: 4020,3303
1835: 3262,4569,4212,260
1836: 705,1722,3372,4536
1837: 4045,4792
1838: 1951,2505
1839: 4179,1582
1840: 3188,1539,1507,2150,2225
1841: 4071,2898,3054,4003,2442,1289
1842: 4198,1651,4002,3708,652
1843: 1310,1122,3692
1844: 1633,2563,2068,290,3550
4336: 2847,731
1846: 571,2388
4248: 
1848: 4422,1030,3960
4534: 2070,2101
4198: 1651,52,1842,1952,2794,3795
1851: 2686,3196,3978,4564,2877
1852: 2402,4275
1853: 4009,3737,3820,3583
1854: 3575,2660,4512,1999
1855: 2254,3083
1856: 3691,2736
4773: 1926,694,2991,3803
1858: 2138
1859: 3536,3432,3228,1657,811,517
4338: 
4530: 4261,4642,2593,3893,2828
1862: 3136,2549,671
1863: 2169,2337,125,2723,4617,2638,4461
1864: 1647,451,1010,3827
1865: 471,1988
1866: 1673,885,2689
1867: 1550,878,414,4655
1868: 4425,3656
4266: 808,3675,3954
1870: 2334,2558,2850,1277,290,2133
4178: 3155,2495,3405,3855,3640,4102
1872: 2023
1873: 2501,4798
1874: 3163,615,921
1875: 1146,4671,905
4496: 2812,2865,2736
1877: 1404,1664,2215,3618
1878: 2938,4416,2048
1879: 2241,3910,1647
4389: 86,4385,1597
1881: 3663,411,1302
1882: 204,1635,1434,3824,3196
1883: 3487,2608,3846,332,1262,4462
4442: 811,3577,2209,1108
1885: 326,1505,1610
1886: 593,1074,2636,3499,1161
4225: 760,2719
1888: 1998,3051,3667
4297: 872,2732
1890: 2202,3402,824
1891: 33,1477,1241,3259
1892: 2105,261,2220,4810
4677: 448
1894: 4612,233,3651
1895: 1192,3424,3703,1064,3939,621
4743: 4694,3396,538
1897: 1368
1898: 1315,3005,4289
1899: 1021,4095,3104,2139
1900: 
1901: 3076,4685,1259,3243,2731,2474
1902: 1623,2935
1903: 1250,764,2352
1904: 905,3403,486,4057
1905: 3216,1602,2084,4182
4355: 1702,1991,894,3409,4760,515
1907: 4704
1908: 481,3244,2557
1909: 3431
1910: 583,25
1911: 2965,3223,4342
1912: 3806,4692,3567
1913: 2255
1914: 3307,1297,4535,2132,4649,3526
4286: 2815,718
1916: 2114,2415,1451
1917: 1745,4789,3525,1202
4192: 2899,4500,4790
1919: 4815,3083,2600,3108,3016
1920: 1263
1921: 
4485: 896,1689,265
1923: 2653
1924: 2376,400
1925: 1362
1926: 4773,4644,694,4503
1927: 653,1822,531,1062,294
1928: 674,1148,394
1929: 2984,3631
1930: 
1931: 1328,2224,2751
1932: 4566,243
1933: 1528,3088
1934: 4810
1935: 3319,4101,551,987,892
1936: 
1937: 4465,4246,4053,787
1938: 318,4344,1224
1939: 2099,1251
1940: 4211,134,3582,1032
1941: 3682,2072,163,3417
1942: 400,2376
1943: 3492,3897,1780
1944: 4274,598,4009,357
4799: 4424,4800,2912,3859
4244: 993
1947: 1392,3064,1968
1948: 2596,3747,72,3982
1949: 699,1558,830,436,4188
1950: 491,427,182
1951: 3765,1838
1952: 2654,3869,4198,52,2794
1953: 3705
1954: 1094,4510,4771
4260: 991,1131,808,3675
1956: 4556
1957: 3478,292,4518
1958: 1622,2744
4500: 4790,4192
1960: 
1961: 3883,4134,3951,1706
1962: 2252,3633,4114,2720
1963: 2984
1964: 3302,2223,2612,2259,1281
1965: 2889,3935
4361: 
1967: 3743
1968: 3064,606,2441,1947
1969: 3420,1139,2520
1970: 3395,620,3468,2496,278
1971: 
1972: 3524,1973,3438,167,4071,2898
1973: 1972,3438,4071,1432,4339
1974: 3087,1522,297,4128,2327
1975: 2566,4184,1139
1976: 3352,367,1142
1977: 341,2940,1303
1978: 2262,4227,3540,4804
1979: 
1980: 36,3964,1413,1722,2664
1981: 2761,163
4683: 813,4427,4720
1983: 3305
1984: 
1985: 3353,576,2715,4140
1986: 4770,2462,1283
1987: 3014,4015,2953
1988: 1865,3909
1989: 4073,2644,425,4786,2193,4789
1990: 4710,5,3781
1991: 4355,3409,4760,3581,4795,515
1992: 4138,4316,4766,3451
1993: 3582,727,739,1649
1994: 1462,3862
1995: 1788,1272,20,3156
1996: 2939,2798,4672
1997: 2355,1454
1998: 1888,3051,1622,2744
1999: 741,1854,2660,0,4622
2000: 638,2211,3256
2001: 
2002: 260,3978,2877
2003: 1643,3217,3091
2004: 2279,2919,2350,399,4343
2005: 3958,3537,2369
2006: 
2007: 
2008: 1744,4022
2009: 4315,2912,1160
2010: 3889,2069,1758,4001,3242,2366
2011: 2956,983
2012: 548,174
4805: 1195,352,1071
2014: 3274
4202: 1746,4362,1658,2778
2016: 
2017: 1751,433,1076
2018: 2487,2890,3953
2019: 3845,2287,622,2135
2020: 2088,113
2021: 3042,1488,710,663,2126
2022: 3848
2023: 3991,267,1872
2024: 429,2401,4369,2102
4166: 919,805,3626
2026: 1573,4305,1514
2027: 3614,4555
2028: 888,707,1194,2615,1506,1316,3071
2029: 3605,1499,2585,1464
2030: 1726,3835
2031: 1463,940,4014,746
4682: 2690,4733,3284,3478,3785
4197: 2938,4554,4226,683,91
2034: 3378
2035: 4333,2754
2036: 
2037: 975,1324,3908,3955
2038: 4727,3394,3061
2039: 4229,3929,4208,2123
2040: 955,3542
4479: 846,3603,438
2042: 
2043: 2537,2782,1254,1756,2198
2044: 
2045: 2174
2046: 2338,3520,93,1177,1007
2047: 4621,599,3178
2048: 4416,436,1878,2437,4063
2049: 2111,412,1282
2050: 4489
2051: 2915,3097
2052: 548,4284
4464: 615,3392,4170,3732
2054: 4645,2143
2055: 3061,1050
2056: 2820,4723,1397,739
2057: 1290,637
2058: 855
2059: 
2060: 47
2061: 34,2561,4312
2062: 2535,173,1562,2526
2063: 4073,755,4789
2064: 249,4661,1585
2065: 4000,2752
2066: 1828,3628,3579
2067: 2156,1039
2068: 290,2133,1844,3374,3550
2069: 3889,2010,133,3242
2070: 4534
2071: 1689,4744,4245,1254,2782
2072: 1941,3682,2712,22
4363: 4468,2510,915,2503
2074: 2650,948,624
4347: 1258,371
2076: 4145
4300: 4785,3466,4330,3628
2078: 4243,2208,2730,568
2079: 2906,2440,4513,2144
2080: 216,4456,797
2081: 4777
2082: 4802,4684
2083: 1761,3446,3969
2084: 3944,1602,1905
2085: 
2086: 4797,2217,4763,2530,2631
2087: 2534,1561,535
2088: 2020,2248
2089: 3267,498,3512
2090: 2190,4742,1020
4258: 4083,4086,3214,2737
2092: 1700,3010
2093: 
4160: 4172,345,2610
2095: 698,2400
2096: 
2097: 4794,1795
2098: 887,3200,1103,4438,952
2099: 2618,1939
2100: 3171,2280
2101: 4534,2478,2115
2102: 2167,429,2024
2103: 4648,3808,3130,3152
2104: 2513,4000,3321
2105: 4307,1892,4810
2106: 3160,4255
2107: 667,2370
2108: 107,2697
2109: 206,452,3515
2110: 2347,2761,163,536
2111: 2049,1282,4409,3784
2112: 4806
2113: 4036,1072,13,3066
2114: 1916,1451,478,4187
2115: 2478,2101,3199,2241
2116: 3186,827,4470
2117: 2627,3195
4498: 915,4049
2119: 1205,1028,2931,823,3888
2120: 12,3956
2121: 135,1476,166
2122: 716,2796
2123: 3733,2656,4229,2039
2124: 4227,3540
2125: 1770,2436,532
2126: 3042,2021,710
2127: 685,678,1346,3734,221
2128: 2854,4488
2129: 3897,1575,2872
2130: 1479,210,2488
2131: 4707
2132: 4649,337,1914
2133: 2068,290,1870
4585: 3580,1569,3817
2135: 2287,2019
2136: 369,232,1678
2137: 2758,141,3951,81,235,69
2138: 1858
2139: 3104,1304,3070,1552,1899
2140: 4734,832,3766
2141: 3920
2142: 2800,3224,3633
2143: 4645,2054
2144: 850,104,2079
2145: 896,154,265,2680
2146: 1293,2665,2803,4094
2147: 4435
2148: 
2149: 331,1162,3921,2384,443
2150: 3188,1840,2225,3737,1405,3820
4658: 683,4633,570,4226
2152: 2331
4804: 743,2453,1716,1978,2262,381,3998
2154: 3651,2273
2155: 3901,3899,3298
2156: 3244,3764,2067,4233,1039
2157: 4762,2666,851,4239
2158: 3018,4492,1202,17,1745
2159: 2755,140,1096,4315
2160: 
2161: 1059,4603,1164
4466: 4666
2163: 
2164: 3531,1134,1642,2986
2165: 377
2166: 2927
2167: 2102,936,2804
4788: 2875,3401,4326,288
2169: 1863,2337,125,2171,3410
2170: 4656,2895,408,1661,3710
2171: 2169,2337,3404,4697,3410
2172: 3434,2680
2173: 
2174: 2045
2175: 3230,3760,55,933,3777,3546
2176: 854,1540,3448,4152,1257
2177: 3211,4110,2887
2178: 4457,2928,2922
2179: 4348
4777: 2924,2081
2181: 1118,2403,518,4329
2182: 1250,147,4042,2992
2183: 
2184: 4277
2185: 3212,3661
2186: 2218,4311,364,4772
2187: 4139,4728,4242
2188: 1355,4736
2189: 3934,4792,2427
2190: 1078,4742,2090,3332
2191: 111,215,402
2192: 2718
2193: 4786,425,1989
4422: 1848,3960
2195: 
2196: 3872,3222
2197: 2772,3381,3206
2198: 1756,2043,2537,1740,2580
2199: 4637,4161,785,4725
2200: 805,1422,2759
2201: 4433,613
2202: 1890
2203: 3040,3753
4666: 4466,2274
2205: 3939,1192
2206: 3232,4323,3188,1539,3571
2207: 1362,1218,4091
2208: 3849,3883,4134,1284,2078,568
2209: 4562,4442,3577,1108
2210: 547,2764,168,3180
2211: 3256,2956,2000
4207: 1063,3451,1649,4766
2213: 3601,3470,3811,3230,3546
2214: 257,3639,509,2652
2215: 1223,1877,1664
2216: 4403,2301,2330,492
2217: 4797,1536,2086,4084,2631
2218: 2186,4311
2219: 4506
2220: 261,1892,4810
2221: 2484,1018
2222: 4075
2223: 3302,1964,3988,2978,2259,988
2224: 1328,1931,4066
2225: 1840,2150
2226: 2863
2227: 470,895
2228: 
2229: 4121,2792,3955
2230: 3088,3136
2231: 4109,3413,4139
2232: 980
2233: 1205,4508,2421,1775
4273: 2352
2235: 418,4269,2565,1549
2236: 
2237: 1773
2238: 3286
2239: 4484,2625
2240: 3129
2241: 1879,2115,3199
2242: 3376,3520
2243: 4321
2244: 4472,740
2245: 1324,4626
2246: 4267,1425
4526: 80,307,668
2248: 425,2088,4786,2644
2249: 4589,4665,1136
4309: 3267,4816,3312
2251: 2440,4478
2252: 3505,1962,4114
2253: 4203,3689
2254: 1486,1170,1855,3108
2255: 1913,2891
2256: 2420,2496,1684,3468
2257: 1420,4216
4239: 64,2666,2157,2901
2259: 2978,368,674,2223,1964
2260: 2294
2261: 
2262: 1978,4227,2805,1716,4804
4634: 428,270,213
2264: 776,4042,2848,4439,2992
2265: 
2266: 711,3173,1712
2267: 
2268: 1105,3060,672
2269: 4812,3616
4699: 1143
4535: 3307,1914,1297,4649,1071,1195,2514
2272: 4383,2797,3553,2419,4623,1750
2273: 2154,4378
2274: 3865,4666
2275: 2880
4142: 864,2745,2435,4200
2277: 4002,3727,1016,424,913
2278: 3180,2814,1115,3106
2279: 2004,2919,399,3487,2608,3771
2280: 4390,1174,2100
2281: 4378
2282: 
2283: 
2284: 1431,978,489,2536,3079
2285: 1239,3568
2286: 4793,2942
2287: 2648,2135,2019
2288: 1286,1004
4549: 1353,2729,1037,184
2290: 
2291: 1802,4242,3379,4058,4055
2292: 268,3539,4434
4607: 3146
2294: 2260
2295: 254,3412,1767,2937
2296: 197,3167,2626,4738
2297: 2999,2389,3282
4312: 2871,2830,34,2061
2299: 4575,4421
2300: 595,277,2425
2301: 213,2216
4621: 2047,4185,4754,2991
4352: 1570,787,1778
2304: 3675,2453,1825
4819: 3676,3629,2619,2876,2649,1370,1590,2485,994,602
2306: 4787,3294,469,529
2307: 4702,4047,2644
2308: 4394,4229
2309: 
2310: 1185,843,4050
2311: 4083,4086,1044,4199,4761
2312: 4651,645
2313: 1541,922,4076
2314: 4735,4737
2315: 4175,3416,1131,991
2316: 3148,3623,1769,4611
2317: 3060,1489,3246
2318: 3646,1198,652,1175
2319: 1486,3926,1646
2320: 3041,3075
2321: 3015,794
2322: 4436
2323: 
2324: 1829,471
4592: 716
2326: 3473,3562,3834,3541
2327: 4128,3087,1974
2328: 3591,813,4427
2329: 2756,949,1184,268
2330: 492,246,1189,2216,4403
2331: 4007,2152,3645
2332: 
2333: 51,426
2334: 1870,2558,2850
2335: 464,842
4362: 4137,1658,4202,1746
2337: 1863,2169,125,2723,2171,3404
2338: 2046,1177
2339: 4064,968,1448,2795
2340: 3831,827
2341: 3207,3015,1519
2342: 4274,3583,252,675
2343: 2886,97,1234
2344: 2436
2345: 1582
2346: 3641,2439
2347: 2110,163,3417
2348: 4017,3288,4441
2349: 1111
2350: 3715,1732,4343,2004
2351: 
2352: 764,1903,4273
2353: 3974,984,3074,717
2354: 3598,3658
2355: 1997
2356: 3983,2868,1117,4630
2357: 4789,3525,789,1202,17
2358: 4340,3101,2837,4230
2359: 4343,695,373,2919,1679
4407: 1724,4732,3301
2361: 
2362: 949,1295
2363: 
2364: 3955,2419,2570,3908,2797
4384: 484,3714,965,2392
2366: 963,2010,1758,4001
4405: 
2368: 1524,4051,2455,4231,1754
2369: 1384,3318,392,2005,3609
2370: 396,876,2107
4727: 2038,2841,3394,751,859
2372: 3860,3019
2373: 4494,1313
2374: 1375,4118,711
2375: 1329,2483,1428
2376: 1924,1942,400
2377: 616,3548,2893
2378: 4558,3577,2414,1108,1792
2379: 709,2531,3933,2696
2380: 
2381: 3823
2382: 3853
2383: 326,1271
2384: 1638,4409,3784,2149,1162
2385: 2606,940
2386: 2466
2387: 4452
2388: 1846
2389: 2999,2297
2390: 313,3222
2391: 3217,3610,3830,924
2392: 965,4263,484,3714,4384,4350
2393: 17,3190,3018,315
2394: 418,4269,3295,3516
2395: 4241,1719,1148
2396: 
2397: 
4261: 3587,4530,4054,3893
2399: 2669,3514,4796,2723
2400: 698,2095,3030
2401: 2024,198,974
2402: 1790,1852
2403: 2181,4369,1118,518,3372
2404: 4506,3921,635
2405: 3470,3811,294,1019
2406: 1723,2811,575
4532: 3067,4173,1696
2408: 390,1715,3975
2409: 979,2678,4501,1667
4301: 348
2411: 4046,793,2520,3012,71
2412: 1692
2413: 2779
2414: 3641,2378,1792
2415: 2514,1297,1916
2416: 4698,3350,4623
2417: 849
2418: 4171
2419: 3955,2364,2797,2272
2420: 2256,620,3468,3355,4023
2421: 1156,791,2770,4508,2233
2422: 3732,4578,4170,3316
4654: 
2424: 2650,71,3527,1686
2425: 2300,277
2426: 605,4693,1012
2427: 1665,3211,4110,4792,2189
2428: 3789
2429: 374,1421,1625,351
2430: 4357,3393,375,1189
2431: 4045,4792,3934,3266,4808
2432: 3903,4304,1348,3537
4600: 4791,372,3462
2434: 261,2502
2435: 4200,2745,4142,3989
2436: 2344,2125,2497
2437: 699,436,2048,4591
2438: 
2439: 431,2346
2440: 2251,2079
2441: 3604,2609,3064,1968,3948
2442: 4003,1738,2898,1841
4494: 2373,1313,3967,4579
2444: 1271,4012,4137
2445: 2994,2673
2446: 3282,351,1421,3145
2447: 4262,4092,159,164
2448: 3289,4806
2449: 2894,3
2450: 1153,4487,558,3473
2451: 4609,1560,4200
2452: 582,526
2453: 1716,2304,4804
2454: 
2455: 2480,898,2368,4051
2456: 1327,921,2568,3732,4578,3610,2792
2457: 4354
2458: 
2459: 2589,4027,4396
2460: 3762,4085,2819,241,3716
2461: 4619,4697,4569
2462: 1283,1986
2463: 1357,2575,1468
4299: 
4271: 4814
2466: 4084,2386,4130
2467: 159,1785,3463
4396: 968,3252,4027,2459
2469: 1252
4276: 4377,3836,673
4305: 3854,2026
2472: 46,64,2860
2473: 1525
2474: 2731,1383,4517,1901,3243,2621
2475: 
4148: 3367,4757
2477: 473,344,2571,742
2478: 2115,3681,239,2101
4514: 
2480: 2455,4116,2488,1268,3691,898
4745: 835,19
2482: 2768,1160,2738
2483: 1329,2375,1374
2484: 1602,4360,2221,3216
2485: 1590,4819
2486: 1599
2487: 2890,2018,256
2488: 2480,4116,2130,210,1268,4593
2489: 4776,3008,90
2490: 1770,901
2491: 2554,1480
2492: 2738
4349: 193,171,3932
4450: 26
2495: 3405,3855,584,2878,4178
2496: 838,1684,1970,3468,2256
2497: 4449,4608,2436,532
4342: 3843,2846,1911
2499: 
2500: 3294,3653,1637,4758,1243
2501: 1873,4798,1270,4628
2502: 2434
2503: 915,2510,1065,4363
4333: 2035,3443
2505: 1838,1782
2506: 1824,3597
2507: 3359
2508: 4569,1116,1256
4597: 457,4823
2510: 3888,2967,4468,4363,2503
4814: 4373,3764,4271
2512: 2646,1550,4655,4596
2513: 2104,4004,1177
2514: 442,2415,1195,1297,4535
2515: 1110,4232,976,2930,158
2516: 1342,543
2517: 3688,724
2518: 3366,1410
2519: 3165,79,4370
2520: 793,2411,3420,1969,71
2521: 4109,3591,3413
2522: 3965,4812,3949
4487: 1153,2450,3473,4759
2524: 3317,371,3695
2525: 
2526: 3650,2062,1562,3438
4564: 1685,3978,1851
2528: 4626,3109,1031,2771
2529: 
2530: 3630,2086,2631
2531: 4641,3952,7,2379
2532: 2768
2533: 712,1404,3618,3100,3632
2534: 2087,1561,3126
2535: 2062,2670,3488,1180,173
2536: 334,2284,1431,978
2537: 2043,2782,2198,1740
4779: 3741
2539: 1333,240,2567
2540: 3110,4518,1145,1022
4757: 4730,4148
4761: 4058,1164,4055,4086,2311
2543: 439,748,1743
4646: 143,1406,2989,4823,3347
2545: 3534,49,3353,576
2546: 1222,4288
2547: 2635,1476,3617,2826,166,1341
2548: 1221
2549: 1862,4390,3484
2550: 
4350: 1413,484,4263,2392
4139: 2187,2231,4728
2553: 956,456,1583,2672
2554: 2491,3631,4632
2555: 
4341: 850
2557: 1908,4582
2558: 2334,1870,290
4383: 2797,2272
4206: 3336,1254,4744
2561: 34,3878,4608,4098,2061
2562: 338,1496,3461,4625,891
2563: 1633,1844,55
2564: 1130,3656
2565: 1549,2235
2566: 1975,1150,3906,2977
2567: 2539
2568: 2456,1327,921,3201
2569: 2834
2570: 2892,3908,2908,2364
2571: 344,717,1418,1683,473,2477
2572: 66,1375,4118,3766
2573: 2874,302,101,817,2640
4445: 3523,204,1329,3558
2575: 1357,2463
2576: 1751,4213,433
2577: 690
4697: 3404,2171,2461
2579: 
2580: 3260,4714,2198,3801,1740
4367: 92,1298,41
2582: 2630,3251,3801,2961
2583: 
4822: 1133,4614,267,2873,2776,4716,3700
2585: 1464,1458,2029
2586: 234,3916
2587: 
2588: 439,4493,947,4702,722,86
2589: 4027,2459,4767,3753
2590: 1409,2765
2591: 463
2592: 4768,1517,4785,3466
2593: 3893,4530,2828,2885
2594: 
2595: 3305,4762
2596: 1948,4094,3982,1793,308
2597: 1008,2889,3693
4632: 2554,3631,1353,92
4796: 3091,1276,3812,48,2399,3514,4617
2600: 3108,3637,1394,1919,3016
2601: 1801
2602: 3103,1456,1668
2603: 917,581,1819
4567: 1019,933,3777
2605: 899,667
2606: 2385,1298,3884
2607: 4596,1412,1275,4670
2608: 1883,3487,2279,3771,4462
2609: 2441,4602
2610: 4322,4160,345,3184
2611: 
2612: 3302,1964,1281,4278,4122
2613: 1398
2614: 4066,3182,1328
2615: 4072,1506,1639,1194,2028
2616: 3523,4006
2617: 566,3078
2618: 4784,844,2099,1251
2619: 1623,4819,3676,1370
2620: 4657,4182
2621: 3243,2474,1309
2622: 327,736
4226: 4554,683,4658,4197
4452: 2387
2625: 2647,2239
2626: 4738,1512,3554,3167,2296
2627: 3836,3195,2117
2628: 
2629: 1230,1267,3530,2969
2630: 2582,3251,2961,1729,521
2631: 4130,2217,2086,4084,2530
4458: 
2633: 542,1458,2917,4778
2634: 1621,1777
2635: 3930,1476,2547,1134,1642,3617
2636: 1886,1161,3310
2637: 1376,1341,239
2638: 4617,1863,125,4461
2639: 3630,2746,148
2640: 2573,789,101,4789
2641: 2941
2642: 1378,4208,340,708,3929
2643: 4097,4021,37,2923,1229
2644: 1989,425,2248,2307
2645: 1132,1331
2646: 2512,123
2647: 1087,140,2625
2648: 2287,4721,3580
2649: 2876,4819
2650: 2424,71,948,2074
2651: 
2652: 3277,2214,2692,509
2653: 1923
2654: 1952,3176,2794
2655: 3314,4725,4161,1067
2656: 2885,2123,3733
2657: 3190,477,882
4279: 647,1296,3744
2659: 3391,2771,3109
2660: 3575,1854,1999
2661: 524,2925
2662: 2779,3937,3077
2663: 3528,4348
2664: 974,1980,1413,198,1722
2665: 2698,2803,4094,2146
2666: 495,2157,3454,2901,4239
2667: 463,2703
4211: 134,1940,305,3582
2669: 2399,3514,1276
2670: 2535,1180,3105
4237: 
2672: 1191,2553
2673: 2445
4298: 432,3220,2954,4809,2949
2675: 623,2845
2676: 1310,3692,4291,1407
2677: 3455,4688,1491,1329,3558
2678: 2409,979
2679: 3861,1489
2680: 2145,2172
4255: 4141,2106,1408
2682: 4660,2860
4735: 2314
2684: 786
2685: 1318,4054,3587
2686: 3824,3196,1851,2877,336
2687: 1281,1521
2688: 486,72,3298,3412
2689: 1866
2690: 4733,3755,4682,503,474,1515
4611: 3709,4456,1816,2316
2692: 509,4032,403,2652
2693: 4764,2740
2694: 
2695: 1120,2724,1793,4057
2696: 3933,2379,3170,312
2697: 107,2108,177,511,3290
2698: 1228,2665
2699: 1086,1394,3829
2700: 3834,4759
2701: 
2702: 1376,823,3754
2703: 3542,2667,3521
2704: 3238,567,1746
4754: 4185,4621
4144: 91,1727,3112,4449,3878
4506: 2404,2219
4640: 3657
2709: 1369
2710: 
2711: 2737,4557
2712: 3153,4580,2072,22
2713: 1797
2714: 3972,4603,3496,4557,887
2715: 4209,4102,3155,1985,576
2716: 1052,2982,4327
4509: 
2718: 2192,4610
2719: 4613,4225
2720: 1962,4696,4114
2721: 1525
4281: 
2723: 1863,2337,2399,4617,3404
2724: 1793,4057,569,2695
2725: 67,207,342
4752: 300,618,942
2727: 716
2728: 
2729: 1353,4549,184,92,3137
2730: 3533,568,1397,2078,727
2731: 1383,2474,1901,4685,3919
2732: 3084,207,342,1438,4297
2733: 4774,259
2734: 3169,1113,3760,55,131
2735: 3730
2736: 1856,4496,3780,366
2737: 2711,4083,4258,18,4217
2738: 2492,2482,2768
2739: 
2740: 4764,2693
2741: 2806
2742: 4240,464,4176
2743: 686
2744: 1958,1998,3051
2745: 4142,2435
2746: 4763,2639
4517: 1383,2474,893,102
2748: 4252,3771,2919
2749: 4605,3272,3712,3253
2750: 3474,4595,1553,4284
2751: 1931,227
2752: 1013,2065
2753: 569,2969,1293,308
2754: 515,3581,3702,4795,2035
2755: 1087,2159,322,1096
2756: 949,2329,3511
2757: 4765,4131
2758: 141,2137,3951,3936,3508,150
2759: 2785,1422,2200
2760: 1277,3727
2761: 2110,163,1981
4483: 829
2763: 
2764: 547,2210,1498,4295
2765: 3909,2590
2766: 814
2767: 1012,4003,1289
2768: 2482,2532,2738
4807: 
2770: 791,248,1302,2421
2771: 2659,3391,4626,2528,3109,2892
2772: 2197,3206
4295: 864,2764
2774: 910
2775: 114,910
2776: 1401,1133,4822
2777: 
2778: 4202
2779: 3937,2662,2413
2780: 
2781: 1545,4811,4412
2782: 2043,2537,1254,2071
2783: 567,4216,4267
2784: 70
2785: 2759,919,4015
4360: 1602,2484,3906,1390
4468: 4251,2967,2510,4363,363
2788: 4149,3068,954
2789: 4767,1002
2790: 1614,3398
2791: 4695,3134,4467
2792: 3830,2229,2456,1327
2793: 592,1499,990
2794: 3176,1952,2654,4198,3795
2795: 1316,3071,4064,2339,387
2796: 2122
2797: 4383,2272,2419,2364,4623
2798: 1996,2939,4672,1199
2799: 
2800: 75,4811,2142
2801: 
2802: 
2803: 1514,2665,2146
2804: 936,4270,518,2167
2805: 2976,2262,4227
2806: 2741
4524: 3768,215,3728,871,4769
2808: 4423,353,3362
2809: 430,42
2810: 1421,3742
2811: 892,2406
2812: 4496,4196
2813: 4440,1750,4698,2889,3935
2814: 3838,3940,168,2278,3180,3106
2815: 4286,1564,4510,2966,718
2816: 1115,3106,3573
2817: 1034,3775,319,1715,766
4645: 2054,2143
2819: 3620,4085,369,3762,232,2460
2820: 4703,2955,2056
4326: 3401,4788,288
2822: 1750,4218,3553,733
2823: 21,255,4663
2824: 4648,323,3779
2825: 4049,1506,888
2826: 3617,3800,2547,1341
2827: 628,1396,1294,4427
2828: 2885,4530,121,2593
4196: 1465,2812
2830: 2871,4312,922,1445
2831: 3710,3818,3193,4767
4741: 1167,447
4420: 3079,978,3392
2834: 2838,2569
2835: 572,1621
2836: 615,921,3732
2837: 4230,559,2358
2838: 2834
4569: 3262,2508,1835,1116,2461
4490: 3769,3185
2841: 252,3394,675,751,4727
2842: 
4791: 3911,1392,372,1321,4600
2844: 
2845: 1149,4294,2675
2846: 4774,4342
2847: 4336
2848: 776,2264,4439,4413
2849: 3865
2850: 2334,4308,1870,1277
2851: 4678,4680,618,1307,942,4308
2852: 4431,3124
2853: 1475,3328,1104,4665
2854: 2128,1436,3202
2855: 160
4806: 2112,2448,3289,533
2857: 1375,3314,4710
2858: 3485,3706,3465
2859: 3144,1351
2860: 4660,2682,46,2472,676
2861: 3531,1642,3074,717
2862: 
2863: 2226,4413,4090
2864: 3922,3649,4201
2865: 4496
4434: 3957,2292,3539
2867: 129
2868: 3983,2356,1833
2869: 868,3821,1184
2870: 4436,3717
2871: 2830,4459,4312
2872: 1575,3897,2129
2873: 3991,267,4822,4716,626
2874: 2573,3206,302
2875: 4788
2876: 2649,3509,4819
2877: 336,2002,2686,1851
2878: 584,2495
4676: 
2880: 2275,4459
4190: 1151,1826
2882: 3413,1763
2883: 4505,3987
2884: 3140
2885: 2828,1576,2656,2593
2886: 2343,4245,896,938
2887: 46,676,2177
2888: 4518,3478
2889: 1965,2597,2813,3935
2890: 2487,2018,3953,3324
2891: 3431,2255
2892: 2570,3908,3391,2771
2893: 3548,616,449,2377
2894: 2449,3440,3892
2895: 2170,4656,3510,4319,408
2896: 3304,2963,3255
4812: 2269,2522
2898: 4071,1841,167,3524,1972,1738,2442
2899: 4192,4790,925
4448: 
2901: 1495,3085,495,2666,4239,64
2902: 
2903: 1025,519,2917
2904: 1173
4145: 2076,3463
2906: 2079,1505,4513,1610
4157: 1816,3245
2908: 2570,3391,3115
2909: 3490,3625,2980,4257
4348: 2663,2179
2911: 1563,522,1184
2912: 4315,2009,4799,3859
2913: 3044,3591
2914: 893,1309,3749
2915: 2051,875,4588
2916: 
2917: 3696,4778,2903,2633
4760: 4795,1991,4355
2919: 2279,2004,2359,2748,3771
4663: 1008,255,2823,3350
2921: 3894,1811
2922: 4381,2178,4457,2928
2923: 1229,37,2643
2924: 4777,4353
2925: 3739,1338,2661
2926: 605,4693,3349,1747,4499,4531
2927: 2166,1572
2928: 49,177,2178,4457,2922
2929: 
2930: 4186,4232,2515
2931: 3325,823,3888,2119
2932: 43,3043
2933: 3345
4444: 1079,826,1721,4751
2935: 3145,1902
2936: 563,1824,4504
2937: 3370,1451,2295,254
2938: 1878,4197
2939: 1996,2798
2940: 341,1977,3931,4784,1303
2941: 1803,1072,2641,4670
2942: 3411,4793,2286,644
4376: 1809
2944: 2949,883,2954,849,251
4797: 2217,2086,4007
2946: 
2947: 4553,713
2948: 3159,293,1417,4730
2949: 4809,883,2944,4298,2954
2950: 4728
4583: 
4734: 3484,2140,66
2953: 1398,1987,3014
2954: 849,4298,2949,2944
2955: 2820,4703,1012
2956: 2211,2011,983
2957: 465,3179
2958: 3728,1046
2959: 3781,3310,775
4275: 1852
2961: 4668,2630,2582,2995,1729
2962: 4231
2963: 3304,2896,1312
2964: 3970
2965: 1911
2966: 2815
2967: 4251,4468,1205,3888,2510
2968: 3153,3799
2969: 2753,1293,3794,3530,2629
4230: 2837,4340,2358,3121
2971: 
2972: 3776,4673,841
2973: 
4413: 4439,2848,2863
4246: 4465,1937,787
2976: 3208,3300,2805
2977: 3906,4708,1150,307,2566
2978: 3779,2259,2223
4815: 1919,3083,3016,653,1822
2980: 1811,2909,205,1757
4344: 3602,1224,1938,318
2982: 2716,885
2983: 362
2984: 3440,1963,1929
2985: 946,4169
2986: 276,1736,1485,3531,2164
4660: 2860,2682,851,1129
2988: 641
2989: 4646,4823,3347
2990: 3685,1449,930,3497
2991: 4621,4773
2992: 4090,2182,4042,2264
2993: 
2994: 370,2445
2995: 2961,1729,1076
2996: 1778,3817
2997: 1260,982
2998: 1782,3213,3363
2999: 2297,2389
3000: 577
3001: 3618,3100,4150,1754
3002: 1461,3592,3148
3003: 4220,796
3004: 3547,3615,3890
3005: 1898,155
3006: 3526,337,1429,1688,3833
3007: 386,4473
3008: 90,4474,4776,2489,236
3009: 843,1794,4703
3010: 3039,2092
4268: 1349
3012: 4158,4046,2411,65
4541: 3711
3014: 1987,4015,2953
3015: 2321,1462,1653,2341
3016: 300,2600,4815,1919
3017: 3935,4440,4218,4093
3018: 2158,4492,1202,2393,17,315
3019: 1636,2372,4123
4175: 2315,3416
3021: 3059
4400: 
3023: 977,3434,116,549
3024: 4642,121,1605
3025: 
3026: 3116
4695: 2791,3134
4614: 4822
3029: 1634
3030: 2400
3031: 706
4193: 3155,511,3290,3534
4212: 4214,4746,3262,1835,260
3034: 122,665
3035: 1643,460
3036: 1291,601,704
4216: 2257,2783,4267
3038: 4718,3587,3893
3039: 3010
3040: 1799,1410,2203
3041: 2320,3075,3506
3042: 2021,3827,2126
3043: 325,2932
3044: 2913,477,882
3045: 1543
3046: 4747,543
4454: 137
3048: 3860,600,1643
3049: 191
4630: 2356,1508
3051: 1998,1888,2744
3052: 3560,54,435,3166,61
3053: 
3054: 4071,1841,1432,1289
3055: 220
4707: 1005,4562,2131,1282
3057: 3799,4015
3058: 
3059: 1337,3021
3060: 2317,4453,1105,2268,672
3061: 3443,2055,2038
3062: 226
3063: 3589
3064: 1968,2441,1947
3065: 3475,1704,487
3066: 13,2113,1072
3067: 4532,4173,992,1828
3068: 2788
3069: 3272,3712,4151,3870,984
3070: 1552,2139
3071: 2795,1316,1194,2028
3072: 1420
4613: 2719,4584,296
3074: 3870,984,2353,3531,2861
3075: 2320,3041
3076: 1901,4685,1740,1259
3077: 4419,3937,2662
3078: 4081,2617,1472
3079: 4420,2284
3080: 859,3263,751,3986,964,879
3081: 1796,1372,478,1255,3456
3082: 525
3083: 1080,4815,1919,1855
3084: 207,2732,505
3085: 2901,1495,495,628,1396
4315: 2912,2009,1096,2159
3087: 1974,1040,421,1522,2327
3088: 2230,904,1528,1933
4447: 156,673,475,415
3090: 1253,644
3091: 4796,2003
3092: 
3093: 
3094: 
4762: 2157,3454,851,2595
3096: 4189,67,1760
3097: 1511,2051
3098: 59,1348,3168,392
4703: 2820,2955,3009
3100: 3618,3001,3967,4579,2533
3101: 559,2358
3102: 4010,289,939
3103: 2602,3969,1564
3104: 2139,1899,3961
3105: 1180,2670
3106: 1115,2816,2814,2278
4264: 3324,1013,1631,3344
3108: 2600,3637,2254,1919
3109: 2528,2659,2771
3110: 2540
3111: 4150,1223,941,1524,4051
3112: 4394,91,4144,4449
3113: 
3114: 1367,3491,187
3115: 3391,2908
3116: 3026
3117: 985,1492,76
4151: 3851,1742,3069,3870
3119: 614,1344,1053
3120: 104
3121: 4230,313,3810
3122: 869,3396
3123: 
3124: 2852,754
3125: 3669,1517
3126: 199,535,2534
4292: 3320,3368,1652
4147: 1034,3775,221,144
3129: 2240,476
3130: 1014,516,2103
3131: 3688
3132: 3825,1153
3133: 32
3134: 4764,926,2791,4695
4204: 
3136: 1862,1528,2230,671
3137: 3884,2729,1298
3138: 3886,3722,1040,421,3339
4499: 2926
3140: 2884
4790: 4500,4192,2899,1805,925
4542: 3685,4112,1583
4731: 3837
3144: 2859,4787,4750
3145: 2935,351,2446
3146: 4607
4146: 465
3148: 2316,4256,3002,3623
4233: 1039,3764,2156,4553
4604: 1121,693,1512
4706: 
3152: 1764,3808,2103,4648
3153: 2712,2968,4580
4605: 1742,1372,2749,3272
3155: 4193,4178,2715,4102
3156: 459,3164,1995,20,4285
3157: 1035
3158: 3268,422,305,1474
3159: 2948,4730,534
3160: 1229,3973,2106
3161: 3902
3162: 881,397,1089
3163: 1874,334,978,615
3164: 3156,459,4285,4686,573
3165: 2519,79,3304
3166: 3052,54,4291
3167: 1121,4813,2296,2626,1512
3168: 1157,3098,392,3318
3169: 1113,2734,1104
3170: 312,2696
3171: 1346,2100,4455,678
4472: 2244,740
3173: 100,1712,2266
4296: 1041
3175: 4421,4801,1385,4477,792
3176: 2794,943,2654,865
3177: 413
3178: 2047,1687
3179: 465,4736,2957
3180: 2278,168,2210,2814
3181: 1312
3182: 4066,2614,1653,772
4214: 4746,4212,3262,428
3184: 3490,205,4322,2610
3185: 4490,3225
3186: 2116,827
3187: 690
3188: 1539,1840,2150,2206,1405,3820,3297
3189: 3970,441
3190: 2657,4598,477,2393,315
3191: 3881,99,124,1449,3685,4705
3192: 1053
3193: 1815,2831
3194: 
3195: 2627,1168,1803,2117
3196: 2686,3824,1851,1882,1434
3197: 191,4328
3198: 4486,3746,1414,705
3199: 2115,2241
3200: 2098,887,4724
3201: 975,2568
3202: 2854
4232: 1110,2515,316,2930,4186
3204: 1638,3911,1162
3205: 445,977,1640
3206: 2874,2772,2197
3207: 2341,1348,4304
3208: 1578,1737,3300,2976
3209: 1002,908,3472
3210: 4155,193
3211: 2177,4110,4792,2427
3212: 4781,2185
3213: 4018,1782,2998
3214: 3496,1164,4258
3215: 740,362
3216: 1905,2484,1682,4657
3217: 2391,3610,2003
3218: 4019,3936,3508,1494
3219: 
3220: 1109,432,4298,4809
3221: 3671
3222: 909,2390,2196
3223: 1911
3224: 4382,2142
3225: 4351,3601,3185,816
3226: 426,1291
3227: 891,3875,77,1119,1522
3228: 3536,1859,3432,1657,811,4185
3229: 3234
3230: 2175,3470,933,2213,3546
4391: 124,752,1441,528
3232: 503,2206,1284,1515,3571,4134
3233: 4471,1074
3234: 3647,3229
4158: 161,3012,1050,65
4426: 1070,540,1109
3237: 
3238: 2704,1746,1425
3239: 
3240: 1216,3829,3856,1806
4818: 1696,4330,973,691
3242: 4001,2069,2010,1529,103
3243: 2621,1259,1901,2474
3244: 2156,1908,481
3245: 3801,349,4157,1816,4714
3246: 1489,1623,2317
4423: 2808,3362
4747: 3046
3249: 
3250: 4780
3251: 2630,2582,216,521
3252: 3710,3818,1629,4767,4027,4396
3253: 3272,3712,2749,688
3254: 1772
3255: 1246,2896
3256: 2211,638,2000
3257: 3847
3258: 316,1545,4412
3259: 3379,1891,1477
3260: 4668,2580,4685,1740
3261: 
3262: 4569,1835,1256,4214,4746,4212
3263: 3080,879,793,1469
4437: 1609,1369,556,3410,3486
4359: 1672,4419
3266: 1318,4808,2431,3934,3763
3267: 2089,4309,4816
3268: 3158,1326,134,305
3269: 253
4769: 3728,1046,4524
3271: 1388,131,3941,1575,4740
3272: 3712,3253,3069,2749,4605
4642: 3024,4334,4530
3274: 2014
3275: 
3276: 1798,1497
3277: 2652,4628
3278: 1251,4277,4431
3279: 4728,1713,4242
3280: 1796,1255
4471: 16,3233,1074
3282: 2446,3742,2297
4713: 3987,3338,4414,4772
3284: 4733,4682,3785,1211
4669: 1776,555,114
3286: 2238
4719: 1526,12,1225,3545
3288: 4017,2348,4441
3289: 2448,3705,3914,4806
3290: 511,4193,107,1471,2697,3405
4551: 292,365,775
3292: 3690,38,857
3293: 
3294: 2500,1243,2306
3295: 418,2394
4488: 707,957,2128
3297: 1405,3188,81,3571,235
3298: 2688,72,3899,2155,3412
4738: 2626,3554,2296
3300: 3208,1737,2976,1363
3301: 4172,1424,4407
3302: 2223,2612,1964,3988,4278
3303: 995,1036,1834
3304: 2963,2896,1312,3165
3305: 1983,2595
4552: 
3307: 1914,4535,4649
3308: 534,3367,4635,291
4406: 1175,1106,1520
3310: 1022,775,2636,2959,1145
3311: 
3312: 3860,4309,4428,600
3313: 1819,830,633,4188
3314: 2655,66,2857
4740: 1575,3271,1788
3316: 4428,600,1533,4170,2422
3317: 371,2524,3695,327,736
3318: 784,1384,2369,3168,392
3319: 1935,802
3320: 4292,3368,1709,4764,986,1652
3321: 3625,2104
3322: 
4236: 3659,4657
3324: 4264,1013,2890
3325: 2931,3888,640
3326: 872
3327: 852
3328: 2853,1475,4665,3959,338,1496,1136
4412: 4811,1545,2781,3258
3330: 1710
3331: 1276
3332: 4105,2190
4164: 
4167: 1364
3335: 3602
3336: 4206
4694: 4743,781,3837
3338: 4713,3987,4772,3485
3339: 4048,1395,421,3138
3340: 557
3341: 1664,783,1390,4708
3342: 629,1128
3343: 12,4598,1526
3344: 1631,3874,4264
3345: 2933
4742: 2190,1078,2090
3347: 4775,4823,2989,4646
4386: 4093,733,110
3349: 1747,4531,2926
3350: 4663,2416
3351: 4548,1319,111,747
3352: 1976,1142
3353: 1985,576,2545,3657
3354: 1468
3355: 4481,4023,620,2420
3356: 
3357: 3812,369,3620,4563
3358: 404,4252,26
3359: 2507,1178
3360: 1554
4536: 1836,705
3362: 2808,4423
3363: 2998,1147
3364: 
3365: 614
3366: 2518,4601
3367: 4148,3308,4635
3368: 3320,4292
3369: 3428,1592
3370: 2937,254,905,3403,1206
3371: 
3372: 974,1836,1722,4369,2403
3373: 
3374: 177,2068,4457,3550
3375: 650
3376: 2242,3739
3377: 4750
3378: 2034
3379: 2291,3259,4058
4687: 1527
3381: 4720,2197
3382: 
3383: 4210,4314
3384: 
3385: 
4714: 3245,3801,2580
3387: 1707
3388: 3915,3502
3389: 799
4213: 433,143,1406,2576
3391: 2659,2771,2892,2908,3115
3392: 4464,615,978,4420
3393: 2430,4357,246,1042,1189
3394: 2841,252,4727,2038
3395: 1970,620,3468
3396: 4743,869,3122,538
3397: 
3398: 996,2790
3399: 805,1559,704
4291: 2676,3166
3401: 4326,4788,288
3402: 1036,1890
3403: 905,1904,254,486,3370
3404: 110,4697,2337,2723,2171
3405: 2495,584,1471,3290,4178
3406: 
4755: 858,3828
3408: 865,688,4671
3409: 1991,4355,894,515,4595
3410: 3486,2169,2171,4437
3411: 2942,4397
3412: 2295,254,2688,486,3298
3413: 2882,2521,4109,2231
4606: 1285
3415: 4161,785,4587,989,1067
3416: 4175,2315
3417: 4078,2347,163,1941
3418: 1572
3419: 4067,3980,4798
3420: 1969,609,1139,2520
3421: 
3422: 3691,3780,4180
4149: 2788,424
3424: 1895,1192,1064
3425: 
4750: 4787,3144,3377
3427: 
3428: 3369,1592,3902
3429: 1221
3430: 1339
3431: 222,2891,1909
3432: 3536,1859,3228,1551,1511
3433: 4328,1681
3434: 2172,3023
3435: 
4256: 3148,1591
4816: 0,741,3267,4309,468,3584,4306
3438: 3524,1972,1562,1973,2526
4598: 3190,477,3343
3440: 2984,2894,3892
3441: 
3442: 
3443: 3061,4333
3444: 1306
3445: 980
3446: 1761,2083
3447: 1688
3448: 364,916,2176
3449: 273
3450: 3622,1774
3451: 1063,3882,4207,4766,1992
4603: 1103,2161,3496,887,2714
3453: 897,395
3454: 4762,2666
3455: 4688,2677,3558
3456: 845,1255,3081,1742
3457: 1301
3458: 1127,387,4031
3459: 1089
3460: 791,1295,4508
3461: 4625,4285,3959,1272,2562,1496
3462: 635,803,3552,372,4600
3463: 2467,159,4145
4578: 3732,2422,3610,2456
3465: 498,3706,2858,3471
3466: 4300,4785,691,4330,2592
3467: 4290
3468: 3395,1970,620,2496,2256,2420
3469: 4082
3470: 3811,933,2405,2213,3230
3471: 3706,498,3465
3472: 3209,1799
3473: 3562,2326,2450,4487,3834,4759
3474: 4595,2750
3475: 3065,487,494,4643
3476: 1010,3667,3827
4821: 26,875
3478: 1957,2888,3785,4682
3479: 3844,1266
3480: 1493,4589
3481: 3586,3892,1037
3482: 482
4379: 1385,496,1791,3532
3484: 4734,2549,4390
3485: 4505,3706,3338,2858
3486: 3410,4437,1369,1685
3487: 1883,2608,332,399,2279
3488: 99,958,173,2535
3489: 4052,1452
3490: 2909,3184,205
3491: 3114
3492: 1943,1780
3493: 1141,4388,1436,1637
3494: 1011,4501,1667,4311
4758: 3623,1351,2500,4787
3496: 3214,4557,4603,2714
3497: 930,2990
3498: 1097
3499: 1886,1074
4478: 162,2251
4375: 1060,1732,3650
3502: 3388
3503: 850,567
3504: 381
3505: 2252,158,1531
3506: 3041
4459: 2871,1445,2880
3508: 150,1494,2758,3936,3218
3509: 2876
3510: 4656,2895,3751,4319,1741
3511: 251,2756
3512: 1533,2089,4428
3513: 964,4041,879,609
3514: 2669,2399,4796
3515: 1158,60,2109
3516: 2394,4269
3517: 444,3901
4388: 1024,1127,1461,3493
3519: 241,4143,3731,3716
3520: 2046,2242
3521: 514,2703
3522: 712,4579,1313,3565
3523: 2616,4445,3824,204
3524: 1972,1562,3438,1619,4112,167,2898
3525: 4789,2357,1202,1917
3526: 3006,1914,1688,1632
3527: 65,2424,1686
3528: 2663
3529: 1821
3530: 1806,3794,2969,2629,1267
3531: 2861,1134,1642,2164,3074,2986
3532: 3749,1791,4379
3533: 2730,568,3849,727
3534: 2545,49,511,4193,576
3535: 
3536: 1859,3432,3228,1551,4185
3537: 392,2432,2005
4327: 2716
3539: 1736,2292,4434
3540: 1978,4227,2124,858
3541: 1231,2326,3834
3542: 2703,2040
3543: 3545,33,1704
3544: 3548,4539
3545: 3543,4719,12,1225
3546: 3612,2213,3230,2175,3760
3547: 3004,1672
3548: 2893,3544,2377
3549: 1312,1081
3550: 4457,2068,1844,3374
3551: 594,4556
3552: 3462,803
3553: 2272,2822,1750
3554: 2626,4738,1512
3555: 
4440: 2813,4218,3935,3017
3557: 3980,4798,481
3558: 1329,3455,2677,4445
3559: 747,1380,4548,4209,3640,4005
3560: 3052,435,1411,61,4313
4668: 3260,2961,4685,3919
3562: 3473,1686,2326
3563: 
3564: 1437
3565: 3522,607
3566: 322,1492
3567: 997,4785,1912
3568: 2285,1239
3569: 1000
4431: 2852,3278
3571: 81,2206,3232,1405,3297
3572: 
3573: 2816,285
4467: 2791,1645
3575: 1854,2660
3576: 3963
3577: 466,4558,2378,4442,2209,1108
3578: 1757,1811,3894
3579: 3597,2066,3628
3580: 4585,1569,2648,3817
3581: 4795,1991,2754
3582: 1993,727,4211,1940
3583: 4274,1853,69,2342
3584: 1411,4816,611
3585: 1409,4543
3586: 3481
3587: 4261,2685,4054,3038
3588: 306,1007,686,93
3589: 1795,3063,497
3590: 195,617,4104
3591: 2521,4109,2328,2913
3592: 1591,4031,1127,1461,3002
3593: 3765,401
4803: 494,1241,1103,1059,952
3595: 3611
4385: 914,1597,4389
3597: 3579,2506
3598: 3658,2354
3599: 233,3651
3600: 407,1299
3601: 4351,3225,2213,816
3602: 4344,3335
3603: 4591,3897,438,4479
3604: 2441,4224
3605: 1499,4152,2029,916,1464
3606: 434,776
3607: 975,1382
4183: 303,1556,3677
3609: 3751,1384,2369,3958
3610: 4578,2456,2391,3217
3611: 3872,4566,3595
3612: 816,3941,3546,3792,3760,131
3613: 152
3614: 2027,3866,4555
3615: 3890,3004
3616: 2269
3617: 2826,750,2635,2547
3618: 3100,3001,1877,1404,2533
4582: 578,1270,3815,2557,4373
3620: 4085,2819,4563,3357
3621: 1407,848
3622: 1774,3673,960,3450
3623: 1351,4758,2316,3148
3624: 1444,4794,497
3625: 3321,2909,4257
3626: 919,4166
3627: 1820,3865,3848
3628: 2066,4300,997,3579
3629: 1004,4819
3630: 2639,2530,148
3631: 2554,4632,1929
3632: 1018,712,2533
3633: 2142,1962
3634: 266,279
3635: 
4673: 3776,3819,2972
3637: 2600,3108,1170,1216,1394
3638: 
3639: 2214,654
3640: 4209,4102,4178,4548,3559
3641: 2346,2414
4546: 
3643: 60
4508: 791,3460,2421,2233
3645: 2331
3646: 3795,652,1175,2318
3647: 3234
3648: 
3649: 3917,4201,2864,427,4795
3650: 2526,4375,4339,373
3651: 2154,1894,3599,233
3652: 
3653: 1637,3979,2500,1243
3654: 357,3702
3655: 4061,435,31,4793
3656: 1868,2564
3657: 4640,3353
3658: 3598,2354
3659: 607,4236
4688: 3455,2677,3806,1491
3661: 2185,3920
3662: 
3663: 1881,784
3664: 4475
3665: 4090
3666: 
3667: 1888,3476
4462: 1789,838,1883,2608,3846,3771
3669: 3125,312
4199: 1802,1713,1665,4055,2311
3671: 4087,3221
3672: 
3673: 960,3622
3674: 1721,839
3675: 2304,4260,4266,808,1825
3676: 4819,2619,1370
3677: 4100,1091,1556,4183
3678: 
3679: 910
4619: 2461,3978,1685
3681: 2478,239
3682: 1941,2072,1325
3683: 4022,4068
3684: 
3685: 4542,2990,1449,3191,4705
3686: 
3687: 4184,1150,4019,4041,307
3688: 3131,2517
3689: 454,1047,2253,4203
3690: 3292,1412
3691: 3422,1856,1268,2480
3692: 1843,2676,1407
3693: 2597
4263: 965,2392,4350,1413,198
3695: 3317,2524,327
3696: 2917,4778,703,1734
4692: 1912
4588: 2915
3699: 
3700: 1693,1133,4822
4751: 1079,826,4444,127
3702: 4795,3654,2754
3703: 3932,1064,621,1895
3704: 3977,1775,1786,4251
3705: 1246,3289,1953,3914
3706: 4505,3485,2858,3471,3465
3707: 728
3708: 4002,3727,1842
3709: 4456,4611,1816,349
3710: 2831,3252,2170,1661,1629
3711: 4541,909,998
3712: 3272,3253,3069,2749,688
3713: 
3714: 484,729,1266,4384,2392
3715: 2350,399,4329,3822,1060
3716: 241,3519,4143,4085,2460
3717: 4436,2870
3718: 90,4474
3719: 1309,1640,1290
3720: 138
3721: 642
3722: 3886,1090,3138,1040,729
3723: 1677,157,1503,931
3724: 861,32
3725: 31,4061
4601: 3366,155,151
3727: 4002,3708,2277,2760
3728: 871,1046,2958,4769,4524
3729: 595
3730: 2735,1339
3731: 3519,4143,709
3732: 2422,4578,4464,2836,2456,921
3733: 2123,2656
3734: 221,1346,2127
4800: 4799,4424,3833,4647,3859
4435: 2147,650
3737: 1853,182,2150,3820
3738: 
3739: 2925,3376
4156: 
3741: 4779
3742: 2810,3282
3743: 1039,1967
3744: 1002,1695,4279
4620: 
3746: 4486,3198,1180,1503
3747: 1228,1948
3748: 
3749: 3532,2914
3750: 229,144,1677,157
3751: 3609,1741,3510
3752: 1592
3753: 214,2589,2203
3754: 640,2702,1376
3755: 2690,4733,1211,1265,474,4243
4574: 723,586,4010
3757: 
4251: 2967,4468,1775,3704,363
4274: 3583,1944,598,2342,252
3760: 2175,55,3612,3546,2734,131
3761: 1668,771
3762: 232,2460,2819,241,4641
3763: 3266
3764: 2156,4814,4233,4553
3765: 1951,3823,3593
3766: 4118,2140,832,2572
4200: 2435,146,2451,4142
3768: 1084,4524,1598,871
3769: 4490,1123,1558
4497: 963,79,4370
3771: 2748,2279,2919,2608,1789,4462
3772: 525,1391
3773: 1718
4401: 950,1477
3775: 1034,4147,319,2817
3776: 4673,2972
3777: 1633,4567,933,2175
3778: 4618,1179
3779: 2978,343,323,2824
3780: 4371,366,2736,3422,4180
3781: 2959,5,774,1990
4218: 4440,2822,733,3017
3783: 4378
3784: 4463,2111,2384,4409
3785: 4531,3478,3284,4682
4180: 3422,3780
4173: 4532,3067,992
3788: 882,817,738
3789: 2428
3790: 744,226
3791: 
3792: 3612,816,3941
4513: 2079,2906
3794: 664,3530,1293,2969
3795: 3646,4198,2794
4704: 1907
3797: 379
3798: 4382,1444
3799: 4414,3057,2968
3800: 1598,2826,871
3801: 3245,349,4714,2580,2582
3802: 1590,4370,4254
3803: 384,4476,4773,694,3826
3804: 1237,745
3805: 1356
3806: 1912,1491,4768,4688
4531: 3785,3349,2926
3808: 291,516,3152,2103
3809: 1064
3810: 3121,126
3811: 3470,2405,1386,2213
3812: 48,3357,4796
3813: 749
4161: 3415,785,2199,2655,4725,1067
3815: 1470,616,578,4582,4373
4609: 2451,606
3817: 3580,4585,2996
3818: 2831,3252,4767,4027
3819: 4673
3820: 1405,3188,2150,3737,1853
3821: 2869,868,845,190
3822: 1060,3715,4329
3823: 2381,1701,3765
3824: 2686,3196,1882,3523
3825: 3132,594,1153
3826: 4503,694,3803,4476,3911
3827: 3476,1864,3042
3828: 1798,4755
3829: 1216,1394,3240,1806,2699
3830: 1092,2792,2391,924
3831: 2340,827,897
3832: 1612,1824
3833: 1688,3006,1429,4424,4800
3834: 2700,4759,3473,2326,3541
3835: 1726,2030,932
3836: 2627,217,4377,4276
3837: 4731,4694
3838: 2814,3940
4655: 1867,1550,2512,4596,1412
3840: 
3841: 3948
4438: 4643,952,494,2098,553
3843: 4342
3844: 3479,4670,1168
3845: 2019,622
3846: 1883,1262,4462,838,527
3847: 1125,3257
3848: 3627,1820,2022
3849: 2208,3883,3533,568,1706,4103
4557: 3496,2711,2714,3972
3851: 1485,190,4151,1742,3870
3852: 1231
3853: 2382
3854: 1646,4305,1573
3855: 2495,4178,1319
3856: 1170,1573,3926,1216,3240
3857: 
3858: 801,140,432
3859: 4647,2912,4799,4800,801
3860: 3048,3312,2372
3861: 2679,1489
3862: 873,923,1994
4587: 3415,785
3864: 852
3865: 2274,3627,2849
3866: 4555,3614
3867: 
4768: 2592,1517,3806
3869: 1952,175,1120,52
3870: 984,3074,3069,3851,1485,4151
3871: 4259,4087
3872: 2196,3611,4566
3873: 1432,4339,695,40
3874: 3344,306
3875: 3227,891,3962,89,1119
3876: 
4140: 1240,1985,189
3878: 4449,4608,4144,34,2561
4798: 3419,1873,2501,3557,3980
3880: 1232,3993
3881: 3191,99,1441,692
3882: 1063,4065,3451
3883: 3849,2208,1961,4134,568,1706
3884: 3137,1298,2606
4321: 2243
3886: 1090,3138,3722,4038,927
3887: 1719,1707
3888: 3325,2931,1205,2119,2967,2510
3889: 2069,2010,1758
3890: 3615,3004
4203: 2253,3689
3892: 2894,3481,3440
3893: 2593,3038,4261,4530
3894: 2921,3578,1696
3895: 
4684: 2082
3897: 3603,2872,2129,1943
4782: 
3899: 3901,1261,2155,3298
3900: 362
3901: 3899,1261,3517,2155
3902: 3161,3428
3903: 4304,2432
3904: 1364
3905: 3984,703,1430
3906: 1390,4708,2977,2566,4360
3907: 4129
3908: 2570,2892,1324,2037,2364
3909: 2765,1988
3910: 1879,1647,451
3911: 4791,4476,3826,3204
3912: 4037,1438,1374,342,67
4770: 1986,147
3914: 3705,3289
3915: 3388,1698
3916: 2586,234
3917: 3649,4201,4795
4793: 2286,435,3655,31,61,1253,644,2942
3919: 4668,2731,1383,102
3920: 2141,3661
3921: 372,331,2149,443,635,2404
3922: 4775,4823,656,2864,4201,4795
4696: 2720
4179: 1839
4201: 3917,3649,2864,3922,4795
3926: 1486,2319,3856,1170
3927: 
3928: 1014
3929: 4229,2039,4208,2642,570
3930: 2635,1476,1134
3931: 834,2940,1303
3932: 3703,4349
3933: 2696,691,2379,709,973
3934: 2189,4792,2431,3266
3935: 3017,4440,2813,1965,2889
3936: 1212,2758,3508,3218
3937: 2779,2662,3077
4808: 1318,3266,2431,3988
3939: 1408,621,2205,1895,1192
3940: 3838,2814,168
3941: 3612,3792,131,3271
4519: 567,1420
3943: 737
3944: 2084,4182
4746: 4214,4212,1256,3262,428
3946: 1199
3947: 1821,1797
3948: 2441,3841
3949: 3965,2522
4285: 3461,1272,3156,3164
3951: 2758,2137,81,1961
3952: 4641,2531,7
3953: 2890,2018
3954: 482,4266
3955: 2419,2364,2037,2229
3956: 2120
3957: 4434,1295,1618
3958: 2005,3609,815
3959: 1272,1475,3328,1496,3461
3960: 4422,1848
3961: 1611,3104
3962: 89,446,891,3875
3963: 3576
3964: 36,927,1980,1090
3965: 2522,3949
4701: 1826,243,219
3967: 271,1754,3100,4494
3968: 1310,1594,1601,1166
3969: 1082,2083,1564,3103
3970: 3189,90,2964
3971: 993
3972: 1662,2714,4557
3973: 1810,4097,3160
3974: 1418,2353,730,98,1683
3975: 962,4691,939,2408
3976: 777,4443,836,1208
3977: 3704,408
3978: 2002,4619,4564,1685,1851
3979: 3653,1243
3980: 3557,3419,4798
3981: 1031
3982: 1793,1948,2596,72
3983: 2868,2356,1586
3984: 1777,3905,1430
3985: 1526,4492
3986: 751,1215,859,3080,964
3987: 4713,3338,2883
3988: 3302,2223,4808,4278
3989: 2435,146
3990: 4610
3991: 2023,2873,626
3992: 1367,4365
3993: 3880,1435
4765: 2757,431,1218
4328: 3433,3197
4357: 2430,3393,375,517
4656: 2170,3510,2895
3998: 4804
3999: 1148,1719
4000: 2065,4004,2104
4001: 3242,2010,2366
4002: 3708,3727,2277,424,1651,1842
4003: 2442,1841,2767,1289
4004: 4000,2513
4005: 1604,189,3559,1380
4006: 2616,1056
4007: 2331,4797
4681: 4021
4009: 1853,491,357,1944
4010: 3102,4574,390
4011: 782
4012: 1271,2444,4137
4177: 
4014: 41,746,2031,940
4015: 1987,3014,2785,3057
4247: 
4017: 1314,3288,2348
4018: 3213,1782
4019: 3218,1494,3687
4020: 1036,1834,4489
4021: 4097,4681,2643,37
4022: 3683,2008
4023: 3355,2420
4523: 
4729: 
4026: 
4027: 2589,2459,3252,3818,4767,4396
4635: 291,3367,3308
4364: 955
4409: 2384,1638,1005,2111,3784
4031: 1591,3592,1127,3458,385
4032: 2692,509,4131,257,403
4316: 4138,1992,1419,1185,4766
4034: 128
4035: 
4036: 536,2113
4037: 3912,1708,1374
4038: 417,1414,3886,36,927
4039: 122,665,1815,4767
4040: 634
4041: 3513,1494,4184,3687
4042: 776,2264,2182,2992
4771: 4510,1094,1954
4689: 4511,1603
4045: 4792,1837,1219,2431
4046: 793,1469,2411,3012
4047: 623,4702,2307
4048: 3339,229,1395
4049: 2825,4498
4050: 739,1649,2310
4051: 2368,1524,4593,2455,4116,3111
4052: 3489,4069
4053: 1937,1570,787
4054: 4334,2685,4261,3587
4055: 4058,4761,1802,2291,4199
4056: 236,799
4057: 2724,1793,1904,2695
4058: 4761,1164,4055,3379,2291
4059: 4753
4060: 
4061: 3655,1593,3725
4801: 4421,1586,3175,792,4101
4063: 2048,1100
4064: 2339,968,2795
4065: 1063,3882,1032
4066: 3182,2614,1328,2224
4067: 3419,1735
4068: 3683,4748
4069: 4052
4070: 256
4071: 2898,3054,1841,1972,1973,1432
4072: 2615,1506,1639
4073: 1989,2063,4789
4074: 1008,255,936,702
4075: 2222
4076: 38,857,2313,922
4306: 4816,1724
4078: 1325,3417,156
4079: 121,1081,1605
4080: 
4081: 3078,1187
4082: 3469
4083: 4086,2311,4258,1044,4571,18,2737
4084: 2466,2217,1536,2631
4085: 3620,2819,27,2460,3716
4086: 4083,2311,4258,1044,4761
4087: 3671,3871
4088: 
4533: 352,4780,777,4443
4090: 2992,3665,2863
4091: 911,2207
4092: 4262,2447,1300
4093: 1116,4386,3017,110
4094: 2596,2665,2146,308
4095: 187,1899,1021,356
4096: 1479,1326
4097: 4021,2643,3973
4098: 532,4721,4608,2561
4099: 148,1766,4525
4100: 1373,3677,469,1556
4101: 1935,1586,4801,987
4102: 2715,4209,3640,3155,4178
4103: 3849,1212,1706
4104: 195,3590
4105: 3332,762
4165: 1419,643,4138
4563: 3620,4123,1636,3357
4231: 2962,2368,1203
4109: 2521,3591,2231,3413
4110: 3211,2177,4792,1713,1665,2427
4111: 447,1541
4112: 1619,4542,3524
4113: 1502,1621
4114: 2252,1962,2720
4115: 
4116: 2480,2488,4593,4051
4117: 
4118: 3766,2572,1375,2374
4119: 4345
4120: 272
4121: 1092,2229,1455
4122: 2612,1281,4278,4334
4123: 460,3019,1636,4563
4124: 
4125: 167,1583
4126: 
4127: 1467
4128: 297,573,1023,1974,2327
4129: 3907,718
4130: 2631,2466
4131: 2757,257,4032
4132: 206
4133: 
4134: 2208,3883,1961,3232,1284
4135: 263,1780,878
4136: 
4137: 4362,1658,4012,2444
4138: 1992,4316,1465,1419,4165