0: 4078,1382
4486: 4384,4350,3836
2: 4307
3: 3122,3609,397,2729
4548: 904,4049,576,2021
5: 3415,2744,4488
6: 
7: 61,3716
8: 
9: 1119,2230,2715,4285
4717: 885,1401,4177
4739: 88,1291,533
12: 2357,3496,1573,3279
13: 1541,4501,3580
4792: 2231,4423,2860,3379,3988,4122,4683
4186: 4595,2720
16: 1998,2225,3979,2351
17: 1437,2913,1514,1646
18: 2714,674,1103
19: 4052,4069,2519
3812: 1996,54,669,4672,205
4119: 3327,834
22: 4397,1033
23: 4810,3303
24: 
25: 3647
26: 4450,1008,3468
27: 3125
28: 199
29: 2240
4523: 
3940: 1203,4771,2142,271
32: 3166,2660
33: 4761,4334
34: 3271,507
35: 2345
36: 4343,2327,3873,3479,4821
37: 
38: 
4433: 370
40: 2597,2359,2279
41: 647,1756,1353
42: 1652
43: 96
4461: 3201,4143
45: 3532,3275
46: 2687,1103,674
47: 3984,3433
48: 3471,3163,3392
49: 2861,2353,215
4628: 2375,1428,3486
51: 
52: 
4319: 865,1010,1598
54: 4793,1996,3812
55: 4377,1662,2613,4135
56: 
57: 3683,4422,454
4561: 
59: 4273,3661
60: 4364,4790,4060
61: 7,1678,3567
62: 4348
4622: 2125,1253
64: 3387,790
4128: 2715,939,1119
66: 221,2442,1022,292
67: 2689,3544
4525: 
69: 859,4733,624
70: 
71: 2530,3825
72: 3901,3424,4813
4651: 2474,102,2055,2500
4689: 4317
75: 4129,2450
76: 2335
77: 2659,3846,229
4378: 
79: 4069,2519
80: 3702,1373,2841,354,4323,3623
81: 4196,1562
4771: 1203,3940,2142
4354: 910
84: 
4172: 1414,965,2669
86: 1228,4702,4021,3530
87: 
88: 1291,4739,2381,4583
89: 2817,3646,4002,2928,4815
90: 4056
91: 1802
92: 
93: 1828,2980,3344
94: 137,4142,4581,4510
95: 
96: 43,2156,1304
97: 3751,776
98: 750,1563,3511,1255,4508
99: 930,511,1034
100: 2730,1223
4037: 992,2732,4818
102: 2055,4685,2474,4651
103: 3304
104: 114
4733: 3917,474,69,859,3012,1479
106: 
107: 2697,2146,1471
4087: 4277
4491: 349,987,4213,2864
110: 4409,3693,1190
111: 3460,2931,2477
3808: 4762,988
113: 3517,4012
114: 2704,104,2532
115: 405
116: 
4626: 2136
4784: 4775,350
119: 
120: 1187,566,4292,986
121: 2436,4554
122: 1903,3818,1695
123: 857,338
4006: 2483,3455,3486
125: 1824,4765,242,4818
126: 
127: 2102
128: 
129: 2842,3887,133
130: 2316,192
131: 2941,3313,459
132: 3547,1833,4359
133: 129
134: 1992,2496,1721,1567,1265
135: 1194,1067,2329,2655,1488
136: 2777,4405
137: 4142,1962,94,4510
138: 2944
3830: 1619,2167,3514
140: 2452,3892
3788: 1097,2808,4701
4314: 1317,2370,2716,876
143: 4685
144: 1722,456,3438,3171
4702: 1228,86,905,3982
146: 4798,3208,2977,2620
147: 
148: 1237,2086,2044,897
4576: 2571,1016,402,3646,3461
150: 843,1223
151: 3744,2770,4767
4072: 865,1888,276,282
153: 1418,2702
154: 2172,1410,1006
155: 4206
156: 4015,729
3844: 921,878,1395,4821
158: 2097,3345
159: 
160: 1506,4031,3472
161: 303
162: 821
163: 916,3914,1667
164: 2417,1775
4270: 2272,1619,2167,2889,937
166: 915
4064: 4787
168: 4476,1313
169: 
4593: 429
3763: 3972,419,3587,3259
4012: 3517,113,3854
173: 4536,1980,4725,1275,1722
174: 1444,4232,831
175: 477,2254,2803
176: 2268
177: 3470,3546,3601
178: 1356
179: 
180: 
181: 2640,4105,4047
182: 4046,3061,3583
4477: 792,4575
184: 2119,888
185: 
4732: 2286
187: 2149,1910,2346
188: 2686,3358,428
189: 2928,2853,4815,2108
190: 4406,1632
191: 1025,3664,2988
192: 920,130
193: 2956,2196,1597
194: 
4004: 3968,3725
4521: 
197: 1425,4533,1248
3900: 3516
199: 28
4786: 2020,3810,4789,998,3206,3360,1097
4100: 3883,3216,3820,3347
202: 4034
3876: 3384
204: 2399,1609
205: 3953,3812,4672,306
206: 1519,233,1548,4192
207: 4189,3912
208: 
4767: 2789,385,151,3744,1653,614
210: 404,3087,4003,4252
211: 
4373: 1079,3639,2991
213: 4481,4371,4773,466
214: 893,4823,896,2731,1391
215: 2353,352,3280,49
3909: 3043,819
217: 1987,729
218: 3122
3853: 2790,2445
220: 3692,3593,2505,2166
221: 66,2442,1022,1074,3232
3917: 474,859,3012,4733
4357: 428,2877
4397: 3035,2029,1033,22
225: 743,2605
226: 1693,1400
227: 4800,2467
4780: 3899,2114,2246
229: 2528,446,77,2659,2347
4441: 
231: 
232: 1517,4257
233: 3663,2911,206
234: 1367
3857: 
236: 311,4113,1777
4520: 3320
4353: 4292
3884: 3539
240: 
3785: 4760
242: 2732,4818,125,1824,336,1329,3806,1314
243: 1826,4789,3810,2248
4330: 312,3716
245: 
3982: 2695,1170,3829,905,4702,2193
247: 943,569
248: 883,778
249: 
4581: 4142,94
251: 4132
252: 3951,4775,1215,437
253: 
254: 1160,4315,3403
255: 4691,3962
3957: 1642,1933,473
257: 1162,1079,4496
4798: 3208,146,3803,1326,4644,3158,2221,2977,1947,375
259: 4347,4199,4239,2157
260: 1389,2375,1362
261: 2847,2998
4136: 2349
3806: 1314,242,336,1329
4501: 13,2883,919,3289
4014: 3688,1480,1461,1971
266: 1173
267: 2939
268: 1297,1086,1175,2547,3870
4691: 417,255
270: 709,3392,4544,2422
271: 3940,3931
272: 1131,4609
273: 
274: 3967,3276,2451
4174: 4074,4462
276: 1888,4072,3415
277: 
278: 4602,1189
279: 2239,3521
280: 858,1263
3980: 1190,4131,2301,4619
282: 4072,865,3081,3781
4633: 1819,2200
284: 3453,788,2331
285: 3841,808,3616,3063
4470: 
4377: 55,1974,3886
288: 
289: 933,2068,971
290: 2405,2120,1526
291: 2595,2824,882,3711
292: 66,4542
293: 696,371
294: 3083,3496
295: 
296: 1758
297: 1072,4111,2880,3845
298: 1746,1776
4371: 1083,4773,3536,466,213
300: 2146,4198,3727,3531
4813: 3424,3901,72
302: 623,4729
303: 161,831
4150: 3522
305: 3284,2056,3188,1161,2137
306: 4672,3953,205
307: 503
308: 4149
4307: 3724,2
4608: 2112,2830,436,1953
311: 756,236
312: 1491,4330,2819
313: 4109,2486,2972
4369: 2792,3195,1031
315: 1806,954
4306: 3968,2104
4554: 917,121
318: 
319: 1412,484,3875,830
320: 
321: 1407,1502
322: 2774
323: 3413,2231,4423
324: 1580
325: 4631
326: 1229,1206,4406,4605
327: 886,855
3904: 
4572: 
330: 2079,1222
331: 3063
332: 4375,1883,3780
4356: 
334: 1407,704,2793,2858
335: 1505
336: 242,3806
337: 4805,688,1206,1229
338: 123,857,4381
4657: 
340: 2157,3159,4728,2827
341: 3633,497
342: 3229,4553,2924
343: 4261,1078,3211,4808
344: 3531,4308,4457,3869
345: 2980
4665: 4686,4640,4596
347: 
348: 2156,356
349: 4491,987,1640,2864
350: 4412,4775,4784,2038
351: 3378
352: 4605,215
353: 3362,736,3130
354: 80,3702,2841,551
4595: 3551,4186,2720
356: 2156,348,1304
357: 2746,2424
4210: 2219,1552,3992
359: 
4649: 1206,3298,1632,4406
361: 2565,2796
362: 834,3327
3768: 2101,4178,2615,3708,2724
3902: 1597
365: 4165
366: 3691,2480,1972,3582
367: 1281,1286
368: 534,3304
369: 2461,4093,2169
370: 4433
371: 2486,293
372: 3540
373: 4682,1583
374: 4613,4453
375: 2977,1947,1326,2814,4798
376: 
377: 3045
4794: 
379: 
4545: 1169,2764,2745
381: 3954,4266
382: 
383: 1232,2692
384: 1469,2533,1877,1018
385: 2789,4767,3744
386: 2924,2740
387: 3209,2606,3366,4823
388: 
4718: 3214
390: 1496,2347,1980,4112,528
4019: 3849,4207,3691
392: 2320,2992,4439
4339: 766,3910,1528
394: 650
395: 4753
396: 4822,3912,1472
397: 3609,3207,3,3168
398: 2438
399: 3191,1185
400: 3469
401: 
402: 1016,4576,1985,2817,3646,1742
3905: 543,4020
404: 210,1567,3087,4444
405: 115
4381: 1633,338
4113: 236
408: 4042
409: 4763
4252: 4003,1972,210,3582
411: 2339,1302
412: 2723,3674,1873
413: 1411,2469
414: 4596,3792
415: 3908,2004,3607
416: 3457,3671
417: 573,4691
418: 3295
419: 1104,3763
4382: 3990,2269,2718
421: 4625,536,4538
422: 4412,4184
423: 
424: 2969,748,1806
425: 4598
426: 2676,3448
427: 2074,3834
428: 3358,188,4357
429: 4593,1789,4703,2441,606
430: 1938
431: 3577,3228
432: 2912,1785
433: 2886,4031,3493,4289
434: 1848,1689,2340
435: 1199,1458,2003,4313,3625
436: 4098,1953,4608
437: 252,1215
438: 2098
439: 2295,2969,3525
4631: 325
441: 
4656: 2958,1618,671
443: 3921,2806
444: 3973,567,1293,722
445: 3261,3835
446: 2659,229
447: 3417,3733,922
448: 4770,3920
4103: 3268,675
4465: 622,1559
451: 4611,3377,3958,2926
452: 465,2703,1158,985
3835: 445,3261,525,3175
454: 549,4422,57
455: 4805,1895,2193
456: 144,1722,1980,4112
457: 1640,792
4493: 1151,4735
459: 131,1995
460: 2284,3706,2968,924
4176: 3220
462: 4426,1222
463: 3651,3542,1320
464: 
465: 452,985
466: 2131,3536,4371,4481,213
3922: 3474,3443,2576,4795,948
468: 1854,2968,924
469: 580,739,1637,2961
470: 1868
4231: 1474,3849,3395,2215
472: 2255,2429,4699,3246
473: 3042,1642,3957
474: 2961,3917,3297,859,4733
4009: 3144,894
4056: 90,3549
477: 175,2254,2307,2913
478: 3976,2144,4262,3747,1688
4725: 1275,4536,173
4257: 232
481: 4822,1866,4539
482: 1578,712,2764
4715: 
484: 3875,830,319
485: 
486: 801,750
487: 3190,2063
488: 2396
489: 4309,4512
4425: 4804
491: 1706,3677
492: 3432,1851
4304: 955
494: 1493,1919,4140,1307
495: 3152,2901,4109,4546
3998: 
497: 341,3633
498: 2516,3575,2135
499: 1960
4538: 3836,421,2113
501: 4132
502: 1047
503: 307,4065
4457: 344,4567,3102,3869
505: 4582,3523,4599
4602: 278,4503,4773
507: 952,34
4290: 
509: 578,3277
4227: 1470,864,982
511: 4285,99,2100
512: 3398,3177
4544: 3109,270,1327,2422
514: 3858
515: 558,3394
516: 570,4762
517: 1684,4074
518: 2686,1684,1965
519: 1584,1257
4288: 3943
521: 4646,4213,4597,1640,2864
522: 4145,1775
523: 4650,4820
524: 
525: 3835,3175,3192
526: 
527: 3935
528: 390,1679
529: 894,1950,3394
4121: 1484,2037,1324,2813
3987: 1382
532: 1770,2061,4806
533: 1291,4739
534: 368,3627,4083
535: 
536: 4667,421,4384
537: 
538: 3631,1283
539: 
3983: 3474,3443,1956,598,1383
4343: 2327,36,3873,3479,1040
542: 4747
543: 4020,3905
4484: 949,1786
4061: 4816,4420
3971: 2248
547: 1664,3263
548: 637,4421,1991
549: 3576,1689,454
4625: 421,2613
551: 3012,3702,354
4474: 804,1621,4328,1143,3970
4563: 1033
4505: 3163,3392
555: 3045,1821
556: 1635,3184,4746
557: 3340
558: 515,3394,2989
559: 3360,2808
4394: 4063,1475,4258
4580: 2391
4698: 3492,1266,4634,3350
563: 2725,3894,3602,1369,4173
4724: 2178,2133,1844,1949,3044
4456: 3294,3472,3252,656
566: 1187,120,4764,4292
567: 947,3530,621,444,1293
568: 2078,1583
569: 618,247
570: 516,4762,807,2711
571: 873,3643
4026: 
573: 417
4817: 2096
575: 
576: 1742,3499,3640,4548
577: 2816,3954
578: 509,4506,3523
579: 3485,1445,1503,2456
580: 469,739,1637,1639,4134
581: 4679,4045,2685
582: 
583: 
584: 4002,1952,2817
585: 
586: 877,4308,4178,3708
587: 1294,1477,4648
3986: 751,3581,2811,4345
589: 2713
4783: 2927,4810,4489,1331,3418
591: 4342
592: 4584,3626
3899: 4780
594: 2413,1251
595: 4011,1907
4766: 1091,702,1841,1747,3882,2857
4648: 2390,1294,587
598: 2989,2306,3983
599: 1735,1218,4558
3978: 1872,4765,1434
601: 622,2883
602: 1430,2060
603: 
604: 2761,3845,2313,1788
605: 2062,1063,1012
606: 4116,2441,1789,429
607: 2131,2812,4621,4703
608: 
4173: 3567,1369,563,4818
4331: 
611: 1584
4795: 1076,2406,3474,3245,3922,1150,1197,2750
613: 
614: 776,1653,1695,4767
615: 3109,4617
616: 
617: 
618: 569,2405
619: 
620: 1262,2216,2455,1465
621: 693,2114,947,567
622: 601,4465,2871
623: 2882,302,1417,2640,4105
624: 2426,69,1397,2650
625: 3449,1924,847
626: 2994,1617
3871: 
628: 2026,1932
629: 
630: 4778
631: 3293
4764: 1565,2763,2693,1400,3070,3096,566
633: 3475,4258
634: 2309
635: 3916,2586,1768
4512: 924,489
637: 548,4421
638: 2282
4591: 2175,1715
640: 2944,1372,4800,2362
641: 2973
642: 
643: 
4109: 313,495
4053: 805,4721,4246
646: 3148,3958
647: 41,1929,4279
3845: 1570,297,604
4390: 930,3964
650: 394
651: 
652: 4198,2699,4149,3727
4065: 3849,503,1474,1975
654: 
4242: 4557,2714,3972,1104
656: 3252,3294,4456
657: 
4131: 2207,3980,2301
4187: 1914,4671,689
4802: 4392,1368,2069,1286,2524,1281,2842
4789: 998,3206,243,1826,4786,3810
662: 3341,991,1761,1682
663: 2926,2351,4551
664: 2643,2923
665: 4367,2895,881
666: 2502
667: 3815,3992
668: 4487
669: 4672,2046,3812,2610
4082: 1766
671: 742,4656,1618,2199
672: 3742
673: 3746,2350,4138
674: 2714,18,1103,46
675: 4103,964,1993
676: 1713
4169: 2868,3409,3251,4630,4801
678: 2928,1870
4778: 630,756,1132
4365: 1217
4414: 1770,1569,2061
4322: 3301
683: 3211,4808
684: 
685: 1319,3640,3754
686: 2487
4643: 3379,4058,813
688: 4805,337,4141,1208,1206
689: 3006,1914,4187,1109,3272
690: 
691: 1052,1362
692: 1062,2872,3612,1715
693: 621,1225,2114,3526
694: 1321,991
695: 1441
696: 293,3843
4289: 3493,433,3342
698: 
699: 3732,4464,2136
700: 
4776: 3375
702: 4766
703: 1310,1590
704: 334,1407,2903,2793
705: 3492
706: 1714
707: 3051,2510,908
708: 887,4208
709: 3392,270,4816
4052: 19,2519
711: 4542,4682
712: 482
713: 3078,1235
4655: 2048,846,3929
4667: 536,3886,2938
716: 1280,1117,1672
717: 2635,4209
718: 
719: 2057,4101
4809: 3182,1089,3193,4215,2421,1302,2119
721: 
722: 1192,1293,3973,444
723: 
724: 
4502: 4321
4032: 2652,4463
3775: 4041,1012,1752
728: 2413,1251,2035
729: 217,156
730: 2986,3074,1106,2101
731: 2232
732: 1866,2765
733: 3981
4155: 1917,4735,2882,4492
735: 
736: 3332,1719,353
737: 
738: 4742,950,1044
739: 580,469,4134,4323,1373,2961
740: 3469
4118: 4391,4165,1095,3349
742: 671,2028,2199
743: 225,2605
744: 1428,4506
745: 4269,1077
746: 3137
747: 2545,1528
748: 2969,424
749: 2929
750: 98,3511,801,486,4508
751: 3986,2914
752: 1738,3722
753: 1617,2790,2445
754: 1153,2057,4801
4134: 1539,4323,1639,580,739
756: 311,4778
4122: 3988,4792,2948
758: 3606
4418: 786
760: 4246,2649
761: 
762: 2090,4148
763: 
764: 2030,3075
765: 3275,2735,1675
766: 3910,4339,2878
4823: 3366,387,2312,2606,4157,896,2731,214,893
768: 4244
4775: 3583,4046,252,3951,4784,350
770: 
771: 3565
772: 2224,2755,2388
4220: 3212
774: 4542,1441
3838: 4494
776: 614,97,3751
3829: 3253,1170,3982,2753,1228,1842
778: 248,2388,3681
779: 
780: 
781: 4364
4055: 4678,3190
783: 4295
784: 3040,2911
785: 1618,2831
786: 3129,1654,4418
3818: 1903,122,1881,815,1002,4413
788: 1675,284,2331
789: 2026,2161,2291
790: 2259,64
791: 3681,2339
792: 4477,457,4575
793: 3687,3852,1018
794: 2236,1250
795: 1169,2745,1947,1404
796: 
797: 
4141: 2698,4805,688,1208
3990: 4382
800: 
801: 486,1661,750,1295
4040: 4604,3752
4364: 781,60,4790,3651
804: 4474,1621,3718,3970,3046
805: 4053,2490,3165
806: 3368,926,1126,3244
807: 2711,1928,570
808: 1115,285,3616
4753: 395
810: 3134,4614,4814
811: 2741,1560,1245
3819: 
813: 2123,1059,4643,4058
814: 2214,3552,2404,2766
815: 1881,2594,1002,3818
816: 4197,1081,1388
817: 
4763: 2466,409,1833,3645
819: 3043,3909
4808: 1078,4261,343,4660,4666,3211,683,1566
821: 162
4772: 4584,4459,1246,2218,2072
823: 4434
3862: 4251,1196
825: 
4321: 4502
827: 1525,1586
3880: 3991,3585
829: 
830: 3559,484,319
831: 303,174
832: 2878,4726,3339,1341,2545
4616: 4102,913,3290,3088
834: 362,4119
835: 2344
836: 2532,1663,2383
837: 
838: 4697,2037,4440
839: 1965,1750,4569
4311: 1530,1342,854,2759,2333,4820
841: 1976,2978
842: 4240,2267
843: 150,1060,2865
844: 2700,2142
845: 2388,3681
846: 4655,2048,4312,2098,3929
847: 1924,625,3449
848: 4820,3575,3621
849: 3821
850: 
851: 3152,2901,4730,2090
852: 3624,1795
4661: 
854: 1530,4311,2381,3189,4820
855: 327
856: 1923
857: 3014,123,338
858: 3504,1131,280
859: 3297,69,3917,474,4733
4787: 2208,1898,1127,4064,4758,1423,1243,4668
861: 4336,3418
4726: 2922,3339,2115,2878,832
4647: 3370,3859,2698,3117
864: 1005,4562,4227
865: 4072,4319,3081,1598,282
866: 2757,1389
867: 999
868: 2937,3447,3069,4671
869: 1264,4807
870: 3673,1615
871: 1516,3081
872: 1708,3277,2111
873: 571,2647,3643
4529: 1564
875: 4196,4003
876: 2716,4314
877: 3531,2277,4308,586
878: 3066,3844,921
879: 
4267: 1178
881: 665
882: 1603,2328,2824,1983,291
883: 248,3720
4345: 1215,948,3986,3581,2811
885: 4717,1401
886: 327,4673,3757,2978
887: 988,3928,4762,2177,708
888: 184,3481
4728: 340,2827
890: 3968,2104,3411,4291
891: 1240,2230,3964
4073: 2211,3146
893: 214,4823
894: 3144,529,4009,1950
895: 
896: 2071,2731,2312,4823,214
897: 1508,148,2086
898: 4295
899: 3790,2107
4555: 3588,3444
901: 4449
4262: 3747,2492,478,2144
4473: 1171,1163
904: 4548,3499,4005,2126
905: 1895,4702,2193,3982
4480: 
4781: 1026
908: 3592,2510,707,3051
909: 2418
910: 3179,4354
911: 1609
3875: 484,1412,2113,319
913: 4616,2108,4815,1240,3777
914: 3703,2675,2296
915: 2931,1157,166
916: 3914,163,2275
917: 4554,1167,2431
918: 1934
919: 2019,2883,4501,3289
920: 192,1030,3365
921: 3844,878,4796,1395,4821
922: 2287,1422,447
923: 1994,1250,1519,1384
924: 4512,468,2968,460
925: 1726,1986
926: 806,1882,1978,3244
927: 1023,1973,4796,2664
4427: 2158,2803,3637
929: 2088,2000
930: 4390,3964,99
3967: 274
932: 4379,3683
933: 289,1927
934: 3224,3931,1940
935: 2748,3488,3734,2820
936: 4578,4212,2439
937: 4270,2167,2919,2889,2359
3779: 4666,2828,1699
939: 4038,4128
940: 4731
941: 2758,1993
942: 1949,2600,4226
943: 247
944: 
4650: 523,3189,3402,4820,1011
3772: 
947: 567,3530,621,4021
948: 1215,4345,3922,2811
949: 4484,1786
950: 738,1044
4143: 4461,3512
952: 3259,507,4603
4720: 2189
954: 315,3856,2334
955: 4304
956: 4531
957: 2825,1998,2795
3832: 3490,4327,1232
959: 2237
960: 3335,3177,3288
961: 4749
962: 3497,2748
963: 2656,4079,4721
964: 3216,675,4201
965: 1327,2110,4172,2669,3048
966: 
967: 
968: 2589,1288,4396
4679: 4045,4278,581,2612
970: 2988,1025,1909
971: 2853,2068,289,3760
972: 2893,3764,1865,3084,1624
973: 2003,3731
974: 1412,2113,2771
975: 1090,3350,978
976: 1242,2720
977: 4592
978: 2024,4796,1090,975,3391
979: 3094
980: 1811,2610,2046,2065
981: 
982: 4224,4227
983: 1512,4752,3428
3892: 140
985: 4275,1158,465,452,2281
986: 120
987: 4491,349,1383
988: 887,4762,3808
989: 3349,1074,1990
990: 3090
991: 662,1321,694
992: 4532,4037,4818,4300
993: 4294
994: 3399,1734,2996
995: 3678
996: 2776
997: 1041
998: 3206,4566,4789,4786
999: 867,2601
1000: 3104,3234
4317: 4689
1002: 2385,815,3818,4413
1003: 
1004: 3629
1005: 864,4562,4707
1006: 2031,1410,154
1007: 3724
1008: 26,4071,4450,4471,2337,2804
3970: 3145,2489,1143,4474,804
1010: 1046,4319
1011: 3402,4650
1012: 4041,3775,605,2062,1063
1013: 1166,4793,2487
1014: 2657,3369,2390
1015: 
1016: 2571,4576,402,1742,3499,4005
1017: 1140
1018: 384,793
1019: 4557
1020: 2187,2357
1021: 1260,1798,3114
1022: 66,221,3232
1023: 1973,927,4796,2327,2608,2664
4093: 369,2169
1025: 191,970,2988
1026: 4781,1463,4779,3388
1027: 4543,2382
1028: 1846,3098
4392: 4802,1286,1281
1030: 920,4206,3576
1031: 4369,3195,1484
1032: 2080,3737,2426,3883,4243
1033: 4397,22,4563
1034: 99
1035: 
1036: 2569
1037: 3168,3040,1328
4785: 1269,2710,2348,3466
1039: 1645,4755
1040: 3138,4343,3873
1041: 997,4814
1042: 2877,2430
4215: 1328,4066,4809
1044: 2187,950,4742,738
4393: 
1046: 4587,1010,1888
1047: 502
4439: 2992,1744,4677,392
4527: 2064
1050: 1197,2750,2811
4351: 3475,4603
1052: 691,2893
1053: 1848,4500,1740,3023
1054: 2657
1055: 2661,3593,1951,1834
4051: 1975,3268,3571
4748: 
3825: 2235,1242,71
1059: 4058,813
1060: 843,2865
1061: 
1062: 2872,692
1063: 3054,605,4041,1012,1562
1064: 1202,3932
1065: 1194,1316,1488
1066: 1908,1967,2377
1067: 1316,135,2503
4596: 4665,414,4589
4481: 213,2131,466
1070: 2353,3939,3405,4094
1071: 3117,3069,2937
1072: 4111,4658,297
4313: 3946,435
1074: 989,1990,4574,2374,221
1075: 
1076: 2406,3245,4795
1077: 4419,2662,745,1303
1078: 343,4808
1079: 4373,257,1162
1080: 3612,3601,2175
1081: 4197,816,2880,1388
1082: 3021
1083: 4371,4773,3536,2209
3973: 444,722
1085: 
1086: 1297,268,3456,2778
1087: 
4566: 998
1089: 3193,3537,4809
1090: 4276,975,3350,4623,978,3391
1091: 4766
1092: 2908,2822,4578
4334: 4761,1167,33
1094: 3103
1095: 4118,4391,3766
1096: 
1097: 3788,3360,4786,2020,4190
1098: 
4705: 3746,1432
1100: 1867,1633
4489: 1331,1147,4783
1102: 3116
1103: 2223,46,674,18
1104: 3972,4557,4242,419
1105: 1820
1106: 2318,730,2101
1107: 
1108: 1970,1189,3262
1109: 1914,4443,3298,1632,3272,689
1110: 
1111: 4344
4112: 1980,390,456
1113: 3897,2213,4258
4562: 1005,864,1470
1115: 808
1116: 1256,1374
1117: 716,1672
4068: 
1119: 3480,9,2715,4285,4128
1120: 1230,3525,1767
4114: 1536
1122: 3626,3605
4041: 3775,1012,1063
1124: 
3795: 
1126: 4822,806
1127: 1898,4787
1128: 1433,1280
1129: 
1130: 
1131: 272,4266,4609,858
1132: 4778,1147
1133: 3398
1134: 3833,1916,1796,1195,1372,2362
1135: 3324,1700
1136: 2512,4686
1137: 4045,4278,3802
4340: 1801
4140: 1891,2543,494
1140: 1017
1141: 1862,2795
1142: 3778,2593,1937
1143: 3970,4474
1144: 
1145: 2926,4256
1146: 1870,2558,1307,1919,1471
1147: 4489,1132
1148: 4762,2177
1149: 1483
1150: 4795,1197,2750
1151: 1554,4493
4182: 2386,2985
1153: 2057,754,4801
4161: 1706,3677,2137,4518,4211,1436
3823: 1221
1156: 3643,3903
1157: 2958,1418,915
1158: 4275,985,452,2703
4401: 3926,4148
1160: 254,3403
1161: 3188,305
1162: 257,1079
1163: 4473
1164: 2197,3413,4058
4504: 4376
1166: 4793,1013,2487
1167: 4761,4334,4208,917
1168: 
1169: 2745,795,1404,4545
1170: 2695,3253,3829,3982,2654
1171: 1409,4473,2428
4811: 2800,2038,4556,4487,3258,2150
1173: 266
1174: 4769,3339,1341
1175: 1793,268,3870
4575: 4477,792
1177: 3725,3035,3090
1178: 2251,4267,3161
1179: 1430,3060,2060,4475
1180: 1449
1181: 4611,3958,3476
1182: 3125,1678
4686: 4665,4640,1136
4179: 
1185: 3191,399
1186: 4483,2438
1187: 120,566
4730: 2090,851
1189: 3262,2171,278,1108
1190: 3693,3980,110,4619
1191: 3136,4534,2241
1192: 1293,722,1875
4511: 4088
1194: 1065,1316,135,1488
1195: 1796,1134
1196: 2159,3862,4251
1197: 1050,2750,4795,1150,3562
1198: 2697,3727
1199: 435,1458,2003,3519,3952
4429: 
4278: 4679,4045,2612,1137
1202: 1064,4305
1203: 4771,3940
4793: 1765,54,1166,1424,1013,1996
3811: 3794,1261,1739
1206: 4649,337,688,326,1229
4624: 3764,2590
1208: 3370,4141,4805,688,3298
4250: 
1210: 
3826: 1282,2501,2373
3946: 4428,4313
1213: 2927
1214: 
1215: 4345,948,252,437
4531: 956,1432
1217: 4365
1218: 4442,599,4558
1219: 2317
1220: 1693,3569
1221: 3823,4020
1222: 1663,330,462,4426
1223: 3882,2857,150,100
1224: 2939,2696
1225: 3161,3526,693
1226: 2804,4214,3780,2216
4810: 23,3303,3213,1331,2927,4783
1228: 2753,86,3240,4702,3829
1229: 326,4349,337,1206
1230: 1120,1451,1261
1231: 1686
1232: 383,4327,3832
1233: 3093
1234: 1254,4157
1235: 3078,2740,713
4495: 1976,1482
1237: 148,3322,2529
1238: 
1239: 2966
1240: 3777,891,913,2230
3852: 793,3687
1242: 976,3825
1243: 4668,4787
1244: 
1245: 1910,811,1560,4791
1246: 3448,4772,2072
4259: 
1248: 197,2492
4446: 4466
1250: 923,4807,794,1384
1251: 728,2413,1723,594
1252: 2332
1253: 2125,4407,4622
1254: 1259,3209,1234
1255: 1376,98,1563
1256: 2169,4564,1116
1257: 1584,519
1258: 2733
1259: 1254,3076
1260: 1021,4081
1261: 1451,1739,1230,3811
1262: 620,2216,2279
1263: 2227,280
1264: 2239,3521,869
1265: 3582,2496,1721,134
1266: 1503,2456,4634,1445,1941,4698,3492
1267: 4729,1599,3222,3018
1268: 4600,3178,2736,1551
1269: 4785,2348
1270: 1970
1271: 2577
3955: 1324,2813,4663,3610
1273: 
1274: 
1275: 4725,173,1496
1276: 2669,3048,4170
3827: 1476,3314,1516,3136
4308: 877,344,586,3068,3708
1279: 1710
1280: 716,1128
1281: 367,1286,4802,4392
1282: 4260,2501,3826
1283: 3631,538
1284: 3524,3314
1285: 2304
1286: 2069,4802,4392,367,1281
4188: 3065,4719,2393,4803
1288: 3137,3318,4090,968
1289: 2004,2245,2664
1290: 
1291: 88,4739,533
3837: 2452
1293: 1192,722,444,567,3530,1875
1294: 587,1477,4648
1295: 801
1296: 3719,2226
1297: 1086,268,3617,3408
1298: 1929,4279,1544
1299: 1612
1300: 2447,2774
4768: 2531
1302: 2421,411,4809,3182
1303: 1077
1304: 356,96
4328: 4474,1621,2838
1306: 
1307: 1919,494,1471,1146
4411: 
1309: 2343,2226,1385
1310: 703,1590
4436: 4156
1312: 
1313: 168
1314: 3806,2732,242,4818,3824
1315: 2518,3510,1506
1316: 1065,1194,1067,2503
1317: 4314,1882,2716
1318: 3214,1725
1319: 685
1320: 463
1321: 694,991
4238: 1604
3858: 1628,514
1324: 3955,2813,2792,4121
1325: 4464,3357,2536,2607
1326: 2368,375,4798
1327: 2110,965,3109,4544
1328: 4215,3040,1037,4066
1329: 1824,1434,242,3806
4209: 2724,3176,717
1331: 4489,3213,4810,4783
1332: 2352
1333: 
1334: 3699
1335: 
4404: 
1337: 2522,3504
1338: 2710
3929: 2098,4655,846
4171: 3498
1341: 2545,1174,832
1342: 1530,4311,2333,2072
4672: 669,2046,3812,205,306
1344: 1848
1345: 
4036: 3494
1347: 3303
1348: 3609,2895
1349: 2092,1782
4558: 4707,3432,1218,599
1351: 3202
1352: 3753
1353: 3586,41
4011: 595
1355: 
1356: 178
1357: 
3974: 3412,2783
4254: 2490,3389
1360: 2902,3866
4335: 2673
1362: 260,691
1363: 3234,2219
1364: 3489
4269: 745,3453
4571: 3928,2177,2687
1367: 2453,1611,234
1368: 4802
1369: 3602,4173,563
1370: 
4294: 993
1372: 1485,4800,2362,1796,1134,640
1373: 80,3702,4323,739,2961
1374: 4688,1116,4765
1375: 3002,1515,1957
1376: 1255,1563
4463: 4032
3889: 2876,2010
1379: 
3958: 3377,3148,646,1181,451
4070: 2661
1382: 3987,0
1383: 987,3474,3983
1384: 1250,923
1385: 3434,4284,1309,2226
1386: 2187,3279
1387: 3401
1388: 3878,816,1081,3014
1389: 2692,260,866,2757,2375
1390: 2326,3522
1391: 4284,2731,214
1392: 4403,3208,4260
4644: 3158,4798
1394: 
1395: 4796,4821,3844,921
1396: 2665
1397: 624,2426,2080
1398: 2648,2125,3465,1999
4403: 1392,3552
1400: 2763,2693,1693,226,4764
1401: 885,4717,3466
4272: 2572,4734,1413
4129: 1977,2450,75
1404: 3906,1169,795
1405: 4180
1406: 4388,1816
1407: 334,704,2135,321
1408: 
1409: 1171
1410: 1006,2031,154
1411: 2469,413
1412: 974,319,3875
1413: 2562,4272,4734
1414: 2822,4172
1415: 1909,3431
1416: 
1417: 4729,1599,623,4105
1418: 153,1157,2958
1419: 4723,4196,3087,4003
3947: 
1421: 2389
1422: 1569,2287,922
1423: 2208,4787,4668,1539
1424: 3019,3090,1765,4793
1425: 197,4533
1426: 
1427: 1814
1428: 744,3486,4628
1429: 3220
1430: 1179,3060,2060,3429,602
1431: 3417,3733,2953,1987
1432: 4705,4531
1433: 1128,2299
1434: 1824,4765,3978,1329
1435: 2370,3815
1436: 4211,4760,3677,4161,1591
1437: 17,2913,2307,1646
1438: 4765
1439: 2060
4708: 4201,3347,1961,3513
1441: 695,774
1442: 
1443: 2217
1444: 2252,174,4696
1445: 2892,1941,1503,1266,579
4749: 961
4243: 3737,1032,3883
1448: 3510
1449: 1180,3372,3714,2528,2392
4711: 
1451: 1842,1261,1230
4074: 2279,4174,2597,517
4615: 3387
1454: 
1455: 3607,2004,2364
1456: 3573,3106,3446,2816,2124
4185: 2399,4619
1458: 435,1199,2460,3625
4599: 505,3912
4685: 143,102,2474
1461: 4014
1462: 4273,2040
1463: 2182,3915,1026,3388
1464: 2858,2633
1465: 3715,2455,620
1466: 4117
1467: 
1468: 
1469: 384,2533,3944
1470: 4067,4227,4562,2149
1471: 4567,107,1307,1146
1472: 3548,4271,396,4822
1473: 2575
1474: 1975,4231,4065,3849
1475: 4740,4258,4394
1476: 3827,3314,3667
1477: 1294,587
1478: 4296
1479: 3012,3061,4733,2342
1480: 4014,3688,2172
4428: 3946
1482: 4673,4495,1707,3757
1483: 4738,1149
1484: 4121,1031
1485: 1372,4800
1486: 3470,1575,3545,1927,2851
1487: 
1488: 2028,2329,1065,1194,135
1489: 
1490: 3269
1491: 312
1492: 
1493: 1919,494,3328,3225
3906: 1404
4138: 2350,1679,1738,3746,673
1496: 390,2347,1275,3650
1497: 
1498: 4200,1735
1499: 2903,2793
1500: 
4674: 3317,4642
1502: 4160,321
1503: 2456,1266,1445,1941,579
1504: 4255
1505: 335,3791
1506: 160,1315,3076,3510
3765: 2917,3166,2890,3560
1508: 897,4355
4723: 3105,1419,1794
4277: 4087,3030
1511: 1638,3784,4621
1512: 983,4752,1597
4165: 4118,4391,3484,365
1514: 17,3108
1515: 1556,3002,1375,1957
1516: 3781,871,3827
1517: 232
4568: 3729,3026
1519: 1931,206,1994,923
3981: 3485,733,2186
1521: 4001,2317,3024
1522: 1995
4443: 1914,4671,1109,3370,3859,3298
4080: 
1525: 827
1526: 2120,290
1527: 
1528: 747,4339
3766: 3484,3734,1095,4391
1530: 4311,1342,854,2381,4820
1531: 4232,1686
1532: 1629,2432
1533: 3289,4166
4421: 2630,637,548
4820: 848,1530,4311,854,3189,3575,523,4650,3621
1536: 2746,2386,4114
1537: 
1538: 
1539: 4134,4323,1423,4668,3623
1540: 4078,3226,1601,4309
1541: 13,3580,4166
4518: 2137,4161,1556,1957,3188,4211
1543: 
1544: 1298
3769: 1704,1573,3185,4803
4510: 137,4142,94
3928: 4571,4762,2177,887
1548: 3207,206,4192
1549: 
1550: 3846,3372,4263,3962
1551: 1268,2533
1552: 2219,4210,1709,3104,3992
4132: 501,251
1554: 1151
4224: 4067,982,4791,2806
1556: 1515,1957,4211,4518
4475: 2489,4552,1179,3060
1558: 
1559: 3181,4465
1560: 2741,811,1245,2586
1561: 2099,4797
1562: 81,1063
1563: 98,1376,1255,4508
1564: 4529,4326,3457
1565: 4764,3070
1566: 2069,4660,2828,4808
1567: 404,4444,1992,134
1568: 
1569: 4414,1770,1727,1422
1570: 3845,1878
4503: 3771,4602
1572: 3363
1573: 12,3496,3185,3769
1574: 3305
1575: 3470,1486,3545,2850,2213
1576: 2593
4184: 2342,422
1578: 482,2501
1579: 
1580: 324,3895
4543: 1027
1582: 
1583: 568,2078,4682,373
1584: 611,519,1257
1585: 
1586: 827
4449: 4135,3959,901
4323: 1539,4134,739,3623,80,1373
1589: 
1590: 3242,1310,703
1591: 1436,3677
4200: 1498,1926,1687,1737
1593: 2752,2505
1594: 
4189: 1865,207
1596: 
1597: 193,4752,1512,3902
1598: 3081,4147,1933,4319,865
1599: 1267,1417,4105,3018
4476: 1721,168
1601: 1540,4309
1602: 
1603: 882,1764,1983
1604: 2100,1677,4238
1605: 4635
4539: 481,2997,3569
3865: 
4240: 842
1609: 911,204
1610: 
1611: 2557,2453,1367
1612: 1299,2066
3789: 3622
1614: 4692
1615: 870
4610: 3624
1617: 3991,2993,626,753
1618: 785,4656,671
1619: 3830,2167,4270
4553: 342,2924,3078
1621: 4474,804,4328,3046
1622: 1712,3438
1623: 
1624: 3764,972
1625: 4613,2255
4015: 156
1627: 
1628: 3440,3858
1629: 2432,1532,2580
1630: 3797
1631: 
1632: 3272,4649,3298,1109,190
1633: 1867,1100,4381,2512,4670
1634: 
1635: 4170,4420,556
1636: 2372,3471
1637: 580,469
1638: 1511
1639: 4134,580
1640: 457,2864,521,349
4453: 3246,374,2288
1642: 3957,1933,473,4769
3908: 3391,415
1644: 
1645: 1039,4755,3007
1646: 17,1437,3108
1647: 2990
4066: 4215,1328,2848
1649: 4207
4387: 2808
4021: 947,86
1652: 42
1653: 614,4767
1654: 786
4217: 3302
4671: 1914,4443,4187,3859,868
3962: 2419,255,1550,3372
1658: 1746
4492: 2803,4155,2882
4556: 4811,3258
1661: 801,4508
1662: 3292,1878,4135,55
1663: 1222,2532,836
1664: 547
3903: 3643,2224,1156
4284: 1391,1385,3243
1667: 2585,163
1668: 
1669: 
4168: 1846,3356,4145,2647
4432: 2300,2045
1672: 716,1117
4729: 1267,1417,302
4589: 4596
1675: 765,788
1676: 3225,2851
1677: 1604
1678: 3125,1182,4386,61
1679: 528,3746,4138
4170: 1635,3048,1276,3170
1681: 
1682: 1761,662,3021
3815: 667,1435,2370,1709
1684: 2102,517,2686,518
1685: 2169,4564
1686: 1231,1531
1687: 1856,1926,4200
1688: 478,3976
1689: 549,434
1690: 
1691: 
1692: 2314
1693: 1220,226,1400
4617: 2229,615
1695: 614,122
1696: 1757,3762
1697: 2111,1967
1698: 3502,3960
1699: 3352,3779
1700: 1135
1701: 
1702: 4157,2043
1703: 
1704: 3769,4803
4455: 3524,2990
1706: 3677,2137,4161,3284,491
1707: 1482,3757
1708: 872,3277,3326
1709: 3104,3815,1552
1710: 1279
1711: 2251
1712: 3171,3484,3438,1622
1713: 676
1714: 706
1715: 4591,692
1716: 2602
4774: 2395,4338,4237,4347,4199
1718: 
1719: 3332,736
4419: 1077,2662,3077
1721: 2496,4476,134,1265
1722: 144,456,4536,173,1980,2820
1723: 2529,1251,4355
1724: 3762,2592
1725: 1318
1726: 925
1727: 1770,1569
3953: 205,306,2921
1729: 
4102: 4616,2108,2853,3155,4815,3290
3963: 
1732: 2670,2051,3487,2915
4208: 708,1167
1734: 994
1735: 599,1498,3557,2766
1736: 2233,3833,1916,2778
1737: 4200,2214
1738: 752,3722,3881,4138
1739: 1842,1261,3253,3811,3794
1740: 4500,1971,3023,3260,1053
3846: 1550,3714,4263,77
1742: 3499,576,1985,1016,402
1743: 
1744: 2992,4677,4439
4099: 
1746: 298,1658
1747: 4766,2857
4046: 182,4775
4584: 4772,4459,592,2218
1750: 839
3801: 2354
1752: 3775
1753: 
1754: 3001,3462
1755: 
1756: 41
1757: 2460,1696,2638
1758: 296,3549,2490
4670: 1995,1633,3313
3803: 4798,3208,2221
1761: 662,3341,3021,1682
1762: 3497,2140,3750,3910
1763: 3279
1764: 1603
1765: 4793,1424
1766: 4082,2631
1767: 3525,1120
1768: 2976,635,2605
4115: 3373
1770: 4414,1727,532,1569,2061
3797: 1630
1772: 
1773: 3274,3256
3794: 3811,1739
1775: 522,164
1776: 3403,2738,298
1777: 236
1778: 2999,2019,4713
4721: 4053,4246,4079,963
1780: 4276,4623
4424: 
1782: 2092,1349
4201: 4708,3347,3216,964
4623: 4276,1090,3391,1780
1785: 3821,2912,432
1786: 2756,4484,949
1787: 
1788: 2313,604
1789: 4703,606,429
1790: 2264,3003
1791: 2500,2630
1792: 3911,2414,3639,2991
1793: 1175
1794: 1883,3087,4723,3105
1795: 852,3624
1796: 4202,1195,1372,1134
3968: 2104,4306,890,4004,4291
1798: 1021
4104: 
3961: 
1801: 4340
1802: 91,3972
3893: 
4678: 4055,3190,2596
1805: 
1806: 315,424
4124: 
1808: 3123
1809: 3228,1873
1810: 
1811: 980,2567,2065
3833: 1916,1134,1736
3910: 766,3750,4339,1762
1814: 1427
4081: 3992,1260
1816: 4388,3202,1406
1817: 2555
1818: 
1819: 4633
1820: 1105
1821: 555
1822: 3083,2120,4719
1823: 
1824: 125,1434,4765,242,1329
1825: 2315
1826: 243,4789
4482: 
1828: 93,2980,2696,3597
3764: 2893,972,4624,1624
1830: 
1831: 2412
1832: 
1833: 3645,3547,4763,132
1834: 1055
1835: 2430
1836: 3746
1837: 2161,3956,2665
1838: 2634,2660
1839: 
3810: 4786,2020,4789,243
1841: 4766,2857
1842: 1451,1739,2753,3253,3829
1843: 
1844: 3016,3044,4724,2133
4336: 861,2502
1846: 4168,1028,2647,3098
4248: 3093
1848: 434,1053,1344
4534: 1191,3136
4198: 652,3727,3531,2277,300
1851: 2652,492
1852: 2971
4094: 3405,1070
1854: 468,3914
1855: 2874,2197
1856: 1687,2210,3158,2221
4773: 4371,1083,4602,213
1858: 
1859: 3674,2047
4338: 4774
4530: 2785,3112,2871
1862: 2503,2795,1141
3840: 3664
1864: 3667,4488,3233
1865: 4189,2893,972,3084
1866: 732,481,2765
1867: 1100,1633
1868: 470,4777
4266: 381,1131
1870: 2129,2558,1146,678
4178: 3768,2101,586,3708
1872: 3978,3486,2757
1873: 2301,412,1809
1874: 2456,4634,3485,3732,4464
1875: 2205,1192,1293,3240
4496: 4442,257,3393
1877: 384,2533,3100
1878: 1570,1662,3292
1879: 3176,2164
4389: 3703
1881: 815,1903,3818
1882: 926,1978,1317
1883: 1794,332,3780
4442: 1218,4496,3948
1885: 
1886: 4760
3919: 
1888: 276,1046,4072
4297: 4327,4300,3490
1890: 2660,3166
1891: 2543,4140,2133
1892: 
4677: 1744,4439,3960
1894: 
1895: 905,2246,455,2193
4045: 4679,4278,581,1137
1897: 2039
1898: 1127,2854,2208,4787
1899: 3007
1900: 
1901: 3319,4517,2782
1902: 3629,2876,2010
1903: 3818,122,1881
1904: 3869,3068
1905: 
4355: 1723,1508,2217
1907: 2011,595
1908: 1066,2139,2049
1909: 3431,970,1415
1910: 187,2149,1245,4791
1911: 
1912: 2936,2023
1913: 2719,3145
1914: 4671,4443,4187,1109,3272,689
4681: 
1916: 3833,1134,2362,1736
1917: 4155,4735,2196
4192: 206,3207,1548,3168
1919: 1493,494,3328,1307,2558,1146
1920: 
1921: 3130,4239
4485: 3034
1923: 856
1924: 847,625,3699
1925: 3062,2531
1926: 3204,1687,4200
1927: 3470,1486,933
1928: 807
1929: 1298,4279,647
1930: 
1931: 1519,3459,1994
1932: 4047,1989,2026,628
1933: 1642,3957,1598
1934: 2998,918
1935: 3082,2116,3749
4031: 433,2886,2518,160
1937: 1142
1938: 430,3335
1939: 
1940: 934
1941: 1445,2892,3492,1503,1266
1942: 
1943: 3534,3353,3155
1944: 2342,2650,3649
4799: 2457,2583
4244: 768
1947: 2977,375,2814,4798,2745,795,2620
1948: 3280,4151
1949: 3044,4724,942
1950: 894,529
1951: 3593,1055
1952: 4002,3102,584
1953: 436,4608
1954: 
4260: 1282,2501,1392
1956: 3443,3983,2576,4727
1957: 3188,1375,1515,1556,2888,4518
1958: 
4500: 1740,1053
1960: 499
1961: 3820,4708,3347,2566,3513
1962: 137,4142
1963: 3651
1964: 4261,2651,4666
1965: 839,518
4361: 
1967: 3548,1697,1066
1968: 3422,3204,2378
1969: 3565,2966
1970: 1108,1270,3097
1971: 1740,4014,3688,3260
1972: 4252,366,3582
1973: 1023,927,4796,4821,2327
1974: 2953,4377,3886
1975: 1474,4051,4065
1976: 841,4237,4495
1977: 4129
1978: 3419,3244,926,1882
4133: 
1980: 4536,173,390,1722,456,4112
1981: 3682,3494,3799
4683: 4792
1983: 4757,1603,882,2328
1984: 3093
1985: 3640,1742,402
1986: 2863,925
1987: 3417,1431,217
1988: 
1989: 3018,1932,2026
1990: 989,1074,4574
1991: 548
1992: 134,1567,2256,2209
1993: 2758,941,675,2206
1994: 923,2894,4807,1931,1519
1995: 4670,459,1522
1996: 3812,4793,54
1997: 2645,2964
1998: 2825,16,957,2636,2225,3979
1999: 3465,2229,1398,2125,3312
2000: 929,2088
2001: 
3771: 4503,4462
2003: 3519,973,435,1199
2004: 2245,1289,415,1455,3607,2364
2005: 
2006: 3435,2058
2007: 
2008: 2145
2009: 4800
2010: 3889,2876,3629,1902
2011: 1907
2012: 3541,2130,3632
4805: 455,337,688,4255,4535,2698,4141,1208
2014: 
4202: 1796
2016: 
3972: 1104,3763,4242,1802
4049: 4548,2021,3351
2019: 919,1778,4713
2020: 4786,3810,1097
2021: 3042,4548,4049,3351
3956: 2874,2665,1837
2023: 2936,1912
2024: 978,4796,3391
4166: 2585,1541,1533
2026: 789,628,1932,1989
4519: 
2028: 1488,2199,742
2029: 4397
2030: 764
2031: 1006,1410
4682: 711,4542,373,1583
4197: 816,1081
2034: 
2035: 728,3562
2036: 
2037: 4121,2439,838
2038: 2800,4412,350,4811
2039: 1897
2040: 1462
4479: 3169,2230,3088,3374
2042: 
2043: 1702,4517
2044: 2356,2086,148
2045: 2300,4432
2046: 669,4672,980,2610
2047: 4569,2207,2430,1859
2048: 4655,846,4312,3603
2049: 3921,1908,2139
2050: 
2051: 3227,3487,2915,1732
2052: 3409,3251,3245
4464: 699,3732,1874,1325,2136
2054: 4299
2055: 102,4651,2500
2056: 305,3284
2057: 1153,754,719
2058: 3435,2006
2059: 2190
2060: 1179,1430,602,1439
2061: 4414,1770,532,4806
2062: 605,1012
2063: 2737,487
2064: 4527
2065: 980,1811,2567,3055
2066: 2936,1612
2067: 
2068: 289,2129,3760,971
2069: 1566,1286,2828,4802
4123: 
2071: 896,2731,3434
2072: 2333,4772,1246,1342
3824: 4327,4300,1314
2074: 427,3834,3473
4347: 259,4199,4774
2076: 2183
4300: 4297,4327,3824,992
2078: 568,1583,2266
2079: 330
2080: 1032,1397,3654,2426
3841: 285
2082: 
2083: 
2084: 2326,3473
4765: 4445,1374,4688,1438,125,1824,1434,3978
2086: 2356,2044,148,897
4086: 3038,3317,2328,2595
2088: 929,2000
2089: 2858
2090: 4730,762,851
4258: 1475,633,4394,1113
2092: 1349,1782
2093: 
4160: 2633,1502,2835,3338
2095: 3278
2096: 4817
2097: 158
2098: 438,3929,846
2099: 1561
2100: 1604,511
2101: 3768,4178,730,1106
2102: 127,1684,2686
2103: 
2104: 3968,4306,890,3411
2105: 
3809: 
2107: 899,2693
2108: 4102,913,189,2853,4815
2109: 
2110: 1327,965,2422,2669,3048
2111: 872,3277,1697
2112: 4608,2830,2712,3036
2113: 974,3875,4538
2114: 3526,621,693,4780
2115: 2922,4726,2126
2116: 3192,1935,3082,3430
2117: 2597,2359
4498: 2369,2831
2119: 184,4809
2120: 1526,290,1822
2121: 3460
2122: 
2123: 813,2189
2124: 1456,2816
2125: 4407,1398,1253,1999,3312,4622
2126: 4005,904,2115
4005: 2280,2126,3499,2571,1016,904
2128: 3199,2241,3314
2129: 1870,2558,2068,3760
2130: 2012
2131: 2812,466,607,4481
2132: 2912,2768
2133: 2178,4724,1844,1891
4585: 2391
2135: 498,1407
2136: 699,4464,4626
2137: 1706,3677,4161,4518,3188,305,3284
2138: 2824
2139: 1908,2049
2140: 1762,3750
2141: 
2142: 4771,3940,844
2143: 
2144: 478,3976,3503,4262
2145: 2008
2146: 300,2697,3727,107,4567
2147: 
2148: 
2149: 187,1910,4067,1470,4791
2150: 4811
4658: 1072,3934,2200
4001: 1521,3165
4804: 4425
2154: 
2155: 2295,3932,3525
2156: 348,356,96
2157: 340,259
2158: 4427,3637
2159: 3977,1196,3663,2911
4017: 
2161: 1837,789
4466: 4446
4177: 4717
2164: 2949,1879
3783: 4694
2166: 2661,220,3593
2167: 1619,3830,4270,937
4788: 2550,3590
2169: 1256,369,4093,1685
2170: 3709
2171: 1189,3262,4754
2172: 154,1480
4034: 202
2174: 
2175: 4591,1080
2176: 3019,3090
2177: 4762,1148,4571,3928,887
2178: 4724,2133,3225
3851: 
4777: 3656,1868
2181: 2403,2608
2182: 1463,3915,3075
2183: 2076
2184: 
2185: 
2186: 3465,2229,3981,2536
2187: 1044,1386,1020,2357
2188: 4092,2267
2189: 2123,4720
2190: 4127,2059
2191: 
2192: 
2193: 1895,905,455,3982
4422: 2340,454,57
4083: 534
2196: 193,1917
2197: 1164,1855
2198: 3319,4517
2199: 2028,671,742,2329
2200: 4658,4633
2201: 
2202: 
2203: 2863,3502,2316,2354
4666: 3779,1964,4261,4660,4808
2205: 1875,3240
2206: 3571,3268,1993
2207: 2430,4131,2047
2208: 4787,1898,1423
2209: 2256,3536,1992,1083
2210: 3158,1856
2211: 4073
4207: 4019,1649
2213: 3897,1113,2850,1575
2214: 814,3552,1737,2766
2215: 4231
2216: 620,1262,1226,2455
2217: 4355,1443
2218: 4772,4584
2219: 4210,1552,1363
2220: 
2221: 1856,4798,3803
2222: 4814
2223: 1103,2687
2224: 2417,2755,772,3903
2225: 3233,2636,1998,16
2226: 2343,1309,1296,1385,3719
2227: 1263
2228: 3467
2229: 3465,2186,1999,3312,4617
2230: 4479,2715,1240,891,9
2231: 4792,4423,323,3413,3379,3988
2232: 731
2233: 1736,2778,3408
4273: 59,1462,2321
2235: 3825,2466
2236: 4807,794
2237: 3256,959
2238: 3345
2239: 1264,279,3521
2240: 29,4448
2241: 2128,1191
2242: 2502
2243: 
2244: 
2245: 2004,1289
2246: 1895,4780
4526: 3632
2248: 3971,243
2249: 3461,4815,3777
4309: 489,1601,1540
2251: 1178,1711,3161
2252: 1444,4232,2700
2253: 
2254: 175,477,2307
2255: 472,3246,1625
2256: 3536,2209,1992
2257: 
4239: 3130,259,4199,1921
2259: 790
4069: 79,2519,19
2261: 
2262: 
4634: 1874,1266,4698,3350,3732
2264: 1790,3212,3003
2265: 
2266: 2888,2078
2267: 4146,2188,4092,842
2268: 176
2269: 4382,2718
4699: 472
4535: 2698,4216,4255,4805
2272: 4270,2670,3115,2889,2337
2273: 
2274: 
2275: 916
4142: 137,1962,94,4581,4510
2277: 877,3531,2788,4198
2278: 2815
2279: 4074,40,1262
2280: 4005,2571,3461
2281: 985
2282: 638
4063: 4603,4394,3543
2284: 460,3578
2285: 
2286: 4732,4437
2287: 922,2761,1422
2288: 4453
3856: 2588,2629,954
2290: 
2291: 789,2737
2292: 2637
4607: 
2294: 
2295: 439,2155,2969,3932
2296: 914,3703
2297: 3094
4312: 2048,846,3266,3603
2299: 1433
2300: 2045,4432
2301: 1873,4131,3980
4621: 4703,607,1511
4352: 3802,2712,2885,4745
2304: 3743,1285
4819: 4054,3861
2306: 2989,598
2307: 4047,477,2254,1437,2913
2308: 3802,2712,2830
2309: 634
3915: 1463,2182,3388
3949: 2933
2312: 4823,896
2313: 1788,2761,604
2314: 1692
2315: 3828,1825,3954
2316: 130,2203
2317: 1219,3024,1521
2318: 1106,3176,2724
2319: 4305
2320: 4731,392,2992
2321: 4273,4807
2322: 3804
2323: 
2324: 
4592: 977
2326: 2084,1390
2327: 4343,36,1023,1973,2608
2328: 882,1983,2595,4086
2329: 2655,1488,2199,135
3780: 332,1226,1883
2331: 788,284
2332: 1252
2333: 2759,2072,4747,4311,1342
2334: 954,2629
2335: 76
4362: 4315
2337: 2919,2889,4471,3115,2272,4071,1008
2338: 
2339: 411,791,3720
2340: 4422,434
3847: 
2342: 3061,1479,4184,1944
2343: 1309,2226,4059
2344: 835,2389
2345: 35
2346: 187
2347: 390,1496,229
2348: 1269,4785
2349: 4136,2743
2350: 3881,4138,673
2351: 16,663
2352: 3041,1332
2353: 1070,215,3405,49
2354: 3801,2203
2355: 4167,2645
2356: 2086,2044,3831,2779
2357: 12,3496,1020,2187
4513: 3515,2738,3403
2359: 40,2597,2117,937
4407: 2648,2125,1253
4095: 
2362: 1372,4800,1916,1134,2944,640
4092: 2188,2267
2364: 2004,1455
4384: 4350,4486,536,3836
2366: 
4405: 4075,2777,136
2368: 1326,4116
2369: 4498,3704
2370: 4314,1435,3815
4727: 1956
2372: 3731,1636,4085
2373: 3276,3826,3989
2374: 1074,3232,2955
2375: 4628,2757,1389,260
2376: 
2377: 3368,1066,3548,4271
2378: 3393,4588,3422,1968
2379: 3512
2380: 
2381: 88,1530,854,4583,3189
2382: 3673,1027
2383: 836,3250
2384: 3639,3577
2385: 1002,4027
2386: 4182,2746,1536
2387: 
2388: 845,2755,772,778,3681
2389: 1421,2344
2390: 2657,1014,4648
2391: 4580,4585
2392: 3479,3372,2419,1449,4821
2393: 4719,4188,4803
3886: 4667,2938,4377,2953,1974
2395: 4774,4237
2396: 488
3874: 
4261: 1964,343,4660,4666,4808
2399: 4185,204
4060: 4790,60
2401: 4697,2877,3062
2402: 
2403: 2181,3487,2670
2404: 3557,2766,814
2405: 618,290
2406: 1076,3474,4795
4532: 992,4376
2408: 4263,2572
2409: 2885,3181
4801: 3205,2868,4169,3409,3251,4630,1153,754
3894: 2725,563,2942
2412: 1831
2413: 728,2985,1251,594
2414: 3911,3326,1792,3639,3577
4098: 436,3302
2416: 
2417: 2224,164,2755,3712
2418: 909
2419: 3962,3372,2392,4821
3895: 1580,2984
2421: 1302,4809
2422: 4544,270,2110,4816
3960: 3665,4677,1698
2424: 2914,3834,2746,357
2425: 
2426: 3737,624,1397,1032,2080
3944: 3533,1469
2428: 1171
2429: 2619,3246,472
2430: 2207,1042,1835,2047
2431: 2561,917
2432: 1629,2589,1532
4600: 1268,3218,2736
4022: 3330
2435: 
2436: 121
4020: 543,3905,1221
2438: 398,1186
2439: 2508,936,2037
2440: 
2441: 4116,606,429
2442: 66,221,3349
4494: 3838
2444: 3120
2445: 753,2790,3853
3762: 1724,1696
2447: 2774,1300
2448: 2996,3255,3399
3882: 1223,2857,4766
2450: 4129,75
2451: 3276,2741,274
2452: 140,3837
2453: 2557,1611,1367
2454: 
2455: 620,2216,3715,1465
2456: 1874,1503,1266,3485,579
2457: 4799
2458: 2644,4598
2459: 3481,4027,2770
2460: 1757,3184,1458
2461: 369,2592
4126: 
2463: 
4299: 2054
4271: 1472,3548,3368,2377
2466: 4763,2515,2235
2467: 227
4396: 968
2469: 1411,413
4276: 1090,3350,4623,1780
4305: 2319,1202
2472: 3121
4696: 1444
2474: 4651,4685,102
4054: 4819
4148: 3381,762,4401
2477: 4434,2931,111,3460
3860: 2909,4447,3706
4514: 
2480: 4316,366,3582
4745: 4352
2482: 
2483: 4006
3834: 2424,2914,2074,427
2485: 
2486: 371,313
2487: 1166,686,1013
2488: 3262
2489: 4475,3970,3145
2490: 805,1758,4254
3802: 4352,2712,1137,2308
2492: 1248,4262
4349: 4385,1229
4450: 26,4071,1008
2495: 2615
2496: 1721,134,1265
3792: 3374,414,3169
4342: 591,2950
2499: 3406
2500: 4646,2055,4651,1791
2501: 1282,4260,3826,1578
2502: 666,4336,2242
2503: 1862,1316,1067
4333: 
2505: 2752,220,3692,1593
4084: 
3890: 
2508: 2439
4597: 4213,4646,521
2510: 707,908,4468
4814: 1041,2222,810,4614
2512: 1136,1633,3313
2513: 
2514: 2583
2515: 2466
2516: 498,3575,2759,4747
2517: 
2518: 1315,2886,4031
2519: 79,4069,4052,19
2520: 3527,3969
2521: 3591
2522: 1337
4487: 668,2800,4811
2524: 4802,3887
4247: 
2526: 4375,3105
4564: 1256,1685,4409
2528: 229,3714,1449
2529: 1723,3630,1237,3322
2530: 71
2531: 1925,3062,4768,3693
2532: 1663,114,2704,836
2533: 1469,384,1877,1551
2534: 2930
3831: 2356,2779
2536: 3357,2186,1325
2537: 
4779: 1026
2539: 3373
3988: 4122,4792,2231,3379
4757: 1983,3159
4761: 1167,4334,33
2543: 1891,4140,2563
4646: 2500,521,4597
2545: 1341,747,832
2546: 
2547: 268,3617
2548: 
3948: 2991,4442,3432
2550: 4788
4350: 4384,4486
4139: 
2553: 2730
2554: 
2555: 1817
4341: 
2557: 2453,1611
2558: 1870,2129,1146,1919,3328
3976: 478,2144,4216,1688
4206: 155,1030
2561: 2431
2562: 1413,3685,2646,4734
2563: 2543
2564: 
2565: 3058,361
2566: 3420,1961,3513
2567: 1811,2065,3055
2568: 
2569: 1036
2570: 3201
2571: 1016,4576,3499,3461,2280,4005
2572: 4272,2408,4263
2573: 
4445: 4765,4688
2575: 3717,1473
2576: 3443,1956,3922
2577: 1271
4697: 2401,838
2579: 
2580: 1629,4468
4367: 665,2895
2582: 
2583: 2514,4799
4822: 396,1472,1126,481
2585: 1667,4166
2586: 635,3916,1560,4791
2587: 
2588: 3856,2629
2589: 968,2432
2590: 2873,4624
2591: 4676
2592: 1724,2461
2593: 1576,1142
2594: 2848,815
2595: 291,2328,3038,4086,4423
2596: 3343,4678
2597: 40,2117,2359,4074
4105: 623,1417,1599,181,2640
4796: 1395,4821,921,2024,978,1023,1973,927
2600: 3065,942,4226
2601: 4230,999
2602: 1716
4059: 3719,2343
4567: 1471,4457,2146
2605: 743,225,1768
2606: 387,3366,4823
2607: 1325,3357,3217
2608: 2181,2327,1023,4218
4027: 2459,2385
2610: 980,669,2046
2611: 2639
2612: 4497,4679,4278,2896
2613: 4135,3959,55,4625
3951: 252,4775
2615: 3068,3708,3768,2495
2616: 4386
4090: 1288
3959: 2613,4135,4449
2619: 2429
2620: 2764,2745,2977,1947,146
3888: 3002,2990,4551
3864: 
4226: 3545,2600,942
3952: 3620,4816,3519,1199
2625: 3515
2626: 
2627: 3066
4111: 1072,297
2629: 3856,2588,2334
2630: 4421,1791
2631: 1766
4458: 
2633: 4160,1464,3338
2634: 1838,2660
2635: 717,3800
2636: 1998,2225
2637: 2292
2638: 1757,4437
2639: 2611
2640: 181,2882,623,4105
3887: 2524,129
2642: 
2643: 3428,664
2644: 2458,3369
2645: 1997,2355
2646: 3156,3685,4038,2562,4734
2647: 873,4145,1846,4168
2648: 4407,3226,1398
2649: 3024,760
2650: 624,1944
2651: 3352,1964
2652: 4032,1851,3911
3883: 3649,4100,3737,1032,3216,4243
2654: 3253,1170
2655: 2329,135
2656: 4079,963,3181
2657: 1014,2390,1054
4279: 1929,1298,647
2659: 446,77,3650,229
2660: 1838,2634,32,1890
2661: 2166,1055,4070
2662: 1077,4419
2663: 
2664: 4218,1023,927,1289
2665: 3956,2874,1837,1396
2666: 2728
2667: 
4211: 1436,4760,1556,4161,4518
2669: 3048,1276,2110,965,4172
2670: 1732,3115,3487,2403,2272
4237: 1976,2395,4774
3828: 2315
2673: 4335
4298: 
2675: 914
2676: 426
3813: 
2678: 
4000: 3301
2680: 
4255: 1504,4535,4805
4071: 4450,1008,3115,4471,2337
4735: 1917,4155,4493,2882
2684: 
2685: 4144,581
2686: 188,518,1684,2102
2687: 46,4571,2223
2688: 2788,2760,2861,4524
2689: 3544,67
3992: 4081,667,4210,1552
4611: 1181,451
2692: 1389,383
2693: 2763,1400,2107,3096,4764
2694: 
2695: 1170,3982
2696: 1224,1828
2697: 3727,1198,107,2146
2698: 4535,4141,4805,4647
2699: 652,4149
2700: 844,2252,3633
2701: 3450
2702: 2826,153
2703: 452,1158
2704: 114,2532
4754: 2171
4144: 2685
4506: 3523,744,578
4640: 4686,4665,2872
2709: 2819,3125,3196
2710: 1338,4785
2711: 807,570
2712: 3802,4352,2308,2112,2830,3036
2713: 589
2714: 674,18,4242
2715: 3169,2230,1119,9,4128
2716: 876,1317,4314
4038: 3685,939,2646
2718: 2269,4382
2719: 3718,3145,1913
2720: 4595,4186,976
2721: 
4281: 3634
2723: 412
2724: 4209,2318,3768
2725: 563,3894
4752: 1597,983,1512
2727: 4400,3354
2728: 2666
2729: 3,3396
2730: 100,2553
2731: 896,2071,4823,214,1391
2732: 242,4818,4037,1314
2733: 1258
2734: 3169
2735: 765
2736: 3218,3451,4600,1268
2737: 2291,2063
2738: 4513,1776
2739: 
2740: 386,1235
2741: 811,1560,2451
2742: 
2743: 3739,2349
2744: 3415,5
2745: 1169,2764,795,2620,1947,4545
2746: 357,1536,2424,2386
4517: 3319,2198,2043,1901
2748: 935,3488,962
3790: 899,2947
2750: 1197,1050,4795,1150,2811
4746: 3170,556
2752: 3692,1593,2505
2753: 1228,3240,3829,1842
2754: 
2755: 2224,2417,3712,772,2388
2756: 1786,2826,2855
2757: 2375,1872,866,1389
2758: 1993,941
2759: 2333,4747,4311,2516
2760: 3405,2688
2761: 604,2313,2287
4483: 3482,1186
2763: 2693,1400,4764
2764: 2745,2620,4545,482
2765: 1866,732
2766: 2404,3557,1735,2214,814
4079: 2656,963,4246,4721,3181
2768: 2132
4807: 2236,2321,2894,869,1994,1250
2770: 2459,3481,151
2771: 974
2772: 
4295: 3451,898,783
2774: 2447,1300,322
2775: 
2776: 3229,996
2777: 136,4405
2778: 3456,1086,2233,1736
2779: 3547,3831,2356
2780: 
2781: 3581
2782: 1901
2783: 3974,3412
2784: 
2785: 3036,4530,2885
3911: 3326,1792,2414,2652
4468: 2510,2580
2788: 2688,2277
2789: 4767,385
2790: 753,2445,3853
2791: 
2792: 4369,1324
2793: 2903,1499,334,704,2858
3854: 4012
2795: 1862,1141,957
2796: 361
2797: 4663
2798: 2942
2799: 
2800: 2038,4811,4487
2801: 
4285: 511,1119,9
2803: 4492,4427,175
2804: 1226,1008,4471,4214
2805: 
2806: 4224,443
4524: 2861,2688,2986
2808: 4387,559,3788
3777: 1240,4815,913,2249
2810: 
2811: 3986,4345,948,1050,2750
2812: 2131,607
2813: 3955,1324,3610,4121
2814: 3100,3178,1947,375
2815: 4454,2278
2816: 577,3573,1456,2124
2817: 89,3646,4002,584,402
4645: 
2819: 2709,312
2820: 3171,3734,935,3488,1722
4326: 3457,1564
2822: 1414,1092
3804: 2322,2852,3382
2824: 2138,882,3711,291
2825: 1998,957,3377,3148,3979
2826: 2756,2702
2827: 3509,340,3159,4728
2828: 3779,2069,1566
4196: 81,875,1419
2830: 4608,2112,2308,2712
2831: 785,4498
3914: 916,163,1854
4420: 1635,4061,4816
2834: 
2835: 4160,3338,3052
3881: 2350,1738,3722,3227,2915
4497: 2612
2838: 4328
4569: 2047,839
3817: 3605
2841: 80,354
2842: 129,4802
4791: 2149,1910,4067,4224,1245,3916,2586,3647
2844: 
3989: 3276,2373
2846: 3695
2847: 261
2848: 2594,4066
3849: 4065,4019,3395,1474,4231
2850: 1575,2213
2851: 1676,3225,3545,1486
2852: 3382,3804
2853: 971,189,3760,4815,4102,2108
2854: 1898
2855: 3539,2756,3710
4806: 532,2061
2857: 1223,3882,4766,1841,1747
2858: 1464,2089,2793,334
4180: 1405,4274
2860: 3038,4792
2861: 49,2688,2986,4524
2862: 
2863: 2203,1986
2864: 1640,521,4213,4491,349
2865: 843,1060
4434: 2477,823
2867: 
2868: 4169,4630,4801
2869: 
2870: 
2871: 4530,622
2872: 1062,692,4640
2873: 2590
2874: 3956,2665,1855
2875: 
2876: 3889,2010,1902
2877: 1042,2401,4357
2878: 832,2922,4726,766
4676: 2591
2880: 1081,297
4190: 4701,1097
2882: 623,4155,4735,4492,2640
2883: 601,919,4501
2884: 3614
2885: 2409,4352,2785
2886: 433,4031,2518,3592
4587: 1046,2931
2888: 2266,1957
2889: 2919,4471,2337,2272,4270,937
2890: 3166,2917,3765
3991: 1617,3880,2993
2892: 1445,1941
2893: 3764,972,1052,1865
2894: 4807,1994
2895: 4367,665,3609,1348
2896: 2612
4812: 
4203: 
2899: 
4448: 2240
2901: 495,851,4546
2902: 1360,3866
2903: 1499,2793,704
3912: 4599,207,396
4145: 522,4168,2647
2906: 
4157: 1702,1234,4823
2908: 1092,4578
2909: 3860,3338
4348: 62
2911: 3663,233,3977,2159,784
2912: 2132,432,1785
2913: 17,1437,477,2307
2914: 2424,3834,751
2915: 3227,2051,3881,1732
2916: 
2917: 3765,3584,2890
4760: 4211,1436,1886,3785
2919: 2889,4471,2337,937,4214
4663: 2797,3955,3610
2921: 3953
2922: 4726,2115,2878
2923: 664
2924: 386,3078,4553,342
2925: 
2926: 663,3979,3377,451,1145
2927: 4783,4810,1213
2928: 4002,678,189,89,4815
2929: 749
2930: 2534,3327
2931: 915,2477,111,4587
2932: 
2933: 3949
4444: 3715,404,1567
4067: 1470,4224,2149,4791
2936: 2066,1912,2023
2937: 868,3447,1071,3069
2938: 4667,3886
2939: 1224,267
4088: 4511
2941: 131
2942: 2798,3894
4376: 4532,4504
2944: 640,4800,2362,138
4797: 1561
2946: 
2947: 3790
2948: 4122
2949: 2164,3617
2950: 4342
4583: 3189,88,2381
4734: 4272,2646,1413,2562
2953: 1974,1431,3886
4117: 1466
2955: 3232,2374
2956: 193,3210
2957: 
2958: 1157,1418,4656
3778: 1142
4275: 1158,985
2961: 474,469,739,3702,1373
2962: 3224
3773: 
2964: 1997
4557: 1019,4242,1104
2966: 1969,1239
2967: 3710
2968: 468,924,3706,460
2969: 439,2295,748,424
4230: 2601
2971: 4790,3542,1852
2972: 313,4546
2973: 641
4413: 1002,3818
4246: 760,4053,4721,4079
2976: 1768
2977: 1947,375,4798,146,2620
2978: 841,4673,886
4815: 2928,189,2853,89,3646,4102,913,2108,2249,3777
2980: 93,1828,345,3344
4344: 1111
2982: 
2983: 
2984: 3895
2985: 2413,3562,4182
2986: 730,2861,4524
4660: 4261,4666,4808,1566
2988: 970,1025,191,3489
2989: 2306,558,598
2990: 3002,3888,4455,1647
2991: 3948,4373,1792
2992: 1744,4439,392,2320
2993: 2994,3991,1617
2994: 2993,626
2995: 3082
2996: 2448,3399,994,4459
2997: 3419,4539
2998: 1934,261
2999: 1778,3255
3979: 2926,2825,1998,16,3377
3001: 4316,1754
3002: 3888,2990,1375,1515
3003: 2264,1790
3004: 
3005: 
3006: 689,3456
3007: 1899,1645
3008: 
3820: 1961,4750,4100
4609: 272,1131
3873: 4343,36,3479,3138,1040
3012: 551,1479,3702,3917,4733
4541: 
3014: 857,1388
3965: 
3016: 1844
3984: 47,3433,4167
3018: 1989,1267,1599
3019: 2176,3090,1424
4135: 2613,3959,4449,1662,55
3021: 1082,1761,1682
4400: 2727
3023: 4714,1740,1053
3024: 2317,1521,2649
3935: 527
3026: 4568
4695: 
4614: 810,4814
4782: 
3030: 4277
3031: 
3969: 2520
4212: 936
3034: 4485
3035: 4397,1177,3090
3036: 2785,2712,2112
4216: 3238,3976,4535
3038: 4086,2595,2860
3039: 
3040: 784,1037,1328
3041: 2352
3042: 2021,473,4769
3043: 3909,819
3044: 1949,1844,4724
3045: 555,377
3046: 3718,804,1621
4454: 2815
3048: 2669,1276,2110,965,4170
3049: 
4630: 3251,2868,4169,4801
3051: 707,908
3052: 2835,3338
3053: 
3054: 1063
3055: 4075,2567,2065
4707: 4558,3432,1005
3057: 
3058: 2565
3059: 
3060: 1179,1430,4475
3061: 1479,2342,182
3062: 1925,2531,2401
3063: 331,285,4233,3106
3064: 3416,3300
3065: 4188,2600
3066: 878,2627
4409: 4564,110
3068: 2615,3708,4308,1904
3069: 1071,3117,3859,2937,868
3070: 1565,4764
3071: 
3072: 
4613: 374,1625
3074: 730
3075: 2182,764
3076: 3753,3510,1506,1259
3077: 4419
3078: 2924,1235,4553,713
3079: 4816,4085,3519
3836: 4538,4384,4486
3081: 1598,865,282,871
3082: 1935,2995,2116
3083: 294,1822
3084: 1865,972
3085: 
4315: 254,4362
3087: 1794,1419,404,210
3088: 3290,3374,4616,4479
4447: 3706,3860,3578
3090: 2176,3019,990,1424,3035,1177
3091: 
3092: 
3093: 1233,4248,1984
3094: 979,2297
4762: 1148,2177,3928,570,516,887,988,3808
3096: 2693,4764
3097: 4588,1970
3098: 1028,1846
4703: 4621,607,1789,429
3100: 2814,3178,1877
3101: 
3102: 3869,4457,1952
3103: 1094
3104: 1709,1000,1552
3105: 4375,2526,4723,1794
3106: 3573,1456,3446,4233,3063
3931: 934,3224,271
3108: 1514,1646
3109: 4544,615,1327
4047: 1932,181,2307
3111: 3451,3462
3112: 4530
3113: 
3114: 1021
3115: 2670,2272,4071,2337
3116: 1102
3117: 1071,3069,4647
4151: 1948
3119: 
3120: 2444
3121: 2472
3122: 3,218
3123: 1808
4701: 4190,3788
3125: 1182,1678,27,2709,3196
3126: 
4292: 4353,120,566
4147: 1598
3129: 786
3130: 4239,353,3362,1921
4127: 2190
4042: 408,3751
3133: 
3134: 810,3335
4204: 
3136: 1191,4534,3827
3137: 1288,3318,746
3138: 1040,3722,3873
4085: 2372,3079,4816
3140: 
4790: 4060,4364,60,3542,2971
4542: 711,774,292,4682
4731: 2320,940
3144: 894,4009
3145: 2719,3970,2489,1913
3146: 3572,4073
4146: 2267
3148: 3377,3958,646,2825
4233: 3300,3063,3106
4604: 4040
4706: 
3152: 495,851
3866: 3724,1360,2902
4605: 4406,352,326
3155: 1943,4102,3290
3156: 2646
3157: 
3158: 4644,2210,1856,4798
3159: 340,4757,2827
3160: 
3161: 1225,2251,1178
3977: 2159,2911
3163: 4505,48,3392
3800: 2635,3754
3165: 4001,805
3166: 32,2890,1890,3765
3167: 
3168: 1037,3207,4192,397
3169: 4479,2715,2734,3792
3170: 4746,4170
3171: 3484,3734,1712,2820,144,3438
4472: 3257
3932: 1064,2295,2155
4296: 1478
3175: 3192,3835,525
3176: 1879,2318,4209
3177: 3288,960,512
3178: 1268,2814,3100
3179: 910
3798: 
3181: 1559,2409,2656,4079
3182: 4809,3193,1302
4214: 2919,4471,1226,2804
3184: 3620,556,2460
3185: 3279,1573,3769
3186: 
3187: 3638
3188: 1957,1161,2137,4518,305
3189: 4583,2381,854,4820,4650
3190: 487,4678,4055
3191: 1185,399
3192: 3175,2116,525,3430
3193: 3537,1089,4809,3182
3194: 
3195: 4369,1031
3196: 3716,2709,3125
3197: 
3943: 4288
3199: 2128,3314
3200: 
3201: 2570,4461
3202: 1351,1816,4758
4232: 1531,2252,174
3204: 3422,1926,1968
3205: 4801,3409
3206: 998,4789,4786
3207: 1548,4192,397,3168
3208: 4798,146,3803,1392
3209: 387,1254
3210: 2956
3211: 683,343,4808
3212: 2264,4220
3213: 4810,1331
3214: 1318,4718
3215: 3590
3216: 964,3883,4100,4201,3347
3217: 2607
3218: 2736,4116,4600
3805: 3463
3220: 4176,1429
3221: 3671
3222: 3369,1267
3223: 
3224: 934,2962,3931
3225: 1676,2178,1493,3328,2851
3226: 4078,1540,2648
3227: 2051,2915,3722,3881
3228: 1809,431
3229: 342,2776
3230: 3374
4391: 4118,4165,1095,3484,3734,3766
3232: 2955,2374,221,1022
3233: 2225,3667,1864
3234: 1363,1000
3901: 72,4813
4426: 462,1222,3515
3237: 
3238: 4216
3239: 
3240: 2753,1228,3530,2205,1875
4818: 2732,242,4173,3567,125,992,4037,1314
3242: 1590,3389,3399
3243: 4284
3244: 1978,3419,926,806
3245: 2052,3251,1076,4795
3246: 4453,2429,2255,472
4423: 4792,2231,2595,323
4747: 2759,2333,542,2516
3249: 
3250: 2383
3251: 3409,2052,3245,4630,4169,4801
3252: 656,4456
3253: 1170,3829,2654,1842,1739
3254: 
3255: 2448,2999,4713
3256: 2237,1773
3257: 4472
3258: 4811,4556,3522
3259: 952,3763,3587
3260: 4714,1971,1740
3261: 445,3835
3262: 1189,2171,1108,2488
3263: 3541,547
4437: 2286,2638
4359: 3547,132
3266: 4312
4075: 3055,4405
3268: 4103,4051,3571,2206
3269: 1490
4769: 1174,3351,3042,1642
3271: 34,3543
3272: 1632,1914,1109,689
4642: 4674,4635
3274: 1773
3275: 765,3730,3532,45
3276: 2373,2451,3989,274
3277: 1708,872,509,2111
3278: 2095
3279: 1763,3185,1386,12
3280: 1948,215
4471: 2919,2889,2337,4071,1008,2804,4214
3282: 3861,3848
4713: 1778,3255,2019
3284: 305,2056,1706,2137
4669: 3599
3286: 
4719: 2393,1822,4188
3288: 3177,960
3289: 1533,919,4501
3290: 3088,3374,3155,4616,4102
4551: 663,3888
3292: 1662,3878,1878
3293: 631
3294: 3472,4456,3342,656
3295: 418
4488: 3415,5,1864
3297: 859,474
3298: 4649,1208,3370,4443,1109,1632
4738: 1483
3300: 4233,3064
3301: 4322,4000
3302: 4217,4098
3303: 1347,23,4810
3304: 103,368
3305: 1574
4552: 4475
4097: 
3308: 
4406: 190,4605,4649,326
3878: 1388,3292
3311: 
3312: 2125,2229,1999
3313: 131,2512,4670
3314: 1476,3827,3199,2128,1284
4740: 1475
3316: 
3317: 4086,4674
3318: 1288,3137,3704
3319: 2198,4517,1901
3320: 4520
3321: 
3322: 1237,2529
4236: 
3324: 1135
3934: 3603,4658
3326: 3911,2414,1708
3327: 4119,362,2930
3328: 1493,1919,3225,2558
4412: 350,422,2038
3330: 4022
4116: 2441,606,3218,2368
3332: 1719,736
4164: 
4167: 2355,3984
3335: 960,3134,1938
4533: 1425,197
4694: 3783
3338: 2909,2633,4160,2835,3052
3339: 4726,1174,3351,832
3340: 3378,557
3341: 662,1761
3342: 3294,3472,4289
3343: 2596
3344: 93,2980
3345: 158,2238
4742: 3591,738,1044
3347: 4708,4201,4100,3216,1961
4386: 1678,2616
3349: 989,4118,2442
3350: 4276,1090,975,4698,4634,3732
3351: 4769,2021,4049,3339
3352: 1699,2651
3353: 1943
3354: 2727
4078: 1540,3226,0
3356: 4168
3357: 2536,1325,2607
3358: 428,188
4058: 4643,1164,1059,813
3360: 559,4786,1097
4536: 173,1980,4725,3488,1722
3362: 353,3130
3363: 1572
3364: 3555
3365: 920
3366: 4823,387,2606
3367: 
3368: 2377,806,3548,4271
3369: 2644,3222,1014
3370: 1208,3859,4647,3298,4443
3371: 
3372: 1550,3714,2419,3962,1449,2392
3373: 4115,2539
3374: 3290,3088,3230,4479,3792
3375: 4776
3376: 
3377: 3148,3958,2825,3979,2926,451
3378: 3340,351
3379: 4643,3413,4792,2231,3988
4687: 
3381: 4148
3382: 2852,3804
3916: 635,2586,4791
3384: 3876
4218: 2664,2608
4714: 3023,3260
3387: 64,4615
3388: 1026,1463,3915
3389: 4254,3242
4213: 4597,521,2864,4491
3391: 3908,2024,978,1090,4623
3392: 709,270,4505,3163,48
3393: 2378,4588,4496
3394: 515,558,529
3395: 3691,3849,4231
3396: 2729
3397: 
3398: 3544,512,1133
3399: 994,3242,2448,2996
4291: 3968,890
3401: 1387
3402: 4650,1011
3403: 1776,4513,1160,254
3937: 
3405: 4094,2760,2353,1070
3406: 2499
4755: 1039,1645
3408: 3617,1297,2233
3409: 2052,3251,4169,3205,4801
3410: 
3411: 2104,890
3412: 3974,2783
3413: 323,1164,2231,3379
4606: 
3415: 2744,276,4488,5
3416: 3064
3417: 447,1431,1987
3418: 4783,861
3419: 1978,3244,2997
3420: 2566,3513
3421: 
3422: 3204,1968,2378
4149: 308,652,2699
3424: 4813,72
3425: 
4750: 3649,3820
3427: 
3428: 2643,983
3429: 1430
3430: 3741,3192,2116
3431: 1909,1415
3432: 4558,4707,3948,492
3433: 3984,47
3434: 1385,2071
3435: 2006,2058
4256: 1145
4816: 3079,4061,709,4085,2422,3519,4420,3952
3438: 144,3171,1712,1622
4598: 425,2458
3440: 1628
3441: 
3442: 
3443: 3474,1956,3983,2576,3922
3444: 4555
3445: 
3446: 3573,3106,1456
3447: 2937,868
3448: 1246,426
3449: 625,847
3450: 2701
3451: 4295,3111,2736
4603: 4063,4351,952
3453: 284,4269
3861: 3282,4819
3455: 4006
3456: 2778,3006,1086
3457: 4326,416,1564
3941: 3543
3459: 1931
3460: 2121,111,2477
3461: 2249,2571,4576,2280
3462: 1754,3111
3463: 3805
4578: 936,3610,2908,1092
3465: 2186,2229,1999,1398
3466: 4785,1401
3467: 2228
3468: 26,4375
3469: 740,400
3470: 1486,1575,1927,3546,177
3471: 48,1636
3472: 3294,4456,3342,160
3473: 2074,2084
3474: 3443,3983,2406,1383,4795,3922
3475: 633,4351
3476: 1181
4821: 4796,1395,2419,3844,921,2392,3479,36,1973
3848: 3282
3479: 2392,4821,4343,36,3873
3480: 1119
3481: 2459,888,2770
3482: 4483
4379: 932
3484: 3171,3734,1712,3766,4391,4165
3485: 3981,579,1874,2456
3486: 1428,4006,1872,4628
3487: 2051,2403,1732,2670
3488: 935,2748,4536,2820
3489: 2988,1364
3490: 3832,4297,4327
3491: 
3492: 4698,705,1941,1266
3493: 4289,433,4388
3494: 4036,3799,1981
4758: 3202,4787
3496: 12,2357,1573,294
3497: 1762,962,3975
3498: 4171
3499: 1742,576,2571,1016,904,4005
4478: 
4375: 332,3105,2526,3468
3502: 1698,2203
3503: 2144
3504: 858,1337
3505: 
3506: 
4459: 4772,4584,2996
3508: 3583
3509: 2827
3510: 3076,3753,1448,1315,1506
3511: 98,750
3512: 4143,2379
3513: 1961,4708,3420,2566
3514: 3830
3515: 4513,4426,2625
3516: 3900
3517: 113,4012
4388: 1816,3493,1406
3519: 2003,3079,4816,3952,1199
3799: 3494,1981
3521: 279,2239,1264
3522: 4150,3258,1390
3523: 4582,4506,505,578
3524: 4455,1284
3525: 1767,439,2155,1120
3526: 2114,1225,693
3527: 2520
3528: 
3529: 
3530: 947,567,1293,86,3240
3531: 877,344,2277,4198,300
3532: 3730,3741,3275,45
3533: 3632,3944
3534: 1943
3535: 
3536: 2256,2209,4371,1083,466
3537: 3193,3720,1089
4327: 4297,3824,4300,1232,3490,3832
3539: 2855,3884,3710
3540: 372
3541: 2012,3263
3542: 3651,463,4790,2971
3543: 4063,3271,3941
3544: 3398,2689,67
3545: 4226,2851,1486,1575
3546: 3897,3470,177,3601
3547: 2779,1833,4359,132
3548: 1472,1967,4271,3368,2377
3549: 1758,4056
3921: 2049,443
3551: 4595
3552: 2214,814,4403
3843: 696
3554: 
3555: 3364
4440: 838
3557: 2404,2766,1735
3558: 
3559: 830
3560: 3765
4668: 1243,4787,1423,1539
3562: 2035,1197,2985
3869: 3102,1904,344,4457
3564: 
3565: 1969,771
3566: 
3567: 4173,61,4818
3568: 
3569: 1220,4539
4431: 
3571: 2206,4051,3268
3572: 3146
3573: 3106,1456,3446,2816
4316: 2480,3001
3575: 2516,498,4820,848,3621
3576: 549,1030
3577: 431,2384,3639,2414
3578: 2284,4447
3920: 4770,448
3580: 1541,13
3581: 3986,4345,2781
3582: 1265,4252,1972,2480,366
3583: 4775,3508,182
3584: 2917
3585: 3700,3880
3586: 1353
3587: 3763,3259
3588: 4555
3589: 
3590: 4788,3215
3591: 4742,2521
3592: 908,2886
3593: 1951,220,2166,1055
4803: 2393,3769,1704,4188
3926: 4401
4385: 4349,3939
3597: 1828
3598: 
3599: 4669
3964: 891,930,4390
3601: 1080,3612,3897,3546,177
3602: 1369,563
3603: 3934,2048,4312
4002: 1952,2928,584,89,2817
3605: 3817,1122
3606: 758
3607: 1455,415,2004
3859: 3370,4647,3069,4671,4443
3609: 397,3,1348,2895
3610: 4578,4663,3955,2813
3611: 
3612: 1080,3601,692
3975: 3497
3614: 2884
3615: 
3616: 808,285
3617: 3408,1297,2547,2949
3618: 
4582: 3523,505
3620: 3184,3952
3621: 3575,4820,848
3622: 3789
3623: 1539,4323,80
3624: 4610,852,1795
3625: 435,1458
3626: 592,1122
3627: 534
4101: 719
3629: 1902,1004,2010
3630: 2529
3631: 538,1283
3632: 3533,2012,4526
3633: 341,497,2700
3634: 4281
3635: 
4673: 1482,3757,2978,886
3637: 2158,4427
3638: 3187
3639: 2384,4373,3577,1792,2414
3640: 685,1985,576
4003: 4252,875,1419,210
4546: 2972,495,2901
3643: 571,873,1156,3903
4508: 98,1661,750,1563
3645: 1833,4763
3646: 89,2817,4815,4576,402
3647: 4791,25
3648: 3662
3649: 4750,3883,3737,1944
3650: 2659,1496
3651: 3542,463,4364,1963
3652: 
4770: 3920,448
3654: 2080
3867: 3689
3656: 4777
3657: 
3658: 
3659: 
4688: 1374,4445,4765
3661: 59
3662: 3648
3663: 233,2911,4251,2159
3664: 3840,191
3665: 3960
3666: 
3667: 1864,1476,3233
4462: 4174,3771
3791: 1505
4199: 4347,259,4774,4239
3671: 3221,416
3672: 
3673: 870,2382
3674: 1859,412
3939: 4385,1070
3676: 
3677: 1706,2137,4161,1436,1591,491
3678: 995
3679: 
4619: 1190,3980,4185
3681: 791,845,2388,778
3682: 1981
3683: 57,932
3684: 
3685: 4038,2646,2562
3686: 
3687: 793,3852
3688: 4014,1480,1971
3689: 3867
3781: 1516,282
3691: 3395,366,4019
3692: 220,2752,2505
3693: 1190,2531,110
4263: 2408,2572,1550,3846
3695: 2846
4704: 
4692: 1614
4588: 3097,2378,3393
3699: 1334,1924
3700: 3585
4751: 
3702: 80,1373,354,2961,3012,551
3703: 914,4389,2296
3704: 2369,3318
3954: 577,381,2315
3706: 4447,460,2968,3860
3707: 
3708: 2615,3068,4308,586,3768,4178
3709: 2170
3710: 2855,3539,2967
3711: 2824,291
3712: 2417,2755
3713: 
3714: 3846,3372,2528,1449
3715: 1465,4444,2455
3716: 3196,4330,7
3717: 2575
3718: 2719,804,3046
3719: 4059,1296,2226
3720: 3537,883,2339
3721: 
3722: 3138,752,1738,3881,3227
3784: 1511
3724: 4307,3866,1007
3725: 1177,4004
3821: 1785,849
3727: 2697,1198,652,4198,300,2146
4635: 4642,1605
3729: 4568
3730: 3532,3275
3731: 2372,973
3732: 699,4464,1874,4634,3350
3733: 447,1431
3734: 3171,3484,3766,2820,935,4391
4800: 1372,1485,2362,2009,2944,227,640
4435: 
3737: 2426,1032,3883,3649,4243
3738: 
3739: 2743
4156: 4436
3741: 3430,3532
3742: 672
3743: 2304
3744: 151,4767,385
4620: 
3746: 4705,673,1836,1679,4138
3747: 4262,478
3748: 
3749: 1935
3750: 3910,1762,2140
3751: 97,776,4042
3752: 4040
3753: 3076,3510,1352
3754: 3800,685
3897: 2213,3546,1113,3601
4574: 1074,1990
3757: 1707,1482,4673,886
4251: 3862,3663,1196
4274: 4180
3760: 2129,2068,2853,971
3870: 1175,268