0: 241,3163,3731,2797,2399
4522: 
2: 
3: 4731,3783,2894
4548: 2230,2241,1985,4725
5: 4587,1622,2028,3202,2306
6: 3598,448
7: 4075,3514,2105
8: 3256
9: 1990,4531,2280,1583,3325
4717: 524
4739: 4053,2999,2876,4523
12: 4139,1164,2158,64
13: 3066,4312,2497
4792: 2938,2472,3266,2157
15: 3931,1443,1939,2940
16: 4319,646,1141,957,1302,2537,3458,888
17: 3343,3240,4598
18: 3333,1819,3470,3225,3601,3259,1588
19: 2308,2485,1909,3183
20: 4128,2061
21: 2037,658,2401,3391
22: 2392,447,2761
23: 2998,644,3866
24: 3021
25: 808,1682,898
26: 1973,4577,2804
27: 1601,1609,741,3593,4330
28: 2781,795,3278,4537
29: 2093,1654,786
30: 3197,2890
31: 54,3905
32: 1843,1823,630,2513
33: 4752,3085,2934,1059,2120,3018
34: 1123,2581,4557,1558,3603
35: 4483
36: 4386,3830,3048,2284,2669,2813
37: 2778,1064,1192,326,1420
38: 91,2015,1060,1275,1322,705
39: 1336,4510
40: 167,4710,1012,2206,3670,4499
41: 3366,1741,2362,3318,3034
42: 
43: 2710,4194,3467,885
44: 3385,3187
45: 4250
46: 736,2950,2395,2431
47: 799,1834,61
48: 3579,4300,2936,2494
49: 4351,4102
4628: 2893,1491,3993,2375,3558,2757
51: 1452,4056,2548,2876,4225
52: 1175,3869,569,2571
53: 2225,2351,4101,3294
54: 2638,1734,31,1643,3905
55: 3962,3353,77,3169,4616
56: 
57: 4014,4042,1815,2459
4561: 2916,2742
59: 3193,1157,3472,76
60: 2755,3503,3526,2447,1846
61: 1135,47,799
62: 464,3791
4622: 579,3959,704,2885
64: 299,2158,12
65: 1781,2017,1950,2989
66: 2572,3497,2553,956
67: 383,996,2776,2590,1235
4525: 2331
69: 4727,141,3581,4211
70: 1772,3965,651
71: 1918,3820,307
72: 175,1372,3176
4651: 2580,4456,2680,97
74: 3086,3742,2060
75: 3158,2484,609,3124,1185,1223
76: 392,3193,1157,59,2731
77: 55,3962,2941
78: 623,2405,2237,4702,722
79: 2389,3718,3889
80: 3565,1390,898,1754
81: 2888,3785,3232,1637
82: 4481,3780,4463,3784,4174
83: 3939,3160,4341
84: 2502,3466,980
85: 1033,125,1533,3490
86: 1229,439,1043,3045,1149
87: 359
88: 1547,2485,4530,2519,1422
89: 456,1993,2004,4272
90: 1179,1951,1430,1454
91: 2015,38,705,1040,857,1414
92: 122,4632,2729,2789
93: 3713,3738,2777,2434
94: 771,1115,1048,4662,4286
95: 
96: 
97: 2621,4651,1848
98: 588,2749,4711,717
99: 198,365,4339,2199
100: 3438,1562,3734,1191,931
101: 2146,2543,3809,1394,2444
102: 3645,349,3749,212,1433,3917
103: 1837,230,2034,1140,3255
104: 
4733: 493,4391,775
106: 1790,3920
107: 3379,531,2178,3108,3794
108: 
109: 4385,999
110: 2919,1684,838,2102,4276
111: 1520,1471,3640,3480,747
112: 
113: 3269,1711,2644,748,1229
114: 985
115: 1954,3590,328
116: 2152,4195,2811
4626: 2607,2392,3690,3844,2113
4784: 2718,2966,2095,4487
119: 
120: 982,3078
121: 1450,532,878,507,708
122: 4632,92,1519,434,4304
123: 4538,4740,3185,2117
124: 1933,1783,3827,3775,832
125: 1411,1033,2104,85
126: 2476,3026,2846,3360,3161
127: 3198,399,332,4573,1118,2597
128: 2729,1986,940
129: 2972,1078,3362
130: 
131: 3169,177,1648,2175,511,2817
132: 2534,2195
133: 2612,3861,2259,945
134: 2038,2035,357,568
135: 868,3280,4215,3974,823
136: 1252,2166,467,2925
137: 754,3059
138: 218,1462
139: 
140: 1796,3858,2109,2341
141: 69,2690,1969,675
4559: 4334,1662,1641,4724,4122
143: 4157,3175,1433,3749
144: 456
4702: 315,2237,4737,4915,623,78
146: 1321,3114,4210
147: 4068
148: 2074,4431,4182,409,844
4576: 4655,974,3964,3842,1040,857,4670
150: 4274,2078,354,598,3394
151: 3002,1259,2071
152: 4013,758,192,944
153: 3497,723,4542,956,4637
154: 2141,1876,1371
155: 3251,4388,3801
156: 4420,3682,921,1871,1730
157: 1677,1720,3685
158: 4259,3541,3221,976,3798
159: 337,689
160: 3318,1463,2170,1741
161: 2868,3551,802,2639
162: 2179,2457,1138
163: 2771,3201,2003,3115,2813,2552
164: 1420,1208,4021,4354,2507
165: 4006,3017,3669,1042
166: 1775,2861,3957,4671,784
167: 4710,40,1012,1840,1441
168: 4657,497,4696,3258,285
169: 4013,538,2040
4593: 3604,4496
171: 3856
4744: 892,4517
173: 1600,931,2100,1752
174: 964,1613
175: 4151,72,1330,1087,3747
176: 1538,557
177: 3169,131,4616,1870,933,511
178: 266,4145
179: 2361
180: 537
181: 959,983,2174
182: 214,387,4388,1074,774,2582
183: 2750,1748,3297
184: 3318,873,4508,1881,2170
185: 4430,758
4732: 655,2793,3584,1854,4309
187: 4373,225,1220,635
188: 3486,1218,4440,2677,4751
189: 3405,4567,3328,586
190: 2318,2969,2108,943,618,1952
191: 3129,3049,1147
192: 944,152,4430,925
193: 2254,789,3343,2357
194: 4649,2546,555,2079,3072
195: 718,4454
4521: 
197: 1543,634,3703
198: 1679,962,99
199: 1238,3871,698
4786: 1891,3190,2573,2901,3475
201: 2029,2585,2176,2883,4512,1540
202: 514
203: 1456,2829
204: 2077,257
205: 4464,3032,1093,1177
206: 2594,923,2949
207: 4189,1056,2616,4403
208: 1292
4767: 3336,1194,1695,4014
210: 2488,3996,547,4116,1326
211: 1497,2805
212: 964,349,102,3917,1950
213: 1116,2401,1732,838
214: 182,3233
215: 610,3154,1084,939
216: 2326,437,252,1991,859,2012
217: 1090,3271
218: 138,1462,2292
219: 1477,4427,2193,3595
220: 3560,3090,1701,1838
221: 2408,4112,3766,4665,3910,1380
222: 3840,3686
4618: 1725,2200,2842
224: 3388,1002
225: 1220,3229,187,814
226: 264,1066
227: 3074,1184,408,3663,2751
4780: 4262
229: 2570,4625,2664,927
230: 1837,103,2034,3509,3549
231: 2904,2628
232: 242,2921,4075,4017
233: 
234: 2377,4804,876
235: 2888,1816,1200
236: 3696,1621,592
4520: 3398,1066
238: 855,1148
239: 2115,3930,3314,2547,785
240: 2998,2220
241: 2819,0,492,2461
242: 232,312,2921,4300
243: 1495,3454,2846,2358,3971
244: 4625,297,3164
245: 4736,1658,4132
246: 2051,2608,2496,255,3650
247: 2646,1386,4438,1241,2563
248: 1463,2825,2826,1051,915
249: 631,4435
4581: 2840
251: 1070,3537,1328,4498,2329
252: 216,437,3263,2012
253: 567,3947
254: 276,2654,2353,1255
255: 3650,1883,2047,246,2496
256: 1996,460,1765,3894
257: 2430,2439,204,3832
4693: 544,2767,2864,3687,3649
259: 2390,700
260: 4074,3610
261: 
262: 
263: 840,1569,699,1501,1412,4076,536,1803
264: 226,626,4614
265: 457,4485,4477
266: 178,4145,4288
267: 370,4290,1809
268: 949,2637,1906
4691: 3875,1677,446,1575
270: 3335,936,3410,2337
271: 1926,583,607,3618,384
272: 3416,1390,3803,4700
273: 2631,1924
274: 1611,2741,895,3828,3540
275: 3345,617,1942,2620,852
276: 254,432,1688,2353,905
277: 1826,4729,4511
278: 2915,3451,2736,1189
279: 4137,4288
280: 3106,3616,1082
4612: 
282: 3758,989,4524,1174
4633: 2882,4571,1100,633
284: 349,1009,3347,2316,964
285: 1545,3834,168,497,1003
286: 3713
287: 1785,985
288: 
289: 2941,1927,573,726
290: 1086,2175,1648,3112
291: 
292: 2722,3951,3144,4787
293: 2579,3279,1983,676,2827,2138
294: 4789,1743,1170,1020,3525,2698
295: 2007
296: 1909,963,3861,4679
297: 3612,1136,3156,244
298: 1692,2912
299: 64,340,4242,553,3313
300: 3525,1806,1020
4813: 3256
302: 4720,314,552
303: 1769,888,1315
304: 1738,404
305: 1326,1397,4116,3111,2609
306: 3953,3039
307: 834,3659,71
308: 3769,3811,3214,1526,3333
309: 2963,1937,3799
4608: 1281,1081,1378,1312
311: 3620,3052,2372,1724
312: 242,759,4300
313: 3711,1467
314: 1121,302,1989,2699,552
315: 2237,4702,4737,2319,3956
316: 4766,1150,668,609
4554: 887,1080,846,4258,4083
318: 4136,4692,918
319: 891,1496,4486,446
320: 557
321: 4816,4152,756,2900
322: 1109,1481,3220,3821,1485
323: 3929,674,1771,1044
324: 2402
325: 4539,876,3764,3277
326: 3127,4267,37,3932
327: 1017,4666
328: 651,115
4572: 1478
330: 4092,3463,1666
331: 1263,3540,2227,3790,2905,667
332: 399,127,2597,3674
333: 4316
334: 1999,2089,3170
335: 909,1437
336: 4123,2574,3035,2337
337: 2551,2335,689,159
338: 1413,3138,4455,2670,2990
4657: 168,1795,2974,712,497,3258
340: 2711,952,299,3313
341: 976,3457
342: 1299,2686,744,4033,1708,4756
343: 1014,3159,851,394,1129
344: 3728,2878,904,4209,4381
345: 3055,530,1190,3620,3952
4665: 766,221,2408,1380,1762,4010
347: 2796,2001
348: 3104
349: 284,3749,212,102
350: 2764,941,1940,3180,4065,1212
351: 2891
352: 3833,3359,1178,1330,4151
353: 1258
354: 150,4274,3263,2052,3394,1406
4595: 4355,4491,3443
356: 803,1263,3540,2227,2107,4314,1611
357: 3785,3232,1637,2150,134,568
358: 774,4101,4201
359: 87
4649: 194,555,1425
361: 1923
362: 
363: 1958,1532,2615,791,3252
364: 1464,990,2110,1778,3057
365: 4003,99,3734,2199
366: 1657,3422,2918,4462
367: 3362,587,4757
368: 2737,2657,4208
369: 4170,4143,4414,2471,2942
370: 3096,267
371: 2486,3223,2780
372: 2745,4106,4051,1313,4644
373: 1413,3138,971,3372,4135
374: 542
375: 4602,4371,4476,1189,695
376: 1308
377: 821
4794: 2097,2484,3562,4811
379: 1041,4504,3578,2506
4545: 2976,4104,3327
381: 
382: 4114
383: 996,67,2716,1635,2776
384: 2049,1947,1602,583,271,3618
385: 3071,4471,3252
386: 
387: 182,774,4823
388: 
4718: 2189,2187,4086,2103
390: 1136,2941,2129
4637: 3173,153,4542,4118,956
392: 4396,76,1480,3903,2731
4560: 3061,558,3505,2326,3527
394: 1129,4722,343,851
395: 637,3707,3033,2914,2299,2152
396: 443,2414,694,1910,4798
397: 3207,434
398: 1239,662,4755
399: 3198,332,127,1836,2403
400: 
401: 1890,2569,3765
402: 2510,2191,3088,1647,871
403: 732,3846,4032,2877
404: 1375,304,1738
405: 2192
406: 522,1914,1785,3901,4484
407: 1162,4582
408: 3074,1184,227,3768,4251,3095,1742
409: 1531,946,148,1334,844
410: 4812,4610,1336,735,2435
411: 3681,3977,1046,2967,742,2931,1534
412: 2809,3234,1428,3585,4543
413: 1199,4395,2902
414: 1949,3546,4226
415: 4350,3372,1165,2015,2508
416: 2529,745,847
417: 3102,1145
418: 3077
419: 4492,1850,3200,1822
420: 2606,4192
421: 2140,4010,4285,1974,4686
422: 3524,2955
423: 796,4220
424: 1767,1739,1573,3412,3530,2851
425: 4389,1408,4493
426: 4806,2409,3914,1605
427: 1944,3080,598
428: 2410,2136,4074
429: 1750,1732,2416
430: 1768
431: 3326,4619,872
432: 276,3069
433: 2198,2305,797,4289,2854
434: 4304,397,122,1519
435: 3090,3905,2513
436: 3733,4015,2953,3014
437: 216,2326,252,3263,1406
438: 2213,3657
439: 1229,86,621,3045
4631: 1260,3998,895,2987,1908
441: 
442: 3167,1121,2063,621,2026
443: 396,2414,2149,577,4798
444: 4094,1225,1490,2688
445: 4422,3683,1077
446: 3875,4691,4486,319,766,2562
447: 1001,22
448: 724,6,4191,4779
449: 4645,2348,2790
450: 1946,3234
451: 4640,2958,1990,678,1161
452: 4262
4710: 167,40,4323,3110,4499,1441
454: 2943
455: 755,2778,4738,1885,4021
456: 2990,729,89,144
457: 1383,4206,265,1236
458: 4475,2297,2042
459: 726,4538,3760,2068,3786
460: 256,4464,3032,2242
461: 3723,3750,3195,2664
462: 4281,2491,781
463: 
464: 62,2251
465: 619,1505
466: 1655,1268,1664,643
467: 2166,837,136,2925
468: 4405
469: 3051,1448,4587,1243
470: 
471: 3991,2143,3450
472: 2719,2964
473: 1134,747,3617,2101
474: 4333,4211,1507,1969
475: 1455,673,1980,3955
476: 4405
477: 4737,2393,3856
478: 4002,4769,1952,1146,2969
4725: 4005,528,4548,2241,1985
480: 728,3107
481: 2330,2002,4437
482: 1337,1367
4715: 2808,4347,2418
484: 1069,1856,2908,4623
485: 1492,2440,2159,2775
486: 1178,1875,3885,2205
487: 2120,3985
488: 1163
489: 1166,1941,4397,2792
490: 3919,2782,665
491: 875,1284,4323,1441,3009
492: 241,1882
493: 4733,1145,775,2206,2898
494: 4728,3044,3038,2600
495: 4635,2913,2197,3332
496: 2470,2172,3434,3689,4753
497: 3446,4657,168,1545,285
498: 1941,2033,3331,2792
499: 2335,4202,4137,4669,4800
4538: 123,4740,3760,2068,2872,459
501: 
502: 3502,4687,3576,1729
503: 4138,1992,3877
504: 3987,3357
505: 4292,2324,4516
4602: 375,4371,4476,3784,2131,3432,3780
507: 878,4036,121,4658,581,708
508: 2632,808,1668,1955,1682,1947,1602
509: 872,4437,1056,2330,3326,3978
510: 2797,2461,2422,1374,2171
511: 933,4416,177,131
512: 2428,3570,4460
4544: 673,1180,2419,1522,3822
514: 202,2449
515: 2868,4421,4575,3547
516: 3305,2418,696
517: 3404,1883,1256,2483
518: 2279,3746,1069,2659
519: 3226,1951,799
520: 2577
521: 3347,3653,4823
522: 406,1914,1785
523: 1179,1987
524: 1673,4717
525: 627
526: 
527: 2892,3115,2391,3607,1382
528: 4725,4005,3766,1879
529: 3002,4823,3653
530: 3055,345,1411,2104,3411,1190
531: 107,3379,3020,4351
532: 1450,121,4615
533: 4474,602,650
534: 988,3779,4808,3387
535: 4324,2244,2875,2631
536: 1168,2560,1803,1501,1412,263
537: 180,3773
538: 1332,169
539: 1333
540: 1661,3958
541: 4123,4386
542: 760,374,4069,2160
543: 3984,820,4747,4778
544: 4693,2690,3218,3687
4570: 4177
546: 
547: 3996,1474,210,1649,1326
548: 859,2116,2530,4575,2868,2386,3551
549: 2855,4687,3205
550: 3557,2346,1859
551: 3342,1751,3322,3831,3175
552: 1989,2956,302,4720,314
553: 4242,1080,299,950,3313
4977: 1246,901
555: 194,4649,2626,1425
556: 2709,1835,4768
557: 3668,320,176
558: 1723,3061,4560,2326,1991
559: 3694,1483,3121
560: 4020,1631
4580: 3066
4698: 2171,4796
563: 2222,4822,2232,1829
4724: 1073,4122,4559
565: 
566: 1709
567: 253,3947
568: 3737,357,2150,134
569: 4805,52,2571,3351
570: 3972,2711,4761,4122
571: 2321,3440
572: 3363
573: 726,289,1136,3156,3786
4817: 2994,3569
575: 2977,1513,4236
576: 4457,1106,610
577: 4791,2149,3552,443,4550,4798
578: 4033,1708,1362,2732,2377
579: 4622,3959,4713,2968,4583,2785
580: 2298,2080
581: 4479,3759,4036,507,2714
582: 
583: 2991,1926,271,1551,384,2049
584: 1249,3550,4238,3559,4390,2760
585: 926
586: 189,1240,2249,1354,1788,3087
587: 721,367,4757
588: 98,3456,3272
589: 1274,1233
4783: 1584,1221
591: 2624,4730
592: 236,3696
593: 2478,2021,3136,4640
594: 1050,2940,3630,2700
595: 
4766: 316,1150,4103,609,2520
4648: 4808,3695,3779
598: 3420,427,150
599: 654,3604,3596,1392
600: 3968,1607,2250,979,1325
601: 1464,990,4806,1502,3448
602: 650,2516,533
603: 
604: 2872,2512,3878,1388
605: 2962,3582,2208,2955,2730
606: 3841,4442,2368,3911,3632
607: 2210,271,3618
608: 731,2927
609: 3124,1185,316,4766,668,2520,75
610: 3154,4457,4680,215,576
611: 3301,1594,4313,2065,4816
4795: 3150,2580,2128,2043
613: 2673,1027
614: 1799,3884
615: 1607,4291,916,2091
616: 972,2258,4271,1282
617: 3345,275,1942,3126,2360
618: 943,190,2212
619: 2583,4519,1505,465
620: 1973,4577,3487,3105
621: 2063,1490,442,439
622: 3153,4713,4377
623: 78,4598,4702
624: 4150
625: 2148
626: 4614,3548,264
627: 1323,525
628: 998,2887,2682,841
629: 1357,1117
630: 1823,1843,890,2381,32
631: 4435,249
4764: 986,4467,1768
633: 1949,1100,4633
634: 197,4513
635: 2262,3790,2766,4373,187
4512: 3494,1981,2678,2883,201
637: 3707,395,2299,1536,2565
638: 
4591: 4198,4102,1870,4567
640: 1534,710,1528,1316,671,3314
641: 1623
642: 3348
643: 4588,4357,466,1268
644: 1700,23
645: 4124
646: 16,4319,1141,1127,2500,4027
647: 4064,1436,2707,3884,3336
648: 1687,1792,4409,4481
649: 922,2344,3836
650: 2516,4699,602,533
651: 1582,328,70
652: 877,3777,4390
653: 2698,4789,4490,3530,4492
654: 599,2209,3596,1968,4409
655: 2793,4732,4313,3584
656: 2305,4601,4758,2961
657: 1672,2253
658: 21,3607,4569,3391,3693
659: 
4802: 1140,2259,4497,3861
4789: 1743,294,1170,2698,653,4492
662: 4120,398
663: 1376,1065,2967,2119,2931,710
664: 1745,4303,1646,1293
665: 2312,4458,490
666: 1036
667: 2905,1899,331,3491
668: 879,1153,3820,1150,316,609
669: 1311,1892
670: 2056,3478,1539,2959,3881,1957,3349
671: 1316,640,710,1958,1532
672: 1439
673: 1180,4544,2419,1980,3955,1023,475
674: 3929,323,1521
675: 3012,141
676: 293,3279
677: 1488,2115,3199,3800
678: 1161,451,1990,723
4778: 1987,1055,3984,543
4951: 
4537: 4259,28,3541,3278
682: 4358
683: 4465,4208,4110
684: 
685: 3227,4128,4144,3185,2456,1558
686: 3237,3574
4643: 3259,1588,4438
688: 2277,3065,1767,1739
689: 1300,1610,2551,337,159
690: 4346
691: 4037,4376,3597
692: 1575,3612,1493
693: 3872,1932,813,3026
694: 3815,3522,396,2414,1910
695: 4496,375,4476
696: 516
697: 1916,4605
698: 199
699: 840,263,1569,1803,1090,4596
700: 2390,3498,259
4776: 1331
702: 3355,2256,1262
703: 2355,4020,848
704: 4622,3959
705: 857,3271,1322,91,38
706: 2122,2727
707: 3182,2859
708: 917,507,121,4658
709: 4257,1013,1587,2234,2046
710: 2931,640,1376,663,671
711: 1375,4222,3149
712: 2816,4657,4382,3258
713: 4091,4814,2557,4067
714: 3597,1435,3912,1041,2232
4667: 2072,4384,1431,2528,1031,3479
716: 
717: 3456,4711,3231,3408,98
718: 195,4454,1954
719: 4169,3382,2406
4809: 2421,3712,1683,4647
721: 587,3367,880,855
722: 1855,4305,78,2237,3829
723: 153,3497,1990,4531,678
724: 1626,448
725: 4447,1803,1090
726: 459,573,289,2068,3786
727: 739,1032
728: 480,1309,3243
729: 3287,3191,3138,1722,2990,456
730: 2233,1742
731: 608,2927
732: 4224,403,4444,4032,2501
733: 2552,2892,2836,4218
734: 2764,1940,1247,2480
735: 2435,1336,3589,410
736: 2950,1928,46,4673
737: 2906
738: 4719,2699,2970,2773
739: 727,2359,4196,3109,4165
740: 3364
741: 27,1609,3593,1411,1033
742: 3484,3088,411,1046,1534,2191
743: 4104,1772,2976
744: 342,2686,2757,3558
745: 3740,1924,416
746: 1698,4192,2182,3510,4656,3592
747: 1134,2477,473,3531,111,1471
748: 3269,113,1229
749: 2092,1934,3813,2661
750: 4161,3155,3758
751: 834,4130,3986
752: 1783,3827,4589
753: 3455,3600,3519,2066
754: 3059,4326,137
755: 455,3424,4738,1885,3250
756: 2065,321,3725,3303
757: 1303
758: 4034,152,185
759: 2494,312
760: 542,4069
761: 1798,3504,3427
762: 2846,3360,3902,4568
763: 3683,4379
764: 776,2354
765: 3434,3260,1903,2172
766: 2562,4665,2408,3875,446,4285
4823: 4714,387,529,3002,3653,521
768: 3498
4775: 1898,894
770: 3445,980,1306
771: 94,4506,934,4286
772: 3892,3162,2984,3137
773: 3664
774: 2582,358,182,387
775: 4391,3339,4733,493,1067,2898
776: 2194,2354,764
777: 1914,2295,2246
778: 2957
779: 
780: 
781: 2491,462
782: 2361,1554,4541
783: 1215,4103,4134,4708,3341,3268
784: 1348,1881,1775,166,2825,3609,1051
785: 2021,2547,239,3930,3800
786: 1627,1654,29
787: 2649,3845,2648,3580
788: 1468,827,2413
789: 4094,3240,3343,2357,193
790: 2849,2274,4466
791: 2615,363,3252,2075
792: 3814,1898
793: 2650,4130,3986,1139,2450
794: 2910,2614,815
795: 2781,4150,3236,28,3278
796: 423,1283
797: 3665,2474,433,4289
798: 
799: 47,1834,519,61
800: 
801: 2415,1208
802: 3409,2639,161,1197
803: 356,3244,2227
804: 4225,3189,1452,2633,3399
805: 1530,2585,3448,2676
806: 2564,3656,3070
807: 2867,2294
808: 2632,508,1668,1682,25,2142,4609
4753: 496,2470,1254
810: 4287,966
811: 1685,4006,3017,2301,2430
812: 2668,3662
813: 1932,693,3222,3026
814: 3368,225,2605
815: 3015,1786,2910,794,2614
816: 3492,2213,1388
817: 3475,2248
4763: 2841,1443,3983,1702,2055
819: 1130
820: 543,4820
821: 377
4772: 1025,979,2678,1607,3494
823: 135,3280
824: 995,2917
825: 3128
826: 4276,4440,1684,3262
827: 788
828: 4393,3515
829: 
830: 1867,2603
831: 1536,3107,4470,3772
832: 4589,124,3827,3667
833: 1286,1358
834: 307,751
835: 1004,1964,2223,4745,4497
836: 4216,1801,2296
837: 2166,467,4395
838: 213,2102,110
839: 4462,2918,1970
840: 263,1569,699,2536,4596
841: 2103,628,2887
842: 4240
843: 1494,2540,3377,4590
844: 409,4431,148
845: 2353,905,2421,1255,2224
846: 950,1080,4554,4571,4258
847: 416
848: 1499,703,4020,1631
849: 3599,3634,1548
850: 3572,4255
851: 4673,3159,1665,343,394
852: 3345,275,2620
4661: 2064,3778,1576,4674,2010,1004
854: 3860,4291,1981,1594
855: 1148,721,3367,880,238
856: 
857: 3964,705,1040,3271,91,4576
858: 1321
859: 2116,2012,548,216,1991,2386
4787: 968,292,1556,1074,1461
861: 
4726: 1720,3685,4455,3722,3886,1029
4647: 1683,3231,4809,3712,3296
864: 3618,2210,2533,3803,4700
865: 1520,1058,1516
866: 986,1400,2740
867: 2837
868: 135,3280,1341,2101,3974
869: 3631,1296,3212,2343
870: 1809,2023,2725,3288
871: 1647,2744,2510,2547,402
872: 4437,509,1329,4619,3326,431
873: 184,4508,2362
4529: 3969
875: 1284,3349,491,3478,2442
876: 325,3764,234,2377
877: 2922,652,3777,3855,3374
878: 2642,4036,507,4079,121
879: 1153,668,3820,4130
880: 2294,3367,721,855
881: 2321,2954,3511
882: 4815,3985,4109,4058
883: 1563,2114,2239,1485,1481
884: 3154,4680,2715,2655
885: 4645,43,1409,3467
886: 
887: 4554,3225,3601,1919,4083
888: 2537,16,1141,4027,303
4728: 4139,494,1704,3038
890: 2381,1843,630
891: 4178,1844,1496,319
892: 4744,4517,4477,2985
893: 1525,1729,3532,4379
894: 1076,1740,4775
895: 274,3828,4631,3998
896: 4758,2961,1315
897: 1365,3516
898: 1754,1390,25,80,2142
899: 3491,2564,3647,3656
4555: 
901: 919,1246,4977,2880,4098
902: 4188
903: 1949,4226
904: 3728,2878,344,3088,1647,2744,1174
905: 2353,845,276,949
4590: 1373,1359,843,2035
4781: 3867,4273,2141,1371
908: 1998,2831
909: 335,1437
910: 
911: 4746,3639,1965,2568
912: 2623,3906,4096,1223,3508
913: 2101,3974,3456,2770
914: 1120,1087,3637,1875,1330
915: 2615,248,2826
916: 2091,3312,1325,3968,615,1705
917: 708,3496,4658,2344
918: 992,4029,3444,4692,318,4136
919: 901,2561,1246
920: 3960,1525
921: 3682,1001,1884,2761,1730,156
922: 649,2344,2830,2559
923: 2594,206,2292,4315
924: 3331,4563,4428
925: 192,944,3506
926: 585,4695,3569
927: 1165,2664,229,2570,1060
928: 1402
929: 4389,1408,4604,4097
930: 1069,1856,1836,3198,1118
931: 173,4369,1191,100
932: 1818,1807,1726
933: 1870,511,177
934: 2814,2252,771
935: 4010,1762,1974,3775
936: 2089,2574,3410,270
937: 2256
938: 1006,4770,2030,1026
939: 2697,215,3154,1084
940: 2729,128,4304
941: 2764,350,1018,3097,3180
942: 1917,1170,1020,1230,2558
943: 1651,618,190,2108
944: 192,152,925
945: 4745,2069,2223,2612,133
946: 1531,409,4556,2852,4182
947: 2588,2020,4719,4683
948: 1956,3702,1686,2977
949: 268,905
950: 3313,4239,4761,846,553
951: 
952: 340,2711,2189,2187
4720: 3788,3428,302,552
954: 2596,3854,2334,1486
955: 2367,4500
956: 2553,153,3497,66,4637
957: 16,4319,4468,1302,2537,3458
958: 3325,1022,2857,3667
959: 181,2458,2174,2601
960: 
961: 3215
962: 4048,1119,198
963: 1727,3861,296,4679,4246
964: 174,212,2316,4009,284
965: 975,1008
966: 3239,1630,810
967: 4117,4203,2721
968: 4787,1461,2351
4679: 1547,4246,963,296,2485
970: 3489
971: 3723,3750,4709,1413,373,4135
972: 1232,616,2258,4271
973: 2399,3731,3806,2993
974: 1023,4655,4576,1040,1414,1180
975: 4383,965,1008
976: 341,158,3798
977: 3260,3919,2312
978: 1008,4121,2391
979: 2250,1025,4772,1607,600
980: 1306,770,84
981: 
982: 1389,3078,2692,120
983: 181,3729
984: 2794,2753,3296,4057,3253,2121
985: 114,287
986: 866,1400,4764
987: 3347,3653,3787,1009
988: 3779,534,1964,3387,2223
989: 2230,2241,282,4524,4488
990: 1464,364,601,3817,4806,3057
991: 4606,3224,2814,3838
992: 918,3444,1612
993: 4109,1764,1477,4427,2161
994: 2287,4527,2833
995: 2489,824
996: 383,67,1401
997: 4692,2460
998: 3413,628,2887
999: 3729,2314,109,4385
1000: 4081,3880,1438
1001: 3682,921,3292,447
1002: 224,1030
1003: 4696,285,3834
1004: 2010,835,4661,1576
1005: 2652,4091
1006: 938,4677,1744
1007: 2661
1008: 3139,978,3607,975,965,2037
1009: 284,3347,987,4685
1010: 3199,3071,4049
1011: 2678,1464,2110,1530
1012: 167,40,2672,4723,1840
1013: 1828,2234,709
1014: 343,4171,3159,2006
1015: 
1016: 4457,2760,3534,3559,2133
1017: 327
1018: 2609,1961,3882,2764,941
1019: 1919,1995,4803
1020: 1917,1170,942,1806,300,3525,294
1021: 1798
1022: 958,1879,1933
1023: 4655,974,673,1180,3955
1024: 2339,4363,3458
1025: 3073,2250,979,4772,2218,2110
1026: 2030,938
1027: 613,1478
1028: 3681,3977
1029: 3886,4726
1030: 1002
1031: 2464,1324,2528,2858,4667,1431
1032: 3487,4165,727,2865
1033: 1411,125,85,1609,741
1034: 4375,3873,4369,4272,1752
1035: 
1036: 666
1037: 3162
4785: 
1039: 1126,4624
1040: 857,91,1414,974,4576
1041: 379,714,4504,3946
1042: 2568,1851,4746,4214,165
1043: 86,1149
1044: 1771,3152,1897,3929,323,3587,3130
1045: 2248,4701,3545,3085
1046: 411,3681,3977,3484,742
1047: 3082,3275,3835
1048: 3063,4662,4579,94
4527: 994
1050: 2217,594,1939,2800
1051: 1205,2795,784,1775,2825,248
1052: 1273,4441,2725
1053: 2008,3963,1344
1054: 3711,1500,4654
1055: 4778,1430,1135,3984,4650
1056: 509,2330,2616,207
4748: 3615,2735,1791
1058: 4161,4399,1520,865,1516
1059: 33,2120,3985,1164,3018
1060: 2015,38,2570,1275,927
1061: 
1062: 3545,3956,4701,1806
1063: 2955,2730,4207
1064: 37,4294,4267
1065: 1376,663,2119,1205,2795,2702
1066: 1133,4520,226
1067: 2374,3623,3339,775,3670,2898
4596: 1090,3512,840,699
1069: 930,484,518,2181,2659
1070: 251,3537,2869,1328,1786,2432
1071: 4348,2768
1072: 3338,4721,3836,1529
1073: 4724
1074: 1556,3251,4388,4787,182,2582
1075: 
1076: 1740,894,3608,2071
1077: 445,1391,3615
1078: 2624,2622,2972,129
1079: 4329,1721,3935
1080: 4242,553,846,4554
1081: 1281,4608,1318,4530
1082: 280,3838,2269
1083: 2368,4142,3911
1084: 1516,1319,215,939
1085: 3441
1086: 290,1780,2098,3657
1087: 3982,914,3747,1330,4151,175
4566: 4011
1089: 3511,1931
1090: 4596,217,3512,1803,699,725
1091: 1095,2342,3377,2225
1092: 2207,4796,1374,4697,1369
1093: 2798,2169,1177,205
1094: 1444,3030,3671
1095: 2342,1091,2995,4009
1096: 4515,1425,4348
1097: 2328,2595,3872
1098: 
4705: 4038,1562
1100: 4571,4258,4633,1713,633
1101: 3725,4061,2793,3655
1102: 
1103: 2437,2493,2603,2048
1104: 3886,1119
1105: 1589,1820
1106: 4457,1418,3480,576
1107: 2973
1108: 4600,3826,4621,1511,1670
1109: 1481,2109,322,3117,3220,3859
1110: 4696
1111: 
4716: 2587,2445,3062,1182
1113: 1867,2981,2641,3461,4557,2581
4562: 2804,4773,2608,1967
1115: 94,4506,1754,3573,4662
1116: 213,1732
1117: 2413,1357,629
1118: 1750,4573,930,2181,3198,127
1119: 1104,962
1120: 3982,914,3637,2155,1216
1121: 314,3167,1579,442,3369,2026
1122: 4820
1123: 2581,1550,34,2641,3603
1124: 2684
1125: 1924,4250,1669,3740
1126: 4095,3147,4804,1039
1127: 2500,646,1506,3493
1128: 2658,2145
1129: 3808,394,343,4148
1130: 819
1131: 4120,3743,1363,1239
1132: 1782,3402
1133: 1066,1696
1134: 747,473,2770,3531,1471
1135: 61,1055,4650
1136: 390,297,3156,573
1137: 2821,4410,2147,2935
1138: 162
1139: 2650,793,2450,4158
1140: 4802,103,2034,1976,3255
1141: 16,4319,646,2537,888,4027
1142: 3627,2679,3999,1370,2978
1143: 
1144: 4425,1889,2139
1145: 493,417,3102,2206,2426
1146: 4002,478,2969,3976,2695
1147: 191,3049
1148: 855,238,3627
1149: 3045,4362,1043,86
1150: 1918,3820,316,4766,668
1151: 4190,3381,3752,2196
1152: 1726,3960
1153: 879,668,3124,4158,2097
1154: 2343,3631,3041
1155: 2893,1491,3577,2877,3228
1156: 3539,1653,2594,3006,3859
1157: 3193,2848,59,1196,76
1158: 2281,4146,1663
1159: 
1160: 3634,3862,3356
1161: 678,3042,451,2958,4534,2572
1162: 4582,2384,407
1163: 488,4353
1164: 4139,3018,12,4815,2158,3985,1059
1165: 2664,927,3750,415,4135
1166: 4162,489,3312,4172
1167: 1312,4166
1168: 2560,536,1803,4447,2061
1169: 1551,2049,1947,3216,1955
1170: 1917,942,1020,2698,2558,4789,294
1171: 4460
4811: 1905,2816,2099,4794,3562,1975
1173: 
1174: 4524,3476,3728,904,282,2744
1175: 52,3646,1372
4575: 2530,548,2868,515,3551
1177: 4672,1093,205,3032
1178: 1875,486,2132,3359,352
1179: 90,523,3189,1454
1180: 673,4544,1023,974,3822
1181: 4629,4213,3294
1182: 3684,2587,4716,2765
4686: 3722,2140,421,4125,1974
1184: 3074,227,408,3095,2635
1185: 609,3124,1223,2520,75
1186: 3254,3590
1187: 4467,2081
4730: 2624,2622,3776,591
1189: 4496,2736,278,3451,375
1190: 3620,1411,1609,530,345
1191: 4369,4071,4536,100,931
1192: 37,2778,4738
4511: 4105,1826,277
1194: 3336,4767,2859
1195: 3833,3359,1793
1196: 1661,2848,1157
1197: 2086,802
1198: 3405,4567,4238,4198
1199: 413,4395,2902
1200: 1265,2056,1539,4100,235
1201: 3589,1560,2814
1202: 2596,2803,3854,2543
1203: 4175,3552,1313,2745,2370
1204: 1554,4541,1603,4361
1205: 2826,2795,1051,2702,1065
1206: 2514,2756,1906,2637
4624: 1220,1039
1208: 164,4354,801,2507
1209: 2704,1810,3851
1210: 4016,3356
1211: 1479,2208,2962
1212: 350,4065
1213: 1426,2255
1214: 1900,1580
1215: 783,4103,3940,2520
1216: 3298,2155,1120
1217: 2791,4425
1218: 3486,188,1874,2889,2523
1219: 3934,3808,4722,3819
1220: 225,4624,4553,187
1221: 4404,4783
1222: 4145,2916
1223: 4096,1185,3158,75,2623,912
1224: 3239,3853
1225: 444,1490,2688
1226: 3641,3948,4707,4224,4444
4810: 
1228: 4533,1948,3068,4303,4047,1293
1229: 86,439,113,748
1230: 2788,942,1597,2558
1231: 3409,3931,3944
1232: 972,4756
1233: 589,4513
1234: 4183,1243,3144
1235: 2693,67,2590
1236: 3719,457
1237: 
1238: 199,3871
1239: 398,3761,1131
1240: 2715,3405,586,2655,2249
1241: 1780,2563,247,2646
1242: 2221,3616
1243: 1234,3144,469
1244: 
1245: 3916,1735,1910,4260
1246: 4977,3580,3036,919,901
1247: 2480,4360,734
1248: 2183
1249: 584,4390
1250: 3235,2343
1251: 2235,2870,2631
1252: 1634,136,3039,4257
1253: 3625,2372,1724,3952,3716
1254: 3719,2470,4753,4760
1255: 2421,4469,254,2654,2353,845
1256: 2483,1851,2378,517
1257: 1705,3485,1869,2135,4078
1258: 353
1259: 151,3002,2071
1260: 4631,3998,1978,1908,2124
1261: 3424,4030,3298
1262: 1789,702,1432,4185
1263: 3540,331,2227,356,1611
1264: 4146
1265: 2056,3478,1200,2137
1266: 1522,3822,4350,1722,2508,3287
1267: 4490,3412,3108,3379
1268: 1655,466,643,4494
1269: 
1270: 1638
1271: 2276
1272: 2853,1395,4740,3227
1273: 1052,3096
1274: 589
1275: 1322,2871,2570,38,1060
1276: 2819,3335,4617,3163
1277: 2788,1745,2640,1646
1278: 1868
1279: 1410,3658,1971,4949,2782,4458
1280: 3295
1281: 1081,4608,4392,1770
1282: 616
1283: 796
1284: 875,3349,491,4323,3881,1441
1285: 3103,2278,3063,4579
1286: 833,1358
1287: 4011,4317,4361
1288: 4426,2937,2224
1289: 3350,3468,1706,4663,3358,4703
1290: 1468,3950,1833
1291: 3189,2333,1454
1292: 1830,208
1293: 4303,664,1228,3068
1294: 3121,3564
1295: 4671,2635,2986,2861,1618
1296: 869,3631,3212,2992
1297: 3460,3537,4298
1298: 3235,3212
1299: 342,2686,4403
1300: 689,1610,2159,2626,2551
1301: 3254,3671
1302: 4468,16,4319,957,2500
1303: 1975,757,2781
1304: 1868,3647,2740
4737: 4915,477,2393,315,4702
1306: 980,770,3739
1307: 2277,4149,3727,3323,4805
1308: 376,3741
1309: 3243,2662,728
1310: 1533,4309,3655,2793,3553
1311: 669,1892,4405
1312: 3893,3181,4608,1167
1313: 4051,2745,372,4175,1203
1314: 3602,3140
1315: 4668,4072,896,303,4758
1316: 671,640,2115,3314
1317: 3992
1318: 3802,2123,2685,3988,1081
1319: 1084,1516,2495,4161,1985
1320: 1523,3122,1963
1321: 858,146,4210
1322: 1275,2061,38,705
1323: 627,2463
1324: 2464,3706,1031
1325: 1398,3968,600,1705,916
1326: 305,210,547,4116
1327: 4578,4078,3485,3079,2272
1328: 4498,2869,1070,251
1329: 2002,4619,872,4437
1330: 1087,914,352,4151,175
1331: 3008,4776
1332: 538,4013
1333: 539
1334: 1531,409
1335: 3652
1336: 39,4510,410,735
1337: 3921,4550,4791,2441,482
1338: 1811,3406
1339: 1791,3772
1340: 2746,2575
1341: 868,3280,3617,4209,4381,2164
1342: 2633,3046,4053,1559
4672: 1177,2046,1828
1344: 1053,3963
1345: 3900,3847
1346: 3910,1380,1762,1879,1933
1347: 
1348: 784,3957,2895,3818,1881,3609
1349: 4000
4558: 2483,1377,4754,3523,4707
1351: 4201,2995
1352: 4611,3831,1740,3787,3922
1353: 3837
1354: 1788,3087,586
1355: 
1356: 
1357: 629,1117
1358: 1286,833
1359: 1373,4590,2038,2035,3420,4801
1360: 1700,2220,3029
4565: 3661,1852
1362: 4582,4033,578
1363: 3383,2400,3114,1131,3743
1364: 
1365: 897
4571: 4258,1100,4239,846,4633,2882
1367: 1915,2441,482
1368: 1566,3352,2679
1369: 1484,4697,4212,2723,1092
1370: 3999,1142,3308
1371: 4781,2141,154
1372: 1632,72,4235,1175
1373: 4590,1359,3080,3420
1374: 1092,4796,4697,510
1375: 711,4222,1738,4050,404
1376: 663,1065,2702,710,1532
1377: 4558,4707
1378: 4241,2039,3988,4608
1379: 
1380: 3910,1346,1762,221,2408,4665
4759: 1723,3061,2466,2639,3132
1382: 4569,527,2892,4218
1383: 457,4206,1903,1848,2043
1384: 1429,2911,4251,2329
1385: 2565
1386: 1822,4055,1588,4438,2563,247
1387: 
1388: 604,2872,2512,816,2068
1389: 982,2692,2809,4543,2617
1390: 3416,272,80,3565,898
1391: 3615,1077,3082,2811,2118
1392: 4494,3604,599
4644: 4051,1511,1498,4600,372
1394: 4030,3250,1895,101,2543
1395: 2853,1272,3164,4625
1396: 3413,4742,3543
1397: 4116,3849,305,3513
1398: 1325,3626,1705,1869
1399: 2031,1698,4192,3586
1400: 986,866,2404
1401: 3455,996
1402: 928
1403: 
1404: 3565,1578,1545,1560
1405: 4041,3533,3883,2864
1406: 4682,3263,4274,354,437
1407: 4306,3593,1643,3905,2752,1601
1408: 4389,929,425,4604,1579
1409: 885
1410: 1279,3658,3119
1411: 1033,125,2104,1609,741,530,1190
1412: 1501,3603,4076,2627,536,263
1413: 373,338,971,4709,1720,4455
1414: 2508,91,1040,974
1415: 4666
1416: 2862
1417: 1699,3435
1418: 3640,3480,4308,4002,4769,1106
1419: 1841,2455,4462
1420: 164,4021,37,2778,4354
1421: 2060
1422: 2366,88,2485,1878,2519,2896
1423: 3709,3951,2126,1886
1424: 3933,4464,4173
1425: 4649,555,1096
1426: 1213,2060
1427: 
1428: 3880,412,3585,4543
1429: 1384,2114,2239,4498,2911,2329
1430: 1951,90,1055
1431: 4667,1031,3479,2364
1432: 4185,3358,1262
1433: 143,3749,102
1434: 3084,3577,2439
1435: 3597,714,2222
1436: 4064,3365,1591,647
1437: 335,909
1438: 2776,2590,1635,4081,1000
1439: 672
4708: 3649,3341,3268,2566,3513,783
1441: 4323,167,4710,1284,491
1442: 
1443: 4763,2841,15,3630,2055,2940
1444: 1094,2718,4454
1445: 2019,4015
4749: 
1447: 4045,3591,3211,1521
1448: 469,4049,3051,1888,4587,2028
1449: 2553,3623
1450: 532,121,4615
1451: 3539,2076,3526,2647
1452: 51,2876,4053,2633,4225,804
4615: 3181,3763,1450,532
1454: 2333,1951,1291,1179,90
1455: 475,2229,3955
1456: 203,2829
1457: 2084,4186,4556
1458: 4070,4330,1593,2752,1701
4599: 3244,1735,2766
4685: 3922,3787,1009,3749
1461: 2351,4101,968,4787,2582
1462: 138,218,3511
1463: 2825,248,3609,2170,160
1464: 990,2110,364,601,3448,1011,1530
1465: 2820,3877,4041,3571
1466: 4400
1467: 313,3711
1468: 1290,788,2413
1469: 3645,3917,4284
1470: 2156,4292
1471: 111,3531,3640,1134,747
1472: 4314
1473: 
1474: 547,1649,1841
1475: 1844,3087,3230,3962,4178
1476: 4524,3136,3476,4488,2280
1477: 219,4427,993,1764
1478: 4572,1027
1479: 2526,1840,1211
1480: 3903,1994,392,2731
1481: 1109,2109,322,883,2114,1796
1482: 4342
1483: 3121,559,4607
1484: 4697,1882,1369,4212
1485: 3821,3081,322,883
1486: 2334,954
1487: 2550
1488: 677,1622,2028
1489: 3340,2429,4699
1490: 621,2688,1514,444,1225
1491: 2893,4628,1155
1492: 485,2159,4202
1493: 3612,692
1494: 2540,843,3232
1495: 2913,3454,243,3971,4234
1496: 3171,4486,4193,891,4228,319
1497: 211,1920
1498: 1511,3047,3911,4051,4644
1499: 848,3418,3823
1500: 3711,1054,4654,4340
1501: 2456,1412,1558,3603,536,263
1502: 4584,3448,4806,2336,601
1503: 4339,1747,3488
1504: 4349
1505: 619,465
1506: 3493,1127
1507: 1969,474,2078
1508: 2044,3825
4723: 4222,3149,1840,2672,1012
4653: 3954,1761
1511: 1498,4600,3826,1108,4644
1512: 2675,4681,3517
1513: 1686,575,2977,4236
1514: 2688,4443,2665,1490,3045
1515: 4284,2012
1516: 1084,1319,865,4161,1058
1517: 1835,1824,4768,2993
4568: 762,3902
1519: 3751,122,2984,434
1520: 111,865,1058,4399
1521: 3211,1447,674
1522: 1266,3822,4544,2024
1523: 1320,2367
1524: 3691,4526,2310
1525: 893,1729,3960,3157,920
1526: 4073,4752,1676,3214,308
1527: 3635,4080
1528: 2510,2191,2547,1534,640,3314
1529: 4197,1072,4721
1530: 805,2585,2883,1464,3448,2678,1011
1531: 409,946,2852,1334
1532: 1958,363,2702,1376,2615,671
1533: 1310,3655,85
1534: 2931,640,411,742,2191,1528
4820: 4311,1122,820
1536: 831,2914,2299,637
1537: 3739
1538: 176
1539: 4518,2959,3979,4100,2056,1200,670
1540: 3621,2186,2176,3605,201
1541: 4312,1550,2125
4518: 2636,1539,2959,3499,3979,4551
1543: 197
1544: 
1545: 285,3834,497,1578,1404
4510: 39,1336
1547: 4679,4246,88,2485
1548: 2388,849,3334,3720
1549: 4630
1550: 1123,2559,1541
1551: 2049,1169,2991,583,3216,4442
1552: 4181,2387,3320
1553: 2575,2779
1554: 1204,4541,782,2844
1555: 2291,4234,2231,4635
1556: 1074,4183,3144,3251,4787
4586: 2298
1558: 1501,2456,3603,34,4144,685
1559: 2903,3914,1342,2409
1560: 3834,1404,1201
1561: 4156
1562: 3438,3054,100,1619,4705
1563: 883,2239,3081,4434,4426
1564: 2522,2269,3208,2602,4200
1565: 
1566: 1368,2679,4782
1567: 3771,1706,3109,4165,4663
1568: 
1569: 840,263,699,4076,2536
1570: 2953,3014,4394
1571: 3030
1572: 
1573: 1597,3083,1767,424
1574: 
1575: 692,4691
1576: 4661,3778,1004,4497
1577: 3500,2771,3706,2669,2813
1578: 3416,3446,1545,1404,3565
1579: 3167,3369,4604,1408,4155,1121
1580: 1900,1214
4543: 3585,2617,1428,2809,412,1389
1582: 651,4411
1583: 2266,9,2280
1584: 2838,3429,4783
1585: 2891
1586: 
1587: 2469,2234,3953,4257,709,3039
1588: 3259,4438,4643,3470,18,4055,1386
1589: 1820,1105
1590: 3423,4052,3889
1591: 3365,1436,1756,2630
1592: 2174,2601,4389,4493
1593: 1458,4070,1701,1838,3520
1594: 3301,611,2029,854,3860,4313
1595: 3795,3531,3976,4308
1596: 
1597: 1573,1230,2558,3083
1598: 1775,2861,2119,1618,2795
1599: 2090,2193,4660
1600: 173,2100,2062
1601: 27,1407,3593,2752,4330
1602: 384,1947,508,1682
1603: 4361,1204,2844
1604: 4147,4228,2549,4574,2697,4140
1605: 3914,426
4539: 325,3764,2809,3234
1607: 3968,615,600,979,4772
1608: 3016,3323,3370
1609: 27,741,3593,1411,1033,1190
1610: 1300,689
1611: 274,356,1263,3540,2107,2315
1612: 4445,4017,4075,992
1613: 2989,4046,2342,174
1614: 
1615: 
4610: 4812,410
1617: 3196,3700
1618: 2866,2119,1295,1598,2861
1619: 1738,3054,1562
4553: 3229,3277,1220
1621: 3226,236,1834
1622: 2028,5,1488,3754,3202
1623: 3094,641
1624: 2557,3147
1625: 
1626: 724
1627: 786
1628: 3720,3334,2625
1629: 3272,4215,1642
1630: 966
1631: 560,4020,848,2202
1632: 3869,1372,3747
1633: 3020,2851,3855,3374
1634: 1252,4257,3724,2925,2939
1635: 3880,383,1438,2776
1636: 4563,1854,3316
1637: 2750,2150,81,2926,357,3785
1638: 3980,4174,3419,1270
1639: 4039,2881,1994,2182,3510
1640: 2796,2658
1641: 4217,4603,1763,4334,4559
1642: 1629
1643: 1407,4306,54,3905
1644: 
1645: 
1646: 1745,664,1277
1647: 871,3088,2878,904,2510,402
1648: 131,2175,290,2817
1649: 1841,547,1474,4526
1650: 3692,3823
1651: 943,3777
1652: 
1653: 1846,3539,1156,2594
1654: 2093,29,786
1655: 466,1268,4180,2215
4671: 1295,2635,2751,3710,2861,166
1657: 3422,2918,366,4634,1970
1658: 4092,245,3238,4132
4629: 1181,3294
4556: 2084,1457,2852,3449,946
1661: 540,1196
1662: 4334,4559
1663: 4146,1158
1664: 466
1665: 3159,2006,851,4673
1666: 3463,330
1667: 3605,2676,4747,1777
1668: 2632,508,808,1955,3064,4609
1669: 1125
1670: 1687,1108,4621
4700: 3803,864,272
1672: 657,3077
1673: 524
4589: 832,3827,752
1675: 2340,3654,3342,2057
1676: 3525,1526,4073,2850,1743,3214
1677: 3875,4691,157
1678: 3316,4414,3019,3981
1679: 198,1993,2199
1680: 4097,1773,4385
1681: 
1682: 508,808,1602,25
1683: 2749,4711,3231,4647,4809
1684: 2919,2420,110,826,3262
1685: 811,3017,2443
1686: 1513,3702,948,2977
1687: 648,1792,1670
1688: 2756,2246,1906,276
1689: 3322,2985,1751
1690: 
1691: 
1692: 298
1693: 4415,3544
4617: 4093,3335,1276,3163
1695: 3744,4767
1696: 4688,2066,1133
1697: 4403,4297,4189
1698: 2031,1399,746,4192,4656,2459
1699: 3375,3435,3352,1417
1700: 2220,1360,3029,644
1701: 3090,2752,220,1458,1593
1702: 4169,3983,4763,2706,2055
1703: 3295
1704: 4752,4139,4728,3018
1705: 1257,1325,1398,916
1706: 1567,3771,4252,3350,1289,4663
1707: 3435,2274,4466
1708: 4033,578,4756,342
1709: 566,1768
1710: 4124
1711: 3269,113,4155,4604,4097
1712: 4542,4118,2857,3667,4391
1713: 4083,4258,1100
1714: 3261
1715: 2697,2070
1716: 2815,2806
4774: 
1718: 4630,2025,4436
1719: 2824,3848
1720: 4726,3685,4455,157,1413
1721: 4329,1079,2416,2919
1722: 4350,3372,3138,729,3287,1266
1723: 3061,558,4759,1991,2466,2386
1724: 2372,1253,3620,311,3952
1725: 4618
1726: 1152,932,1807
1727: 2612,963,3802,2123,4246
4579: 3063,1048,4662,1285
1729: 1525,893,502
1730: 2528,1884,2761,921,156
4516: 2324,505
1732: 1750,213,1116,429
4712: 3350,3468,3395,3178
1734: 54,3303,2465
1735: 3916,1245,1845,4599
1736: 3870,2937,3891
1737: 3675,2451,3967,3300
1738: 304,1619,1375,404
1739: 1767,424,688,2851
1740: 1076,894,3608,1352
1741: 2831,3366,41,3318,160
1742: 3768,730,408
1743: 4789,2850,294,1676,3525
1744: 2855,1006
1745: 2254,664,2640,1646,1277
1746: 2016
1747: 1503,4339
1748: 1992,3556,3677,183,3297
4584: 1502,2336,1777,2676
1750: 4573,1732,1118,429
1751: 3342,551,1689,3322
1752: 2350,3715,1034,4375,173,2100
1753: 
1754: 898,80,3573,4506,1115
1755: 
1756: 1591,2630
1757: 4085,4322,2610
1758: 2260,1814
4670: 2113,2229,2327,3690,4655,4576
1760: 2909,4287
1761: 2976,4653
1762: 1346,1380,4665,4010,935,3775
1763: 4217,1641,2427
1764: 4109,993,1477
1765: 256,3894
1766: 1962,2184,3457
1767: 1739,424,1573,3065,688
1768: 4467,430,1709,4764
1769: 4027,303,3493,3801,4668
1770: 3893,2613,1281,4063
1771: 3152,1044,4808,323
1772: 3965,70,743
1773: 1680,4097
1774: 
1775: 1598,2861,166,784,2795,1051
1776: 3805
1777: 4747,4584,1667,2676
1778: 2218,3057,364
1779: 3393,1874,3693,4263,4440,3486
1780: 1241,2098,2545,1086
1781: 65
1782: 3402,1997,1132
1783: 4125,3827,3775,124,752
4623: 4375,1836,3714,1856,484
1785: 287,3901,522,406
1786: 3015,2432,815,2869,1070
1787: 
1788: 1354,4193,3087,586,2549,2249
1789: 1262,4185,4773
1790: 106,1900,3075
1791: 1339,4748
1792: 648,1687,4409,2209,3826
1793: 4424,3833,1195,4141,3176
1794: 2758,3524
1795: 4657,2974,3906
1796: 140,1481,2109,2114
1797: 3729,4735
1798: 2805,761,3504,3427,1021
1799: 614,2503,2226
1800: 
1801: 2845,2468,2296,836
1802: 2472,2395,2682,4045,3266
1803: 1168,2560,536,263,699,725,4447,1090
4678: 3855,3777
1805: 2352,3040
1806: 1062,1917,1020,300
1807: 932,1726
1808: 2201,2445,3043
1809: 870,4290,2023,3288,267
1810: 2295,2514,4484,1914,1209,2704
1811: 1338,2884
4680: 2133,2928,2715,884,610
4641: 
1814: 2260,1758,3865,2975
1815: 4656,3592,2459,57
1816: 3284,2888,235
1817: 
1818: 932,2943
1819: 3333,3470,18,2600,3601
1820: 1589,1105
1821: 
1822: 4055,1842,1386,419,2563
1823: 630,32,2513
1824: 3762,1517
1825: 
1826: 277,4729,4511
1827: 4412
1828: 1013,4672,2046
1829: 4822,563,3548
1830: 1292,2260
1831: 3927
1832: 
1833: 3950,3804,1290
1834: 47,799,1621
1835: 3806,1517,556,4768
1836: 4623,4375,1856,930,2403,3715,399
1837: 103,230,3549,3255,4001
1838: 3067,3560,220,1593,4407,3520
1839: 4104,2933
1840: 4723,167,1012,1479
1841: 1649,1419,1474
1842: 1822,3794,2563
1843: 2634,890,32,630
1844: 1475,3087,4178,891
1845: 2219,4095,3916,1735
1846: 1653,2755,60,3539
1847: 
1848: 1383,1903,97,2621
4534: 2958,1161,3042,1864
1850: 3769,3200,3811,3470,419,4055
1851: 2568,1042,2378,1256
1852: 3837,4565,3661
1853: 3037,2888,2540
1854: 1636,3584,4732,4309
1855: 722,2237,3956
1856: 930,484,4623,4375,1836
4773: 4562,2804,1789,2608
1858: 4244,3810,2190
1859: 550,2652,2346,2384
1860: 2318,2108,3646,2629,4187
4530: 4392,2519,88,1081
1862: 2298,2572,3042,1864,3888,3310
1863: 2002,3832,2207
1864: 3754,3888,4534,3042,1862
1865: 4194,4335
1866: 1938
1867: 2981,830,1113
1868: 1304,1278,2605
1869: 1257,2660,3626,1398,2135,4078
1870: 933,4591,177,3328
1871: 2135,4078,3471,3682,4420,156
1872: 4564,4283,3125,3196
1873: 3824,2375
1874: 1779,3393,2889,3486,1218,2523
1875: 1178,486,3637,914
1876: 4807,2141,154
1877: 
1878: 4392,2519,1422,2366,3417,2896
1879: 528,3910,1346,1022
1880: 4682
1881: 3818,4508,1348,784,184,3609,2170
1882: 1484,4697,492
1883: 1965,2047,255,517
1884: 2761,1730,921
1885: 4738,755,455
1886: 2126,3310,1423
1887: 
1888: 3199,4049,1448,2028
1889: 1144,4425,3276,2791
1890: 401,4404,2569
1891: 3190,4786,3926,2874
1892: 3213,4113,1311,669
4677: 1006
1894: 3651,2417,4731
1895: 3250,1394,4362
4743: 2518,3753,2264,4275,4807
1897: 3152,1044,4054,3587,3130
1898: 3814,4775,792
1899: 2905,667,2605,3647
1900: 1214,3075,1790,1580
1901: 3434,3205
1902: 2200,3183,4819,4642,3165
1903: 1383,4206,1848,3260,765
1904: 3976,2121,3408,4406,3795
1905: 2816,4811,3158,3562,2623,2974
1906: 1688,2756,1206,268,2637
1907: 2011,4514,4729
1908: 1920,1978,2987,4631,1260
1909: 1976,296,19
1910: 3916,1245,694,396
1911: 4342
1912: 4688,4037
1913: 
1914: 522,406,4484,777,2295,1810
1915: 1367,2441,2304,3000
1916: 697,2768,2415,1982
1917: 1170,942,1020,1806
1918: 3820,71,1150,3012
1919: 1019,887,3225,3259,1995,4083
1920: 1978,1908,1497
1921: 2965
1922: 4352,4166,4197,4721,4394
1923: 361
1924: 1125,273,745,3740
1925: 1967,3536,4821
1926: 2991,583,271
1927: 2311,3492,289,2941
1928: 736,2950
1929: 3459
1930: 
1931: 2614,1089,3168,2944
1932: 2190,813,3872,693
1933: 4398,124,1346,1022,3775
1934: 2092,749,2027,2661
1935: 4157,3135,2754
1936: 2666
1937: 2880,3304,3782,309,2963
1938: 4706,1866
1939: 1050,2940,3931,15,2930,2800
1940: 2764,734,350,2373,4065
1941: 2033,498,489,4397,2792
1942: 617,275,1962,2184,3126
1943: 2545,2178,4416
1944: 427,2052,3394
4799: 3168,2944,3472
1946: 2732,450,3764,3234
1947: 384,2049,1169,1602,508,1955
1948: 1228,4533,3068,2334
1949: 633,3759,903,414,4226
1950: 3917,2017,65,212
1951: 2333,1430,1454,90,519
1952: 478,4769,2969,190,2212
1953: 3676,2999,2548,4523
1954: 115,718,2515
1955: 508,1668,1947,1169
1956: 3944,948
1957: 3881,3110,3781,2636,2959,670
1958: 1532,363,671
4949: 4458,1279,1971
1960: 
1961: 1018,2609,2130,3111,2764
1962: 2184,1766,1942
1963: 1320,3459,4281
1964: 2010,835,3302,988
1965: 1883,2047,911
1966: 
1967: 1925,4562,2804
1968: 3432,3596,4481,3780,654,4409
1969: 1507,3659,474,141
1970: 4634,2736,839,1657,2918
1971: 3245,3658,2863,1279,4949
1972: 3582,2208,3009,2442,3436
1973: 26,620,4577
1974: 4125,935,421,4686
1975: 1303,4811,2099
1976: 1909,1140,3255,4819
1977: 2875
1978: 1920,1908,1260,2124,3007
1979: 
1980: 673,2419,475,2279,2823
1981: 3494,4291,4512,2029,854
1982: 1916,3447
1983: 2579,293,3305
1984: 3939,4294,4267
1985: 4548,2230,1319,2495,4725
1986: 2729,128
1987: 4778,523,4747
1988: 3118
1989: 2956,2699,552,314
1990: 9,4531,2280,451,678,723
1991: 216,2326,859,2386,1723,558
1992: 1748,3677,3877,503
1993: 1679,89,4536,4071
1994: 1480,2881,1639,4039
1995: 4083,1919,1019
1996: 256
1997: 4404,1782
1998: 908,2075
1999: 3267,334,3732,3048
2000: 3876
2001: 3532,347
2002: 1863,1329,481
2003: 3479,3201,2364,2771,163
2004: 3714,3191,89,4272,3873
2005: 3034,4439,3366,3744,2369
2006: 3159,1665,2524,4171,1014
2007: 295
2008: 1053,4124
2009: 2663,3679,2704,3566
2010: 1004,1964,3317,4661
2011: 1907,4514,3384,2728
2012: 859,2116,1515,216,252
4805: 569,2277,2724,1307
2014: 4654,2595
2015: 91,38,1060,415
2016: 1746,2643
2017: 3917,1950,65
2018: 2286
2019: 1445,2497,3066,4188
2020: 2956,4719,947
2021: 2478,593,785,3930,3800
2022: 
2023: 870,1809,3288
2024: 2908,2535,1522
2025: 4436,4419,1718
2026: 2773,442,1121
2027: 2092,1934,2777
2028: 4587,1622,5,1888,1488,1448
2029: 201,1981,3301,1594
2030: 3245,3915,1026,938,4770
2031: 1399,1698,2459,4042
2032: 3554,3072
2033: 1941,498,3706
2034: 103,230,3509,1140,3255
2035: 2038,134,4590,1359,4801
2036: 
2037: 21,1008,3607,2401
2038: 134,2035,1359,4333,4801
2039: 4241,3181,1378,3763
2040: 169
4528: 
2042: 2719,458,4475
2043: 4795,1383
2044: 2746,1508,3825,3186
2045: 
2046: 4672,4160,1828,709
2047: 1965,1883,255
2048: 2603,1103,2213
2049: 1551,384,1947,1169,583,3216
2050: 4793
2051: 246,2608,2496,2812
2052: 3263,3394,1944,354
4935: 4178
2054: 
2055: 2706,3630,4763,1443,1702
2056: 1265,3478,1200,670,1539
2057: 4797,3654,2340,1675
2058: 
2059: 
2060: 1421,3086,74,1426
2061: 4447,20,1168,1322
2062: 4038,1600,2100,2350
2063: 621,2644,3167,442
2064: 4661,3778,4674,2317
2065: 4816,756,611
2066: 1696,3455,753
2067: 3789
2068: 4538,2872,1388,459,726
2069: 3387,4054,2223,4745,945
2070: 4140,1715,4147,4005,3975
2071: 151,1259,1076,3608
2072: 4667,4384,2607,2528,2245,2347
2073: 
2074: 4431,3541,3278,4182,148,3236
2075: 1998,791,4468
2076: 3526,2704,3566,1451
2077: 204,2723,2301
2078: 150,4274,1507
2079: 3072,2383,194,2546
2080: 3979,4551,3415,580,3709
2081: 3022,1187,3320
2082: 
2083: 4483,2806
2084: 4186,4556,1457,3449
2085: 3425
2086: 1197,2841
2087: 2852
2088: 2190,3810,3222
2089: 936,3410,3170,334,2822
2090: 1599,3210,2307
2091: 916,615,2094
2092: 1934,749,2027,2777
2093: 29,1654
2094: 3860,2091,4162
2095: 2966,4784
2096: 
2097: 4158,4794,1153,2484
2098: 2646,3657,1780,1086
2099: 2816,4811,1975,4382
2100: 1600,173,2350,1752,2062
2101: 3974,913,473,3617,868
2102: 4263,4270,838,110,4276
2103: 841,4718,2938
2104: 1411,125,4143,3411,530
2105: 3444,7
2106: 4255,4216
2107: 4314,2315,356,1611
2108: 2318,190,1860,2629,943
2109: 1109,1481,3006,3858,3859,1796,140
2110: 1464,364,1025,1011
2111: 2947,3558,2893,3557
2112: 4501,2448
2113: 4670,3690,4626
2114: 883,1481,1796,1429
2115: 239,3930,3314,1316,3199,677
2116: 859,2012,548,2530
2117: 4144,3185,2313,123
2118: 4195,2811,1391,3082
2119: 2967,1618,1598,2795,663,1065
2120: 487,3985,33,3085,1059
2121: 2695,1904,984,3408
2122: 706,2727
2123: 1318,3802,1727,4246
2124: 1260,1978
2125: 3465,2497,3836,1541
2126: 1886,2722,2306,3951,1423
2127: 4147,4228,3171,4112,2562
2128: 4289,2576,4795,3150
2129: 4178,3962,390
2130: 3936,3111,2609,1961,2480
2131: 3784,3204,4821,4602,4371
2132: 2257,3447,1178,3359
2133: 4680,2928,3559,4457,1016
4585: 4278,4054,2612
2135: 1871,4078,3471,2660,1257,1869
2136: 3987,3035,2410,428,4074
2137: 4243,1265
2138: 293,2291,2827
2139: 3007,1144
2140: 3722,421,3685,4686
2141: 4273,154,4781,1876,1371
2142: 4609,3573,808,898
2143: 3991,3450,471
2144: 3517
2145: 4470,1128,4797
2146: 101,2543,4047,2444,2803
2147: 2935,1137,3289
2148: 625,2550
2149: 4175,3552,443,2414,577
2150: 1637,2750,357,3785,568
4658: 4479,3897,507,708,917,3496
2152: 116,395,3033
4804: 234,1126
2154: 3634
2155: 1216,2596,1120,3982
2156: 4081,1470,4292
2157: 4792
2158: 4815,4058,1164,12,64
2159: 485,1492,2626,1300
2160: 4069,542
2161: 3206,993
2162: 4240
2163: 4452
2164: 3484,3088,3280,1341,4209,2878
2165: 4515,2912
2166: 467,837,136,4395
2167: 2836,4218,3357
4788: 3106,2522,2453
2169: 2798,1093,3052,2372
2170: 1463,3609,1881,3318,184,160
2171: 4698,510,4283
2172: 496,2470,3434,765
2173: 2282,2243
2174: 1592,181,959
2175: 2545,290,131,1648
2176: 2585,3605,201,1540
2177: 2431,3591
2178: 107,3794,1943
2179: 162
4777: 3007,2924
2181: 2659,1069,1118
2182: 2320,3510,2881,4279,1639,746,4192
2183: 1248
2184: 1962,1766,3126,1942
2185: 4068
2186: 3621,1540,3301,4816,4152
2187: 4718,2189,952
2188: 2281,2467
2189: 4718,2187,4199,952
2190: 2088,1932,1858
2191: 2510,1528,402,742,3088,1534
2192: 4358,405
2193: 1599,3595,4660,219
2194: 776,2354,2236,2462,3688
2195: 2534,132
2196: 3222,3752,1151
2197: 3595,4660,3332,2913,495
2198: 2305,433,3319
2199: 4536,3734,99,1679,365
2200: 1902,4618
2201: 1808,2587,2445
2202: 1631
2203: 3319,4714
4666: 1415,327
2205: 3637,4535,3885,486
2206: 3670,2898,493,1145,2426,40
2207: 1092,4796,1863
2208: 3582,1972,3009,1211,2962,605
2209: 654,1792,4409
2210: 607,2533,3618,864
2211: 2601,3428,4493
2212: 2760,3534,618,4769,1952
2213: 438,2048,816,2512
2214: 4365,3229
2215: 4142,1655,4180
2216: 4746,3639,4214,4751
2217: 1050,2700,3449
2218: 1778,1025
2219: 4067,4095,3916,1845
2220: 1700,1360,240,4000
2221: 1242
2222: 4822,563,1435,2232
2223: 2069,3387,988,835,4745,945
2224: 3870,845,1288
2225: 53,4201,1091
2226: 3148,1799
2227: 1263,331,2262,803,356
2228: 3118
2229: 4670,4655,3955,1455
2230: 4548,2241,1985,989,2495
2231: 4635,2291,1555,3611
2232: 714,2222,563
2233: 3891,730
2234: 1587,2469,3344,1013,709
2235: 1251,3257,4099,2870
2236: 2194,2354,3867,3688,3192
2237: 315,4702,78,3956,1855,722
2238: 
2239: 883,1563,4434,1429,2911
2240: 
2241: 4548,2230,989,4725,2266
2242: 3032,460
2243: 2173,4689
2244: 4324,535,2875,3990
2245: 2528,2761,2607,2392,2347,2072
2246: 1688,2756,777
4526: 1649,1524
2248: 1045,2319,4701,817
2249: 2655,2549,1240,586,4193,1788
2250: 1025,979,4505,600
2251: 464
2252: 934
2253: 2575,657
2254: 193,1745,3343,2405
2255: 2489,1213
2256: 937,702,3355
2257: 2738,2132,3069,3447,3359
2258: 972,616,2732
2259: 4497,4802,133,3861
2260: 1758,1814,1830
2261: 4088,4040
2262: 3790,2766,635,2227
4634: 4496,2736,1970,1657,2918
2264: 4275,3192,4743,2518,4807
2265: 4133
2266: 1583,4488,2241
2267: 2452
2268: 2446,4684
2269: 1564,3106,1082
4699: 650,2516,2429,1489
4535: 2205,4021,2507,3885
2272: 2858,3079,1327,2464
2273: 
2274: 1707,3435,4108,2849,790,4466
2275: 2968,2785
2276: 1271
2277: 688,2724,1307,4149,4805
2278: 3001,3063,1285
2279: 518,2823,2419,1980,3746
2280: 9,1990,1476,1583,4488
2281: 1158,2467,2188
2282: 2173
2283: 
2284: 2669,3048,36
2285: 
2286: 2018,3052,4070,3184
2287: 3782,994,3845,2833
2288: 3242,3887,4410,2475
4549: 
2290: 3023
2291: 1555,2827,2138,2231
2292: 2910,4315,923,218
4607: 1483
2294: 3367,880,2651,807
2295: 2514,1810,1914,777
2296: 3572,1801,4216,836
2297: 458
2298: 1862,3310,580,4586
2299: 2914,1536,637,395
2300: 3927
2301: 4006,3017,2077,811,2430
4621: 4600,1108,1670,4106,3100
2303: 
2304: 2451,4791,1915,2441
2305: 2198,433,656
2306: 2722,5,3202,2126
2307: 3101,2874,3210,2090
2308: 19,2485,3183,2842
2309: 2468,2675,3572
2310: 3882,4231,1524,3691
2311: 1927,2817
2312: 665,977
2313: 3461,4557,2117
2314: 999,4385
2315: 2107,4314,1611,2586
2316: 3347,4009,284,964
2317: 2475,2064
2318: 2969,190,2108,1860,4187
2319: 2248,3956,4701,315
2320: 2182,4279,2789,4192
2321: 571,881,2449
2322: 3174,3004
2323: 
2324: 4292,505,4516
4592: 
2326: 216,437,1991,558,4560
2327: 3690,3964,4670
2328: 1097,2595,3872,3360
2329: 3460,4498,1429,1384,251
2330: 3824,481,4437,509,1056,2616
2331: 4525,3004
2332: 
2333: 1951,1454,1291
2334: 1486,3854,4533,1948,954
2335: 2551,499,337,4800
2336: 4584,1502
2337: 3035,2410,336,270
2338: 3724,2847,4160
2339: 1024
2340: 1675,2057
2341: 2869,3858,140
2342: 1095,1091,3377,1613
2343: 1154,1250,869,3631
2344: 922,649,917,3496
2345: 4411
2346: 2652,4765,550,1859
2347: 2607,2245,2072,4384
2348: 449
2349: 3376
2350: 2403,3715,1752,2100,2062
2351: 4451,1461,4101,3294,968,53
2352: 1805,4245
2353: 845,905,254,276,1255
2354: 776,2194,2236,3867,764
2355: 3984,703,4650
2356: 2796,2658
2357: 4303,2444,4094,789,193
2358: 3161,3971,243
2359: 4196,3109,739
2360: 4771,3126,617
2361: 782,179
2362: 873,3034,4090,41
2363: 
2364: 3479,2003,1431,2771
2365: 4176,3542
2366: 1422,1878,2896
2367: 955,2971,1523
2368: 1083,4142,3911,606,4442
2369: 2005,2831,3366
2370: 1203,3552,2451,3967
4727: 69,3581,3583,2690
2372: 3625,1724,1253,311,2798,2169
2373: 3852,4065,1940,3473
2374: 1067,3623,3670,3110,3781,4499
2375: 2616,1873,3824,4628
2376: 2983
2377: 578,234,876,3764
2378: 1851,3017,1256,2483
2379: 2993,3567
2380: 
2381: 890,2487,630,4793
2382: 
2383: 2457,2079,2546
2384: 1859,1162
2385: 2606
2386: 2466,3551,859,548,1991,1723
2387: 4181,1552,2960
2388: 1548,2532,4168,4012,2949
2389: 79,3549,3282,3718,3889
2390: 700,259
2391: 527,3115,4121,3201,978
2392: 2607,22,4626,3844,2761,2245
2393: 4737,477,3856,3475
2394: 3174,3804,2611
2395: 2682,46,2431,1802
2396: 4755
2397: 
2398: 
2399: 2422,973,0,3731,2797
2400: 3462,3743,1363
2401: 213,21,2037
2402: 324
2403: 2350,3715,1836,399
2404: 3078,1400
2405: 78,4598,2254,3829
2406: 719
4532: 3084,2443,3523,3846
2408: 221,4112,766,4665,1380
2409: 426,3914,1559,3046
2410: 3035,428,2337,2136
2411: 3188,3505
2412: 
2413: 1117,1468,788,4436
2414: 443,396,2745,3522,694,4175,2149
2415: 801,2768,1916
2416: 4329,1721,429,2919
2417: 2482,1894
2418: 3305,516,4715,2579
2419: 673,4544,1980,2279
2420: 2919,1684,3262
2421: 4469,1255,4809,2654,845,3712
2422: 2399,4283,510,2797
4654: 1054,1500,2014,2595
2424: 3218,3687,4134
2425: 
2426: 2672,1145,3102,2206
2427: 3972,1763
2428: 3570,512,2454,3134
2429: 4699,1489
2430: 257,2439,2301,811
2431: 2177,46,2395
2432: 3015,1786,1070
4600: 3826,1108,4621,1511,4644
2434: 2777,93
2435: 735,4812,410,2720
2436: 2953
2437: 3546,1103,2603
2438: 
2439: 257,2430,1434
2440: 485,2775,3187
2441: 1367,1915,2304,4791,1337
2442: 875,1972,3009
2443: 1685,3523,4532
2444: 2357,3809,4094,101,2146
2445: 2587,4716,2201,1808
2446: 4453,2268
2447: 3526,3503,3679,60
2448: 2112,3431
2449: 2625,514,2321
2450: 2650,793,1139,4158
2451: 3675,1737,2304,3967,2370
2452: 2267
2453: 3767,4788,2815
2454: 3134,2428
2455: 2865,2748,1419
2456: 1501,1558,4144,685,4128
2457: 2383,162
2458: 959,2601
2459: 4656,1815,2031,1698,57,4042
2460: 997
2461: 510,2797,241
2462: 3506,3041,2194,3688
2463: 1323,3031
2464: 1324,1031,2858,3079,2272
2465: 2634,1734
2466: 2386,3551,1723,4759,2639
2467: 3563,2281,2188
2468: 2309,1801
2469: 1587,2234,3344,3953
2470: 496,2172,1254,4753
2471: 3981,4414,369,2942
2472: 1802,3266,2938,4792
2473: 3983,2746
2474: 797,3665,4601,4256
2475: 2317,2288,3887
2476: 3210,126,3026,3161,3101
2477: 747,3617,3011,4399
2478: 2021,593,4640,2958
4514: 3384,1907,2011
2480: 1247,3268,3936,2130,734
4745: 945,835,2069,2223
2482: 2417
2483: 1256,2378,4558,517,3523
2484: 3158,3562,75,3124,2097,4794
2485: 2308,19,1547,4679,88,1422,2842
2486: 371,3223
2487: 2381,3418
2488: 210,3533,4116,3849
2489: 2255,995
2490: 3988,2657,3705,2685,4241
2491: 4694,4790,462,781
2492: 
2493: 2734,4803,1103
2494: 3567,759,48
2495: 1319,4161,2230,1985
2496: 2051,246,255,3404
2497: 3465,2125,2019,3066,13
2498: 
2499: 4204
2500: 1127,1302,4471,4319,646
2501: 4765,732
2502: 84,3466,4296
2503: 1799,4064,3388
2504: 3401
2505: 
2506: 4441,379,4504,3578
2507: 3885,164,1208,4021,4535
2508: 1414,4350,415,1266,3822
4597: 4345,2754
2510: 2191,1528,2547,402,1647,871
4814: 4233,4091,713
2512: 604,3878,1388,2213
2513: 32,1823,435,3090
2514: 2295,1810,1206
2515: 4087,2829,1954
2516: 650,4699,3194,602
2517: 
2518: 4743,3753,4413,2264,4275
2519: 4392,4530,1878,88,1422
2520: 4766,1215,609,1185
2521: 2573,4427,3206
2522: 1564,4200,4788
2523: 4074,1874,2889,1218
2524: 4171,2006
2525: 3321,3133
2526: 1479,4222,4050
4564: 1872
2528: 2761,1730,2245,4667,2072,1031
2529: 416
2530: 4491,3443,4575,2116,548
2531: 3579,4300,4154,3628
2532: 2388,4066,4168,4132
2533: 3852,2210,864
2534: 2195,132
2535: 3287,3191,2024
2536: 4741,4459,840,1569
2537: 4363,3458,16,1141,957,888
2538: 
2539: 
2540: 1494,843,1853,3037
4757: 367,587
4761: 950,3313,4239,570
2543: 101,2146,1394,1202,2803
4646: 3186,3547,2662,4345
2545: 2175,1943,1780
2546: 194,2383,2079,2775
2547: 2510,1528,871,239,3314,785
2548: 51,1953
2549: 2655,2249,4574,4193,1788,1604,4228
2550: 1487,2148
2551: 337,2335,1300,689
2552: 2813,733,163,2892,3830
2553: 956,66,1449
2554: 3440
2555: 
2556: 
2557: 1624,713,3147
2558: 2698,3083,1230,1170,942,1597
2559: 2830,2641,4449,922,1550
2560: 1168,536,1803
2561: 919,4098,2759
2562: 766,2127,3171,4486,446
2563: 1241,3794,1822,1842,1386,247
2564: 899,3828,3656,806
2565: 4359,1385,637,3707
2566: 3936,3513,4708,3268
2567: 2998
2568: 1851,1042,911,4746,3639
2569: 1890,401
2570: 229,2871,1275,927,1060
2571: 2629,3351,569,52
2572: 1862,66,1161,3042,3497
2573: 2521,3190,4786,2901
2574: 936,336
2575: 1553,1340,2253
2576: 4256,2680,3665,2580,2128
2577: 520
4697: 1484,1882,1369,1092,1374
2579: 293,3279,1983,3305,2418
2580: 4795,3150,4651,2680,2576
2581: 1123,34,1113,2641,4557
2582: 774,1074,182,1461
2583: 619,3805
4822: 2222,563,1829
2585: 805,1530,2176,2883,201
2586: 2987,2315
2587: 4716,2765,2445,1182,2201
2588: 947,4683
2589: 3005,3182,2859,3365
2590: 1438,2776,67,1235,4081
2591: 
2592: 4154,3579,4344
2593: 2687,4261,4229,2656,3130
2594: 206,923,1653,1156
2595: 1097,2328,2014,4654
2596: 1202,3854,2155,3982,954
2597: 3674,3935,332,127,4573,4329
4632: 3751,122,92,4279
4796: 2207,1092,1374,4698
2600: 1819,494,3044,3601
2601: 2211,959,2458,1592,4493
2602: 4200,1564
2603: 2048,2437,1103,830
4567: 1198,3405,189,4198,4591
2605: 1868,814,3368,1899
2606: 420,2789,2385
2607: 4626,2392,2245,2347,2072
2608: 2051,246,4562,4773
2609: 1018,1961,305,2130,3111
2610: 4322,1757
2611: 3804,2394,3174
2612: 1727,133,945,4585
2613: 3893,1770,4063,4352
2614: 1931,2910,794,3015,815
2615: 915,791,2826,2702,1532,363
2616: 3993,2375,2330,3824,1056,207
2617: 3585,4543,1389
2618: 3257,2700
2619: 3060,3629
2620: 3030,275,852
2621: 97,1848
2622: 2624,4730,1078,3776,3151
2623: 912,1223,3158,1905,2974
2624: 4730,2622,1078,591
2625: 2449,1628
2626: 555,2159,1300
2627: 4076,4312,1412,3603
2628: 2904,231
2629: 2571,3351,2108,1860
2630: 2886,1591,1756
2631: 273,1251,535
2632: 508,808,1668
2633: 1342,3399,4053,1452,804
2634: 1843,2465
2635: 1295,4671,2751,1184,2986
2636: 4518,2959,3499,3781,1957
2637: 268,1206,1906,3081
2638: 54,3725,4061,4306
2639: 3409,802,161,2466,3551,4759
2640: 3829,1745,1277,2788
2641: 4449,2559,2981,1113,4557,1123,2581
2642: 878,4036,4110,3941,4079
2643: 2016
2644: 3167,113,4155,2063
2645: 3129
2646: 247,2098,3657,1241
2647: 3117,3851,3220,1451
2648: 787,2649,3417,3024
2649: 787,2648,2896,3417
2650: 793,3986,1139,3188,2450
2651: 4762,2294,3367
2652: 1005,2346,4765,1859
2653: 4117,4203,3031
2654: 4424,254,4141,2421,4469,1255,3708
2655: 2549,2249,4574,2715,1240,884,3154
2656: 3929,2687,2593,4261,3130
2657: 2490,4229,2737,368
2658: 1128,1640,2356
2659: 2181,518,2823,1069
2660: 3575,2712,2135,3471,1869
2661: 3813,1007,1934,749,4374
2662: 1309,4084,4646
2663: 3901,2009
2664: 1165,927,229,3750,461
2665: 1514,4443,3045,4362
2666: 4340,2733,1936
2667: 2703
2668: 812
2669: 2284,1577,3500,2813,36
2670: 2990,4455,338,3886
2671: 
2672: 2426,1012,4723,3149
2673: 613
4756: 1708,342,1232
2675: 4681,1512,2309
2676: 1667,4584,1777,805
2677: 188,3610,3483
2678: 1011,4772,1530,2883,3494,4512
2679: 1142,1566,1368,3317,2978
2680: 2576,4456,2580,4651
2681: 
2682: 2395,628,1802
4735: 1797
2684: 1124
2685: 1318,3802,3705,4278,2490,3988
2686: 1299,342,2757,744,3993
2687: 2593,4261,2656,4217,4603
2688: 3809,1514,4443,1490,4094,444,1225
2689: 4249,2909
2690: 544,4727,141
4611: 3322,3831,1352
2692: 1389,982,2809,4365
2693: 1235,3398,3544
2694: 
2695: 3976,2121,3253,2969,1146
2696: 2942
2697: 4140,1715,939,3154,4574,1604
2698: 2558,3083,653,1170,4789,294
2699: 1989,314,2773,4719,738
2700: 2217,594,2618
2701: 4706,3376
2702: 2826,1205,1376,1065,2615,1532
2703: 4378,2667,2894
2704: 1209,3566,4484,2009,2076,1810
4754: 4023,3404,4558,2812
2706: 3630,2055,1702
2707: 3884,4014,3336,647
4640: 451,2958,3136,2478,593
2709: 4322,556
2710: 4077,43
2711: 340,952,3972,570
2712: 3292,3575,2660,3471
2713: 
2714: 4226,3792,4479,581
2715: 3405,1240,4680,2928,884,2655
2716: 383
4509: 
2718: 4784,1444,4454
2719: 2042,2964,472
2720: 4812,2435
2721: 4195,967
2722: 292,2306,3951,2126
2723: 2077,3669,3483,4212,1369
2724: 2277,4805,3351
2725: 4614,1052,870
4752: 33,2934,3018,1526,4073,1704
2727: 706,2122
2728: 3384,4704,2011
2729: 1986,128,940,92,2789
2730: 2955,1063,3582,605,2820
2731: 392,76,3193,1480
2732: 1946,578,2258
2733: 4340,2666
2734: 4803,2493,3657
2735: 4748,3615,4059
2736: 4496,4634,1189,1970,278
2737: 368,4603,4334,2657
2738: 2257,3069,3447
2739: 
2740: 1304,866
2741: 274,3540,3491
2742: 3943,4561,4145
2743: 4407,3324,3166,3344
2744: 871,904,3136,3476,1174
2745: 4106,372,1313,3522,4175,1203,2414
2746: 2044,1340,2473
4517: 4744,892,2985,4797
2748: 2865,2455
2749: 4711,1683,3870,98
2750: 183,1637,2150,4243
2751: 4671,2635,3663,227,3710
2752: 1701,1407,1601,1458,4330
2753: 3403,984,2794,3899,4057
2754: 4355,3135,1935,4597
2755: 60,4066,1846
2756: 1688,2246,1906,1206
2757: 2686,744,4628,3993,3558
2758: 1794,3755
2759: 4111,2561,4505
2760: 2212,3534,584,3559,1016
2761: 2528,1884,1730,2245,921,22,2392
4932: 
2763: 4335,3673
2764: 941,734,1940,350,1018,1961
2765: 2587,1182,3684,3909
2766: 2262,635,4599
2767: 3883,2864,4693,3649
2768: 1071,2415,1916
4807: 1876,2264,3192,4743
2770: 3456,4406,3531,913,1134
2771: 1577,163,2364,2003
2772: 3926,3752,3101,2874
2773: 2970,2026,2699,738
2774: 
2775: 3529,2546,485,2440
2776: 1438,2590,383,67,1635
2777: 2434,93,4448,2092,2027
2778: 37,1192,4738,1420,455
2779: 3382,1553
2780: 371,4347
2781: 4150,795,1303,3770,28
2782: 4458,1279,490
2783: 2912,4515,4348
2784: 
2785: 4583,3575,579,2968,2275
2786: 3973
4577: 26,1973,620,4185,3105
2788: 1277,1230,2640,4305
2789: 92,2729,2320,2606
2790: 449
2791: 1217,3276,3022,1889
2792: 4397,3331,489,1941,498
2793: 655,4732,1101,1310,4309,3655
2794: 3403,984,3708,3712,2753,3296
2795: 1205,1051,1598,1775,2119,1065
2796: 347,1640,2356
2797: 510,2461,0,3731,2399,2422
2798: 1093,2169,3625,2372
2799: 
2800: 4186,2930,1050,1939
2801: 
2802: 
2803: 1202,3854,2146,2543,4047,4533
2804: 4562,4773,26,1967
2805: 1798,211
2806: 2083,1716
4524: 3476,1476,1174,282,989,4488
2808: 4347,4715
2809: 412,4539,4543,1389,2692
2810: 
2811: 4195,2118,1391,116
2812: 2051,4023,4754
2813: 2552,1577,3500,163,2669,3830,36
2814: 934,3589,1201,991,4606
2815: 3624,3767,2453,1716
2816: 712,1905,4811,2099,4382
2817: 2311,3169,131,1648
4645: 449,885,3467
2819: 1276,241
2820: 3436,1465,3582,2730
2821: 4410,1137
2822: 2089,3410,3091,4093
2823: 2279,1980,2659
2824: 1719,3308
2825: 1463,248,3609,784,1051
2826: 1205,2702,248,2615,915
2827: 2291,293,2138
2828: 4098,3817,3799,3057
2829: 4087,2515,203,1456
2830: 4449,2559,3897,3496,922
2831: 3366,1741,908,2369
4741: 2536,4459,3153
2833: 3431,3389,3782,2287,994,2963
2834: 
2835: 3213,4113,4552,4018
2836: 4218,2167,733
2837: 867
2838: 1584,3425,3678
4569: 1382,658
2840: 4581
2841: 4763,1443,2086
2842: 2308,2485,4618
2843: 
2844: 1603,1554
2845: 1801
2846: 762,3360,3902,126,243
2847: 2338
2848: 3193,1157,1196,4508
2849: 4108,4495,790,2274
2850: 1743,1676,3200,3811,3214
2851: 1739,424,3412,1633
2852: 3449,2087,4556,1531,946
2853: 1272,1395,3760,3164,3786
2854: 433,4289
2855: 1744,4687,549
4806: 426,990,601,1502
2857: 4542,1712,3667,4531,958,3325
2858: 3079,2272,4420,2464,1031
2859: 707,3182,1194,2589
2860: 4742,3543,4086
2861: 1598,1775,166,1295,4671,1618
2862: 2899,1416,4430
2863: 3658,1971
2864: 3883,2767,1405,4693
2865: 2748,2455,3487,1032,4450
2866: 1618
2867: 807,4495
2868: 161,515,4575,548,3551
2869: 2341,1328,1786,1070
2870: 4099,2235,1251
2871: 2570,1275
2872: 604,1388,4538,2068
2873: 4297,3600
2874: 3101,2307,2772,3926,1891
2875: 4324,535,2244,3990,1977
2876: 1452,51,4523,4053,4739
2877: 3228,403,1155
2878: 904,344,4209,2164,3088,1647
4676: 
2880: 1937,3304,3580,901
2881: 4279,1994,2182,1639
2882: 4633,4571
2883: 1530,2585,2678,3494,4512,201
2884: 3445,4004,1811
2885: 4111,4622
2886: 4601,2630,2961
2887: 998,628,3543,841
2888: 81,235,1816,1853
2889: 3987,1874,1218,2523,4074
2890: 3696,4489,30
2891: 1585,351
2892: 527,3115,733,2552,1382,4218
2893: 1491,4628,1155,2111,3558
2894: 3,4731,2703
2895: 3957,3958,3818,1348
2896: 2649,1878,1422,2366,3417
4812: 410,4610,2435,2720
2898: 2206,3670,775,493,1067
2899: 2862,4325
2900: 321
2901: 3475,4786,2573
2902: 413,1199,4264
2903: 2996,1559,4254
2904: 231,4060,2628
2905: 667,1899,3790,4373,331
2906: 737
4515: 1096,2165,2783
2908: 2024,3746,484
2909: 1760,2689
2910: 2292,794,2614,815
2911: 3704,4251,2239,4434,1429,1384
2912: 2783,298,2165
2913: 1495,4234,2197,495
2914: 2299,1536,3772,4059,395
2915: 278
2916: 4561,1222
2917: 824
2918: 1657,366,4462,839,4634,1970
2919: 2420,1684,110,1721,2416
4663: 4165,1567,1706,1289,4703
2921: 232,242,3874,3514,4818,4075
2922: 877,4390,3374
2923: 3973
2924: 4777
2925: 2939,1634,136,467
2926: 1637
2927: 608,731
2928: 4680,2133,4238,3559,2715
2929: 
2930: 3931,3944,1939,2800
2931: 1534,710,2967,411,3681,663
2932: 
2933: 1839
2934: 33,4752,3085,3545
2935: 2147,4410,1137
2936: 3579,48
2937: 1288,4434,1736,3704,3891
2938: 4792,2103,2472
2939: 4004,2925,1634,3724
2940: 594,1939,1443,15,3630
2941: 289,1927,77,390
2942: 2696,3411,369,4143,2471
2943: 454,1818
2944: 3168,1931,3015,4799
4797: 2057,4517,3654,3107,4470,2145
2946: 3954,3327
2947: 2111
2948: 4338
2949: 4012,2388,206
2950: 736,1928,46
4583: 3575,2785,4713,579
4734: 4048,4339
2953: 1570,2436,3014,436
2954: 3511,881,3892
2955: 1063,2730,605,422
2956: 1989,552,3788,2020
2957: 3463,778
2958: 4640,451,2478,4534,1161
2959: 4518,2636,1539,1957,670
2960: 4301,2387
2961: 4758,896,2886,4601,656
2962: 605,1211,2208
2963: 309,3782,2833,3389,1937
2964: 2719,472
2965: 1921
2966: 2095,3798,4784
2967: 2119,411,3681,663,2931
2968: 4505,2275,4111,579,2785
2969: 2318,190,3253,4187,2695,478,1952,1146
2970: 2773,738,3240
2971: 2367
2972: 4171,129,1078
2973: 1107
2974: 4657,1795,2623,1905
2975: 1814,4495
2976: 4545,1761,4104,743
2977: 575,1686,1513,948,4236
2978: 3317,1142,2679
4815: 882,2158,3985,4058,1164
2980: 4768,3762,3933
2981: 1867,1113,2641,4449
2982: 3978
2983: 2376
2984: 3207,772,3137,1519
2985: 3654,1689,892,4517
2986: 3095,1295,2635
2987: 2586,4631,1908
2988: 
2989: 1613,4046,3080,65
2990: 2670,456,338,3138,729
2991: 1926,583,4180,1551,3216
2992: 4245,1296
2993: 2379,3806,1517,973
2994: 4817,3569,4473
2995: 1351,4201,1095
2996: 2903,3389
2997: 3684
2998: 240,23,3866,2567
2999: 1953,4739,4523
3000: 1915,3462
3001: 4609,3573,2278,3063
3002: 151,529,1259,4714,4823
3003: 3521
3004: 2322,2331
3005: 2589,3182,3209
3006: 3858,3859,1156,2109
3007: 2139,1978,4777
3008: 1331
3009: 2208,1972,491,2442
3010: 
3011: 3155,2477
3012: 675,1918
4541: 1204,1554,4011,782
3014: 1570,2953,436,3733,4394
3015: 1786,2432,815,2614,2944
3016: 3323,1608,3068,3727
3017: 165,4006,2301,2378,811,1685
3018: 4139,1164,33,4752,1059,1704
3019: 3732,4428,1678,3267
3020: 1633,3379,531,3374,4351
3021: 24
3022: 2081,2791,3104
3023: 2290
3024: 2648,3036
3025: 4502
3026: 2476,126,813,693
4695: 3569,926
4614: 2725,626,264
3029: 1700,1360
3030: 1571,2620,1094
3031: 2653,2463
3032: 205,4464,1177,2242,460
3033: 3707,395,2152
3034: 2005,4090,2362,3366,41
3035: 2410,2337,336,2136
3036: 1246,3024
3037: 1853,3377,2540
3038: 4242,3044,4728,494
3039: 1252,1587,3953,306
3040: 1805
3041: 1154,2462
3042: 1161,4534,1864,1862,2572
3043: 1808,3789
3044: 4242,3038,494,2600
3045: 4362,1149,86,439,1514,2665
3046: 1342,3399,2409
3047: 1498,3911
3048: 4386,36,2284,3732,1999
3049: 3129,191,1147
4630: 1718,1549,4436
3051: 469,4049,1448
3052: 2286,311,2169
3053: 
3054: 3438,1562,4003,1619
3055: 530,345,3411,3952
4707: 3846,4032,4558,3641,1377,1226
3057: 1778,2828,990,364
3058: 
3059: 754,137
3060: 2619,3629
3061: 1723,558,3505,4560,4759
3062: 4327,4433,4716
3063: 1048,4662,4579,3001,2278,1285
3064: 4295,1668,4609,3300
3065: 3370,688,4149,1767
3066: 4580,13,2497,2019,4377
3067: 1838,4407,3520,3344
3068: 1228,1948,1293,3016
3069: 2738,2257,432
3070: 3656,806
3071: 385,1010,4049
3072: 2079,2032,194
3073: 1025
3074: 1184,227,408,4251,3460
3075: 1900,1790
3076: 3148,3925
3077: 1672,418,4007
3078: 982,120,2404
3079: 2858,2272,4420,4078,1327,2464
3080: 2989,4046,1373,427,3420
3081: 1485,2637,1563,4426
3082: 1047,1391,2118
3083: 2698,2558,1597,1573
3084: 1434,4532,3577,3228
3085: 33,2934,1045,4701,2120,3545
3086: 74,2060
3087: 1354,1788,1844,1475,3230,586
3088: 2164,742,2878,904,2191,402,1647
4652: 4635
3090: 435,1701,2513,220
3091: 4093,2822,4085
3092: 
3093: 
3094: 1623
3095: 1184,408,2986
3096: 370,1273
3097: 3882,4357,941,3180
3098: 4279,3396,3751
4703: 3358,3105,1289,4663
3100: 3522,4621,4106
3101: 2307,2874,2476,3210,2772
3102: 417,1145,2426
3103: 1285,3675
3104: 3022,348
3105: 4703,620,4577
3106: 3616,280,2269,4788
3107: 4470,4797,831,480
3108: 4492,4490,1267,107,3379
3109: 1567,3771,2359,739
3110: 4323,3881,3781,4499,1957,2374,4710
3111: 3936,2130,305,2609,1961
3112: 290,3492
3113: 
3114: 4210,146,3383,1363
3115: 527,2892,2391,3201,163
3116: 3421,3219
3117: 2647,3220,3859,1109
3118: 2228,1988
3119: 3658,1410
3120: 
3121: 1483,3564,559,1294
3122: 1320
3123: 
3124: 609,1185,1153,2484,75
3125: 3196,1872
3126: 2184,2360,617,1942
3127: 326
3128: 825,3249
3129: 191,3049,2645
3130: 3587,3929,2656,1044,1897,2593,4229
3131: 
3132: 3702,4759
3133: 3588,3574,3321,2525
3134: 2454,4473,2428
3135: 4355,2754,4157,1935
3136: 3476,1476,2744,593,4640
3137: 3396,772,2984
3138: 373,338,1722,2990,729
3139: 1008,3607
3140: 3376,1314
4790: 2491,4694,3783
4542: 1712,4118,2857,153,4637
4731: 3,2894,1894
3144: 1234,4183,1243,292,1556
3145: 3423,4501
3146: 
3147: 4095,1126,1624,2557
3148: 2226,3076
3149: 4723,2672,711
3150: 4795,2580,2128
3151: 2622
3152: 1771,1044,1897,3387,4054
3153: 3292,622,4377,4741,4459
3154: 884,610,215,2655,4574,2697,939
3155: 3011,4381,750,4399
3156: 297,1136,573
3157: 3960,3330,1525
3158: 2484,3562,75,1223,2623,1905
3159: 2006,1665,343,1014,851
3160: 3517,4341,83
3161: 2358,2476,3210,126
3162: 1037,772,3892
3163: 3731,4617,1276,0
3164: 3786,2853,1395,4625,244
3165: 4642,4819,1902
3166: 3324,2743
3167: 2644,1579,442,3369,4155,1121,2063
3168: 2944,3472,1931,4799
3169: 177,131,4616,2817,55
3170: 2089,334,3812
3171: 1496,4486,2127,4228,2562
4915: 4737,4702
3173: 4391,3339,4637,4118
3174: 2394,2611,2322
3175: 4157,143,3831,551
3176: 4235,4141,3833,72,1793,4424
3177: 4706
3178: 3355,3468,4712
3179: 3463
3180: 3097,941,350
3181: 2039,4615,1312
3182: 707,2859,4363,2589,3005,3209
3183: 1902,4819,2308,19
3184: 4070,4330,2286
3185: 4144,2117,123,4740,685
3186: 3825,4646,3547,2044
3187: 44,2440
3188: 2411,2650
3189: 4225,804,3399,1291,1179
3190: 1891,4786,2573
3191: 729,2535,2004
3192: 2264,2236,4273,4807
3193: 2848,1157,59,76,2731
3194: 4684,2516
3195: 3723,461
3196: 3125,1872,1617,4344
3197: 30,3425
3198: 399,127,930,1118
3199: 1888,1010,2115,677
3200: 1850,3811,2850,419
3201: 4121,2003,163,3115,2391
3202: 3754,3888,1622,5,2306
4573: 1750,1118,127,2597,4329
3204: 2131,3948,4503
3205: 4687,549,1901
3206: 2161,2521,4427
3207: 2984,397
3208: 3482,1564
3209: 3182,4363,3005
3210: 2476,3161,3101,2307,2090
3211: 1521,3934,1447,3591
3212: 1298,869,1296
3213: 2835,1892
3214: 3811,308,1676,1526,4073,2850
3215: 961
3216: 3841,4442,2991,1551,2049,1169
3217: 4397,4563
3218: 3687,2424,544
3219: 3116
3220: 2647,3117,3851,3821,1109,322
3221: 3457,4431,3541,158
3222: 2196,2088,813
3223: 371,2486
3224: 991,4606,3838
3225: 887,3601,18,3259,1919
3226: 519,1621
3227: 685,4128,4740,1272
3228: 2877,3084,3577,1155
3229: 4365,2214,4553,225
3230: 3328,3353,1475,3087
3231: 4711,1683,4647,3408,717
3232: 357,3785,81,1494
3233: 4388,214
3234: 412,1946,450,4539,3764
3235: 1298,1250
3236: 4150,795,2074,3278,4182
3237: 686,4418,4336
3238: 4066,4132,1658
3239: 1224,966
3240: 789,2970,3343,17
4818: 3514,3874,2921
3242: 2288
3243: 1309,728
3244: 4599,803
3245: 2030,1971,3915,4770
3246: 3340
3247: 
4747: 1777,1987,1667,543
3249: 4035,3128
3250: 4030,1895,1394,755,3424
3251: 4388,155,4183,1556,1074
3252: 791,363,385,4471
3253: 4057,4187,984,2969,2695
3254: 1301,3671,3590,1186
3255: 4819,4001,1140,1837,103,2034,1976
3256: 8,4813
3257: 2618,2235
3258: 4696,712,4657,168
3259: 1588,4643,18,3225,1919
3260: 977,765,1903
3261: 1714,3430
3262: 2420,1684,826,3639
3263: 2052,354,437,252,1406
3264: 
3265: 3837
3266: 4045,2472,1802,4792
3267: 1999,3732,3019,3981,3812
3268: 4708,3341,3936,2566,783,2480
3269: 1711,113,748
4769: 4002,478,1952,2212,3534,1418
3271: 3964,705,857,217
3272: 1629,4215,588
4642: 3165,4613,1902
3274: 
3275: 1047,4022,4203
3276: 1889,2791
3277: 325,4553
3278: 2074,3541,795,3236,28,4537
3279: 2579,293,676
3280: 868,135,1341,823,3484,2164
3281: 
3282: 3549,3289,3629,2389,3718
4713: 579,3959,622,4583
3284: 4213,1816
4669: 4137,499,4202
3286: 
3287: 729,2535,1722,1266
3288: 870,1809,2023
3289: 3282,2147
3290: 4198,4102,3550
4551: 3979,2080,3499,4518
3292: 3153,2712,3682,1001,3471
3293: 
3294: 2351,4750,4629,4213,1181,53
3295: 1280,1703
3296: 984,2794,3712,4647
3297: 183,1748
3298: 1216,3424,4030,1261
4738: 1885,2778,1192,755,455
3300: 4295,3064,1737,3967
3301: 611,1594,2029,2186,4816
3302: 1964
3303: 1734,756,3725
3304: 1937,2880,3799
3305: 516,2418,2579,1983
4552: 4113,2835
3307: 4800
3308: 2824,1370
3309: 
3310: 1886,3888,2298,1862
3311: 
3312: 916,4172,1166,4162
3313: 950,4761,299,340,553
3314: 2115,239,640,1528,2547,1316
4740: 123,4538,3185,1272,3227
3316: 4414,1678,4563,1636,3553
3317: 2978,2679,4674,2010
3318: 184,2170,41,1741,160
3319: 2203,4072,2198
3320: 2081,1552
3321: 2525,3133
3322: 4611,1689,551,1751
3323: 3016,3370,1608,3727,1307,4149
3324: 3166,3560,4407,2743
3325: 958,9,4531,2857
3326: 431,872,509,3978
3327: 4179,4545,2946
3328: 3230,1870,4616,189,3353
3329: 
3330: 3157
3331: 4397,924,2792,498,4428
3332: 3595,2197,495,4635
3333: 1819,3470,18,3769,308
3334: 1548,3720,1628
3335: 270,4617,4093,1276
3336: 1194,4767,2707,4014,647
4694: 2491,4790
3338: 1072,4721,4015
3339: 3173,775,1067,3623
3340: 1489,3400,3246
3341: 3649,4708,3268,3687,783,4134
3342: 551,1751,1675
3343: 17,3240,789,193,2254
3344: 2469,2234,3067,4407,2743
3345: 617,275,852
4742: 2860,3543,1396
3347: 2316,521,987,284,1009
3348: 642
3349: 875,1284,3881,3478,670
3350: 3468,1289,4712,4252,1706
3351: 2629,2571,569,2724
3352: 1368,1699
3353: 55,3962,4616,3328,3230
3354: 
3355: 702,3178,3674,3935,2256
3356: 4016,3862,1210,3634,1160
3357: 504,3987,2167,3393
3358: 4185,4703,3468,1289,1432
3359: 3833,1195,352,1178,2257,2132
3360: 762,2846,2328,126
4536: 3734,2199,1993,4071,1191
3362: 367,129
3363: 572
3364: 740
3365: 1436,1591,2589
3366: 2831,41,1741,3034,2005,2369
3367: 2294,880,2651,721,855
3368: 814,2605
3369: 3167,1579,1121
3370: 3323,1608,3065,4149
3371: 
3372: 4350,1722,415,4135,373
3373: 
3374: 3855,1633,3020,2922,877
3375: 1699
3376: 3140,2701,2349
3377: 2342,1091,3037,843
3378: 
3379: 107,531,3108,3020,1267
4687: 2855,549,3502,502,3205
3381: 1151
3382: 2779,4169,719
3383: 1363,3114,4120
3384: 2728,4514,2011
3385: 44
4714: 2203,3002,4823
3387: 2069,4054,2223,988,534,3152
3388: 224,2503
3389: 3431,2833,2963,2996
4662: 3063,1048,4579,3573,94,1115
3391: 4270,21,658,3693
3392: 4121,3479,4384
3393: 1779,1874,3693,3357
3394: 2052,1944,150,4274,354
3395: 3674,4712
3396: 3137,4396,3098,3903
3397: 
3398: 4520,2693
3399: 2633,3046,3189,804
3400: 3924,3340
3401: 2504
3402: 1782,1132
3403: 3708,2794,2753,4235,4141,3899
3404: 517,2496,4754
3405: 2715,1198,4567,189,1240
3406: 1338
4755: 398,2396
3408: 3231,2121,1904,717,4406
3409: 802,1231,2639
3410: 2089,936,2822,270,4093
3411: 2942,4143,2104,3055,530
3412: 4490,3530,424,2851,1267
3413: 998,1396
4606: 991,3224,2814
3415: 3979,2080,3709,4100
3416: 1578,1390,272,3565
3417: 4063,1878,2649,2648,2896
3418: 1499,2487
3419: 4765,1638,3980
3420: 598,3080,1373,1359,4801
3421: 3116
3422: 1657,366,3691,4231,4588
3423: 3145,1590,4613,4501
3424: 755,4030,3250,1261,3298
3425: 2085,3197,2838
4750: 3294,4213
3427: 1798,761
3428: 2211,4720
3429: 1584
3430: 3261
3431: 3501,2833,3389,2448
3432: 3596,1968,4602,4476,3780
3433: 4167
3434: 765,1901,496,2172
3435: 1707,2274,1699,1417
3436: 2820,3582,1972,3677
4816: 2065,321,4152,2186,3301,611
3438: 3054,100,1562,4003,3734
4598: 623,2405,17
3440: 571,2554
3441: 1085
3442: 
3443: 4491,2530,4595
3444: 2105,4692,918,992
3445: 770,2884,4004
3446: 497,4184,1578
3447: 2738,2257,2132,1982
3448: 1502,1464,601,805,1530
3449: 2852,2217,2084,4556
3450: 2143,471
3451: 3536,278,1189
4603: 4217,1641,2687,4334,2737
3453: 
3454: 1495,243,3843,4423,4234
3455: 3600,753,1401,2066
3456: 717,4406,2770,588,913
3457: 3221,341,1766
3458: 2537,4468,1024,16,957
3459: 1929,1963
3460: 3663,1297,2329,3074,4298
3461: 2313,4557,1113,3878
3462: 3989,2400,3000
3463: 3179,2957,330,1666
4578: 4172,1327,3485
3465: 2497,2125,3836
3466: 84,2502
3467: 4194,43,4645,885
3468: 3350,1289,4712,3178,3358
3469: 
3470: 3333,1819,18,3769,1850,4055,1588
3471: 1871,2135,3292,2712,2660,3682
3472: 3168,4799,59
3473: 4019,3508,2373,4129
3474: 4331
3475: 2901,817,4786,2393
3476: 4524,3136,1476,1174,2744
4821: 1925,2131
3478: 1265,2056,670,875,3349
3479: 2364,2003,3392,4667,4384,1431
3480: 3640,1418,1106,111
3481: 4393,3542
3482: 3208
3483: 3610,4212,2677,3669,2723
3484: 2164,742,3280,1046
3485: 1257,4078,4172,4578,1327
3486: 188,1218,4263,1779,1874,4440
3487: 1032,2865,620
3488: 1503
3489: 970
3490: 4306,85
3491: 899,667,3647,2741
3492: 816,3112,1927
3493: 1506,3801,1127,1769,4027
3494: 4291,4512,1981,4772,2678,2883
4758: 2961,896,4072,1315,656
3496: 917,4658,3897,2830,2344
3497: 153,723,66,2572,956
3498: 768,700
3499: 4551,4518,2636
3500: 1577,2669,2813
3501: 3431
3502: 502,4687
3503: 3679,60,2447
3504: 1798,761
3505: 3061,4560,2411
3506: 2462,925
3507: 
3508: 4019,3473,4096,3906,912,4129
3509: 230,2034
3510: 2182,1639,746,3592
3511: 2954,1089,1462,881
3512: 1090,4596,3844
3513: 3936,2566,1397,3849,4708
3514: 4818,2921,7
3515: 828
3516: 897
3517: 3160,2144,1512
4722: 3808,394,1219
3519: 753
3520: 1593,1838,3067
3521: 3003,4500
3522: 3100,694,2745,4106,2414
3523: 3846,4558,2483,2443,4532
3524: 422,1794,4343
3525: 300,1676,1020,1743,294
3526: 2076,2447,60,1451
3527: 4682,4560
3528: 
3529: 2775
3530: 4490,3412,653,424
3531: 3795,1595,2770,1134,747,1471
3532: 2001,3576,893
3533: 4041,1405,2488,3883,3849
3534: 2212,2760,4769,1016
3535: 
3536: 1925,3451,4371
3537: 1070,251,1297
4709: 971,3723,1413
3539: 1156,1451,1653,1846
3540: 1263,331,356,1611,274,2741
3541: 2074,4431,3278,4537,158,3221
3542: 4393,3481,4176,2365
3543: 4742,2860,1396,2887
3544: 2693,1693
3545: 1062,1045,4701,3085,2934
3546: 2437,414,4226
3547: 3186,4646,4345,4421,515
3548: 1829,626
3549: 3282,1837,230,4001,2389
3550: 4238,584,4390,4198,3290
3551: 2466,2386,4575,548,2868,161,2639
3552: 4175,1203,2149,2370,4791,577
3553: 4170,1310,3316
3554: 2032
3555: 
3556: 1748
3557: 550,2111
3558: 2111,2893,4628,2757,744
3559: 4238,584,2760,1016,2133,2928
3560: 220,3324,1838,4407
4668: 4072,1315,1769
3562: 3158,2484,4794,1905,4811
3563: 2467
3564: 3121,1294
3565: 80,1404,1578,3416,1390
3566: 2704,2009,2076
3567: 2494,2379
3568: 
3569: 4695,926,2994,4817
3570: 2428,512
3571: 4041,1465,4207
3572: 850,2296,2309
3573: 2142,3001,1754,1115,4662
3574: 3588,3133,686
3575: 4583,2660,2785,2712
3576: 3689,502,3532
3577: 3084,1434,3228,1155
3578: 4504,379,2506
3579: 2531,2936,48,4344,4154,2592
3580: 1246,787,3845,2880
3581: 3737,4211,4727,69
3582: 2208,1972,605,2820,3436,2730
3583: 4138,4727
3584: 4313,655,4732,1854
3585: 4543,2617,3880,1428,412
3586: 1399
3587: 3130,1044,1897,4229
3588: 3574,3133
3589: 1201,2814,735
3590: 115,3254,1186
3591: 4045,1447,2177,3211
3592: 4656,1815,3510,746
3593: 1407,4306,27,1601,1609,741
4803: 2734,2493,1019
3595: 2197,4660,3332,2193,219
3596: 3432,1968,4476,599,654
3597: 1435,714,3628,3912,691
3598: 6
3599: 849,4736
3600: 3455,753,2873
3601: 887,3225,1819,18,2600
3602: 1314
3603: 1501,1412,1558,1123,34,2627
3604: 4494,4593,1392,599
3605: 1667,2176,3621,1540
3606: 
3607: 1008,3139,527,2037,658
3608: 1076,1740,2071,3787
3609: 1463,2825,2170,1881,1348,784
3610: 3483,4212,260,2677
3611: 2231
3612: 297,1493,692
3613: 
3614: 
3615: 1391,4748,2735,1077
3616: 3106,280,1242,3767
3617: 2477,473,2101,1341
3618: 864,607,2210,271,384
4582: 1362,1162,407
3620: 1190,311,345,3952,1724
3621: 2186,1540,3605,4152
3622: 
3623: 2374,1067,3339,1449
3624: 2815,3767
3625: 2372,1253,2798
3626: 1398,1869
3627: 1142,1148,3999
3628: 3912,2531,4376,3597
3629: 2619,3060,3282
3630: 2706,2055,1443,594,2940
3631: 869,1296,1154,2343
3632: 4051,3841,606
3633: 3965
3634: 849,2154,3356,1160
3635: 1527,4080
4673: 851,1665,736
3637: 2205,1875,1120,914
3638: 
3639: 4746,2216,911,3262,2568
3640: 1418,3480,4308,111,1471
3641: 4023,3948,4707,1226
4546: 
3643: 
3644: 4100
3645: 102,3917,1469
3646: 1175,3899,4057,4187,1860
3647: 1304,1899,3491,899
3648: 4237,3928
3649: 4708,3341,4693,2767,3687
3650: 255,246
3651: 1894
3652: 1335
3653: 521,987,529,4823
3654: 2985,4797,2057,1675
3655: 1533,1310,4309,2793,4061,1101
3656: 899,2564,806,3070
3657: 2646,2098,2734,1086,438
3658: 3119,2863,1279,1410,1971
3659: 1969,307
4688: 1912,1696
3661: 4565,1852,3837
3662: 812
3663: 3460,227,4298,3710,2751
3664: 773
3665: 797,2474,4256,2576
3666: 
3667: 1712,2857,958,832
3668: 557
3669: 3483,165,4006,2723
3670: 2206,2898,2374,1067,4499,40
3671: 3254,1301,1094,3871
3672: 
3673: 4335,2763
3674: 2597,3935,332,3395,3355
3675: 2451,1737,3103
3676: 1953
3677: 1992,1748,3436
3678: 2838
3679: 3503,2009,2447
4619: 1329,872,431
3681: 411,3977,1046,1028,2967,2931
3682: 921,1001,3292,1871,3471,156
3683: 4422,445,4379,763
3684: 1182,2997,2765
3685: 4726,1720,157,3722,2140
3686: 222,3840
3687: 3218,2424,4693,544,3649,3341,4134
3688: 2462,2194,2236
3689: 3576,496
3690: 2327,3844,4626,2113,4670
3691: 1524,3422,4231,2310
3692: 1650,3823
3693: 1779,3393,658,4270,3391
3694: 559
3695: 3819,3934,4648
3696: 236,2890,592
4692: 997,3444,918,318
4588: 643,3422,4231,4357
3699: 
3700: 1617
4751: 188,2216
3702: 3132,1686,948
3703: 197
3704: 3768,2911,4251,2937,3891
3705: 4278,2490,2685
3706: 1324,2033,1577
3707: 637,395,3033,4359,2565
3708: 3403,2794,3712,2654,4424,4141,4469
3709: 1423,3415,2080
3710: 3957,4298,3958,3663,4671,2751
3711: 1054,1500,313,1467
3712: 3708,2794,3296,2421,4469,4809,4647
3713: 93,286,4418
3714: 2004,4623,3873
3715: 2403,2350,1752,4375,1836
3716: 4461,1253
3717: 3730
3718: 4052,3889,3282,2389,79
3719: 1254,1236,4760
3720: 1628,1548,3334
3721: 4268
3722: 2140,4726,3685,4686
3723: 971,3750,461,4709,3195
3724: 2338,1634,2939
3725: 4061,1101,756,2638,3303
4601: 2886,2961,2474,656
3727: 3016,3323,1307
3728: 904,344,1174
3729: 1797,999,983
3730: 3717
3731: 3163,0,2797,2399,973
3732: 4428,3019,3048,1999,3267
3733: 436,4015,4394,3014
3734: 4536,2199,365,4003,3438,100
4800: 3307,499,2335
3736: 
3737: 568,3581
3738: 93,4448
3739: 1537,1306
3740: 745,1924,1125
3741: 4779,1308
3742: 74
3743: 1131,2400,1363
3744: 1695,2005,4439
4620: 
3746: 2908,518,2279
3747: 1087,3982,175,1632
3748: 
3749: 349,3922,4685,1433,143,102
3750: 971,3723,461,1165,2664,4135
3751: 4632,1519,3098
3752: 2196,1151,2772
3753: 4743,2518
3754: 1864,3202,3888,1622
3755: 2758
4574: 2655,2549,3154,2697,4140,1604
3757: 
3758: 282,750
3759: 1949,4036,581
3760: 4538,459,3786,2853
3761: 4200,1239
3762: 2980,1824
3763: 2039,4465,4208,4615
3764: 325,4539,876,2377,1946,3234
3765: 401
3766: 4005,528,221,3975,3910
3767: 2453,3616,3624,2815
3768: 3704,4251,3891,408,1742
3769: 1850,3811,308,3333,3470,4055
3770: 2781
3771: 1567,1706,3109,4252
3772: 4059,1339,831,2914
3773: 537
4550: 3921,4798,1337,4791,577
3775: 1783,3827,1762,935,124,1933
3776: 4730,2622
3777: 877,652,4678,3855,1651
3778: 4661,2064,1576
3779: 988,534,4808,4648
3780: 82,4602,3784,3432,1968
3781: 3110,4499,1957,2374,2636
3782: 2287,2833,1937,2963
3783: 3,4790
3784: 2131,4602,4371,82,3780
3785: 357,3232,81,1637,2150
3786: 3164,459,573,726,3760,2853
3787: 3608,987,1352,4685
3788: 4720,2956
3789: 3043,2067
3790: 2262,635,4373,331,2905
3791: 62
3792: 2714,4226,4479
4513: 1233,634
3794: 2563,1842,107,2178
3795: 3531,1595,3976,1904,4406
4704: 2728
3797: 
3798: 2966,4259,158,3907,976
3799: 3817,3304,309,2828
3800: 3930,2021,785,677
3801: 3493,1769,155
3802: 1318,2123,2685,4278,1727
3803: 864,272,4700
3804: 3950,1833,2611,4419,2394
3805: 1776,2583
3806: 1835,973,2993
4531: 9,1990,3325,723,2857
3808: 1129,4722,3848,1219,3819
3809: 2688,4443,101,2444
3810: 1858,4244,2088
3811: 3769,1850,3200,3214,308,2850
3812: 3981,3267,3170
3813: 2661,749,4374
3814: 1898,792
3815: 694
4609: 2142,3001,808,1668,3064
3817: 3799,2828,990
3818: 4508,1881,2895,1348
3819: 3695,3808,3848,1219
3820: 1918,71,1150,879,668
3821: 1485,3851,3220,322
3822: 1522,1266,2508,1180,4544
3823: 1650,3692,1499
3824: 2330,1873,2616,2375
3825: 3186,2044,1508
3826: 4600,1108,1792,1511
3827: 1783,3775,124,832,4589,752
3828: 274,895,2564,3998
3829: 2640,2405,722
3830: 4386,36,2813,2552
3831: 4611,1352,3922,551,3175
3832: 1863,257
3833: 3359,1195,352,4151,1793,3176
3834: 1545,285,1560,1003
3835: 1047
3836: 1072,649,3465,2125
3837: 3265,1353,1852,3661
3838: 991,3224,1082
4655: 1023,974,4576,2229,4670,3955
3840: 222,3686
3841: 3216,606,4442,3632
3842: 3964,4576
3843: 4423,3454
3844: 3690,3512,4626,2392
3845: 787,2287,3580
3846: 3523,4707,4032,4532,403
3847: 3969,1345,3900
3848: 1719,3808,3819
3849: 1397,4116,3533,2488,3883,3513
4557: 3461,2313,1113,2641,2581,34
3851: 2647,3220,1209,3821
3852: 2373,4065,2533
3853: 1224
3854: 1202,2596,2803,4533,954,2334
3855: 4678,1633,877,3777,3374
3856: 477,2393,171
3857: 
3858: 3006,2109,2341,140
3859: 3006,1156,3117,1109,2109
3860: 854,4313,2094,1594
3861: 963,133,2259,4802,296
3862: 4016,3356,1160
4587: 2028,5,469,1448
3864: 4277
3865: 1814
3866: 2998,23
3867: 2354,2236,4781,4273
4768: 2980,556,4461,1835,1517
3869: 1632,52
3870: 2224,1736,2749
3871: 1238,199,3671
3872: 693,1097,2328,1932
3873: 1034,4375,3714,2004,4272
3874: 4818,2921
3875: 4691,1677,446,766,4285
3876: 2000
3877: 1465,1992,503,4138
3878: 604,2512,3461
4798: 3921,4550,4260,443,396,4791,577
3880: 1428,1635,3585,1000
3881: 4323,3110,1957,670,1284,3349
3882: 3097,2310,1018
3883: 2767,2864,1405,3533,3849
3884: 2707,4042,614,647
3885: 2507,2205,4535,486
3886: 1029,1104,4726,4455,2670
3887: 2288,4782,2475
3888: 3754,1864,3202,1862,3310
3889: 3718,4052,2389,79,1590
3890: 
3891: 2233,2937,1736,3768,3704
3892: 772,2954,3162
3893: 1770,2613,1312,4166
3894: 256,1765
3895: 
4684: 2268,3194
3897: 4479,4658,3496,2830
4782: 4674,1566,3887
3899: 4057,4187,3646,3403,2753
3900: 1345,3969,3847
3901: 4484,2663,1785,406
3902: 762,2846,4568
3903: 1480,3396,392,4396
3904: 
3905: 435,54,31,1407,1643
3906: 912,4096,3508,4129,1795
3907: 3798
3908: 
3909: 2765
3910: 1346,1380,3766,221,1879
3911: 3047,1498,2368,1083,606
3912: 3628,4445,4017,3597,714
4770: 938,2030,3245
3914: 1559,1605,426,2409
3915: 2030,3245
3916: 1735,1245,1910,2219,1845
3917: 2017,1950,212,102,3645,1469
4793: 2381,2050
3919: 490,977
3920: 106
3921: 4550,4798,1337
3922: 4685,3831,1352,3749
4696: 1003,1110,3258,168
3924: 3400
3925: 3076
3926: 2772,2874,1891
3927: 2300,1831
3928: 4338,3648,4237
3929: 2656,323,674,1044,3130
3930: 2115,239,2021,785,3800
3931: 15,2930,1231,3944,1939
3932: 326
3933: 1424,2980
3934: 1219,3695,3211
3935: 2597,3674,4329,1079,3355
3936: 2130,2566,3111,3513,3268,2480
3937: 
4808: 4648,3779,534,1771
3939: 1984,83,4294
3940: 1215,4360,4019
3941: 4110,2642
4519: 619
3943: 2742,4288
3944: 1956,1231,3931,2930
4746: 3639,2216,4214,911,2568,1042
3946: 4504,4029,1041
3947: 253,567
3948: 3641,4023,3204,1226
3949: 
3950: 3804,1833,1290,4419
3951: 292,2722,2126,1423
3952: 3055,345,3620,1724,1253
3953: 306,1587,2469,3039
3954: 4653,2946
3955: 673,1023,4655,2229,475,1455
3956: 2319,4701,315,2237,1855,1062
3957: 3710,3958,2895,1348,166
3958: 3957,4298,3710,2895,540
3959: 579,4622,704,4713
3960: 3157,1525,1152,920
3961: 
3962: 55,3353,77,1475,4178,2129
3963: 1053,1344
3964: 3842,857,3271,2327,4576
3965: 1772,70,3633
4701: 1045,2248,2319,3956,1062,3545,3085
3967: 2451,1737,2370,3300
3968: 1607,600,1325,916
3969: 4529,3900,3847
3970: 4052
3971: 2358,1495,243,4660
3972: 2427,570,2711
3973: 2786,2923
3974: 2101,913,4215,868,135
3975: 4112,4140,2070,4147,3766
3976: 2695,1904,1146,3795,1595,4308
3977: 411,3681,1046,1028
3978: 4189,509,3326,2982
3979: 4551,3415,2080,4518,1539,4100
3980: 1638,4174,4131,3419
3981: 2471,3812,4414,1678,3267
3982: 1120,1087,3747,2155,2596
3983: 2473,4763,1702
3984: 543,2355,4778,1055,4650
3985: 882,4815,2120,487,1059,1164
3986: 2650,793,4130,751
3987: 504,2136,3357,2889,4074
3988: 2490,1318,2685,4241,1378
3989: 3462
3990: 2244,2875
3991: 2143,471
3992: 1317
3993: 2616,4628,2686,2757
4765: 3419,2501,2652,2346
3995: 4268
3996: 547,210
4656: 1815,3592,2459,1698,746
3998: 4631,1260,895,3828
3999: 1370,3627,1142
4000: 1349,2220
4001: 3255,4819,1837,3549
4002: 478,4769,1146,1418,4308
4003: 365,3734,3438,3054
4004: 2939,3445,2884
4005: 4725,3766,528,2070
4006: 165,3017,2301,3669,811
4007: 3077
4681: 2675,1512,4341
4009: 2316,1095,964
4010: 935,4285,4665,1762,421
4011: 1287,4566,4541
4012: 2949,4168,2388
4013: 152,169,1332
4014: 2707,57,3336,4767
4015: 436,3733,3338,1445
4016: 3862,1210,3356
4017: 4445,1612,232,3912
4018: 2835
4019: 3473,3508,4360,3940
4020: 560,1631,703,848
4021: 164,1420,455,2507,4535
4022: 3275
4023: 3641,3948,4754,2812
4523: 2876,2999,1953,4739
4025: 4026
4026: 4025
4027: 1769,646,1141,888,3493
4635: 4652,2231,495,1555,3332
4029: 918,4136,3946
4030: 3250,1394,3424,1261,3298
4031: 4256
4032: 3846,4707,403,732,4444
4033: 1708,578,342,1362
4034: 758
4035: 3249
4036: 878,2642,507,3759,581
4037: 691,1912
4038: 4705,2062,4252
4039: 1639,1994,4439,4090
4040: 2261
4041: 3571,1405,3533,1465
4042: 3884,57,2031,2459
4771: 2360
4689: 2243
4045: 1447,3591,3266,1802
4046: 1613,2989,3080
4047: 4303,2146,2803,1228,4533
4048: 4734,962
4049: 3051,1448,3071,1888,1010
4050: 4222,1375,2526
4051: 3632,1313,4644,1498,372
4052: 3718,3889,3970,1590
4053: 4739,4254,1452,2876,2633,1342
4054: 2069,3387,3152,1897,4585
4055: 1822,1386,3769,1850,3470,1588,4438
4056: 51,4225
4057: 3899,3253,4187,3646,984,2753
4058: 4401,4199,882,4815,2158
4059: 3772,2735,2914
4060: 2904
4061: 3725,1101,2638,3655
4801: 4333,1359,2038,2035,3420
4063: 3417,1770,2613
4064: 1436,647,2503
4065: 3852,2373,1940,350,1212
4066: 4168,3238,2755,2532
4067: 2219,713,4095
4068: 147,2185
4069: 2160,542,760
4070: 1458,4330,1593,3184,2286
4071: 4369,1191,4272,1993,4536
4072: 4668,1315,4758,3319
4073: 1526,4752,1676,3214
4074: 2523,260,3987,2136,2889,428
4075: 7,232,2921,1612
4076: 2627,1412,263,1569
4077: 2710,4290
4078: 1871,2135,1257,3485,1869,3079,4420,1327
4079: 4465,4110,878,2642
4080: 1527,3635
4081: 2156,1000,1438,2590
4082: 
4083: 1995,1713,4554,887,1919
4084: 2662
4085: 1757,3091,4322
4086: 2860,4401,4199,4718
4087: 2829,2515
4088: 2261
4533: 1228,1948,4047,2803,3854,2334
4090: 3034,4439,2362,4039
4091: 713,1005,4814,4233
4092: 330,1658
4093: 3091,4617,3410,2822,3335
4094: 444,789,2688,2357,2444
4095: 1126,3147,4067,2219,1845
4096: 1223,3508,3906,912
4097: 4604,1680,1773,929,1711
4098: 2828,901,2561
4099: 2870,2235
4100: 3644,3979,3415,1539,1200
4101: 4451,1461,2351,358,53
4102: 3290,4591,49
4103: 1215,783,4134,4766
4104: 1839,743,2976,4545
4105: 4511
4106: 2745,372,4621,3522,3100
4563: 1636,3217,924,3316
4108: 2849,2274
4109: 993,1764,882
4110: 3941,683,4079,2642
4111: 2759,2885,4505,2968
4112: 221,2408,3975,4147,2127
4113: 2835,4552,4115,1892
4114: 382
4115: 4113
4116: 1397,3849,210,2488,1326,305
4117: 2653,4203,967
4118: 4542,1712,4391,3173,4637
4119: 4359,4331
4120: 1131,3383,662
4121: 3201,3392,978,2391
4122: 4724,570,4559
4123: 336,541
4124: 645,2008,1710
4125: 1783,1974,4686
4126: 
4127: 
4128: 685,20,3227,2456
4129: 4184,3473,3508,3906
4130: 793,3986,751,879
4131: 3980,4174,4503,4224
4132: 3238,1658,245,2532
4133: 2265
4134: 783,4103,3687,2424,3341
4135: 3372,971,3750,1165,373
4136: 318,918,4029
4137: 4669,279,499
4138: 503,3583,3877
4139: 1164,4728,3018,12,1704
4140: 2697,2070,4574,4147,1604,3975
4141: 4235,3176,2654,1793,4424,3403,3708
4142: 2368,1083,2215
4143: 369,4170,2104,2942,3411
4144: 3185,2117,2456,1558,685
4145: 1222,2742,266,178
4146: 1264,1663,1158
4147: 1604,2127,4140,2070,3975,4112
4148: 1129
4149: 2277,1307,3323,3370,3065
4150: 624,2781,795,3236
4151: 175,1330,1087,3833,352
4152: 321,4816,3621,2186,4311
4819: 3255,4001,1976,1902,3183,3165
4154: 4376,2592,3579,2531
4155: 1711,4604,2644,3167,1579
4156: 4356,1561
4157: 3175,143,1935,3135
4158: 2097,1139,1153,2450
4625: 244,3164,1395,229
4160: 2046,2338
4161: 750,1058,1516,1319,2495
4162: 1166,3312,2094
4760: 1254,3719
4164: 
4165: 1032,4663,1567,739
4166: 1922,4352,1167,3893,4197
4167: 3433
4168: 4066,2388,2532,4012
4169: 719,1702,3382
4170: 3553,369,4143
4171: 2972,2524,2006,1014
4172: 4578,3485,3312,1166
4173: 1424,4464
4174: 1638,3980,4131,4503,82,4463
4175: 1203,2149,3552,1313,2745,2414
4176: 2365,3542
4177: 4570
4178: 4935,2129,891,3962,1844,1475
4179: 3327
4180: 2991,1655,2215
4181: 1552,2387
4182: 2074,148,3236,946
4183: 1234,3144,3251,1556
4184: 4129,3446
4185: 3358,1432,1789,1262,4577
4186: 2084,2800,1457
4187: 3899,4057,3253,3646,2318,2969,1860
4188: 902,4377,2019
4189: 207,3978,1697
4190: 1151
4191: 448
4192: 1399,1698,746,2182,2320,420
4193: 1788,2549,2249,4228,1496
4194: 3467,43,1865
4195: 2811,2118,116,2721
4196: 2359,739
4197: 1529,1922,4166,4721
4198: 3290,4591,3550,4238,1198,4567
4199: 4401,4058,4086,2189
4200: 2602,3761,2522,1564
4201: 1351,2995,358,2225
4202: 499,1492,4669
4203: 4117,2653,967,3275
4204: 2499
4721: 1072,3338,4197,1529,1922
4206: 457,1383,1903
4207: 1063,3571
4208: 683,4465,368,3763
4209: 4381,1341,2164,2878,344
4210: 3114,1321,146
4211: 474,4333,3581,69
4212: 3610,3483,1484,1369,2723
4213: 3284,1181,4750,3294
4214: 4746,2216,1042
4215: 1629,3272,3974,135
4216: 836,4255,2296,2106
4217: 4603,1641,1763,2687
4218: 2836,2167,2892,733,1382
4711: 2749,1683,3231,98,717
4220: 423
4762: 2651
4222: 4723,1375,711,2526,4050
4779: 3741,448
4224: 732,4444,1226,4131
4225: 3189,804,1452,51,4056
4226: 2714,3792,414,1949,903,3546
4227: 
4228: 1604,2127,2549,4193,1496,3171
4229: 2593,3587,3130,2657
4230: 
4231: 2310,4357,3691,3422,4588
4232: 
4233: 4814,4091
4234: 1555,4423,1495,2913,3454
4235: 4141,3176,1372,3403
4236: 1513,575,2977
4237: 3648,3928,4338
4238: 3550,584,3559,4198,2928,1198
4239: 950,4761,4571
4240: 842,2162
4241: 2039,1378,2490,3988
4242: 3044,3038,1080,553,299
4243: 2137,2750
4244: 1858,3810
4245: 2992,2352
4246: 1547,4679,963,1727,2123
4247: 
4248: 
4249: 2689
4250: 45,1125
4251: 3768,3704,2911,1384,3074,408
4252: 4038,3771,1706,3350
4253: 4311
4254: 4053,2903
4255: 850,4216,4294,2106
4256: 4031,2576,3665,2474
4257: 709,1587,1634,1252
4258: 4571,1100,846,4554,1713
4259: 4537,158,3798
4260: 4798,1245
4261: 2687,2593,2656
4262: 4780,452
4263: 4270,2102,1779,4276,4440,3486
4264: 4336,2902
4605: 697
4266: 
4267: 326,1984,4294,1064
4268: 3995,3721
4269: 
4270: 4263,2102,3391,3693
4271: 972,616
4272: 4071,89,2004,1034,3873
4273: 2141,3867,3192,4781
4274: 150,2078,354,3394,1406
4275: 2264,4413,4743,2518
4276: 826,4440,4263,2102,110
4277: 3864
4278: 4585,3705,3802,2685
4279: 3098,2881,4632,2182,2320
4674: 4782,3317,4661,2064
4281: 462,1963
4616: 3169,177,3328,55,3353
4283: 2422,2171,1872
4284: 1515,1469
4285: 4010,766,3875,421
4286: 771,94
4287: 1760,810
4288: 3943,266,279
4289: 2128,797,433,2854
4290: 1809,267,4077
4291: 3494,1981,615,854
4292: 2324,505,2156,1470
4791: 577,3552,2304,4550,4798,1337,2441
4294: 4255,1984,3939,4267,1064
4295: 3064,3300
4296: 2502
4297: 4403,1697,2873
4298: 3710,3958,3663,3460,1297
4299: 
4300: 2531,48,242,312
4301: 2960
4302: 
4303: 2357,4047,664,1228,1293
4304: 434,122,940
4305: 722,2788
4306: 1407,3593,1643,2638,3490
4307: 
4308: 3640,1418,3976,4002,1595
4309: 1310,3655,2793,4732,1854
4736: 245,3599
4311: 4820,4152,4253
4312: 1541,2627,13
4313: 3860,611,1594,3584,655
4314: 2107,2315,356,1472
4315: 2292,923
4316: 333
4317: 1287,4361
4683: 4719,2588,947
4319: 16,646,1141,957,1302,2500
4320: 
4321: 
4322: 2610,2709,1757,4085
4323: 3881,3110,4710,1284,491,1441
4324: 535,2244,2875
4325: 2899
4326: 754
4327: 3062,4433
4328: 
4329: 1079,1721,2416,4573,2597,3935
4330: 1458,4070,3184,2752,27,1601
4331: 3474,4119
4729: 1826,277,1907
4333: 474,4211,4801,2038
4334: 1662,4559,4603,1641,2737
4335: 2763,3673,1865
4336: 4264,3237
4682: 1406,1880,3527
4338: 2948,3928,4237
4339: 1503,4734,99,1747
4340: 2666,2733,1500
4341: 4681,3160,83
4342: 1911,1482
4343: 4450,3524
4344: 3196,3579,2592
4345: 4597,4421,4646,3547
4346: 690
4347: 2808,2780,4715
4348: 1071,1096,2783
4349: 1504
4350: 1722,3372,415,2508,1266
4351: 49,3020,531
4352: 1922,4166,2613,4394
4353: 1163
4354: 164,1420,1208
4355: 3135,2754,4595,4491
4356: 4156
4357: 3097,4231,643,4588
4358: 682,2192
4359: 2565,3707,4119
4360: 1247,3940,4019
4361: 1603,4317,1287,1204
4362: 3045,1149,2665,1895
4363: 2537,1024,3182,3209
4364: 
4365: 3229,2214,2692
4650: 1055,1135,3984,2355
4367: 
4660: 3595,2197,3971,1599,2193
4369: 4071,1191,1034,931
4370: 4453
4371: 375,4602,3536,3784,2131
4372: 
4373: 187,3790,635,2905
4374: 3813,2661
4375: 1034,4623,3873,1836,1856,3715,1752
4376: 4154,3628,691
4377: 4188,3066,3153,622
4378: 2703
4379: 4422,3683,893,763
4719: 738,4683,2699,2020,947
4381: 3155,4209,1341,344
4382: 712,2816,2099
4383: 975
4384: 4667,2072,2347,3479,3392
4385: 109,999,2314,1680
4386: 3830,3048,36,541
4387: 
4388: 3251,3233,155,1074,182
4389: 1408,929,425,1592,4493
4390: 2922,652,1249,3550,584
4391: 3173,775,1712,4118,4733
4392: 4530,1878,2519,1281
4393: 828,3481,3542
4394: 3733,1922,4352,1570,3014
4395: 413,1199,2166,837
4396: 392,3396,3903
4397: 3217,3331,2792,489,1941
4398: 1933
4399: 1058,2477,1520,3155
4400: 1466
4401: 4199,4058,4086
4706: 2701,1938,3177
4403: 4297,1697,207,1299
4404: 1997,1221,1890
4405: 468,1311,476
4406: 3456,2770,3408,1904,3795
4407: 2743,3560,3324,1838,3067,3344
4613: 4642,3423
4409: 648,1792,1968,4481,2209,654
4410: 2821,1137,2288,2935
4411: 2345,1582
4412: 1827
4413: 4275,2518
4414: 3316,1678,369,2471,3981
4415: 1693
4416: 1943,511
4417: 4432
4418: 3237,3713
4419: 2025,3950,3804
4420: 2858,3079,156,1871,4078
4421: 4345,3547,515
4422: 3683,445,4379
4423: 3843,3454,4234
4424: 2654,1793,4141,3176,4469,3708
4425: 1144,1889,1217
4426: 1288,3081,1563
4427: 219,1477,2521,3206,993
4428: 3732,3019,924,3331
4429: 
4430: 185,192,2862
4431: 2074,3541,148,844,3221
4432: 4417,4478
4433: 3062,4327
4434: 2937,1563,2239,2911
4435: 631,249
4436: 2025,2413,1718,4630
4437: 872,509,1329,2330,481
4438: 1588,4643,4055,1386,247
4439: 2005,4090,4039,3744
4440: 4276,826,4263,1779,3486,188
4441: 2506,1052
4442: 3216,3841,606,2368,1551
4443: 3809,2688,1514,2665
4444: 4224,732,4032,1226
4445: 4017,1612,3912
4446: 
4447: 725,2061,1168,1803
4448: 3738,2777
4449: 2830,2641,2559,2981
4450: 4343,2865
4451: 2351,4101
4452: 2163
4453: 2446,4370
4454: 195,718,2718,1444
4455: 4726,1720,1413,338,3886,2670
4456: 2680,4651
4457: 1106,1016,2133,576,610
4458: 4949,2782,1279,665
4459: 2536,4741,3153
4460: 1171,512
4461: 3716,4768
4462: 839,1419,2918,366
4463: 82,4481,4174
4464: 205,3032,1424,460,4173
4465: 683,4208,4079,3763
4466: 790,1707,2274
4467: 1768,4764,1187
4468: 1302,2075,3458,957
4469: 2421,1255,2654,4424,3708,3712
4470: 3107,2145,4797,831
4471: 385,3252,2500
4472: 
4473: 2994,3134
4474: 533
4475: 458,2042
4476: 375,4602,695,3432,3596
4477: 4485,265,892
4478: 4432
4479: 4658,3897,581,2714,3792
4480: 4483
4481: 82,4463,1968,648,4409
4482: 
4483: 2083,4480,35
4484: 3901,406,1914,2704,1810
4485: 4477,265
4486: 1496,3171,319,2562,446
4487: 4784
4488: 2266,989,4524,1476,2280
4489: 2890
4490: 3412,3530,653,3108,4492,1267
4491: 2530,3443,4355,4595
4492: 3108,419,653,4789,4490
4493: 1592,2601,2211,4389,425
4494: 3604,1268,1392
4495: 2849,2975,2867
4496: 4634,2736,1189,695,4593
4497: 2259,835,1576,4802
4498: 1328,1429,251,2329
4499: 3110,3781,2374,3670,4710,40
4500: 3521,955
4501: 2112,3145,3423
4502: 3025
4503: 3204,4174,4131
4504: 3578,3946,1041,379,2506
4505: 2968,4111,2759,2250
4506: 771,1115,1754
4604: 4097,1408,929,1711,4155,1579
4508: 3818,1881,2848,184,873