0: 2812,876,1920,82,1874,3639
1: 4467,3632,2107
2: 4695
3: 3307
4: 
5: 1200,4518,4451,1095,1679
6: 
4620: 4277,410,1363
8: 4498,4132,2755,1070,3511
9: 92,767,2241,2825
10: 
11: 4109,4724,4258,2178
12: 3112,2595,4598,1495
13: 3471,2110,2677
14: 3091,2037,3830,504
15: 4795,2433,3749,2582
16: 2995,2126,818,2553,4049
17: 3421
18: 4596,3959,3201
19: 994,2569,2579
20: 2024,4219,2535,2813
4585: 3044,4603
22: 3715,4406,1993,4440,1180
23: 1333
24: 
25: 40,668,1474,670
26: 1201,2566,2044,210
4626: 615,2528,1393,2401
28: 2875,2843,1804,4529
29: 1612,196
30: 3678
4553: 2590,4716
32: 2136,572
33: 247,3941,2013,1305
34: 1459,1503,3468
35: 4759,4581,3208,4811
36: 837,85,1570,2752
37: 985,3901
38: 456,157,766,933,1720,3102
39: 2184
40: 25,668,1474,1012,4003,1201
41: 128,4209,4807,269
42: 1306
43: 3597,1635,449
44: 
45: 3004,4454,4560
46: 1142,2058
47: 1122
48: 3177,1765
49: 3811,4492,1059,3351,4151,1842,2724
4807: 3460,529,41,128
51: 3189,220,1379
52: 2571,4390,1307,3247,584,3976
4476: 1795,1082,2766,3565,1212
54: 4020,4772
55: 2928,1597,887,1806
56: 176
57: 3012,2540,3350,1032
58: 3888,710,1196
59: 3440,3661,160,3193
4333: 4636,4158
61: 4501,374,1559,3672
62: 
63: 2438,4444,2930,168
64: 4083,3369,1514,813
65: 1791,2479,3464,3175,3583
66: 1328,3542,1998,540,2861
67: 2616,412,3978,2387,3647,4292
68: 3612,4032,4542,4623
69: 4295,4158
70: 
71: 2359,3188
4307: 
73: 1590,3399,533,2542
74: 539
75: 2017,827,3547,150,3881
76: 2735,3458,1848,1900
77: 2545,846,4815,1677,2497,3854
78: 4083,4097,3369,3788
79: 1778,4819,3050,4392
80: 3803,497,2784,4326
81: 654,712,3996
82: 1424,1638,3204,3693,1874,0
4711: 1184,1173,3566
84: 1041,1438,3411,369,2364
85: 1570,4093,4428,2752,3716,36
86: 406,4385,2380
87: 
88: 2064,835
89: 4623,2391,2310,1493
90: 
91: 632,2990,1993,99
92: 767,9,3155
93: 3614,4448
94: 1961,2522
95: 1306,267
96: 
97: 1385,548,4059
98: 2132
99: 2836,1750,4144,1993,4440,91
100: 2568,4222,481,1118,429
101: 1793,3370,1300,2296,3273
102: 2914,3608,3749,2433,143,1323,3342
103: 4053,4594
104: 1801
105: 4163,1621
4355: 4556
107: 927,4660,652
108: 1016
109: 1204,3752,959
110: 2327,4524,3709,3185,1750,4144
111: 1597,4109,3328,2146
112: 4610,3063,362
4791: 4653,1285
114: 
115: 3921,2720,4175
116: 1057,897
117: 4187,3539,2532
4429: 3504,4179
119: 2227,1660,3735,2441
120: 4756,4562,3536,1260
4529: 1804,28,273
122: 3137,2954,2992
123: 4128,857,726
4680: 3727,2307,3200,2129
125: 1530,699,3698,4512
4532: 4386,3812,2692,973,3948,872
127: 3623,3723,4637,4125
128: 551,41,4209,893,1234,4807
129: 676
130: 4565
131: 
132: 
133: 4410
134: 3319,143,3342,1099
4596: 18,922,3959
136: 2890,2792,4107
137: 
138: 233,2383,2910
139: 1271,1043
140: 2546
141: 3047,1657,2451
4361: 2788,4097,4702,2319
143: 1323,3342,102,134,1099
144: 3612,4032,3886,332
145: 4273
146: 2283,3147
4319: 4549,1436,2518,957
148: 
149: 803,211
150: 2459,3689,75,3547
151: 938,2354,1037
152: 2339
153: 2408,900,2850,4226
154: 3265,3396,1156,526
155: 2969,4490,688,849,785
156: 2053,602,3603
157: 456,766,38,933,3202,2245
158: 2690,771
159: 
160: 665,3193,2339,59
161: 3677,1853,4682,237,3278
162: 
163: 4253,3055,1008,165,2019,3584
4762: 4058,3972,3112,1073
165: 2019,1869,163,3584
166: 170,3476,3754,1205
167: 404,1684,3138,2456,3500,3746
168: 4382,2930,63
169: 772,3481,1749
170: 166,1205
171: 2261
172: 2337,450,2399
173: 1245,3268,3513,4343,4723,4329
174: 1074,4758,182
175: 4678,4135,4228,3176
176: 56
177: 4616,1767,891,290
178: 465
179: 1858,2123
180: 1710
181: 3101,1917,621,3876,2938
182: 940,3645,174,292
183: 4101,968,4657
184: 3463,4349,4176,4767,440,4315
185: 1799,2703,4013
186: 1833
187: 2693
188: 2213,4705,2455,3571
4295: 69,4158
190: 2647,2778,3264,1372
191: 1734,2338
192: 397
193: 4094,3065,1064,2646
194: 4443,2751
4771: 3248,3236,4575
196: 4564,29
197: 
198: 1181,4548,3979,4693
4796: 4017,1941,3115
200: 1295,2303
4634: 1432,2439,4766,2167
202: 2341,2273
203: 
4794: 4784,474,3263,1956,3911
205: 4077,2909,960
206: 2073,809,4349,954
207: 4624,1809,4817,1808,4707
4785: 336,4263,3700,1226
209: 1705,3553,4063
210: 2373,3644,346,26,2566,2044,2424
211: 1754,149,4521
212: 2840,792
213: 583,3451
214: 473,3888,871,908
4507: 804
216: 1419,3395,1856,3996,4586,2350
4420: 2469,560,4111,1594
218: 2615,486,1904,3168
219: 4199,487,3240
220: 3189,51,3621
221: 2121,461,3259,692,2931
222: 1922
223: 820,3363,1068
224: 908,433,1234,893
4613: 2821,3904
226: 753,2054
227: 3088,2212,402,317,4424
228: 1361,1430,4098,644
229: 4712,3571,2865,2597
230: 1727,4583,4497,3495,2147
231: 3529,2906,3858,2383
232: 992,4263,2686
233: 2383,138,2910,4800
234: 899,1546,1126,3736
235: 2225,1944,2150
236: 1445,3292,4113
237: 1139,3322,3278,161,4289
238: 1293,3206,3190,3475
239: 4725,2934,989,1620,1376
240: 3520,680
241: 720,1824,1893
242: 2422,705,3321,2410,673
243: 2588,2698,2887,1822
244: 3582,4159
245: 2239,2594
246: 4184,1419,3882,4462
247: 33,1305,4718,2570,4615
4419: 1833,3773
249: 4666
250: 515,2386,4753
251: 434,2578,2182
252: 3061,1817,4431
253: 4408,1178,3160,4047
254: 1222,2353
255: 3908,2536,1980,2216
256: 885,1938,691
257: 1693,460,1299
258: 3048,2033,2942,2469
4481: 1685,3097,1925,1114,4207
4693: 958,198
261: 4152
262: 3058,2367
263: 2293,4242,4229,4122
264: 2279,3115,3567,2461,2980,4296
265: 719,4363,385,2680,513,1950
266: 2713
267: 95
268: 302
269: 1862,41,4209,742
270: 3607,2430,4384,2181
271: 479,2523,648,2496
272: 4496,4764
273: 4529,575
274: 895,3477
275: 3249
276: 737,3554,4604,2551,3167,4348
277: 882
278: 2480,4023,3513,2403
279: 2205,4605
4323: 365,1794,1183,1268
281: 
282: 3095,610,1844,3559
4446: 1286,1292
284: 2150,3505,3677
285: 834,4180,1309
286: 2701
287: 1356,4443
288: 4266
289: 2714,2981,1343,1870,4438,3379
290: 3646,4660,177,4616,891
291: 1221
292: 3232,182,357
293: 
294: 1084,1622,2121,461,935
295: 1725,1148,2953,4163,2429
296: 4166
297: 4219,4276,2419,1289,4580
298: 3018,3811,4492,1948,4434
299: 
300: 2319,2309,1885,2248
301: 4783,4584,2275,2669
302: 4047,1425,268
303: 4714,1236,3434
304: 1104,1562,1738,4450,1346
305: 4062,3508,1668,3523,316
306: 1892,2884
307: 3254,802,1009,3986
4752: 3564,1554
309: 4820,2856,1407,310
310: 3701,309,1407
311: 4584,820,2785,2250,1025,3048
312: 
313: 3026,4127
314: 499,425,1330,1683
315: 1064,1711,1394,1928,3065
316: 3523,4062,3508,305,2659,1005
317: 2481,402,227,3011
318: 2884,2338
4311: 2112,458,699,2719
320: 2739
321: 974,3716,3713
322: 582
323: 2437,1707,1467
324: 2292,2482
325: 3419,1162,4754
326: 4805,3708,1477
327: 1922,3400
328: 508,3562,4599
329: 3757
330: 
331: 2066,3673
332: 3195,1388,144,3886
333: 795,2056,3883,1515
334: 1823,4816,1913,1325
335: 2837
336: 4785,1189,1882,597
337: 4676,2417,3346
338: 2512,1501,2613,4576
339: 1425,2159
340: 4683,2006,2197
341: 3944,1237
4580: 4377,297,4219,1289,733,2813
343: 3152
344: 914,2101,511,3374
345: 2889,1101,3830,564,769
346: 3644,210,2424,503
347: 3922,2057
348: 4174,1868
349: 1205,3336
4458: 3388
351: 1489,4501
352: 567,4346,4805
353: 
4766: 2982,1218,2301,1432,4634
355: 1383,724
356: 2054,996,1015
357: 453,3917,292,4363
358: 1243,2080,3339,1423
359: 3152
4570: 4564,3134
361: 724,1383,4611
362: 112
4348: 4780,276,2551,3167
364: 1595,2311,4774
365: 4323,1738,3054,1840
366: 2424,2636,3604,1223
367: 2436,2569,684,3968,3627
368: 4368,4449
369: 2279,84,1041,1438
370: 3007,4814,3078
371: 1258
372: 2350,1970,1419,4462
373: 2559,3964,1113,1241,3211
374: 61
375: 4619,2919,2557,4624,3673
376: 1026,4124,3023,2580
377: 3572
378: 3410
379: 4204
380: 1076,977,1243
381: 3027
4659: 3253,2724,3296,3811,4434
4452: 
384: 3618,3940,4764,4621
385: 3923,2071,2680,513,265
386: 
387: 1729,4119
388: 3422,2209
389: 3848,3116
390: 2493,1123,4188
391: 4269,3061,2097
392: 3472,2628
393: 2584
394: 4453,3165,963
395: 2322,1977,3770
396: 1564,1624,1389,2083
397: 462,192
398: 1491,4543
4592: 4031
400: 2285,3504
401: 2465,666,2381
402: 2212,227,317,3609,2164,3011
403: 4095,3283,4142
404: 167,3844,3746,2213,1455
4436: 3931,1690
406: 86,3127,2380
407: 3998,2047,3815,3326
408: 1633,1225,3637,2224
409: 4324,3900
410: 4277,4620,1363,3541,1185
411: 1051,451,3617,1958
412: 2616,67,2387,4373,4292
413: 2925,1701,1609,4692
414: 419,2711,2048,3878
415: 1871,1499,4778
416: 3707
417: 1106,679,3476,2500
418: 3573,4286,4759
419: 2711,414,438
420: 2470,2134
421: 4285,2245,4725,4339
422: 2982,2301,3745,3125,2258
423: 3783
424: 2549,2872,4005
425: 314,1683
426: 4739,4819
427: 3135,4289,3449,4421,4682
428: 460,2574,1056,564,1838,2889,4085
429: 1118,1503,100,3468
430: 4051,4756,1304
431: 4061
432: 580,1195,4809,4235,1194
433: 1234,3710,3681,224
434: 2578,251
435: 1829,3593,770,3905,2709
436: 1327,1607,2344,498
437: 3670,3377,1686
438: 4438,3836,4416,419,2277
439: 3901,1960,1875
440: 2731,4176,184,4315
441: 4108,3308,1358,3802,721
442: 1603,1826,3729
443: 3989,3297,806,4200
444: 4139,1188,3985
445: 490,3521,1254,2172
4621: 4496,4764,3849,3047,384
447: 1045,1164,2519,4402,3024
448: 3058
449: 3946,43,3597
450: 4773,172,2337
451: 1051,411,1958,2630
452: 
453: 3917,357,4629,940
454: 
455: 1632,3405,2133
456: 157,766,38,1720,1583
4691: 4183,3758,3287
458: 4311,1122
459: 4351,4198,2629
460: 2574,1882,428,257,4085,1299
461: 2121,221,294,2931
462: 397
463: 869
464: 3370,3273,3869
465: 178
4688: 2997,2067
467: 
4748: 1026,4124,3415,636
469: 3251,4209,1862
470: 2718
471: 2994
472: 3387,641,3668
473: 3182,3280,214,908,3966
474: 4784,4727,4794,3911
475: 2672,2560,826,4193
476: 3133,1671
4810: 3567,2980,1438,492
478: 681,3173,3016,4055,791
479: 271,2608,2496,1218
4372: 
481: 3139,4270,729,2568,100
4755: 808,1955,2149
483: 1217,4260
484: 3750,725,2712,857,4608
485: 2916,2281,4669,2756
486: 2615,4027,218
487: 2920,1949,219,4199,3240
488: 3103,3001,2219,2987
4299: 
490: 445,2863,3884,2172
491: 752,4686,2526,1181,1022,3349
492: 2364,1854,4810,3486
493: 4536,2206,1479,4391,3202,766,1604
4358: 
495: 696,1447
496: 1371,4117
497: 3416,2784,3446,80
498: 3655,436,4162,1981,1732
499: 314,2803,4385
500: 2868,3533,4243
4373: 2111,2671,4697,412
4305: 984
503: 1511,1336,346
504: 3830,3335,2037,14
4298: 3396,526
506: 1789,1162
507: 
508: 620,328
509: 1411
4663: 1018,2501,2077,1497
511: 344,3296,942,3977
4381: 2426,528,2298,3233
513: 1950,385,2071,2680,265
514: 2351,1900,2518,3458
515: 250,2470
516: 1764,3279
517: 4821,1245,4329,1377,4593,1063
518: 4212,1431
519: 1179,4015
520: 821,1160
521: 3518,4485,2043
522: 4303,4535,1121
523: 592,4674,4043
524: 3578
525: 3518,4611
526: 1156,3396,4298,154
527: 4804,4322,4384,4369
528: 4381,3325,2266,3766
529: 3460,4807,4439,742
530: 2677,3335,1859
531: 3323,3127,1228
532: 4079,3181
533: 2010,4747,73
4800: 2910,233,2383
535: 
4518: 2572,1888,3674,5,1679
537: 2899
538: 2992,1580,2848,3892
539: 74
540: 3542,1998,905,2005,66
541: 2696,2033,1570,2471
542: 4418
543: 924,3725,2284
544: 2746,3409,896
545: 664
4759: 35,3208,418
547: 4409,4329,4343,1063,1733
548: 3077,3132,1586,97
549: 2985,3719,1853,3278,4547,718
550: 1970,1377,2804,1215
551: 128,4209
552: 1394,1267
4602: 
554: 
555: 3747,1651,1573,1688,1120,653
4636: 2864,3180,4333
557: 2585,2366,4052
558: 2376,2974,793,2690
4511: 
560: 4111,1068,4420,2469
561: 3882,4211,4134
562: 3671,2062,2748
563: 1865,1435
564: 1431,1838,769,345,2889,428
4814: 3078,4645,4543,370,3585
566: 2143
567: 352,4346,983,4805
568: 3784,1223,839,4150,711
569: 1906,677,3756,1134,1762
4435: 3304
4494: 1694,3644,1841
572: 1835,32,1634,2136
573: 4559,3836,4416,2851
574: 
575: 273
576: 3976,3203,4469,4502,3247
577: 1827
578: 3467,1155
4641: 4081,4173,1959
580: 432,4809,4235,4490
581: 1275,3057,2619,2561,1976
582: 1666,322
583: 213,3355,4185
584: 2596,3247,52,1307
585: 
4823: 1567,4003,1012
587: 2988,2953,2651
588: 1198
589: 
590: 1661,1846
591: 3435
592: 523,4043
593: 1448,1886,3349
4438: 438,3836,3379,289
595: 2775,3528
596: 2731,3235
597: 1189,336
598: 1211,2898,3781,4531,4586
599: 3761,1827,3921
600: 902,3271,1550
601: 4111,3184,1594
602: 2218,156
603: 3302,2830,3972
604: 841,2600,2595,2588,4073
605: 2623,3618,1108
606: 3552,1571,859,1905,2529
607: 2453
608: 1055
609: 1728,2933
610: 1844,1227,3531,3095,282
611: 1997
612: 3942,2679
613: 3991
614: 3076
615: 4626,1999,2229
4767: 2949,717,2944,3463,184,4349,954,923,794,2321,4315,3162,2789
617: 2342,1150
618: 4149,3697,3351,1059
619: 
620: 508,4599,2799
621: 181,3101,3876
622: 2828,1103,3057,4394,3217
623: 2783
624: 3135,4289,3322,2800,4470
625: 745
626: 
627: 2394
628: 2437
629: 
630: 1338
631: 1847
632: 2990,91,4705,2455
633: 4709,3714,4178,3760,3786,3873
634: 3947
635: 808,1611,4562,3536
636: 706,1887,1026,4748
637: 1457,4400,3430
638: 3424,4519,1658,850
4806: 3817,1777,1535
640: 4044,2969,4809
641: 3387,472,3668,4052
642: 3170,4746
643: 859,3158,4130,1954,898
644: 2176,4098,4352,4474,228
4530: 1100,2682,2431
646: 2895,2735,746
647: 2866,2164,1904
648: 2496,4569,271
4660: 290,652,891,107,927
650: 
651: 2184,3680,2423
652: 4660,2922,107
653: 2695,1471,555,1573,1736
654: 81,3111,1397
655: 2858,2752
656: 1591,2782,3434,3919,4064,4042
657: 2989,4359
658: 853,3987,2847,4383,4369
659: 
660: 2991,739,1247
661: 4241,3165,1500,3776
662: 1075
663: 3339,2306,3839,1494
664: 545
665: 160,3193,1010,3510,1449
666: 401
667: 1350,1664,4480,3022
668: 25,40,1474,1012,670,1201,2484
669: 703,1540
670: 2958,1381,2915,25,668,2484
671: 3220,3958,2076,1653
672: 1847,3904
673: 2410,2709,837,3519,242
674: 3332,1495,1318,2151
675: 1702,2989,2087
676: 2260,129
677: 569,1906,1516,1742
678: 3310,1380,4567,697,1341
679: 3476,417
680: 1338,3520,240
681: 3173,478,1194,3016
682: 
683: 2307,2887,3190,3475
684: 2436,2569,367,3495,2147,2548,3627
685: 4643,2642,2711,3759
686: 1701
687: 4470,3772,2779
688: 2647,2969,155,4490
4675: 3069,2773,2127,3299
690: 3385,4731,4561
691: 3450,256
692: 1496,832,221
693: 
694: 
695: 4593,1215
696: 495
697: 1990,4567,678,723,2028,1341
698: 2690,1578,771
699: 1530,125,4311
700: 2837
701: 1733,1083,4409,3149
4457: 1616,904,3646,2922,4459,2562
703: 3762,669,4004
704: 1803,840,1289,4377
705: 2422,242,2330
706: 1887,636
707: 1141,3923,3232
708: 1577,1414,921
709: 3579,720,1253
710: 2866,3231,58
711: 4150,1940,3420,568
712: 81,2915,2736,2958
4629: 940,3339,453
4723: 4343,1851,3268,3451,173
715: 1453
716: 4203
717: 2949,4767,2628,923
718: 4547,549,3719,3986
719: 3142,265,4363,1950,3037
720: 1382,241,1253,709
721: 3802,3934,441,4108,1358
722: 3928,4568
723: 2119,1990,697,2028
724: 361,2463,355,1383
725: 3657,484,3750,1086,921,4608
726: 1704,123,2391,2310
727: 4551,2070,1463,2052,2021
728: 1527,2363
729: 1836,3993,4270,481
730: 3957,4719,3859,2778,849,3800
731: 
732: 2256,1256,3357,3163,3479
733: 2535,3987,2813,4580,3993,2272,4383
734: 1567,948,4337,3556
735: 
736: 3390,2521
737: 3554,276,1785,2551,1633
738: 4554,1646,1510,1240
739: 660,937
740: 2084
4561: 4731,690
742: 4685,529,269
4706: 1615
744: 1865,4297,1133,4539
745: 3401,625
746: 2635,2462,646,873,1046,2735
4377: 4580,704,1289,3993
748: 2675
749: 1760
4598: 1281,4401,4058,1495,3112,12
751: 1373,1731,4412
752: 491,1067,4686,2526
753: 3544,4520,2054,226
754: 2504,3847,1975,2875
755: 836,3528,1810
756: 3303,1011,990,2759
4499: 4763,3702,941,2055
758: 2118,4379
4627: 4140,1288,877,1227
4702: 1097,959,1230,2788,4361
4603: 3044,1814,4585
762: 969
763: 4753,2943
764: 4014,1047
765: 
766: 456,157,38,3202,493,1604,1583
767: 92,9
4469: 3203,576,4780
769: 1431,564,3830,4212,345
770: 1325,4306,2709,435
771: 3541,158,698
772: 169,3481
773: 
774: 3804,4099
775: 3499,3209,1161,3124,964,1175
776: 
777: 2205,4533,3334
778: 1790,1812
779: 3927
4346: 567,352,983,4216
781: 4039,2957
782: 3421
783: 3394,4116,2080,1265,1076
784: 949,2491
785: 849,3800,2969,155,3480
786: 966
787: 919,2308,1445,2950
788: 2351,3365,1236
789: 1486,3403,1216
790: 2060,4466,824
791: 4574,478,3016,1288
792: 2840,212
793: 3649,558,2974,2690,3215
794: 2321,3162,4767,2789,3192,1173
795: 4337,2056,333,3556,2746
796: 2482
4392: 4197,3050,79
798: 1155,3731,4033,4131,2587,3467
799: 
800: 2402
801: 4149,1307,2415,3018
802: 307,1339,4547,3986
803: 149,3383
804: 4507,2160
805: 3073,3246,3501
806: 3114,443,4200,2741
807: 812
808: 635,1611,4755
809: 2073,206,4393
810: 960,2527,2348
4812: 1787,3944
812: 3308,807
813: 2358,64,2006,1514
814: 2617,3288
815: 2895,1024,4090,3081,3006
816: 4188,1608,4118
817: 1312,2039,2427,3367
818: 16,2126,2553,2878,3318
819: 1389,4425,1163
820: 2669,4584,311,223
821: 520
822: 1655,1926,4788,3565,1392
823: 
824: 2407,2268,790,2060
825: 
826: 4193,475,4573
827: 75,2017,3547,4657
828: 2292
829: 2396
4410: 133,4148
4288: 2412
832: 1496,692,3777,2495
833: 4715
834: 285,976
835: 994,88,3850
836: 755,3528,1759
837: 36,1570,3519,2355,673
4496: 4764,4621,272,3849,1362
839: 2488,3838,1223,568
840: 1803,704,1289
841: 604,2595
842: 3385,4731,3356
4542: 4128,68,4032,4623
4556: 4355
845: 2637,4787,3408
846: 2178,77,4815
847: 1924
848: 
849: 3800,785,2778,730,155
850: 1658,1960,638
851: 2640,1370,2687,4638
852: 
853: 3079,658,4369
854: 1550,902,1060
855: 3360
856: 1154,4013
857: 3315,484,3750,4128,123
4799: 2114,4016,1206
859: 643,3158,4231,1905,606
4666: 249
861: 2684
862: 1445,2950,995,3226,4113
863: 3598,1881
864: 1956,3911,898,3552,1571
865: 884,4238,4625,4332,2483
866: 2791
867: 4105
868: 4102,953,1058,1616,1879
869: 463
870: 4516
871: 3888,3280,214
872: 1313,2610,4532,973,3948
873: 1046,2744,746
874: 3577,4665,3054
875: 2078,1896
876: 2812,1920,0,3669,1226,1232
877: 2133,1288,4627,4140
878: 3201,4608,2712,2168
879: 3180,3826,3671,2864
880: 4730
881: 3122
882: 277,3313
883: 2032,4016,2109,3833,4508
884: 865,4238,3777,2495
885: 256,3123,1938,2527,2694
886: 3417,2641,2988
887: 1806,4024,2773,2928,55
888: 3658,4744
889: 3956,3412
4630: 4775,1807,2299
891: 177,3290,4660,290,2098
892: 1536,1813
893: 128,4209,1234,224,1598
4286: 418,3573,3327,3965
895: 274,3477,3916
896: 2750,3409,544,3263
897: 116,1335
898: 643,1956,864,3552
899: 234,1242,1498
900: 2851,153
4356: 
902: 600,1060,1550,854
903: 1312,2593,3302,1662,2427
904: 4457,1616,1879,4459
905: 3542,540,1653
906: 1805,1037,2354
907: 3761,4788,1392,2814
908: 224,473,214,1598,3966
909: 2063
910: 2912
911: 4573,3571
912: 4138,4454,4560,1231
913: 3168,1642,3231
914: 344,3374,1632
915: 935,4308,2266
916: 978,4076,1636,1499
917: 4229,4110,4718,2293,4615
918: 2105,4173
919: 787,2308,3423,2833,2950
920: 
921: 708,725,1086,3959
922: 4596,2678,3655
923: 3447,2628,2949,4767,717
924: 543,4078,1530
925: 3330
926: 2222
927: 2098,1743,107,4660,4280
4313: 3363,4078,1530,3392
929: 2254,1802
930: 936,3372,1113,1241,2559,3657
4488: 4391,4285,3734,1479
932: 1695,2580
933: 3975,1180,157,38,3102
4363: 719,3142,265,357
935: 915,4308,3640,294,2442
936: 930,3372,3315,1388
937: 3980,739,2156
938: 151,2354,4422
4317: 3729
940: 4629,3839,182,3645,453
941: 4499,3702,2816,2055,2376
942: 3299,3296,4024,511
943: 2161,1188,3381,2760
4811: 1390,2522,35
945: 
946: 4662,2930,3215,4259,4444
947: 2158
948: 1515,4213,1567,734,4337
949: 784
950: 
951: 1219,1599,3757
952: 993,1318,4635
953: 1919,1058,4005,4102,1207,868
954: 3463,4349,206,4767
4521: 2345,1754,211
956: 3659,1022,1181,4750
957: 2961,4319,4549,3818
958: 4693,2758,2959
959: 4702,109,3752,2788
960: 810,2527,205
961: 1290
962: 3391,1119,2483,2599
963: 1167,1452,4453,3924,394
964: 4640,1175,775,3499
965: 1375,2597,4712
966: 786
967: 
968: 183,1992,3414,3005
969: 762,2088
970: 
971: 3294,4161,1769,3758,1262
972: 2324,2723
973: 2692,4532,3948,872,2610
974: 321,2250,1025,3713,3048
4623: 89,68,4542,3227
976: 3630,4537,834,4310
977: 3917,1243,380
978: 916,4076,2999,4622,1636
979: 2633,2085
980: 2202,3602,4504
981: 
982: 2304,4550,4765
983: 567,4346,4805
984: 3794,4305,2189
985: 37,4408,999
986: 1687,3244,1144,1242,1498
987: 2086,4223,2582
4664: 2236,4743
989: 2931,1620,2442,239,2934
990: 1011,2102,3303,756
991: 4019,4581
992: 232,2673,2692
993: 952,2965,2920
994: 19,835,2569,2579
995: 3226,3094,1291,2542,862
996: 356,1015,1470
997: 1892
998: 3808,3305
999: 3269,985
4539: 3874,744
1001: 2528,3201,1393
1002: 4485,1077,1259,1613,2326
4792: 1305,3941
1004: 4053
1005: 4095,3283,3508,2659,3523,316
1006: 3442,4195,4031
4673: 3279,4546
1008: 163,4253,1732,2019,2670
1009: 1723,3986,307,2078
1010: 3903,1563,665,3193,1449
1011: 990,3860,756
1012: 40,668,4003,4823,1201
4516: 1635,870
1014: 4105
1015: 1565,356,996
1016: 2581,108,1713
1017: 
1018: 4663,1260,1497,4628,4051
4565: 3205,130,3920
4720: 
1021: 4442
1022: 3659,956,3349,491,1181
4650: 3197,1587,2065
1024: 2895,815,3081,1469
1025: 2785,2250,3713,311,974,3048
1026: 4124,376,636,4748
1027: 3660,1171,3277
1028: 3651,4781,2702
1029: 2563,1541,2607
4597: 1391,2172,3915,1744,2264,2811
1031: 4371,2216,3404,1459
1032: 3414,3883,3350,3527,57
1033: 2638
4739: 4523,3423,426
1035: 3056
1036: 3866
1037: 1279,906,151,2354
4704: 1764
1039: 1217
4722: 3733,2687,4427
1041: 84,3411,4563,2531,4445,369
1042: 2672,2560,4455,4544,1583
1043: 1759,139,2314,3932
1044: 4334
1045: 2431,4654,447,1164
1046: 873,3704,4279,2462,746
1047: 764,1805
4670: 2657,1257,4312
4764: 4496,4621,272,3618,384,2533
1050: 2217
1051: 411,451,1516,3617
1052: 
1053: 1308,2855,1674
4302: 4347
1055: 608
1056: 2574,428,4214,1838,1189,1965
1057: 3516,116
1058: 1919,953,3530,868,4678,1879
1059: 49,4492,618,4149,3351
1060: 902,854
1061: 
4383: 2272,2847,733,3987,658
1063: 1733,517,4329,547,4593
1064: 315,1711,3065,193,2646
1065: 1070,1157
1066: 1478,2951
1067: 3071,4686,752
1068: 560,4111,223,2469
1069: 3786,3873,1743,3156
1070: 1065,2729,8,4132,3511
1071: 2440,1512
1072: 4486,3470,1739
1073: 3112,4762,4774
1074: 3665,1141,174
1075: 662
1076: 380,1243,2080,783
1077: 1002,1259,1613,1519,3983
1078: 2935,2274,4334
1079: 4569,2908
1080: 4086,3545,4258,2178
1081: 2039,1100
1082: 4182,2533,4476,1655,3565
1083: 701,3149
1084: 3640,1622,294
1085: 
1086: 3657,725,2559,921
1087: 3982,1486
1088: 4480,3736,3309,4104
1089: 2239,3679,1206
1090: 3550,1619,4709,3714,2563,3195
1091: 2959,2075,4048,3347
4689: 
1093: 4143,3344,1724,3170
1094: 2466
1095: 1326,2915,1679,5
1096: 2614,1916,4303,4535,2432
1097: 1230,4702,3829
1098: 
1099: 3532,134,143
1100: 4530,1081,4654
1101: 345,2889,3091,4437
1102: 4493
1103: 622,2828,2061,1275
1104: 304,1211
1105: 1415
1106: 1969,417,2140
1107: 3375,4757
1108: 4182,605,3618
4604: 3554,276,2577,3167,1209
1110: 3457
1111: 1612
1112: 1608,1713,2822
1113: 1241,3211,2559,373,930
1114: 3557,1685,4481,2776
1115: 2632
1116: 2277,2850,1780
1117: 1894,2185
1118: 429,2104,2004,100
1119: 3722,962,4655,2599,2392
1120: 3747,555,3264
1121: 1916,3515,522,4535
1122: 4732,47,458
1123: 4633,1569,4118,1770,390,4188
1124: 3133
1125: 3469
1126: 1546,4550,234
1127: 1265,1405,2080
4717: 
4431: 252
1130: 1400
1131: 2586
1132: 2917,3742,4658,3664
1133: 744,3874
1134: 1762,569,4769
1135: 
1136: 1604,4544,2206,1165,3164
1137: 1140,1538
1138: 2626
1139: 237,3322,3278,4547,2650,1339
1140: 1137,1538,1599
1141: 3665,4770,1074,707,3923
1142: 46
1143: 3293,3678
1144: 4233,3244,986
1145: 1888
4554: 738
1147: 2525,4069
1148: 1725,295,3282
1149: 
1150: 3174,3218,617,2700
1151: 3819,4088,3428,4737,1949
1152: 
4559: 3854,1819,573,2497
1154: 856
1155: 798,3731,578,3467,1366
1156: 4694,526,154
1157: 1065,4141
4331: 2331
1159: 
1160: 520
1161: 3124,3284,3816,775,3209
1162: 4344,506,325
1163: 4425,819
1164: 2263,2519,1585,2431,1045,447
1165: 1794,2206,1136,3164
1166: 4405,1360
1167: 963,3924
1168: 3553,2003
1169: 1497,1402,4628,4798,1735
1170: 1249,2938
1171: 1027,3660
4335: 
1173: 4711,794,2789,3192
1174: 4049,4471,2137,2995,3337,4534
1175: 964,4640,3124,775,2926,1974
1176: 2670,1999,4253,4063
4705: 4252,632,2455,188
1178: 4294,3160,4408,253
1179: 2648,4015,519
1180: 933,3715,4406,22,3102
1181: 198,3979,491,1022,956
1182: 4033,2023,4037,2587
1183: 1268,4125,3252,4323
1184: 4711,2911,3074
1185: 1766,3847,4277,410
1186: 1942
1187: 
1188: 943,444
1189: 1965,2574,1882,1056,597,336
1190: 1253
1191: 4102,1207,1982,4616,1767
1192: 1831
1193: 2487,3953,4461
1194: 432,1195,3821,681,3016
1195: 432,4235,1194,1520
1196: 2866,58
1197: 3354,4099,3329
1198: 588,3827,3777,2794
1199: 4461,2381,3575,3213
1200: 5,4451,1474
1201: 26,40,668,1012,2484,2044
1202: 2314
1203: 2438,4019
1204: 3752,4808,109
1205: 349,166,170,3336,4388
1206: 3679,2594,2114,1089,4799
1207: 4102,1191,1982,2872,953,4005
1208: 3053
1209: 4533,3167,4604
4322: 2847,4369,3908,2536,527
1211: 598,1346,1104,4196
1212: 1560,1392,4476,2766,4506
1213: 1631,2798
1214: 3744,1744,2264
1215: 1668,550,4593,695,2804
1216: 3403,789,2224
1217: 483,1039,1270
1218: 4766,2982,2496,479,2608
1219: 1599,1358,951
1220: 4131,4081,3600,4033
1221: 1623,291
1222: 3899,2353,1384,4251,254
1223: 3784,568,839,366,2636,4700
4786: 3876,4190,3918,3869
1225: 1785,3637,408
1226: 3700,4785,2812,876
1227: 610,1844,4221,3531,4627,4140
1228: 3982,3323,531,1437
1229: 1274
1230: 1097,4702,3101,1249
1231: 4560,4138,912,1672
1232: 876,3669,3806,4619,2919
1233: 3947
1234: 433,3681,224,128,893
4778: 4170,415
1236: 3365,4422,788,303
1237: 341
1238: 1825,2515
1239: 
1240: 1646,738
1241: 1113,3211,1541,373,930,3372
1242: 1498,986,899,3297
1243: 358,2080,977,1076,380
1244: 1625
1245: 173,4821,517,3268,3513,4329
1246: 4578,2204,2344
1247: 3980,4754,1789,660
4505: 3898,2761,2676
1249: 1170,2938,1230,3101
1250: 
4443: 194,4240,287
1252: 1313,2610,2337,2324
1253: 4395,1190,720,709
1254: 1391,2172,445,3683
1255: 2353,4605
1256: 2256,732,3357,4371,1458
1257: 4670
1258: 2901,4546,371
1259: 4485,1002,1077,1296
1260: 1018,4628,120,4756,3536
1261: 2415,3018,2571,3712,1948,1688
1262: 3071,2955,1769,971,3758
4451: 4100,1200,5
1264: 
1265: 1127,2758,2080,3394,783
1266: 2865,1455,2609,3153,1375
1267: 552,1394,3428,3819,1928
1268: 1183,4125,4323,1752,4450
1269: 
1270: 1660,1217
1271: 139
4526: 4538,3185,3227,1750
1273: 2689,3666
1274: 1229,2243
1275: 581,3690,2061,1103
1276: 1973,2387,3846,3558,3647
1277: 3637
1278: 3880,4460,2227
1279: 3884,1037
1280: 
1281: 4401,4598,1763,4058
4760: 1675,4687,4080
4734: 3785,3394,2075,4041
1284: 3689,2225,4116,1433
1285: 1728,4791
1286: 4446
1287: 4729
1288: 877,791,4627
1289: 840,704,297,4580,4377
1290: 1979,961
1291: 995,3094,3887,3889,4684
1292: 4446
1293: 238,3206,3190,2177
1294: 1300,2803
1295: 4589,200,2955
1296: 1315,1717,1259
4808: 3161,1204
1298: 4304
1299: 4263,460,1882,257
1300: 101,1294
4781: 3155,1028
1302: 2854,2863
1303: 2360,2700
1304: 3522,430,4756,2049
1305: 4792,3085,247,33,2570
1306: 95,42,1988
1307: 2571,52,584,801,2415
1308: 1053,4117,1674,3576
1309: 2631,4180,2153,3364,285
1310: 3271,2968
1311: 3029
1312: 903,2593,2039,1662,2427,817
1313: 1252,872,2610,3948,1409,2324
1314: 3579,1678,1434,3824
1315: 1296,4456,3023
1316: 2140
1317: 2252,3100,4606
1318: 952,4401,2151,1495,674
1319: 4238
1320: 4393,1544,2009
1321: 
1322: 1704,3832,2310,2419
1323: 143,3342,102,2433
1324: 2942,2513,2471
1325: 770,1913,4306,334
1326: 1095,1679
1327: 436,1607,2999
1328: 3155,66,1518,2861
1329: 2258,3745,3639,1920,3669,1411
1330: 2380,3298,1683,314
1331: 3060
1332: 2001,2369,1775,1488,2795
1333: 23
1334: 1761
1335: 897
1336: 503,3158,4231
4772: 2771,1941,54,4020,1829,4017
1338: 680,630
1339: 802,1139,4547
1340: 2840
1341: 3766,697,678,1380,2028,3325
4557: 2393,2013,1595,1386,3792
1343: 2714,2981,289,4239,1566
1344: 1726
1345: 2940
1346: 1752,4450,304,4196,1211
1347: 
1348: 2481,4424,2753
1349: 
1350: 667,3477,2652,2142
4535: 4303,522,1916,1121,2432,1096
4817: 4822,2557,4624,207
1353: 3238,2385
4378: 1355
1355: 4378,1963
1356: 4681,287
4776: 1878,2548,3317,3627,1897,1778
1358: 441,3308,3802,721,1219
1359: 2210,4065,3180,3826
1360: 1166,4405,1671
1361: 4225,228,1987,1430,3860
1362: 3849,2416,1685,4496
1363: 4277,4620,410,1507,3803
1364: 3840,3501
1365: 1756
1366: 3467,1155
4685: 742,4256
1368: 2682,1500,4782,2263,1585
1369: 3650,4617,4582,1382
1370: 851
1371: 496,3275
1372: 190,3264
1373: 3841,751,1731
4466: 3914,1574,790
1375: 965,2104,2597,1266,2004
1376: 2199,1620,4147,2313,239,4725
1377: 1970,4821,517,550
1378: 4679,4079,3038,4802
1379: 2798,51
1380: 678,2266,1341,4308
1381: 2958,670,3877,2484,3524,3838
1382: 720,3650,1369
1383: 355,1887,361,724
1384: 1222,3899,4508,1618,4251,3307
1385: 97,3950,3717
1386: 2685,4557,3792
1387: 
1388: 3195,332,2817,936,3372
1389: 819,396
1390: 4811,2522
1391: 1254,2172,4597,2811
1392: 1560,1212,822,4788,3565,907
1393: 2552,2528,1001,4626
1394: 552,1267,1928,315
4563: 2422,2410,2531,4445,1041
1396: 4815,1870,3727,2129,2981
1397: 2488,3838,654
1398: 4309,1407
1399: 
1400: 1130,2765
1401: 4020,2771
1402: 1169,4628,4210,4365
4339: 2199,2313,2015,3975,2245,421
1404: 4653
1405: 1127,1423,1974
4552: 
1407: 4309,1398,2176,4820,309,310
1408: 4083,3313,2948
1409: 2066,1313,2324
4784: 4727,474,4794,3358
1411: 509,3669,1329
1412: 1501,2657,4015
1413: 3550,1619,4010,3619
1414: 3964,2885,708
1415: 1105
1416: 
4510: 2741,3482,4200
4287: 
1419: 216,3395,2350,372,246,4462
4692: 4768,413,1609
4520: 3544,753,2054
4578: 1246,3706,1550
1423: 3339,358,1405
1424: 82,1638,2608,3639,3125
1425: 302,339
1426: 
1427: 3093
1428: 4631,3961,3660,3909
1429: 4060,4367,4500
1430: 1361,228,1987,2218,4098
1431: 564,1838,769,4212,518,4214
1432: 4634,2439,4766,2301,2167
1433: 1944,1284
1434: 1678,4395,1314
1435: 4695,4177,563
1436: 4319,2518
1437: 1228,3323,4149
1438: 84,2279,369,2364,4810,2980
1439: 2927
4388: 2478,1205,4758,3336
1441: 3974,3438,4183
1442: 3648
1443: 1877,3107,3218
1444: 
1445: 862,2950,787,236
1446: 3638
1447: 495,2521
1448: 593,3659,2572,1888
1449: 3510,3081,1469,665,1010
1450: 2664,4633,4118,4728
1451: 2546
1452: 963,4108
1453: 715
1454: 2927,3621
1455: 2865,2609,1266,404,3844
1456: 3633
1457: 2180,637,3257
1458: 4371,2216,1256
1459: 4569,34,1031
1460: 2515,4610
4729: 1287
1462: 4787,1914,2191
1463: 3233,2553,4534,727,2070
1464: 2029,3145,4523,4819
1465: 3881,3188,4041
4536: 493,2206,1479,2303
1467: 323,4261
4442: 1021,2740
1469: 3081,1449,1024
1470: 2454,996
1471: 1952,653,4647,2695,4235
1472: 4114
1473: 2356,4775
1474: 25,40,668,1200
1475: 2655,3822,4486
4606: 1317,3100
1477: 4354,3708,326,3370
1478: 1066
1479: 493,4536,4488,4391,2303
1480: 3606,2030,3895
4647: 1952,1471
1482: 
1483: 
1484: 4212,2430
1485: 3088,2212,3272,3609
1486: 789,3298,1087
1487: 3834
1488: 1931,2795,1775,1332
1489: 351
1490: 4813
1491: 398
4573: 911,826,3577
1493: 3267,3793,89,2391,2310
1494: 2926,2306,663
1495: 3332,674,1318,4401,4598,12
1496: 692,832,3391
1497: 1169,4628,4798,1018,4663
1498: 1242,1687,986,899
1499: 415,916
1500: 2682,1368,4782,661,3776
1501: 1412,2613,3312,338
1502: 3840,2964,3246,3889
1503: 429,4121,34
4297: 1959,2105,1865,744
1505: 
1506: 1653
1507: 4382,3446,1363
1508: 4400,1669
1509: 2797,2166
1510: 2120,2646,4094,1646,738
1511: 503,2636,4700
1512: 2440,1071,1857
4816: 1823,2743,334,1913
1514: 3369,1885,64,813
1515: 948,4213,3883,4337,333
1516: 2318,677,1051
4625: 4010,4332,865,3722,2483
1518: 3720,2861,1328
1519: 1717,1077
1520: 3359,2695,1195,4235,3353
1521: 2088,3210
4653: 4791,1404
1523: 3212,3920
4608: 878,484,725,2712,2168
1525: 3613
4793: 4152,4405
1527: 3726,3652,2363,728
1528: 4601,3497,2995
1529: 2010,4747
1530: 125,699,924,4078,4313
4412: 1571,751
1532: 3366,2825
1533: 2050,3626,4527
1534: 2878
1535: 3782,4115,4806,3817
1536: 892,4575
4396: 
1538: 1137,1140
4801: 2055,2618
1540: 4512,669
1541: 2817,1029,1241
1542: 
1543: 
1544: 2188,1320,3537,1986,2009
1545: 4506,3820
1546: 4550,4765,1126,234
1547: 2952
1548: 1580,3892,2984
1549: 
1550: 854,902,600,4578
1551: 3017,2809,3641
1552: 
1553: 
1554: 2405,4752
1555: 4011,2688,4528
1556: 1816,3960,3814,1784,3787,2517
4384: 4369,3607,270,527
4399: 4159,2934,3930
1559: 3433,3672,4501,61
1560: 1392,1212,3820,2814
1561: 2868,3533,2450
1562: 4450,304
1563: 3903,1010,3751
1564: 3022,396
1565: 1015,2454,3597
1566: 4239,3085,2714,1343
1567: 4823,734,948,4213
1568: 
1569: 4633,1123,1770
1570: 85,4093,541,2696,36,837
1571: 3552,4412,606,864
1572: 
1573: 1948,4434,1736,1688,555,653
1574: 3914,4466
1575: 1677,2497
1576: 
1577: 708,2068
1578: 2690,698,1962,2074
1579: 2000,2395
1580: 1548,2848,3892,538,2984
1581: 4415,1768
1582: 2438,4019
1583: 1604,4544,456,766,1720,1042
1584: 2645
1585: 2263,1164,1368,2431
1586: 548
1587: 4650,4004,2065
1588: 3619,4655,2327,4524
1589: 
1590: 73,2876
1591: 656,3814,2598,2782,1784
1592: 2254,1802,4139
4658: 3664,1132,2917
1594: 3184,2513,601,4420
1595: 364,2393,4557
1596: 
1597: 4109,111,55
1598: 3251,908,893,3966
1599: 1219,1140,951,3757
4581: 4019,991,3208,35
1601: 3628
1602: 2924
1603: 442
1604: 1136,1583,766,493,2206
4538: 4526,3138,3227,2456,3793
4421: 4682,4517,427,3449
1607: 436,1327,3706,2999
1608: 816,4188,1112,2822
1609: 2925,413,4672,4692
4644: 3632,4550
1611: 4365,808,635
1612: 29,1111
1613: 1002,1077,2565,3983,2326,3245
1614: 3570
1615: 4706
1616: 4457,904,1879,868,4616,3646
1617: 3213,4699,3575
1618: 2032,3899,1384,4605
1619: 1413,3550,1090,3886
1620: 989,2931,4147,2313,239,1376
1621: 4163,105,1758
1622: 1084,294
1623: 1221,2538
1624: 396,3103
1625: 4495,1244
1626: 3744,4714,4456
1627: 3501
1628: 4251,3307,2755,3511
1629: 3768,3957
1630: 3062,2023,4037
1631: 2929,1213,3692,3090,2333
1632: 455,914,2101
1633: 2551,408,737
1634: 2136,3724,572
1635: 4516,43
1636: 1869,916,978
1637: 1752,4125
1638: 1424,82,3204
1639: 2185,2575,1818
1640: 4042
1641: 3066,2853,4226,3893
1642: 3168,913,2615
1643: 4291,3490
1644: 
1645: 
1646: 4094,4028,1510,1240,2787,738
1647: 3011
1648: 3259,4591,3827,2794
1649: 1789,4091
1650: 3762,2890
1651: 3747,555,3712,1688
4390: 2571,52,3712,3976,1712
1653: 1506,671,905
1654: 3170,4746,3344,4075
1655: 822,1926,3565,4182,1082
4770: 3665,3199,1141
1657: 3596,2131,141
1658: 850,3424,638
1659: 3954
1660: 2227,119,2219,1270
1661: 590,1846,2654,3859
1662: 2039,4368,903,1312
1663: 2276
1664: 4480,667
1665: 3929
1666: 582
1667: 1834,2802
1668: 1215,4062,305
1669: 4400,1508
4788: 822,1926,1392,907
1671: 1360,2286,476
1672: 4491,4138,2779,1231
1673: 
1674: 3576,1308,1053
1675: 4760
1676: 4190,4528,4011,4354
1677: 1575,2497,4724,2545,77
1678: 4189,2384,1434,1314,3455
1679: 1326,1095,4518,3674,5
1680: 1945,2543,3869
1681: 2539,3448
1682: 3084
1683: 1330,3298,425,314,4057
1684: 167,3844,3500,1803
1685: 4129,4481,1362,1925,1114
1686: 437
1687: 2149,3244,986,4765,1498
1688: 1948,1573,3712,1261,1651,555
1689: 3128,3835
1690: 3931,4436
1691: 2046,3765
1692: 
1693: 4006,257
1694: 4494,3556,2750,3409,1841
1695: 2811,3915,932
1696: 
4328: 3086
1698: 3041
1699: 
1700: 
1701: 2925,413,686
1702: 4007,675,2658
1703: 2322,2180,1977
1704: 1322,3832,726,2391,2310
1705: 3553,209,2892,2649
4430: 
1707: 2361,2913,4338,323
1708: 
1709: 3585,3320
1710: 180
1711: 1064,315,1928,1891
1712: 3203,4390,3747
1713: 1112,1016,2822
1714: 2708
1715: 3176,3095,3855
4617: 4582,1369,3019
1717: 1519,1296
1718: 3401
1719: 
1720: 3102,4455,456,38,1583
4528: 1676,4011,1555
1722: 1981,1732,2670,1999
1723: 1009,3005,2078,1896
1724: 4143,1093
1725: 1148,295,3282,4163
1726: 1344
1727: 230,4497,1878,2147
1728: 609,1285
1729: 387,3532,3243
4700: 2062,2636,1223,1511
1731: 3841,751,1373,3491,4046
1732: 1722,1981,498,2019,2670,1008
1733: 701,1063,4409,547
1734: 2338,191
1735: 1169,4798,3557,2776,2370,4194
1736: 1948,1573,4434,3253,653,2695,3359
4403: 3642
1738: 365,1840,304
1739: 1982,2734,3328,1072
4314: 2806
4749: 
1742: 677,1990,4769
1743: 927,1069
1744: 3915,2264,4597,1214,3502
4815: 1396,1870,846,77,3854,1819
1746: 4155,2289
1747: 2508,2599,3910,4406
4360: 4150,2748,4096,2623
1749: 3192,3235,169
1750: 2836,99,4144,110,3185,4526
4708: 4003,4100
1752: 1637,2420,4450,1346,1268,4125
4640: 964,1175,2926,1974
1754: 211,4521
1755: 3705,2247
1756: 1365
1757: 2771,1941
1758: 3863,1621
1759: 1043,836
1760: 749
1761: 1334
1762: 1134,3756,4574,569
1763: 4635,1281,4401
1764: 516,4704
1765: 4504,48,3177
1766: 1975,1185,3847
1767: 177,4616,3470,1191
1768: 2139,1581
1769: 3438,4161,971,4183,3758,1262
1770: 1123,1569,3601
1771: 
1772: 
1773: 3121,2468
1774: 2372,3393
1775: 2241,1488,1332
1776: 4202
1777: 4806,2336
1778: 79,4776,3317,1897
1779: 2858,2676
1780: 4112,3878,1116,2850,2853,4226
4661: 
4575: 3236,4771,1536
1783: 2500,2306,1969
1784: 2859,3787,1591,3814,2598,1556
1785: 1225,737
1786: 2320
1787: 3699,4812
1788: 3285,2604,2068,3312
1789: 506,4091,1649,1247
1790: 778
1791: 65,2479,4119,3583
1792: 3906,3540
1793: 101,3708,3370
1794: 3252,1165,3164,4323
1795: 2533,4476,3687,2766
1796: 2775,2412
1797: 2014
1798: 3916,2879,4174
1799: 185,3994,2703
1800: 2937
1801: 104,2165,3634
1802: 929,2254,2248,1592
1803: 840,704,1684,3844,4447
1804: 4529,28,2084,2843
1805: 906,3631,1047
1806: 887,2773,1850,2928,55
1807: 2271,2299,4775,4630
1808: 4707,2387,207
1809: 4624,207,3673,4697,4707
1810: 755,3528,3187,4092
1811: 4405
1812: 2008,778
1813: 3825,892
1814: 3044,3210,2237,4603
1815: 4364,3925,4325
1816: 1556,3960,3787
1817: 3061,252,2406
1818: 2575,1639,3260
1819: 3854,4559,4815,1870,3836
1820: 3863
1821: 4514
1822: 1855,2588,243,2600,2887,4036
1823: 4816,334,2513,1913
1824: 3019,2673,241,1893
1825: 1238,2515
1826: 442,3729
1827: 577,599
4359: 2989,657,2662
1829: 3593,435,4017,4772
1830: 
1831: 1192,3072
1832: 2763
1833: 4419,186
1834: 1667
1835: 572,3514
1836: 729,3993,2272,4218,3139
4425: 1163,819,3441
1838: 1431,564,4214,2574,1056,428
1839: 2285
1840: 3054,365,1738
1841: 1954,4494,1694,3644
1842: 3069,4151,3351,49
1843: 3189
1844: 610,4221,1227,282,3310
1845: 1868,4609,2414
1846: 590,1661,2654
1847: 672,631
1848: 1971,76,1900
4306: 1913,2471,1325,770
1850: 2773,2117,2127,1806
1851: 2839,4723,3487,2100,3451
1852: 3895,2194
1853: 161,3677,549,2985,3278
1854: 2364,492,3411,4818,3486
1855: 1822,3225,4036
1856: 216,2350
1857: 1512,2165
1858: 2123,179,2624
1859: 530
1860: 3156,4238,4332
4517: 4595,2411,4421,3449
1862: 2362,269,469
1863: 2111
1864: 3284,3178,3816,2137,2510
1865: 744,563,4297
1866: 3588,2502
1867: 4162,1981,3655
1868: 4174,348,1845,1947,2414
1869: 1636,165,3584
1870: 1396,4815,2129,2981,289,1819
1871: 415,3713,3898
1872: 
4676: 2267,337,4500
1874: 3693,82,2812,0
1875: 4240,4137,439
1876: 3003
1877: 1443,3107,2450
1878: 2147,2548,4776,1727,1897
1879: 1616,904,1058,868,4678
1880: 3263,3670
1881: 4525,863
1882: 460,2574,1189,336,1299
1883: 3097,4050,2991,2002,4207
1884: 2678,2204,3492,4576,4283
1885: 3369,2309,1514,300
1886: 3623,3723,2526,3349,593
1887: 706,636,1383
1888: 2572,4518,1145,1448,2420
4541: 
1890: 
1891: 4088,1928,1711,3206
1892: 306,997
1893: 4773,1824,241
1894: 1117,2185
1895: 3795,4362,2768
1896: 1723,3341,875,2078
1897: 1878,4776,3317,1778
1898: 4195,2611
4809: 432,580,2969,4490,640
1900: 514,2351,76,3458,1848
4643: 685,2714,3379,2711
1902: 
1903: 2503,3207,3119
1904: 3609,2164,218,647
1905: 4231,859,606,2529
1906: 569,677,2318
1907: 4607
4301: 
4427: 4571,3792,4722
1910: 2453
1911: 
1912: 
1913: 4306,1823,4816,334,1325
1914: 2246,1462,2191
1915: 2616,4089
1916: 3997,1121,4535,2432,1096
1917: 181,2938
1918: 2359,4100,3105,3012
1919: 953,1058,3530,4005
1920: 2812,876,0,3669,3745,3639,1329
1921: 3439
1922: 222,327,3400
1923: 
1924: 847,2406,2012
1925: 3097,4050,4129,1685,4481
1926: 822,1655,4788
1927: 3601,3759,3338,2048,2175
1928: 3819,1891,1394,1267,315,1711
1929: 3041
4402: 3024,447,2519
1931: 1488,2795
1932: 2830,3972
4611: 525,361
1934: 3514,4330
4697: 1809,4707,4373
1936: 
1937: 2603,2102,3303,3316
1938: 256,885,2372
4400: 1508,1669,637,3430
1940: 3420,2488,711
1941: 2771,4772,4017,1757,4796
1942: 4232,1186
4669: 2457,2452,485
1944: 1433,235,2754,2150
1945: 1680,3869
4495: 1625
1947: 2652,2757,1868,2414
1948: 1573,4434,1736,1688,1261,298
1949: 487,4737,4088,1151,4199
1950: 513,3144,719,265
1951: 
1952: 4647,2695,1471,4235
1953: 
1954: 1841,4130,643,3158
1955: 4482,4755,2149,3244
1956: 3911,864,898,4794
4364: 2854,1815,3270,4325
1958: 411,451,2630
1959: 4297,2105,4641,4173
1960: 850,439,3901
1961: 94,2522
1962: 2055,2618,2376,2074,1578
1963: 1355,1986
4493: 1102
1965: 1189,4558,4214,1056
1966: 4555,4249
1967: 2301,2258
1968: 2908,2496
1969: 1106,3178,3816,1783
1970: 2350,372,1377,550,2804,4462
1971: 1848
1972: 
1973: 1276,4822,3846
1974: 2926,4640,1175,1405
1975: 1766,3847,754
1976: 2561,581,3057,3217
1977: 1703,395
1978: 
1979: 1290
1980: 3139,4222,255,3404
1981: 4162,1722,1867,1732,498,2670
1982: 2872,1739,1207,1191
4560: 1231,4454,912,45
4489: 3129
1985: 3531,4140,4135,3176
1986: 3537,2188,1544,1963
1987: 4225,1361,1430,2218
1988: 1306
1989: 3794,3068,2787,2117
1990: 4567,4769,697,1742,723
1991: 4059,3077,4206,3004
1992: 4101,968,3719
1993: 3715,22,4440,99,3102,91
1994: 3270,2979,4325,3892,2992
4555: 1966
4566: 2867,2801,2913
1997: 611,3425,2883
1998: 540,2005,66,2861
1999: 2670,1176,1722,615
2000: 3810,1579,3028
2001: 1332,2795,2722,3460
2002: 3097,1883,4207,2501
2003: 1168
2004: 2568,3153,1375,2104,1118
2005: 4146,1998,540,3720,2861
2006: 4683,340,2197,813,2358
2007: 
2008: 3361,1812
2009: 4176,1544,1320,3537
2010: 4747,533,1529
2011: 
2012: 1924,3589
2013: 4557,4571,33
2014: 1797
2015: 3975,2313,2508,2199,4339
4574: 791,3756,1762
2017: 75,827,3881,4657
4769: 1990,4567,1134,1742
2019: 165,1732,163,1008
4624: 1809,207,3673,2557,375,4817
2021: 3974,2510,727,4551
2022: 3425,3765,3970
2023: 1630,1182
2024: 20,2401,2229,4219,2813
4485: 1002,1259,521,2326,2043
2026: 3939,4321
4654: 2431,1045,1100
2028: 3325,3318,697,2119,723,1341
2029: 3145,3317,1464,3627
2030: 1480
4332: 4625,4010,1860,865
2032: 1618,883,3833,2547
2033: 258,3716,4093,541
4765: 1546,982,1687
4607: 1907
2036: 
2037: 3512,3335,504,14
4584: 301,820,2785,311
2039: 1081,1662,1312,817
4646: 4470,3772
4547: 718,549,1139,3278,1339,802
2042: 
2043: 2653,2326,3453,4485,521
2044: 3604,2484,3524,1201,26,210
2045: 
2046: 2883,3765,1691,2681
2047: 3998,407,2346,3815,3017
2048: 3878,414,1927,2175
2049: 4562,3522,1304,2304
2050: 1533,3626,2505
2051: 4506,3687,4194,2766,4210
2052: 2820,727
2053: 156,4713,4172
2054: 356,4520,753,226
2055: 4801,2618,1962,4499,941,2376
2056: 795,333,3341,2746
2057: 347,3652
2058: 46
2059: 
2060: 790,824,2407
2061: 3690,3988,1275,1103
2062: 3671,562,4700,3784,2748
2063: 2405,2772,3939,909
2064: 2641,88,2579
2065: 2939,1587,4650,3197
2066: 3948,1409,331
2067: 4037,3467,4688
2068: 3509,1788,3312,1577
4756: 120,1260,430,1304
2070: 4534,727,4551,1463
2071: 385,2589,2859,3787,513
4631: 3961,1428,2960
2073: 206,809,4393,4349
2074: 2099,2618,1962,4537,1578
2075: 1091,4734
2076: 671,3220,3306
2077: 2501,2156,4663
2078: 875,1723,1009,1896
2079: 2447,4478
2080: 1243,358,1127,1265,1076,783
2081: 
4449: 3591,368
2083: 396
2084: 3937,2843,1804,740
2085: 979,2633,3696,4254
2086: 987,2582
2087: 3945,675
2088: 1521,3044,969
2089: 3558
4508: 883,1384
2091: 3181,2259
2092: 2166,2797
4813: 1490,4321
4586: 3996,598,2520,216
2095: 3364,4009,3879
2096: 2765,2790
2097: 391
2098: 927,891,3807,4280
2099: 2074,4537,3443
2100: 3487,2839,1851,4121
2101: 344,3353,1632
2102: 990,1937,3303
2103: 2197,2558
2104: 1375,2004,1118
2105: 918,4173,4297,1959
4292: 4089,2671,2616,67,412
2107: 3632,3522,1
4703: 2823,4142,2439,3935
2109: 2334,3833,4016,2614,883
2110: 3471,4257,13
2111: 4373,2671,1863,3062
2112: 4311,4699,2719
2113: 2443,2229
2114: 2594,1206,4799
4593: 517,695,1063,1215
4550: 1546,1126,982,4644
2117: 2773,1850,2127,2189,1989
2118: 758
2119: 2878,723,2028,3318
2120: 1510,2646,3169
2121: 461,221,2715,3259,294
4678: 4228,175,1058,3530,1879
2123: 1858,179
2124: 2315
2125: 3775,2607,3893,2581
2126: 2995,16,818,2553,2878
2127: 2773,1850,2117,2189,3069,4675
2128: 2474,2565,3983,2517,2203
2129: 3200,4680,3727,1396,1870,2981
4635: 2965,1763,952
2131: 3523,3896,1657,2416
2132: 98
2133: 877,3405,455
2134: 2470,420
2135: 3492,2512
2136: 1634,32,572
2137: 4471,1174,3337,1864,3178
2138: 3902
2139: 1768,2879
2140: 3337,1316,3476,1106
2141: 
2142: 2652,2757,1350
2143: 566
4569: 1459,1079,2908,648
2145: 3033
2146: 3328,4109,4724,111
2147: 1878,2548,684,230,1727,3495
2148: 2983
2149: 1687,3244,4755,1955
2150: 2754,284,1944,235,3505
2151: 4652,3240,1318,674
4408: 985,3269,1178,253
2153: 4180,3174,4009,3364,1309
2154: 
2155: 4294,3160
2156: 937,2077
4370: 
2158: 947,4546
2159: 339
2160: 804
2161: 3985,943,2760
2162: 
2163: 
2164: 3609,1904,402,3011,647
2165: 1857,1801
2166: 2092,1509,2797
2167: 3935,1432,4634,2439
2168: 2712,878,4608,3832
2169: 
4707: 1808,1809,207,4697
2171: 2993,3628,2936
2172: 1254,1391,4597,445,490,3884
2173: 2665
2174: 4230,2760
2175: 2493,1927,2048,4112,3878
2176: 644,4474,4820,4674,1407
2177: 2698,4652,1293,3190
2178: 2545,846,1080,4258,11
2179: 4789
2180: 1457,1703
2181: 270,3163
2182: 251,4039
2183: 
2184: 651,39
2185: 1894,1117,1639
2186: 2288,4001
4497: 230,1727,4583,3452
2188: 1544,1986
2189: 2117,2127,984,3069
4696: 4082
2191: 1462,4787,1914
2192: 
4454: 2331,912,3004,45,4560
2194: 3895,1852
2195: 4269
4753: 763,250
2197: 2558,2103,2006,340
2198: 4119,4595,2411,3583
2199: 4339,1376,2313,4725,2015
2200: 3782
2201: 
2202: 980,4366
2203: 2914,3608,2517,3960,2474,2128
2204: 1884,2678,1246,2344
2205: 2547,279,777,4533
2206: 493,4536,1604,1136,1165,3164
2207: 3035,2691,3204,2523,3780
4312: 2657,4670
2209: 3422,4415,3234,388
2210: 1359,3180,2269
2211: 3810
2212: 3088,1485,402,227,3609
2213: 188,4252,404,2865
2214: 2262
4347: 4302
2216: 1458,1031,255,3404
2217: 2576,1050
2218: 4098,602,1987,1430
2219: 488,1660,2987
2220: 3970
2221: 
2222: 926
4595: 2411,4517,2198,3464,3583
2224: 4502,1216,408
2225: 3689,1284,235
2226: 2320
2227: 1660,119,2987,1278,3880
4500: 1429,4060,4367,4676
2229: 2024,2401,615,2113
4726: 3807,2629,3290,2655
4674: 4820,4043,4474,523,2176
2232: 
2233: 4044,2753
2234: 2996
4418: 2434,542
2236: 4664
2237: 2867,1814
2238: 2252
2239: 245,1089
2240: 3894
2241: 1775,9,2825
2242: 
2243: 1274
2244: 
2245: 4391,3202,4285,421,4339,157
2246: 1914,2729
2247: 3863,1755
2248: 300,1802
2249: 4280,4351
2250: 2785,1025,3713,311,974
2251: 4011
2252: 1317,2238
2253: 
2254: 929,1802,1592,4139
2255: 2489
2256: 1256,732,3479,3035,4558
4758: 3336,4388,2478,3645,174
2258: 1329,422,3745,1967
2259: 3181,2091
2260: 676
2261: 171
2262: 2214
2263: 1164,1585,1368,4782,3223,2737
2264: 3915,1744,3884,4597,1214
4622: 978,4076,2999,3706
2266: 3766,1380,915,4308,528
2267: 4676
2268: 824,2407
2269: 2210,2602
4391: 3202,4285,2245,4488,493,1479
2271: 1807,2299,3726
2272: 2847,4383,4218,733,3987,1836,3993
2273: 4060,202,2341
2274: 1078,2935,2641
2275: 2759,301,4783
2276: 3256,2556,1663
2277: 1116,438,4416
2278: 
2279: 264,3115,369,1438,2980
2280: 4147,2313,2508
2281: 2457,485,2756
2282: 3120
2283: 146
2284: 3701,3725,543
2285: 400,1839
2286: 1671
4805: 3708,326,567,352,983
2288: 2186,3887
2289: 2452,1746
2290: 
4337: 795,1515,948,734,3556
2292: 324,828
2293: 2642,2570,4242,4615,263,917
2294: 
4428: 85,3716,2858
2296: 101,3273,4362
4289: 3135,427,624,237,3322
2298: 2426,4381,3233
2299: 2271,1807,4630
2300: 3146
2301: 422,4766,2982,1432,1967
4385: 3795,499,2380,86
2303: 4536,1479,200
2304: 3632,2049,982
4534: 4551,2070,2553,1463,4049,4471,1174
2306: 2500,1783,2537,3839,663,1494
2307: 683,2887,4680
2308: 919,787,2833,2950
2309: 3369,3788,1885,2319,300
2310: 89,2391,1322,1704,726,3267,1493
2311: 4774,3222,364
4519: 3187,638
2313: 4147,2280,1620,2199,4339,1376,2015
2314: 1202,1043
2315: 2124
4334: 2651,1044,1078,2935
4525: 3388,1881
2318: 1516,1906
2319: 300,4361,3788,2309
2320: 4025,2226,1786
2321: 794,4315,3162,4767,3192,3235
2322: 1703,395
2323: 2924
2324: 972,1252,1313,1409,2723
2325: 3326
2326: 2653,2043,4485,1002,1613,3245
2327: 110,4524,1588,3612,3185
4787: 1462,845,2191,3408
2329: 2910,2365
2330: 3512,3471,4257,3321,705
2331: 4206,4454,4331,3132,3004
2332: 3096,3043
2333: 3799,2929,1631,3933,3090
2334: 2109,3833,2577,2786,2614
4612: 4790
2336: 3845,3461,3014,1777
2337: 172,450,1252,2610
2338: 1734,191,318
2339: 3440,152,160
4610: 112,1460
2341: 202,2273
2342: 617
2343: 3741,2621
2344: 3655,2204,1246,436
2345: 4521
2346: 3815,3017,2047
2347: 2941,3603
2348: 2689,810
4461: 1199,2381,2487,1193,3213
2350: 372,1970,1856,1419,216,4462
2351: 514,1900,2518,788
2352: 4790
2353: 1222,3899,4605,1255,254
2354: 938,151,906,1037
2355: 3519,2696,837
2356: 1473,3128
4818: 4582,1854,3486
2358: 813,2006,2965
2359: 1918,71,3105
2360: 1303,4763
2361: 1707,2913,3219
2362: 1862,3199
2363: 1527,728
2364: 1854,492,84,1438,3411
2365: 4187,2388,2910,2329
2366: 3255,2585,557,3914
2367: 3521,262
2368: 3100
2369: 1332,3366,2749
2370: 3687,3557,1735
2371: 
2372: 1774,1938
2373: 3644,210,2566
4687: 4760,3726
4735: 2768,2543,3384
2376: 558,2974,941,2055,1962
2377: 
2378: 2908,3149
2379: 
2380: 1330,4385,406,86
2381: 1199,4461,3933,401
2382: 3096
2383: 233,138,231,4800
2384: 1678
2385: 3238,1353,3265
2386: 250
2387: 1808,1276,67,412
2388: 2756,3599,2365
4417: 
4655: 3619,1588,3722,1119,2392,4524
2391: 89,2310,1704,726,1493
2392: 2599,3910,1119,4655,4524,3709
2393: 4557,1595
2394: 627
2395: 2688,1579
2396: 829
2397: 
2398: 3805
2399: 3398,3824,3579,172
2400: 
2401: 2024,2229,4626,4276
2402: 800
2403: 278,4821
2404: 3641,2877,3172,4467
2405: 2063,1554
2406: 1924,1817
2407: 824,2268,2060
2408: 153,4351,3775
4616: 177,1767,4102,1191,1616,3646,290
2410: 673,2531,4563,242
2411: 4595,4517,3080,2198
2412: 4288,1796
2413: 3931
2414: 4609,1868,1845,1947
2415: 1261,3018,801,2571,1307
2416: 4129,2131,3896,1362
2417: 337
2418: 3146,2783
2419: 1322,297,4276
2420: 1752,1888
4649: 4092,3517,3901
2422: 4563,242,705,4445
2423: 651
2424: 366,3604,346,210
2425: 
2426: 4381,2298
2427: 3367,903,1312,2593,817
2428: 
2429: 3968,2988,2953,295
2430: 270,1484
2431: 4654,1045,4530,1164,1585
2432: 2594,1916,3997,4535,1096
2433: 15,2914,102,3749,1323
2434: 4418,2998
2435: 
2436: 2569,684,2579,367,3968
2437: 323,628
2438: 4259,4444,63,1203,1582,4019
2439: 1432,4634,3938,4703,2167,3935
2440: 1512,1071
2441: 119
2442: 989,935,2934
2443: 2113,4063
4609: 2414,1845,4106
2445: 
2446: 4747
2447: 2079
4491: 1672
2449: 3122
2450: 1877,2868,1561
2451: 3047,141
2452: 2289,4669
2453: 607,1910,2632
2454: 1565,1470
2455: 4193,632,2990,4705,188
2456: 3793,3500,4538,3138,3746,167
2457: 2281,4669,3503
2458: 2573
2459: 150,3785,4116,3689
2460: 4445,3411,4437
2461: 3567,2980,264,4061,4296
2462: 2635,746,1046,4279
2463: 724,3442
4730: 880
2465: 401
2466: 1094,3457,3699
4715: 833
2468: 1773,3564,2772
2469: 4420,2942,560,1068,258
2470: 420,2134,515
2471: 4306,2942,1324,541
2472: 
2473: 3354,3329,3825
2474: 2565,2128,3983,3608,2203,3342
4782: 1500,1368,3776,2263,3223
2476: 
4690: 
2478: 4388,3645,4758,2537
2479: 65,1791
2480: 278,4023,3691,4185
2481: 317,4424,1348,2753
2482: 796,324
2483: 3722,865,4625,962
2484: 3524,2044,668,1381,670,1201
4543: 398,4814
2486: 
2487: 1193,3213,4461
2488: 3838,839,1397,1940
2489: 2255
4456: 1315,1626,4714
2491: 4245,784,3143
4754: 3980,1247,325,3419
2493: 2175,390,4112,2853
2494: 3724,2592
2495: 3391,884,832
2496: 1968,648,479,271,1218
2497: 1677,1575,77,3854,4559
2498: 
2499: 3393,3450
2500: 1783,2306,2537,417
2501: 2077,2002,4207,4663
2502: 1866
2503: 1903,3207
2504: 3847,754
2505: 2050,3626
2506: 4029
4482: 3561,1955
2508: 1747,2280,2015
2509: 3281
2510: 3974,2021,4551,1864,3284
4672: 1609
2512: 338,2968,4576,3492,2135
2513: 3184,1594,1324,1823
4465: 
2515: 1460,1825,1238
2516: 3029,4527,3626
2517: 1556,3960,2128,2203
2518: 514,2351,4319,1436
2519: 1164,447,4402,3024
2520: 3781,4586
2521: 1447,736
2522: 1961,94,4811,1390
2523: 4074,3780,2207,271
4633: 1123,1569,4118,1450
2525: 1147
2526: 1886,3723,752,491,3349
2527: 960,810,885,2694
2528: 1001,1393,4626
2529: 1905,606
2530: 4223,2754
2531: 2410,3905,4563,1041
2532: 3539,4187,117
2533: 1795,4764,1082
2534: 
2535: 733,3987,2813,20,3842
2536: 3908,255,4322,4218
2537: 2500,2306,2478,3839
2538: 1623
2539: 1681,2945
2540: 57,3012,4213
2541: 3493
2542: 73,3399,995
2543: 1680,4735,3384
4354: 3454,1477,4190,1676,3918
2545: 2178,77,4724,1677
2546: 1451,140
2547: 2205,3833,4533,2032
2548: 1878,2147,4776,684,3627
2549: 424,3374,3108
2550: 
2551: 1633,737,276,4780,4348
2552: 1393,3832
2553: 16,2126,818,1463,4049,4534
4736: 
2555: 
2556: 2276,3256
2557: 2919,375,4817,4624
2558: 2197,2103
2559: 373,1113,930,3657,1086
2560: 2672,1042,475,4455,4193
2561: 2619,581,1976
2562: 4459,4591,4457,2922
2563: 1029,2607,4709,1090
2564: 
2565: 2474,2128,3983,1613,3245
2566: 26,2373,3644,210
4409: 547,701,1733
2568: 2004,100,3153,4270,481
2569: 2436,684,2579,367,994,19,3495
2570: 2642,2293,4615,3085,1305,247
2571: 4390,52,3712,1307,2415,1261
2572: 1888,4518,1448
2573: 2458,2972
2574: 460,1882,1056,428,1838,1189
2575: 1818,1639
2576: 3248,3236,2217
2577: 2786,3554,4604,2334
2578: 434,251
2579: 2436,2569,3417,2064,994,19
2580: 932,376
2581: 3893,1016,2125
2582: 3080,15,987,2086
4330: 3732,3514,1934
2584: 393
2585: 3255,2366,4052,557
2586: 1131
2587: 4037,3467,4033,1182,4131,798
2588: 4073,243,604,2600,1822,4036
2589: 3923,2071,2859
2590: 4553,3368,4716
4437: 3091,2460,1101
2592: 3140,4768,3724,2921,2494
2593: 903,1312,3897,3302,2427
2594: 2114,2432,3997,245,1206
2595: 12,841,604
2596: 584,3982
2597: 1375,965,2865,4712,229
2598: 1591,2782,4549,4201,1784
2599: 3910,2392,962,1119,1747
2600: 604,2588,1822,4036
4395: 1253,1434
2602: 3562,2269
2603: 1937,4076,3316
2604: 3285,1788,4728
4486: 1072,1475
4686: 3979,3287,1067,752,491
2607: 2125,3760,4709,2563,1029
2608: 479,1424,2982,1218,3125
2609: 1455,1266,3844,4447,3153
2610: 1252,1313,872,973,4773,2337
2611: 1898,4651
4310: 2940,3630,976
2613: 3312,4576,1501,338,3580
2614: 4016,1096,4303,2786,2109,2334
2615: 4027,486,3168,1642,218
2616: 67,412,4292,3642,1915
2617: 3277,814
2618: 2055,4801,1962,4537,2074
2619: 3452,2561,3690,581
2620: 
2621: 4779,2343,3741
2622: 4237,3352,3159
2623: 3618,4096,605,4360
2624: 1858
4362: 2296,1895,3795
2626: 1138,2906,3858
2627: 4252,3746,2836,3138
2628: 392,717,923
2629: 4726,3807,2655,4198,459
2630: 2878,451,1958
2631: 1309,3364
2632: 1115,2453,3906
2633: 979,2085,4254,2810
2634: 3466,3046
2635: 3458,2462,746,2735
2636: 366,1223,1511,4700
2637: 845,4719,3768
2638: 3386,4254,1033
4789: 2179,4341
2640: 851,3024,4638,4054,3494
2641: 886,2064,2274
2642: 2293,2570,4242,685,3759
2643: 
4657: 3527,2017,827,183
2645: 1584
2646: 1510,2120,3169,1064,193
2647: 190,2778,3264,688
2648: 1179,2968
2649: 2892,1705
2650: 3772,1139
2651: 4334,2935,587
2652: 1947,2757,2142,1350
2653: 2326,2043,3453,3319,3245
2654: 1661,1846
2655: 3822,1475,4726,2629,3290
2656: 
2657: 4670,4312,1412,4015
2658: 3879,1702
2659: 4142,3508,316,4095,1005
4296: 264,2461
2661: 3429
2662: 2977,2747,4359
2663: 3563,4012,3472
2664: 1450,4728
2665: 2173
2666: 3902
4453: 3924,3165,394,963
4502: 2224,3247,3976,576
2669: 820,301,3490
2670: 1999,1176,1722,1981,1732,4253,1008
2671: 2111,4373,3062,4292
2672: 2560,1042,475,4544,3755
2673: 3019,1824,992
2674: 
2675: 3269,748,4294
2676: 2858,2761,4505,1779
2677: 530,3335,3471,13,3512
2678: 1884,2204,922,3655
2679: 4261,4338,3942,612
2680: 385,513,265
2681: 2046,2883
2682: 1500,1368,4530
4349: 3463,184,954,2073,206,4767
2684: 861
2685: 1386,3222,4618
2686: 4386,3812,4263,232,3700
2687: 4722,851,4638
2688: 2395,1555
2689: 2348,3666,1273
2690: 158,1578,698,558,793
2691: 2207,3035,3204,4558,3693
2692: 973,4773,992,4532,4386
2693: 187
2694: 2527,885,3123
2695: 1952,653,1471,1736,3359,1520,4235
2696: 541,1570,2355
4591: 2562,1648,3855,3827
2698: 2177,3190,243,2887
2699: 
2700: 1303,1150,4180,3174
2701: 286,4061
2702: 3651,1028
2703: 4013,1799,185
4459: 2562,4457,904
2705: 3717,4651,4345
2706: 4223,3037,4103
2707: 4090,3034
2708: 1714
2709: 673,3905,3519,770,435
2710: 3096
2711: 419,414,685,4643,3759
2712: 2168,484,878,4608
2713: 3053,266
2714: 1343,289,1566,4643,3379
2715: 3259,2794,2121
2716: 
4709: 3714,633,3760,2607,2563,1090
2718: 3624,470
2719: 3698,4311,2112
2720: 3921,115
2721: 
2722: 3704,4439,2795,2001,3460
2723: 972,2324
2724: 4659,3296,3811,49,4151
4329: 547,4343,173,1245,517,1063
2726: 3754,3966
2727: 4157
2728: 
2729: 1070,3511,2246
2730: 
2731: 4066,596,440
2732: 3455,2777,3445
2733: 
2734: 2872,1739
2735: 76,646,3458,2635,746
2736: 4531,2915,712
2737: 3223,2263
4303: 522,4535,2786,1096,2614
2739: 320
2740: 4442
2741: 4510,806,3114
2742: 4215,3663,3534,2881
2743: 4816,4107
2744: 3751,873
4471: 4049,1174,2137,4534,4551
2746: 544,3341,795,2056
2747: 2662
2748: 4150,3784,562,2062,4360
2749: 3366,3710,3681,2369
2750: 4130,3409,896,1694
2751: 4030,194
2752: 85,655,36
2753: 1348,2233,2481
2754: 2150,1944,2530
2755: 8,4498,1628,3511
2756: 2388,2281,485,3599
2757: 1947,2652,2142
2758: 1265,958,3394
2759: 4291,2275,756
2760: 2174,4230,2161,943,4028
2761: 4505,2676
2762: 
2763: 1832
4308: 935,915,1380,3640,2266
2765: 2096,1400
2766: 3687,1795,4476,1212,2051
2767: 4048,2857,4750,3737
2768: 4735,1895
4797: 3243,3615,3453,2807
4304: 1298
2771: 1941,4772,4020,1401,1757
2772: 2063,3564,2468,3939
2773: 1850,2117,2127,4675,887,1806
2774: 
2775: 595,1796
2776: 4207,1114,3557,4798,1735
2777: 3445,4029,2732
2778: 2647,190,730,849
2779: 3772,687,4138,1672
2780: 
2781: 4324
2782: 4549,3919,656,1591,2598
2783: 2808,623,3146,2418
2784: 3416,497,80,4326,3327
2785: 2250,1025,4584,311
2786: 2577,4303,2614,2334
2787: 3068,4230,4028,1646,3794,1989
2788: 4097,4361,3752,959,4702
2789: 4767,794,1173,3566
2790: 2096
2791: 866
2792: 2890,136
2793: 3817,3782,3008
2794: 1198,3827,1648,2715,3259
2795: 1488,1931,2001,1332,2722
4382: 168,3541,1507
2797: 1509,2092,2166
2798: 1379,1213
2799: 620
2800: 3135,624,3653
2801: 3362,3305,4566
2802: 1667,3397
2803: 499,1294
2804: 4462,1970,550,1215
2805: 
2806: 4314
2807: 4797,3615,4195
2808: 2783
2809: 3522,1551,3641
2810: 3386,4254,2633,3029
2811: 3598,1695,1391,4597
2812: 876,1920,0,1874,1226
2813: 733,2535,4219,20,2024,4580
2814: 3820,1560,907,3761
2815: 
2816: 2852,941
2817: 1541,3195,1388,3372
4422: 3365,1236,938
4498: 8,4132,2755
2820: 2052,2888,4161
2821: 4613,3904
2822: 3964,1112,1608,1713
2823: 4703,4142
2824: 3924
2825: 3366,1532,9,2241
4344: 1162,4822
2827: 
2828: 622,1103,4394,3682
4294: 1178,3160,2675,2155
2830: 1932,3972,603
4533: 1209,2547,2205,777
2832: 
2833: 2876,3282,919,2308
2834: 
2835: 
2836: 99,1750,2627
2837: 700,335
2838: 
2839: 1851,3487,2100,4121
2840: 1340,792,212
4440: 3715,22,1993,3709,99,4144
2842: 4171,3587
2843: 2084,3937,28,1804
2844: 
2845: 
2846: 
2847: 2272,4383,4322,658,4369
2848: 1580,3137,538
4291: 1643,2759
2850: 1116,1780,153,4226
2851: 573,4416,900
2852: 2816,3702
2853: 1641,3066,4226,4112,1780,2493
2854: 4364,1302
2855: 1053
2856: 2996,4820,309,4043,4475
2857: 2959,2767,4048
2858: 655,2676,1779,4428
2859: 1784,3787,2071,2589
2860: 4278
2861: 3720,1518,1998,2005,1328,66
2862: 
2863: 490,1302,3521
2864: 4636,879
2865: 1455,1266,2213,229,2597
2866: 710,647,1196
2867: 4566,2237
2868: 500,1561,2450
2869: 4632,3631
2870: 3804
4444: 2438,4259,63,946,2930
2872: 1982,2734,424,1207
4725: 239,4159,2199,1376,421
4820: 4674,309,4043,2176,2856,1407
2875: 28,754
2876: 2833,1590
2877: 2404,3641,3172
2878: 1534,2119,2630,2126,818
2879: 1798,3172,2139,4467
4404: 
2881: 4146,3663,4215,2742
2882: 4110,2952
2883: 2046,3425,1997,2681
2884: 318,306
2885: 3964,3509,1414
4531: 2736,598,2898
2887: 683,2307,2698,243,1822
2888: 2820
2889: 345,1101,564,428,4006,4085
2890: 136,2792,1650
2891: 
2892: 3055,1705,2649
2893: 3815,3419
2894: 
2895: 646,4632,1024,815,3006
2896: 4642,4054,3494,4679,3038
2897: 
2898: 598,4531
2899: 537
2900: 3692,3984
2901: 1258,3611
2902: 
4490: 2969,155,688,580,4809
2904: 3459
2905: 
2906: 2626,3529,231,3858
2907: 
2908: 1968,1079,4569,2378
2909: 205
2910: 2329,4800,233,138,2365
2911: 3074,1184,3440
2912: 4341,910,3250
2913: 1707,2361,4338,4566
2914: 3608,102,2203,3749,2433
2915: 1095,2736,2958,670,712
2916: 485
2917: 1132,4658
4343: 4723,173,4329,547
2919: 4619,375,1232,2557
2920: 487,2965,993
2921: 4768,2592
2922: 3646,652,4457,2562
2923: 
2924: 1602,2323
2925: 413,1701,1609
2926: 1974,1494,3124,4640,1175
2927: 1454,1439,3621
2928: 55,887,1806
2929: 1631,2333,3799
2930: 3215,946,4444,63,168
2931: 989,1620,461,221,4147
2932: 3990
2933: 3990,609
2934: 239,4399,989,2442,3930
2935: 1078,2274,2651,4334
2936: 3628,2171,4029
2937: 1800
2938: 1249,1170,181,3101,1917
2939: 2065
2940: 4310,3630,1345
2941: 2347,4713,3603
2942: 1324,2469,258,2471
2943: 763
2944: 2949,4767
2945: 2539
4366: 2202,3602
4576: 2613,338,2512,3580,4283,1884,3492
2948: 4683,3313,1408
2949: 4767,717,2944,923
2950: 862,1445,919,787,2308
2951: 1066
2952: 1547,3733,2882
2953: 2988,587,4163,2429,295
2954: 3586,122
2955: 3071,1262,3294,1295
2956: 
2957: 3137,781,3741
2958: 1381,670,2915,712,3877
2959: 1091,958,2857,4048,3347
2960: 3660,4631
2961: 4256,957,3818
4367: 1429,4060,4500
4713: 4394,2053,2941
2964: 1502,3840,4166,3094
2965: 4635,2358,2920,993
4779: 2621
2967: 3661,3903
2968: 2512,2648,1310
2969: 155,4490,688,785,4809,3480,640
4662: 4599,946,3562,3491,4046,4259
4290: 
2972: 2573
4386: 4532,2686,3812,2692
2974: 2376,558,3649,793
2975: 
2976: 
2977: 2662
4327: 4089,3368
2979: 1994,3270,2992,3753
2980: 4810,3567,2461,1438,2279,264
2981: 1343,289,2129,1396,1870
2982: 422,4766,1218,2301,2608,3125
2983: 2148
2984: 3925,1580,1548,3892
2985: 549,3505,1853
4773: 2692,1893,450,2610
2987: 2227,488,3001,3880,2219
2988: 587,2953,886,3417,2429,3968
2989: 657,4359,675
2990: 632,91,2455,4193
2991: 660,4050,1883
2992: 538,122,3753,1994,2979
2993: 3628,2171,3052,3140
2994: 471
2995: 16,2126,1528,4049,1174
2996: 2234,2856
2997: 4688,3569
2998: 3046,2434
2999: 978,4622,3706,1327,1607
4468: 3744,3502
3001: 488,3103,3880,2987
4819: 79,1464,426
3003: 1876
3004: 45,4206,2331,4454,1991
3005: 968,3414,1723
3006: 3051,2895,4632,815
3007: 370,3078,3291
3008: 4352,2793,4098
4651: 4345,2611,2705
4504: 1765,980
3011: 1647,402,317,2164
3012: 57,2540,1918
3013: 
3014: 3845,2336,3461,3050
4558: 1965,2256,3479,4214,3035,2691
3016: 1194,3821,681,478,791
3017: 2346,1551,2047
3018: 2415,1261,298,801,4492
3019: 2673,1824,4617
4365: 1611,4210,1402,4628,3536
3021: 
3022: 1564,667
3023: 4124,376,1315
3024: 4402,447,2519,2640
3025: 
3026: 313
3027: 381
3028: 2000,3810
3029: 2516,1311,2810
3030: 3680,4326,3345
3031: 
4447: 3844,1803,2609
3033: 2145
3034: 4090,2707
3035: 2207,2691,2256,4558
3036: 3742,3073
3037: 2706,4223,719,4795
3038: 4802,4642,2896,1378,4679
4415: 1581,2209,3234
4470: 4646,624,3772,687
3041: 1698,1929
4795: 15,3144,3037
3043: 2332
3044: 1814,3210,2088,4603,4585
4679: 1378,4054,3333,2896,3038
3046: 2998,2634
3047: 3849,141,3940,2451,4621
3048: 258,1025,311,974
4594: 103,3389
3050: 4392,79,3461,3014
3051: 3006,4632,4014
3052: 2993,3628
3053: 1208,2713
3054: 1840,3488,874,365
3055: 163,4253,2892
3056: 1035,4087
3057: 581,1976,622,3217
3058: 448,262
4326: 3030,80,2784,3327
3060: 1331
3061: 1817,252,391
3062: 1630,2111,2671
3063: 112
4683: 2006,340,2948
3065: 1064,315,193
3066: 1641,2853,3893
3067: 
3068: 2787,1989
3069: 1842,4675,2127,2189
3070: 
3071: 1067,1262,2955
3072: 1831
3073: 3246,805,3036
3074: 4671,2911,1184,3566
3075: 
3076: 614
3077: 548,3132,4206,4059,1991
3078: 4814,4645,3007,370
3079: 853
3080: 2582,2411
3081: 3510,1469,1449,4090,1024,815
4589: 4637,1295
4790: 2352,4612
3084: 1682
3085: 4239,1305,1566,2570
3086: 4328
4551: 4534,727,2070,4471,2021,2510
3088: 2212,1485,227,3534
4618: 2685
3090: 3933,3953,3692,1631,2333
3091: 14,1101,4437
4527: 2516,3984,1533,3626
3093: 1427
3094: 995,1291,2964
3095: 282,1715,610,3855
3096: 2332,2710,2382
3097: 4050,1925,1883,4481,2002,4207
4487: 3890
3099: 3515
3100: 1317,2368,4606
3101: 181,621,1230,1249,2938
3102: 1720,933,1180,3715,1993,38
3103: 488,3001,1624
3104: 
3105: 4100,1918,2359
4694: 1156
3107: 1877,1443
3108: 2549,3374,4024
3109: 3882,4211,4134,3596
4340: 
3111: 4184,654
3112: 1073,12,4598,4762,4058
3113: 
3114: 806,2741
3115: 2279,264,4796
3116: 3611,389
3117: 
4775: 4630,1807,1473
3119: 3925,3148,1903
3120: 2282
3121: 1773
3122: 2449,881,4413
3123: 885,2694
3124: 1161,775,2926,1175
3125: 3745,3639,2608,1424,422,2982
3126: 
3127: 406,531
3128: 1689,2356,4022
3129: 4489
4501: 351,61,1559
3131: 
3132: 3077,548,4206,2331
3133: 476,1124
3134: 4570
3135: 427,4289,624,3449,2800
4405: 1166,1360,4793,1811
3137: 122,2957,2848
3138: 4538,2456,2627,3746,167
3139: 1980,481,1836,4218
3140: 2592,2993
3141: 4175
3142: 719,4363,4103
3143: 2491
3144: 1950,4795
3145: 2029,1464,3627,4523
3146: 2300,2783,2418
3147: 146
3148: 3925,4677,3119
3149: 3938,2378,701,1083
3150: 3586
3151: 
3152: 343,359
3153: 4270,2609,1266,2568,2004
3154: 3821,3353,3405
3155: 1328,4781,92
3156: 1860,1069
3157: 
3158: 643,859,1954,1336
3159: 3219,2622
3160: 1178,4294,2155,253
3161: 4808
3162: 794,2321,4315,3463,4767
3163: 3357,2181,732
3164: 4665,2206,1136,1165,1794
3165: 4453,394,661,3776
3166: 
3167: 1209,276,4604,4348
3168: 1642,913,2615,218
3169: 2120,2646,3872
3170: 642,4746,1654,3344,1093
4309: 1398,1407
3172: 2404,3641,2877,4467,2879
3173: 681,478
3174: 1150,4180,2153,3218,2700
3175: 3464,65,3653
3176: 1715,4135,175,1985
3177: 48,1765
3178: 1864,3816,3337,2137,1969
4718: 4571,247,4615,917
3180: 3826,879,4636,2210,1359
3181: 2091,532,2259
3182: 473,3280,4601,3497
3183: 
3184: 2513,1594,601
3185: 3227,110,2327,1750,4526
4731: 3385,842,4561,690
3187: 3528,1810,4519
3188: 3881,1465,71
3189: 220,51,1843
3190: 238,1293,2177,2698,3475,683
4480: 1088,3736,1664,667
3192: 3235,1749,794,2321,1173
3193: 665,160,59,3661,3903,1010
3194: 
3195: 1388,332,2817,1090
4512: 1540,125,3698
3197: 4650,2065
4746: 642,3170,1654
3199: 3665,4770,2362
3200: 2129,4680
3201: 878,18,1001
3202: 4391,4285,2245,157,766,493
3203: 3976,576,4469,1712
3204: 2207,2691,82,1638,3693
3205: 4565
3206: 238,1293,1891
3207: 2503,1903
3208: 3416,4581,4759,35
3209: 775,3499,3284,3974,1161
3210: 3044,1814,1521
3211: 1113,1241,373
3212: 1523
3213: 1617,2487,1199,4461,3575
4632: 2895,3006,3051,2869
3215: 2930,793,946
3216: 
3217: 4394,4172,3057,1976,622
3218: 1150,3174,1443,4009
3219: 3159,2361
3220: 671,3958,4141,2076
3221: 
3222: 3367,2311,2685
3223: 2737,3546,4782,2263
3224: 
3225: 1855,4036
3226: 995,862,4684,4113
3227: 3185,4623,4538,4526
4605: 3899,2353,1618,279,1255
4351: 459,2408,2249
4583: 230,4497,3495,3543
3231: 3710,913,710
3232: 292,707
3233: 1463,4381,2298
3234: 4415,2209
3235: 3192,1749,596,2321
3236: 3248,4771,4575,2576
3237: 
3238: 1353,2385
4768: 4692,2592,2921
3240: 4652,2151,487,219
3241: 4211,4134,3420
4684: 4113,3226,1291,3887
3243: 4797,3615,1729,3532
3244: 3300,1687,2149,986,1955,4233,1144
3245: 3319,1613,2565,2653,2326
3246: 3073,805,1502,3840,3889
3247: 4502,584,3976,576,52
3248: 3236,4771,2576
3249: 275
3250: 2912
3251: 1598,469
3252: 1794,1183
3253: 4659,3296,4434,1736,3359,3977
3254: 307,4243
3255: 2585,2366
3256: 2276,2556,3526
3257: 1457
4682: 4421,161,3677,427
3259: 1648,2715,2794,2121,221
3260: 1818
4615: 2293,2570,247,4718,917
4475: 3725,2856,3701
3263: 1880,896,4794
3264: 2647,190,1372,3747,1120
3265: 154,3396,2385
4638: 4054,3333,851,2640,2687
3267: 3793,3500,1493,2310
3268: 3513,4723,173,1245
3269: 2675,999,4408
3270: 1994,2979,4325,4364
3271: 1310,600
3272: 4215,1485,4027,4192
3273: 101,464,2296
3274: 
3275: 1371
3276: 
3277: 2617,1027
3278: 1139,237,161,1853,549,4547
3279: 4546,4673,516
3280: 3182,473,871,4601,3497
3281: 2509
3282: 1725,1148,2833
3283: 4095,1005,403,4050
3284: 1864,3816,3974,2510,1161,3209
3285: 2604,1788
3286: 
3287: 3979,4686,4691
3288: 814
4732: 1122
3290: 4726,3470,2655,891
3291: 4181,3007
3292: 4113,236,4115
3293: 1143
3294: 971,2955
3295: 
3296: 3253,4659,2724,942,3977,511
3297: 3989,443,1242
3298: 1330,1683,4057,1486
3299: 942,4151,4675,4024
3300: 3244,4233
3301: 
3302: 603,903,2593
3303: 756,2102,990,1937,4783
3304: 4435
3305: 998,3694,2801,3362
3306: 2076
3307: 4251,1628,3,1384
3308: 441,4108,1358,812
3309: 1088,4104
3310: 678,3559,1844,4221
3311: 
3312: 2613,1788,1501,2068
3313: 882,1408,2948
4448: 93
3315: 936,4128,857
3316: 4170,1937,2603,4076,4783
3317: 2029,3627,4776,1897,1778
3318: 2028,3325,2119,818
3319: 3245,134,2653,3532
3320: 1709,3585
3321: 4257,2330,242
3322: 1139,237,4289,624
3323: 531,1228,1437
4783: 301,2275,3303,4170,3316
3325: 2028,3318,1341,3766,528
3326: 2325,3998,407
3327: 2784,4326,4286,3965
3328: 2146,111,1739
3329: 3354,1197,2473
3330: 925
4467: 1,2404,3172,2879
3332: 1495,3343,674
3333: 4638,4054,4679
3334: 4780,777
3335: 530,2677,3512,2037,504
3336: 4758,1205,349,4388
3337: 2140,1174,2137,3178
3338: 3601,1927,3759,4242,4122
3339: 663,1423,4629,358
4407: 
3341: 2056,1896,2746
3342: 143,1323,2474,3608,102,134
3343: 3332,4073
3344: 4143,3170,1654,1093
3345: 3965,3030
3346: 337
3347: 4048,1091,2959
3348: 
3349: 3659,1022,491,1886,2526,593
3350: 3527,57,1032
3351: 618,3697,49,1059,1842
3352: 2622,4237
3353: 3154,1520,2101
3354: 4099,1197,3329,2473
3355: 583,4712,3771
3356: 842
3357: 4804,3163,1256,732
3358: 3670,4784
3359: 3977,1520,1736,3253,2695
3360: 855
3361: 2008
3362: 2801,3305,3390
3363: 4313,3490,223,3392
3364: 2095,4009,2153,1309,2631
3365: 4422,1236,788
3366: 2749,2825,1532,2369
3367: 2427,3222,817
3368: 4327,2590
3369: 3788,2309,1885,1514,64,78
3370: 3918,464,1477,1793,101
3371: 
3372: 936,930,2817,1241,1388
3373: 
3374: 2549,3108,914,344
3375: 1107
3376: 
3377: 3670,437
3378: 
3379: 4438,2714,289,4643
3380: 
3381: 3412,943
4368: 368,1662
3383: 803
3384: 2543,4735
3385: 842,4731,690
3386: 2638,2810,3626
3387: 472,641
3388: 4525,4458
3389: 4594
3390: 736,3362
3391: 962,2495,1496
3392: 4111,3363,4313
3393: 4177,1774,2499
3394: 4734,3785,783,4116,1265,2758
3395: 1419,216,3996
3396: 4298,154,3265,526
3397: 2802
3398: 2399,4173
3399: 73,2542
3400: 327,1922
3401: 1718,745
4524: 110,2327,3709,4655,1588,2392
3403: 1216,789
3404: 4222,1980,2216,1031
3405: 3821,3154,455,2133
4439: 2722,3704,4279,529,3801
4681: 1356,4155
3408: 3663,4787,845
3409: 2750,896,1694,544
3410: 378
3411: 84,1041,4445,2460,2364,1854
3412: 889,3381
4763: 4499,3702,4727,2360
3414: 3883,1032,3527,968,3005
3415: 4124,4748,3518
3416: 497,2784,3208,3446
3417: 886,2988,2579,3968
3418: 4143
3419: 325,3980,4754,2893
3420: 1940,3241,711
3421: 782,17
3422: 4716,2209,388
3423: 919,4739
3424: 638,4155,1658
3425: 2022,2883,3970,1997
3426: 3789
3427: 3764,3913
3428: 1267,3819,1151
3429: 2661
3430: 4400,637
4285: 4391,3202,2245,421,4488
4567: 1990,4769,697,678
3433: 1559,3672
3434: 3919,4064,303,656
3435: 591
4462: 2804,1419,2350,372,1970,246
4728: 2604,4118,1450,2664
3438: 4161,1769,1441,4183
3439: 1921,3999
3440: 2339,59,2911
3441: 4425
3442: 1006,2463
3443: 2099
4804: 527,3357,3908
3445: 2777,4029,2732
3446: 1507,3416,497
3447: 923,4141
3448: 1681
3449: 3135,427,4517,4421
3450: 691,2499
3451: 213,4723,1851
3452: 2619,4497
3453: 2653,2043,4797
3454: 4354
3455: 2732,1678,4189,4695
3456: 3529,3503
3457: 2466,1110
3458: 2635,76,2735,514,1900
3459: 2904
3460: 4807,529,2001,2722
3461: 3845,2336,3014,3050
4774: 2311,1073,364
3463: 184,4349,954,4767,4315,3162
3464: 3175,3583,4595,65
4716: 3422,2590,4553
3466: 2634
3467: 578,4037,2587,2067,1155,798,1366
3468: 4222,429,34
3469: 3474,1125
3470: 1072,1767,3290
3471: 4257,2110,13,2677,3512,2330
3472: 3563,2663,392
4564: 4570,196
3474: 3469
3475: 3872,238,3190,683
3476: 679,166,3754,2140,417
3477: 274,895,1350
4777: 4247
3479: 4214,2256,732,4558
3480: 3800,785,2969
3481: 772,169
3482: 4510,4483
4803: 3779,3690
4353: 4645,3961
4628: 1169,1497,1402,1018,1260,4365,3536
3486: 3650,1854,492,4818
3487: 2100,3771,2839,1851
3488: 3054,3691
3489: 3686
3490: 3363,1643,2669
3491: 3562,1731,4046,4662
3492: 1884,2135,4576,2512
3493: 2541
3494: 4054,2640,2896
3495: 230,4583,2569,684,2147
4514: 1821,3927
3497: 4601,1528,3182,3280
3498: 
3499: 775,3209,964
3500: 3267,2456,3793,167,1684
3501: 1627,1364,805
3502: 3915,1744,4468
3503: 3456,2457
3504: 4429,400
3505: 284,2150,2985
4712: 3571,229,965,2597,3355
3507: 
3508: 4062,305,2659,316,1005
3509: 2068,2885
3510: 3081,1449,665,4090
3511: 8,2755,1628,1070,2729
3512: 2330,2037,3471,2677,3335
3513: 3268,278,173,1245
3514: 1835,4330,1934
3515: 3099,1121
3516: 1057
3517: 4649,4092
3518: 525,521,3415
3519: 2355,837,673,2709
3520: 240,680
3521: 2367,445,2863
3522: 1304,2809,2049,2107
3523: 2131,316,3896,305,1005
3524: 3604,2484,2044,1381,3838
4642: 2896,3038,3543
3526: 4262,3256
3527: 3350,4657,3414,1032
3528: 755,836,595,3187,1810
3529: 3456,231,2906
3530: 1919,1058,4678,4228
3531: 4140,1985,610,1227
3532: 1729,1099,3319,3243
3533: 500,1561
3534: 2742,3088
3535: 
3536: 120,4562,4628,1260,4365,635
3537: 1986,1544,2009
4601: 3497,1528,3182,3280
3539: 2532,117
3540: 3906,1792,3967
3541: 771,4382,410
3542: 540,905,66
3543: 4642,4583
3544: 4520,753
3545: 4086,1080,3872
3546: 3223
3547: 75,827,150
3548: 4126
4345: 4651,2705
3550: 1413,1619,1090,3714,4010
4599: 4662,620,328,4259
3552: 1571,606,898,864
3553: 1705,209,1168
3554: 737,276,4604,4030,3870,2577
3555: 3699,3937
3556: 1694,734,4337,795
3557: 1114,2776,2370,1735
3558: 3846,1276,2089
3559: 3310,282
4546: 3279,4673,2158,1258
3561: 4482,4233
3562: 2602,3491,4662,328
3563: 2663,3472
3564: 4752,2772,2468
3565: 822,1655,1082,4476,1392
3566: 4711,2789,3074
3567: 4810,2461,2980,264
3568: 3743,4120
3569: 2997,4136
3570: 1614
3571: 4712,229,188,911
3572: 377
3573: 418,4286
3574: 
3575: 1199,3213,1617
3576: 1674,1308
3577: 874,3755,4573
3578: 524
3579: 709,1314,2399,3824
3580: 4283,2613,4576
4320: 4247
3582: 244,3734
3583: 3464,4119,2198,4595,65,1791
3584: 165,1869,163
3585: 1709,4814,3320
3586: 2954,3150
3587: 4171,2842
3588: 1866
3589: 3834,2012
3590: 
3591: 4449,3662
4336: 
3593: 1829,435,4017,3905
3594: 
3595: 
3596: 1657,3109,4211
3597: 43,449,1565
3598: 2811,863
3599: 2388,2756
3600: 4033,4081,1220
3601: 1927,3338,1770
3602: 980,4366
3603: 156,2941,2347
3604: 3524,2044,2424,366
3605: 
3606: 3895,1480
3607: 270,4384
3608: 2914,102,2203,2474,3342
3609: 2164,1904,2212,1485,402
3610: 4619,3806,3812
3611: 3116,2901
3612: 144,68,4032,3886,2327
3613: 1525
3614: 93,3952
3615: 4797,3243,2807,4195
3616: 
3617: 1051,411
3618: 2623,384,605,4764,1108
3619: 4655,1588,1413
4582: 4818,4617,1369
3621: 2927,1454,220
3622: 
3623: 127,1886,3723,4125
3624: 4179,2718
3625: 4154
3626: 2050,1533,3386,2516,4527,2505
3627: 2029,3145,3317,684,367,2548,4776
3628: 2993,2171,3052,1601,4265,2936
4549: 2782,4319,957,3818,2598
3630: 976,4537,4310,2940
3631: 2869,1805
3632: 2107,2304,1,4644
3633: 1456
3634: 1801
4315: 2321,3162,3463,184,4767,440
4822: 4817,4344,1973
3637: 1277,1225,408
3638: 1446
3639: 3745,3125,1424,1920,0,1329
3640: 1084,935,4308
3641: 2404,2877,3172,1551,2809
3642: 4403,2616,3978
3643: 
3644: 2373,346,210,2566,4494,1841
3645: 2478,4758,940,3839,182
3646: 290,2922,4616,4457,1616
3647: 3846,1276,67,3978
3648: 1442
3649: 4046,793,3841,2974
3650: 1369,3486,1382
3651: 1028,2702
3652: 1527,3726,2057
3653: 3175,2800
4416: 438,3836,573,2851,2277
3655: 2344,498,2678,922,4162,1867
3656: 
3657: 3750,725,1086,2559,930
3658: 3801,888,4744
3659: 1022,956,3349,1448,4750
3660: 1027,1171,2960,1428,3909
3661: 2967,59,3193,3903
3662: 3591
3663: 3408,2881,2742
3664: 4658,1132
3665: 3199,4770,1074,1141
3666: 2689,1273
4695: 1435,2,3455
3668: 472,641
3669: 876,1920,1329,1232,1411
3670: 3377,437,1880,3358
3671: 562,2062,3826,879
3672: 3433,1559,61
3673: 4624,1809,375,331
3674: 4196,4518,1679
4757: 1107
4379: 758
3677: 161,1853,284,4682
3678: 1143,30
3679: 1206,1089
3680: 3030,651
3681: 3710,2749,433,1234
3682: 3962,2828
3683: 1254
3684: 3868
4548: 198
3686: 3489
3687: 2370,4194,2766,1795,2051
3688: 
3689: 2225,1284,150,2459
3690: 2061,3988,4803,2619,1275
3691: 2480,4023,4185,3488
3692: 2900,1631,3090,3953
3693: 1874,2691,3204,82
3694: 3305
4619: 3610,2919,375,3806,1232
3696: 2085
3697: 618,3351
3698: 2719,125,4512
3699: 1787,3555,2466
3700: 3806,1226,4785,2686
3701: 310,3725,4475,2284
3702: 4499,4763,941,2852
3703: 
3704: 2722,4439,4279,1046
3705: 1755
3706: 4578,1607,2999,4622
3707: 416,3950
3708: 4805,326,1477,1793
3709: 110,4524,2392,4440,4144
3710: 3681,3231,2749,433
3711: 3942
3712: 2571,4390,1261,1651,1688
3713: 2250,1025,1871,3898,321,974
3714: 4709,633,3873,3550,1090
3715: 4406,22,1993,4440,1180,3102
3716: 321,2033,85,4093,4428
3717: 2705,3950,1385
4450: 1752,1346,1268,4125,1562,304
3719: 549,4101,1992,718
3720: 1518,2861,2005,4146,4192
3721: 
3722: 1119,2483,4625,4655
3723: 3623,127,1886,2526,4637
3724: 1634,2494,2592
3725: 4475,3701,2284,543
3726: 1527,3652,4687,2271
3727: 4680,2129,1396
4387: 3999
3729: 4317,1826,442
3730: 
3731: 1155,798,4131
3732: 4330,4154,4189
3733: 4722,2952
3734: 4488,3582
3735: 4227,119
3736: 1088,4480,234
3737: 4750,2767
4394: 4713,4172,3217,622,2828
3739: 
3740: 
3741: 2343,2621,2957
3742: 3036,1132
3743: 4120,3568,4483
3744: 1626,1214,4468
3745: 3639,3125,422,1920,2258,1329
3746: 4252,2627,3138,2456,404,167
3747: 1651,555,1712,3264,1120
3748: 
3749: 2914,102,15,2433
3750: 3657,484,725,857
3751: 2744,1563
3752: 1204,109,959,2788
3753: 2992,2979
3754: 2726,166,3476
3755: 3577,2672
3756: 4055,4574,569,1762
3757: 329,1599,951
3758: 4183,4691,1769,971,1262
3759: 1927,3338,685,2642,4242,2711
3760: 2607,4178,3786,4709,633
3761: 599,907,2814
3762: 703,1650
3763: 4122,4229
3764: 3427,3913
3765: 2022,2046,1691
3766: 2266,1341,3325,528
3767: 
3768: 1629,2637,3957,4719
4727: 4784,474,4763
3770: 395
3771: 3487,3355
3772: 2650,4470,4646,687,2779
3773: 4419
4821: 1245,517,2403,1377
3775: 2125,2408
3776: 661,3165,1500,4782
3777: 1198,884,4238,832
3778: 
3779: 4079,4802,4803
3780: 4074,2523,4371,2207
3781: 598,2520
3782: 1535,2200,2793,3817
3783: 423
3784: 1223,568,4150,2748,2062
3785: 4734,3394,4116,2459,4041
3786: 3873,1069,4178,3760,633
3787: 1784,2859,2071,1556,1816,3960
3788: 3369,2309,78,2319
3789: 3426
4798: 1169,1497,1735,2776
4483: 3743,3482
3792: 4427,1386,4557
3793: 3267,2456,3500,1493,4538
3794: 984,1989,4230,2787
3795: 1895,4385,4362
3796: 
3797: 
4445: 2460,2422,4563,1041,3411
3799: 2333,2929
3800: 849,785,3957,730,3480
3801: 3658,4439,4279
3802: 3934,721,441,1358
3803: 80,1363
3804: 774,4099,2870
3805: 2398
3806: 3700,1232,3610,4619
3807: 4726,2629,2098
3808: 998
4714: 303,1626,4456
3810: 2000,3028,2211
3811: 49,4492,298,4151,4659,2724
3812: 4532,4386,2686,3610,3948
3813: 
3814: 1591,1784,4042,1556
3815: 2893,2346,2047,407
3816: 1864,3284,3178,1969,1161
3817: 2793,4806,3782,1535
3818: 4201,957,2961,4549
3819: 4088,1151,1928,3428,1267
3820: 2814,1560,1545
3821: 3154,3405,1194,3016
3822: 2655,1475
4710: 4023
3824: 2399,3579,1314
3825: 1813,2473
3826: 3180,879,3671,1359
3827: 1198,2794,4591,1648
4338: 1707,2913,2679
3829: 1097
3830: 4212,504,14,769,345
3831: 4117
3832: 1322,1704,2168,2552
3833: 2109,2334,2032,883,2547
3834: 3589,1487
3835: 1689
3836: 4438,438,4416,1819,573
3837: 
3838: 2488,839,1397,1381,3524
3839: 940,3645,2306,2537,663
3840: 1502,4166,2964,1364,3246
3841: 1373,1731,4046,3649
3842: 2535
3843: 
3844: 404,1684,1803,1455,2609,4447
3845: 2336,3461,3014
3846: 3558,3647,1973,1276
3847: 2504,754,1766,1975,1185,4277
3848: 389,3902
3849: 3047,1362,4496,4621
3850: 835
4545: 
4413: 3122
3853: 
3854: 4559,1819,77,4815,2497
3855: 1715,4591,3095
3856: 
3857: 
3858: 2626,2906,231
3859: 4719,730,1661
3860: 1011,4225,1361
4371: 1458,1031,1256,3780
4637: 4589,127,3723
3863: 1758,2247,1820
4724: 11,2545,2146,1677
3865: 
3866: 1036
3867: 
3868: 3684
3869: 1945,1680,464,4786
3870: 4030,3554
3871: 
3872: 3475,3169,4086,3545
3873: 3786,1069,3714,633
3874: 4539,1133
4671: 3074
3876: 4786,181,621
3877: 2958,1381
3878: 2048,4112,1780,414,2175
3879: 2658,2095
3880: 1278,4106,3001,2227,2987
3881: 1465,3188,4041,75,2017
3882: 561,3109,4184,246,4134
3883: 3414,1032,1515,333
3884: 1279,490,2172,2264
4652: 3240,2151,2177
3886: 144,3612,1619,332
3887: 1291,4684,2288
3888: 58,871,214
3889: 1502,3246,1291,4001
3890: 4487
4571: 4427,2013,4718
3892: 1580,1548,538,2984,1994
3893: 2581,1641,3066,2125
3894: 2240
3895: 1852,3606,1480,2194
3896: 2131,3523,2416,4129
3897: 2593
3898: 4505,1871,3713
3899: 1222,2353,1384,4605,1618,4251
3900: 409
3901: 439,4649,1960,37
3902: 2138,2666,3848
3903: 1563,1010,3661,2967,3193
3904: 2821,4613,672
3905: 2709,2531,3593,435
3906: 3540,1792,2632,3967
4477: 
3908: 2536,255,4322,4804
3909: 3660,1428
3910: 2599,2392,1747,4406
3911: 1956,864,474,4794
4780: 3334,4348,2551,4469
3913: 3427,3764
3914: 1574,4466,2366
3915: 1744,2264,4597,1695,3502
3916: 1798,895,4174
3917: 453,357,977
3918: 3370,4354,4190,4786
3919: 3434,2782,656
3920: 4565,1523
3921: 2720,115,4175,599
3922: 347,4080
3923: 385,2589,1141,707
3924: 4453,2824,1167,963
3925: 2984,3148,3119,1815
3926: 
3927: 779,4514
3928: 722
3929: 1665
3930: 4399,2934
3931: 2413,4436,1690
3932: 1043
3933: 3090,3953,2333,2381
3934: 3802,721
3935: 2167,2439,4703,4142
4321: 2026,4813
3937: 2084,2843,3555
3938: 3149,2439
3939: 2026,2063,2772
3940: 4096,3047,384
3941: 4792,33
3942: 3711,612,4261,2679
3943: 
3944: 341,4812
3945: 2087
3946: 449
3947: 1233,634
3948: 2066,4532,3812,973,1313,872
3949: 
3950: 1385,3717,3707
4743: 4664
3952: 3614
3953: 3933,3090,3692,1193
3954: 1659
4562: 120,3536,2049,635
3956: 889
3957: 4719,730,3800,3768,1629
3958: 671,3220
3959: 4596,18,921
3960: 1556,1816,3787,2517,2203
3961: 4631,1428,4353
3962: 3682
3963: 
3964: 2822,2885,373,1414
3965: 3345,3327,4286
3966: 2726,908,473,1598
3967: 3906,3540,4120
3968: 2429,3417,2988,2436,367
3969: 
3970: 2220,2022,3425
4324: 2781,409
3972: 4762,1932,2830,603
4719: 3957,730,3859,2637,3768
3974: 1441,2021,2510,3284,3209
3975: 2015,933,4339
3976: 3203,576,4502,3247,4390,52
3977: 3359,3253,3296,511
3978: 67,3647,3642
3979: 3287,4686,1181,198
3980: 4754,937,1247,3419
4352: 3008,4474,4098,644
3982: 1228,1087,2596
3983: 2474,2565,2128,1077,1613
3984: 4527,2900
3985: 2161,444
3986: 1009,718,307,802
3987: 733,2535,658,2272,4383
3988: 3690,2061
3989: 3297,443,4200
3990: 2933,2932
3991: 613
3992: 
3993: 729,1836,4377,733,2272
3994: 1799
3995: 
3996: 4586,216,3395,81
3997: 1916,2594,2432
3998: 2047,407,3326
3999: 4387,3439
4000: 
4001: 3889,2186
4406: 3715,22,1747,3910,1180
4003: 4708,40,1012,4823
4004: 1587,703
4005: 1919,953,424,1207
4006: 1693,4085,2889
4007: 1702,4269
4568: 722
4009: 2153,3218,3364,2095
4010: 4625,4332,1413,3550
4011: 2251,1555,1676,4528
4012: 2663
4013: 2703,185,856
4014: 3051,764
4015: 1179,2657,519,1412
4016: 2614,2109,4799,883
4017: 1829,3593,1941,4772,4796
4018: 
4019: 4581,991,2438,1203,1582
4020: 54,1401,2771,4772
4677: 3148
4022: 3128
4023: 278,2480,3691,4710
4024: 887,942,3299,3108
4025: 2320
4026: 
4027: 2615,4192,486,3272
4028: 4094,1646,4230,2760,2787
4029: 2777,3445,2506,2936
4030: 2751,3870,3554
4031: 1006,4592
4032: 144,68,3612,4542
4033: 3600,1182,1220,4131,2587,798
4699: 2112,1617
4035: 
4036: 2588,2600,1855,1822,3225
4037: 2587,3467,2067,1630,1182
4645: 4353,4814,3078
4039: 781,2182
4040: 
4041: 4734,3785,3881,1465
4042: 1640,4064,656,3814
4043: 4820,4674,523,592,2856
4044: 640,2233
4455: 1720,2560,1042
4046: 3649,3841,1731,3491,4662
4047: 302,253
4048: 2767,3347,2857,1091,2959
4049: 4471,1174,2995,16,2553,4534
4050: 3097,1925,1883,3283,2991
4051: 430,1018
4052: 2585,641,557
4053: 103,1004
4054: 4638,3333,3494,2640,2896,4679
4055: 3756,478
4056: 
4057: 3298,1683
4058: 4762,1281,4598,3112
4059: 1991,97,3077
4060: 1429,4367,4500,2273
4061: 2461,2701,431
4062: 3508,305,1668,316
4063: 2443,1176,4253,209
4064: 3434,656,4042
4065: 1359
4066: 2731
4750: 3737,3659,956,2767
4068: 
4069: 1147
4401: 1281,4598,1763,1318,1495
4747: 2010,533,1529,2446
4393: 1320,2073,809
4073: 2588,3343,604
4074: 2523,3780
4075: 1654
4076: 916,978,4622,2603,3316
4077: 205
4078: 4313,924,1530
4079: 1378,4802,3779,532
4080: 3922,4760
4081: 4641,3600,1220
4082: 4696
4083: 64,1408,78,4097
4424: 2481,1348,227
4085: 4006,2889,460,428
4086: 1080,3545,3872
4087: 3056
4088: 3819,1151,1891,1949,4199
4089: 4292,4327,1915
4090: 2707,3034,3510,3081,815
4091: 1789,1649
4092: 4649,3517,1810
4093: 85,1570,3716,2033
4094: 4028,1646,193,1510
4095: 1005,3283,403,2659,4142
4096: 3940,4360,2623
4097: 2788,4361,4083,78
4098: 2218,4352,3008,228,1430,644
4099: 3354,1197,774,3804
4100: 4451,3105,1918,4708
4101: 183,1992,3719
4102: 1207,868,1191,953,4616
4103: 3142,2706
4104: 1088,3309
4105: 867,1014
4106: 3880,4460,4609
4107: 136,2743
4108: 441,3308,721,1452
4109: 11,1597,111,2146
4110: 2882,4278,917
4111: 3392,560,1068,601,4420
4112: 3878,1780,2493,2175,2853
4113: 3292,4684,862,3226,236
4114: 1472
4115: 1535,3292
4116: 3785,3394,783,1284,2459
4117: 3831,496,1308
4118: 4633,1123,1450,816,4188,4728
4119: 2198,387,1791,3583
4120: 3743,3967,3568
4121: 2100,1503,2839
4122: 3763,4242,263,4229,3338
4737: 1949,1151
4124: 1026,376,3023,3415,4748
4125: 1183,1268,3623,127,1637,1752,4450
4126: 3548
4127: 313
4128: 4542,123,3315,857
4129: 2416,1685,3896,1925
4130: 2750,1954,643
4131: 1220,4033,2587,798,3731
4132: 8,4498,1070
4133: 
4134: 3241,4211,4184,561,3109,3882
4135: 4228,175,1985,3176
4136: 3569
4137: 4240,1875
4138: 912,2779,1231,1672
4139: 444,2254,1592
4140: 3531,4627,1985,877,1227
4141: 3447,1157,3220
4142: 4703,2659,2823,3935,4095,403
4143: 3418,3344,1724,1093
4144: 99,1750,110,3709,4440
4544: 1136,1583,2672,1042
4146: 2881,2005,4215,3720,4192
4147: 2313,2280,2931,1620,1376
4148: 4410
4149: 618,1437,801,4492,1059
4150: 2748,711,3784,568,4360
4151: 1842,3811,49,2724,3299
4152: 4793,261
4153: 
4154: 3625,3732
4155: 3424,1746,4681
4156: 
4157: 2727
4158: 4333,4295,69
4159: 4725,4399,244
4472: 
4161: 3438,1769,2820,971
4162: 1981,1867,3655,498
4163: 1621,105,2953,1725,295
4164: 
4537: 3630,976,2618,2074,2099
4166: 3840,2964,296
4167: 
4168: 
4169: 
4170: 3316,4778,4783
4171: 3587,2842
4172: 4394,3217,4197,2053
4173: 4641,3398,918,2105,1959
4174: 1868,3916,1798,348
4175: 3921,115,3141
4176: 2009,184,440
4177: 3393,1435
4178: 3760,3786,633
4179: 3624,4429
4180: 3174,2153,2700,1309,285
4181: 3291
4182: 1082,1108,1655
4183: 4691,3758,1441,3438,1769
4184: 3111,246,3882,4134
4185: 2480,3691,583
4523: 4739,3145,1464
4187: 2365,2532,117
4188: 816,1608,390,1123,4118
4189: 1678,3732,3455
4190: 1676,4354,3918,4786
4191: 
4192: 4027,4146,4215,3272,3720
4193: 826,2455,2990,2560,475
4194: 3687,1735,2051,4210
4195: 1898,2807,3615,1006
4196: 3674,1346,1211
4197: 4392,4172
4198: 2629,459
4199: 219,1949,487,4088
4200: 3989,443,806,4510
4201: 3818,2598
4202: 1776
4203: 716
4204: 379
4205: 
4206: 2331,3077,3132,1991,3004
4207: 2776,4481,3097,1883,2002,2501
4208: 
4209: 551,41,128,893,469,269
4210: 4365,4194,1402,2051
4211: 3241,4134,561,3109,3596
4212: 3830,1484,518,1431,769
4213: 1515,948,2540,1567
4214: 3479,1431,1838,1965,4558,1056
4215: 2742,3272,2881,4146,4192
4216: 4346
4411: 
4218: 2272,1836,3139,2536
4219: 297,4276,20,2024,4580,2813
4220: 
4221: 1844,1227,3310
4222: 1980,100,3468,3404
4223: 2706,3037,987,2530
4744: 3658,888
4225: 1361,1987,3860
4226: 1641,2853,2850,1780,153
4227: 3735
4228: 4678,4135,175,3530
4229: 4278,917,263,3763,4122
4230: 2174,2760,4028,3794,2787
4231: 1905,1336,859
4232: 1942
4233: 3561,3300,3244,1144
4492: 3811,49,1059,4149,3018,298
4235: 432,580,1195,1952,2695,1471,1520
4478: 2079
4237: 2622,3352
4238: 884,865,1319,1860,3777
4239: 3085,1343,1566
4240: 1875,4137,4443
4241: 661
4242: 2642,2293,263,3759,3338,4122
4243: 3254,500
4325: 1994,3270,4364,1815
4245: 4273,2491
4802: 3038,1378,4079,3779
4247: 4320,4777
4248: 
4249: 1966
4432: 
4251: 3307,1628,1222,3899,1384
4252: 2627,4705,3746,2213
4253: 163,3055,1008,2670,1176,4063
4254: 2638,2810,2633,2085
4255: 
4256: 2961,4685
4257: 3471,2110,3321,2330
4258: 1080,11,2178
4259: 2438,4444,4662,4599,946
4260: 483
4261: 2679,1467,3942
4262: 3526
4263: 1299,4785,232,2686
4474: 4352,644,2176,4674
4265: 3628
4266: 288
4665: 3164,874
4268: 
4269: 391,4007,2195
4270: 3153,729,2568,481
4434: 1948,1573,1736,298,3253,4659
4341: 2912,4789
4273: 4245,145
4460: 1278,4106
4275: 
4276: 297,4219,2419,2401
4277: 4620,410,1363,1185,3847
4278: 4229,4110,2860
4279: 3704,4439,1046,2462,3801
4280: 2249,2098,927
4281: 
4369: 4384,853,658,2847,4322,527
4283: 3580,4576,1884
4506: 2051,1212,1545