0: 3935,2865,3883,4010
1: 
2: 
3: 3168,2755,3528
4: 2577
4202: 2643,1644
6: 2517,763,2727
7: 3166,3978
8: 1821,164
9: 640,940,1175,98,1952
10: 540,1372,663,1341
11: 2596,4094,4789,1885
12: 688,4416,4725,1240
13: 68,3057,3553,916
14: 468,4441,3410,4322,1893,4224
15: 2530,4195,2340,1391
16: 656,4364,3002,4611,3502
17: 1603,3869,738,4675
18: 2293,1606,3214,4680
19: 4747,1530,820
4334: 4002,1780,1228,4438,3794
4820: 4674,4352,1705,4783,592
22: 1499,1981
23: 1601
24: 348,3641,4133
25: 3188,2095,3825
26: 3938,3483,278,428
4624: 4516,3228,1075,120
4800: 276,1658,689,3901,4060,2912
29: 4418
30: 3429,1430,1342
31: 3650,837
32: 2917,2945,4004,191
33: 1599,2493
4767: 1099,955,3744
35: 1560,2814,75,948
36: 1281
37: 1542
38: 3959,2125,3657,1608
39: 2933,4483,3441
40: 3110,1091,214,3499
41: 2339,2831,2878,1548,1423
42: 3363,2461,4706
43: 4287,1015
44: 
45: 2180
46: 3183
4592: 3707,2576
48: 1103,1412,338,2889
49: 2635,2549,3534,3559
50: 4798,481,3998
51: 
4591: 2734,3899,4567
53: 1410,3704,3310,710,1127
4341: 1316,3220,3859,914,1850,1255,3065
55: 3299,789
56: 
57: 1950,4750,529
58: 1933,4101,4048,182,2995,3608
59: 4304,1371,2341
60: 1875
61: 79
62: 589,2458,442,738
4773: 1524,4494,503,2566,732
64: 4244,1579
65: 3704,4586,2075,3951
66: 2329,3839,4209,2636,469
67: 597,509,3600
68: 13,3553
69: 3940,620,2520,3780,3604,4096,3241
70: 2244
71: 3415,2630
4380: 1601
73: 4778,3461,1166,3029
74: 1987,824
75: 2814,694,948,35
76: 1037,4456,4363,4758
4213: 4636,2758,4106,2049
4721: 4045,4246,1100,674
79: 2186,61,805
80: 3104,1238,1155,274,384
4609: 547,167,4700,3533
82: 1185,4503,3815,986
83: 1692,4047,522
84: 
85: 1162,1912,972,4577
86: 4492,3985,3564
87: 1568
88: 414,587,2511
89: 4222,2958
90: 2064
4709: 618,3564,4805,2257,3982,1249
92: 2726,1173,2910
93: 753
94: 1472,141,2396
95: 3348,3548,4617,3406
96: 1232,3368
4640: 4686,3233,1567
98: 2115,640,9,2233
99: 153,4551,1879,1520,2599,4140
100: 498,3139,4329,1079,1522
101: 1395,1819,4086,726
4468: 2474,1848,2729
103: 1719
104: 850
105: 2891
106: 
107: 3066,1919,1844,2277
108: 364,419,3112,3845
109: 3121
110: 2736,1266,2865,3754,173
111: 4728,4427,1870,4401
112: 2946,3770,976,405,158
113: 1084,2545,984,4030,1510,1895,1146
114: 3805,1071
115: 
116: 1340,3950,1586
117: 1683,1505,1192
118: 4762
119: 1321,3106,3536,1511
120: 4624,1075
121: 4613,1166,3029,401,1650
122: 2904,2367,3521
123: 4321,1287,2644
4365: 3570
125: 3316,2833,1540,990
126: 1107,841
4652: 129
128: 3481
129: 4652,1244
130: 2518,4677,2290
4811: 450,396,1946,1845,4764
132: 
4280: 922,857,3968,930
134: 4439,2826,3447,1028,1598
135: 3333,3087,4627,2121,1990
136: 3692,4810
137: 3921
138: 3143
139: 
140: 2273
141: 94,1131
4661: 4603,4745,3183
143: 1494,2021
144: 911,278,739,3938
145: 4535,2861
146: 
147: 4687,224,1815,4430
148: 3474,4454
149: 829,1832
150: 2043,1939,3581,1468,3080,3547
151: 3205,797,2031,3182
152: 1451,2625
153: 99,4551,417,1520,4228
154: 4013,4396
155: 2995,2754,1563,4518,513,1436
4683: 1806,3971
157: 2820,1957,3438,174,1769
158: 3770,405,112
159: 1160,2726,2583,4711,2910
160: 3749,3365,3337,4072,4192,2662
161: 3319,594,3135
4511: 
163: 2037,1730,2019
164: 2778,8,1821
165: 1798,509,4297
166: 1715,469,1741,4637
167: 366,4700,3533,1655,4609,4703
168: 1956,751,2750,3687
169: 3131,758
170: 1898
171: 2472
172: 4817,4588,1687
173: 4398,110,2865
174: 3667,157,1769,246
175: 1054
176: 
177: 1704,1501,573,4258,3759,2664
178: 
179: 661
180: 
181: 1427
182: 2075,958,4518,3136,2995,58
183: 3037,3983,4325,3645
184: 2986,2704
185: 
186: 2012
4776: 1627,1681,2033
188: 304,4391,775,4524,3709,2480
4684: 2287
190: 4659,1588,2600
191: 32,4004
192: 
193: 
194: 638
195: 912
196: 1890
197: 
198: 2208,3109,4343,210,3358,3877
199: 1975,1186,2829
200: 2562,289,2872,729,1380
201: 3549,1349
202: 944,3563,2881,2402
203: 822
4598: 988,1305
205: 4816,714
206: 
4405: 468,1314,3732,4061,2242
208: 
209: 2649,3217
210: 1201,2210,3358,3877,4686,2959,198
211: 
212: 4795,437,1473
213: 2607,2113,702,3577,2072,1145
214: 1223,4337,3105,1091,40
4651: 1998,4601,3986,4693
4483: 3441,39
217: 1732,3640,4616,3287,4270
218: 2625,3207,3034,2663
219: 2679,3152,1870
220: 3402,1342,2487,2085
221: 1198,2199,4548
222: 3914,995
223: 2669,4291
224: 4687,147,938,2680
4232: 2406,834
4606: 508,4130,3907
227: 785,3884,303
228: 3046,3271,4225,1871
229: 2015,459,3793,1327
230: 2193,4392,3887,4633
231: 2491
232: 2696,4188,4017,2089
233: 
234: 3180,1511,3106,3954
235: 1640,2145,1791
236: 3953
237: 2012
238: 3711,2668,4347
239: 2126,2004,2672,1067
240: 3398
241: 3593,2610,2686
242: 2523,1517,1411,1678
243: 3776,2090
244: 404,1119,2858,2941
4512: 3889
246: 1139,1769,174,3644,2955
4790: 1296,251,1026,1799
248: 3511
249: 2042,1439,3226
250: 3699,2235
251: 2680,1209,1296,4790
252: 3263,4355,1613
253: 1109,2546,2457
254: 1240,1087,1062,3974
255: 826,3955,1484,4074
256: 3593,2610,449,318,4555
257: 4037,1052,3125,1190
258: 4330
259: 2418,1427,1665
260: 3134,4706
261: 
262: 3521,397,3192
263: 4199,628,2817,3259,4351
264: 2951
265: 3689,4293,1076
266: 3072
4734: 1794,3233,1139,1211
4256: 4031,4279,4192,3342
269: 3556,2979,2841
270: 2167,4377,530,2359,2419
271: 2149,2262,1670
272: 3097,2877,695
273: 1461,1385,4646
274: 1115,1155,3258,384,80
275: 3740
276: 4800,1658,689
277: 998,1097,1921
278: 911,144,1965,26,428
4654: 3648,1521,2780
280: 3630,3871,3056
281: 3792,4815
282: 2477,4787,4488,2510
283: 985,1658
284: 3464,3936,4318,718
285: 4590,4708,793
286: 
287: 3517,3947
4491: 2781,4084,3126,1050
289: 200,2562,3777,729
290: 1616,1418,1651
291: 
292: 2216,4207,2206,1211
293: 833
294: 2257,1249,4725,688
295: 4522,979,2548,2810,4001
296: 553,3165,4435
297: 2952,3793
4582: 3455,4107,2557
299: 3580,1219,1855
300: 2175,1762,4163,4608
301: 519,890,2892,1621
4595: 4337,4183,1748,2770,1091,3071
303: 3314,2722,227,2949,1028
304: 188,4391
305: 1877,372,2758,1474
306: 2701
307: 3001,1896,3702,3505,2442
308: 
309: 2883,2218,2110,4672
4805: 4390,2257,4709,3564
311: 556,2018,3048,924
312: 872,2847,1959,4437
313: 2595,2231
4642: 368,1605,1081
315: 1771,2604
316: 4038,3508
317: 429,1136,3290,1241,4627
318: 256,4555,2684
319: 2627,2279,4078,4505
320: 
321: 1607,1636,4741,3607,4580
322: 2114,569,2452
323: 343,4241,1318
324: 1098,4013
325: 635,1978,578
326: 1542,1831
327: 3696
328: 3630,2252,2930
4374: 4692
330: 596,3356
331: 1868,808,4231,350
4413: 3458,3015,4304
333: 4259,961,4801
334: 658,3650,2330
4662: 1082,1150
4625: 1677,1227,3149,1562
337: 3634
338: 4063,1869,1103,48,4486
339: 3334
4612: 2862,3643
341: 3680
342: 3567,3894,4407,3032
343: 1044,3305,323,4241
344: 722,4724,950
345: 2494,1093,3331
4486: 2094,338,4063
347: 2463,3652,1923
348: 24
349: 2630,3677
350: 2605,3540,331,3675
351: 
352: 2545,3269,836,3160
353: 4690,1014
354: 1474,1637,751
355: 4275,831
356: 4543,482,2879
357: 1376,4116,1622,4665,3476,1864
358: 681,1906,590,4733
359: 1623,1830,951
360: 390,3543,2125,4122,2034
361: 
4490: 1606,1588,3214,3428,3807
363: 3051,3665,1205,1046,915
364: 108,419,2660,3959
365: 1840,3674
366: 167,4700,1655,4357,1660,4703
4384: 1873,3335,3832,838
368: 4642,2830
369: 759,2228
370: 435,4283,4189,4793
4364: 3295,3502,16
372: 1433,4450,1877,305
4447: 1165,4428,3500,3817,3267
374: 1727,820,3629
375: 2813,1638,2181,766
376: 920,3831
377: 1149
378: 4121,4075,2047,479,3908
4580: 2649,321,4741,3170,3607,3050
380: 1351,4750,529,3623
381: 1021
382: 3208
383: 1337,2077,1630,907
384: 2602,3258,274,80
385: 1506,4587
386: 2445,2527,1130
387: 3996,961,4259,2746
388: 
389: 3863,3421
390: 360,3543,708,2125
391: 795,1440,3215
4605: 4149,417,4238,2769,4228,1629
4403: 
394: 2972,1855,4745
4267: 3334,717,4187
396: 450,4811
397: 2971,3521,262
398: 1825,3277,4631,2214
399: 2496
400: 2217
401: 3129,1179,3024,121,1650
402: 2596,4094,3550,618,3982
403: 1582,4180,1212,422,1270
404: 244,1119,3227
405: 3491,3770,112,158
406: 3298,3821,2000
407: 4499,4600,1789,1256,3745
408: 2869
409: 
410: 
411: 2636,3979,2707,1741
412: 2960,997
413: 3520
414: 88,587,2657,2157,3819,3242
415: 3817,2272,3822,1068,3500
416: 3401
417: 4605,1520,2769,4228,153
418: 3257
419: 108,364,3112,2319
420: 1963,2667
4533: 1663,4769,2756
422: 4062,1270,4142,4180,403
4722: 
424: 1080,3788,1482,1293,1555,4308
425: 1554
426: 3716,756,4420,572
427: 4201,1095,968
428: 278,26
429: 317,1136,1019,3290,2697
430: 
431: 1273,2692,3244,4214
432: 801,4151,3956
4713: 1458,3690,1765
434: 881
435: 370,4793,1360,2286
436: 3621,3303
437: 1309,1334,212,1259,1473
4233: 2345
439: 1300,4354,4262,801,1773
440: 569,3712,2861,1642,2794
441: 2917
442: 2165,62,738
443: 2453,2315,1242
444: 4390,2257
445: 3516,3260,3075
446: 3930,2866,2140,3531,3155,3252
447: 4670,2187,2200,878,4225
448: 1117,2312,2271
449: 256,1007,741
450: 4811,396
4740: 2229,3875,1927,4505
452: 1776
453: 3796,3003
4733: 4049,935,681,358
455: 1514,3941,3028
456: 2426,900
457: 784,4245,2500
458: 2469,2372
459: 4739,3153,229,2015,2213,3793
460: 1000
4665: 357,4116,1496,1864
4450: 3350,372,1694
463: 2236,3638
464: 1610
4451: 1223,3105,1532
466: 1582,4180,660,2215,1005
467: 
468: 14,1314,4405,3410,4322,2399
469: 1715,166,1741,2636,66,3294
470: 
471: 1915,1581,1220
472: 3970
473: 868,3252,4235
474: 4657,3787,2779
475: 4093,2464,2678
476: 2220,2397
4337: 4595,4183,3105,1091,3071,214
4596: 3391,1008,3746,2941
479: 3908,1411,378,2047
480: 2385,3295
481: 50,3172
482: 2905,356
483: 3022,2227,1126
484: 2813,1638,937,4440,2072
485: 2383,2768
486: 584,2318,2551,914
4574: 913,1775,1952,2233,3088
488: 
489: 2250,2336,3964
490: 3251,2826
491: 1016,4548,4125,1346
492: 3393
493: 1732,4616,678,2958
494: 2646,1526,817
495: 4735,3369,2248
4510: 1908,1239
497: 2750,2342,1956,2814
498: 2419,3139,100,2456
499: 4561,4604,1857,4092,3517
500: 2977,2373
501: 4498,514,2362,2751
502: 548,2706,3248,2017
503: 1524,4494,4773,4526,3483
504: 541,1517,4017
505: 895,3229,2209,3828
506: 3728,3178,4360,2070,4536
507: 4208,2593,3485
508: 4771,4606
509: 4297,3600,67,165
510: 4705,1189,2608,4481
511: 3697,3550,652,1885,2787
512: 
513: 1436,3922,1563,155
514: 1429,3081,2362,501
515: 2150,2145,893
516: 3863,2123,612
517: 2399,3567,2061,3894,3732
518: 3557,1697
519: 301,890,2833,1540
520: 983
521: 2503,2038,1506,1853,3137
522: 83,4047,2282
523: 787,2288
524: 
525: 1525
526: 1846,794,1462
527: 2310,1789,2301,1968
528: 1856,677,2133
529: 4750,1448,774,2052,57,380
530: 4377,270,1008,4272,2359
531: 3941,2571,1477,1801
532: 1422,2604,1699,2511
533: 3778
534: 4635
535: 4082
536: 3981,2443,1838
537: 4007
538: 4026
539: 
540: 1372,10,1449,4792
541: 504,1517
542: 786
543: 1291,3145
544: 4274,3986
4410: 1100
4327: 1402,4181,4131
547: 4609,3047,2520
548: 2706,502,3248,3080
549: 1236
550: 3725,2552,1730,1873,3335
551: 2137,1332
552: 768
553: 3165,296,4435
554: 
555: 4780,3053
556: 311,2018,1001,3292,3898,3048
557: 3840,2945
558: 4184,2131,4142,2346
559: 2158,3856,762
560: 1701
561: 4062,2568,4210
562: 1169,3258,1301,2784
563: 
564: 4154,4173,2349,1811
565: 4708,2316,4009
566: 4460,3043
4653: 3300,803,616,1115
568: 1861,3124,4421,3449
569: 440,3712,2861,322
570: 4368,3302,3492
571: 2482
572: 3716,426,3399
573: 3760,4122,2034,4258,177
574: 1984,4649,3475
4803: 4659,2969,2773,3836
576: 1783,2825,3923,1074,1476
4823: 2496,2044,4023,3012,3849
578: 325,1978
579: 3860,853,890,1122
580: 4219,4360
581: 1257,4197,4098
582: 
4699: 4148,2448,1370
584: 2318,486,737,3220,914
585: 3244,3660,4214,1872
586: 2918,1747
587: 88,414,3819
588: 3496,2013,1106,1354,2922
589: 62,2458,3932
590: 681,1906,358,3280,3923
4397: 3418,3713
592: 4820
4466: 2651
594: 3319,2225,161
595: 1753,748
596: 3356,330
597: 67,2171,1973
4566: 1858
4770: 2369,2702,4363,4714
4383: 839,1926,4499,2370,1491
4570: 
602: 3189,1951
603: 2682
4552: 848
4531: 3734,3728,3138
606: 712,1624
607: 
4514: 3116,4088
4572: 1865
610: 1629,4551,1134
611: 2633,2542,2792
612: 2123,4338,516,4261
613: 3853
614: 2008
615: 2853,3603,3303
616: 1301,4653
617: 1336,4620
618: 4709,3564,3985,4094,402,3982
619: 3901
620: 3940,69,4634,1268,3604,3649
621: 2334,1542,2837
622: 3379,1049,1450
623: 
624: 
4276: 4645
4222: 89,3582
627: 
628: 4199,263,4660,2361,3259
629: 4422,831,1403
4477: 1710,4575
631: 4757,2247,1623,1830
632: 4559,943
4679: 1814,4108
634: 
635: 325
636: 
637: 
638: 3503,194
639: 2497,725,4002,1023
640: 9,1175,1372,1449,98
4197: 4098,2871,581,3733
642: 
643: 3604,3649,4096,1880,2501
644: 2634,3466
645: 2185
646: 2911,1929,2984,949
4480: 3477,1185,1498
648: 1835,1424,4558,1114
4528: 2412,4248
650: 4167
651: 1804
652: 2108,1885,511,2787
653: 3360,1806,1907
654: 2771,3483,1524,4369,4050
655: 2409,4768,4063,2094,2464
656: 16,3002,2198
4245: 457,2500
658: 334,2422,3650,2574,2696,3948
659: 2728
660: 3700,2215,1582,466
661: 841,179,3711
662: 2586,4227
663: 3403,1194,1341,10
664: 2300,993
665: 1848,1852,2474
666: 3425
667: 
668: 1839,2488
669: 2102,3750,4806,2759,3584
670: 3609,3785,3691,1864,3723
671: 2459,3447,2478
672: 4414,2903,3271
673: 1218
674: 2270,4108,4721,4246
4812: 4284,719
4530: 1837,3887,3338
677: 3359,2928,528
678: 2070,4616,2655,493
679: 2500,4279
680: 1650,1502,2355,4309
681: 1906,358,590,4733,4215
682: 3671,1110
4343: 1405,3888,1567,2208,198,3358
684: 
685: 1106,2408,3777
686: 1101,4564
687: 1979
688: 12,294,1249,3169,4725
689: 1658,2532,4800,276
690: 4315
691: 3166
692: 4028,939,2581,1019,3722,4112
693: 2291
694: 2852,75
695: 272,1551
4347: 2978,2668,3498,238
4720: 3167,2920
698: 4286,1754,2373,2977,898
699: 4291,2409,4768,2561
700: 
701: 3936,4158,2305,3061
702: 213,2607,2113,3577,2129,4212,2483
4414: 672,3213,4111
4377: 2167,270,530,4272,4562
705: 2885,2336,3636,4312,2619
706: 2433
707: 2611,987,3144
708: 390,3543,4163,4608
709: 3584,3393,3607,2759,3217
710: 1074,3966,1476,53
4589: 4140,3484,4551,1134
712: 606,1270
713: 2111,2171,858
714: 4366,205,4816
4669: 1810,1857,1692,2457,3947
716: 
717: 3515,4267
718: 4318,3464,284
719: 4812,2055
4420: 756,426,1541,1454
721: 
722: 4643,344,2640
723: 4036,1616,3230,3299
724: 
725: 639,4002,2851,3171
726: 3530,4086,1395,101,2344,1547
727: 3102,3583
4571: 3962,3844,846,4739,2213
729: 4005,200,289
730: 4540,1695
731: 2567,1572,2085
732: 4526,3669,2566,4773
733: 4188,2364,770,2574
734: 4634,864,3047
4554: 1771,4278,2604,1699
736: 1102,867,2521
737: 4141,2738,584,2318
738: 17,3869,442,62
739: 911,144,2375,4371
740: 3505,3996
741: 3625,1007,449
742: 3663,1297,2459
743: 
744: 2723,4473,1551,1697
745: 4355
746: 2030
4361: 4443
748: 2675,1753,595,1121
749: 4816
750: 3531,2931
751: 1956,168,2424,354,2342
752: 3754,3883,2024
753: 3588,4796,93
754: 
4409: 4051,1795,2804,4703
756: 3716,4461,4420,426,2880
757: 4130,1110,1359
758: 3148,3131,169,2854,1807
759: 369,810,2461,3602
4253: 4638,1452,2996
761: 
762: 2827,4242,2158,559
763: 2517,6,4080
764: 
765: 3917,1991,1334
766: 1276,375,2823
4643: 722,3016,1080,3788
768: 909,552
769: 1165,4428,3830,2037
770: 2574,733
771: 2360,1038
772: 4034,3613,873
773: 4594
774: 4750,529,1448,2052,2961
775: 188,4391,4524,2480,2206
776: 
777: 940,2547,1175,1295
778: 4026,1451
779: 
780: 
781: 
782: 1500
4753: 2271
784: 457
785: 3884,1618,227
786: 2505,1691,542
787: 523,2288
788: 3009
789: 55,4332
4340: 2827,4242,3872,4786,1294
791: 2881,3307,2449,3542,3245
792: 3683,2479,2012
793: 4041,285
794: 2109,1462,1846,526
795: 391
796: 4034,3330,1963
797: 1580,151,2343,2031
4502: 3932,3146,910,4675
799: 3812,2792,4778,4613,3799
800: 2183
801: 1773,432,4151,439
802: 4325,3653
803: 3300,3482,4653
804: 4507
805: 2186,79
806: 2805,3092,4133
807: 2519
808: 3684,4231,331
809: 4288,3456
810: 1306,3666,2461,759
4583: 4768,4093
4479: 3181,3375,1305,2913
813: 3028,4607,882
814: 
815: 4016,1371
816: 4815,2189,3225
817: 2543,1982,1526,494,2646
818: 1775,1952,940,4809
4475: 1547,2344,2151,2408
820: 1530,19,4054,374,3629
821: 1084,3617,3160,4647,1510
822: 203,2720,1239
823: 1548,2751
824: 3889,1987,74
825: 
826: 965,2416,255
827: 3473,4236
828: 1264,4251
829: 2396,1832,149,1472
830: 3152,1870,3694
831: 629,355,1403
832: 4626,4010,3372,2375,3198
833: 293
834: 1460,3030,4232
835: 1129
836: 3269,3273,1216,1596,3160,352
837: 3650,31,4818,2136
838: 2471,4384,2364
839: 1926,4383,2370,2877,1018
840: 3619
841: 661,3711,126
842: 2755,2491,4484,3168
843: 3737,2985,1141,1974,3409,2868
4214: 431,3244,585,1872
845: 2825,3923
846: 3759,2664,1034,4571
847: 1363,2983
848: 4552,2469
849: 
850: 104
851: 2260
852: 1703
853: 1594,579,3860,1122
854: 3181,1837
855: 
856: 1298,1790
857: 922,4280,1927,1770,2229,930
858: 1735,876,1260,713,4798
4250: 4419,1690,4119,1340
860: 4663,1083,3639,2066,1938
861: 
862: 3189
863: 1076,4195
864: 4634,734,4636,3571
865: 1742,3200,4567,3899
866: 2400,4814
867: 1102,736
868: 2212,3408,473,4235
4433: 3078
870: 1865,3288
871: 3408,4049
872: 312,1133,4437,2506
873: 3613,772,1320,3098
874: 4573,3479,3754
875: 4103,3719,1487,2043,3581
876: 1735,858,4798
877: 2426,3881,3095,1029
878: 2200,4578,1533,4670,447,2968
879: 2718,3394,3278,4431,2097
880: 3375,2270,4108
881: 434
882: 3068,813,4678,2850
883: 2654,3526,2282,2614
4521: 2278
4794: 4284,4065,3349
886: 3282,951,1439
4255: 
888: 1556
889: 4492,1277,1492,3902,1917
890: 301,519,1621,579
891: 4024,4799
892: 2575,3275
893: 1675,515,1561
894: 961,896,1508
895: 505,3229
896: 1508,3319,894
4488: 4787,3253,282
898: 2977,698,1754,1910
899: 3286,3568
900: 2100,456,1029
4695: 
4816: 3738,205,749,714
4264: 
904: 1562,3280,3253
4663: 1083,860,4600
4808: 3865
907: 1925,1630,4444,1938,383
4671: 2738,1573,4146,3323
909: 768
910: 4502,3146,1054
911: 278,144,1965,739,3372,2375
912: 2690,195,4821
913: 1775,4574,3088,3816,1196,2280
914: 4341,3220,584,486,2551,1255
915: 1205,363,2306
916: 2853,13,1176
917: 1819,2715,2175
4295: 2620,3761,3589,4506
919: 2761
920: 376,3831
921: 1609,1398,4330,1593
922: 4280,857,2952,1770,3968
923: 4508,1462,2986
924: 311
925: 
926: 
4636: 4213,2758,864
928: 2238
929: 1138
930: 3227,4280,857
931: 1747,1738,3395,2570
4544: 4005,2922,1218
933: 3534,2101,4399
934: 2396
935: 4733,4049,3681,1677,4215
936: 965,3955,1162
937: 1638,2181,484,4440,1432,2284,1750
938: 4687,224,1279,1639,3751,4064
939: 692,2581,3722,4112,3095
940: 777,9,1295,818,1952
941: 3283,1706
942: 4799,4024,2635
943: 3230,632,4332
944: 202,2449,2971
945: 3435
946: 2946,3949
947: 4774,1492,2601,4492
948: 1440,1479,75,35
949: 3892,646
950: 344,3854
951: 1439,3226,359,886
952: 2088
953: 4399,2744,1227
954: 1875,1810,4769
955: 4767,1099,3744,3903,3122
956: 3709,2480,1247,3771
4656: 1348,2306,1302,2191
958: 2075,3951,182,4048
959: 2211
960: 2143
961: 894,4259,333,387
962: 2865,3754,3883
963: 4718,1605
964: 1751,1731
965: 826,3955,2416,936,3344
966: 4614
967: 4220
968: 1528,427,1998
969: 1073,3302
970: 3433
4321: 123,2138,2644
972: 85,4085,2258
973: 3115,1382,1253
4607: 813,3028
975: 2683,4584,2717
976: 3770,2983,3834,112
977: 1852,1320,2667
978: 1803
979: 4522,3024,295,4001
4714: 3576,2021,4770,2369
981: 
982: 2671,1066
983: 520
984: 2601,4030,2545,113,1146
985: 2447,283
986: 4091,2522,82,4503
987: 707,2611,2841,4470
988: 4598,1292
4550: 2414,2454
990: 1033,125,2880
4501: 2798,3312,1454,4115,1310
992: 4756,1224
993: 1477,664
4809: 1618,2119,4540,818
995: 2317,222
996: 2766
997: 412
998: 277,4073,2328
999: 2588
1000: 460,1635
1001: 556,2018,3292,3898,4772,3048
1002: 2008,4430,3963
4525: 2721,3077
1004: 3073,3676
1005: 3163,1660,3100,2215,466
1006: 2782,1416,2598
1007: 4822,741,449
1008: 4596,3746,3267,4272,530
4209: 3314,2722,2636,66,2329
1010: 3493,2621
1011: 2465,1765,1033
1012: 3849,4723,2959,2484
1013: 
1014: 353
1015: 43,4029
1016: 491,3484,4125,1174
1017: 
1018: 839,3846,2877
1019: 429,1136,2697,692,4028,3722
1020: 2970,1080,1482,2640,2357
1021: 381
1022: 1198,3881,4542
1023: 3855,3290,2497,639
1024: 4781,2367,1451,4240
1025: 1854,4810,3692
1026: 4790,1799
1027: 1269,4081,4136
1028: 2949,3314,303,134
1029: 4542,2426,877,900
1030: 3653,2001,3232,2859
1031: 3734,4623
1032: 4421,2750,3687
1033: 990,1011
1034: 3886,4739,4350,4118,3759,846
1035: 
1036: 2838
1037: 76,3361
1038: 4200,771,1082
1039: 4520,2893,2725,1362
1040: 3962,3844,2279,4078
1041: 1282,4020,4645
1042: 1657,4777,3432,3906,3700
1043: 2159,2106,1680,3273
1044: 343,3305,3367,2573
1045: 1762,2361
1046: 3434,3294,3051,363,3209
1047: 
1048: 4788,3124,2966,3449,4537
1049: 4667,3379,2842,622
1050: 3126,4491
4207: 292,2216,1397,4619
1052: 4154,2349,257
4487: 4411
1054: 175,910
4316: 3667,3737,1141,2078,3644
1056: 3853,3673
4641: 3762
4623: 4038,3771,3582,1031
4290: 3824,1634,3874,4822
1060: 3496,1475,1501,2664,3962
1061: 4436
1062: 1736,3405,254,1087
4313: 2409,3621
1064: 1300,4348,3973,2380
1065: 1986,1805,2028,2170,3720
1066: 3291,982
1067: 4252,2126,239
1068: 2889,1445,3822,415,2272
1069: 1738,1104,2303
1070: 1297,2984,2911
1071: 1746,114,3805
4704: 2897
1073: 969,3302,3185
1074: 710,1127,1783,576,1476
1075: 4624,120
1076: 863,265
1077: 3131,2141,3148
1078: 4786,3779,3776,2573
1079: 1967,1432,1522,100,4440
1080: 424,3788,1482,4643,1020
1081: 3676,4435,3073,1725,4642
1082: 4662,4200,1038
1083: 4663,860,3519,3639
1084: 2545,821,113,1510
4454: 148,3329
1086: 2213,3844,4078,1770
1087: 4725,254,1062
1088: 2766,1735
1089: 2388
4408: 2934,3351,1138
1091: 3071,4337,4595,214,40
1092: 3055,2506,2776
1093: 4061,1823,3331,2242,345
1094: 2406
1095: 427,4201,3409,4560,4693
1096: 1793,3821,2174
1097: 277
1098: 324
1099: 4767,955,3122,4090
1100: 4721,4410,4666
1101: 4170,686,4564
1102: 736,867
1103: 1412,48,3603,338
1104: 2350,1738,1069,2303
4444: 3846,907,2723
1106: 685,1354,2408,1386,588,2013
1107: 126,1983,2965
1108: 2438
1109: 2756,253,1810
1110: 4130,757,1359,682
1111: 2752,4793
1112: 3975,3836,1780
4673: 2014,3856,3695
1114: 4558,648,2002,3628
1115: 3767,1155,274,4653
1116: 3755,4710,3012
1117: 448,2811
4223: 3677,1351,1998,3341
1119: 244,404,1909,3227,2858
4590: 285,3325,4708
1121: 1753,1821,748
1122: 853,579
4568: 
1124: 2925,2902
1125: 
1126: 1163,3675,2227,4442,483
1127: 1074,3434,1410,53
1128: 4022
1129: 835,2622
1130: 386
1131: 141
1132: 2147,3914
1133: 4271,872
1134: 610,4551,4589
1135: 2634
1136: 317,429,1019,4627,4028,1990
1137: 2603,1585
1138: 929,4408,2934,3351
1139: 1679,1769,246,4734,2955
1140: 3648
1141: 843,3737,2985,1974,4316,3667,2078
4782: 3452,2651,2058
1143: 2287
1144: 3852,3103
1145: 2072,3198,213,3577,4626
1146: 4390,113,984,4030,1895
1147: 3425
4692: 4539,4374
1149: 377
1150: 4662,2423,3736
4818: 2136,837
1152: 4031
1153: 2930,3064
1154: 2703
1155: 1115,3767,274,3104,80
4333: 2609,4462,3826,1602,4553
4506: 3565,4295,2620,4138
1158: 1264,1544
4551: 153,99,610,1134,4589,4140
1160: 159,4187
4495: 
1162: 85,1912,936,1722,4577
1163: 1126,3675,2987,4425
1164: 
1165: 4447,769,4428
1166: 121,3029,73,3024
1167: 1641,2039,3972,2263,1922
4615: 2485,1982,3492
1169: 3736,562
1170: 4221,4799,2140
4484: 3437,842
4597: 
1173: 3074,92
1174: 4125,1016,1993,4196,2241
1175: 1341,1372,640,777,9
1176: 916
1177: 3321,4717,4796
1178: 4519,1437
1179: 401,4115,3129,1310
1180: 2858,2277,4655,2941,1493
1181: 2955,3888,4009
1182: 2428,3789,2527
1183: 3202,3685,4628,1419
1184: 2910,2352
1185: 82,4503,4765,4480
1186: 1910,199,1975
4400: 2875
1188: 4515,3594
1189: 3344,2616,4705,510
1190: 257,2502,2378
1191: 3722,4112,2562,2872,1788
1192: 1505,3885,117
1193: 
1194: 2547,1341,3712,3403,663
4393: 
1196: 2967,913,3088,2280
1197: 2575,4345
1198: 221,2199,1022,3480
1199: 
4229: 2890,3664,3386
1201: 210,2210,3877,4243,3879,2130
1202: 3710,1573,3708,3298,4044
4424: 3646,2937,2415
1204: 
1205: 3251,363,3665,915
1206: 4149,1629
4439: 2826,134,2329,3839,3665
1208: 3679
1209: 2680,251,3023,1296
1210: 
1211: 4619,292,1794,4734
1212: 2991,1582,403,3989
1213: 4052
1214: 1298,4632,2848
1215: 3499,3436,3438
1216: 1596,2786,3821,836,2000
1217: 
1218: 673,4544
1219: 1764,2972,1855,299,3580
1220: 1915,3486,471
1221: 
4539: 4692,3321,2324
1223: 4451,214,2868
1224: 1696,4756,992
1225: 
1226: 3618,1795,3084
1227: 1677,4625,2744,3681,953
1228: 4438,4351,4334,1780
4681: 2467
1230: 3727,4789,1293,1597
4613: 121,799,1650
1232: 96
1233: 1746,2556
4391: 188,304,775,4524,3781,2820
1235: 3921
1236: 549
1237: 
1238: 80,1908
1239: 4510,822
1240: 254,12,4416,3974
1241: 3855,2629,3176,317
1242: 2315,443
1243: 1888,4549,4388,2035,3137
1244: 129
1245: 3745,2310,3513,1491
1246: 2147
1247: 956,2480,2216
1248: 
1249: 2257,4709,294,688
1250: 
4672: 4160,309,4307,2822,3698
1252: 1701
1253: 4697,3806,973,4037
1254: 1674
1255: 1425,1745,2551,4341,1316,914
1256: 2608,1789,407,4600
1257: 581,2953,4098
1258: 2059,2882,1500
1259: 1385,1334,437
1260: 2111,3172,858
1261: 3424,1274,1330,3973,4348
1262: 2566,3669
4685: 4470
1264: 828,1158,1544
1265: 4289,3415,1992
1266: 2736,110,4323,3297,2508,3754
4358: 1728,3961
1268: 3446,4634,620
1269: 1027,4081,4136
1270: 422,4062,403,712
4234: 3332,3545,3370
1272: 3413,1396,4618
1273: 431,2692,2096
1274: 1800,3424,1261
4362: 3167,1514,2243
1276: 766,2823,2809
1277: 889,4492,3985,3902,1917,4094
1278: 2051
1279: 4797,938,4064
4354: 1437,4262,439,1773
1281: 3629,4054,36,3718
1282: 1041,4020,2980,3331
1283: 2848,4632
1284: 3685,2230,4161
1285: 3286,3967
1286: 1707
1287: 1294,2827,123
1288: 3065,3020,1642,1914
4693: 3986,4560,1095,4651,1998
1290: 4620
1291: 543,2525
1292: 1855,988,3802
1293: 1555,1230,3727,4308,424
1294: 1287,4340,2827
1295: 3472,2119,777,940
1296: 4790,251,1209
1297: 1070,742
1298: 856,2264,1790,1214
4203: 
1300: 1064,439
1301: 3258,2784,616,562
1302: 3251,4656
1303: 3345,3416,2515,3803
1304: 
1305: 2913,4598,4479
1306: 810
4505: 319,2627,4740,3875
1308: 2134,1519
1309: 437,2148,1473,4763
1310: 4115,1179,1454,4501
4359: 3188,2746,2326,2411
1312: 1422,1699,2068,2391
1313: 4344,1424,2258
1314: 468,4405,4322,2399,3732
4318: 718,1992,4289,284,4775
1316: 4341,1425,1255,3065,3020,2353
1317: 
1318: 4241,323,2641,2714
1319: 
1320: 3098,873,977
1321: 119,3106,1868
4725: 1087,294,12,688
1323: 2727
4293: 1791,265,1702
4620: 1290,617,3680
1326: 4185,4019,2044,3468
1327: 2952,3793,229
1328: 
1329: 2439,2590,3544
1330: 2783,1261,3973,4348
1331: 
1332: 2578,551
1333: 
1334: 765,1259,437
1335: 3890
1336: 1531,617
1337: 4754,383
1338: 
4815: 816,2189,3792,281,3591
1340: 3931,116,4250
1341: 2547,1194,1175,663,1372,10
1342: 220,3402,30,3429,1430
4658: 3165,4747,2347
1344: 3157,3915
1345: 2435
1346: 4196,491,4548,4125,3766
1347: 3237
1348: 4656,2191,1888,4549
1349: 201,3549,1724
1350: 3552
1351: 380,3677,4223
1352: 
1353: 2862
1354: 1106,588,4005,2922
1355: 2016
1356: 2906
1357: 2721,4310
4404: 
1359: 757,1110
1360: 2220,2397,435
1361: 4594
1362: 1946,1845,1039,1863
1363: 847,2843
1364: 
1365: 2057
4712: 1706,2062,4243,3468
4694: 2532
4210: 2632,2568,561,3103
1369: 3418,1854,2169
1370: 4699,2448,4666
1371: 815,3837,59,4304
1372: 540,10,1449,1341,1175,640
1373: 4041,4274,2305
4736: 2957,3943,3858,4298
1375: 3138,3297,2004,2508
1376: 357,4116,1622,3310,3951
4523: 
1378: 2968,1976,1878,3988,2953
1379: 
1380: 200,2872,4147
4804: 4532,2430,3628
1382: 3115,4006,1874,973
1383: 1466,1903
1384: 3833,3272,3472
1385: 1259,4646,273,1461
1386: 3315,1106,2408,2013
1387: 3671,3871
1388: 1577,3775,4178
4356: 
1390: 1624,3063,3522,3477
1391: 2530,15
1392: 2099,4610,1737,1792,4129
1393: 2401,2908,2129,2256,4329,2607
1394: 3932
1395: 101,3044,2117,726,3760,1547
1396: 3413,1272
1397: 3451,4207
1398: 2204,921,4123,1593
1399: 2182,4124
1400: 3078
4419: 4250,1690
1402: 1685,4327
1403: 629,831,4080
1404: 3954,3767,3180
1405: 3888,4343,1567,3233
1406: 3236,3581,1468
1407: 2569,1700
1408: 3811,3971,4702,4541
1409: 
1410: 3704,53,1127,4586
1411: 242,1678,479
1412: 1103,48,3603,3465,2691
4603: 4745,4661,3808
4723: 4686,2959,1841,1012
4329: 2256,2456,1393,100
1416: 3506,1006
1417: 
1418: 3169,290,1583
1419: 4628,3202,1183
1420: 1759
1421: 
1422: 532,1312,4076,1699,2511
1423: 3663,41,2878
1424: 2051,1313,648,1835
1425: 1745,1255,3756,1316,2353
1426: 3668
1427: 181,259
1428: 2096
1429: 2154,514,3081
1430: 3197,30,3402,1342
1431: 1779,1967,3693
1432: 1967,3693,1079,4440,937,2284
1433: 372,2374,3702
1434: 4577,3519
1435: 4697,3125
1436: 513,155,2754
1437: 4354,4262,1178,4155
4763: 1309,4355
1439: 951,3226,886,249
1440: 948,1479,391
1441: 3173,3691,1851,4285
4680: 2817,3259,18
1443: 3401
1444: 4156
1445: 1455,3822,1068
1446: 2544
4279: 4256,4192,679,3342
1448: 4750,529,774,2961
1449: 540,1372,4792,2931,640
1450: 4118,622,2098
1451: 152,778,2904,2367,1024
1452: 3672,4638,4253
1453: 2290
1454: 1541,3312,4501,1310,4420
1455: 1445,3465
1456: 
4706: 42,3363,260
1458: 4741,3170,4713,1765
1459: 4710,2839
1460: 834,3030
1461: 273,1385
1462: 794,923,526
4278: 1771,4554
4373: 1737,1792,2784
4339: 
1466: 1383,1903,3532
4325: 802,3983,183,3645
1468: 3443,1406,150,3581,3547
4629: 3209,4586,3478
1470: 1557,2689,3123
4628: 1419,2241,1183
1472: 94,829,2396
1473: 212,3132,437,1309
1474: 354,305,1637
1475: 3496,1060,2003,2127,3962
1476: 3966,1783,576,2825,710,1074
1477: 993,1801,531
1478: 
1479: 948,1440,2852
4425: 1955,2987,3062,1163,3675
1481: 4298,2295,2957
1482: 424,1080,4308,1020
4469: 2869
1484: 1859,2181,255
1485: 2654,1610,2380
1486: 2300,3250
1487: 3232,2580,875
1488: 2352,4711
1489: 2042
4619: 1211,4207,1841
1491: 2533,2370,3745,1245,4383
1492: 4774,947,889,4492
1493: 4655,3066,1180,2277
1494: 143,2035,3576,2021,2191,4549
1495: 
1496: 3966,1985,4665
1497: 4114
1498: 1564,4480,1940
1499: 2678,1803,22
1500: 2641,1258,782
1501: 1704,177,3315,2664,3496,1060
1502: 680,2355,4309,3316
1503: 4524,1957,1679,1794
4297: 3735,509,3600,4095,2439,165
1505: 3729,3885,1683,117,1192
1506: 521,2038,1853,3150,385,4587
4411: 4487
1508: 896,2746,2095,894
1509: 4311,2169
1510: 1895,1084,821,113,4647
1511: 119,3106,3954,234
1512: 4151,2174,2699
1513: 
1514: 4362,455
1515: 3080,3547,2153
4430: 4687,147,1002,3963,3751
1517: 541,504,242,1678
4258: 2034,4350,573,177,3759
1519: 1308,3688
1520: 2857,2769,417,4228,153,99,1879
1521: 3648,4654,3843,2780
1522: 1967,1079,3139,100,2337
1523: 
1524: 4494,4773,503,4369,654
1525: 525
1526: 1599,494,3413,817
4294: 4813,2179
1528: 968,3042
4537: 1048,4788,3064
1530: 3494,820,3289,19
1531: 1336
1532: 4451
1533: 3897,4282,4670,2968,1976,878
1534: 2549,3559,4149
1535: 2622,3808
1536: 
1537: 
1538: 2624,2247
1539: 4787,3149,2477
1540: 519,2833,125
1541: 3312,1454,3765,4420,2050
1542: 326,37,621
1543: 2916
1544: 1264,1158
1545: 4236
1546: 2142
1547: 4475,726,1395,3044,2344
1548: 823,41,3663
1549: 1675
1550: 2069
1551: 744,695,1697
1552: 4227,3743
4611: 3502,16
1554: 425
1555: 1743,3370,1293,4308,424,3788
1556: 888,1994,3922,1888
1557: 1470,1988
1558: 2559,2437,3494,1727
1559: 3733,2669
1560: 35,2974
1561: 893
1562: 3280,904,1677,4215,4625
1563: 4518,1994,513,155
1564: 1498,4707
4766: 4185,4051
1566: 2913,4246
1567: 1405,4343,3233,4686,4640,3358
1568: 87
4282: 1533,2559,4670,2065
1570: 2889,2272
4503: 82,1185,986
1572: 3239,2085,3984,731
1573: 2738,3710,4671,1202,3323,3708
4534: 2888,3723
4474: 2638,2830,3255
1576: 
1577: 3775,1388,4178,2048
1578: 1728,1772
1579: 4190,64,2695
1580: 797
1581: 3647,2067,4131,1915,471
1582: 4180,403,466,660,1212
1583: 3697,1418
4542: 1720,1029,1022
1585: 2223,1137
1586: 3950,116
1587: 3567,2204,2061
1588: 1606,4490,3214,3807,2600,190
4741: 1458,3170,1607,321,4580
4363: 4758,76,4770,2702
4307: 4772,2218,4672,3698
1592: 
1593: 4123,921,1398,3514,4330
1594: 853,4291,2669,3860
4344: 1313,3017,1882,2051
1596: 1216,2786,1680,3269,3273,836
1597: 1917,3902,1945,1230
1598: 2949,134,3447
1599: 33,1526
1600: 4548,2599,3480,2199
1601: 4380,2487,23
1602: 3965,2764,4333,3345,2515
1603: 17,3869,2063
1604: 3781,3801,4161
1605: 963,1964,4642
1606: 4490,1588,3214,18
1607: 321,4622,3690,4741
1608: 3657,4350,38,4118
1609: 921,3987,4330
1610: 464,2380,1485
1611: 3589,4200
1612: 2348,4504
1613: 2989,252,3263
1614: 
1615: 
1616: 290,4036,723,3230,1651
1617: 3514,4330,1999
1618: 4809,1775,785
4762: 118,2685
1620: 3827,4455,3102,3284
1621: 2892,2633,301,890
1622: 1376,357,3476,2080,4455
1623: 359,1830,631
1624: 1390,4765,606,1920
1625: 
1626: 
1627: 4776,4522
1628: 2009,2742,2432
1629: 4228,610,1206,4605
1630: 1925,907,4817,383
4446: 
1632: 4726,3405,3069,4434
1633: 2155
1634: 4290,3824,4822
1635: 1000,3544,1685,2067,3622
1636: 321
1637: 3702,2424,1474,354
1638: 2813,937,375,2181,484
1639: 3751,938,4064,3295
1640: 235,2914,3175
1641: 2039,1167,2041,3601,3934,2263
1642: 1288,1914,440,2794
1643: 2822,3184,3698,2018,3292,4810
1644: 4731,4202
1645: 
1646: 4678,4774
1647: 4426,3747,4238,4135,2769
4650: 
1649: 3618,2455,4218
1650: 680,121,4613,401
1651: 3230,290,1616
1652: 2765,3797,3291
1653: 4738,2415,1663,2514,2775
1654: 4000,4563
1655: 3283,167,366,3533,4703
4584: 2717,4698,975
1657: 1042,4777,3906,2533,2597
1658: 2532,689,283,4800,276
1659: 4462,3826,3158,2632,2568
1660: 4357,3100,366,3163,1005
1661: 3328,1948,3997
1662: 2860,3492,2593,2485
1663: 2514,4769,4533,1653
1664: 4460,1899,3326
1665: 259
1666: 
4416: 12,1240
1668: 
1669: 4082,2087,3890
1670: 2982,2262,271
1671: 
1672: 2658,2534,2781
1673: 3774
1674: 1254
1675: 893,1549
1676: 2006
1677: 4215,1227,4625,3681,935,1562
1678: 242,1517,1411
1679: 1139,1769,1957,1503,1794
1680: 1043,1596,2786,3273
1681: 2033,3489,4776,4115,2798
1682: 2453
1683: 117,1505,4780
4407: 3032,342,3894
1685: 1402,1635,3544,2067
1686: 2326,3996,2852
1687: 4817,172,2171,2111
4274: 2128,2305,544,1373
1689: 
1690: 3937,2118,4119,4419,4250
1691: 786
1692: 2546,83,2457,4047,1857,4669
1693: 3588,4717
1694: 4071,4450
1695: 2362,730,4498,2339
1696: 1224
1697: 744,4473,1551,518
4273: 
1699: 4554,1422,532,1312
1700: 1407
1701: 3520,560,1252
1702: 4293,1791
1703: 3329,852
1704: 177,1501,3315,3044
1705: 4352,4783,4638,4820
1706: 4712,3468,4019,941,3283
1707: 1286,4546
1708: 3642,2960,4516
1709: 3797
1710: 4477,4575
4567: 865,1742,3200,4591,4426
1712: 
1713: 2161,4083,1949,1743
4575: 1923,4477,1710
1715: 469,166,3294
1716: 
1717: 3707
4664: 2807,4206
1719: 103
1720: 4159,4542,2535,2928
1721: 2037,1757,3830,1981
1722: 1162,4577
1723: 3186,2989
1724: 3549,1349
1725: 3073,4718,1081
1726: 3518
1727: 374,1558,2559
1728: 2244,3961,1578,4358
1729: 3652,2653,3688
1730: 163,550,1873
1731: 4103,2172,964
1732: 217,4616,493
1733: 2709,2089,3335,4746
1734: 2446,2112
1735: 876,858,1088,2766
1736: 1062,3405
1737: 2423,4373,1792,4129,1392
1738: 931,1069,1104
1739: 2783,4262
1740: 
1741: 469,166,411,2636,4637
1742: 865,3200,4567,1842
1743: 1555,3370,4083,1713
4417: 3247,1960
1745: 1425,1255,3756,3525
1746: 1071,1233
1747: 931,3619,586,3395
1748: 2080,2770,4595
4677: 130
1750: 1970,2284,937,2181
1751: 964,2706,2017
4195: 2530,15,863
1753: 595,1821,1121,748
1754: 698,898
1755: 
1756: 3342,2582,2796
1757: 3830,1981,1803,1721
4310: 3950,2721,1357
1759: 1420
1760: 
1761: 
1762: 1045,2563,4618,300
4429: 3633,4644
1764: 1219,3580
1765: 1011,2465,1458,4713
1766: 2529
1767: 2688,2601
1768: 
1769: 1139,1679,246,157,1957,174
1770: 1927,1086,922,857
1771: 4554,315,4278,2604
1772: 2933,1578
1773: 801,4354,439
1774: 2692
1775: 913,818,4574,1952,1618
1776: 452
1777: 2033,3489
1778: 2007,1820
1779: 1431,4746,1967
1780: 4334,1228,3836,1112,3975
1781: 3473,4771
4249: 
1783: 4637,576,1074,1476
1784: 4436,3453,2134
4587: 1506,3150,385
4817: 172,1630,1687
4225: 2200,4578,447,2187,3046,228
1788: 4112,1191
1789: 2310,527,1256,1968,3745,407
1790: 856,1298,2703
1791: 4293,235,1702
1792: 4373,1737,1392,4784
1793: 1096,4151,3956
1794: 4734,1503,1679,1211
1795: 4409,1226,2804,3084
4797: 1279,4064
1797: 
1798: 165
1799: 4790,1026
1800: 1274,4813
1801: 4701,1477,531,2571
1802: 1945,3370
1803: 978,1499,1757
1804: 3864,651
1805: 1065,1986,2028,3720,3366
1806: 4683,2243,4244,653
1807: 2854,758
4635: 534
1809: 4463
1810: 4669,1875,2457,1109,954
1811: 3115,4006,4154,564
1812: 
4578: 2200,878,4225,2968,4098
1814: 4679,3431
1815: 4068,2899,147
4421: 1032,1861,568
1817: 2504
4309: 680,1502
1819: 917,101
1820: 1778,2007
1821: 1753,8,164,1121
1822: 1949,2981,4083,3332
1823: 1093,2242,3196,4170
4569: 2776,3055,3735,3600
1825: 2107,398
1826: 2665
1827: 4784,3965
1828: 2925
1829: 2993
1830: 359,1623,631
1831: 326,3939
1832: 829,149
1833: 3857
1834: 
1835: 648,2732,1424
1836: 2683,3035
1837: 3802,4530,854
1838: 2330,1999,536,2443
1839: 668,3446,3687
1840: 3669,3674,365
1841: 3755,4619,4723
1842: 3176,1742,2629
4288: 3637,809,2937
1844: 107,3066,2670
1845: 1362,1946,4811
1846: 3006,794,526
1847: 
1848: 665,4468,2474,2729
1849: 4163,3164,2660
1850: 3264,4341,3220,3859
1851: 2510,4285,3609,1441,3691
1852: 977,665
1853: 3150,3137,521,1506
1854: 1025,2169,1369
1855: 394,2972,1219,299,1292
1856: 528,2133,4219
1857: 4561,499,1692,2457,3517,3947,4669
1858: 4566
1859: 1484,4074,4698,2717,2683
1860: 2818,3087
1861: 568,4421
1862: 3497,2754,3608,1933,3758
1863: 2893,1362
1864: 3476,2888,3723,670,357,4665
1865: 870,3288,4081,4572
4760: 2141
4698: 1970,2284,4584,2717,1859
1868: 331,1321,4442
1869: 338,4063,3303
1870: 830,3152,219,111
1871: 228,2871
1872: 585,4214
1873: 4384,3335,1730,550
1874: 2325,1382
1875: 1810,60,954
1876: 2194,3040
1877: 305,372,2758
1878: 3988,1378,2953
1879: 99,2857,1520,2818
1880: 3158,643,2501,4462
4779: 2182,4124
1882: 3017,2207,1912,4344
4366: 714,3560
1884: 2098,4312,3873
1885: 2108,652,2596,11,511
4586: 4629,1410,3704,65,3478,2075
4445: 2709,2523
1888: 1243,4549,1348,1556
1889: 
1890: 196
4305: 
1892: 3090,3560
1893: 4224,14,3410
1894: 
1895: 1510,113,4390,1146
1896: 4182,1918,2374,3001,307
4786: 1078,3779,4340,3872
1898: 2961,170
1899: 4452,1664,4460
4259: 333,961,387
1901: 
4332: 943,789,4559
1903: 1466,1383,2182
1904: 3525,3756,4434
1905: 3464,2730,4801
1906: 681,358,590,4637
1907: 3360,653,3695
1908: 4510,1238,4266
1909: 2229,3227,2858,2528,1119
1910: 1186,898,1975
1911: 2472
1912: 85,1162,1882
1913: 
1914: 4535,3264,3859,3065,1288,1642
1915: 4181,1581,4131,1220,471
4735: 495,4387
1917: 1597,3902,889,1277
1918: 4182,1896,2730,2450,3001
1919: 107,3066,3875,2277,2528
1920: 3815,1624,4765
1921: 2328,3343,277
1922: 2263,1167,2436
1923: 4575,347
4516: 4624,1708
1925: 1630,907,1938
1926: 839,4383,4499,2066,3846
1927: 1770,857,2229,4740
1928: 2882,3367
1929: 2984,2944,646
1930: 3062,4621,1955
4387: 2588,4735,2307
4494: 1524,4773,503
1933: 4101,58,3608,1862,3758
1934: 
1935: 1992,3936
1936: 
1937: 2645
1938: 860,1925,907
1939: 150,2043,4103
1940: 2748,3852,1498
4548: 1600,491,221,1346
1942: 2870,4472
4638: 1452,4253,2996,1705,4783
1944: 4284
1945: 3902,1802,1597
1946: 1362,1845,4811
4690: 353
1948: 2353,1661
1949: 1822,4083,1713
1950: 3497,57
1951: 602,3189
1952: 1775,818,4574,9,940
1953: 2022,3742
1954: 2086
1955: 2987,4425,1930,3062
1956: 751,168,2342,2750,497
1957: 157,2820,4524,1503,1679,1769
1958: 1986
1959: 4033,2847,2378,312
1960: 4302,4417
1961: 4784,3300
1962: 2097,4431
1963: 420,796
1964: 2830,3255,1605
1965: 911,278,3372,3198,3882
1966: 2105
1967: 1432,3693,1079,1522,1431,1779
1968: 2608,2301,527,1789
1969: 2820,3438
1970: 2284,1750,4698,2181
1971: 4319
1972: 3499,3737,3667
1973: 597
1974: 843,3737,1141,3110,2868
1975: 199,1186,1910
1976: 2968,1378,3897,1533,3988
4637: 1783,1906,166,1741
1978: 325,578,2278
1979: 687
4190: 1579,2695
1981: 1757,22,1721
1982: 2543,817,4615
1983: 2965,1107
1984: 574,4649,4155
1985: 2825,3966,1496,3785
1986: 1065,1805,2170,3720,1958
1987: 74,824
1988: 4614,1557
4520: 1039,2893,4543,2725
1990: 4028,4627,1136,135,3087
1991: 765
1992: 1935,4289,1265,4318
1993: 2510,4285,3484,1174
1994: 1556,3922,3460,1563
1995: 4737,4139,3185
4675: 17,4502
4743: 
1998: 4651,3341,4601,968,4223,4693
1999: 2330,1838,2443,1617
2000: 3821,1216,406
2001: 1030,3232,2580
2002: 2384,1114,4532,3628,4588
2003: 1475,2127
2004: 239,1375
4660: 2293,2698,2361,3259,628
2006: 1676,3926
2007: 1778,1820
2008: 1002,2621,614,3493
2009: 1628,2742
2010: 2624,2268
4352: 1705,4820
2012: 186,792,2479,237
2013: 3496,588,1386,3315,1106
2014: 4673,2103
2015: 3153,229,3873,459
2016: 1355
2017: 2706,502,1751,2084
2018: 556,311,1001,3292,1643,4810
2019: 2552,4562,2037,163
4200: 1038,4286,1082,1611
2021: 3576,4714,2369,143,1494
2022: 3389,3686,1953,3742
2023: 
2024: 2483,752,3883,4010
2025: 3825,3135
4710: 2839,3508,1116,1459
2027: 3995
2028: 1065,1805,2170,3366,2944
2029: 3386,2389,4674
2030: 4807,746,3162
2031: 797,151,3182
4196: 1346,4125,1174,2241,3640
2033: 1681,3489,4776,1777
2034: 3657,4258,4350,360,4122,573
2035: 1494,1243,4549,3137
4235: 2744,3252,2101,868,473
2037: 163,1721,769,3830,2019
2038: 521,2503,1506,3365
2039: 1641,3972,1167,2041
4558: 4085,1114,2258,648
2041: 1641,2039,2512,3601,2950
2042: 249,1489,2407
2043: 150,1939,3581,4103,875
2044: 4823,3849,3468,1326
2045: 3729,3053
2046: 3184,2338
2047: 378,4075,479,3908,3017
2048: 4178,4147,1577
2049: 3879,4106,4496,2062,4213
2050: 3399,1541,3765,3197
2051: 1424,1278,4075,4344
2052: 3322,2961,529,774
4217: 
2054: 3010
2055: 2631,719
2056: 4134,2208,3109
2057: 1365
2058: 2651,4782
2059: 3454,1258
2060: 
2061: 4123,4322,2204,1587,2399,517
2062: 4496,4712,4243,3879,4106,2049
2063: 2307,1603,3869
2064: 90
2065: 4670,4282
2066: 3846,860,1926
2067: 3647,1581,1685,1635,3622
2068: 3845,3763,1312,2391
2069: 2563,4497,1550
2070: 678,4536,3715,2655,506
4802: 
2072: 1145,213,2813,484
2073: 3099
2074: 
2075: 3951,958,182,4586,65,3136,3478
4379: 3683
2077: 4754,383,2723,4473
2078: 3524,3325,2116,2985,1141,4316
2079: 
2080: 1748,1622,3827,4455
2081: 
4724: 2161,3016,344
2083: 3229,4353
2084: 4727,4289,2017
2085: 1572,3239,220,731
2086: 1954,3907
2087: 3535,1669,3890
2088: 952,2666
2089: 4017,1733,2709,3832,4188,232
2090: 3367,2573,3776,243
4700: 167,366,4609,2520
2092: 
2093: 3466,2234,2743,2634
2094: 4486,4063,655,4768,4093,2464
2095: 1508,3825,25
2096: 2694,1428,1273
2097: 1962,4431,879
2098: 1884,3379,1450
2099: 1392,3416,2764,4150,4610
2100: 900,2535
2101: 3155,3252,3534,933,4235
2102: 669,3750,3411
2103: 3811,2014
4540: 730,4809
2105: 1966
2106: 1043,2159,4701
2107: 1825
2108: 4055,652,1885,4230
2109: 794,2335
2110: 2880,3716,2883,309
2111: 713,1260,1687
2112: 1734,2446,3400
2113: 213,2607,702
2114: 322,3463
2115: 98,2233
2116: 3524,3325,2078,4560
2117: 1395,3543,3760
2118: 1690,3937,3857
2119: 3472,1295,4809
2120: 2640,2357,3854,2698
2121: 2857,3747,2724,3333,135
2122: 
2123: 4338,612,516,2521
2124: 4467,2586
2125: 38,390,360
2126: 239,1067,3471
2127: 2003,1475,2922,3195
2128: 4274,2305,2926,4158
2129: 2303,2401,2908,1393,4212,2607,702
2130: 3879,4106,1201,3877
2131: 3163,4142,2346,558,4184
4201: 427,3409,1095,2868
2133: 2928,1856,528
2134: 1308,1784
4703: 2804,4357,1655,4409,167,366
2136: 4818,837,4006
2137: 551,4090,2321,3919
2138: 4321
4702: 3811,1408
2140: 3930,2866,446,1170
2141: 4760,3148,1077
2142: 2227,1546
2143: 3569,960,4204,2694
4791: 3616,3536,3684
2145: 235,515
2146: 3545
2147: 1132,1246
2148: 1309
2149: 3557,271
2150: 515
2151: 2344,3171,4475,2408
2152: 
2153: 1515,3917
2154: 1429,2481,3458,3720
2155: 1633,4146
2156: 3622,3244,3660
2157: 2437,3819,3289,3242,4465,414
2158: 559,762
2159: 1043,2106,3101,3273
4807: 2030,2731
2161: 1713,3016,4724
2162: 4132,3862
2163: 
4621: 1930,3062,3422
2165: 442,2458
2166: 3090
2167: 4377,270,2552,4562,2419
2168: 2359
2169: 1854,1369,1509
2170: 1065,1986,2028,2944
2171: 597,1687,713
2172: 3719,1731
2173: 4317
2174: 1512,1096
2175: 300,2715,917,4608
2176: 4622,3690
2177: 2867,3498,3279
4737: 1995,4139,3085,3266
2179: 3179,4294,4813
2180: 45
2181: 1638,937,375,1970,1750,1484
2182: 1399,4124,4779,1903
2183: 800
2184: 
2185: 645
2186: 79,3145,805
2187: 447,4225,3046
2188: 3903,3122,3396
2189: 816,4815,3591
2190: 
2191: 3576,1348,4656,1494,4549
4614: 1988,966
2193: 230,3705
2194: 1876
2195: 3004
2196: 
4707: 2748,1564,3482
2198: 2582,3002,2796,656
2199: 221,1198,3480,1600
2200: 4578,878,4225,4670,447,2968
4252: 3083,1067
2202: 
2203: 2478
2204: 1398,2061,1587
2205: 3977,3231,4221,4799
2206: 775,2480,292,2216
2207: 3017,1882,3035
2208: 198,3109,3888,4343,4134,2056
2209: 3828,505,2404
2210: 1201,210,2959,4243,2484
2211: 959
2212: 868,3408
2213: 1086,4739,459,3844,4571
2214: 2387,2304,4631,398
2215: 660,3084,3100,1005,466
2216: 292,4207,2480,1247,2206
2217: 400
2218: 2883,309,4307
2219: 4133
2220: 1360,2397,476,2222
2221: 
2222: 2220
2223: 1585,3282
2224: 2233
2225: 594
2226: 3563,4039,3098
2227: 2142,1126,483
2228: 369
2229: 1909,4740,1927,857,3227
2230: 4161,1284,2298
2231: 313,2595
2232: 
2233: 3088,3816,2224,2115,98,4574
2234: 2093,2567,2634
2235: 250
2236: 3638,463
4376: 4785,2410
2238: 928
2239: 3203,2551,4102
2240: 2710
2241: 4628,1174,4196,3640
2242: 4061,1093,1823,4405,3732,3196
2243: 4362,1806,4244
2244: 70,1728,3961
2245: 3395,3471,2570
4448: 
2247: 1538,631
2248: 3369,495
4230: 3727,4308,4789,4055,2108
2250: 2366,489
2251: 3369
2252: 3056,3630,328,2930
2253: 
4646: 3382,1385,273
4319: 1971,3506
2256: 2456,4329,2908,1393
2257: 4805,4390,4709,444,294,1249
2258: 4558,4085,1313,972
4750: 529,1448,774,57,380,3623
2260: 851,2975
2261: 
2262: 1670,2947,271,3815
2263: 1922,3934,1641,1167
2264: 1298
4686: 4723,4640,2959,1567,210,3358
4504: 3673,1612
2267: 
2268: 2010
4783: 1705,4638,2389,2996,4820,4674
2270: 674,2913,4246,880
2271: 4753,448
2272: 415,3817,1570,2889,1068
2273: 140
2274: 
2275: 3191
2276: 2295,4060,3862
2277: 1180,2858,2528,107,3066,1919,1493
2278: 4521,1978
2279: 319,4078,1040,3195
2280: 3979,913,3088,3816,1196,2967
2281: 
2282: 522,883,2546,4047
2283: 
2284: 1970,1750,4698,1432,3693,937
2285: 2745
2286: 435,4283
2287: 1143,4684
2288: 523,787,2719
2289: 
2290: 1453,130,2518
2291: 693
4251: 828,4066
2293: 4660,18,2698,3259
2294: 
2295: 2276,1481,4060
4442: 1868,1126
2297: 3999
2298: 3202,3685,2230
2299: 2356,4022
2300: 664,3250,1486
2301: 2420,4705,527,1968
4645: 4276,1041,4020,3824
2303: 2908,2129,1069,1104
2304: 2214,2387
2305: 4274,2128,1373,701,4158,3061
2306: 4656,915
2307: 2063,4387
2308: 2347,2996
2309: 2468
2310: 527,1789,1245
4314: 4179,2720
2312: 3635,448
4271: 1133
4240: 1024
2315: 443,1242
2316: 4708,3644,565
2317: 995
2318: 584,486,2738,3710,737
2319: 3164,3485,419
4401: 3374,111,4427
2321: 2137,4090,3818,3919
4792: 540,1449,2931
2323: 
2324: 4539
2325: 1874,3948,4751
2326: 2411,1686,4359
4564: 686,1101
2328: 3343,2938,1921,998
2329: 66,3839,3314,4209,4439
2330: 1999,1838,334
2331: 3944
2332: 
2333: 
2334: 621
2335: 2109
2336: 2885,705,3636,4312,489
2337: 3139,3725,1522
2338: 2046
2339: 41,2831,1695,4498
2340: 15
2341: 59,3542
2342: 2650,1956,751,497
2343: 797
2344: 2851,2151,3530,726,4475,1547
2345: 3427,4233,3043
2346: 3241,3780,2131,558,4184
2347: 3664,4658,2308
2348: 1612
2349: 4154,4173,564,1052
2350: 1104,4212
4559: 632,4332
2352: 2910,1184,1488,4711
2353: 1948,1316,1425,3756,3020
4472: 1942,2870
2355: 680,1502,2892
2356: 2466,2299,4022
2357: 2640,2120,2970,3428,1020
2358: 3595
2359: 2168,270,530
2360: 3064,771,4788
2361: 4660,1045,628
2362: 3081,1695,514,4498,501
2363: 3260
2364: 733,4188,838,2471
4728: 111,4427,2595
2366: 2250,3423,3308
2367: 4781,1024,3521,2904,1451,122
4351: 4438,263,1228
2369: 4770,2021,4714
2370: 2533,2597,1491,839,4383,2877
2371: 
2372: 2634,458
2373: 500,698
2374: 4182,1896,1433,3350
2375: 832,3372,911,739
2376: 
2377: 
2378: 2502,1190,1959
2379: 3579,4756
2380: 1610,1064,2654,1485
2381: 4113
4423: 3206,4761
2383: 2768,485,3858
2384: 2002,4588
2385: 480,3502
2386: 3474,3699,2840
2387: 2214,2304
2388: 1089,3634
2389: 3386,2996,4783,2029,4674
2390: 
2391: 1312,2068,3763
2392: 2497,3171,3156
2393: 
2394: 
4795: 3132,3243,3248,212
2396: 829,934,1472,94
2397: 2220,1360,476
2398: 3207,2663
2399: 517,4123,2061,4322,468,1314
2400: 866,4814
2401: 2129,1393,2607
2402: 202,3925,4565
2403: 4050
2404: 4353,3916,2209
4633: 3431,3887,230
2406: 4232,2529,1094
2407: 2042
2408: 1106,685,2151,4475,1386
2409: 655,4768,4313,699,2561
2410: 4033,2847,4376
2411: 2326,4359,3188
2412: 4528,4302
2413: 4630
2414: 4550,2740,2454
2415: 1653,4424
2416: 826,965,3993,2616,3344
4392: 230,3705,3431,3255,2638
2418: 3026,259
2419: 498,3139,2167,270
2420: 2301,3896
2421: 3074
2422: 658,2696,3948
2423: 1737,4129,1150,3736
2424: 3702,1637,2442,2650,751
2425: 3240
2426: 877,456,1029
4452: 1899
2428: 1182
2429: 2538,3509,3662
2430: 4804,4532,3628,2732
4522: 979,295,1627
2432: 1628
2433: 706
4478: 
2435: 1345
2436: 1922
2437: 2157,3819,3289,3494,1558
2438: 1108
2439: 1329,2590,4297,4095
2440: 3796,3081
2441: 4716
2442: 2650,307,3702,2424,3505
2443: 536,1999,1838
4507: 804
2445: 386
2446: 1734,2112
2447: 985,4092
2448: 4699,1370,4718
2449: 3542,944,791
2450: 2730,1918,3001
4443: 4361
2452: 322,3272
2453: 443,1682
2454: 4550,2414
2455: 4476,3618,1649,4369,4050
2456: 2256,4329,498
2457: 2546,1692,1857,4669,1810,253
2458: 62,589,2165
2459: 671,742,2886,2478
4616: 1732,217,4270,2655,493,678
2461: 810,3666,759,42
2462: 
2463: 347
2464: 4093,475,655,4768,2094
2465: 1011,1765,2942
2466: 2356,3835
2467: 4681
2468: 2309,2897
2469: 848,458
2470: 3532,2518
2471: 838,3512,3626,2364
2472: 4105,1911,171
2473: 3354
2474: 4468,1848,665,3741
4499: 407,4600,3745,1926,4383
4399: 953,933,4149
2477: 282,1539,4787
2478: 2203,2886,2459,671
2479: 3683,792,2012
2480: 3709,956,1247,188,775,2206,2216
2481: 3458,2154
2482: 571
2483: 2024,4212,702,3577,4626
2484: 4243,2959,1012,2210
2485: 4615,3492,1662,2593,3850
2486: 
2487: 220,3402,1601
2488: 2966,3449,3803,668,4788
2489: 4069
2490: 3190
2491: 842,2755,231
2492: 
2493: 2772,33
2494: 345
2495: 
2496: 4823,399,2526
2497: 639,2392,3290,1023,3156,2697
2498: 3791
2499: 
2500: 679,457,4245
2501: 2623,643,1880,2609,4462
2502: 2378,1190
2503: 521,2038,3749,3365
2504: 1817
2505: 4167,786
2506: 3019,4437,2776,872,1092
2507: 
2508: 3479,1375,3297,1266
2509: 
2510: 1851,1993,4285,282
2511: 88,1422,532,4076
2512: 3929,2950,2041
2513: 
2514: 1663,4769,1653
2515: 3345,1303,2609,1602
2516: 3049,4152
2517: 763,6
2518: 130,2290,2470,3532
2519: 3194,807
2520: 3780,547,4700,69
2521: 736,2123
2522: 4091,986,2982,3916
2523: 242,4445
2524: 
2525: 2569,1291
2526: 2496,4185
2527: 3789,1182,386
2528: 2858,2277,1909,3875,1919
2529: 1766,2406
2530: 15,4195,4157,1391
2531: 
2532: 1658,689,4694
2533: 2370,2597,1491,1657
2534: 2658,1672,3174,3126
2535: 1720,2100
4241: 1318,3108,2882,343,323
2537: 3925
2538: 2429,3509,3317
4524: 188,4391,775,3781,2820,1957,1503
2540: 3284,3583
2541: 
2542: 611
2543: 1982,817,3210
2544: 1446
2545: 1084,352,113,984
2546: 1692,2457,4047,2282,253
2547: 1194,1341,3712,3833,777
2548: 2810,295
2549: 3534,1534,49,3559
2550: 
2551: 2239,486,914,1255
2552: 4562,2019,2167,550
4436: 1061,1784
2554: 4565,3925,3903
2555: 2924
2556: 1233,3072
2557: 4582,3625,3978
2558: 2714
2559: 1558,1727,4282
4476: 3618,2455
2561: 3014,699,2409,4768
2562: 200,289,2872,1191
2563: 2069,4618,1762
4224: 1893,14,4441
2565: 4345
2566: 1262,732,4773
2567: 731,2234
2568: 2632,4210,1659,561
2569: 2525,1407
2570: 2245,931,4573
2571: 531,4742,4701,1801
4467: 2124
2573: 2090,3367,3776,1078,1044
2574: 770,733,2696,658
2575: 892,1197
2576: 4080,4592
2577: 4
2578: 1332,2702
4322: 4123,2061,2399,468,14,1314,3410
2580: 3232,1487,2001,3689
2581: 692,4028,939,3095
2582: 3002,2198,1756,2796
2583: 4711,4187,159
4456: 2886,2911,76,4758
4482: 4716,4231,3540
2586: 2124,662
4813: 4294,2179,3179,1800
2588: 4387,4097,999
2589: 3749,3337
2590: 1329,2439,3234,4095
2591: 3318,4396
2592: 3673,3853
2593: 1662,2485,507
2594: 
2595: 313,2231,4728
2596: 11,4094,3550,402,1885
2597: 2533,2370,1657,3097,2877
2598: 1006
2599: 3800,2818,99,4140,1600
2600: 4036,4239,3807,1588,190
2601: 984,4030,1767,947,4492
2602: 384
2603: 3317,1137
2604: 1771,4554,315,532
2605: 350,3540,3675
4508: 923,2704,2986
2607: 213,2113,702,2401,2129,1393
2608: 1256,1968,510,4481
2609: 4462,4333,2501,2515
2610: 3593,256,4555,241
2611: 707,987,3144,2841,3414,3653
4460: 566,1664,1899
2613: 3763,4667
2614: 883,3526
4418: 29
2616: 4705,3993,2416,3344,1189
2617: 2991,4777,3838
4388: 1243,3922,3137
2619: 4394,3553,2885,705,3873
2620: 4295,4067,4602,3589,4506
2621: 2008,3963,3493,1010
2622: 1535,1129
2623: 2501
2624: 3435,1538,2010
2625: 218,3034,152
4648: 2988
2627: 319,4505
2628: 4026
2629: 3855,1241,4457,1842,3176
2630: 349,4003,71
2631: 3215,2055
2632: 2568,4210,1659,3826,3820,4553
2633: 611,1621
2634: 2372,1135,644,2093,2234
2635: 49,4799,2734,942
2636: 411,4209,66,469,1741
4243: 2484,1201,2210,3879,4712,2062
2638: 4474,3387,4392,3705,3255
4774: 1492,1646,947
2640: 2120,2357,722,1020,3854
2641: 1500,1318,3108,2714
4390: 4805,1146,2257,1895,444
2643: 4202
2644: 2981,123,4321
2645: 1937
2646: 494,4368,817
2647: 3463
2648: 3181,3375
2649: 4580,209,3170
2650: 2342,2442,2424
2651: 3452,4466,4782,2058
4470: 2841,4685,987
2653: 1729,3058
2654: 883,1485,2380,3526
2655: 3715,4270,4616,2070,678
4708: 565,2316,3325,285,4590
2657: 414,3242
2658: 2534,3077,1672
2659: 3639
2660: 3164,1849,364,3959
4746: 1779,1733,2709
2662: 4072,160,4192
2663: 3837,3034,3207,2398,218
2664: 3759,846,177,1501,1060
2665: 3116,1826
2666: 3026,2088
2667: 420,977
2668: 3439,4347,238
2669: 2676,1559,223,4291,1594
2670: 1844,2918
2671: 982
2672: 4219,239
2673: 3234,2847,3019,4437
2674: 4073,2874,3313
2675: 3053,748,3679
2676: 2761,2669
4751: 2325
2678: 1499,475
2679: 219,2682
2680: 251,1209,3023,224
2681: 
2682: 603,3225,2679
2683: 1836,975,1859,4074
2684: 318,4555,4415
2685: 4762
2686: 3597,2951,241
4780: 3809,555,1683,2783
2688: 3269,1767
2689: 1470,3123
2690: 912,4821,4065
2691: 3465,4576,2853,1412
2692: 1273,431,1774
4769: 1663,2514,4533,2756,954
2694: 2096,2143,4204
2695: 4190,1579
2696: 232,2574,658,2422
2697: 3878,3156,3290,2497,429,1019
2698: 2293,4660,2120
2699: 4155,1512
2700: 
2701: 306
2702: 4770,4363,2578
2703: 1154,1790
2704: 4508,184
4778: 3461,73,3812,799,4111,3029
2706: 548,502,2017,1751
2707: 2722,2967,3979,411
2708: 
2709: 4017,1733,2089,4746,4445
2710: 2240
4281: 
4355: 745,4763,252
2713: 
2714: 2558,1318,2641
2715: 4199,2175,917
2716: 3228,3642,2893
2717: 4584,4698,1859,975
2718: 879,3394
2719: 3461,2288
2720: 4314,4179,822
2721: 1357,4310,4525
2722: 3314,4209,303,2707
2723: 744,4473,4444,2077
2724: 4426,3747,2121
2725: 1039,4520
2726: 159,92,2910
2727: 1323,4422,6
2728: 659
2729: 3818,1848,4468
2730: 1905,1918,2450
2731: 3537,4807
2732: 1835,2430
2733: 
2734: 4591,2635,3559
4435: 1081,553,296
2736: 1266,110,4323,4398
2737: 4465,3705,3387,3242
2738: 3710,1573,4671,737,2318
2739: 
2740: 2414
4787: 1539,3253,2477,282,4488
2742: 3187,2009,1628
2743: 2093,3466,4143
2744: 4235,3681,953,1227
2745: 3565,2285,4301
2746: 1508,387,4359
2747: 2940
2748: 1940,3482,4707
4428: 4447,769,1165,3817
2750: 1032,3687,497,1956,168
2751: 501,823
2752: 1111,4793,3620,3032
4577: 1434,1722,85,1162
2754: 155,3608,1436,1862
2755: 842,2491,3528,3
2756: 1109,4769,4533
4579: 3961
2758: 4213,4636,1877,305
2759: 3607,3392,669,3584,709
2760: 4024,3899
2761: 2676,919
4441: 14,4224
4283: 370,4189,4793,2286
2764: 3965,1602,3345,3416,2099
2765: 1652,3797
2766: 996,1088,1735
4546: 1707
2768: 2383,485
2769: 2857,1520,4135,4238,1647,417,4605
2770: 1748,4048,4595,4183
2771: 654,3483
2772: 2493
2773: 3836,4803,2817
4189: 370,4283,4793
2775: 4141,1653,4738
2776: 3019,2506,4569,1092,3735,4095
2777: 3052
2778: 164
2779: 4182,474
2780: 3843,4654,1521
2781: 4491,1672,4749,3126
2782: 1006,2954
2783: 1330,1739,3809,4780
2784: 1301,4373,562
4666: 1100,1370
2786: 1216,1596,1680
2787: 4239,3807,652,511
4345: 1197,2565
4561: 499,4604,1857,2916
4498: 501,2362,1695,2339
2791: 
2792: 3812,799,3213,611,3799
4765: 1624,1920,3477,1185
2794: 3403,1642,440,3712
2795: 3539
2796: 1756,4031,2582,2198
4588: 172,2002,2384,4532
2798: 3312,4501,1681,3489
2799: 4114
2800: 3457,4749
2801: 
4631: 3277,398,2214
4338: 2123,612
2804: 4357,3100,4703,4409,1795,3084
2805: 806
2806: 
2807: 4664,4206
2808: 
2809: 3993,1276
2810: 2548,295
2811: 1117
4291: 1594,2669,223,699
2813: 1638,375,484,2072
2814: 75,497,35
2815: 
4576: 2853,2691
2817: 3259,4680,263,2773
2818: 3333,3087,1879,2599,1860
4275: 355
2820: 1969,157,1957,3438,3781,3801,4391,4524
2821: 
2822: 3184,3698,1643,4672,4160
2823: 3882,766,1276
2824: 3897
2825: 3923,845,1985,576,1476
2826: 4439,134,490,3665
2827: 4340,4242,762,1294,1287
4268: 
2829: 3221,4581,199
2830: 1964,368,4474
2831: 41,2339,2878
2832: 3995,4336
2833: 3316,125,519,1540
4369: 1524,654,2455,4050
2835: 3312,3765
4739: 3886,1034,459,3153,4571,2213
2837: 621,3121
2838: 2927,1036
2839: 4710,1459
2840: 3257,2386,3474
2841: 4470,2611,987,3556,269,3653
2842: 4667,1049,3845
2843: 1363
2844: 
4701: 1801,2571,2106
2846: 
2847: 4033,1959,2410,312,4437,2673
2848: 1283,4632,1214
4463: 1809
2850: 4678,882
2851: 2344,3171,3530,725
2852: 694,1686,1479
2853: 916,615,4576,2691
2854: 1807,758
2855: 3270
4758: 4363,2886,4456,76
2857: 1520,2769,2121,3747,3333,1879
2858: 1180,2277,2528,1909,244,1119
2859: 3719,1030,3232
2860: 1662
2861: 4535,145,569,440
2862: 4612,1353
2863: 
4711: 2583,159,2910,2352,1488
2865: 962,3754,3883,110,173,0
2866: 3930,2140,446,3531
2867: 2177,3498,2965
2868: 4201,1223,843,1974
2869: 4469,408,4738
2870: 1942,4472
2871: 4197,4098,1871,3733
2872: 200,2562,1191,1380
4784: 1827,1792,1961
2874: 3313,4073,2674
2875: 4400
4563: 1654
2877: 3097,272,2370,2597,839,1018
2878: 41,2831,3884,1423
2879: 3426,4543,356
2880: 2110,3716,4461,756,990
2881: 791,3307,3925,202
2882: 1928,1258,4241,3108
2883: 2218,309,2110
4317: 2173
2885: 2336,705,3964,2619,3553
2886: 4456,2459,4758,2478
2887: 4109,4427
2888: 3476,1864,3723,4534,4455
2889: 1570,1068,48,2272
2890: 4229
2891: 105
2892: 3799,1621,2355,301
2893: 1039,4520,1863,2716
2894: 
4726: 1632,3069,4221
2896: 3448
2897: 4704,2468
4581: 2829
2899: 4068,1815
2900: 3692,3620
4560: 4693,3409,1095,3524,2116
2902: 2925,1124
2903: 3046,3271,672
2904: 1451,122,2367
2905: 482
2906: 3356,1356
4440: 1432,1079,937,484
2908: 2303,2129,1393,2256
2909: 3398,3946
2910: 2352,1184,159,2726,4711,92
2911: 646,2984,1070,4456
2912: 4800
2913: 1566,1305,4479,2270
2914: 3336,3175,1640
4814: 866,2400
2916: 4561,4604,1543
2917: 2945,32,441
2918: 3786,2670,586
4284: 4794,4812,4065,1944
2920: 4720,3167
4272: 1008,4377,530
2922: 1354,588,2127,4544,4005
2923: 
2924: 2555
2925: 1828,2902,1124
2926: 3009,4601,3986,2128
2927: 2838
2928: 2133,1720,677
2929: 
2930: 1153,328,2252
2931: 1449,4792,750
2932: 
2933: 1772,39
2934: 4408,1138
4434: 1904,3405,1632
2936: 3666
2937: 3646,4288,4424
2938: 2328,3343,4242,3872
2939: 
2940: 2747
2941: 4655,1180,244,4596,3391
2942: 4296,2465,4772
2943: 
2944: 2028,2170,1929
2945: 2917,32,557
2946: 112,946,3949
2947: 2262
4212: 2483,2350,2129,702
2949: 1028,1598,303
2950: 3601,2512,3929,2041
2951: 2686,264
2952: 1327,297,922,3968
2953: 1257,1878,1378
2954: 3753,2782
2955: 1181,1139,246
2956: 
2957: 4736,3943,1481,4298
2958: 493,89
2959: 4686,4723,1012,210,2210,2484
2960: 412,1708
2961: 1898,2052,1448,774
4500: 
4555: 256,2610,318,2684
4535: 1914,2861,145,3264
2965: 1983,1107,2867
2966: 2488,3449,3803,1048,4788
2967: 1196,2280,3979,2707
2968: 1976,1378,1533,2200,4578,878
2969: 4659,4803
2970: 3428,1020,4055,2357
2971: 397,3521,944
2972: 394,1855,1219
4228: 1629,417,4605,1520,153
2974: 1560
2975: 2260
2976: 3216
2977: 500,698,898
2978: 4347
2979: 269
2980: 3331,1282
2981: 2644,1822
2982: 1670,2522
2983: 976,3834,847
2984: 1929,1070,646,2911
2985: 843,3737,1141,3409,3524,2078
2986: 184,923,4508
2987: 1955,4425,1163
2988: 4648
2989: 1613,1723,3186
2990: 3083,3775,3786
2991: 2617,1212,3838,3989
2992: 
2993: 1829
2994: 
2995: 155,3608,4518,3136,182,58
2996: 3386,2389,4253,2308,4638,4783
4541: 3926,1408
4747: 19,4054,4658
4594: 773,1361
3000: 3462,3114
3001: 307,1918,1896,2450
3002: 2582,2198,656,16
3003: 453
3004: 3030,2195,3541
4819: 
3006: 1846
3007: 
3008: 
3009: 2926,788
3010: 2054
4771: 508,1781
3012: 1116,4023,4823
3013: 4104
3014: 2561,4768,4622
3015: 4016,4413
3016: 2161,4724,3788,4643
3017: 1882,2207,2047,4344
4682: 3107
3019: 4437,2506,2776,2673,3234,4095
3020: 3065,1288,1316,2353,3997
3021: 
3022: 483,3277
3023: 2680,1209
3024: 979,4001,1166,401
3025: 4689
3026: 2418,2666
4717: 1177,3321,3588,4796,1693
3028: 813,4607,455,3941
3029: 121,1166,4778,73
3030: 3004,1460,834
4246: 4045,4721,1566,2270,674
3032: 4407,342,3620,2752
3033: 
3034: 3837,2663,218,2625
3035: 1836,2207
3036: 
3037: 3623,183,3645
4761: 3206,4423
3039: 
3040: 1876
4738: 1653,2775,2869
3042: 3497,1528
3043: 3427,2345,566
3044: 1395,3760,1547,1704
4302: 2412,1960,3572
3046: 2903,3271,228,2187,4225
3047: 547,734
3048: 3898,556,311,1001
3049: 2516
3050: 4580
3051: 363,3839,3294,1046
3052: 2777
3053: 2675,2045,555
4248: 4528
3055: 1092,4569
3056: 2252,3630,280,3871
3057: 4394,3553,13
3058: 3831,2653
3059: 
3060: 
3061: 4657,3787,2305,701
3062: 1930,4621,1955,4425
3063: 1390,3522,3103
3064: 2360,4537,4788,1153
3065: 1288,3020,4341,1316,3859,1914
3066: 107,1919,1844,2277,1493
4822: 1007,4290,1634
3068: 882
3069: 4726,1632,3296
3070: 
3071: 1091,3284,3827,4337,4595
3072: 266,2556
3073: 1725,1004,3676,1081
3074: 1173,2421
3075: 3260,445
3076: 
3077: 2658,4525
3078: 1400,4433
4553: 3820,3826,4333,2632,3965
3080: 1515,150,548
3081: 2362,3796,2440,514,1429
3082: 
3083: 2990,4252
3084: 2215,1795,1226,2804,3100
3085: 3591,3694,4737,4139
4231: 4482,808,331,3540
3087: 3333,2818,135,4028,1990,1860
3088: 2233,3816,913,4574,1196,2280
3089: 
3090: 1892,2166
4462: 2609,1659,3826,4333,3158,1880,2501
3092: 806
4543: 356,2879,4520
3094: 3282
3095: 3881,939,2581,4112,877
3096: 
3097: 3838,2877,272,2597
3098: 1320,873,2226
3099: 2073
3100: 2804,4357,1660,2215,3084,1005
3101: 4742,2159
3102: 727,1620
3103: 1144,3852,3522,4210,3063
3104: 4266,80,1155
3105: 4337,4183,4101,4451,214
3106: 119,1321,1511,234
3107: 4682,3132,3243
3108: 4241,2882,2641
3109: 2208,198,2056,3877,4071
3110: 40,3499,3737,1974
3111: 4120,4529
3112: 4208,108,419,3845
3113: 3346
3114: 3462,3000
3115: 1811,4006,1382,973,4154,4037
3116: 2665,4514
4600: 4499,407,1256,4663
4764: 4811
4777: 1657,1042,3700,2617
3120: 3274
3121: 109,2837
3122: 3903,2188,1099,955
3123: 1470,2689
3124: 568,3449,1048
3125: 257,1435
3126: 3174,1050,2534,4491,2781
4342: 
4801: 1905,333
3129: 401,4115,1179
3130: 3802
3131: 1077,169,3148,758
3132: 4795,3243,1473,3107
4396: 2591,154
3134: 260
3135: 161,2025
3136: 4518,3478,2075,182,2995
3137: 1853,3150,2035,1243,4388,521
3138: 1375,3297,3728,4531
3139: 2419,498,100,2337,1522
3140: 3455,4107
3141: 
4626: 4010,832,3372,2483,3577,1145,3198
3143: 138,3187
3144: 707,2611,3414
3145: 2186,543
3146: 4502,910
4481: 3519,510,2608
3148: 758,2141,3131,1077
3149: 4625,1539
3150: 1853,3137,1506,4587
4562: 2552,2019,2167,4377
3152: 830,1870,219
3153: 2015,3886,4739,459
4312: 2336,705,3636,1884,3873
3155: 3252,2101,3930,446,3534
3156: 3878,2697,2497,2392
3157: 1344
3158: 1880,4184,4462,1659
3159: 
3160: 3617,836,352,821
4287: 43,3363
3162: 3330,2030
3163: 2131,1005,1660
3164: 2319,2660,1849
3165: 553,296,4658
3166: 7,691,3978
3167: 4720,4362,2920,3250
3168: 3,3437,842
3169: 688,1418
3170: 4741,1458,2649,4580
3171: 2851,2151,725,2392
3172: 1260,481
3173: 1441,3691
3174: 3126,2534
3175: 2914,3518,1640
3176: 1842,2629,1241
3177: 4077
3178: 506,4536
3179: 2179,4813
3180: 234,1404,3954
3181: 3375,4479,854,2648
3182: 3631,151,2031
3183: 46,4661
3184: 2822,1643,2046,4810
3185: 1995,4139,1073
3186: 1723,2989
3187: 2742,3143
3188: 4359,25,2411
3189: 602,862,1951
3190: 2490
3191: 3733,2275
3192: 4034,262,3613
4731: 1644
3194: 2519
3195: 2127,2279
3196: 3894,3732,1823,2242
3197: 1430,3765,2050,3399
3198: 1145,4626,832,3372,1965
4519: 1178
3200: 865,1742,4567,4426
4304: 59,1371,4413
3202: 2298,3685,1183,1419
3203: 2239,3353,4044
4806: 3392,669,3750
3205: 151
3206: 4761,4423
3207: 2398,218,2663
3208: 3407,382
3209: 4629,1046
3210: 3850,2543,4497
4348: 1064,1261,1330,3973
4308: 3727,4230,1293,1555,424,1482
3213: 4414,3812,2792,4111
3214: 1606,4490,1588,3428,18
3215: 2631,391
3216: 2976
3217: 209,709
4394: 2619,3057,3553
3219: 
3220: 4341,3859,914,584,1850
3221: 2829,4324
3222: 3942
3223: 
4335: 
3225: 2682,816
3226: 951,1439,249
3227: 930,1909,2229,404,1119
3228: 2716,3642,4624
3229: 505,895,2083
3230: 943,1651,1616,723,3299
3231: 3977,3974,2205,4799
3232: 2580,1487,1030,2001,2859
3233: 4734,1405,1567,4640
3234: 2673,3019,4095,2590
4789: 1230,3727,4230,11
3236: 1406
3237: 1347
4618: 2563,1762,1272
3239: 1572,2085,3984
3240: 2425
3241: 2346,69,3780,4096,4184
3242: 2157,2657,2737,414
3243: 3132,4795,3107
3244: 585,3660,2156,431,4214
3245: 3366,3542,791,3307
4323: 2736,1266,3297,3734
3247: 4417
3248: 548,502,4795
4289: 4727,1265,2084,1992,4318
3250: 2300,1486,3167
3251: 1205,490,1302
3252: 3155,2101,446,3531,473,4235
3253: 4787,904,4488
3254: 3740,3281
3255: 1964,4392,2638,4474
3256: 3572
3257: 418,2840,3474
3258: 1301,562,274,384
3259: 2817,4680,2293,4660,628,263
3260: 2363,3075,445
4215: 1677,935,681,1562
4529: 3111,4644
3263: 252,1613,3654
3264: 1850,3859,4535,1914
3265: 
3266: 3285,4737
3267: 3500,1008,3746,4447
4772: 4307,2942,4296,3898,1001
3269: 3273,2688,836,1596,352
3270: 2855
3271: 2903,3046,228,672
3272: 3833,1384,2452
3273: 3269,836,1680,1043,2159,1596
3274: 3120
3275: 4206,892
3276: 
3277: 3022,4631,398
3278: 3394,3551,4431,879
3279: 3498,2177
3280: 1562,904,590
3281: 3254
3282: 3094,886,2223
3283: 941,1655,4019,1706
3284: 2540,3071,3827,1620,3583
3285: 3266
3286: 899,1285,4247,3967
3287: 3766,217,4270
3288: 1865,870,3406
3289: 2157,2437,4465,3494,1530
3290: 3855,1023,2497,317,429,2697
3291: 1066,1652
3292: 556,2018,1001,3698,1643
3293: 
3294: 3434,1046,1715,469,3051
3295: 4364,1639,480,3502
3296: 3412,3069,3328
3297: 3138,1375,2508,1266,4323
3298: 406,1202,4044
3299: 55,723,3230
3300: 803,3482,4653,1961
4573: 874,2570
3302: 1073,969,570
3303: 1869,615,436,3603
4798: 50,876,858,3998
3305: 343,1044,3779,3942
4627: 317,1136,135,1990
3307: 791,2881,3245,3366
3308: 3423,2366,3682,3988
3309: 
3310: 3704,53,1376,4116
4757: 631
3312: 2798,1541,1454,4501,3765,2835
3313: 2874,2674
3314: 4209,2722,303,1028,2329
3315: 1704,1501,1386,3496,2013
3316: 2833,125,1502,4461
3317: 2603,2538
3318: 2591,3537
3319: 4775,594,161,896
3320: 
3321: 1177,4717,4539
3322: 2052
3323: 3708,1573,4671
4649: 574,1984,3475
3325: 2116,2078,4708,4590
3326: 1664,3880
3327: 
3328: 1661,3412,3296
3329: 1703,4454
3330: 3162,796
3331: 1093,2980,1282,345
3332: 4083,4234,1822
3333: 2818,135,3087,2857,2121
3334: 4267,339
3335: 4384,1873,3725,550,1733
3336: 2914
3337: 160,3749,2589,4072
3338: 4530,3887
4220: 967
3340: 
3341: 1998,3677,4223,3377
3342: 1756,4256,4279
3343: 2328,2938,1921,3872
3344: 1189,965,2416,2616
3345: 3416,2515,1303,1602,2764
3346: 3113
4219: 2672,1856,580
3348: 95,3406
3349: 4794
3350: 4450,3772,2374
3351: 4408,1138
3352: 
3353: 4044,3203
3354: 2473
4270: 3715,2655,3287,217,4616
3356: 596,2906,330
4371: 3674,3935,739
3358: 210,4343,1567,4686,198
3359: 3766,677
3360: 653,1907,3695
3361: 1037
3362: 
3363: 42,4164,4706,4287
4565: 2554,2402,3903
3365: 160,3749,2503,2038
3366: 3245,1805,2028,3307
3367: 2090,2573,1928,1044
3368: 96
3369: 2251,2248,495
3370: 1743,1555,4234,1802
3371: 
3372: 4626,832,2375,3198,911,1965
3373: 
3374: 4401,4427
3375: 880,3181,4479,4108,2648
3376: 
3377: 3341,4601
4647: 3617,821,1510
3379: 4667,1049,622,2098
3380: 
3381: 
3382: 4646
3383: 
4674: 4820,2389,4783,2029
3385: 
3386: 2389,2996,4229,2029
3387: 2638,4465,2737
4730: 
3389: 3686,2022
3390: 
3391: 4596,2941
3392: 4806,2759
3393: 3584,709,492
3394: 3278,2718,879
3395: 2245,3471,931,1747
3396: 2188
3397: 
3398: 2909,240
3399: 2050,3197,572
3400: 2112
3401: 416,1443,4059
3402: 220,1342,2487,1430
3403: 2794,663,3712,1194
4659: 4803,190,2969
3405: 1736,1062,4434,1632
3406: 4617,3348,95,3288
3407: 3208
3408: 2212,868,871
3409: 4201,1095,843,2985,4560,3524
3410: 468,14,3514,4322,1893
3411: 2102,3750,3512,3626
3412: 3296,3328,4381
3413: 1396,1526,1272
3414: 3510,3983,2611,3144
3415: 71,1265
3416: 3345,1303,2764,4788,2099
4286: 698,4200
3418: 1369,4397,3739
4247: 3967,3286
4617: 3406,95
3421: 4261,389
3422: 4621
3423: 3308,4079,2366
3424: 1261,1274
3425: 666,1147
3426: 2879
3427: 2345,3043
3428: 2970,2357,4490,3214
3429: 30,1342
3430: 
3431: 4633,1814,4392
3432: 3906,4218,3700,1042
3433: 970
3434: 3294,1046,1127
3435: 2624,945
3436: 3583,3801,1215,3438
3437: 4484,3168
3438: 1969,157,2820,3436,3781,3801,1215
3439: 4261,2668
3440: 
3441: 4483,39
3442: 
3443: 1468,3547,3917
4237: 3843
3445: 3450
3446: 1268,3649,1839
3447: 134,1598,671
3448: 3501,2896
3449: 2488,2966,568,3124,1048,4788
3450: 3445
3451: 1397,4038,3508
3452: 2651,4782
3453: 1784
3454: 2059
3455: 4582,4107,3140,3874
3456: 3637,809,3566
3457: 2800,4749,4084
3458: 4413,3720,2481,2154
4549: 1888,1243,2191,1348,1494,2035
3460: 1994
3461: 4778,2719,73,4111
3462: 3114,3000
3463: 2647,2114
3464: 284,1905,718
3465: 3968,2691,1412,1455
3466: 2093,2743,644
4194: 4091,3916
3468: 2044,4019,1326,1706,4712
3469: 
4239: 2787,3807,4036,2600
3471: 2245,3395,2126
3472: 1295,2119,1384
3473: 827,1781
3474: 2386,148,2840,3257
3475: 574,4649
3476: 1864,2888,357,1622,4455
3477: 4480,1390,4765,3852,3522
3478: 3136,4629,4586,2075
3479: 2508,874
3480: 3881,1600,1198,2199
3481: 128
3482: 3300,803,2748,4707
3483: 3938,26,503,2771,654
3484: 4589,1016,1993
3485: 3850,507,2319
3486: 4181,1220
4298: 1481,4736,2957
4370: 
3489: 1681,2033,1777,2798
4330: 1617,3514,921,258,1609,1593
3491: 405,3834,4120,3770
3492: 1662,570,4615,2485
3493: 1010,2008,2621
3494: 1530,2437,3289,1558
4630: 2413
3496: 1060,1475,588,2013,1501,3315
3497: 1950,1862,3758,3042
3498: 4347,3279,2867,2177
3499: 1972,1215,3110,40
3500: 415,3267,4447
3501: 3448
3502: 4611,3295,4364,2385,16
3503: 638
3504: 
3505: 740,307,2442
3506: 4319,1416
4515: 1188,3805,3594
3508: 4710,4038,316,3451
3509: 3662,2429,2538
3510: 3414
3511: 248
3512: 2471,3411,3626
3513: 3906,1245
3514: 1617,4330,1593,3410
3515: 3566,717,3637,3661
3516: 445
3517: 287,3947,499,1857
3518: 1726,3175
3519: 4481,1434,1083
3520: 1701,413
3521: 2367,122,262,2971,397
3522: 3852,3103,3063,1390,3477
4689: 3927,3025
3524: 2116,2078,3409,2985,4560
3525: 1904,4102,1745,3756
3526: 2654,883,2614
4457: 3855,2629
3528: 2755,3
3529: 
3530: 3794,4086,726,2851,2344
3531: 750,2866,446,3252
3532: 2470,2518,1466
3533: 167,1655,4609
3534: 2549,933,3930,49,3155,2101
3535: 2087
3536: 3616,4791,119
3537: 2731,3318
4754: 1337,2077,4473
3539: 2795
3540: 350,2605,4482,4716,4231
3541: 3004
3542: 2449,2341,3245,791
3543: 390,360,708,2117,4122
3544: 1635,1329,1685
3545: 2146,4234
3546: 3580,3601
3547: 1515,150,3443,1468
3548: 4177,95
3549: 201,1349,1724,3984
3550: 2596,402,3982,511
3551: 3278
3552: 1350
3553: 2619,4394,3057,2885,68,13
4360: 506,3728,580
4218: 3906,1649,3432
3556: 269,2841
3557: 2149,518,3828
4496: 2062,2049
3559: 49,2734,2549,1534
3560: 3713,1892,4366
3561: 
4426: 1647,3747,3200,4567,2724
3563: 202,2226
3564: 4709,618,86,3985,4805
3565: 4506,4138,2745
3566: 3515,3637,3456
3567: 1587,517,342,3894
3568: 899
3569: 2143,4204
3570: 3913,4365
3571: 864
3572: 3256,4302
3573: 4059,4084
4227: 1552,662,3764
4437: 3019,2506,312,872,2847,2673
3576: 2021,4714,2191,1494
3577: 213,702,2483,4626,1145
4608: 300,2175,4163,708
3579: 2379,4756
3580: 299,3546,1219,1764
3581: 150,2043,875,1406,1468
3582: 4623,3771,4222
3583: 3436,727,2540,3284
3584: 3393,709,2759,669
3585: 
4655: 2941,1493,1180
3587: 
3588: 753,4796,4717,1693
3589: 1611,3761,4295,2620
4236: 1545,827,4059
3591: 3085,3694,4815,2189
4601: 4651,1998,3986,2926,3377
3593: 256,2610,241
3594: 4515,1188
3595: 2358
4718: 963,2448,1725
3597: 2686
3598: 
3599: 
3600: 3735,509,4297,4569,67
3601: 2950,3546,1641,2041
3602: 759
3603: 1103,1412,615,3303
3604: 3649,4096,643,3940,620,69
3605: 
4781: 2367,1024
3607: 2759,321,4580,709
3608: 2995,2754,1933,58,1862
3609: 670,3785,1851,3691
4497: 2069,3210
4315: 690
4732: 4008,3742
3613: 873,772,3192
3614: 
4599: 
3616: 4791,3536
3617: 3160,821,4647
3618: 4476,2455,1649,1226
3619: 1747,840
3620: 4793,2900,3032,2752
3621: 436,4313
3622: 2156,1635,3647,2067,3660
3623: 3037,4750,380
3624: 3847
3625: 741,3978,2557
3626: 3981,3411,3512,2471
3627: 
3628: 4804,4532,2430,1114,2002
3629: 1281,820,4054,374
3630: 280,328,3056,2252
3631: 3182
4667: 3379,2842,1049,2613
3633: 4429,4644
3634: 337,2388
3635: 2312
3636: 2336,705,4312
3637: 4288,3456,3661,3566,3515
3638: 2236,463
3639: 2659,1083,860
3640: 217,4196,2241
3641: 24,4133
3642: 1708,3228,2716
3643: 4612
3644: 2316,4316,246
3645: 3037,183,4325
3646: 2937,4424
3647: 1581,2067,3622,3660
3648: 4654,1521,1140
3649: 3604,643,620,3446
3650: 658,334,31,3948,837
3651: 
3652: 1729,347
3653: 1030,2841,2611,802
3654: 3263
4301: 2745
3656: 
3657: 2034,4350,1608,38
4244: 64,1806,2243
4461: 756,3316,2880
3660: 3244,585,3647,3622,2156
3661: 3637,3515
3662: 3509,2429
3663: 1423,742,1548
3664: 2347,4229
3665: 363,4439,2826,3839,1205
3666: 810,2461,2936
3667: 174,4316,1972,3737,1141
3668: 1426
3669: 1840,1262,4526,732
4518: 1563,3136,182,155,2995
3671: 1387,682
3672: 1452
3673: 2592,4504,3853,1056
3674: 1840,4371,3935,365
3675: 1163,1126,350,2605,4425
3676: 1081,3073,1004
3677: 4223,1351,3341,349
4526: 732,3669,3938,503
3679: 2675,1208
3680: 341,4620
3681: 2744,935,1677,1227
3682: 3988,3308
3683: 4379,792,2479
3684: 808,4791
3685: 1284,3202,2298,1183
3686: 3389,2022,3742
3687: 2750,1032,168,1839
3688: 1519,1729
3689: 265,2580
3690: 2176,1607,4713
3691: 3173,1441,1851,3609,670
3692: 136,4810,1025,2900
3693: 1967,1432,1431,2284
3694: 3591,3085,830
3695: 1907,4673,3360
3696: 327
3697: 511,1583
3698: 2822,1643,4672,4307,3292
3699: 2386,250
3700: 660,3432,1042,4777
4262: 4354,1437,1739,439
3702: 1637,2424,1433,307,2442
3703: 
3704: 1410,65,3310,53,4586
3705: 2193,4392,2737,2638
4788: 1048,2488,2966,3449,3803,3416,4537,4150,4610,2360,3064
3707: 3726,4592,1717
3708: 3323,1573,1202
3709: 956,2480,188
3710: 2738,1573,1202,4044,2318
3711: 238,841,661
3712: 569,440,3403,2794,2547,1194
3713: 3560,4397,4311,3739
4285: 1851,2510,1993,1441
3715: 4270,2655,2070
3716: 756,426,2110,2880,572
4208: 507,3112
3718: 4053,1281
3719: 2172,875,2859
3720: 3458,2154,1065,1986,1805
4427: 4728,111,2887,3374,4401
3722: 4112,1191,1019,3878,692,939
3723: 1864,2888,670,4534
3724: 
3725: 550,2337,3335
3726: 3707
3727: 1230,4308,4789,4230,1293
3728: 506,4360,3138,4531
3729: 1505,3885,2045
4238: 1647,4605,2769
4465: 2737,3387,2157,3289
3732: 3196,517,1314,4405,2242
3733: 3191,1559,4197,2871
3734: 4531,1031,4323
3735: 4297,3600,4095,2776,4569
3736: 1169,2423,1150
3737: 843,2985,1141,1974,3110,1972,4316,3667
3738: 4816
3739: 4311,3418,3713
3740: 275,3254
3741: 3753,2474
3742: 4732,3686,2022,1953
3743: 1552
3744: 4767,955
3745: 1245,1789,4499,407,1491
3746: 4596,1008,3267
3747: 1647,4426,2724,2857,2121
3748: 
3749: 160,3365,3337,2589,2503
3750: 669,2102,3411,4806
3751: 1639,3963,4430,4687,938
3752: 
3753: 3741,2954
3754: 962,752,2865,3883,874,1266,110
3755: 1116,1841,4023
3756: 1425,1745,1904,3525,2353
3757: 
3758: 1933,3497,1862
3759: 2664,846,4258,4350,177,1034
3760: 4122,573,1395,3044,2117
3761: 3589,4295
3762: 4641
3763: 3845,2068,2391,2613
3764: 4227
3765: 1541,3312,2835,2050,3197
3766: 3359,3287,1346
3767: 1115,1155,1404
4727: 4289,2084,4775
4768: 2409,655,699,3014,2561,2094,4093,2464,4583
3770: 976,3834,405,3491,112,158
3771: 4038,4623,3582,956
3772: 3350
3773: 
3774: 1673
3775: 1577,1388,2990
3776: 243,2090,2573,1078
3777: 685,289
3778: 533
3779: 1078,4786,3305,3942
3780: 2520,69,3241,2346
3781: 1604,3801,4391,4524,2820,3438
4749: 2781,2800,3457
3783: 
4678: 2850,882,1646
3785: 3609,670,1985
3786: 2918,2990
3787: 4657,474,3061
3788: 424,1080,1555,3016,4643
3789: 2527,1182
4742: 2571,3101
3791: 2498
3792: 281,4815,3929
3793: 1327,297,459,229
3794: 3530,4086,4438,4334
4353: 2404,3916,2083
3796: 453,2440,3081
3797: 1709,3913,2765,1652
4204: 2143,3569,2694
3799: 2892,3812,799,2792
3800: 2599
3801: 3781,1604,3436,2820,3438
3802: 1837,3130,1292
3803: 2488,2966,1303,4788
3804: 
3805: 114,1071,4515
3806: 1253,3908,4121
3807: 2787,4239,4490,1588,2600
3808: 1535,4603
3809: 4780,2783
4755: 
3811: 3971,4702,1408,2103
3812: 799,2792,4111,4778,3213,3799
4489: 
3814: 4206
3815: 1920,2262,82
3816: 2233,3088,913,2280
3817: 415,2272,4447,4428
3818: 2729,3919,2321
3819: 2157,2437,414,587
3820: 4553,2632
3821: 1096,1216,406,2000
3822: 1445,1068,415
3823: 
3824: 4290,1634,3874,4020,4645
3825: 2025,2095,25
3826: 4462,1659,4333,2632,4553
3827: 1620,4455,2080,3071,3284
3828: 2209,3557,505
4422: 629,2727
3830: 1757,769,2037,1721
3831: 3058,920,376
3832: 4384,4188,2089
3833: 1384,3272,2547
3834: 3770,2983,976,3491
3835: 2466
3836: 2773,4803,1112,1780
3837: 3034,2663,1371
3838: 3097,2617,2991
3839: 66,2329,4439,3051,3665
3840: 557
4644: 3633,4429,4529
4266: 3104,1908
3843: 4237,2780,1521
3844: 1040,3962,4571,1086,2213,4078
3845: 2068,3763,3112,108,2842
3846: 4444,2066,1926,1018
3847: 3624
4431: 3278,879,1962,2097
3849: 1012,4023,4823,2044
3850: 3485,3210,2485
3851: 4066
3852: 1144,3522,3103,3477,1940
3853: 1056,3673,2592,613
3854: 950,2640,2120
3855: 3290,2629,1241,1023,4457
3856: 559,4673
3857: 1833,2118
3858: 2383,3943,4736
3859: 4341,3220,1850,3264,1914,3065
3860: 579,853,1594
4492: 86,889,1277,947,1492,2601
3862: 2276,2162
3863: 516,389
3864: 1804
3865: 4808
3866: 
3867: 4748
3868: 
3869: 17,1603,738,2063
4438: 4351,1228,4334,3794,4086
3871: 1387,280,3056
3872: 4340,4242,3343,2938,4786
3873: 2015,1884,4312,2619
3874: 4290,3824,3455
3875: 4740,4505,1919,2528
3876: 
3877: 1201,210,198,3109,2130
3878: 3156,2697,3722
3879: 4106,2130,2049,1201,4243,2062
3880: 3326
3881: 3095,3480,877,1022
3882: 2823,1965
3883: 962,752,2865,3754,2024,0,4010
3884: 785,2878,227
3885: 1505,3729,1192
3886: 4739,1034,4118,3153
3887: 4530,4633,3338,230
3888: 1405,4343,1181,4134,2208
3889: 4512,824
3890: 1335,1669,2087
4381: 3412
3892: 949
4188: 733,2364,3832,2089,232
3894: 3196,3567,517,342,4407
3895: 
3896: 2420
3897: 1533,2824,1976
3898: 4296,4772,3048,556,1001
3899: 2760,4024,4591,865
3900: 
3901: 4800,619
3902: 1945,889,1277,1917,1597
3903: 2188,3122,4565,2554,955
3904: 
4311: 3739,1509,3713
3906: 3513,4218,3432,1657,1042
3907: 4606,2086
3908: 479,378,4121,2047,3806
3909: 
4799: 3231,2205,4221,1170,891,4024,2635,942
4632: 1214,2848,1283
3912: 4107
3913: 3570,3797
3914: 1132,222
3915: 1344
3916: 4353,2404,4091,2522,4194
3917: 765,3443,2153
4756: 992,3579,2379,1224
3919: 3818,2321,2137
3920: 
3921: 1235,137
3922: 1556,1994,4388,513
3923: 2825,845,590,576
4604: 4561,499,2916,4092
3925: 2881,2537,2402,2554
3926: 4541,2006,4105
3927: 4689
3928: 
3929: 2512,3792,2950
3930: 2866,2140,446,3155,3534
3931: 1340
3932: 4502,589,1394
4455: 3827,1620,1622,3476,2888,2080
3934: 1641,2263
3935: 0,4371,3674
3936: 701,4158,1935,284
3937: 1690,2118,4119
3938: 26,3483,144,4526
3939: 1831
3940: 620,69,4634,3604,4096
3941: 531,455,3028
3942: 3222,3779,3305
3943: 3858,4736,2957
3944: 2331
4785: 4376
3946: 2909
3947: 287,3517,1857,4669
3948: 2325,658,2422,3650
3949: 946,2946
3950: 4310,1586,116
3951: 2075,958,65,1376
3952: 
3953: 236
3954: 1404,1511,234,3180
3955: 965,255,4074,936
3956: 432,1793
4261: 3421,612,3439
4796: 3588,753,1177,4717
3959: 38,2660,364
4532: 4804,2430,3628,2002,4588
3961: 1728,2244,4358,4579
3962: 1040,3844,4571,1060,1475
3963: 3751,4430,1002,2621
3964: 489,2885
3965: 1602,2764,4553,1827
3966: 1496,1476,1985,710
3967: 4247,1285,3286
3968: 3465,2952,922,4280
4657: 3787,474,3061,4041
3970: 472
3971: 3811,1408,4683
3972: 2039,1167
3973: 1261,1330,1064,4348
3974: 3977,3231,254,1240
3975: 1112,4002,1780
4221: 1170,4726,2205,4799
3977: 3974,3231,2205
3978: 3625,2557,7,3166
3979: 2280,2967,2707,411
4192: 4256,4279,4072,160,2662
3981: 3626,536
3982: 4709,618,3550,402
3983: 3414,183,4325
3984: 1572,3239,3549
3985: 86,1277,618,3564,4094
3986: 4693,4651,4601,2926,544
3987: 1609
3988: 3682,1878,3308,1976,1378
3989: 1212,2991
4536: 2070,506,3178
4602: 4067,2620
4324: 3221
3993: 2809,2416,2616
3994: 
3995: 2027,2832
3996: 387,740,1686
3997: 3020,1661
3998: 4798,50
3999: 2297
4000: 1654
4001: 979,3024,295
4002: 4334,3975,639,725
4003: 2630
4004: 32,191
4005: 4544,729,1354,2922
4006: 3115,1811,1382,2136
4007: 537
4008: 4732
4009: 4134,565,1181
4010: 4626,832,3883,2024,0
4716: 4482,2441,3540
4012: 
4013: 154,324
4014: 
4296: 2942,3898,4772
4016: 815,3015
4017: 2709,2089,232,504
4018: 
4019: 4185,1326,3468,1706,3283
4020: 1041,1282,4645,3824
4206: 3275,2807,4664,3814
4022: 1128,2356,2299
4023: 3755,3012,3849,4823
4024: 2760,891,4799,3899,942
4025: 
4026: 538,2628,778
4622: 2176,3014,1607
4028: 692,2581,1990,1136,1019,3087
4029: 1015
4030: 984,2601,113,1146
4031: 4256,2796,1152
4398: 173,2736
4033: 2847,1959,2410
4034: 772,3192,796
4035: 
4036: 723,2600,4239,1616
4037: 257,3115,1253
4038: 4623,3771,316,3451,3508
4039: 2226
4040: 
4041: 1373,4657,793
4697: 1253,4121,1435
4350: 2034,3657,4258,1608,3759,1034
4044: 3353,3298,3710,1202,3203
4045: 4721,4246
4336: 2832
4047: 2546,1692,83,522,2282
4048: 4101,58,958,2770,4183
4049: 4733,935,871
4050: 2403,4369,654,2455
4051: 4409,4766
4052: 1213
4053: 3718
4054: 4747,820,1281,3629
4055: 2108,4230,2970
4056: 
4057: 
4058: 
4059: 3573,4236,3401
4060: 4800,2276,2295
4061: 1093,2242,4405
4062: 422,1270,4142,561
4063: 338,1869,655,2094,4486
4064: 938,4797,1279,1639
4065: 4821,2690,4284,4794
4066: 4251,3851
4067: 2620,4138,4602
4068: 2899,4124,1815
4069: 2489
4745: 4603,4661,394
4071: 3109,1694
4072: 160,3337,4192,2662
4073: 2674,2874,998
4074: 1859,2683,3955,255
4075: 378,2047,2051
4076: 1422,4079,2511
4077: 3177
4078: 319,2279,1040,3844,1086
4079: 4076,3423
4080: 2576,1403,763
4081: 1027,1269,1865
4082: 1669,535
4083: 3332,1949,1822,1743,1713
4084: 4491,3457,3573
4085: 4558,2258,972
4086: 3794,3530,726,4438,101
4087: 
4088: 4514
4687: 224,147,938,4430,3751
4090: 2137,1099,2321
4091: 2522,986,4194,3916
4092: 2447,499,4604
4093: 2464,475,4768,2094,4583
4094: 2596,11,402,1277,3985,618
4095: 3735,4297,3019,2776,3234,2439,2590
4096: 3604,643,3940,69,3241
4097: 2588
4098: 4197,2871,4578,1257,581
4821: 4065,912,2690
4705: 2616,510,2301,1189
4101: 1933,58,4048,4183,3105
4102: 2239,3525
4103: 875,1731,2043,1939
4104: 3013
4105: 2472,3926
4106: 3879,2130,2049,2062,4213
4107: 4582,3455,3140,3912
4108: 674,880,3375,4679
4109: 2887
4415: 4177,2684
4111: 3812,4414,4778,3461,3213
4112: 3722,1191,692,939,3095,1788
4113: 2381
4114: 2799,1497
4115: 3129,1179,1681,1310,4501
4116: 1376,357,4665,3310
4117: 
4118: 1450,1608,3886,1034
4119: 1690,3937,4250
4120: 3111,3491
4121: 378,3908,4697,3806
4122: 3760,573,360,3543,2034
4123: 2061,1593,4322,1398,2399
4124: 2182,1399,4779,4068
4125: 1174,491,1016,1346,4196
4670: 447,2065,1533,4282,2200,878
4127: 
4199: 628,2715,263
4129: 2423,1737,4610,1392
4130: 757,1110,4606
4131: 1581,4327,4181,1915
4132: 2162
4133: 2219,24,3641,806
4134: 4009,2056,3888,2208
4135: 2769,1647
4136: 1027,1269
4610: 4150,4788,1392,2099,4129
4138: 4067,3565,4506
4139: 1995,4737,3085,3185
4140: 4589,99,4551,2599
4141: 2775,737
4142: 2131,4180,558,422,4062
4143: 2743
4191: 
4145: 
4146: 2155,4671
4147: 4178,2048,1380
4148: 4699
4149: 4605,1534,1206,4399
4150: 4610,4788,2099
4151: 801,432,1512,1793
4152: 2516
4748: 3867
4154: 564,2349,3115,1811,1052
4155: 1984,1437,2699
4156: 1444
4157: 2530
4158: 701,3936,2128,2305
4159: 1720
4160: 4672,2822
4161: 2230,1284,1604
4368: 570,2646
4163: 1849,300,4608,708
4164: 3363
4242: 4340,2827,3872,762,2938
4634: 734,864,3940,620,1268
4167: 2505,650
4168: 
4169: 
4170: 1823,1101
4171: 
4810: 3184,1643,2018,136,3692,1025
4173: 564,2349
4793: 3620,1111,2752,435,370,4283,4189
4357: 2804,1660,3100,4703,366
4775: 3319,4727,4318
4177: 3548,4415
4178: 4147,2048,1577,1388
4179: 4314,2720
4180: 1582,403,466,4142,422
4181: 1915,3486,4327,4131
4182: 1918,1896,2779,2374
4183: 4337,4595,3105,2770,4101,4048
4184: 558,2131,3241,3158,2346
4185: 4019,1326,2526,4766
4473: 744,2723,4754,2077,1697
4187: 4267,1160,2583