0: 4804,2499,2430
1: 4296,3125,257,2610
2: 
3: 2992
4821: 3596,3216,3358
5: 
6: 3150,2043
7: 36,2925,4713,1033,2186
8: 2447,1420,4348
4728: 3259,1919
4688: 
11: 4513,3956,3856,4057,2665
12: 576,877,588,2629,4199,2734
13: 1968,3426,255,4023
14: 4376,840
15: 1150,1611,3416,3996,575,1153
16: 3415,2537,3245,1410,4422
17: 2319,2493,1806,4244
18: 2279,429,4455,459,2599
19: 591,2223
20: 937,3523
21: 2836,2037
22: 2229
23: 
24: 986
4153: 3145,4328,4418
26: 3524,4734
27: 1824,431,686,980,2691
28: 346,1263,3883,4271
29: 
30: 
31: 4313,2166
4419: 2017,1613,3174
33: 1616,4742
34: 1647,3290,1165,4542,390,4633
4478: 1486
36: 7,4713,241
4083: 2640,3384,2146
38: 628
39: 2631,4662,2107,1082,4812,1839
40: 3722,2168,593,733,506
41: 689,2803
42: 4473,3913
43: 4194,4504,2693,2222
44: 
4028: 494,3328,1016
46: 2651
47: 1535
48: 
49: 853,2579,817,993,3285
50: 599,3149
4657: 2754
52: 3885,83,4354,3526,268
53: 3793,1069
4638: 4783,1143,2682
4711: 4799,796,1070,1010,2756
56: 3489,4380,3433
57: 3009,4636
58: 1127,4685,3199,3816,670
59: 920
60: 2440
61: 2802,4564,2029
62: 3179
4645: 2242,4287
64: 3343,2558
4324: 844
66: 3138,1079,4118
4608: 995,2082,4197
4318: 1410,2152,4363,4597
4666: 
70: 
71: 3906,795,1723,1392,2814
72: 2155,486
73: 3678,1587,3402,4152
74: 
75: 3931,1549,2244,2331
76: 767,3137,2226
77: 2371,3802,3601
78: 
79: 1311
80: 
81: 968,235
82: 4462,606
83: 52,689,268
84: 
85: 2919,1369,3404,207
86: 3240,2361,3159
87: 1814,2913
88: 
89: 4505,188
90: 1529,1361
91: 2990,297
92: 
93: 3602
4631: 1624,168,4766,149,4764
95: 
4169: 1125,3329,2331
97: 3505,4180
4177: 1470
99: 3027,1551,1920,4746,2142
100: 729,702,2374,3556,4369
101: 4680,3403
102: 2474,2075,493,1243
4743: 
104: 1300,619
4155: 813,2233
4346: 2695,3800,3899
107: 478,4044,1198,2109
108: 3546,270,2642,1878
109: 
110: 2115,2224,3071
111: 1819,4479,4015,2600
112: 2049,1930
113: 2665,3856,4362
114: 
115: 
116: 1181,2875
4503: 2587,2732,1624,907,1915
118: 351
119: 4299,1242,2214
120: 4266,814,3407
121: 2792
122: 1425,4469
4733: 3728,239,1583,131
124: 933,1532,2794
125: 3086,1379,1374,1913
126: 
4198: 4149,2140,1240,2853,1175
128: 
129: 3808
130: 
131: 4733,3709,4767
4275: 724,3119
133: 3116
134: 1840,2128,3102,2949
4566: 4446,950
136: 3905,753
137: 
138: 411,3366,4468
139: 
4640: 2373,1262,1794
141: 3624,4184,346,508
4410: 4466,3662,230
4368: 4399,3020
144: 4404,4208,1325
145: 2904
146: 
147: 
148: 
149: 2933,896,4631,3106,2399,4764
150: 3940,3527
151: 2326,1099,525
152: 4565,2071
153: 4643,942,653
154: 4132,1160
155: 4381,1532,3154
4701: 2101,3476,3586
157: 1072
158: 2438,771
159: 1283,690
160: 493,4388,2056,2859,3182
161: 3232,4691,3547
162: 2742,1512
163: 1118,2439,3948,1319
164: 821,850
165: 3650,403,2256
166: 1840
167: 2024,2350
168: 1624,4631,3989,4766,4764
169: 2630,2009
170: 2246,357,3787,4421
4626: 775,3109,4437,744
172: 3797,3309,1873,3320
173: 2208,1200,2749,3786,3873
4745: 2641,4802
3992: 
176: 
177: 2270,340,1294
178: 
179: 238
180: 629
181: 1064
182: 529,4141,2895
183: 3182,1751,1315,1259
4611: 3510,3608
185: 4027,869
186: 1979,4117,3443
187: 
188: 4505,1393,89,536
189: 755,4670,511
190: 4351,2769,4809
4729: 1062
192: 2203,251,944
193: 3926,3279,2090,389
4756: 372,3468,564,479
195: 3037,1513,2530
196: 2366,4418
197: 3343,4680
198: 451,1882
199: 3820,2044,3687
200: 4343,1732,1926,4128
4772: 2027,4017,3321,260
202: 3915,2580,2751,3318
203: 2631,3422,1363,3561
4296: 1,1779,4641,2610
205: 336,3908,2771
206: 1043
207: 2809,85,3404,860,4509
208: 
4427: 4808,2196,3454,4683
4099: 4182,3581,1933,3414
211: 3013,288
212: 3186,3719,4823,3365,216
4364: 2591,707,3098,3493
214: 4456,3957,1906
4030: 1429,1293
216: 3365,212,3719,4823,1469,1880
217: 2391,1136,726,282
4086: 2952,1849,1496
219: 3637,3525,1471,1677
3995: 1559,1379,4018
221: 1563,3054,2959,1520,4668
222: 
223: 3672,1430,2604,2176
224: 1515,3173,3105
225: 2067
226: 1052,3593
227: 486,939,1261
228: 345,916,2633,3046
229: 3451,3432,2764,1685
230: 4197,3893,4410
231: 
232: 
233: 3463
234: 808,1657,4811
235: 2864,968,81
4781: 1353,3075
237: 
238: 2948,179,3595
239: 2070,3728,1715,4733,491
240: 3520,2186,2925,973,4107
241: 1101,3198,36
242: 918,3806,489
243: 1719,2543
4742: 2956,4722,33
4477: 834,355
246: 2568,4343,2420,3839
247: 942,3195,2570,3769,3211
248: 
249: 2436,3861,2302
250: 3516
251: 2203,192,944
4287: 4395,4645
253: 4805,1178
254: 
255: 4499,3395,13
256: 4785,3610,4214,2696,2015
257: 4283,1
4190: 2570,1780
259: 2845,1258
260: 4772
261: 
4204: 
263: 3379,4149,576,2629,1919
264: 
265: 1880,1469,1534,500
266: 2296
267: 4741
268: 52,83
269: 4790,1639,1288
270: 2660,3139,2642,1040,108,1878
271: 3349,3432,1375
272: 1018,3743,4773
273: 4250,3394,4046
274: 3735
275: 3218,3061
276: 4518,1463,1598
277: 3247
278: 1190,2284,4173,1056
4288: 3016,836,1793
280: 437
4246: 
282: 2266,726,217,3795,1879
283: 463,3437,1010,2756
284: 500,3012,2078,1303
4530: 2437,368,3317,587,4654,3242
286: 2710
4309: 3055,4339,1693
288: 3022,211
4817: 1182,3276,3909,1269
4695: 3118
4614: 3208
292: 1083,304,1794,2608
293: 
294: 4251,4215,4789
295: 1421
4058: 2063,2644,425,1597
297: 2072,91
298: 3332,3932,1191
299: 2793,2010,2648,1641
4804: 0,4330
4769: 1261,1516,3359,317
4659: 2393,1073,4241
303: 411,3366,590,540
304: 292,1083,1189,729,1794
305: 3420,4360
306: 
4577: 372,3468,1893
308: 419,3024
309: 3191,3580,2061
4582: 996,356
311: 4093,1025,4077,4617,318,4768
312: 1540,4732,3316
3986: 1862,3464
314: 
315: 487,1608,841,3587
316: 3673,2776,378
317: 1170,3646,4769
318: 4077,311,1025,3115,4768
4015: 2965,111,1044,1112
320: 2832,2475,3282
321: 2885,2585
322: 1801,3572
323: 
324: 
4592: 1979
326: 2300,1680
4680: 101,197
328: 
329: 1311,1422
4100: 3993,2864
331: 1670,2089,860
332: 4218,2310
333: 3508,1856
334: 2325,3693
335: 
336: 205,1823,3567
337: 2556,501
338: 1563,4196,3881,3923,1604
339: 3456,4508
340: 2711,177,1294,902
341: 
4786: 830,1858,1151,4073
343: 3611,2307,782
344: 3659,4003,1206
345: 228,3046,3079,2752,4527
346: 28,3624,141
4049: 2028,1341,3663
4333: 4628,1377,1546
349: 2369,2859,4274,1315
350: 4106,577
351: 118,2821,3194
352: 1372
4203: 4748,2008,892
354: 3582,643,3297
355: 645,834,4477
356: 4582,996
357: 170,2246,614,1279,2031,2474
358: 4714
359: 
360: 1386,419
361: 2517
362: 4356,3770
363: 2654,1196,4787,2726,4424,3891
364: 1004,4466,4291
365: 3756,2062,3484,3294,3488
366: 3420,583,1223
367: 1570
368: 4530,2437
369: 2684
370: 3978,4697
371: 2486
372: 4577,3468,4222,4756
4070: 3696
374: 973,4172,3698,541
375: 3358,1944,668,4158
376: 
377: 3146
378: 982,4543,316
4194: 43,613,1673
4325: 1077
381: 2221,2428,803,2396
382: 1110
383: 
384: 2800,3590
385: 834
386: 
4654: 587,1417,4530,3317
388: 2693,3486
389: 867,3926,193
390: 2928,3766,34,1165
391: 2184,2781,4454
4387: 1204,4689,3121,1960
393: 3857,2658,3772
394: 807,3648,534,1044
4801: 4243,4547,4009,4259,4382,3382,3996
396: 3774,4754,4814,3147,2987
397: 3460,2306,1154
4110: 1949,762,2724,952
399: 2553,3232,4784,1769
400: 2966
401: 
402: 2101,3966
403: 165,3650,4383,4074,2256
404: 2392
405: 2423
406: 4381,2230,4161,4671,1528
407: 2404,412,2232
408: 4671,1528,528,678,1715
409: 4610,3945
410: 1404,4247,4610
411: 3366,138,303,1785,647,953
412: 1155,407
413: 1458,1306,4818
414: 4618,3648,3802,3601
415: 3575,2752,1705
416: 
417: 1022,3979,2416
418: 1280,1729
419: 308,360,2041
4085: 2131,4741,4154,2723
421: 4263
4274: 2035,2369,349
423: 2321,1958
424: 3285,4122,947,4399
425: 1151,4819,1597,2644,4058,998,1858
426: 3293
427: 
428: 1577,936
429: 18,4455,4332,4193
3999: 2772
431: 1824,27,686,2286
432: 4725,4789,4215,4235,730
433: 2056,493
434: 2541
435: 4126,2557
436: 3164,2669,874,4306
437: 2086,1487,280
438: 579,4280,4686,2664
439: 2571,2882
4326: 2450,822
441: 851,4802,1426
442: 
443: 3229,1883
444: 3359,836
445: 3440,3925
446: 1479,3483,1455,3372
447: 4311,787,2719
448: 
449: 1760,960
450: 3774,4754
451: 1459,198,2346,3335
452: 
453: 3623,2510,3653
454: 2084
455: 681,3855,4408,3958,2155
456: 1275,3290,1165,1034,1762
457: 4316
458: 799,3213,3817,592
459: 3156,2279,18
460: 1056,550,517,1401
461: 4207,3723,2420
462: 3058
463: 283,2756,873,815
4463: 3557,4766,2215,482
4054: 4802
466: 1185,1201,2149,1474
467: 4793,703
468: 2409
469: 2986,989,1341
470: 2932,934
3983: 4797,3532,2001
472: 
473: 4014,3506,1297,2881
474: 1048,743,4295
4710: 583,1738,1491,1346
476: 780
4748: 4203,2008,2057
478: 4044,107,1198,3854,785,4047,639
479: 2918,564,4222,4756
480: 3516
481: 3007,4798,1013
482: 2215,3780,4260,4029,4463
483: 1768
484: 4219,3619,692,4159,1679,4580
485: 2257
486: 227,72,2477,1595
487: 315,2737,841
488: 1285
489: 3731,242
490: 3261,3002,2043
491: 904,1998,239
4351: 190,2769,4809
493: 160,1243,102,433,2056
494: 4028,762
4495: 
4005: 849,2957,1297,2881,4413
497: 4693,3654,3012,2078,4595
3997: 3481
499: 1195,2289
500: 284,265
501: 337
502: 2463
4196: 1563,338,1604,4536
504: 2892,4043,2836,4276
4391: 1562,3881,4165,733
506: 733,1604,3722,40,4536
507: 2521
508: 2488,141,2424
509: 1133,1678,1041,2677
510: 4164
511: 2357,755,189,610
4344: 3291,2054
513: 2576,757
514: 4132,690
515: 
516: 4737,2472
517: 3639,597,4428,460
518: 4588,3706,4071,3604,1893
4539: 3092,2054
520: 2159,2036
521: 4700,3608,3409
522: 3594,2675
523: 2234
524: 4307
525: 3144,4201,151
526: 4192
4161: 2698,2230,4381,406
528: 3299,1982,4671,408,1194
529: 182,4141,2895,4524
530: 924,3832,931,1319,3558
531: 3800,2178,1642
532: 2842,4762,2371
533: 4160,4699
534: 3591,1044,394,1086
535: 795,4759,2977,3401
536: 4188,4655,1393,188,2100
537: 1710
538: 
539: 
540: 1805,303,1985
541: 3968,374,4172
542: 2792,890,3817,592
543: 1922
4675: 3390,2612
545: 
546: 
547: 3916,1961,4653
4793: 467,2487,3466
549: 1740,987
550: 460,1056,2460,3196
551: 2119,1783,4048
552: 3240,4302,2063,722
553: 3211,3878,1588,3769,1475
554: 3473
4022: 1280,3175
556: 4397,2355,2167,4093,3639,4617
557: 
558: 3527,3382,4491
559: 3794,3800,2178,4443
4268: 3765,4056
561: 3017
562: 
563: 3574
564: 2918,479,4756,4212
565: 1968,3426,4437,2209,3896
566: 3244
567: 3439,1526
4414: 2104,3860
569: 2352,2547,3870
4455: 18,429,2599,3391,4193
571: 2491
572: 3732,2939
573: 2521
574: 
575: 2746,1153,15,1150,1611
576: 12,588,2629,2140,263
577: 350,2445,3967
4423: 3302,2922,2063,2644,722
579: 649,438,4280
580: 3480,3154,3977
4402: 2849
4281: 
583: 4710,366,1491,3047
4093: 311,556,2355,3639,4617
585: 1774
586: 905,4809,1316,3252
587: 4654,3242,4530,3317
588: 576,12,4199,3351,2129,2655
589: 1831,4248
590: 4587,3366,303
591: 3494,2223,1378,19
592: 3817,542,3213,890,458
593: 3722,40,2168,3877,4207
594: 2406
595: 
596: 778,4240
597: 517,3639,4173
598: 1009,1740,3347,3645
599: 1685,3149,50
600: 4578
601: 2511,3494,3057
4323: 1249,2305,4542,1647,4633
4652: 812
604: 4079,1123
4314: 1460,3641
606: 734,82
607: 3491,1317
608: 
609: 3000,991,4812,3491,1115
610: 1080,3171,4670,511
611: 4405
612: 3423,3605,2347,2538
613: 872,1673,2684,4194
614: 2578,357,3415,1279
615: 1859,3048,2336,1122
616: 2501,2602,2636
617: 1804
4076: 1619,4272,1042,2072
619: 3034,104
620: 3589,4271,3790
621: 1745,1225
4269: 3473
623: 4057,1632,4720
624: 3329,2087
625: 825
626: 870
627: 2217,1702
628: 4163,38,4197,708,1004
629: 180
630: 
631: 
4439: 3599,3113,4687
633: 2313,4726
3962: 1704,3259,3374,2048
635: 2379
636: 4470,1790
4540: 2359,3484,791,2562
4754: 3774,450,396,2987,2757
639: 4047,478,1198
640: 1598,1575,904
641: 970,2832
642: 2228
643: 3785,864,1886,354
644: 2942
645: 355
646: 4014,2295,2881,2957
647: 1785,3663,953,411,2770,3658
648: 4403
649: 579,3139
650: 
651: 
652: 2969,1569,3379,1412
653: 3211,3878,942,153
654: 2790,734,4628
655: 2061,1995,4404
4594: 
657: 4581
658: 4297
659: 2020
4210: 2315,1655
661: 
4712: 2053,1459,2443,3335
4775: 
664: 3412,789,3777,3087,1855
665: 2580,4013
666: 
667: 1187
668: 1944,964,1567,375
669: 3386,4721,4650
670: 1769,3449,58,2553,2639,3816
671: 3930,4367,2280,750,1146
672: 3924,4111
673: 2471,931,3204,4188,4218
674: 1244,1763
4385: 3250
4437: 744,4626,565
4644: 3806,2717,1369
678: 3728,408,1528
4580: 857,4219,484,1679
680: 1132,1535
681: 455,4016,2352,3069
4107: 2494,3520,240,3725,1671,2835
683: 4679,1819,721
4320: 
685: 3682,3496,962
686: 431,27
3975: 2224,3071,3081,1864,2080
4674: 
689: 41,83,2775
690: 923,4132,514,159,1283
4676: 3155
692: 4159,4465,3619,484,1679
693: 2026,3694,984,2640,2300,3116
694: 
695: 1263,3589,3216,3158,948
696: 2666,4792,4730,3068
697: 1225,1307,1677
698: 3998,4812
699: 2344,3227,2207
700: 
701: 4096,2930,4130
702: 100,2374,4138,2053
703: 1634,467
4223: 2814,1251
4525: 1433,4760
706: 1613,3377
707: 4364,2591,4549,3098,3207
708: 1004,4163,628,2288
709: 1650,1133
710: 1775
4026: 3783
712: 864,1886,1419,3005
713: 3761,3767,1961,4653
714: 2284
715: 4304,1037,3434
716: 
717: 2206,2327,3534,2224,2426
718: 1754,2360
4658: 4449,2010,1641,2263,1770
720: 3628
721: 683
722: 2063,552,3302,4423
4708: 1139,3670
724: 4275,3119,957,1371
725: 3795,1532,2794,1879
726: 2266,2098,282,217,1844,3044
727: 1479,4822,775,972
728: 3772
729: 100,3556,1189,1083,304
730: 4235,4725,432,905,3252
731: 
732: 3722,2526,1200,3877,2857
733: 1604,506,40,4391,2478
734: 606,654
4341: 
736: 2577,1216,1917
737: 
738: 2211,2934,2158,2151
739: 3839,1747,3691,4032
740: 
741: 
742: 4048,3653,3251,3488
743: 1048,474,3641,819,4707
744: 4437,4626,1687
4272: 1619,4076,1395,2819
746: 871
747: 2672,2444,1993
748: 
749: 1612,4796
750: 4147,1146,671,4406,1982
751: 
752: 3682,3185,1599,962
753: 3905,136
754: 829,3826
755: 189,1739,511
756: 2487,3344,2743,1892
757: 1992,513,2576
758: 4072,1898
759: 1823,3560,4768,4249,4300,4717
4121: 3471,2822,3204
761: 
762: 4110,1949,494
763: 3306
764: 1726,4319
4166: 2792,4776,4004
766: 878,1040,2642
767: 76,3099
768: 
769: 2677,3363
4497: 3591,1112,3024,1386
771: 158
772: 1786
773: 1585
774: 1900
775: 4626,4822,727,972
776: 2862,1799,1250
777: 
778: 4240,596
779: 2912
780: 476
781: 3440
782: 950,2307,343
4004: 4776,4166
784: 913,3168,2239
785: 3854,4047,1592,478
786: 
787: 4311,447,2719,1342
4724: 4334,1909,2277
789: 3777,3087,3976,1739,2357,664
790: 2641,1078,1983,4802
791: 1974,3951,4540,2359,3583
792: 3581,4182,4575
793: 3281,4231
794: 1320
795: 3906,71,535,1723
796: 4799,4711,1070
797: 3707
4051: 1827,2839
799: 458,1601
800: 
801: 4348,3901
802: 1957,3178
803: 381,2221
4021: 3015,4736
805: 3607,3340
806: 3680
807: 3413,3214,394,4618,3629,995
808: 234,4811,4260
4044: 478,107,1904,1170
4569: 1031,2301,3650
4490: 1178,1776,985
812: 4652,3843,1764,3428
813: 4155,2742
814: 3407,120
815: 873,463
816: 4615,3733,917
817: 2579,1294,1949,49
4119: 1787,4593
819: 4707,1048,743,2815
820: 3512,2200,3386
821: 164,3679
822: 2450,4326,1761,4696
823: 3720,2165
824: 
825: 625
826: 2616,2256,4074,3955
4251: 294,1384,868
3991: 
829: 754
830: 4786,4073,1711,4559
4693: 3654,497
832: 4709,1459
833: 4679
834: 4477,355,385,1784
4785: 3019,256,3610,2015,4667,2552,2673
836: 1429,444,4288
4705: 3047,2484,1223
4449: 4658,1770,2039
839: 4212,4131
840: 3066,14,3898
841: 1608,1100,487,315
842: 3947
843: 3297,1405
844: 1150,1611,3416,4324
4048: 742,2119,3251,551
4720: 623,1642,3108,3794
847: 2907
848: 4739,3399,927,3636,2834
849: 4005,1037,2957,3521,4413,3434
850: 164
851: 1589,4278,441
852: 1703
853: 4670,49,3285
854: 3664,3626,3512,3799
855: 
856: 2312
857: 4580,1679,2199
858: 3632,4764,2671
859: 4451,2062
860: 2047,4509,3404,207,331
861: 2777,2998
862: 3340,3897
4149: 3379,4198,2140,263,1175
864: 712,1886,3785,643
4071: 3981,3604,1836,2496,518
866: 
867: 389,4819,1597,4261
868: 1384,4251
869: 185
870: 626
871: 1024,746
872: 613,1673,3321
873: 2756,463,815
874: 3471,2822,4339,4306,3832,436,2669
875: 1231,3670,3042
876: 3868,3078,2763,2805
877: 12,2629,2734,1704
878: 766,930,3153,4377
879: 
880: 2824
4073: 3250,830,4786,4719
4741: 4154,4085,2723,267
4815: 4139,4627,1471,1510
4542: 4323,4002,3886,1647,34
885: 3874
886: 1667,4115
4512: 
4271: 4634,3790,620,28
889: 1642,1632
890: 2029,3213,542,592
891: 1745,4239,4752,3525
892: 4203
893: 932
4078: 1305,3461
895: 4755
896: 1203,149,3916,2399
897: 1935,1702
4607: 2844,4372
899: 1524,3798
900: 1909,2429
901: 3500,1029,3050
902: 1570,340,2711
903: 3843
904: 1575,491,640
905: 586,4789,2481,4725,730,3252
906: 2351,2518,2001
907: 1428,1278,1915,1624,4503,4764
908: 3787,4471,4601
909: 1510,3550,4139,1855
910: 
911: 3938,3836
912: 4771,1723,4059,1578
913: 784,3168,3065,3136,1518
914: 2775,3231,4656
915: 1714
916: 228,3046
917: 3733,1867,816
918: 242,4224
919: 2193,4237
920: 59
4691: 3232,161,2510
922: 1168,4820,4739
923: 690,4132
924: 3832,530,931
925: 3235
4706: 
927: 3636,1454,1398,848,3399,2834
4524: 529,2878,4517
4794: 4480,3441
930: 3934,2175,878,3153
931: 2471,673,3204,3471,924,3832,530
932: 893
933: 2818,124
934: 470
4604: 2314,3253,3424,1071
936: 3324,1577,428
937: 20,3523,2416,4709
938: 1626
939: 3016,1261,1516,227
940: 2470,3319,1197,3950
4416: 1606,1871,947
942: 247,3195,153,3211,653
4095: 1220,2387,2776
944: 3862,251,192
945: 3289,3757
4784: 1769,399,4101,1957
947: 4557,424,4122,4416
948: 4158,695,1263
949: 2831,2365,3566
950: 782,4566
951: 
952: 3405,1616,2724,4110
953: 647,411,2770
4704: 2897,4780,4417
4479: 3848,111,2649
4717: 3348,4300,4768,1823,3560,759,3567
957: 4319,3098,1371,724
4103: 1280,1784,1061
959: 3127
960: 1409,449
961: 
962: 2963,4162,3682,752,685
963: 1219,4761,1148
964: 1944,668,1567,2052
965: 2301,1319,2439
966: 1650,2691
4683: 3279,4427,3454,2138
968: 81,235,1405,3785
4399: 4368,3285,424
970: 641
971: 3756,1972
972: 1432,727,3372,775
973: 374,4172,2925,240
974: 3964,4596
4789: 1767,1595,2481,294,4215,4725,432,905
976: 1991
4806: 2759,4229,1241,4226,2039,4312,3191,1310
978: 2336
4319: 957,3207,764,1371
980: 2691,1824,27
981: 4507
982: 378,1155,4543,2757
983: 4535,3833,2079,2788
984: 1204,693,2640
985: 3833,4490,1178
986: 24
987: 3319,2035,549
988: 
989: 3051,3148,469
990: 4160
991: 3000,609,4662,1082,4812,1115
4546: 3369,1802,1287,2524,1477
993: 3285,4122,1570,49
994: 
995: 4608,3629,3214,807
996: 1015,4582,356
997: 3544,3467
998: 1680,2644,1151,425
4752: 4088,891,4239
1000: 4154
4462: 82,4286,3218
1002: 3654,3080
1003: 
1004: 708,364,4197,628
4154: 4741,1000,2337,4085
1006: 2625,2667,2628
1007: 
1008: 4810,3959,3411
1009: 598,1740,1091,3645,2185
1010: 2756,4711,3437,283
1011: 2511,3255,3662
4185: 4766,3618,3446,2933
1013: 4798,481
1014: 
1015: 996,3288
1016: 1739,4028,4139,4627,3976
1017: 2418,4690,4571,3362
1018: 272,2077,3103,4716
1019: 3225
3976: 789,3777,4139,1016,1739
1021: 
1022: 417,3979,3755
4560: 
1024: 2226,871
1025: 311,318,3115,4768
4603: 3988
1027: 
4188: 3204,536,4218,673
1029: 3500,901,4578
1030: 
1031: 4569,1733,2659,2301,3558
4610: 409,4247,410
1033: 3732,4713,7,2186
1034: 2599,1762,3391,456,3667
4003: 344,1265
1036: 3304
1037: 849,2957,3521,3434,715
4310: 3740
4757: 3742
1040: 1869,766,270,2642
1041: 509
1042: 4135,4076
1043: 206,4146
1044: 534,1112,4015,394
4557: 947,1606
1046: 1985,1775,4637
1047: 1971,4458,4470
1048: 474,743,1245,2095,819
4139: 4815,4627,1016,1510,909,3976
1050: 2244,2331,1125
4516: 3868
1052: 226,3544
1053: 3478,3615,1903
1054: 2270,2088,2724,1949,1294
1055: 
1056: 460,550,1190,278
1057: 
1058: 4589,3612
1059: 4094,3858,2647,2335
4504: 2684,2693,43
1061: 1979,4117,4103
1062: 1542,4417,3829,4729
1063: 2646,3827,1067,1539,2958
1064: 181,3517
1065: 3855,1793,3334
1066: 4292,2023
1067: 4586,4633,1176,1063,4623
4543: 1645,3673,982,378
1069: 2127,3315,53,3640
1070: 2704,4711,796
1071: 4604,3253
1072: 157,4282
1073: 2393,4659
1074: 2705,3157,3688
1075: 1472,4482,2252,2370,2784
1076: 1534,2989,1853,3178
1077: 4325
1078: 3362,2641,790,4802
1079: 2581,3138,2401,66
1080: 610,3171
4162: 2963,962,1174
1082: 4812,1839,2631,39,4662,991
1083: 292,304,729,3350
1084: 2753,2481,1767
1085: 
1086: 3705,534,1386
4395: 2499,4287
1088: 1304
4183: 2615,4767,2021,1289
1090: 1870,1413,1838
1091: 3645,1009,2185
1092: 2102,2748,3935
1093: 1338,4713,4253
1094: 2278,4179
1095: 2609,1172,1139
1096: 4145,1420
4698: 2676,3079,2858,1636
1098: 1355
1099: 4797,2326,151
1100: 1608,841,4568
1101: 3984,241,3584
1102: 2011,2920
4444: 3877,2857,1732,2926
1104: 3523,4010,2199,3979,1503
1105: 1368
4798: 3578,481,1013
1107: 3183
4205: 
1109: 3903
1110: 382
1111: 3348,4313,2166,2240
1112: 3591,1044,4015,4497
1113: 2672,4447
1114: 3420,4360,3781
1115: 3675,4812,991,609
1116: 4193,4285,3571,2298,3200
1117: 
1118: 163,2471,2310,1319
1119: 1539,2958,2888
4047: 785,478,639
4043: 2892,504,2858,1859,4276
1122: 3046,2336,615,1859
1123: 1558,604
1124: 2338,3823,1734
1125: 4169,2868,1050,2331
1126: 4233,3628
1127: 58,4548,1695,3199
1128: 
1129: 3498
1130: 
4294: 1156
1132: 680
1133: 509,1678,709
1134: 2878,4517,2949
1135: 
1136: 2391,217,3314,4678,3609
1137: 
1138: 
1139: 4708,4158,1095
4747: 
1141: 1805,3825
4508: 4469,339
1143: 4783,4638
1144: 1217,1808,1798,4773
1145: 3508,4032,1747
1146: 750,4147,671,4367,2108
1147: 1811
1148: 963
1149: 1482,4808
1150: 844,15,1611,1212,575
1151: 425,1680,998,1858,4786
1152: 2541,1403
1153: 575,2746,15,1440,1896,3996
1154: 3783,2894,397
1155: 982,412,1910
1156: 3298,4294,3651
4725: 432,4789,2481,905,730
1158: 3356
1159: 
1160: 4132,154
1161: 4471,4601,4750,3592
1162: 1920,3172,2905
1163: 4529
1164: 1292,1814
1165: 34,3290,2928,1275,390,456
1166: 3815,3724,1866,1253
1167: 
1168: 4820,922,3714
4529: 1163
1170: 1904,317,3646,3854,4044
1171: 
1172: 1095
1173: 4396
1174: 2444,3138,4162,2581
1175: 4678,3379,4198,4149,2853
1176: 4586,3667,1067,4633,3290,1762
4219: 4616,3619,484,4580
1178: 4490,253,985
4628: 4333,1841,654
4392: 
1181: 116,4259
1182: 4373,4335,3276,4817
3967: 2445,577,3462
4443: 559
1185: 466,3061
1186: 3030,3699
1187: 667
4285: 1116,4332
1189: 3556,729,304
1190: 278,1056
1191: 3530,3932,298
1192: 1948,2205
1193: 
1194: 4671,3074,2213,528
1195: 499,2289,2447,2869
1196: 2654,363,4787,3015
1197: 3458,3950,3615,2470,940,1816
1198: 478,107,639,2109,3858
1199: 
1200: 2208,173,2526,3873,732,2857
1201: 466,1474,1956,4599
1202: 2314
1203: 896,3565,3916
1204: 984,4387,3384
4510: 4814,3921
1206: 3310,3339,344
4273: 4267,3440,3925
1208: 
4465: 692,1752,4332
4239: 1745,891,4088,4109,4752
1211: 2576
1212: 1150,2130
1213: 
4046: 1359,273
1215: 2209,4023,2210,3349
1216: 3018,736,2577,1917
1217: 2077,1144
4808: 1149,1911,4427,3026
1219: 963
1220: 4095,2387,2776,3320
1221: 
4316: 457,4595
1223: 2915,366,4705
1224: 1409
1225: 697,621,3525
1226: 2484,1940,2602
4483: 3383
4731: 
1229: 2174,4673,3302
1230: 1746,1776
1231: 2820,875,3236,2137
1232: 
1233: 
1234: 3336,2343
1235: 
4730: 4792,696,4127
1237: 
1238: 
1239: 
1240: 2769,4198,2853,1343
1241: 4615,2039,4806,4229
1242: 3327,119
1243: 493,2031,2474,102,4064
1244: 674,1763,4571
1245: 3552,3767,1048
1246: 
4133: 3504
4436: 2406
1249: 4323,2305,4002,2249
1250: 776,1799
1251: 4223
1252: 3029,2743,3344
1253: 2993,3724,2771,1166
1254: 3710,1714
1255: 3506
1256: 4384,3706
1257: 4263,1980,2607
1258: 2845,259
1259: 3182,183,1751,3719,3365
4290: 
1261: 4769,1516,939,1492,227
1262: 2373,4640,4398,1856,4499
1263: 695,948,3883,28
1264: 
1265: 1888,4003
1266: 4765
4528: 2774
4697: 370,1299
1269: 4817
1270: 2077,3103,2671,1428,1278,3921
4182: 4099,4575,792,3581
4797: 2264,3983,1399,2152,4363,1099,2326
1273: 3032
1274: 2179,4800,3594,3851
1275: 3156,1993,2928,456,1165
4197: 230,4608,628,1004
4788: 3965,4606
1278: 1428,907,4764,2671,1270
1279: 2931,2031,614,357,2474
1280: 1784,4103,418,4022,3175
1281: 2293,2207,2135
1282: 4796,1938
1283: 159,690
1284: 3268,3436
1285: 488
4660: 3496
1287: 1826,1477,4546
1288: 269,2985
1289: 1864,4767,4183,2021
4378: 3463
4145: 1096
1292: 1164
1293: 4030
1294: 2579,817,2270,1054,177,340
4591: 3766,3822,1884
1296: 
1297: 2881,473,4005
1298: 2517,1416
1299: 3467,4697,3544
1300: 104,3256
1301: 4158,3883,3132
1302: 3102,1463,2895,2128
1303: 2150,284
1304: 1088
1305: 4078,2941,3461
1306: 4818,413,2065
1307: 697
1308: 4677,3598,3749
1309: 
1310: 3191,4806,3479
1311: 329,79
4347: 1676
1313: 3536,2893,1965,4765
4055: 1806,1771
1315: 349,183
1316: 3252,2230,586,2698
1317: 3491,607
4506: 2533
1319: 965,3558,530,163,1118,2439
1320: 3994,794
1321: 
4581: 657,2074
4532: 2716
4186: 3907,3533,4065
1325: 1522,144,2135
1326: 4062,1397
1327: 2560
4763: 2534
1329: 2879,2908,1434
1330: 3876
1331: 2802,3145
1332: 1628,2944,1698
4596: 2372,3964,974
4522: 1535
1335: 
1336: 4247,3633,3100
1337: 3097
1338: 1093
1339: 1935
1340: 1729
1341: 2028,4049,4468,469
1342: 2094,787,1964,2719
1343: 1688,2853,1240
1344: 
1345: 2386
1346: 3451,3283,1738,4710
1347: 
1348: 2532,3506
1349: 2050,3952,2980,3813
1350: 3916,2991,2399,2368
3970: 2802,2029
1352: 
1353: 4781
4601: 4471,1161,3592,908
1355: 1098
4311: 447,787
1357: 
1358: 
1359: 4046
4332: 4193,4285,429,4465
1361: 90
1362: 1638,3578
1363: 203,3561
1364: 2469
1365: 2727,2244,3770
1366: 4403
1367: 3106,2991,4764,2368,1825
1368: 1105,4278
1369: 1630,3404,4644,85
1370: 3929,2493
1371: 4319,957,724
1372: 352,2695
1373: 4101,1853,2639
1374: 125,1913
1375: 271
4053: 3823
1377: 1546,4333
1378: 2511,3255,3494,591
1379: 4018,3995,125
1380: 2339
1381: 4116,1690
4207: 461,3723,593,4038
4278: 851,1589,1368
1384: 868,4251
1385: 2914,3443,2198
1386: 360,4497,3591,1086
1387: 
1388: 2959,1520,2888
1389: 3244
1390: 3826,1582,4472
1391: 2503
1392: 2814,3906,71
1393: 4655,3775,4505,188,536
1394: 3264,4805
1395: 1752,4272,3619
1396: 2010,2041,2999
1397: 1841,1326
1398: 927,3636,1454,2536
1399: 4797,2264
1400: 
1401: 1854,2574,2460,1829,4428,460
1402: 3632,1545,1825,1682
1403: 4035,1152,1466
1404: 410,2269
1405: 3785,968,4130,843
1406: 3347,3645,3080
1407: 3698
1408: 1826
1409: 1224,960
1410: 4318,3245,16
4382: 3527,3382,4009,4801
1412: 3379,652
1413: 1870,1838,2664,1090
4671: 408,1528,1194,2213,2230,528,406
1415: 1820,2593,1589
1416: 1480,1298
1417: 4654,4803
4115: 886
1419: 712,3005,1448,3268
1420: 2447,8,1096,2289
1421: 2007,295
1422: 329
4308: 3374,1780,3087,2357
1424: 2673,3125,3393
1425: 122,4016,4498
1426: 4802,441
4208: 144,4404
1428: 907,1278,1915,3921,1270
1429: 836,4030,3323
1430: 3672,223,2176,4020
1431: 1509
1432: 1973,972,1687
1433: 4525,3037,4760
1434: 1329
1435: 3092
1436: 3176,2339,2076
1437: 4417,3829
1438: 
1439: 3226
1440: 1896,3996,3382,1153,4491
1441: 3922,3009,2225
1442: 3742
4791: 2238
1444: 3740
1445: 3073,4820,1541,3553,1941
4648: 2996
4383: 2325,3650,403,4074,4440
1448: 3005,3268,1419
4372: 3869,4607
4089: 4751,1996
1451: 4267
1452: 4642
1453: 1994,2203,3915,4013
1454: 927,3636,1398,4810
1455: 1750,3372,446,2597
1456: 
4553: 2587,2142,3027,1915,2566
1458: 413,3052
1459: 451,832,4712,3335
1460: 2107,4314
4064: 1243,4388
1462: 2343,2598
1463: 1598,276,1302
1464: 2250,4069
4172: 374,973,3584,1501,541
1466: 3857,1403
1467: 1603,4792
1468: 1962
1469: 4823,3409,216,1880,265
1470: 2506,4177,2143,3450
1471: 3637,219,4815
1472: 1075,2784
1473: 2466
1474: 1956,466,1201,4727
1475: 3338,2712,553,1588
4200: 4179,2278
1477: 1287,4546,1802
1478: 4075
1479: 446,727,4822
1480: 3260,1416
4564: 2029,61,2585
1482: 1149,2573
1483: 2774
1484: 2023
4511: 
1486: 1759,4478
1487: 2086,437
1488: 4500
1489: 
1490: 
1491: 3451,583,4710,3047,2764,4213
1492: 1904,1261,2477,2456
4292: 2023,1066
1494: 2108
1495: 2656
1496: 1742,2952,3760,4086,2117
1497: 
1498: 
1499: 3331,4505
1500: 3776
1501: 3968,2683,4172
1502: 3448
1503: 3979,2955,4010,1104
1504: 4738,1776
1505: 
4636: 57,3009,2510
4531: 4451
1508: 1578
1509: 1431,1615,2430
1510: 3550,909,1927,4815,4139
4629: 2182,2582,2722,1748
1512: 3072,2637,2742,162
1513: 195,4760,2097,2342,2530
1514: 2643,3424
1515: 224,3173
1516: 4769,1261,3359,3016,939
1517: 
1518: 3136,913
1519: 2770,3658
1520: 1388,3054,2959,221
1521: 2573
1522: 1325,3714,3500,2135
1523: 
1524: 899,1787
1525: 
1526: 3439,567
1527: 4007
1528: 4671,408,4381,406,678
1529: 90
1530: 2091,4000,2917
1531: 
1532: 725,2794,155,124
1533: 
1534: 1076,2989,3409,4700,265
1535: 4522,680,47
1536: 4035
1537: 1912,4330,3239
4471: 1161,4601,908,2635
1539: 1119,2958,1063,3793,4623
1540: 312,3184,3620,4732
1541: 3048,2834,3073,1445,1941
1542: 1062,4417
4570: 
1544: 
1545: 2368,1825,1402,3616
1546: 1377,4333,3001
4428: 4077,1829,4617,517,4768,1401
4584: 1636,1721,4576,2229
1549: 3329,4236,75
4163: 628,708,2648,3603,2288
1551: 3027,99,4746,3774
4339: 874,2822,4309,4306
1553: 
1554: 
1555: 2498
1556: 4429,2746
1557: 
1558: 1123,1569
1559: 2890,2634,4018,3995
4424: 2726,4787,363,3136
1561: 1718
1562: 4391,3173,4252,3105
1563: 338,4196,221,3054,4668
1564: 2095,4653
1565: 1614
1566: 
1567: 964,668
1568: 
1569: 652,2969,1558,3314,2241
1570: 902,367,993,4122
1571: 2433,2727
4377: 3153,878,3546
1573: 1633,3966
1574: 4466,3662
1575: 904,1998,640
4088: 4239,4752
1577: 2607,936,428
1578: 4059,912,1508
1579: 3384,3083
1580: 3205,4779,4068
4749: 
1582: 4472,4295,1390
1583: 4733,4492,3709
3988: 4603,2147
1585: 773
1586: 2462,1744
1587: 73,3402
1588: 3878,553,2512,1475,2871
1589: 851,4278,1415
1590: 4803
1591: 3689
1592: 2695,3854,785
4353: 2960
4458: 2312,1640,4393,1047
1595: 486,4789
1596: 1914,2906,4493
1597: 4819,425,4058,867
1598: 640,1463,276
1599: 4079,3760,2712,3185,752
1600: 2350,1706,2272
1601: 799
1602: 3422,3736
1603: 1467
1604: 733,506,338,4196,3881
4033: 4814,2566,3027,3147
1606: 4416,4557,1842
1607: 3984,3575
1608: 1100,841,3611,315
4432: 
1610: 
1611: 844,15,1150,3416,575
1612: 2909,4796,749
1613: 706,4419,3377,3174
1614: 1565
1615: 1912,4330,2531,1509
1616: 33,3405,952
1617: 3519,1938,3445,4796
1618: 2383
1619: 4272,3836,4076,2072
1620: 3592,3825
1621: 3282
1622: 3513,3105
1623: 1631
1624: 4631,168,4503,4764,907
1625: 
1626: 938
1627: 3762,4405
1628: 1332,2944,3193,3903,1698,3265
4593: 2520,2515,2130,4119
1630: 1369,3824,2089
1631: 1623
1632: 4057,623,889
1633: 3966,1573,3910,3930,4367
1634: 703,3091
1635: 3118
1636: 4584,4698,4576
1637: 3781,3124,4096,2930,3596
1638: 3578,1362,4386
1639: 269
1640: 3002,4393,4458
1641: 2648,3603,2263,299,4658
1642: 889,4720,531
1643: 2900,3621,2603
1644: 1658
1645: 4543,3673,3642
1646: 3559,3353,3470,2851
1647: 34,3290,4323,4542,4633
4527: 3465,2752,345,3079
1649: 1970,4822,3109
1650: 966,3567,709
1651: 3679
1652: 
1653: 3253,3424,3617
1654: 1765
1655: 1798,4773,4210,2315
4778: 3418,3580
1657: 4703,2873,234
1658: 3851,3651,1644
1659: 2134,2658
4782: 3626,2160,3845,1782,3860,2536,3014
4548: 1127,1695
1662: 3181,2593,4108,2935
4376: 14,3164
1664: 3522,3017,2873
4766: 4185,3001,3618,4463,3557,2933,4631,168,3989
4259: 4009,1181,4801
1667: 2964,2446,2687,886
1668: 4814,1808
4820: 1168,922,1980,1445,3324,3553
1670: 331,2089
1671: 1892,2835,3725,3344,4107
1672: 
1673: 872,613,4441,4194
1674: 
4732: 1540,312
1676: 4347
1677: 697,219
1678: 1133,509,2771,2993,2677
1679: 3734,692,4159,484,4580,857
1680: 998,326,1151
4014: 473,2295,646,2911,2881
1682: 1402,4106,3021
1683: 3305
1684: 3780,4029
1685: 2764,229,599,3149
4655: 3775,1393,2272,2100,536
1687: 4222,1432,1973,744
1688: 2853,1343,2818,4678,3609
4555: 
1690: 1381
4572: 
1692: 3369,2243
1693: 4306,4309,3055,2856,3066
4301: 4579
1695: 4485,1127,4548
1696: 2723,4081
1697: 1868
1698: 3265,1628,1332
4734: 26
3985: 3266
1701: 
1702: 2217,627,897
1703: 852
1704: 3259,3962,877,2629,1919
1705: 3465,2752,415,4397
1706: 2272,2100,1600
1707: 3718,2476
1708: 3196,4667
1709: 4755
1710: 537
1711: 4559,3545,830
4371: 3084,2812
1713: 3333,1995,2293,2207
1714: 915,1254
1715: 3728,408,2070,239
1716: 
1717: 3631
1718: 1561
1719: 243,2649
4384: 1256,2439,3981,3604,3706
1721: 4584
1722: 3898,2229
1723: 71,795,912
1724: 3316,2332
1725: 2042,2519,2964
1726: 764,4549,3207
1727: 4291,1867
1728: 3743
1729: 1340,3576,418
1730: 2616,3806,2717
1731: 2134
1732: 4444,2926,1926,200
1733: 2659,1031
1734: 1124,2338,2093,3177
4127: 4792,4730
1736: 2417,1801
4109: 2934,4239
1738: 4710,1346
1739: 1016,755,789,3976
1740: 1009,598,549
1741: 4587,3202,3366
1742: 1496,2117
4356: 362
1744: 1586
1745: 891,4239,621,3525
1746: 1776,1230
1747: 739,1145,4032
1748: 2116,3919,1888,4629
1749: 2899
1750: 1455,3372,1836,2496
1751: 3719,2056,3182,183,1259,3365
1752: 2392,1395,4465,3619
1753: 1960,3809
1754: 3900,3945,718
1755: 
1756: 
1757: 3465
4736: 4656,4021,3015
1759: 1486
1760: 449
1761: 822
1762: 1034,3290,456,3667,1176
1763: 674,1244,4568
1764: 3428,2656,812,3843
1765: 1654
4517: 2878,1134,4524
1767: 4789,1084
1768: 483,3656
1769: 4784,670,3449,2553,399
1770: 2010,4658,4449
1771: 4244,4722,4055
1772: 
1773: 4092
1774: 585
1775: 4637,1046,710
1776: 1746,1230,1504,4490
4466: 4410,3662,364,1574
1778: 3509,2849
1779: 4224,4296
1780: 3374,4308,4190
3979: 1503,3755,2955,1104,1022,417
1782: 2160,3845,4225,4782
1783: 2119,3310,4337,551
1784: 1280,4103,834
1785: 647,411
1786: 772,2985
1787: 2424,4119,1524
1788: 2660,1878
3980: 
1790: 1971,4470,636
4744: 4393,3119
1792: 
1793: 1065,4288
1794: 292,304,4640
1795: 1845,3536,2375,3846
1796: 2045,4813
1797: 
1798: 4773,1655,1144,2315
1799: 776,2862,1250
4398: 3283,1856,1262,4499
1801: 2417,1736,322
1802: 4546,1477
3978: 370
1804: 617
1805: 540,1141
1806: 1917,4055,17,4244
1807: 
1808: 1668,1144
1809: 3398
4649: 4354
1811: 1147
1812: 3459
1813: 4795,3377
1814: 87,2913,1164
1815: 2707,2954,3957
1816: 1903,2164,3615,1197,3458
1817: 3394
1818: 
1819: 683,4679,111
1820: 1415,2935
1821: 
1822: 1871
1823: 3560,759,4768,4717,336,3567
1824: 3239,431,27,980,2531
1825: 1545,2368,2991,1367,4764,1402
1826: 1287,2524,1408
1827: 4129,2839,4051
1828: 3678,2525
1829: 4077,4428,4768,1854,2574,1401
1830: 
1831: 4248,589
4819: 425,1597,867,1858
1833: 2907
4016: 681,1425
4355: 3680,1947,3100
1836: 2597,4071,3981,1750,2496
4473: 42
1838: 4686,2664,3875,1413,1090
1839: 1082,4812,2107,3641,39
1840: 134,2615,4767,166
1841: 1397,4628
1842: 2714,1606
4559: 1711,3545,830,4719
1844: 2241,2391,726,2872,3044
1845: 1795,4765,3522
1846: 2912
4136: 2143,4164
4684: 2094
1849: 4238,4086
1850: 4486,2769
4206: 2680,4117
1852: 2598
1853: 1373,4101,3178,4700,1076
1854: 4189,2574,1401,1829,4768,3560
1855: 909,664,3412
1856: 4398,3283,2373,1262,333
1857: 
1858: 4786,1151,4819,425
1859: 615,1122,4043
4286: 2533,2720,4462,3218
1861: 
1862: 2185,3275,3986
1863: 3419,3007
1864: 1289,4221,3081,3975,2080
3998: 698,2815,4812
1866: 1166,2348
1867: 1727,4291,917,2288
1868: 1697,4403,2454
1869: 1040
1870: 1413,2581,1090
1871: 4416,1822
1872: 2994
1873: 2324,172,3078,2805
4293: 2875
1875: 3634
4199: 2851,2734,2129,12,588
3987: 4173
1878: 270,2660,108,1788
1879: 725,3795,2794,282
1880: 2145,265,1469,216
1881: 3915,2751
1882: 198
1883: 4777,443
1884: 4591,3822,3886
4768: 3115,4249,311,1025,4077,1829,4428,318,2465,1854,4189,1823,3560,759,4300,4717
1886: 864,712,3922,3582,3785,643
1887: 2979,3773,4379,2503
1888: 1265,3919,2582,1748
1889: 
1890: 3189,4098
1891: 3928
1892: 1671,2835,3344,756
1893: 4588,518,4577
1894: 
1895: 2783,2405,2146
1896: 1440,3996,2746,1153,3911,4491
4057: 623,1632,11,3956,2665
1898: 758,2500
1899: 
1900: 3867,774
1901: 4068,4779
4661: 2268
1903: 1816,2164,1053,3615
1904: 1492,1170,4044,2456
1905: 4243,4547,3416
1906: 4500,4456,214
1907: 3763
4599: 3552,1201,1956
1909: 4334,4724,2313,3485,900,2429
1910: 3600,2757,1155
1911: 3752,4808
1912: 4330,1537,1615,2531,3239
1913: 2093,1374,125
1914: 2906,4146,1596,3155
1915: 1428,907,3921,4503,2587,4553,2566
1916: 2786
1917: 1806,736,1216
1918: 2149,2424,3871
1919: 2629,1704,3259,263,4728
1920: 1162,4746,3172,99
1921: 2294
1922: 543
1923: 
4018: 1379,2634,1559,3995
4306: 1693,874,2822,4339,436
1926: 2926,4144,1732,200
1927: 1510,3550,3637,3353,3470
1928: 
1929: 4220
1930: 4266,112
4081: 2723,1696,2131,3398
4618: 414,3648,3629,807
1933: 3414,2767,4099
1934: 
1935: 897,1339
4020: 4253,1430
4328: 3145,4153
1938: 3445,1617,1282,4796
4002: 2872,3044,3886,1249,4542
1940: 2636,3149,1226
1941: 3553,1445,1541,3048
1942: 3482,2285
1943: 4147,4406
1944: 964,668,375
4783: 1143,4638,2682
4406: 3299,1982,750,4147,1943
1947: 3736,4355,4019
1948: 1192,2165,3564
1949: 4110,762,2724,1054,817
4502: 2144
1951: 
1952: 2866,3203
1953: 2475
4822: 4573,3350,1479,727,1649,1970,775
1955: 2303,2540,3691
1956: 1474,1201,4599
1957: 802,4784,4101,3178
1958: 423
4767: 2615,4183,131,3709,2206,1840,3081,2021,3534,1289
1960: 1753,3121,4387
1961: 713,4653,3565,547
1962: 1468
4189: 1854,4768,3560,3908
1964: 2719,1342,3423
1965: 2823,4481,4765,1313
4499: 255,3395,1262,4398
4803: 1590,1417
1968: 13,565,3426,3109
4795: 1813
1970: 1649,4573,4822,2608
1971: 1790,1047,4470
1972: 3488,3756,971
1973: 1432,2496,1687
1974: 3951,2362,791,3339,3310
1975: 2435
1976: 2999
4000: 1530,3924
1978: 
1979: 1061,4117,186,4592
1980: 4820,1257,3324
4116: 1381
1982: 3299,4406,528,2280,3074,750
1983: 3792,790,4762
1984: 
1985: 1046,540,3825
4714: 4758,358,3361
1987: 2176,4069
4755: 895,1709
1989: 
4482: 1075
1991: 976,3677
1992: 3221,757
1993: 2928,1275,2672,747
1994: 1453
1995: 655,1713,2293,4404
1996: 4751,4089,2693
1997: 3897,2828,4699
1998: 1575,491,2128
4816: 3429,2638
4117: 1979,1061,186,4206
2001: 3532,906,3983
2002: 3326
4480: 4794
2004: 3267,3786,2749
4263: 3050,1257,421
2006: 4792
2007: 1421,2739
2008: 4203,4748,2554
2009: 2744,3511,169
2010: 1396,299,2999,1770,4658
2011: 1102,2920
4226: 2039,3779,4806,2830
4639: 2187,3587,4217
4160: 533,2876,4699,990
2015: 4785,3019,256
2016: 
2017: 4419,3443,2198
2018: 4143
2019: 3893,2082
2020: 659
2021: 3081,3534,4767,4183,1289
2022: 3090
2023: 4292,1484,1066
2024: 167,2350
2025: 
2026: 3694,693,2923,2300
2027: 4017,4772,2689,3321
2028: 1341,4049,3148,4304,3801
2029: 4564,890,61,3970
2030: 3342,4807
2031: 2931,1279,357,2474,1243
4625: 2327,3977,3612,2426
4381: 155,406,4161,1528
4077: 1829,4617,4428,318,311,4768
2035: 4274,987
2036: 2159,520
2037: 21
4164: 4136,510
2039: 4226,4449,1241,4806
2040: 4245
2041: 419,1396
2042: 1725,2147,2223
2043: 6,3150,3002,490,3388
2044: 2781,3687,199
2045: 1796,4813
4102: 2477,2456
2047: 860,4509
2048: 3374,3962
2049: 112
2050: 3952,1349,2709
2051: 3896,2918
2052: 2820,964
2053: 4712,4709,4138,702
2054: 3326,4344,3291,4539
2055: 2322
2056: 433,493,160,3182,1751
2057: 4748
2058: 
2059: 3595,2679
2060: 2407
2061: 655,309
2062: 3756,365,3484,859,4451
2063: 2644,722,4058,552,4423
2064: 3226
2065: 1306,4818
2066: 2083
2067: 225
4279: 2518,3388,2351
4716: 3632,1018
2070: 239,1715
2071: 152,4565
2072: 297,1619,4076,2372
2073: 4168,3330
2074: 4581
2075: 2474,102,2182
2076: 3202,1436,2986
2077: 3103,1270,1217,1018
2078: 3012,497,284
2079: 3833,983
2080: 3715,3975,3071,1864,4221
4656: 4736,914,3231
2082: 2019,4608
2083: 3669,2066
2084: 2356,454
4779: 3205,1580,1901
2086: 1487,437
2087: 3077,624
2088: 2270,1054,3190
2089: 3824,1630,3404,1670,331
2090: 3279,2161,3454,193
2091: 1530,2876,2917
2092: 
2093: 1913,1734,3177
2094: 1342,4684,2950
2095: 1564,3767,1048
2096: 
2097: 3278,4760,1513,2342
2098: 2266,726,3044,3287
2099: 2501
2100: 1706,2272,4655,536
2101: 402,4701,2495,3476
2102: 3935,1092
2103: 
2104: 3845,4414
2105: 4445,2384
2106: 3298,4800,3943
2107: 1460,3641,39,4812,1839
2108: 1494,1146
2109: 107,1198,4094,3858
4721: 3386,669,3664
2111: 
4125: 4809,2818,2698
4805: 253,4321,4535,1394,3264
4686: 1838,2664,438
2115: 3758,110,4589
2116: 1748,2961,3510
2117: 4079,1742,1496,3760
2118: 3598,3270
2119: 1783,3251,3583,551,4048
4248: 1831,589
4447: 3112,1113
2122: 
4765: 1845,1266,1965,1313,3536
2124: 
2125: 2277
4380: 56,3489,3433
2127: 3793,4623,1069,3667,3315
2128: 134,1998,1302,3102
2129: 3351,2655,3559,4199,588
2130: 2515,1212,2520,4593
2131: 4085,3398,4081
2132: 
4159: 692,484,3734,1679
2134: 1731,1659
2135: 3500,1281,1522,1325
2136: 3357,2350
2137: 3236,3524,2820,1231
2138: 3279,4683
2139: 
2140: 4198,4149,2655,576
2141: 3505
2142: 2587,2732,4553,3027,99
2143: 4136,2506,1470
2144: 4502
2145: 1880
2146: 2783,4083,1895
2147: 2042,2833,3988
2148: 2360,3945
2149: 1918,466
2150: 2841,1303,2153
2151: 2158,2237,738,2934
2152: 3144,4363,4318,4797,4597
2153: 2841,2150
2154: 2257,2159
2155: 72,3958,455,3069
4091: 
4361: 
2158: 2237,2151,738
2159: 520,2154,2036
2160: 3845,1782,4782,3860
2161: 3454,2090
2162: 4799,3472
2163: 
2164: 1903,1816
2165: 823,3167,1948
2166: 2240,2332,31,1111
2167: 4397,556
2168: 3722,40,593
2169: 
4386: 2908,1638,2379
2171: 3553,2761,2836,4276
2172: 
2173: 2699
2174: 1229,2901,3302
2175: 3934,930,3153
2176: 1987,223,1430
2177: 
2178: 531,3800,559,3794
2179: 1274,3791
4802: 1426,1078,2641,790,441,4745,4054
4746: 1920,3172,1551,99
2182: 4629,2722,2075
4111: 3924,672
2184: 391,2781,4231
2185: 1862,1009,1091,3275
2186: 3520,240,1033,7,2925
2187: 4639,4217
4762: 2737,1983,3792,532,2981,3242
3981: 2597,4071,3604,1836,2439,4384
4233: 3628,1126,2740
4498: 4787,1425,2547,3821
2192: 
2193: 919,4237,3152
2194: 2782
2195: 3590,2779
2196: 4302,4427
2197: 2948
2198: 3443,1385,2479,2017
2199: 3734,4010,857,1104
2200: 3512,3799,820,3411
2201: 2692,2740
2202: 
2203: 251,192,1453
2204: 3201
2205: 3456,1192,2866
2206: 4492,3709,717,4767,3534
2207: 2293,1281,3227,3333,1713,699,2344
2208: 1200,173,2749,2403,2857
2209: 1215,4023,565,3426
2210: 1215
2211: 738,2934
4403: 1366,648,1868
2213: 3252,2230,4671,1194
2214: 119
2215: 482,4463,3989,2732
4132: 154,1160,690,923,514
2217: 627,1702,3890
4461: 4214,3693
2219: 2586
4650: 3201,669
2221: 381,2428,803
2222: 4751,2693,43
2223: 3494,591,19,3057,2042
2224: 3975,2426,3071,717,110
2225: 3009,1441
2226: 1024,76
4017: 2027,4772
2228: 642
2229: 4576,22,4584,1722
2230: 2213,1316,4161,4671,406
2231: 
2232: 3368,407,2404
2233: 4155,3927,3869
2234: 523
2235: 
4814: 4033,2566,4510,396,3921,3147,2987,1668
2237: 2158,2151,4362
2238: 4791
2239: 3051,784,3168
2240: 2166,1111,2691
2241: 1844,1569,2391,3314
2242: 4645,2909,3089
2243: 3810,2261,1692,2666
2244: 1050,2331,3931,75,1365
4379: 3773,1887,2290
2246: 170,357,2722,2474
4470: 636,1971,1790,1047
2248: 
2249: 3287,1249,2305
2250: 1464
4038: 2478,4207,3723
2252: 3407,2370,2784,1075
4489: 
4613: 3664
2255: 
2256: 2616,826,165,403,4074
2257: 2154,485
4615: 816,1241,2263,3733
2259: 
2260: 
2261: 2243,3810,2666
4345: 3278,2342,3849,3562
2263: 1641,3603,3733,4658,4615
2264: 4797,1399,4363
4588: 3706,518,1893
2266: 726,2098,282,3795,3044,3287
2267: 
2268: 4661
2269: 3100,4019,1404
2270: 2088,1054,177,1294
2271: 
2272: 1706,2100,4655,3775,1600
2273: 
2274: 4098
4128: 3556,4369,200
2276: 
2277: 2125,4334,4724
2278: 1094,4179,4200
2279: 18,459,4118
2280: 3930,671,4235,3074,1982
4565: 152,2071
2282: 3247
2283: 
2284: 278,714
2285: 1942
2286: 431
2287: 2429
2288: 3733,4163,708,3603,1867
2289: 1195,499,1420
2290: 4379
2291: 4105
2292: 3472,2440,2869
2293: 2207,1281,3333,1713,1995
2294: 1921
2295: 4014,646
2296: 266
4283: 257
2298: 3674,3640,3571,1116
2299: 
2300: 326,3116,2026,693
2301: 965,3558,1031,4569
2302: 4453,2436,249
2303: 1955,2540
4299: 119,2396,3327
2305: 4323,1249,2249,2646
2306: 3460,397
2307: 782,343
2308: 3686,2785,3607
4138: 4709,2374,2416,702,2053
2310: 2471,332,4218,1118
2311: 3763,4244,4722
2312: 4458,856,4393
2313: 4334,1909,3485,633
2314: 1202,4604
2315: 4210,1798,4773,1655
4343: 200,2568,246
2317: 
4551: 3623,2750
2319: 17,2493,3545
4606: 4788
2321: 2886,423
2322: 2055,2406
2323: 
2324: 1873,3868,3078
2325: 334,4383,4440
2326: 151,4797,1099
2327: 4625,3977,717,2426
2328: 
4597: 4422,4318,2152,3144
4616: 4219,3619,2819
2331: 1050,2244,4169,1125,75
2332: 2166,1724
2333: 3953,2880,2883
2334: 2844
2335: 3807,1059,2647
2336: 978,615,1122
2337: 3363,2348,4154
2338: 1124,3197,1734
2339: 1380,4518,1436
4180: 97
2341: 
2342: 3849,1513,2097,4345
2343: 3336,1234,1462
2344: 699,4282,2207
4760: 3037,1513,4525,1433,2097
2346: 2443,3335,451,3483
2347: 4312,612,3418
2348: 2337,1866
2349: 
2350: 1600,2024,2136,167
2351: 906,3388,3150,2518,4279
2352: 569,681,3069
4418: 2366,4153,196
2354: 
2355: 4397,556,2683,4093
2356: 2084
2357: 511,789,3087,4308
4282: 2344,1072,3292
2359: 4540,2459,3951,791
2360: 2148,718
2361: 4342,86
2362: 1974,3951,2459,3339
2363: 3502,3726
4105: 2291
2365: 4348,3566,2831,949
2366: 4776,4418,196
4505: 188,1499,1393,89
2368: 1545,1825,1350,2991,1367
2369: 349,4274
2370: 3407,2252,1075
2371: 77,532,2842
2372: 4596,2072
2373: 4640,1262,1856
2374: 2416,4138,100,702
2375: 1795,3536
3977: 2327,4625,580,4492
2377: 2947,3745
4667: 4785,1708,2673
2379: 635,4386,2908
4761: 963
2381: 
2382: 
2383: 1618
2384: 4445,2105
2385: 2751
2386: 1345
2387: 4095,1220,3309,3320
2388: 2546
2389: 
2390: 
2391: 217,1136,3314,2241,1844
2392: 404,1752,4135
2393: 4659,1073,4241
2394: 2653,2705
2395: 2476
2396: 4299,381,3327
4106: 350,3021,1682
4764: 149,1624,4631,168,3106,2991,1367,907,1278,1825,858
2399: 3106,2991,896,149,3916,1350
4373: 1182
2401: 2560,1079
2402: 2630
2403: 3267,2208,2926,4144
2404: 407,2232
2405: 2783,1895
2406: 2322,4436,594
2407: 2060
4579: 4301
2409: 4167,468
4238: 3769,2570,1849
4467: 
2412: 2897
2413: 
4135: 1042,2392
2415: 2795
2416: 2374,937,417,4138
2417: 1801,1736
2418: 1017,4690
4040: 4216
2420: 3839,461,3723,246
4662: 2631,39,1082,4812,2829,3000,991
3961: 
2423: 405
2424: 1787,508,1918,3871
2425: 
2426: 2224,717,2327,4625
4643: 153,4726
2428: 381,2221
2429: 2287,1909,3485,900
2430: 1509,0,2499
4758: 4714
4007: 1527
2433: 1571,3931
4072: 758,2500
2435: 1975,2976
2436: 249,2302,3757
2437: 4530,368,3317
2438: 158
2439: 163,3948,965,1319,2597,3981,4384
2440: 3472,2292,2869,60
4230: 2643
2442: 4252
2443: 2346,3335,4712
2444: 4740,1174,3138,747
2445: 3441,3056,577,3462,3967
2446: 1667,2687
2447: 1420,8,1195
4298: 2831
4229: 4806,1241
2450: 822,4326,4696
4225: 1782
4224: 1779,3731,918
4250: 273,3394,2843,3633
2454: 1868
4520: 3565,3761
2456: 2477,4102,1904,1492
2457: 4262,4813,2675
4184: 3624,141
2459: 3951,2362,2359
2460: 1401,550,3908
4587: 590,1741,4141
2462: 1586,3749,3598
2463: 502
4079: 2117,604,1599
2465: 3115,4768,4249
2466: 1473
2467: 
2468: 4097
2469: 1364,2513
2470: 3453,940,3615,1197
2471: 2310,673,931,4218,1118
2472: 516
4260: 3780,3647,808,482
2474: 2075,102,2246,357,1279,2031,1243
2475: 320,2832,1953
2476: 2395,1707
2477: 4102,2456,1492,486
2478: 4038,733,3173
2479: 2198
4369: 3556,4128,100
2481: 1084,2753,4789,4725,905
2482: 
4297: 658,3019,2552
2484: 4705,3047,4213,1226
2485: 4642,3151
2486: 371
2487: 756,4793
2488: 508
2489: 
4363: 2152,4318,4797,2264
2491: 571,2546
4709: 832,4138,937,2053
2493: 2319,17,1370
2494: 4107,3698,3184,2835,3620
2495: 3476,2101
2496: 1973,1750,4071,1836
4810: 1008,1454
2498: 1555
2499: 0,2430,4395
2500: 4072,1898
2501: 616,2636,2099
4408: 3855,3958,455
2503: 1391,1887
4787: 4498,2547,363,1196,3821,2726,4424
2505: 
2506: 1470,2143,3602
2507: 
4740: 2444
2509: 
2510: 3623,453,4691,4636
2511: 1378,601,1011,3255
2512: 3225,3878,1588,2871
2513: 2469
4096: 701,2930,1637,3596
2515: 4429,2130,4593
2516: 2828,3607
2517: 1298,361
2518: 4279,906,2351,3006
2519: 2964,1725
2520: 2130,4593
2521: 2656,573,507
3990: 
2523: 4062
2524: 1826,3369,4546
2525: 3678,1828
2526: 4450,3873,1200,3722,732,4536
2527: 
4147: 750,1146,4406,1943
2529: 
2530: 195,1513
2531: 1912,4330,1615,1824
2532: 1348,2954
2533: 4286,4506
2534: 4763
4065: 3533,4186
2536: 3860,4782,3014,1398
2537: 3415,16,2931,4422
2538: 2559,612
4568: 1763,1100
2540: 2303,1955
2541: 1152,434
2542: 2880
2543: 3848,4241,243,2649
2544: 3261
4513: 11,2601,3956
2546: 2491,2388
2547: 569,4787,4498,3821
2548: 3378
4703: 1657
2550: 
4474: 3052,2884
2552: 4785,3019,4297
2553: 3199,3232,670,1769,3449,399
2554: 2008
2555: 
2556: 337
2557: 435,4126
2558: 64
2559: 4312,2538
2560: 2401,1327
4144: 2926,1926,3267,2403,3755
2562: 4540
2563: 
2564: 
2565: 2653
2566: 4814,4033,4553,3027,1915,3921
2567: 3466,3952
2568: 246,4343
4422: 4597,16,2537
2570: 4190,247,3195,4238,3769
2571: 439,2882
4291: 1727,364,1867
2573: 1521,1482
2574: 1854,1401,1829
2575: 
2576: 1211,513,757
2577: 736,3160,3018,1216
2578: 614,4421
2579: 1294,817,49
2580: 3915,202,4013,665
2581: 1079,1870,1174,3138
2582: 2635,2722,1888,4629
3994: 1320
2584: 2680
2585: 2885,4564,3213,321
2586: 2219
2587: 4503,2732,2142,4553,1915
2588: 3038,4737
4066: 4267
2590: 2689,3912
2591: 4364,707,2971,3493,3867
4362: 3018,113,2237
2593: 1662,3181,1415
4469: 3768,4508,122
4481: 1965,2823,2877
4253: 4020,1093
2597: 3981,1836,2439,3948,1455
2598: 1462,1852
2599: 1034,3391,18,4455
2600: 111,2649
2601: 4513,3856
2602: 616,1226,2636
2603: 3621,1643,2633
2604: 223
4454: 3457,391
4146: 1914,2906,3155,1043
2607: 1577,1257
2608: 292,1970
2609: 1095,3132
2610: 4641,4296,1
4052: 3389
2612: 3390,3085,4675
4019: 1947,2269
2614: 3869,3932,3927
2615: 4767,4183,1840
2616: 2256,826,3806,1730
2617: 
2618: 
2619: 3057,2833
2620: 3675
4496: 3061
2622: 
2623: 
2624: 2651
2625: 2667,1006
2626: 
4244: 1771,4722,1806,17,2311
2628: 2667,1006
2629: 576,877,12,1704,263,1919
2630: 169,2402
2631: 39,203,4662,1082,3561
2632: 
2633: 228,2603
2634: 2890,1559,4018
2635: 2582,2722,4471
2636: 1940,2501,616,2602
2637: 1512,2742
2638: 4816,3429
2639: 670,1373
2640: 4083,984,693,3116
2641: 790,1078,4802,4745
2642: 270,1040,766,108
2643: 4230,1514
2644: 2063,4058,2922,4423,998,425
2645: 3060
2646: 1063,2305,3827,2958
2647: 1059,2335,3351
2648: 1641,3603,3183,4163,299,2793
2649: 1719,2543,4479,2600
4450: 2526,3873,3844,4536
2651: 46,2624
4536: 3722,4196,2526,4450,506
2653: 2394,2565
2654: 363,1196,3015,3891
2655: 3351,2129,588,4486,2140
2656: 1764,3428,2521,1495
4097: 2468,4780
2658: 1659,393,3772
2659: 1733,2669,3558,1031
2660: 270,3139,1788,1878
2661: 
2662: 3322,3835
2663: 2992
2664: 1838,4686,438,1413
2665: 113,11,4057
2666: 696,2243,2261
2667: 2625,1006,2628
2668: 
2669: 2659,436,874,3832
4360: 3420,305,1114
2671: 3103,1270,1278,858,3632
2672: 1113,1993,2928,747
2673: 1424,3125,4785,4667
2674: 3222
2675: 4262,2457,522
2676: 4698,3079,3046
2677: 769,509,1678
4425: 
2679: 3918,2059
2680: 4206,2584
2681: 
2682: 4783,4638
2683: 1501,3968,3575,2355
2684: 4504,369,613
4472: 1582,1390
2686: 3548
2687: 1667,2446
4329: 3451,3283,3395,3432
2689: 3321,2590,2027
4486: 1850,2769,3351,2655
2691: 980,2240,966,27
2692: 2201
2693: 388,4504,43,2222,1996
4672: 
2695: 3859,4346,1372,1592
2696: 4214,256
4056: 4268
2698: 4161,4125,2818,1316
2699: 2173
4168: 2073
2701: 
4059: 1578,912
4670: 853,189,610
2704: 3566,1070,2831
2705: 3960,1074,2394
2706: 3635
2707: 1815,2954,3957
4776: 2366,4166,4004
2709: 2050,3952
2710: 286
2711: 340,902
2712: 3338,1475,3760,1599,3185
2713: 
2714: 1842
4152: 3678,73
2716: 3824,4532
2717: 3228,1730,4644
2718: 
2719: 1964,447,787,1342
2720: 4286
4365: 
2722: 2582,2635,2246,2182,4629
2723: 4081,1696,4085,4741
2724: 3190,1054,952,4110,1949
4627: 4815,4139,3328,1016
2726: 3821,4424,4787,363
2727: 1365,1571
2728: 
4421: 2578,170
4252: 2442,4165,1562
4354: 52,4649,3526
2732: 4503,2587,2142,2215,3989
2733: 
2734: 2851,4199,877,12
2735: 3576
3968: 1501,2683,541
2737: 487,3792,4762
4348: 801,8,2365
2739: 2007,3246
2740: 4233,2201
4098: 2274,1890
2742: 162,2637,1512,813
2743: 3029,1252,3344,756
2744: 2009
4678: 1175,1688,2853,3609,1136
2746: 575,1153,3911,1896,1556
2747: 
2748: 3935,1092
2749: 2208,173,3786,2004
2750: 3005,4551,3513
2751: 2385,202,1881
2752: 3465,1705,4527,345,415
2753: 1084,2481,4809
2754: 4657,3221
2755: 
2756: 1010,4711,873,283,463
2757: 1910,4754,982
4280: 3496,438,579
2759: 4806,4312,3191,3418
4213: 2764,1491,3047,2484
2761: 2171,2836
4191: 
2763: 876
2764: 1685,4213,229,3451,1491
2765: 
4167: 2409
2767: 1933
2768: 3108
2769: 1850,4486,1240,190,4351
2770: 1519,3658,647,953
2771: 3724,3908,205,2993,1253,1678
2772: 3999
2773: 2866
2774: 1483,4528
2775: 914,689
2776: 316,4095,1220
2777: 861
4227: 
2779: 2195
4367: 3930,671,1633,1146
2781: 2044,2184,391
2782: 2194
2783: 2405,2146,1895
2784: 2252,1472,1075
2785: 2308,3686,3431
2786: 1916,4738
4214: 4461,2696,256
2788: 4535,983
4201: 3689,3144,525
2790: 654,3618,3446
2791: 
2792: 4166,542,121
2793: 299,3183,2648
2794: 725,3795,1532,1879,124
2795: 2415
2796: 3442
2797: 
4549: 1726,707,3207
2799: 
2800: 384
2801: 
2802: 61,3970,1331
2803: 41,3564,3456
4215: 294,4789,432
2805: 1873,3078,876
4009: 4259,4801,4382
4029: 3780,1684,482
4312: 2559,2347,4806,2759,3418
2809: 3262,207,2823,4509
2810: 3129
2811: 
2812: 2893,4371
2813: 3731
2814: 4223,1392,71
2815: 819,4707,4812,3998
2816: 3533,4491
4573: 3350,4822,1970
2818: 4125,1688,2698,933
2819: 4272,3836,4616
2820: 2052,1231,2137
2821: 351,3194
2822: 874,3471,4121,4339,4306
2823: 1965,4481,2877,2809,3262
2824: 880
4171: 
2826: 4027,3521
4690: 1017,2418,3362
2828: 2516,1997,4699
2829: 3561,4662,3000
2830: 3479,4226,3779
2831: 949,2365,2704,3566,4298
2832: 320,641,2475
2833: 3057,2619,2147,3676
2834: 1541,4739,848,927,3636,3073
2835: 1892,1671,3184,3725,4107,2494
2836: 4276,2171,2761,21,504
2837: 
2838: 
2839: 3158,1827,4051
2840: 3077,3555
2841: 2150,2153
2842: 532,2371
2843: 3633,4250
2844: 4607,2334,3899
2845: 1258,259
2846: 
4446: 4566,3695
2848: 3076
2849: 3255,1778,4402
4032: 1145,3508,739,1747
2851: 4199,2734,1646
4738: 1504,2786
2853: 1688,1343,1240,4198,1175,4678
4633: 1067,1176,4323,1647,34,3290
2855: 
2856: 3055,1693,3066
2857: 4444,3877,2208,1200,732
2858: 2892,4043,4698,4576
2859: 3182,160,4388,349
4452: 
2861: 3447
2862: 776,1799
4094: 1059,3858,2109
2864: 235,3436,4100
4195: 3458,3950
2866: 1952,2773,2205
2867: 
2868: 1125
2869: 2292,2440,1195
4118: 66,2279
2871: 3878,1588,2512
2872: 4002,3044,3886,1844
2873: 1664,3017,1657
2874: 
2875: 4293,116
2876: 4160,4699,2091,2917
2877: 3669,2823,4481
2878: 1134,4517,3102,4524
2879: 1329,2908
2880: 2333,3953,2542,2883
2881: 1297,473,4014,646,4005,2957
2882: 439,2571
2883: 3686,2333,2880
2884: 4448,4474,4692
2885: 2585,321
2886: 2321,3434
4792: 4730,1467,2006,696,3028,4127
2888: 3844,1119,1388
4668: 3882,3054,1563,221
2890: 2634,1559
4366: 3444
2892: 4043,504,2858,4576
2893: 1313,3536,3764,2812
2894: 3783,1154
2895: 529,182,1302
4221: 1864,2080,3715
2897: 4704,4780,2412
4491: 2816,558,3382,1440,1896
2899: 1749
2900: 1643
2901: 2174
2902: 4818
2903: 
2904: 145
2905: 3084,1162
2906: 1914,4146,1596,4493
2907: 847,1833
2908: 2879,1329,4386,2379
2909: 1612,2242,4796
4393: 4744,1640,2312,4458
2911: 3506,3065,4014
2912: 779,1846
2913: 3718,87,1814
2914: 3443,1385
2915: 1223,3124,4129,3649
4737: 516,2588,3038
2917: 2876,2091,1530
2918: 564,479,2051
2919: 85,3228
2920: 2011,1102
4397: 556,2355,2167,1705
2922: 2923,3302,4423,2644
2923: 2922,2026
4131: 839,3750
2925: 7,240,2186,973
2926: 1926,4144,2403,4444,1732
2927: 
2928: 1993,1275,390,2672,1165
2929: 3466
2930: 701,4096,4130,1637,3781
2931: 1279,2031,3415,2537
2932: 470
2933: 149,4766,4185
2934: 2211,4109,738,2151
2935: 1820,1662
4114: 3063
2937: 
2938: 
2939: 3762,572
2940: 
2941: 3333,3461,1305,3479
2942: 644,3129
4235: 730,3074,432,2280
2944: 1628,1332,3193,3606
2945: 3060
4809: 4125,2753,190,4351,586
2947: 3745,2377
2948: 238,2197
2949: 3102,134,1134
2950: 2094
4576: 2229,2892,2858,1636,4584
2952: 3760,4086,1496
4726: 3225,4643,633
2954: 2707,1815,2532
2955: 3979,1503
2956: 4742,4722
2957: 849,4005,1037,2881,646
2958: 1119,1539,3827,2646,1063
2959: 1388,1520,3844,221
2960: 4353
2961: 2116,4685,3510
4547: 4243,1905,4801
2963: 962,4162,3112
2964: 1667,2519,1725
2965: 3601,4015,3648
2966: 400
4713: 1093,1033,3732,7,36
4068: 1901,1580
2969: 652,1569,3314
2970: 3939
2971: 2591
2972: 3085
4113: 2980,3373,4818
4571: 1244,1017
4013: 3915,2580,1453,665
2976: 2435
2977: 4759,535,3401
4707: 3641,819,743,2815,4812
2979: 1887,3773
2980: 4113,3813,1349,3373,4818
2981: 3242,4762
4370: 
2983: 
4586: 3667,1067,1176,4623
2985: 4790,1786,1288
2986: 4468,469,3202,2076
2987: 3147,396,4754,4814,3600
2988: 
2989: 1076,1534
2990: 3292,91
2991: 3106,2399,1367,1350,4764,2368,1825
2992: 3,2663
2993: 1253,3724,2771,1678
2994: 1872
2995: 
2996: 4648
2997: 
2998: 861
2999: 1396,2010,1976
3000: 991,609,4662,2829
3001: 4766,1546,3618,3557
3002: 1640,490,2043
4141: 529,182,3011,4587
3004: 3469
3005: 2750,1448,712,1419
3006: 2518
3007: 481,3578,1863
3008: 
3009: 57,4636,2225,1441
4796: 1282,1617,1938,3445,2909,1612,4374,749
3011: 3202,4518,4141
3012: 2078,497,284,4595
3013: 211
3014: 3959,4782,2536
3015: 4021,4736,2654,1196
3016: 939,4288,1516
3017: 1664,3522,561,2873
3018: 4362,1216,3160,2577
3019: 4785,2015,4297,2552
3020: 4368,3195
3021: 4106,1682
3022: 288
3023: 
3024: 4497,308
4192: 526,3885
3026: 3038,4808,3752
3027: 1551,99,2142,4553,4033,2566
3028: 4792
3029: 1252,2743,3091
3030: 3699,1186
3031: 
3032: 3486,1273
3033: 
3034: 619
4396: 1173
3036: 
3037: 195,4760,1433,4575
3038: 2588,3026,4737
3039: 3588,3052
3040: 3245
3041: 3903
3042: 3670,875
3043: 
3044: 2872,4002,1844,2266,726,2098
3045: 3273,3720
3046: 1122,345,228,916,2676
3047: 4705,2484,583,1491,4213
3048: 1541,1941,615
4485: 1695,4337
3050: 4263,901
3051: 2239,989,3148
3052: 4474,1458,3039,3588
4715: 3752
3054: 1520,3882,4668,1563,221
3055: 4309,2856,1693
3056: 2445,3441,3675,3462
3057: 2833,601,3494,2223,2619
3058: 462
3059: 
3060: 2945,2645
3061: 4496,275,1185
3984: 1101,3198,1607
3063: 4114,3257,3847
3064: 3702,3254,3281,4231
3065: 3136,3891,2911,913
3066: 840,2856,1693
4687: 3599,4439
3068: 4689,696
3069: 681,2155,2352
4236: 1549
3071: 3975,2224,110,2080
3072: 1512
3073: 1445,1541,2834
3074: 4235,2280,1982,1194
3075: 4781
3076: 2848
3077: 2087,2840
3078: 3868,876,1873,2324,2805
3079: 4698,2676,345,3465,4527
3080: 3654,1002,1406,3645
3081: 2021,3534,4767,3975,1864
4468: 2986,1341,3366,138
3083: 3384,1579
3084: 4371,2905
3085: 3390,2612,2972
3086: 125
3087: 789,2357,664,4308
4739: 848,3399,922,2834
3089: 2242
3090: 2022
3091: 3029,1634
3092: 1435,3326,4539
4493: 2906,1596
3094: 
4790: 269,2985
4075: 1478
3097: 1337
3098: 957,4364,707
3099: 767
3100: 2269,4355,1336
4112: 3537,3176
3102: 1302,134,2128,2878,2949
3103: 2077,2671,1270,1018
3104: 
3105: 1622,3513,1562,224
3106: 2991,2399,1367,149,4764
3107: 3726
3108: 2768,4720
3109: 4626,1649,1968
3996: 1440,1896,4801,15,1153
3111: 3582,3922
3112: 4447,2963
3113: 4439
4509: 2047,860,2809,207
3115: 4768,4249,1025,318,2465
3116: 2300,693,2640,133
4685: 58,2961,3816
3118: 1635,4695
3119: 4275,724,4744
3120: 
3121: 1960,4387
3122: 4262
4719: 4073,4559
3124: 1637,2915,3596
3125: 2673,1424,1
3126: 
3127: 959
4389: 3370,3179
3129: 2810,2942
3130: 
3131: 
3132: 1301,2609
4642: 2485,1452
4637: 1775,1046
4165: 3881,4252,4391
3136: 3065,3891,4424,1518,913
3137: 76
3138: 1174,2444,1079,2581,66
3139: 270,2660,649
3140: 
3141: 
4774: 
3143: 
3144: 2152,4201,4597,525
3145: 4328,4153,1331
3146: 377
3147: 2987,396,4814,4033
3148: 989,3051,4304,2028
3149: 1940,1685,599,50
3150: 6,2043,3388,2351
3151: 4435,2485
3152: 2193,4237
3153: 4377,930,3934,2175,878
3154: 155,580
3155: 1914,4146,4676
3156: 1275,459
3157: 3518,3688,1074
3158: 3216,3649,695,3589,2839
3159: 86
3160: 2577,3018
4202: 
3162: 3342
4108: 1662,3181
3164: 436,4376
4222: 1687,372,479
4700: 521,3409,1853,1534
3167: 2165
3168: 913,784,3537,2239
4435: 3757,3151
4247: 3633,1336,4610,410
3171: 1080,610
3172: 1920,1162,4746
3173: 1562,2478,224,1515
3174: 3377,4419,1613,3295
3175: 1280,4022
3176: 1436,3531,4112
3177: 2093,1734
3178: 4101,1853,1957,802,1076
3179: 62,4389
4451: 4531,859,2062,3923
3181: 1662,2593,4108,3435
3182: 2859,183,160,2056,1751,1259
3183: 1107,2793,2648
3184: 2835,2494,3620,1540
3185: 3682,752,3338,2712,1599
3186: 212,3719,4823
4276: 2836,2171,4043,504
4722: 1771,4244,2311,2956,4742
3189: 1890
3190: 2724,2088
3191: 309,1310,4806,2759,3580
3192: 
3193: 1628,2944
3194: 351,2821
3195: 942,247,2570,3020
3196: 1708,550,3724,3815
3197: 2338
3198: 3984,241
3199: 2553,1127,58
3200: 4010,1116,3734
3201: 4650,2204
3202: 2076,3011,2986,1741
3203: 1952,3334
3204: 4188,4121,673,931
3205: 1580,4779
3206: 
3207: 4319,4549,1726,707
3208: 4614
3209: 
4404: 144,655,1995,4208
3211: 3878,553,653,942,247,3769
4630: 3831
3213: 890,2585,592,458
3214: 3413,807,3629,995
3215: 3224
3216: 4821,3596,3158,3649,695
4429: 2515,1556
3218: 275,4286,4462
4010: 3200,3734,2199,1503,1104
4641: 2610,4296
3221: 1992,2754
3222: 2674
3223: 3313
3224: 3215
3225: 4726,2512,1019
3226: 1439,2064
3227: 3333,3461,699,2207
3228: 2717,2919
3229: 443
4087: 
3231: 3768,914,4656
3232: 4691,161,3547,2553,399
4307: 524
4812: 1082,1839,2107,3641,4707,2815,39,4662,698,3998,991,609,1115
3235: 925
3236: 2137,3677,1231
4101: 1373,1853,3178,4784,1957
4515: 
3239: 1824,1912,1537
3240: 552,86,4302
4441: 1673
3242: 2981,4762,587,4530
4237: 919,2193,3152
3244: 566,1389
3245: 3040,1410,16
3246: 2739
3247: 2282,277
4771: 912
3249: 
3250: 4073,4385
3251: 3583,3294,3488,2119,742,4048
3252: 2213,1316,586,905,730
3253: 1653,3424,4604,1071
3254: 3064,3702,3281
3255: 2849,2511,1378,1011
3256: 1300
3257: 3063
3258: 
3259: 1704,3962,1919,4728
3260: 1480
3261: 490,2544
3262: 2809,2823
4231: 793,3281,3064,2184
3264: 1394,4805,4535
3265: 1698,3903,1628
3266: 3985,4261
3267: 2004,2403,3755,4144
3268: 1284,3436,1448,1419
4677: 1308,3598
3270: 2118
4158: 1301,948,375,1139
4267: 4066,1451,4273
3273: 3045,3617,3720
4623: 2127,3793,4586,3667,1067,1539
3275: 1862,2185,3464
3276: 1182,4335,4817
4777: 1883
3278: 2097,4345,3562
3279: 4683,2090,3454,2138,193
4334: 4724,1909,2313,3485,2277
3281: 793,4231,3064,3254,3671
3282: 320,1621
3283: 4398,1856,4329,1346
4751: 4089,2222,1996
3285: 993,424,4122,853,49,4399
3286: 
3287: 2249,2266,2098
3288: 4445,1015
3289: 945
3290: 1647,34,1165,456,4633,1176,1762
3291: 4344,2054
3292: 4578,4282,2990
3293: 426
3294: 3251,3583,3484,365
3295: 3174
4143: 2018
3297: 843,354
3298: 2106,3651,1156,4800
3299: 4406,1982,528
4519: 
3301: 
3302: 2922,4423,1229,2174,722
4295: 1582,474
3304: 1036
3305: 1683
3306: 763
4220: 1929,3542
4129: 2915,1827
3309: 3797,172,2387,3320
3310: 1206,3339,1974,1783
4401: 
4673: 1229,3694
3313: 3223
3314: 2391,1136,2969,1569,2241
3315: 3391,2127,1069
3316: 1724,312
3317: 4530,2437,587,4654
3318: 202
3319: 987,940,3950
3320: 1220,2387,172,3309
3321: 2689,2027,4772,872
3322: 2662
3323: 1429
3324: 936,4820,1980,3553
4084: 
3326: 2054,2002,3092
3327: 4299,2396,1242
3328: 4028,4627
3329: 1549,624,4169
3330: 2073
3331: 1499
3332: 298
3333: 1713,2941,3461,3227,2293,2207
3334: 1065,3855,3203
3335: 2346,2443,1459,451,4712
3336: 1234,2343
4327: 
3338: 1475,2712,3185
3339: 1974,2362,3310,1206
3340: 805,862
4405: 611,1627,3762
3342: 3162,2030
3343: 197,64
3344: 1252,2743,1892,1671,756
3345: 
3346: 4031
3347: 1406,598,3645
3348: 1111,4717,3567
3349: 3432,3355,271,1215,4023
3350: 4573,4822,1083
3351: 2129,2655,2647,588,4486
4074: 4440,3955,4383,403,2256,826
3353: 3470,1927,1646
4012: 3539
3355: 3349,3432,3395,4023
3356: 1158
3357: 2136,3775
3358: 375,4821
3359: 444,4769,1516
3360: 
3361: 4714
3362: 1078,1017,4690
3363: 2337,769
3364: 
3365: 216,1751,212,3719,1259
3366: 411,138,303,4468,590,1741
3367: 
3368: 2232
3369: 4546,2524,1692
3370: 4389
4023: 2209,1215,3395,13,3426,3349,3355
3372: 1750,1455,446,972
3373: 2980,4113,3813
3374: 1780,4308,3962,2048
3375: 
4249: 3115,4768,2465,759,4300
3377: 3174,706,1613,1813
3378: 2548
3379: 4149,263,1412,1175,652
4575: 4182,792,3581,3037
3381: 
3382: 4382,558,3527,4801,1440,4491
3383: 4483
3384: 3083,1204,1579,4083
3385: 
3386: 4721,669,3664,820
3387: 
3388: 3150,2043,4279,2351
3389: 4052
3390: 3085,2612,4675
3391: 1034,2599,3667,4455,3315
4261: 867,3266
3393: 3815,1424
3394: 1817,273,4250
3395: 4499,255,4329,3355,4023
4212: 839,564
3397: 
3398: 1809,2131,4081
3399: 4739,848,927
3400: 3627,4453
3401: 2977,535
3402: 1587,73
3403: 101
3404: 1369,85,2089,207,860
3405: 952,1616
3406: 
3407: 814,2252,120,2370
4773: 1798,1655,272,1144,2315
3409: 1469,521,4700,1534
4689: 3068,4387,3694
3411: 2200,1008
3412: 664,1855
3413: 3214,807
3414: 1933,3581,4099
3415: 16,2537,614,2931
3416: 844,15,1611,1905
4302: 2196,552,3240
3418: 4778,3580,2759,4312,2347
3419: 1863
3420: 4360,366,305,1114
3421: 
3422: 1602,203
3423: 612,3605,1964
3424: 3253,1653,1514,4604
4750: 1161,3659
3426: 13,1968,565,2209,4023
3427: 
3428: 1764,2656,812
3429: 4816,2638
4417: 1437,3829,4704,1542,1062
3431: 2785
3432: 3349,3355,271,229,4329
3433: 56,4380
3434: 2886,849,1037,3521,715
3435: 3181
3436: 3268,1284,2864
3437: 1010,283
4335: 1182,3276
3439: 567,3810,1526
3440: 445,781,4273
3441: 2445,3056,4794
3442: 2796
3443: 2914,1385,2198,186,2017
3444: 4366
3445: 1938,1617,4796
3446: 2790,3618,4185
3447: 2861
3448: 1502
3449: 670,1769,2553
3450: 1470,3602
3451: 229,4329,1491,1346,2764
4179: 2278,1094,4200
3453: 2470
3454: 2161,4427,3279,4683,2090
3455: 
3456: 339,2205,2803
3457: 4454
3458: 1197,3950,4195,1816
3459: 1812
3460: 2306,397
3461: 3333,2941,1305,3227,4078
3462: 2445,3056,3967
3463: 4378,233
3464: 3275,3986
3465: 2752,1705,4527,3079,1757
3466: 2567,4793,2929
3467: 1299,997,3544
3468: 372,4577,4756
3469: 3004
3470: 3353,3550,1927,1646
3471: 874,2822,4121,931,3832
3472: 2292,2440,2162
3473: 554,4269
3474: 
4411: 
3476: 2495,2101,4701,3586
4060: 
3478: 1053
3479: 2830,1310,2941
3480: 580,3612
3481: 3997
3482: 1942
3483: 2346,446
3484: 4540,3294,365,2062
3485: 4334,1909,2313,2429
3486: 3032,388
4069: 1987,1464
3488: 3251,3756,365,742,1972
3489: 56,4380
3490: 
3491: 609,607,1317
3993: 4100
3493: 3867,4364,2591
3494: 591,2223,1378,601,3057
4759: 2977,3906,535
3496: 4280,4660,3682,685
4216: 4040,3902
3498: 1129
4240: 778,596
3500: 901,2135,1029,1522
4699: 533,4160,2876,2828,1997
3502: 2363,3814
4453: 2302,3400
3504: 4133
3505: 97,2141
3506: 1255,2911,1348,473
4823: 1469,3186,212,216
3508: 1145,4032,333
3509: 1778
3510: 4611,2116,2961
3511: 4025,2009
3512: 3799,2200,820,854
3513: 1622,3105,2750
3514: 
3515: 
3516: 3635,250,480
3517: 1064
3518: 3157,3688
3519: 1617
3520: 240,3725,3812,2186,4107
3521: 849,1037,4413,2826,3434
3522: 1664,3017,1845
3523: 1104,20,937
3524: 26,2137
3525: 219,1745,891,1225
3526: 52,3885,4354
3527: 4382,558,3382,150
3528: 
4031: 3346
3530: 1191
3531: 3176
3532: 2001,3983
3533: 2816,4186,4065
3534: 3081,2021,2206,717,4767
3535: 3573
3536: 1313,2893,1795,4765,2375
3537: 3586,3168,4112
3538: 
3539: 4012
3540: 
3541: 3555
3542: 4220
4037: 
3544: 997,1052,3467,1299
3545: 1711,4559,2319
3546: 108,4377
3547: 3232,161
3548: 2686
3549: 
3550: 1510,909,1927,3470
4620: 
3552: 4599,1245
3553: 2171,1941,4820,1445,3324
4243: 4547,1905,4801
3555: 3541,2840
3556: 4128,1189,4369,729,100
3557: 4463,4766,3001
3558: 2301,1319,530,2659,1031
3559: 1646,3807,2129
3560: 1823,759,4768,1854,4189,4717
3561: 2829,2631,203,1363
3562: 3278,4345
3563: 
3564: 1948,2803
3565: 4520,1203,1961
3566: 2704,2365,2831,949
3567: 1650,1823,3348,4717,336
3966: 1633,1573,402
4612: 
4034: 
3571: 1116,4193,2298
3572: 322
3573: 3535
3574: 563
3575: 415,1607,2683
3576: 1729,2735
4025: 3511
3578: 1638,1362,4798,3007
4727: 3871,3798,1474
3580: 3418,4778,309,3191
3581: 792,4182,4099,4575,3414
3582: 3111,354,3922,1886
3583: 3251,3294,791,2119
3584: 1101,4172
3585: 3656
3586: 3537,3476,4701
3587: 4217,315,4639
3588: 3039,4448,3052
3589: 695,3158,620
3590: 384,2195
3591: 534,1112,4497,1386
3592: 1620,1161,4601
3593: 226
3594: 522,1274
3595: 2059,238
3596: 4821,3216,4096,1637,3124
3597: 3905
3598: 4677,1308,3749,2462,2118
3599: 4439,4687
3600: 1910,2987
3601: 2965,77,3802,414,3648
3602: 2506,3450,93
3603: 2648,1641,2263,4163,3733,2288
3604: 4071,3981,4384,3706,518
3605: 3423,612
3606: 2944
3607: 2308,805,2516
3608: 3816,4611,521
3609: 1688,4678,1136
3610: 4785,256
3611: 343,1608
3612: 3480,4625,1058
4541: 
3614: 
3615: 1053,2470,1903,1816,1197
3616: 1545
3617: 1653,3273
3618: 2790,3446,4766,4185,3001
3619: 4616,4219,484,1752,1395,692
3620: 2494,3184,1540
3621: 1643,2603
4818: 1306,2980,4113,2902,413,2065
3623: 2510,453,4551
3624: 141,4184,346
3965: 4788
3626: 4782,854,3799
3627: 3400
3628: 4233,1126,720
3629: 4618,3214,807,995
4445: 3288,2105,2384
3631: 1717
3632: 858,1402,2671,4716
3633: 2843,4247,1336,4250
3634: 1875
3635: 3516,2706
3636: 927,1454,1398,848,2834
3637: 219,1471,1927
3638: 
3639: 517,597,556,4093,4617
3640: 3674,2298,1069
3641: 4707,743,2107,4314,4812,1839
3642: 1645
3643: 
4692: 2884
3645: 1091,3347,1406,1009,598,3080
3646: 317,1170
3647: 3780,4260
3648: 414,4618,3601,2965,394
3649: 2915,3216,3158
3650: 165,403,4569,4383
3651: 3298,1156,1658
3652: 
3653: 742,453
3654: 4693,3080,1002,497
4173: 3987,597,278
3656: 1768,3585
3657: 
3658: 1519,2770,647
3659: 344,4750
4193: 1116,4332,429,4455,3571
3661: 
3662: 4466,4410,1011,1574
3663: 647,3801,4049,3751
3664: 854,4613,3386,4721
3665: 
4241: 3848,2543,2393,4659
3667: 4586,1176,1034,1762,3391,2127,4623
3668: 
3669: 2083,2877
3670: 3042,875,4708
3671: 3281
3672: 223,1430
3673: 4543,1645,316
3674: 2298,3640
3675: 2620,1115,3056
3676: 2833
3677: 3236,1991
3678: 1828,2525,73,4152
3679: 1651,821
3680: 4355,806
4507: 981
3682: 3185,752,3496,962,685
4313: 31,1111,4300
4304: 715,3801,3148,2028
4634: 4271,3790
3686: 2308,2883,2785
3687: 2044,199,3820
3688: 3518,3157,1074
3689: 4201,1591
3690: 
3691: 739,3839,1955
3692: 
3693: 4461,334
3694: 2026,693,4689,4673
3695: 4446
3696: 4070
4266: 120,1930
3698: 374,2494,1407
3699: 3030,1186
4669: 
4811: 3846,808,234
3702: 3064,3254
3703: 
4388: 160,4064,2859
3705: 1086
3706: 4588,518,3604,1256,4384
3707: 797
4556: 
3709: 4492,2206,1583,131,4767
3710: 1254
3711: 
4440: 4074,3955,4383,2325
4035: 1403,1536
3714: 1522,1168
3715: 2080,3882,4221
4262: 2457,3122,2675
4456: 214,1906,4500
3718: 2913,1707
3719: 1751,3186,212,1259,3365,216
3720: 823,3273,3045
3721: 3738
3722: 40,2168,732,593,4536,2526,506
3723: 4207,461,4038,2420,3839
3724: 3908,2771,3196,1166,2993,1253
3725: 3520,3812,4107,1671,2835
3726: 3107,2363
4062: 2523,1326
3728: 678,1715,4733,239
4500: 1906,4456,1488
3730: 3796
3731: 489,2813,4224
3732: 1033,572,4713
3733: 917,2288,3603,2263,816,4615
3734: 1679,2199,4159,3200,4010
3735: 274
3736: 1947,1602
4653: 713,1961,547,1564
3738: 3721
3739: 
3740: 4310,1444
4696: 2450,822
3742: 1442,4757
3743: 272,1728
4800: 1274,3943,3851,2106,3298
3745: 2947,2377
4217: 3587,2187,4639
4092: 1773
3748: 
3749: 1308,3598,2462
3750: 4131
3751: 3801,3663
3752: 1911,4715,3026
3753: 
4813: 1796,2045,2457
3755: 3979,3267,4144,1022
3756: 365,971,2062,3488,1972
3757: 945,2436,4435
3758: 2115
4245: 2040
3760: 2952,1496,2712,2117,1599
3761: 713,4520
3762: 2939,1627,4405
3763: 2311,1907
3764: 4550,2893
3765: 4268
3766: 4591,3822,390
3767: 713,1245,2095
3768: 3231,4469
3769: 4238,2570,247,3211,553
3770: 362,1365
4413: 4027,849,4005,3521
3772: 728,393,2658
3773: 4379,2979,1887
3774: 450,396,4754,1551
3775: 4655,1393,3357,2272
3776: 1500
3777: 789,3976,664
3778: 
3779: 4226,3934,2830
3780: 3647,4260,4029,1684,482
3781: 1637,1114,2930
3782: 
3783: 1154,2894,4026
4176: 4770
3785: 1405,643,864,1886,968
3786: 173,2749,2004
3787: 908,170
3788: 
3789: 3913
3790: 4271,4634,620
3791: 2179
3792: 1983,2737,4762
3793: 2127,4623,1539,53
3794: 559,4720,2178
3795: 725,2794,1879,2266,282
3796: 3730
3797: 172,3309
3798: 3871,4727,899
3799: 3512,2200,3626,854
3800: 531,3899,2178,559,4346
3801: 4304,2028,3751,3663
3802: 77,3601,414
4595: 497,3012,4316
4400: 
4799: 4711,796,2162
3806: 2616,1730,4644,242
3807: 3559,2335
3808: 129
3809: 1753
3810: 2243,2261,3439
4342: 2361
3812: 3520,3725
3813: 2980,3952,1349,3373
3814: 3502
3815: 3393,1166,3196
3816: 3608,58,4685,670
3817: 592,542,458
4448: 3588,2884,4264
4578: 3292,1029,600
3820: 199,3907,3687
3821: 2726,4787,4498,2547,3870
3822: 4591,3766,1884,3886
3823: 4053,1124
3824: 2716,2089,1630
3825: 1620,1985,1141
3826: 1390,754
3827: 4589,2646,1063,2958
3828: 
3829: 4417,1437,1062
4337: 4485,1783
3831: 4630
3832: 924,530,874,3471,931,2669
3833: 985,983,2079
3834: 
3835: 2662
3836: 1619,2819,911
3837: 
4589: 1058,3827,2115
3839: 739,2420,3723,246,3691
4321: 4805
3989: 168,4766,2215,2732
4374: 4796
3843: 812,1764,903
3844: 2888,2959,4450,3873
3845: 2160,1782,2104,4782
3846: 1795,4811
3847: 3063
3848: 4241,2543,4479
3849: 2342,4345
4126: 435,2557
3851: 1658,1274,4800
4218: 332,4188,2471,2310,673
3853: 
3854: 785,1592,1170,478
3855: 1065,4408,3334,3958,455
3856: 11,2601,113
3857: 393,1466
3858: 1059,4094,1198,2109
3859: 2695
3860: 2536,2160,4782,4414
3861: 249
3862: 944
4770: 4176
3864: 
3865: 
3866: 
3867: 3493,1900,2591
3868: 3078,876,4516,2324
3869: 2614,3927,2233,4372
3870: 569,3821
3871: 3798,4727,2424,1918
4330: 1912,1537,1615,2531,4804
3873: 2526,4450,3844,1200,173
3874: 885
3875: 1838
3876: 1330
3877: 4444,2857,732,593
3878: 3211,553,653,1588,2512,2871
4130: 1405,701,2930
4300: 4717,4768,4249,4313,759
3881: 3923,4165,338,1604,4391
3882: 3715,3054,4668
3883: 1301,1263,28
4317: 
3885: 52,3526,4192
3886: 2872,4002,3822,1884,4542
3887: 
4780: 2897,4704,4097
4550: 3764
3890: 2217
3891: 3065,3136,2654,363
3892: 
3893: 2019,230
4535: 983,4805,3264,2788
4492: 3709,2206,1583,3977
3896: 2051,565
3897: 1997,862,3924
3898: 1722,840
3899: 3800,2844,4346
3900: 1754
3901: 801
3902: 4216
3903: 1109,3041,1628,3265
4617: 4077,4428,556,311,4093,3639
3905: 136,753,3597
3906: 71,795,1392,4759
3907: 4186,3911,3820
3908: 3724,2771,4189,2460,205
3909: 4817
3910: 1633,3930
3911: 2746,1896,3907
3912: 2590
3913: 42,3789
4679: 683,1819,833
3915: 2580,202,1881,1453,4013
3916: 1350,547,1203,896,2399
4807: 2030
3918: 2679
3919: 1888,1748
3920: 
3921: 1428,1915,4814,2566,4510,1270
3922: 1441,1886,3111,3582
3923: 3881,4451,338
3924: 4111,672,3897,4000
3925: 4273,445
3926: 193,389
3927: 2233,2614,3869
3928: 1891
3929: 1370
3930: 671,4367,2280,3910,1633
3931: 75,2244,2433
3932: 2614,1191,298
4264: 4448
3934: 2175,930,3779,3153
3935: 2748,2102,1092
4027: 4413,2826,185
3937: 
3938: 911
3939: 2970
3940: 150
4122: 993,3285,424,1570,947
4518: 2339,3011,276
3943: 4800,2106
3944: 
3945: 1754,409,2148
3946: 
3947: 842
3948: 163,2439,2597
3964: 4596,974
3950: 1197,3458,4195,940,3319
3951: 1974,2362,791,2459,2359
3952: 2050,1349,2709,2567,3813
3953: 2333,2880
3954: 
3955: 4074,4440,826
3956: 4513,11,4057
3957: 2707,1815,214
3958: 3855,4408,455,2155
3959: 3014,1008
3960: 2705