0: 3125
1: 305
2: 691,870
3: 883,4787
4: 3356
5: 4161
3996: 874,4185,475,826,1604
4620: 2976,1185,754
8: 4500,2239,4800
9: 4187,2881,1563
10: 462,4790
11: 4229,77,4416,3759,4109
12: 4188,1080,447,4110
13: 165,4253,3316,1779
4276: 3468,615
15: 76,2859,1784,3919
4153: 2902,3129,1135,3373
17: 1797
18: 1999,1499,2999,1501
4157: 416,427,4099,774,4059
20: 4384,3471,2216,4804
4585: 389,2088
22: 1993,91,1720
23: 4004
24: 
25: 734,3409,948,3012
26: 605,1956
4626: 1289,1001,2847,34,3793
28: 698,2658
29: 1338
30: 790,4113
4553: 3846,2089,1232,3815
32: 476,2925
33: 1884
34: 4626,3355,3793
35: 39,3770,3573,3937
36: 4257,837,460,1705
37: 4813,3795,439,4789
38: 1175,2266
39: 35,3573,3937
40: 1223,668,4213,1012,948
41: 4388,908,4685
42: 3078,2054,2283
43: 95,4717
44: 
45: 1898,4331,3322,4771
46: 
47: 334,4819,4311
48: 1765,3894,4489
49: 1919,478,3169
4807: 2857,4209,2426,3816,1783
51: 
52: 2596,2191,576
4476: 3761,4788,3562
54: 431,1594,3716,1757
4039: 1852,2992,3892
56: 4507,4594
57: 827,968,718,3012
58: 1205,3751,128,4769,1974,2306
59: 4192,3481,671
4333: 3557,4496,4764
61: 1535,1213,1922
62: 
63: 1792,1728,1242,418
64: 1676,4139
65: 3583,912,3354
66: 486,777,3447,4215,3307
67: 4543,3660
68: 3706,1241,1720
3966: 4279,3801,2749
70: 3699
71: 4693,4003,1896,2800,75,3527
4307: 
73: 699
74: 1147
75: 3527,718,71,2800
76: 15,292,2859
77: 4229,11,4675,4226
78: 1293,1885,813,181
79: 329,236,919,1621
80: 
81: 2350,3487,654,4586,752
82: 2301,3780,1693,4222
4711: 3192
84: 4816,3698,136
85: 1788,592,4622,163,1310
86: 3901,1271,1225,3250
87: 
88: 2029,2288
89: 3842,3832,2676,484
90: 
91: 2817,4623,1720,1993,22
92: 2749,3366
93: 3376
94: 4120,443,3114
95: 43
96: 
4014: 3631,767
98: 1661,791
99: 2865,3267
100: 2100,3746,547
4134: 4462,1083
102: 2747,4138,2043,3533
103: 
104: 
105: 3863,1599,441
4719: 1633
107: 865,4332
4220: 
109: 1483,4372
110: 3777,2391,2015,4526
111: 2655,4554,1597
112: 
4791: 158
114: 
115: 4765,4233
3964: 4394,332
117: 4413,4800,2341,3563
4429: 
119: 3660
120: 1169,1955,4766,3940,1082
4232: 
122: 1994,3925
123: 4351,2836,2280
4680: 2885,3775,900
125: 1068,4783
4532: 918,2325,4822
127: 3979,1694,4734
128: 224,1974,433,58
129: 
130: 
131: 2637,3480
4099: 4059,3825,427,4157
133: 2656
134: 2363,3983,2705,1383
4596: 1257,725
136: 3698,84
137: 
138: 4251
139: 
140: 
141: 3111,2659,4707
4361: 4786,4321
143: 2474
144: 3619,2922,4147
145: 1184
146: 4814
4319: 957,3336
148: 1991,1339,4491
149: 4175,806,4114
150: 3180,3649,2529
151: 2984,3137,1488,526
152: 3122,4304
153: 3509,936,4728,3492
154: 3006,4066,1852
155: 4057,3176,1372
4065: 635,3244,1795,3540
157: 2572,1095,4193,3781,4450
158: 4791,3141
159: 
160: 2722,1010,3251,169
161: 4243,4009,1853,2087,3107
162: 266
163: 1310,4622,85,1550
4762: 4416,3807,193,3328
165: 13,4253,3316,1722,436,3553
166: 1598,4770
167: 1322,3312,1090,1704
168: 1578,474,852,575,3573
169: 3251,160,2030
4201: 1556,2735,4439,4744
171: 
172: 973,769,1369,1382
173: 506,937,1329
174: 2589,3460,265
175: 221,3855,989,865,1058,456
176: 2891,1847
177: 1120,2212,1948,4230
178: 2165,2937
179: 2975,1014
180: 250
181: 78,1885,1249
182: 958,663,4758,2075
183: 1896,2754,380,1127
184: 440,4694
185: 869,3150
186: 
187: 3813,926
188: 1750,4406,4526
4295: 1108,4194,4184,1546
190: 432,3747
191: 4552
192: 2385
193: 4762,4416,3807,3379
4166: 1953
4771: 2870,3322,45,3825
196: 
197: 2803
198: 3974,4041,417
4796: 3625,2461,3445,4563
4048: 3645,3142,1127,2754
4634: 1459,2167,4723
202: 
203: 
4794: 1231,2095,2087,3263,3061,4763
3997: 4767,2949,809
206: 
207: 1232,937,3846
4785: 2757,2346
209: 2670,2024,3655,3500,3842
210: 3061,4763,2700,941,2816
211: 
212: 2097
213: 4062,1083,1920
214: 1969,3476,663
4507: 56,3293,672
216: 1668,3571,3109,3451,2730
4420: 1324,2019,3898
218: 1332
219: 952,4338
220: 1631
221: 3855,175,989,2934,1198
222: 2007
223: 4115,4674,1407
224: 128,3366,723,433
4613: 
226: 
227: 1255,710,3182,1328,1642
228: 3713,1540
229: 2213,1803,878,3488
230: 644,301,1407,978,2941,2719
231: 1628
232: 3610,1432
233: 2452,638
234: 609,4765
235: 956,4101,734
236: 3968,329,79
237: 875,4784,3552
238: 298,1891,943,2543,1870,3985
239: 2508,1376,2442,3756,697
240: 1349
4158: 4231,577,620,1731
242: 2743,2531,673
243: 2393,3988
244: 3582,935,727
245: 2457
246: 1851,3596,3838,1005,4323,1397
247: 3181,4557,2013
4419: 
249: 291,1364
250: 1818,180,515
251: 1469,873,4064
252: 3364,1817,1962
4107: 309,2176
254: 3088,845
255: 460,541,4773,3830,1859
256: 2092,306
257: 1874
258: 3392,4672
4481: 1362,2149
4693: 4003,71,1022,380,1896
4126: 2506,2592,2701,3410
262: 1887,1254,1279,1436
263: 3988,3779
264: 4154
265: 3460,4256,174,3476
266: 3274,2447,162
267: 2716,1988,3147
268: 2675,1512,1178
269: 3280,2164,4769,433
270: 2649,3411
271: 2908,2804
272: 2720,346,1856,366,2748
273: 
274: 4089,2587
275: 3740,3236
276: 4155,3529,4535,2452
277: 2197
278: 1095,4193,1752,826,3577,1136
279: 789
4323: 711,1397,3420,3838,2958,246
281: 3439
282: 868,3640,4660,4567,3559
4446: 3219,3390
284: 2376,4657,2566
285: 1817
286: 4330,3410
287: 777,3859
288: 
289: 3085,487,3872,3328
290: 4235,4567
291: 249
292: 656,2859,76
293: 
294: 1376,2052,818,933
295: 3733,3776
296: 
297: 733,3468,4383,4218
298: 238,1592,943,3819
299: 2674,340,2788
300: 1408
301: 1407,230,2719,4778
302: 3858,2751
303: 2565,4421,3232,2598,3919
304: 4450,654,3513
305: 1362,1304,348,1
306: 256,2909,1938
307: 1686,3702,802
4752: 1764,4097
309: 4107,3057,2085
310: 2102,4197,4732,4674
311: 4075,820,756,1430,4111
312: 4504
313: 2901,2837
314: 748,2768,4094
315: 2307,552,3101
316: 2484,711,3420,503,1381
317: 2615,3534,1506,3903
318: 1325,3593,2136,4445,1654,3625
4311: 2942,47,334
320: 
321: 1430,4075,4076,4783,1550
322: 1666,2388
323: 2058
324: 3143
4113: 4739,30,4001
326: 2000
4393: 3542,3511
328: 4636,2149,982
329: 79,236,1621
330: 
331: 1162,1299,709
332: 1113,2175,4394,3964,2561
333: 2210
334: 47,4461,4819,4311,2942
335: 1826,623
336: 1246
337: 4378,4176
338: 1569,4394,2512
339: 2159,3982,2571
340: 4083,2788,3044,299,3116
341: 
4580: 3355,1458
343: 
344: 1739,3200,4258
345: 4384,3479,2330,4214,2919
346: 272,2720,1856,366,4150
347: 4760,4797,1690
348: 305,1304,3896
349: 746
4458: 
351: 
352: 2468
353: 
4766: 2659,4707,3849,1973,4207,120,1955,4129
355: 
356: 4131
357: 4119,1323,4795,1026,1433
3995: 
359: 
4570: 1612
361: 1756
362: 
4348: 2916,1070
364: 4208,2965,3942
365: 3577,1346,1136,3513,3202
366: 272,2720,346
367: 
368: 2431,3495,587
369: 4386,375,4395,3948,4085
370: 1171,4136,1400
371: 
4093: 2422,541,2430,4437,1859
373: 921,930,1327,1493
374: 1331,1834
375: 4395,2692,4810,369
376: 3388,706,1519,4364,932
377: 
378: 1409,2936
379: 
380: 3414,183,4693
4061: 1093,2171,1701
4659: 1712,984,1261,3065
4452: 4411,4653,2278,1317
384: 450,4074
4269: 4156,897,629,2180
386: 2400
387: 2582,3653
388: 1491,1565,2209
389: 2088,4585,2437
4120: 443,94
4076: 1550,321
392: 520,2267
393: 521,2584
394: 1442,2371
395: 1962,4812,2322
396: 2323,4521,1754
397: 
398: 3007,2096
4592: 4797,1365
400: 1237,3589
401: 1922,4650
4114: 3100,149
4744: 2518,4439,4201
404: 965,2168,2456
4436: 2541,3726,1675,4687
406: 985,499,3412
407: 2823,3938,4703
408: 3381,4789,2912,3869
4146: 3833,3534
410: 3772,2650,4382,3879
411: 2306,2241,1862,3801
412: 3806,3600,3812,1808
413: 560,1892,4672,435
414: 1495,2687
415: 1484,2019
416: 2473,4157
417: 4041,4183,3974,198,1479
418: 3965,63,1728
419: 2581,1072,4226,3759
420: 2463,3131
421: 1918,1738,1067,2420
422: 1079,3745,4409
423: 2482
424: 692,4815,904
425: 1618,2577,3982,1486
426: 3094,4776
427: 4157,4099
428: 4619,3204,3639
429: 2403,4447,4185,4252
430: 1497,3641,2414,4292,4403
431: 54,1757,2531,3115
432: 190,653
433: 4769,1974,269,128,224
434: 781,3041
435: 413,2136
436: 1722,2443,3553,165
437: 4581,4801,1880,1487,2504
438: 4465,3550
439: 3273,3795,37,4789
440: 184,4694
441: 1599,105,807,1142
442: 1097
443: 4120,94,1278
444: 4598
445: 2895,4064,3665,3631,1265
4621: 4462,4593,695
447: 1770,12,1080
448: 3895,4477
449: 
450: 384,4344
451: 1931,1255
452: 3385
453: 548,1729,4042,2582
454: 
455: 647,1742
456: 4440,1058,175,989
4691: 2137,971,3497,3178,2119,2553
4213: 1223,40,1012,2540,2044
4043: 2638,1291
460: 255,541,36,4773,4505
461: 1207,927,2101,3640,4660
462: 10,3396,4298,1580
463: 3994,3148
464: 3956
465: 3256
4142: 3508,479,2480
467: 686
4748: 3033,4611,3243,3415
469: 3336
470: 
471: 563
472: 2007
4124: 2584,3950,3442
474: 1578,168,976
475: 4185,3996,1604
476: 32,1892,4143
4810: 1434,1829,2889,3650,1369,4386,375,4395,1252,2692
478: 3169,3353,49,1806
479: 527,3054,4142,3508,2839
4372: 909,1483,109
481: 2597,3355,2272
4755: 2416,2522,1108,2766,1212
483: 4631
484: 733,2670,3842,89,4569
485: 4681
486: 2881,66,777
487: 2177,1343,817,289,3085,3807
488: 1217
4299: 3467,4353
490: 
491: 1405,1441,1567,3124,3347
492: 1325
493: 2206,2526,4339,4391
4358: 
495: 3999
496: 
497: 3327,3030,1728
498: 1869,2113,3553,4783,4170,3048,2709
499: 406,3412
500: 3278,1702,4359,2450
4373: 2616
4305: 3712,1087,2159,2334,1842,3127
503: 4211,4708,1381,316,3420
504: 2181,3411,4063,4257,4505
4298: 3396,462
506: 173,937,3846
507: 2058
508: 1682,2488,606
4492: 1437,1688,1471
4663: 3687,2156,4051
511: 3747,1573,1948,4230
4381: 4159,2553,2021,4183
513: 1591,3960,3232
514: 2030,2869,873
515: 4379,250
516: 1258
517: 1851,3596,568,4593,3882
518: 1882
519: 3285,1897
520: 392,2114
521: 393,2584
522: 4498,4303
523: 4583,1103,1412,4713,2218,3452
524: 2054,1635
525: 636,3831,3453
526: 2703,151
527: 479,4573,3054,3404,2839
528: 2426,3178,4209,3497
529: 3753,2351
530: 1041,3163
531: 3475,748,985,3454
532: 1547,4278
533: 2347,2288,3008
4800: 4413,117,2114,8,4060
4001: 4739,4113
4518: 1201
537: 
538: 1812,1903
539: 1589,805
540: 1070,1065,3720,3511,3679
541: 460,255,4093,1705,1859
542: 1004
543: 669,601,4819
544: 1336,3524,1200
545: 2161,1514,3876
4759: 3541,4602,599
547: 4322,2100,100,1031
548: 453,4470,1729
549: 4359,2450,3174
550: 1079,2776,4095,597,564
4258: 2117,953,344
552: 1683,315
4602: 3541,4759,1334,2976
554: 
555: 590,4459,1661,3095
4636: 328,1546,3561
557: 2876,1599,1820
4229: 77,11,3328
4511: 
560: 413,4746,4672,4143
4216: 2282,1603,4362
562: 1940,4182
563: 3602,471
564: 1459,2131,2776,550,3938
4814: 4460,146
4750: 4637,1769
567: 2300,4317
568: 517,3596,1397,4708,3882,3047
569: 4238,2778,3480,4424
4435: 
4494: 3180,2529,577
572: 4029,3519,2925
573: 2146,4438,4198,4005
574: 
575: 852,168,3573
576: 730,2191,52
577: 4158,3562,4494,1511
4261: 4402,1045
4641: 3422,720,3544
580: 1990,2695,4809,4678
581: 2678,4583,4713,2204
582: 800
583: 4589,3777,3102
584: 1989,2773,3811
585: 
4823: 1127,3350,3142,4363,3175,4100,3037,4629,4223
587: 4108,2431,368
4063: 2181,504,1041,1176,4505
589: 4432
590: 555,640,4809,1736
591: 
592: 1788,85,1607,4622
593: 3910,1175
4438: 2872,2146,1072,573
595: 3572
596: 1914
597: 4095,1079,550
3965: 418,3989
599: 1827,3541,4759
600: 3461,3490,3860,4098
601: 3197,543,4461,1333
602: 1291,1777
603: 1386
4080: 3442,1365,4760
605: 26,1956,4019
606: 3761,1975,508
607: 4510
608: 
609: 234,2814,4765
610: 2753
611: 
612: 661,3942,2519
613: 
614: 
615: 3468,4276,1836,3993,3908
4767: 3997,2663,809,4012,717,2916
617: 2700,2852,771,3670,4763
4155: 276,2388
619: 3927
620: 4158,2438,643,4412,991
621: 1680,3384,2319,4649,4805
622: 2896,1713,1378,2091
623: 335,1826
624: 2653,1006,3080
625: 
626: 
627: 3516
628: 4638,3941,1814,4722,4792
629: 3401,4812,4269,3281
630: 1724,3237,3894
631: 
632: 2456,2378,3844,840
633: 1069,1413,4351,3211,2125
634: 2314,1796
635: 4065,4628,3561,3244
636: 525,3502,1152
637: 
638: 2452,233,1206
4806: 3094,3417,4803,3968
640: 590,4809,3095
641: 919
642: 4265,2092,3628,2527
643: 2799,4412,991,620
644: 1407,230,990,4578,978
4530: 2519,3367
646: 1799,1749
647: 1742,3259,455
648: 4095,1218,2131,1031
4660: 3640,282,1207,461,4567
650: 4666,1105
651: 1761,4472,3345
4075: 1643,820,1430,321,311
653: 4030,3323,432
654: 304,4586,2350,81
4278: 2048,4188,1547,532
656: 292,2859,2954,1302,1784
657: 4400,3077,2195
658: 1256,4804
659: 2665
4024: 2101,1319,4486
661: 4618,612,3942,2519
4156: 4269,897
663: 182,3785,958,214,1969
664: 3264,1592,3428,3405
665: 1462,3704
666: 
667: 1497
668: 1223,40,948,2746,1448
669: 543,2176,4819
670: 4586,3674,3623
671: 2861,59
672: 4507
673: 2110,770,242
674: 2570,3601
675: 2055,2342
4092: 
677: 2233,1084,1762,3559,4135
3979: 127,4734,3124
4228: 3154,3353,1319
680: 749,3348
681: 2647,3821,4574,887
682: 
683: 1073,2887,3343,2177,4643,2588
684: 3776,1378,2053
685: 1164,4557,2952
686: 2338,467
687: 3653
688: 2212
4675: 4086,4226,3727,77
690: 
691: 2,870,2777
692: 424,2711,4815,2098
693: 
694: 3249,3803,4179
695: 2804,1245,3109,4621
696: 2780,2521
697: 2630,2442,239
698: 4382,3215,1309,28
699: 3742,3765,73,4474
700: 998
701: 2167,1215,3252,2908
4457: 2442,1084,3756
703: 2939,3984,1691
704: 1803,840,1289,2597
705: 2761,2669
706: 3388,376,2145,1047,4364
707: 1074,2462,2362,3232
708: 1090,1704,4709,3584
709: 4822,2047,1162,331,2364
710: 1255,227
711: 4323,3420,1840,316
712: 3881,2359,3659,956
4629: 3037,4823,4100,2706,2985
4723: 3241,4634,2823
715: 
716: 
717: 2916,3542,4767
718: 75,3527,57,3012
719: 3245,788
720: 3824,1865,2723,4641,3422
721: 3924
722: 
723: 3366,3617,2795,1316,224
724: 3950,2363
725: 4283,4596,1008
726: 3715,3706,965
727: 3827,3930,3582,244
728: 2727,1553
729: 1388,3750,1541,4608,1704,3185
730: 576
731: 
4259: 
733: 297,484,4569,4218
734: 1181,1012,25,235
735: 
736: 
737: 755
738: 1228,889
739: 1350,3647
740: 2534,1766
4561: 
742: 
4706: 3380,3597
744: 1988
745: 2099
746: 906,349,3888
4377: 4524,3715,2528
748: 314,531,4094
749: 680
4598: 2920,3101,444
751: 1487,4412
752: 4586,81,3487,3395,2958
753: 1130
754: 4620
755: 2334,1842,4151,737
756: 820,311,4309
4499: 4727,1877,802,4180,4682
758: 
4627: 3182,3710,3231,2132
4702: 
4603: 2138,1858
762: 
763: 2708
764: 4304,4671
765: 
766: 2245,4665,4725,2455
767: 2351,4014,2744
4469: 791,1384,3088
769: 172,3669,4582
770: 3716,1757,2669,673
771: 3670,2852,617
772: 2722
773: 1559
774: 4059,4157
775: 2955,1196
776: 
777: 3859,287,486,66
778: 3270
779: 2751,4780,3858,4240
4346: 3381,3869,999
781: 3212,1298,434,3041
782: 
783: 2359,3737,1022
784: 1320,2188,1353
785: 3768,4605,3833
786: 4366
787: 1621,1976
788: 719,1950
789: 2415,279
790: 30,2268,2641,1445
791: 1194,4469,3088,98
792: 1586
4026: 
794: 2402
795: 4337,3005
796: 
4392: 990,4578,2548,3303
798: 2616
799: 
800: 582
801: 3697,2760,1228
802: 4180,307,4682,4499
803: 
804: 1143
805: 539
806: 1825,149,2323
807: 1081,1142,441
808: 1278
809: 2949,3997,4767
810: 2723,3422
4812: 2322,395,2394,897,629,3401,3443
812: 4782,3705,3165,2682
813: 1293,78,3240
814: 1269,1130
815: 2009,3481,4508
816: 1927,2259
817: 2177,487,3343,2698,3085
818: 933,294,2028
819: 1564,1498,2877,986
820: 1398,756,4075,1643,311
4031: 2479,2331
822: 4184,1546,1362,2149
823: 2005,2365,4378
824: 1777,2633,3887
825: 3803,2192
826: 2206,3996,278,1604
827: 57,968,1139,987
828: 
829: 2877,3536,2304
4410: 1368,3662
4288: 
832: 4434,1879,2121
833: 1568,951
834: 1659
835: 3690,1641
836: 1801
837: 2110,3898,36,1705
4496: 3557,4333,4764
839: 
840: 1803,704,878,632,2378
841: 4073
842: 
4542: 1575,1767,1780,4815,4726
4556: 2727
845: 254
846: 2714,4239,1855
847: 1672,1804
848: 2634
849: 1948,3065,1989,3977
850: 4443,2281
851: 2039,1699
852: 575,3911,4310,168
853: 
854: 3050,4427,3217
855: 3362
856: 1812
857: 2229,2712,1375
4799: 4187,3679
859: 4581,4801,3630,1363
4666: 650,3934
3977: 1120,849,3069,1989,2647,3821
862: 
863: 2855,3652,3243
864: 3141,1487,3847,2184
865: 107,1227,2934,3855,175
866: 
867: 
868: 3640,282,1288
869: 185,1749
870: 1678,691,2
871: 2481,4308,1647,1051
872: 1630,2590,3569,3544,1015
873: 251,1469,514,2869
874: 4185,3996,2303,4447,2526
875: 237,4657,2566,4784
876: 1162,3700,2067
877: 2212,3821
878: 1803,840,229
879: 3826,1560,1114
4117: 
881: 4694
882: 4546,3808
883: 4787,3720,3
884: 2245,4488,4536
885: 2994,2499,2202
886: 3282,4654,3543
887: 4574,681,914,3247,1616
888: 3818,2203,1141,4770
889: 4028,738,3264
4630: 
891: 1475,1016,2629
892: 
893: 2726,2825,4132,1931,3681
4286: 2784,1242,3030
895: 4644
4125: 3268,3164,3508,3054
897: 4269,4156,4812
4018: 
4127: 
900: 3775,4680
4356: 1669
902: 1060,2147,2559,2828,1179
903: 2427,2965
904: 1463,1780,4815,424
905: 3833,3173,913,3957
906: 746,3888,2182
4073: 2103,841
908: 1205,3751,4685,41,4388
909: 4372,4321
4058: 2274,4638
911: 4700,1005,3771,3838,1377
912: 2989,1686,3583,65,3354
913: 905,3957
914: 942,3247,887,1616,3108
915: 4135,3756,1084,2969,2508
916: 2604,1884,4583,1412
917: 3972,3333,3941
918: 4532,2325,4822,2812,4817
919: 641,1621,79
920: 
921: 1501,373,1327,1493,2552
4035: 
923: 3463,1429
924: 1533,3725
925: 4664
926: 187
927: 2101,1319,3640,461
4110: 1641,12
929: 4028,1683
930: 1927,3580,373
4488: 2245,4665,884,1583
932: 1279,376,4364
933: 818,294,2052,2715
4363: 2926,3175,2680,4103,4823
935: 2820,4686,2931,244
936: 2664,3509,4728,153
937: 506,173,207,3846
938: 
4317: 4362,567,4528
940: 3460,4256,977
941: 1309,2816,1231,3061,4763,210
942: 914,3247,4149,1850
943: 1891,3296,1592,298,238
4811: 3208,3504,3954,3624,3969
4054: 994,4679,4802
946: 1804,4537
947: 3313,4083,3044,4683
948: 3409,2746,25,1012,668,40
949: 1963
4148: 
951: 833,1755
952: 4568,219,4774
953: 1850,2787,1739,3108,4258,2117
954: 1544,1963,4349,3563,3346,2944
4521: 396
956: 1515,4101,3881,712,235
957: 4319,2362,3336
958: 182,3785,663,2075
959: 4097
960: 
4062: 213,3241,1920
962: 2495,3646,2922
963: 1576,1568
964: 1738,2459
965: 404,2168,3706,726
966: 
967: 3920
968: 57,827,4657
969: 
4139: 3116,3313,64
971: 2137,4534,4691,3325
972: 1273
973: 172,2067,1382
974: 1011,4306,3713,1913
4623: 91,2990,1241
976: 2423,474
977: 2478,940,4256
978: 2941,644,230
979: 4501,3672
980: 
4182: 4096,1655,1940,562
982: 2149,328,2051,3536
983: 1300,4805,1680,1917
984: 1712,4659,3811
985: 3454,406,531,3475,3160
986: 2877,3536,3244,2051,3540,819
987: 3719,2530,827
4664: 1903,925
989: 221,175,1198,4440,456
990: 4392,4578,3303,644
991: 643,2799,1910,4412,620,2438,1359
4190: 3369,3810,1408
993: 2161,4635,2486
994: 4054,3494,4802,2737
995: 4523,1758
996: 2616
997: 
998: 2521,700
999: 1554,3869,4346
4539: 3147,2777,1988
1001: 4383,2847,4626,2256
1002: 1259,2172
4792: 3850,628,2013,2064,2640,4722,2860,4449,2619
1004: 4404,542
1005: 911,4700,3838,1851,246
1006: 2653,624,3080
4135: 915,1084,677,1762,3559,2969
1008: 2892,725,2344
1009: 2433,3341,2989,1686
1010: 3306,1805,160
1011: 4306,974
1012: 1181,734,948,40,4213
4516: 
1014: 2975,179
1015: 3544,2590,872
1016: 891,2629,2607,3646,4010
1017: 
1018: 1329,4344,3610
4565: 4025
4720: 1097,2783
1021: 
1022: 4693,4003,783,1515
4650: 401
1024: 
1025: 2856,1398,2200
1026: 4345,2086,1433,4795,4119,357
1027: 2105,4037
1028: 3235,3958,4367
1029: 3201,4709,2990
4597: 
1031: 2131,2100,547,648
4227: 1868,1276
4243: 3552,3005,161,3254,3107
4739: 4113,3292,4001
1035: 
1036: 1199
1037: 2848,3606,4325
4704: 4729
4150: 1905,346
4722: 2064,1814,628,4792
1041: 530,4558,2181,4063,1176
4235: 290,1207
1043: 2251,3517
1044: 3591,4757
1045: 1699,4261
1046: 4132,2702,3661
1047: 4364,706,2145
4670: 3038,1713
4764: 4333,4496,3849,1955
1050: 2662,1197
1051: 1647,1174,2481,871,4769
1052: 2743,4017,2469,4818
1053: 
4302: 
1055: 
1056: 2696,2279,3321,3335,3669,2686
1057: 
1058: 3855,175,456
1059: 1267
1060: 902,2505,2828,1179
1061: 4753,2575
4383: 1001,4218,2847,297,1965,3993
1063: 4821,3267,2609,3488
1064: 1870,1928,4385,2543
1065: 1070,540,3511,3679
1066: 
1067: 421
1068: 125,4783
1069: 633,3227,3211
1070: 540,1065,3511,4348,2916
1071: 4736,2205
1072: 2581,419,2146,2872,4438
1073: 1932,683,2887,2151,2588
1074: 707,2462,2362
1075: 
1076: 2680,3923,4103,3287,2080,2225
1077: 1296,2128,1944
1078: 3546,2824
1079: 2776,550,597,422
1080: 3779,12,2393,447,3988
1081: 807,2935,1590,1142,3226
1082: 120,3940
1083: 4462,213,4134
1084: 2233,677,4457,4135,3756,915
1085: 
1086: 2851,2853,2563,1566
1087: 3334,3712,4305,1842,4502,1307
1088: 4644,3906
1089: 2756,4137,3099
1090: 708,1704,3584,3760,167
1091: 1099,2985,4223,4547
4689: 
1093: 4061,1701
1094: 
1095: 278,4193,3781,1604,157
1096: 2239,3599,2532
1097: 4720,442,2783
1098: 
1099: 1091,3377,2985,1139,2530
1100: 2446,1275,3495,2682,3024
1101: 4033,3567,2003,2410,4371
1102: 1773
1103: 523,4713,2061,3452,2559
1104: 2599,1588,2391
1105: 4052,650
1106: 3178,1958
1107: 1167
1108: 2766,4295,4755,1546,1212
4604: 2614,3099
1110: 1979,4575
1111: 4448
1112: 4465,2545,2885
1113: 2175,332
1114: 879
1115: 1926,1664,3967
1116: 3156,2562,1677
1117: 
4012: 4767,2663
1119: 4147,1198
1120: 2212,177,3977,3821
1121: 3269,2412
1122: 3799,1311
1123: 2885,2642
1124: 1273
4241: 2064,2640,3223
1126: 4662,1144,2269
1127: 4823,3350,3142,4048,183,2754
4717: 43,2790
4645: 3961
1130: 814,753
1131: 
1132: 3399
1133: 3732
1134: 3480,4424,2318,1629,2132
1135: 4153,3129
1136: 3577,365,278,4193,3513
4057: 155,4230
1138: 2457
1139: 2530,1099,2985,827
1140: 
1141: 4770,888,2462
1142: 1081,807,2935,441
1143: 804
1144: 1359,1910,4662,1126
4273: 2036
4554: 1870,3985,111
1147: 74
1148: 3494,3543,3145
1149: 3634,4519
1150: 4491,2195,4007,2153
1151: 1597,2497,2787
1152: 636
4559: 1597,2178,2497,2928,4102
1154: 1453,1446
1155: 2960,4181
1156: 3192
1157: 2755,2532
4331: 1898,45,2747,3533
1159: 
1160: 2491,2417
1161: 2888
1162: 331,876,2067,709
1163: 3103
1164: 4615,685,1370
1165: 2627,4625,2280,2817
4369: 3908,2330
1167: 3648,2656,1107
1168: 4128,4219,1570,3163
1169: 120,3940
1170: 3332,3876,2844
1171: 370,4136
4335: 
1173: 3220,2009
1174: 1647,1051,4769,3816,3337
1175: 38,593,4451
1176: 4773,4063,1041
4705: 2403
1178: 268
1179: 3962,902,1060
3999: 495
1181: 4196,1012,734
1182: 2337,2812,2324,2905
1183: 4252,4821
1184: 145,2273
1185: 4620,2976
1186: 
4207: 1973,3523,3618,3111,4707,4766
3982: 339,1618,425,2571
1189: 4804,3512
1190: 3052,4407
1191: 3873,2629,3722,1475
1192: 
1193: 1439,2645
1194: 791,1384,2551,4459
1195: 3154
1196: 2955,775
1197: 4575,1050,3248
1198: 1119,221,989,4440,1747
1199: 2022,1036
1200: 3524,544,2044
1201: 4518
1202: 
1203: 
4188: 3779,12,2048,4278
1205: 58,908,3751,4685,4769
1206: 638,4736
1207: 461,4660,4235
1208: 
1209: 2296,2032
4322: 3987,547,1424,1218,4329
1211: 1268,3202
1212: 4755,1108,4599
1213: 61,1535
1214: 1371
1215: 3153,3139,701
4266: 
1217: 488,2142
1218: 648,4095,4322,4329
1219: 1538,1529,4334,1725
1220: 3673,3277
1221: 
1222: 1618,4294
1223: 668,40,4213,2044
4786: 4321,4361,1477
1225: 86,3250,2675
1226: 3806,2812,4817
1227: 865,3855
1228: 738,2760,801
1229: 
1230: 4417
1231: 4794,3061,4763,941
1232: 207,3846,4553
1233: 
1234: 2731
4778: 301,1361
1236: 2264,1626,4549
1237: 400,3589,2406
1238: 2221
1239: 
4170: 4783,498,3048
1241: 3706,2990,68,3185,4623
1242: 1728,63,4286
1243: 3917,3960
1244: 
1245: 695,2804,1668,3109,1503
1246: 1779,336,4253,1375
1247: 4051,1967,3017
4505: 504,4063,4257,460
1249: 181
1250: 
4443: 850,2594
1252: 2692,4810
1253: 4189
1254: 4549,262
1255: 710,227,451,1642
1256: 658,2460
1257: 4596,3055
1258: 516
1259: 1002,1315
1260: 4050,4051,2077,1967
1261: 1651,4659,1573,3065
1262: 2630,4601,1958
4451: 2888,1175
1264: 
1265: 3081,2735,445,3665
4233: 2814,115
1267: 1059
1268: 3499,3071,1211
1269: 1470,3427,2445,814
1270: 4460
1271: 86,3901
4526: 188,4406,110,2015
1273: 1124,972
1274: 
1275: 2446,1100,4334,3024,2833
1276: 2142,4227,2741,4425
4411: 2924,4452,4653
1278: 808,443
1279: 932,262,3365,1436
1280: 1813
4204: 1866
4760: 347,4080
4734: 3124,2420,1567,1918,127,3979
1284: 2537
1285: 
1286: 3367,2593,2039,2685
1287: 
1288: 868
1289: 1980,4626,2378,704
1290: 2983
1291: 602,1777,2638,4043
1292: 
1293: 2981,78,813
1294: 4813,4789
1295: 2455,3827,2245,4536
1296: 1077,4421
4808: 2938
1298: 3122,781
1299: 1838,331,1863,2673,2047
1300: 983,1917
4781: 2861,4787
1302: 2474,1784,656
1303: 3174
1304: 1362,305,348,2346
1305: 3181,2952,4642
1306: 
1307: 3018,4502,1087
1308: 1674
1309: 3215,941,4382,698
1310: 163,85,1869,4783,1550
1311: 2681,1122
4085: 4263,3948,369,3398,2066
1313: 1678
4029: 572,3519,2171
1315: 3033,1259
1316: 3280,2866,723,2795
1317: 4452,2278
1318: 4643,3601,2588,1343
1319: 2101,4024,927,4228
1320: 784,2862
4210: 4550,2049
1322: 167,1704,1388,2813
1323: 4119,357,2071,4795
1324: 4420,2250
1325: 3593,318,492
4263: 4617,3948,4085,3398
1327: 4015,1981,921,373,2552
1328: 3182,227
1329: 1018,3610,173
1330: 2768,1917,1802
1331: 1890,1834,374
1332: 218,3155
1333: 601,4461,4699
1334: 2976,4602,3504
1335: 
1336: 3524,2748,544
4772: 2461,4818,3905,2610
1338: 2902,3373,29
1339: 148
4209: 2857,4807,528,2426,3497,3325
1341: 1620,4391,4725,3758,4339
4557: 685,247
1343: 2177,487,1318,4643,3601,3807
1344: 
1345: 1507
1346: 3577,365,2266
1347: 
1348: 1661,3095,2224
1349: 240
1350: 3642,3647,739
4535: 3529,276,3515
4817: 3815,4327,918,2325,1226
1353: 784
4378: 337,4176,2365,4500,823
1355: 4676
1356: 4262
4776: 426,3094,3733,1778
1358: 
1359: 1144,991,2269
3980: 1735,2809,3641
1361: 3271,4778,1643,1398
1362: 305,1304,822,2149,4481
1363: 2618,2816,859
1364: 249,4052
1365: 4080,4592
1366: 4290
4685: 1205,908,4769,3337,41
1368: 4340,4410,2846
1369: 172,4810
1370: 3972,1164
1371: 1214,1744
1372: 3176,3203,155
1373: 4046,2184,3141,2074
4466: 1415,2366,2585
1375: 2676,857,2712,1246
1376: 2508,294,239,4399,2052
1377: 3838,2958,3487,911
1378: 2091,622,684
3962: 4576,2204,1179
1380: 4591,2277,1767,1780,1463
1381: 503,4211,316
1382: 172,973
1383: 2705,4651,134
1384: 1194,4469
1385: 
1386: 603,1662
1387: 
1388: 1541,4608,729,1704,1322,2813
4098: 3860,4254,3696,600
1390: 1404,4314
1391: 3915,3895
1392: 3149,1940
1393: 2858,3372,2229
1394: 4724,3068,4385,1928
4563: 3445,3455,2461,4796,1854
1396: 1677,4112,2581,2129,2872,4616
1397: 4323,3420,3596,568,246,4708
1398: 820,1361,1025,1643
4090: 3041,1449
1400: 370
1401: 4816,2284
1402: 
4339: 3758,1341,4391,3349,493
1404: 1390
1405: 491,3677,3347,2017
4552: 191
1407: 644,301,230,4115,223
1408: 300,4190
1409: 378,2066
4784: 3702,3719,2868,3341,4657,237,875
1411: 4562,4506,2077
1412: 4583,523,1884,2218,916
1413: 633,2125,3195
1414: 1636,2657,1867
1415: 4466,2950,2366
1416: 3459
4510: 607,2345
4287: 2445
1419: 2823,2370,2523
4692: 3213,1612,3237
4520: 3874,4089,1581,2671
4578: 990,4392,3490,644
1423: 3787,3287,2961
1424: 3125,3607,4322,3987,4329
1425: 2191,3554
1426: 
1427: 1555
1428: 
1429: 923
1430: 4111,321,4075,311
1431: 2430,4437,3905,3321
1432: 4624,232
1433: 4345,1026,357,4470,3135
1434: 4810,1829,3650
4251: 3503,138
1436: 3365,3744,262,1279
1437: 1651,4492,1688,1520
4176: 337,4378
1439: 1193,2220
4388: 41,908,3839,4770
1441: 1567,491
1442: 4730,394
4162: 1493,3492,3760
3958: 3162,1028
1445: 2641,790
1446: 1154
1447: 3902
1448: 2376,2746,668
1449: 4090,3510
1450: 1727,2737,4079,2896
1451: 
1452: 3165,4757
1453: 1154
1454: 3840
4133: 1772,3063
1456: 
1457: 1549,3430
1458: 1968,2207,4580
1459: 564,4634,3938
3960: 1591,513,2500,1243
4729: 4704
1462: 665,2726,3661,1775
1463: 904,1780,4591,1380
1464: 1778,4352
1465: 2540,3604,3105,1474
4536: 2245,884,3827,2455,1295
1467: 4368
4442: 
1469: 251,873,2869,3051,4064
1470: 1269,3427,2454
1471: 3976,4492
1472: 
1473: 
1474: 2520,1840,3395,3105,1465
1475: 891,2629,1191
4606: 4175,3743
1477: 1793,4786,4341
1478: 2240,2710,1966
1479: 417,2820,4285
4205: 1719
4455: 2560,1993
1482: 3362,3152
1483: 109,4372
1484: 2471,2019,415
1485: 2481
1486: 1785,425
1487: 751,437,2504,864
1488: 3892,3741,2984,151
1489: 
1490: 2063
1491: 388,1581
4573: 527,3268,3404,3746
1493: 921,373,3492,4162
3990: 
1495: 414,2120,2887
3969: 3954,4811
1497: 667,430,4403
1498: 819,1564,4480
1499: 18,1999,1732,2401
1500: 2622,4237
1501: 921,18
1502: 4527,3887,2633,2927
1503: 2480,3139,1668,1245
4297: 1959,3578
1505: 3120,2468,3901
1506: 3903,3168,4027,317,3534
1507: 2466,1345,3555
1508: 
1509: 2169
1510: 4239,3190,4724
1511: 3649,2529,4788,577,3562
1512: 2675,268
4816: 1401,2284,3605,84,3344
1514: 2309,3876,545
1515: 956,4101,4003,1022
1516: 3016
4625: 2327,1165,2836
4030: 653,2596
1519: 1887,3388,376
1520: 3018,1651,1437,3747
1521: 2938
4653: 4411,2924,4452
3985: 4554,1870,2543,238
4608: 1388,1541,729,2813,3655,4270
1525: 2343
4793: 2998,3425
4179: 694
1528: 2857,3325,2955
1529: 1219,3495,2446,4334
1530: 2200,4309
4412: 643,2799,991,620,751
4253: 165,13,1779,1246
1533: 924
4252: 1183,2403,429
1535: 61,1213,3742
1536: 4007
4396: 
1538: 1219,2988,2010,3073
4801: 3630,2602,1731,1880,859,437
1540: 1871,228
1541: 1388,3750,4608,729,4270
1542: 1579,2243,3829
1543: 
1544: 954,2341,3563
1545: 1795,2632
1546: 822,4184,1108,4295,4636
1547: 532,4278,4394,2512
4175: 4606,149,3565
1549: 1457,2576
1550: 4783,163,1310,4076,321
4237: 4402,1500,3591
4802: 4679,4054,994,4242,2737
1553: 3474,728
1554: 2912,3869,4408,4789,999
1555: 1427,1579
1556: 4201,2001
4384: 345,20,3479,2216,4804
4399: 2052,2508,1376,2715
1559: 773
1560: 3826,879,2416
1561: 2843,2360,2631
4132: 1046,2702,1931,2726,3661,893
1563: 2881,3408,9
1564: 819,1498
1565: 388,2209
1566: 3227,3836,1086,2853
1567: 2420,1441,491,4734
1568: 833,963
1569: 1608,338,1897,3682,2512
1570: 4558,4219,1168
1571: 3158,1856,2864
1572: 
1573: 3747,511,1651,1261,1948
4677: 2503,1971,1639
1575: 4542,4005,4616,4815,4726
1576: 963
1577: 2851
1578: 168,474,3770,3573
1579: 1542,1555
1580: 3396,462,4779
1581: 1491,2671,4520,4716
1582: 4765,1926
1583: 4589,4488,4665,3102
1584: 3060
1585: 2274,2593
1586: 1675,4687,792
4154: 264,2701
1588: 4032,1104
1589: 539
1590: 1081,2935,3226
1591: 513,3960,2500
1592: 664,943,3296,3819,298
4658: 3489,1627
1594: 2513,3716,54,2355
4260: 1845,1614
1596: 
1597: 4559,2178,2497,111,1151
1598: 3199,166,3818,2203,4770
1599: 441,557,105,1820
4581: 859,437,2750,2504
4242: 2860,4679,4802
1602: 4314
1603: 3708,2282,2300,4216
1604: 3781,826,3996,475,1095
3987: 4322,1968,3607,1424
4421: 2565,303,3919,1613,2914,1296
1607: 592
1608: 1569,1897,3682,2604
1609: 4296,4768
4644: 1088,895,2107,3906
1611: 3736
1612: 4570,3213,4692,3588
1613: 3919,4421,2914
1614: 1845,4260
1615: 
1616: 3108,914,887
1617: 4699
1618: 1222,425,2577,3982,4294
4478: 2774
1620: 1341,4391,4725,1750,2303,3294
1621: 919,329,79,787
1622: 4140,4055,2189
1623: 
1624: 3001,4104
1625: 
1626: 1236,2264
1627: 3389,4658
1628: 231
1629: 2318,2132,1134,4424,3259
1630: 872,3731
1631: 220
1632: 1904,2121,1990,3290
1633: 4719,2073,4533,4498
1634: 3445,3052
1635: 524
1636: 3055,1414,1867
4256: 3460,940,265,977,3476
1638: 2501,4329,3125
1639: 4677
4193: 1095,278,3577,1136,157
1641: 4110,835
1642: 1255,227
1643: 4075,1361,1398,820
1644: 2188
1645: 2124
1646: 2655,2714,4086
1647: 1174,1051,871,4769,2426,3816
4028: 929,889,3264
1649: 4754,4798,1925,4091,4506
1650: 2338
1651: 1437,1261,1520,3747,1573
4390: 2760,3160,3475,1895
1653: 2339,3888
1654: 3019,3625,4818,4445,318
1655: 4182
4770: 2203,1141,3818,1598,3199,166,4388,888,2589
3992: 
1658: 
1659: 3937,834
1660: 4247
1661: 1348,98,3095,555
1662: 1386
1663: 3526
1664: 3736,1115
1665: 3498
1666: 2432,322
1667: 2798
1668: 216,3571,3109,1503,1245
1669: 4356
4788: 1511,3649,1975,3761,4476,3562
1671: 2502,1701
1672: 847,1804
1673: 
1674: 1308
1675: 4687,1586,4436
1676: 64,4011,3369
1677: 4112,1396,2562,2129,1116,3156
1678: 1313,870
1679: 4130
1680: 621,3384,983,4805
1681: 3799,2681
1682: 2488,508,2522
1683: 552,929
1684: 4544,2560,2015
1685: 4129,4050
1686: 2989,912,307,1009,3702
1687: 4365,4756
1688: 1437,4492,3697,1712
1689: 1807
1690: 3726,347,4797,4687
1691: 3197,2939,703
1692: 
1693: 2301,82,4222
1694: 127,3499,1794
1695: 2863
1696: 
4328: 
1698: 2904,4367,3235,3537
1699: 1045,851
1700: 
1701: 2502,1671,1093,4061
1702: 3278,500
1703: 3834,3748
1704: 708,1090,167,1322,1388,729
1705: 36,2110,837,541
4430: 
1707: 
3963: 
1709: 
1710: 3730
1711: 2688
1712: 984,4659,3697,1688
1713: 2218,622,4670,2091
1714: 
1715: 1747,4144,3975
4617: 4263,4695,3948,2337
1717: 3744,4456,2811
1718: 
1719: 4205
1720: 91,68,22
4528: 2380,4317,3918
1722: 436,2443,165
4172: 2579,4352,4427,1937
1724: 630,2884,3894
1725: 1219,3073
1726: 
1727: 1878,1450,2896
1728: 1242,63,418,497
1729: 4042,453,548
4700: 911,1005,2730,1851,4593
1731: 1880,4801,4231,4158
1732: 4283,4312,2401,1499
1733: 3268
3972: 917,1370
1735: 3980,2809
1736: 1985,3176,3203,590,4809
4403: 4292,1497,430,4106,3632
1738: 1918,964,421
1739: 2787,953,4102,3200,344
4314: 1602,1390
4749: 
1742: 647,3011,455
4222: 82,1693
1744: 3615,1371
4815: 3854,4726,1575,4542,904,692,424,2711,2098
1746: 
1747: 3714,4144,1715,1198,4440
4360: 
1749: 3212,869,646
1750: 188,4406,1620,2303,3294
4708: 503,1397,3420,568
1752: 2266,3577,278
4640: 3209,4551
1754: 396
1755: 951
1756: 361
1757: 3716,770,2669,431,54
1758: 4523,995
1759: 3269
4059: 4099,774,3825,4157
1761: 651,3633
1762: 4567,3559,677,4135
1763: 3112
1764: 4752,1826
1765: 48,3894,4489
1766: 1787,740
1767: 4542,1780,4005,2277,4198,1380
4208: 364
1769: 4750,1886
1770: 3690,3763,447
4249: 3574
1772: 3063,4133
1773: 1102,3939
1774: 3628,2527,4330
1775: 1462
4164: 
1777: 2633,824,1291,602
1778: 3733,4776,1464
1779: 4219,1246,13,4253
1780: 1767,4542,2277,1380,904,1463
4661: 3587
4575: 1197,1110,2576
1783: 2857,4807
1784: 1302,656,2859,15
1785: 3127,2571,1486,2159
4104: 1624
1787: 4545,1766,1839
1788: 85,592,1987
1789: 2346
1790: 
1791: 
1792: 3820,63
1793: 4649,1477
1794: 3659,1694,3188
1795: 1545,4065
1796: 634
1797: 2418,17
1798: 3641,2414,2587
1799: 646,3458,1900,2911,2578
4185: 874,3996,475,4447,429
1801: 836,2626
1802: 1330
1803: 840,704,878,229,2272,2597
1804: 946,1672,847
1805: 3306,1010
1806: 3530,478
1807: 3726,2470,1689
1808: 3978,3812,412
1809: 1838,3693,2608
1810: 4294,4016
1811: 
1812: 538,856
1813: 1280
1814: 2274,4638,628,4722
1815: 1971,3148
1816: 4116,3917,3658,4795
1817: 285,1962,252
1818: 250
4747: 
1820: 3308,557,1599
1821: 2440
1822: 
1823: 1913,2771,2761
1824: 2889,2686,3724,4582
1825: 806
1826: 335,623,1764
1827: 3491,599,3541,2784
4359: 549,2450,500,3505,1877
1829: 1434,4810,2889,1854,3650
1830: 
1831: 
1832: 3949,2740
1833: 
1834: 1890,1331,374
1835: 3486,4177
1836: 2330,1965,3993,615
4425: 2741,2142,1276
1838: 1299,1809,4619,1863
1839: 1787
1840: 1474,2958,711
1841: 
1842: 2334,4151,755,4502,4305,1087
4097: 4752,959
1844: 2637
1845: 1614,4260
4214: 3035,2919,2330,345,3479
1847: 2891,176
1848: 3606,2503
4306: 3713,4309,1011,974
1850: 2787,953,4149,942
1851: 517,3596,246,4700,1005,4593
1852: 4039,3006,154,2992
1853: 4682,4009,161,2087
1854: 3650,2889,4563,1829
1855: 4239,846
1856: 272,346,1571,3158
1857: 2276
1858: 2867,4603
1859: 4437,255,541,4093
4022: 2134,4753
4060: 4500,4413,4800
1862: 411,4279,3801
1863: 3935,2673,4619,1299,1838,4624
1864: 3839
1865: 2324,720
1866: 4204
1867: 1636,1414,4283,4312
1868: 2049,4227,2741
1869: 2113,498,1310,4783
1870: 1064,4554,3985,1928,4385,2543,238
1871: 3418,1540
4100: 4823,3350,4629,2706
4676: 1355
1874: 2574,257
1875: 3167
4115: 223,4674,3461,1407
1877: 4727,4499,3505,4180,4359
1878: 1727,2793
1879: 4434,832,2121,1985
1880: 1731,4801,437
4081: 2222
1882: 4804,518
4122: 4571,2952,2151
1884: 33,916,1412
1885: 78,181
1886: 1769
1887: 262,1519
1888: 3105,3188,3723
4541: 
1890: 1331,1834,2917
1891: 943,2646,3296,2543,238
1892: 413,4143,476
1893: 2936,3450
1894: 
1895: 4094,3475,4735,4390
1896: 183,4693,71,2800
1897: 1569,1608,2604,519
1898: 4331,45,2747
4809: 640,590,1736,580
1900: 2911,1799,2863
4643: 1318,2588,683,2177,1343
1902: 
1903: 538,4664
1904: 1632,3290,2189,1906
1905: 4150,2864,3649
1906: 2189,1904,3470
1907: 2026,2014
4301: 
4427: 3217,4172,4352,854
1910: 2799,991,1144,4046
1911: 3808
4699: 1333,1617
1913: 1823,3713,974
1914: 596,3537
1915: 2652
1916: 
1917: 1330,983,1300
1918: 1738,421,2420,4734
1919: 49,2724,4574,4055,3169
1920: 213,4062,3241
1921: 
1922: 401,61,3448
1923: 
4069: 
1925: 4754,4798,4344,1649
1926: 1115,1582
1927: 930,816,3878,2259
1928: 1064,1870,4385,2543,1394
1929: 
4402: 4237,4340,4261
1931: 451,4132,893
1932: 1073,4571,2151,2588
4611: 4195,3033,4748
1934: 3140
4697: 3935,2673
1936: 
1937: 2548,4512,3701,4172
1938: 306,2909
4400: 657,3740
1940: 562,4182,1392
1941: 3133
1942: 
4669: 2341,2329,2273
1944: 2071,2128,1077,4795
1945: 3829
4495: 
1947: 3880,3234
1948: 849,3065,1573,511,4230,177
1949: 4088,3101,2307,3299
1950: 3608,788
1951: 
4140: 1622,4055,3169,2189
1953: 4166
4129: 1685,1973,4766
1955: 120,4764,3849,4766
1956: 3556,4130,26,605,4337
4364: 1047,376,706,932
1958: 2119,1106,1262
1959: 4297,3578,2372
1960: 2282,4813
1961: 2345,3989,3327,3383
1962: 395,1817,252
1963: 954,3346,949
4493: 
1965: 2330,1836,3993,4383
1966: 2710,1478
1967: 1260,1247,3558
1968: 2207,1458,3357,3987
1969: 214,2478,3209,4758,663
1970: 3451,4450,2350,2004
1971: 1815,3796,4677
4223: 3037,4823,4547,1091
1973: 4207,4766,4129
1974: 4769,433,128,58
1975: 2424,4788,3761,606
1976: 787
1977: 
1978: 2163
1979: 1110
1980: 1289,2378,4218,2847
1981: 2785,1327,4015,2552
4074: 3639,3204,384
4041: 4183,417,198
4489: 1765,48
1985: 2121,4678,1736,3203,1879
1986: 3306,2789,2707
1987: 2344,1788
1988: 267,744,4539,3147
1989: 3069,584,849,3977
1990: 580,2695,3290,2121,4678,1632
1991: 148,3077,2195
4009: 4682,1853,161,2087
1993: 91,2817,4455,22
1994: 2578,3925,122
4555: 
4566: 2830,3611,3595,3112
1997: 3433
4147: 1119,2922,144
1999: 18,1499,2999,2401,2892
2000: 326,2772
2001: 1556,2264,2954
2002: 4506,3523,4050
2003: 2677,4033,1101
2004: 3771,1970,2350
2005: 823
4068: 
2007: 472,222
2008: 
2009: 4141,815,3220,1173
2010: 2988,1538,3417,3073
4401: 3240
2012: 3555
2013: 247,4792,3850
2014: 1907
2015: 2560,110,4526,4544,1684
4574: 2724,887,681,1919
2017: 1405,3677,3347
4769: 1974,433,269,2164,1647,1174,1051,58,1205,4685,3337
2019: 4420,1484,415
4624: 1432,4619,1863,3935
2021: 2028,4381
2022: 1199
4180: 802,3505,3354,1877,4499
2024: 209,2536,3655,3500,4270
4485: 4714,2172,4468
2026: 1907
4654: 886,3543
2028: 2021,818
2029: 3036,88
2030: 514,169
4332: 2794,3786,107
2032: 1209,2296,3167,4294
2033: 3898
4765: 115,2814,1582,234,609
4607: 
2036: 4273
2037: 2136,4445
3975: 1715
2039: 851,1286
4283: 725,4312,2401,1867,1732
4547: 3986,4223,1091
2042: 
2043: 4138,3144,102,3533,4454
2044: 1223,4213,1200
2045: 
2046: 2681,2065
2047: 4822,709,1299,2673
2048: 4278,3779,4188
2049: 1868,4210,2139
4174: 2262
2051: 3244,982,3536,986
2052: 4399,1376,294,933,2715
2053: 684,3217
2054: 524,42,2283
2055: 3457,3841,675
4083: 340,3044,4683,947
4087: 
2058: 323,507
2059: 
2060: 
2061: 2559,1103,2147
2062: 3940,4194
2063: 3161,1490
2064: 2640,4722,4241,4792,2619
2065: 2046
2066: 3398,4085,1409
2067: 973,1162,876
2068: 
4756: 1687
4121: 3164,4821
2071: 1944,4795,1323
4631: 483
2073: 1633,4498,3859
2074: 4662,1373,4046,3491
2075: 4758,182,958,3645
3967: 1115
2077: 3419,1411,1260
4106: 3632,3309,4403
2079: 2775,3528
2080: 3287,3785,3923,1076
2081: 2262
4449: 2860,2619,4792,3850
4218: 4383,2847,297,733,1980
2084: 
2085: 3014,3057,309
2086: 4345,1026,3464,4795,3339
2087: 4009,1853,161,3107,3263,4794
2088: 389,4585,2830
2089: 3846,4553
4508: 4192,3481,815,3663
2091: 1378,622,2218,1713,3452
2092: 256,642
4813: 37,1294,1960,4047,4789
4586: 670,752,654,81,3395
2095: 4794
2096: 398
2097: 212,4206
2098: 4815,3836,692,2711
2099: 2940,745
2100: 3404,3746,100,547,1031
2101: 4024,1319,927,461
2102: 310,2333
2103: 3112,4073
2104: 2528,3138
2105: 4037,1027
4292: 4403,2414,430,3632
2107: 3522,3906,4644
4703: 3745,407,2496,2523,4798
2109: 4303,2246
2110: 837,673,1705
2111: 2671
2112: 
2113: 1869,498,3553,2709
2114: 520,4800
4593: 4621,4700,1851,517
4550: 4210
2117: 4258,953,3108
2118: 
2119: 3178,1958,4691,2553
2120: 3343,2698,1495,2887
2121: 4678,1985,832,1879,1990,1632
4678: 2121,1985,1990,580
4053: 
2124: 1645
2125: 3612,3195,2836,633,1413,4351
2126: 2995,2481
2127: 2773
2128: 2565,1077,1944
2129: 2562,4109,2581,1677,4112,1396
4635: 2938,4652,993,2486
2131: 1031,648,564
2132: 2318,1629,2995,4627,1134,3231
2133: 3470
2134: 4022,4753
4231: 4158,1731
2136: 4445,2037,435,318
2137: 971,4534,4691,2553
2138: 4603,3711
2139: 3309,3916,2049
4192: 4508,59,3481,3663,2707
2141: 3157
2142: 1276,4425,1217
2143: 
4569: 3844,2670,484,733
2145: 2979,2580,706,1047
2146: 3200,1072,573,4438
2147: 902,2061,2559,2828
2148: 
2149: 328,982,822,1362,4481
4191: 4743,3730,2290
2151: 4571,4122,1932,1073
4408: 3273,4789,1554
2153: 4007,1150,2195
2154: 
4324: 2509
2156: 3687,4663
4370: 
2158: 3694
2159: 339,2334,2571,1785,4305
2160: 
2161: 993,545
2162: 
2163: 1978
2164: 269,4769
2165: 178
2166: 
2167: 701,3252,4634
2168: 404,965,4270,2536
2169: 1509
4707: 2659,141,3111,4207,4766
2171: 4061,4029
2172: 4485,1002
2173: 
4279: 3801,3966,2749,1862
2175: 1113,332,2561
2176: 2996,4107,669
2177: 487,1343,817,3343,683,4643
2178: 1597,4559,4086,2928
4177: 3486,1835
2180: 4269
2181: 504,4063,4558,1041
2182: 906
2183: 
2184: 1373,4046,3141,864
2185: 2899
4257: 36,504,4505
4144: 1747,3714,1715,2313,4589
2188: 1644,784
2189: 1906,4140,1622,1904
4696: 
2191: 1425,576,52
2192: 825
4454: 2043,3144
2194: 3361
2195: 657,3077,1991,4491,1150,2153
4753: 1061,2134,4022
2197: 277
2198: 3023,3608
2199: 2969,3734
2200: 1530,1025,4291,2856
2201: 2222
2202: 2499,885
2203: 4770,3818,1598,3199,888
2204: 3962,4576,4713,581,2678
2205: 4736,1071,3503
2206: 826,493,2526
2207: 1968,1458,3793,3357
4312: 4283,2785,1867,2613,1732
2209: 388,1565
2210: 3671,4211,333
2211: 
2212: 1120,688,177,3821,877
2213: 229,2568,3267,3488
2214: 
4347: 
2216: 4384,20,3479,4212,4804
2217: 3364
2218: 1713,2091,523,1412,3452
2219: 
2220: 1439
2221: 1238
2222: 4081,2201
4352: 2579,4172,1464,4427
2224: 2742,1348,3095
2225: 4116,4103,1076
2226: 2957
2227: 3477
4500: 2365,8,4060,4413,4378
2229: 857,1393,3372
4726: 4815,3854,1575,4542
4674: 4115,223,3461,310
2232: 
2233: 1084,677
2234: 3725,3953
4418: 
2236: 2575
2237: 3159,3902
4215: 3307,3408,66
2239: 1096,2532,8
2240: 1478
2241: 411,2306,2731,3801,2635,3199
2242: 
2243: 1542,2803
2244: 
2245: 766,4488,4665,4536,884,2455,1295
2246: 4303,2109
2247: 3246,2585
2248: 3146
4017: 3115,1052
2250: 1324,3411
2251: 1043,3517
2252: 3880
2253: 
2254: 4341
2255: 
2256: 3793,1001,3035
4758: 3209,4551,1969,182,2075
4078: 3399,3292,3887
2259: 1927,816,3878
2260: 
2261: 2728
2262: 2081,4174
2263: 
2264: 1236,1626,3081,2001
4622: 2603,85,592,163
2266: 1752,38,3577,1346
2267: 392
2268: 2641,790
2269: 1359,1126
4391: 1620,1341,4725,4339,2303,493,2526
2271: 2299,3773,4775
2272: 2609,3488,1803,481,2597
2273: 1184,4669,2329
2274: 1814,4058,1585,4638
4109: 3759,2562,2129,11
2276: 1857
2277: 3351,4198,3374,1767,1780,1380
2278: 4452,1317
2279: 2696,1056,2610,2686,3724
2280: 123,2836,1165
2281: 850,3637
2282: 1603,4216,1960
2283: 2054,42
2284: 1401,4816
2285: 3027,4277,3633
2286: 3184
4805: 983,4341,621,1680
2288: 88,533
2289: 
2290: 4191,3371
4337: 795,4130,3556,1956
2292: 2482
4077: 2694
2294: 
3994: 463,3058
2296: 1209,2032,3167
4289: 2433,3986,3377
2298: 
2299: 2271
2300: 567,3708,1603
2301: 3780,82,1693,2501
4385: 2543,1394,1064,1870,1928
2303: 4447,3294,1750,1620,4391,2526,874
2304: 4480,829
4534: 2137,971,4159,2553
2306: 411,2241,58,3751
2307: 3299,315,3101,1949
2308: 3386,2927,2336
2309: 1514,3876,3369
4181: 1155
2311: 2437,2595
4519: 3634,1149
2313: 2599,3714,4144,3777
2314: 4514,634
2315: 2987
4334: 2446,1275,1219,1529,2833
4525: 4379
2318: 1629,2132,2995,1134
2319: 621,3384
2320: 2848
4196: 1181,3723,2540
2322: 4812,395,3364
2323: 396,806
2324: 1865,1182,2905
2325: 4327,918,4532,4822,4817
2326: 3613
2327: 4625,3886
4787: 883,3,4781
2329: 4669,2273
2330: 1965,1836,4369,4214,345
2331: 4031
2332: 
2333: 2102,4732
2334: 1842,755,2159,4305
4612: 3265
2336: 3029,2308,2927
2337: 1182,2812,4617
2338: 686,3393,1650
2339: 4632,1653,2967,3704
4610: 
2341: 4669,117,1544,3563
2342: 3911,4310,675
2343: 1525
2344: 1987,1008
2345: 1961,3383,4510
2346: 1789,1304,4785,4365
2347: 533,3627
4202: 
4461: 334,601,4819,1333
2350: 81,3487,654,1970,2004
2351: 767,2744,529
2352: 
2353: 3447,3307
2354: 2580
2355: 1594
2356: 
4818: 2469,1052,3905,4772,1654,3019
4044: 2778,3016,2695,3290
2359: 783,3737,712
2360: 1561,2843,3879,3218,2631
2361: 4338,2867
2362: 957,707,1074,2462
2363: 134,724
2364: 4173,4822,709
2365: 4500,4378,823
2366: 4466,1415,2585
2367: 3831,2979
2368: 
4131: 356
2370: 3618,2439,1419,3523
2371: 394
2372: 1959
4194: 2062,4482,2766,4295
4687: 1675,1586,1690,3726,4436
4735: 2768,4094,1895
2376: 284,1448,2746
4105: 
2378: 3844,632,840,1980,1289
4230: 4057,511,1948,177
2380: 4528
2381: 2939
2382: 
2383: 2906,2614
4119: 1323,357,4795,1026
2385: 192
4197: 4254,310
2387: 2404,3647
2388: 2614,4155,322
4417: 1230
4655: 3734,4049
2391: 1104,110
4094: 1895,748,314,2768,4735
2393: 243,4642,1080
2394: 4812,3443
2395: 
4474: 3817,699,4475
2397: 2434
2398: 
2399: 
2400: 386
2401: 4283,1732,1999,1499,2892
2402: 794
2403: 4705,429,4252
2404: 2387,3172,3558
2405: 3901
2406: 1237
2407: 3387
2408: 3315
4616: 2872,1396,1575,4005
2410: 3830,1101,4371
4167: 2739
2412: 1121
2413: 2653
2414: 1798,3641,430,4292
2415: 3298,789
2416: 4755,1560,2766
2417: 1160,2491
2418: 1797,2425
2419: 3959
2420: 1567,1918,421,4734
4649: 1793,621
2422: 4093,2743,2430,2469
2423: 976,3457
2424: 1975,2623
2425: 2418
2426: 528,3816,1647,4807,4209,3497
2427: 903,4774
4003: 4693,71,1022,1515,3527
2429: 2793
2430: 1431,4437,2422,4093
2431: 3495,368,4108,587
2432: 2457,1666
2433: 1009,4289,3377,3341
2434: 2397,2998
2435: 3216
4665: 2245,766,4488,1583,3102
2437: 2311,389
2438: 620,991
2439: 3618,2370,3111
2440: 1821
2441: 
2442: 3233,4457,3756,697,239
2443: 2858,1722,436
4609: 3764
2445: 4287,3427,1269
2446: 1275,1100,4334,3024,1529
2447: 266
4491: 1150,2779,148,2195
4079: 3222,3038,1450,2896
2450: 549,4359,500
4472: 3345,651
2452: 233,638,276
2453: 
2454: 3427,2693,3946,1470
2455: 3758,1295,2245,766,4536
2456: 632,404,4524
2457: 2432,1138,245
2458: 2956
2459: 964
2460: 2608,1256,3693
2461: 4772,4796,4563
2462: 707,1074,3814,1141,2362
2463: 420,3260
4730: 1442
2465: 
2466: 1507,3555
4715: 
2468: 352,1505,3120
2469: 4818,2422,1052,2743
2470: 4775,1807
2471: 1484
2472: 
2473: 416,3132
2474: 1302,143
4782: 812,3705,2824
4247: 1660,4777,4483,4320
4690: 
2478: 977,1969
2479: 4031,3707
2480: 3139,1503,4142
2481: 1485,871,2126,1051
2482: 423,2292
3984: 703
2484: 316,3604,2915,3877
4543: 67,3007
2486: 993,4635
2487: 3664,3799
2488: 1682,508
2489: 
4456: 3744,1717
2491: 1160,2417
4754: 4344,1925,1649,4562
2493: 3222,3338
4032: 3709,1588
2495: 962,2934,3786
2496: 4409,4703,3745,2523,4798
2497: 1597,4559,1151,2787,4102
2498: 
2499: 2994,885,2202
2500: 1591,3960,2961
2501: 1638,3125,2301
2502: 1671,1701,3393
2503: 4677,1848,3205
2504: 3847,2750,4581,437,1487
2505: 2828,1060
2506: 4126,2592
4482: 4194,4184
2508: 1376,239,915,2969,4399
2509: 4324
4037: 2105,1027
4672: 3392,258,560,413
2512: 4394,1547,3682,1569,338
2513: 1594,2771
4465: 1112,2885,438
2515: 3027
4152: 4819
2517: 3342,3245,3749
2518: 4744,4439
2519: 4530,661,612
2520: 3395,1474,3105
2521: 2780,696,998
2522: 4755,1682
2523: 1419,4703,2496,4798
4406: 1750,188,4526
2525: 
2526: 2206,493,4391,2303,874
2527: 1774,642
2528: 2104,3138,3715,4377
2529: 1511,3649,3180,150,4494
2530: 1139,1099,3719,3341,987
2531: 2743,242,431,3115
2532: 3599,2239,1096,1157,2755
4130: 1679,4337,1956
2534: 740
4568: 952
2536: 2024,4270,2168
2537: 1284
2538: 
2539: 
2540: 1465,3604,2915,4196,4213
2541: 4436
2542: 2838
2543: 4385,1891,238,1064,1870,3985,1928
3968: 236,3417,4806
2545: 1112
2546: 
2547: 3447
2548: 4512,1937,4392
2549: 4149
2550: 
2551: 1194,4459
2552: 1327,1981,921
2553: 4159,4381,2119,2137,4534,4691
4736: 1071,1206,2205
2555: 
2556: 
3983: 2705,134
2558: 3595,2981
2559: 2061,1103,4713,4576,902,2147
2560: 4455,2015,1684
2561: 2175,332
2562: 4109,2129,4118,1677,1116
2563: 3893,2851,1086
2564: 
2565: 4421,2128,303
2566: 4657,284,875
4409: 2496,422,3745,4798
2568: 2213,2865
4033: 3567,3512,1101,2003
2570: 674,3379
2571: 1785,3982,339,2159
2572: 3451,157,3781
2573: 
2574: 1874
2575: 2236,1061
2576: 1549,4575
2577: 1618,425,4294,4016,3554
2578: 1799,1994
2579: 3627,4172,4352,3036
2580: 2979,2145,2354
2581: 1072,419,2129,2872,1396
2582: 387,453
4330: 286,3410,1774
2584: 4124,393,521,3442
2585: 4466,2366,2247
2586: 
2587: 1798,3326,274
2588: 1318,4643,1932,683,1073
2589: 174,4770
2590: 872,1015,3673
4437: 1431,2430,1859,4093
2592: 2506,4126
2593: 1286,3367,2685,2824,1585
2594: 4443,4533
2595: 2311
2596: 52,4030
2597: 481,3355,1803,704,2272
2598: 3232,303
2599: 1104,2313,3714
4015: 1327,1981
4395: 375,2692,4810,4386,369
2602: 4801
2603: 4622,3271
2604: 916,1608,1897
4486: 4024
4686: 2820,4285,935,3930
2607: 1016,3211
2608: 2460,3693,1809
2609: 3488,2272,1063
2610: 2279,3905,4772,3724
4042: 1729,453
4310: 3911,2342,852
2613: 2657,2785,4312
2614: 4604,2383,2388
2615: 317
2616: 798,4373,996
2617: 2879
2618: 1363,3215,2816,3841
2619: 4449,2064,2640,4792
2620: 
2621: 3537
2622: 1500
2623: 2424
2624: 
4362: 3795,4317,4216
2626: 1801
2627: 1165
4011: 1676,3369
2629: 3873,1191,1475,1016,891,3646
2630: 1262,697
2631: 4537,1561,2360
2632: 1545
2633: 1777,824,1502,3887
2634: 848
2635: 2731,3801,2241,3199
2636: 3047,3644,3671,4096
2637: 4490,1844,131
2638: 4043,3008,2964,1291,3386
4789: 37,4813,1294,4408,439,3273,1554,2912,408
2640: 2064,4241,3223,4792,2619
2641: 1445,2268,790
2642: 3893,1123
4141: 2009,3481,2861
4657: 2566,968,284,4784,875
2645: 2798,1193
2646: 1891,3296,3299
2647: 681,3821,3069,3977,3247
2648: 3303,2828,3050
2649: 2752,270
2650: 3772,410,3879
2651: 2953
2652: 3172,1915
2653: 4651,2413,1006,624
2654: 3127
2655: 111,1646,3068
2656: 133,3648,3352,1167
2657: 2613,1414
2658: 3911,28
2659: 4707,3849,141,4766
4296: 4768,1609
2661: 
2662: 1050
2663: 4767,4012
2664: 936,3580,4728
2665: 659
2666: 2901,2837,3928
4453: 3934
4502: 1842,4151,1087,1307
2669: 705,3716,770,1757
2670: 209,3842,4569,484
2671: 1581,4520,3874,2111
4206: 3857,2097
2673: 1863,3935,4697,1299,2047
2674: 299
2675: 268,1225,1512
2676: 1375,89
2677: 2003,3079
2678: 581,2204
4168: 
2680: 3923,4103,1076,2959,4363
2681: 1311,1681,2046
2682: 3495,812,1100
4349: 3563,954,2944
2684: 
2685: 2824,1286,2593,3705
2686: 1824,3724,4582,2279,1056,3669
2687: 414,4615
2688: 1711,4737
2689: 4448
4005: 1575,1767,573,4616,4198
4199: 
2692: 375,4395,1252,4810
2693: 3427,2454
2694: 4077
2695: 1990,580,3290,4044
2696: 2279,3321,1056,3335
4591: 1380,1463,2794,3722
2698: 2120,3343,3085,817
2699: 2713
2700: 2852,617,4763,210
2701: 4126,4154
2702: 4132,1046,3903
2703: 526
4459: 2551,1194,555
2705: 3983,4651,134,1383
2706: 2800,4100,4629
2707: 3663,4192,1986
2708: 763
2709: 3048,2113,498,3553,3316
2710: 1966,1478
2711: 692,4815,2098
2712: 3832,857,1375
2713: 2699
2714: 3727,846,1646
2715: 4399,2052,4049,933
2716: 267
4709: 3584,1029,3201,708
2718: 
2719: 3271,301,230
2720: 272,346,366
2721: 
2722: 160,772
2723: 720,3422,810
2724: 4574,1919,4055
4329: 1638,4322,1424,3125,1218
2726: 3661,2825,893,4132,1462
2727: 728,4556
2728: 2261,3026,3093
2729: 3220,3542
2730: 3771,216,3109,4700
2731: 3801,2241,1234,2635
2732: 3486
2733: 3352
4432: 589
2735: 3081,1265,3665,3753,4201
4102: 3200,4559,2497,2787,1739
2737: 1450,994,3494,4802
4303: 522,2109,2246
2739: 4167
2740: 1832
2741: 4425,2791,1868,1276
2742: 2224,3957
2743: 1052,242,2531,2422,2469
2744: 3665,3631,767,2351
4052: 1105,1364
2746: 3409,948,668,2376,1448
2747: 102,1898,4331
2748: 1336,3524,272
2749: 92,4279,3966
2750: 2504,4581
2751: 779,3858,302,4240,2786
2752: 3048,2649
2753: 2878,610,3233,4601
2754: 183,3414,4048,1127
2755: 1157,2532
2756: 1089,4137
2757: 4785,3642
2758: 3974,2888
4066: 3006,154
2760: 4390,3160,3976,1228,801
2761: 705,1823
2762: 
2763: 
4308: 871
2765: 
2766: 1108,4194,2416,4755
4004: 23
2768: 1330,314,4094,4735
4797: 4592,347,1690
4304: 152,764
2771: 1823,2513
2772: 2000
2773: 584,2127
2774: 4478
2775: 2079,3943
2776: 1079,550,3938,564
2777: 691,4539
2778: 4238,3016,4044,569
2779: 4491
2780: 696,2521
2781: 3589
2782: 3518
2783: 4720,1097
2784: 4286,1827,3541
2785: 1981,2613,4312
2786: 3637,2751,4240
2787: 1850,1739,953,1151,2497,4102
2788: 340,299
2789: 1986,4671,3306
2790: 3853,4717
2791: 2741,3916
2792: 4746
2793: 3145,2429,1878
2794: 4332,4591,3873,3722,3786
2795: 3366,723,3617,2866,1316
4382: 3772,410,1309,698
2797: 
2798: 1667,2645
2799: 643,1910,4412,991,4046
2800: 2706,1896,71,75
3978: 1808,3326
2802: 
2803: 197,2243
2804: 695,1245,271
2805: 
2806: 
2807: 3652,3319,3243
2808: 3926
2809: 2893,1735,3980
2810: 
2811: 1717
2812: 2337,1182,4822,918,1226
2813: 3655,3500,3959,1322,1388,4608
2814: 4233,4765,609
2815: 
2816: 941,210,1363,2618
2817: 91,1165,1993
4422: 2863
4498: 522,1633,2073
2820: 4285,4686,935,2931,1479
3976: 2760,3160,1471
2822: 2851
2823: 1419,407,4723
2824: 2685,2593,4782,3705,1078
2825: 2726,893,3681
4344: 4754,4798,1925,450,1018
2827: 
2828: 2505,2648,902,1060,2147
4294: 1810,4016,2032,1222,1618,2577
2830: 3611,4566,2088,3112
4533: 2594,1633
2832: 
2833: 1275,4334
4050: 1260,2002,1685
4020: 3170,3133
2836: 2125,4351,123,2280,4625
2837: 2901,313,2666
2838: 2542
2839: 3153,527,479,3404
4187: 4799,3679,3720,2881,9
4440: 456,989,1198,1747
3989: 1961,3965
2843: 1561,2360
2844: 3956,3810,1170
2845: 4248,3093
2846: 1368
2847: 1001,4383,4218,1980,4626
2848: 1037,2320,4325
4291: 2856,2996,2200,2890
4027: 3800,1506,3168
2851: 2822,1086,2563,1577
2852: 2700,617,771,4763,3630
2853: 1086,3836,1566
2854: 3884
2855: 863
2856: 4291,1025,2200
2857: 4807,1528,4209,1783,3325
2858: 2443,1393
2859: 292,656,15,76,1784
2860: 4679,4449,4792,4242
2861: 4781,4141,671
2862: 1320
2863: 1695,1900,4422
2864: 1571,1905
2865: 99,2568
2866: 3681,2795,1316
2867: 2361,1858
2868: 3719,3341,4784,3702
2869: 3510,3034,514,1469,873
2870: 4771,3825,3717
4444: 4599
2872: 4616,4438,2581,1072,1396
4725: 766,1620,1341,4391
4820: 
2875: 
2876: 557
2877: 829,3536,986,819
2878: 2753
2879: 2617
4404: 1004
2881: 486,1563,4187,9
4159: 2553,4381,4534
4240: 779,2751,2786
2884: 1724
2885: 1123,4680,1112,4465
4082: 
2887: 683,1073,1495,2120,3343
2888: 4451,1161,2758
2889: 1824,3724,1854,4810,1829
2890: 4819,4291
2891: 1847,176
2892: 1008,2401,1999
2893: 2809
2894: 
2895: 445
2896: 622,1727,1450,4079,3038
2897: 3274
2898: 3513,3202,3071,3623
2899: 2185
2900: 3621
2901: 2837,313,2666,3928
2902: 4153,1338
4490: 2637,3957
2904: 1698,3537
2905: 1182,2324,3806,3600
2906: 2383
2907: 
2908: 271,701
2909: 306,1938,3067
4019: 605
2911: 1900,1799,3034,3458
2912: 1554,3869,4789,408
4025: 4565
2914: 3245,1613,4421
2915: 2540,3604,2484
2916: 717,4767,4348,1070,3511
2917: 1890
4343: 3691
2919: 4214,3035,345,3479,4212
2920: 4598,4737
2921: 
2922: 962,4147,3619,144
2923: 
2924: 4411,4653
2925: 3514,32,572
2926: 4363,4103,3658
2927: 2308,1502,2336
2928: 4086,4559,2178
4219: 1779,1168,1570
2930: 
2931: 2820,935
2932: 
2933: 3084
2934: 2495,865,221
2935: 1081,1590,1142
2936: 3450,1893,378
2937: 178
2938: 4635,4652,1521,4808
2939: 2381,703,1691
2940: 3767,2099
2941: 978,230
2942: 4311,334
2943: 
2944: 3472,954,4349,3346
2945: 
4366: 786
4576: 3962,2204,4713,2559
2948: 
2949: 809,3997
2950: 1415,3387
2951: 
2952: 4122,685,1305
2953: 2651
2954: 2001,656
2955: 1196,775,1528
2956: 2458
2957: 2226
2958: 1377,752,3487,1840,4323
2959: 3142,2680,3923
2960: 1155
2961: 4116,2500,1423
4367: 1698,3472,3162,1028
4713: 4583,523,1103,2559,581,4576,2204
2964: 2638,3008,3603,3696
2965: 364,903
4779: 1580
2967: 2339,4632
4049: 4655,3734,2715
2969: 2199,4135,915,2508
4662: 2074,1126,1144
4290: 1366
2972: 
4386: 369,4810,4395
4046: 1373,2184,2799,1910,2074
2975: 1014,179
2976: 1334,4620,1185,4602
2977: 
4327: 2325,3815,4817
2979: 2145,2580,2367
4275: 
2981: 1293,4652,2558
2982: 3204
2983: 1290
2984: 151,3137,1488
2985: 1091,1099,4629,1139
4773: 1176,460,255,3830
2987: 2315,3735
2988: 2010,3226,1538
2989: 1686,912,1009,3583
2990: 1241,3185,1029,4623
4248: 2845,3564
2992: 3586,4039,1852
4460: 1270,4814
2994: 2499,885
2995: 2318,2132,3231,2126
2996: 2176,4291
4056: 
2998: 4793,2434,3425
2999: 18,1999,3312
4468: 4485
3001: 1624
4819: 2890,4152,543,669,47,334,4461
3003: 
3004: 4727,3174
3005: 4243,3552,795
3006: 154,4066,1852
3007: 398,4543
3008: 2638,2964,533
4651: 2653,2705,1383
4504: 312
3011: 1742,3259
3012: 3409,718,25,57
3013: 
3014: 2085,3423
4558: 1570,3163,2181,1041
3016: 4238,2778,4044,1516
3017: 3558,1247
3018: 1307,1520
3019: 1654,4818
4365: 1687,2346
3021: 
3022: 
3023: 3749,2198,3608
3024: 2446,1275,1100
3025: 
3026: 3093,2728
3027: 2285,2515
3028: 
3029: 2336
3030: 497,4286
3031: 
4447: 2303,3294,429,874,4185
3033: 1315,4748,4195,4611
3034: 2869,3510,3458,2911
3035: 4214,2919,2256
3036: 2029,3627,2579
3037: 4629,4223,4823
3038: 4079,2896,4670
4415: 
4470: 548,1433,3135
3041: 434,781,4090
4795: 3658,3917,4116,1816,2071,1944,4119,1323,357,2086,1026
3043: 
3044: 4083,340,947,3116,3313
4679: 2860,4054,4242,4802
3046: 
3047: 3882,2636,568,3644
3048: 2709,498,4783,4170,2752
4594: 56
3050: 854,3303,2648
3051: 4064,1469
3052: 4407,1634,1190,4189
3053: 3072
3054: 527,479,4125,3268,3508
3055: 1636,1257
3056: 
3057: 2085,4732,309
3058: 3994
4007: 2153,1150,1536
3060: 1584
3061: 4763,210,1231,4794,941
3062: 4089,4716
3063: 1772,4133
4683: 4083,947
3065: 1948,849,1261,4659
3066: 3878
3067: 2909
3068: 1394,4724,2655
3069: 1989,3977,2647
3070: 3622
3071: 3499,1268,2898,3202,3623
3072: 3053
3073: 4803,1538,2010,1725
3074: 
3075: 
3076: 
3077: 657,2195,1991
3078: 42
3079: 2677
3080: 1006,624
3081: 2735,1265,2264
4589: 583,1583,4144,3777,3102
4790: 10
3084: 2933,3286
3085: 289,2698,487,817
4161: 5
4551: 3209,4758,4640
3088: 254,791,4469
4618: 661,3942
3090: 3448,3433,3621
4112: 1677,1396,2129,3156,3854
4527: 1502,3399
3093: 3026,2845,2728
3094: 4806,426,4776
3095: 1348,1661,555,640,2224
3096: 
4255: 
4487: 
3099: 4604,3187,1089
3100: 4114
3101: 4598,2307,315,1949
3102: 583,4589,1583,4665
3103: 1163
3104: 
3105: 1888,2520,1474,1465
4694: 184,440,881
3107: 3254,3263,4243,161,2087,4763
3108: 1616,914,953,2117
3109: 1668,216,2730,695,1245
4340: 1368,4402
3111: 3618,2439,141,4707,4207
3112: 2103,2830,4566,1763
3113: 
3114: 94,3297
3115: 4017,431,2531
3116: 3313,4139,340,3044
3117: 
4775: 2470,2271,3773,3835
3119: 
3120: 1505,2468,4047
3121: 
3122: 152,1298
3123: 
3124: 4734,3347,491,3979,3737
3125: 1424,0,1638,2501,4329
4149: 2549,942,1850
3127: 1785,3712,3323,4305,2654
3128: 
3129: 4153,1135
4501: 979
3131: 420
3132: 2473
3133: 1941,4020
3988: 263,243,3779,1080
3135: 1433,4470
4405: 3363
3137: 2984,151
3138: 2104,2528
3139: 2480,1503,1215
3140: 1934
3141: 864,1373,2184,158
3142: 2959,4048,1127,4823
3143: 324
3144: 4138,2043,4454
3145: 2793,1148
3146: 2248
3147: 4539,267,1988
3148: 463,1815
3149: 4096,1392
3150: 185
3151: 4387
3152: 1482,3279
3153: 1215,3252,2839
3154: 1195,4228,3353
3155: 1332
3156: 1116,1677,4112,3854
3157: 2141
3158: 1571,1856
3159: 2237,3902
3160: 2760,4390,985,3976
3161: 2063
3162: 3958,4367
3163: 4558,1168,530
3164: 4121,4821,4125,3508,3691
3165: 1452,812,3705
3166: 3170
3167: 1875,2296,2032
3168: 1506,3800,4027
3169: 478,3353,49,1919,4140,4055
3170: 4020,3166
4309: 4306,756,1530
3172: 2652,3558,2404
3173: 3833,905
3174: 1303,549,3004
3175: 4363,4823,3339
3176: 3203,1372,155,1736
3177: 
3178: 2119,1106,528,4691,3497
4265: 642
3180: 150,4494,2529
3181: 247,1305
3182: 4627,1328,227,3710,3231
3183: 
3184: 2286,3575
3185: 3706,2990,1241,3750,729
4731: 
3187: 3943,3099
3188: 3674,1794,1888
3189: 
3190: 1510
4480: 2304,1498
3192: 1156,4711
4136: 1171,370
3194: 
3195: 2125,3612,1413,3509,4178
4512: 2548,1937,3701,3860,3490
3197: 1691,601
4746: 2792,560
3199: 1598,2241,2635,3818,2203,4770
3200: 4102,2146,1739,344
3201: 1029,4709,3886
3202: 3513,2898,1211,365,3071
3203: 3176,1372,1985,1736
3204: 428,4619,3639,4074,2982
3205: 3613,2503
3206: 
3207: 
3208: 4811,3504,3568,3624
3209: 4551,4758,4640,1969
4064: 3051,445,251,1469,3631
3211: 4351,1069,633,2607
3212: 781,1749,3741
3213: 4692,1612
4632: 2339,2967
3215: 1309,2618,698,3841
3216: 2435
3217: 4427,2053,854
3218: 3879,2360,4537
3219: 3390,4446,4368
3220: 2729,1173,3542,2009
3221: 
3222: 4079,2493,3338
3223: 2640,4241
3224: 
4239: 1510,1855,846
3226: 2988,1081,1590
3227: 1566,1069
4605: 785,3833
4351: 123,3211,633,2125,2836
4583: 523,1412,4713,916,581
3231: 3710,4627,3182,2132,2995
3232: 2598,707,513,303
3233: 2442,2753
3234: 1947
3235: 1028,1698,3537
3236: 3740,275
3237: 4692,630
3238: 
4768: 4296,1609
3240: 813,4401
3241: 4723,4062,1920
4684: 3304
3243: 3319,863,4748,3652,2807
3244: 2051,635,4065,986,3540
3245: 2914,719,2517
3246: 2247,3686
3247: 914,942,2647,887
3248: 1197
3249: 694
3250: 86,1225
3251: 169,160
3252: 3153,2167,701
4737: 2920,2688
3254: 3107,4243,3670,4763
4184: 822,1546,4482,4295
3256: 465
3257: 
4682: 4009,1853,802,4499
3259: 647,3011,4424,1629
3260: 2463
4615: 1164,2687
4475: 4474
3263: 3107,2087,4794,4763
3264: 664,3428,4028,889
3265: 4612
4638: 3333,3897,2274,1814,4058,628
3267: 99,2213,1063,3488
3268: 4125,1733,4573,3054
3269: 1759,1121
3270: 778
3271: 2719,1361,2603
4211: 3644,503,1381,3671,2210
3273: 4408,439,4789
3274: 266,2897
3275: 
3276: 
3277: 1220,3467
3278: 1702,500
3279: 3152
3280: 269,1316
3281: 629,3401
3282: 886,3543
4523: 1758,995
4203: 
3285: 519
3286: 3084
3287: 2080,1423,1076
3288: 3732,4353
4732: 3057,310,2333
3290: 1990,2695,1632,1904,4044
3291: 
3292: 4739,4078
3293: 4507
3294: 2303,4447,1750,1620
3295: 
3296: 1891,943,2646,1592
3297: 3114
3298: 2415,3381
3299: 2307,1949,2646
4325: 3884,3683,2848,1037
4128: 1168,3908
4055: 4140,1622,2724,1919,3169
3303: 2648,3050,990,4392
3304: 4684
3305: 
3306: 1986,4671,2789,1010,1805
3307: 4215,2353,3447,66
3308: 1820
3309: 4106,3632,2139
4238: 2778,3016,569
3311: 
3312: 167,2999
3313: 947,3116,4139,3044
4448: 2689,1111
3315: 2408
3316: 165,13,3553,2709
4103: 2680,1076,2225,4363,2926
3986: 4547,4289
3319: 3243,3652,2807
4281: 
3321: 2696,1056,1431,3335
3322: 4771,45
3323: 3334,3712,3127,653
4783: 1550,4170,1310,1869,498,321,3048,125,1068
3325: 971,3497,2857,1528,4209
3326: 3978,2587
3327: 497,1961,3383
3328: 4229,289,3872,4762,3807
3329: 
3330: 
3993: 1965,1836,3468,615,4383
3332: 1170
3333: 4638,3897,3941,917
3334: 3712,3323,1087
3335: 4371,2696,3321,1056
3336: 469,957,4319
3337: 4769,1174,3816,4685
3338: 3222,2493
3339: 3547,3175,2086,3464
4407: 3052,1190
3341: 3719,2868,2530,1009,2433,4784
3342: 2517
3343: 2120,2698,683,2887,2177,817
3344: 4816
3345: 4277,4472,651
3346: 1963,954,2944,3472
3347: 3124,491,1405,2017,3737
3348: 680
3349: 3910,3758,4339
3350: 1127,4823,4100
3351: 2277,3374,3530
3352: 3648,2733,2656
3353: 478,3169,3154,4228
3354: 3505,65,912,4180
3355: 481,2597,4580,34
3356: 4
3357: 3607,1968,2207
3358: 
4095: 648,1218,597,550
3360: 
3361: 2194
3362: 855,1482
3363: 4405
3364: 252,2322,2217
3365: 1436,3744,1279
3366: 723,3617,2795,92,224
3367: 1286,2593,4530
3368: 
3369: 4190,4011,1676,2309
4178: 3886,3509,3612,3195
3371: 2290
3372: 1393,2229
3373: 4153,1338
3374: 3351,2277,4198
4111: 1430,311
3376: 93
3377: 1099,2433,4289
3378: 
3379: 193,2570
3380: 4706,3597
3381: 408,4346,3869,3298
4368: 1467,3219,3390
3383: 3568,3327,1961,2345
3384: 621,1680,2319
3385: 452
3386: 2308,2638
3387: 2407,2950
3388: 376,706,1519
3389: 1627
3390: 3219,4446,4368
4198: 2277,3374,573,1767,4005
3392: 4672,258
3393: 2338,2502
4143: 560,1892,476
3395: 2520,1474,4586,752
3396: 4298,1580,462
3397: 
3398: 2066,4263,4085
3399: 4078,1132,4527
3400: 
3401: 629,4812,3443,3281
4524: 4377,2456
4047: 3120,4813
3404: 2100,3746,527,4573,2839
3405: 3811,3819,664
4439: 3753,4201,4744,2518
4681: 485
3408: 1563,4215,3768
3409: 948,2746,3012,25
3410: 4126,286,4330
3411: 504,2250,270
3412: 406,499
4763: 3061,210,3254,3107,3263,3670,1231,4794,2700,2852,617,941
3414: 380,2754
3415: 3532,4748
3416: 
3417: 4803,2010,3968,4806
3418: 1871,3605,3698
3419: 2077,4562
3420: 4323,711,1397,316,503,4708
3421: 
3422: 4641,720,2723,810
3423: 3782,3014
3424: 
3425: 4793,2998
3426: 
3427: 2693,2454,2445,1470,1269
3428: 664,3264
3429: 
3430: 1457
4285: 2820,4686,1479
4567: 1762,3559,282,4660,290
3433: 3090,1997
3434: 3615
3435: 
4462: 4621,1083,4134
4728: 3580,2664,936,153,3492
3438: 
3439: 281
3440: 
3441: 3477
3442: 4080,2584,4124
3443: 4812,2394,3401
4804: 1189,4384,20,3471,2216,3512,1882,658
3445: 4563,3455,4796,1634
4226: 4675,77,419,3759
3447: 2353,2547,66,3307
3448: 3090,1922,3621
4101: 1515,956,235
3450: 2936,1893
3451: 2572,1970,216
3452: 2218,2091,523,1103
3453: 3831,525
3454: 985,531
3455: 3445,4563,3650
3456: 
3457: 2055,3841,2423
3458: 3510,3034,1799,2911
3459: 1416
3460: 940,4256,265,174
3461: 600,3490,4115,4674
4774: 952,2427
3463: 923
3464: 4345,2086,3339,3547
4716: 3062,4089,1581
3466: 
3467: 4299,4353,3277
3468: 4276,615,297,3993
3469: 
3470: 2133,1906
3471: 20,4804,3512
3472: 2944,3346,4367
4564: 
3474: 1553
3475: 531,1895,985,4390
3476: 4256,265,214
3477: 3441,2227
4777: 4247,4320
3479: 4384,345,4214,2919,4212,2216
3480: 1134,4424,569,131
3481: 4141,815,4192,4508,59
3482: 
4803: 3417,3073,4806
4353: 4299,3467,3288
4628: 635,3561
3486: 1835,2732,4177
3487: 2350,81,752,1377,2958
3488: 2609,2272,3267,229,2213,1063
3489: 4658
3490: 600,3461,4512,3860,4578
3491: 1827,2074
3492: 3584,3760,1493,4728,153,4162
3493: 
3494: 1148,3543,994,2737
3495: 2431,368,2682,1100,1529
4514: 2314
3497: 4691,3325,528,2426,3178,4209
3498: 1665
3499: 1268,3071,1694,3623
3500: 2813,3655,3959,209,2024
4118: 4416,2562
3502: 636
3503: 4251,2205
3504: 1334,4811,3208
3505: 3354,4180,4359,1877
4189: 1253,3052
4277: 3345,2285
3508: 4142,3691,3164,4125,479,3054
3509: 936,3195,4178,153
3510: 2869,3034,3458,1449
3511: 1070,540,1065,2916,4393
3512: 4033,3471,4804,1189
3513: 2898,3202,365,1136,304
3514: 2925
3515: 4535
3516: 627
3517: 1043,2251
3518: 2782
3519: 572,4029
4138: 2043,3144,102
4016: 4294,1810,2577,3554
3522: 2107,3906,3736
3523: 4207,3618,2370,2002
3524: 1336,2748,544,1200
4642: 2393,1305
3526: 1663
3527: 75,718,4003,71
3528: 2079
3529: 4535,276
3530: 1806,3351
4212: 2919,3479,2216
3532: 3415
3533: 102,2043,4331
3534: 317,1506,4146
3535: 
3536: 829,2877,986,982,2051
3537: 2621,2904,1698,3235,1914
4601: 2753,1262
4434: 832,1879
3540: 4065,3244,986
3541: 4759,4602,599,1827,2784
3542: 717,3566,2729,3220,4393
3543: 1148,3494,4654,886,3282
3544: 3569,4641,872,1015
3545: 
3546: 1078
3547: 3339,3464
3548: 
4345: 2086,1026,1433,3464
3550: 3836,438
4599: 4444,1212
3552: 4243,3005,237
3553: 2113,498,436,165,3316,2709
3554: 1425,4016,2577
3555: 2012,2466,1507
3556: 1956,4337
3557: 4496,4333
3558: 3017,1967,3172,2404
3559: 4567,1762,282,677,4135
4546: 882
3561: 4636,635,4628
3562: 577,1511,4788,4476
3563: 4349,2341,117,1544,954
3564: 4248
3565: 4175
3566: 3542
3567: 4033,1101,4371
3568: 3383,3624,3208
3569: 3544,872
3570: 
3571: 1668,216
3572: 595
3573: 39,35,3770,575,1578,168
3574: 4249
3575: 3184
3576: 
3577: 365,1346,1136,2266,1752,278,4193
3578: 1959,4297
4089: 274,3062,4520,4716
3580: 4728,930,2664
4320: 4483,4247,4777
3582: 244,727
3583: 65,2989,912
3584: 3492,3760,4709,708,1090
3585: 
3586: 2992
3587: 4661
3588: 1612
3589: 400,1237,2781
4051: 1260,4663,1247
3591: 4237,1044
4336: 
3593: 1325,318
3594: 
3595: 2558,3611,4566
3596: 1851,517,568,246,1397,3882
3597: 4706,3380
3598: 
3599: 2532,1096
3600: 412,3806,2905
3601: 1318,1343,674
3602: 563
3603: 4254,2964
3604: 2540,1465,2915,2484
3605: 3418,4816
3606: 1037,1848
3607: 3357,3987,1424
3608: 1950,3023,2198
4116: 2225,2961,1816,3917,4795
3610: 232,1018,1329
3611: 2830,4566,3595
3612: 2125,3195,4178,3886
3613: 3205,2326
3614: 
3615: 1744,3434
3616: 
3617: 3366,723,2795
3618: 2439,2370,3111,3523,4207
3619: 144,4010,2922
4582: 1824,2686,3669,769
3621: 2900,3090,3448
3622: 3070
3623: 3674,3499,3071,2898,670
3624: 3568,4811,3208
3625: 1654,4796,318
3626: 3672
3627: 2579,3036,2347,3701
3628: 1774,642
4549: 1254,1236
3630: 4801,2852,859
3631: 2744,4014,445,4064
3632: 4106,3309,4292,4403
3633: 2285,1761
3634: 1149,4519
4315: 
4822: 2047,709,4173,2364,918,4532,2325,2812
3637: 2786,2281
3638: 
3639: 4074,3780,428,3204
3640: 868,282,4660,927,461
3641: 1798,2414,3980,430
3642: 1350,2757
3643: 
3644: 4211,2636,3047,3671
3645: 4048,2075
3646: 4010,2629,1016,962
3647: 1350,2387,739
3648: 3352,1167,2656
3649: 1511,2529,4788,1905,150
3650: 1854,3455,1434,4810,1829
4000: 
3652: 2807,863,3319,3243
3653: 687,387
4416: 4762,193,11,4118
3655: 2813,3500,4270,4608,209,2024
3656: 
4262: 1356
3658: 4795,1816,2926
3659: 1794,3881,712
3660: 67,119
3661: 2726,4132,1046,1462
3662: 4410
3663: 2707,4192,4508
3664: 2487,3799
3665: 2744,445,2735,1265
3666: 3797
4695: 4617,3948,4173
3668: 
3669: 1056,2686,4582,769
3670: 771,3254,4763,617
3671: 2210,3644,4211,2636,4096
3672: 3626,979
3673: 2590,1220
3674: 3188,3623,670
4757: 1452,1044
4379: 515,4525
3677: 1405,2017
3678: 
3679: 4187,4799,540,1065,3720
4096: 4182,3149,2636,3671
3681: 2866,2825,893
3682: 3792,2512,1569,1608
3683: 4325
3684: 
4270: 3655,1541,4608,2168,2536,2024
3686: 3246
3687: 2156,3896,4663
3688: 
4010: 3646,1016,3619
3690: 1770,835
3691: 3508,4343,3164
4137: 2756,1089
3693: 2608,2460,1809
3694: 2158
4619: 428,3204,1838,4624,1863
3696: 4254,2964,4098
3697: 801,1688,1712
3698: 136,3418,84
3699: 70
3700: 876
3701: 4512,1937,3627
3702: 4784,2868,1686,307
3703: 
3704: 665,2339
3705: 4782,812,3165,2685,2824
3706: 1241,68,3185,726,965
3707: 2479
3708: 1603,2300
3709: 4032
3710: 3231,4627,3182
3711: 2138
3712: 3334,3323,4305,1087,3127
3713: 4306,228,974,1913
3714: 1747,4144,2599,2313
3715: 726,2528,4377
3716: 770,1757,2669,1594,54
3717: 2870,3825
4450: 304,1970,157
3719: 2868,3341,987,2530,4784
3720: 540,4187,3679,883
3721: 
3722: 3873,1191,4591,2794
3723: 3881,1888,4196
3724: 2889,1824,2686,2279,2610
3725: 2234,924
3726: 1690,1807,4687,4436
3727: 2714,4086,4675
4387: 3151
3729: 
3730: 1710,4743,4191
3731: 3874,1630
3732: 3288,1133
3733: 4776,295,1778
3734: 4655,2199,4049
3735: 2987
3736: 1664,1611,3522
3737: 783,2359,3124,3347
4394: 3964,2512,1547,332,338
3739: 
3740: 275,4400,3236
3741: 1488,3212
3742: 699,3765,1535
3743: 4606
3744: 3365,1436,4456,1717
3745: 4703,422,4409,2496,4798
3746: 3404,2100,100,4573
3747: 1573,511,1520,1651,190
3748: 3944,1703
3749: 3023,2517
3750: 1541,729,3185
3751: 58,1205,908,2306
3752: 
3753: 4439,529,2735
4151: 1842,755,4502
4183: 4041,417,4381
3756: 915,1084,2442,4457,239
3757: 3924
3758: 2455,4339,1341,3349
3759: 4109,4226,11,419
3760: 3584,3492,4162,1090
3761: 4476,606,1975,4788
3762: 
3763: 1770,3850
3764: 4609
3765: 699,3742
4254: 3603,3696,4098,4197
3767: 2940
3768: 785,3408
4727: 1877,4499,3004
3770: 35,3573,1578
3771: 2004,2730,911
3772: 2650,410,4382
3773: 2271,4775
4821: 1063,1183,3164,4121
3775: 900,4680
3776: 684,295
3777: 110,2313,583,4589
3778: 
3779: 4188,1080,263,3988,2048
3780: 2301,82,3639
3781: 1604,1095,2572,157
3782: 3423
4173: 2364,4822,4695
4086: 4675,2928,1646,3727,2178
3785: 958,663,2080
3786: 3873,4332,2794,2495
3787: 1423
4537: 2631,3218,946
3789: 
4798: 4344,1925,1649,4703,3745,4409,2496,4091,2523
4483: 4320,4247
3792: 3682
3793: 2256,4626,34,2207
3794: 4088
3795: 4362,37,439
3796: 1971
3797: 3666
4445: 2136,2037,1654,318
3799: 1681,3664,2487,1122
3800: 4027,3168
3801: 2731,4279,3966,411,2241,1862,2635
3802: 
3803: 825,694
4088: 1949,3794
3959: 2813,3500,2419
3806: 412,1226,3600,3812,2905
3807: 4762,193,487,1343,3328
3808: 1911,882
4714: 4485
3810: 4190,3956,2844
3811: 3405,984,584
3812: 412,3806,1808
3813: 187
3814: 2462
3815: 4817,4327,4553
3816: 2426,1647,1174,3337,4807
3817: 4474
3818: 1598,3199,888,2203,4770
3819: 3405,1592,298
3820: 1792
3821: 2647,681,1120,2212,3977,877
4091: 4798,1649,4506
4544: 1684,2015
3824: 720
3825: 4099,4059,2870,4771,3717
3826: 879,1560
3827: 3930,727,4536,1295
4338: 2361,219
3829: 1945,1542
3830: 2410,4773,255
3831: 2367,3453,525
3832: 3842,2712,89
3833: 3173,905,4605,785,4146
3834: 1703
3835: 4775
3836: 3550,2098,1566,2853
3837: 
3838: 1377,911,1005,4323,246
3839: 1864,4388
3840: 1454
3841: 3457,2055,3215,2618
3842: 3832,89,209,2670,484
3843: 
3844: 4569,2378,632
4268: 
3846: 2089,4553,207,1232,506,937
3847: 2504,864
4108: 587,2431
3849: 2659,4764,1955,4766
3850: 4792,2013,4449,3763
4545: 1787,3944
4413: 117,4800,4500,4060
3853: 2790
3854: 4815,4726,4112,3156
3855: 221,175,1227,865,1058
4424: 1134,3480,569,3259,1629
3857: 4206
3858: 302,779,2751
3859: 777,2073,287
3860: 4098,4512,600,3490
4371: 3335,2410,3567,1101
4637: 3974,4750
3863: 105
4724: 1394,3068,1510
3865: 
3866: 
3867: 
3868: 
3869: 1554,2912,999,3381,408,4346
3991: 
3871: 
3872: 289,3328
3873: 2629,1191,3722,3786,2794
3874: 4520,3731,2671
4671: 3306,2789,764
3876: 1514,2309,545,1170
3877: 2484
3878: 1927,3066,2259
3879: 3218,2650,410,2360
3880: 1947,2252
3881: 3723,712,3659,956
3882: 3047,517,3596,568
3974: 198,4637,417,2758
3884: 4325,2854
4652: 2938,4635,2981
3886: 4178,3612,2327,3201
3887: 1502,4078,2633,824
3888: 1653,906,746
3889: 
3890: 
4571: 4122,2151,1932
3892: 1488,4039
3893: 2642,2563
3894: 1765,48,1724,630
3895: 448,4477,1391
3896: 3687,348
3897: 4638,3333
3898: 4420,2033,837
3961: 4645
3900: 
3901: 86,1271,2405,1505
3902: 1447,2237,3159
3903: 1506,317,2702
3904: 
3905: 2610,1431,4818,4772
3906: 3522,2107,1088,4644
4477: 3895,448
3908: 4369,615,4128
4341: 2254,1477,4805
3910: 593,3349
3911: 2658,2342,4310,852
4780: 779
4195: 3033,4611
3914: 
3915: 1391
3916: 2139,2791
3917: 1243,4116,1816,4795
3918: 4528
3919: 1613,15,4421,303
3920: 967
3921: 
3922: 
3923: 2680,1076,2080,2959
3924: 3757,721
3925: 1994,122
3926: 2808
3927: 619
3928: 2901,2666
3929: 
3930: 3827,727,4686
3931: 
4506: 2002,4091,1649,1411
3933: 
3934: 4666,4453
3935: 1863,2673,4697,4624
4321: 4786,4361,909
3937: 1659,39,35
3938: 2776,564,1459,407
3939: 1773
3940: 2062,1169,120,1082
3941: 3333,917,628
3942: 364,4618,661,612
3943: 2775,3187
3944: 3748,4545
3998: 
3946: 2454
3947: 
3948: 4617,4263,4695,4085,369
3949: 1832
3950: 4124,724
4743: 4191,3730
3952: 
3953: 2234
3954: 4811,3969
4562: 1411,4754,3419
3956: 2844,3810,464
3957: 4490,905,2742,913