0: 1612,4287
1: 1866,1424,2337
2: 
3: 4273
4821: 964,4158,668,375,948
5: 
6: 1714,3983,490,2043
7: 241,2683,4172,4713
8: 2447
4728: 2629,263,3259
4688: 
11: 4513,2768
12: 3550,4199,588
13: 1856,1262,4499,4822,1970
14: 3693,3066,1733,4306
15: 3382,4243,4801
16: 4797,1099
17: 4675,573,1219,3545,1711
18: 1034,3156,4135,2928,1079
19: 1667,591,1422
20: 4465,857,1116,4616
21: 2171,3048
22: 428,2761,840
23: 608
24: 
4153: 2880,3953
26: 1957,1441,3111,802
27: 3348
28: 346,1301,2609,1172
29: 3765
30: 3549
31: 2332,4300,2166
3932: 3800,1372
33: 2158,738,1745,891
34: 2963,1884,4079,4660,4162
4478: 1746
36: 3725,1892,4172,3732,2835
4083: 3160,3384,1204
38: 628,4466
39: 3100,4662,1602
40: 2021,3881,4165,859
41: 3901,2482,949
42: 3913,4473
43: 1996,2686
44: 
4028: 4627,3405,3328,511,1016
46: 
47: 
48: 3411,3984,3201,854,4253
49: 817,1570
50: 3218,2636,2839,1827
4657: 2800
52: 801,3526
53: 3786,1200,3758,1520
4638: 1105
4711: 2756,2292,2831,815
56: 468,523
57: 3513,1955
58: 3232,1373,3919
59: 4319
60: 2162,4799,3472,796
61: 2409,458,3090
62: 545
4645: 4796
64: 1984,2742,2558,439,2571
4324: 875,4708
66: 2581,2664,1752,4118
3923: 4668,2442,1562,4252
4318: 2152,1714,4797
4666: 3742,3360
70: 
71: 1578,4059
72: 1384,4789
73: 2093,2525,1199
74: 2634,4747,468,523
75: 3931,657
76: 2886,3751
77: 2981,3601
78: 1555,2486
79: 1890,3189
80: 
81: 3420,1114
82: 3790
83: 3526,4736,1255,3231
84: 
85: 2919,2083,1337
86: 4683,2573,552,3026
87: 1292,674,3387
88: 880
89: 3331,3775,2822
90: 1529
91: 1072,1838
3925: 3440,781
93: 226
4631: 168,149,4503,2368
95: 
4169: 2433,1487,1125
97: 2868,2097
4177: 4751,1996
99: 2987,2905,3147
100: 3979,3640,4010
101: 4155,109
102: 4611,3186,2116
4743: 
104: 2267
4155: 101,2637,162
4346: 559,3794,3854
107: 4102,4769,1904
108: 3153,4078,3934,3546,3485
109: 1178,3072,101
110: 3715,2888,3758,3071,338,1520,2959
111: 4122,4497
112: 488
113: 2146,4786,2577
114: 
115: 
116: 3042,844,1905
4503: 2991,2368,149,4631,4764
3921: 4033,4510,4814,1910
119: 4200
120: 1472
121: 854,669,3672
122: 1948,3203
4733: 2615,580,904,239,1302,4183
124: 1688,3154,1528,1583
125: 3086,1913
126: 
4198: 2969,3351,576,4809
128: 3539
129: 3808
130: 
131: 3882,2080,1840,1864
4275: 957,856
133: 2146
134: 4540,3102,4183,4767
4566: 
136: 3398,4741
137: 
138: 
139: 
4640: 739,2568,3723,4343,2540
141: 3883,1611
4410: 3255,4402,1417
4368: 2357,4399,942
144: 4778,1995,309
145: 
146: 3992
147: 
148: 
149: 3557,168,4631,4503,4764
150: 4223,3940,2814
151: 4560,1009
152: 932,3342
153: 649,4416,4643
154: 1875,520
155: 1532,1175,1879,3795
4701: 3136,2101
157: 4282,3292
158: 2438,2983
159: 520,3997
160: 4064,4422,1279
161: 1769,3005
162: 2637,4155
163: 4188,1706
164: 4341
165: 334,256,2325,3955,3806
166: 239,1302,1463,4540
167: 4709,2350
168: 2399,2933,149,3557,4631
169: 4565,4549
170: 3787,4790,1620
4626: 1973,1836,4212
172: 4777,1066
173: 2857,733,2478
4745: 1426,2641,790
3992: 146,4467,3208
176: 2260
177: 2724,4261,3763
178: 3481,4176
179: 
180: 
181: 1064,4389,4321
182: 1805,1985,1775,590
183: 2056,2474,1751
4611: 102,3186,357,3510,4629
185: 202,2385,3318,4500
186: 1784
187: 3574
188: 2822,931,4121,3204
189: 494,1780
190: 2753,1084,2109,4486,1240,4809
4729: 3829
192: 1994,2580
193: 3305,3926,4652
4756: 2918,4765
195: 3037,1309
196: 4522,2542
197: 4680,1984,2558
198: 775,536,4138
199: 2746,3527
200: 3877,3844,246,3839
4772: 3321,2590,267,613,4504
202: 185,2385,3318
203: 1082,4662,1602,2631
4296: 3125,2813
205: 1133,2677,3567
206: 2106,1596
207: 2089
208: 
4427: 1149,3038,2588
4099: 3414
211: 
212: 1091,1303
4364: 1881,957,3207,764
214: 794,1628,2598,2944
4030: 1516,2866,1293
216: 1751,521,1259,3719
217: 1136,1175,3609,4149
4086: 2117,3185,962
219: 621,3353,1677,3859
3995: 2942,1559,1765,2202
221: 2021,3054,4531,3071
222: 3400,1585,2436
223: 3762,820
224: 593,506,4252
225: 3764,2947,4798
226: 1366,93
4027: 2957,2881,1037
228: 1941,4698,4397,345
229: 3432
230: 3802,4618,4163,4466
231: 2937
232: 
233: 
234: 3001,4811,4463
235: 2864,2540,366
4781: 3643,925
237: 2342,3538
238: 
239: 1302,166,1575,4733,904
240: 973,4107,1407,3620,4768
241: 2603,3732,7,4172
242: 3125,4297,2015,4214
243: 367,4659,1073,2543,4122
4742: 1054,4088,2956,1771
4477: 
246: 4038,3267,461,200,3839
247: 877,1849,664,4308
248: 
249: 3757
250: 
251: 3915
4287: 1537,2111,3089,0
253: 3179,2786,4738
3920: 
255: 333
256: 334,165,403,3955
257: 1166,3363,3393
4190: 553,1588,2570,3760
259: 
260: 3597
261: 4143
4204: 
263: 4728
264: 
265: 4700,4784,521,3409,2639,1880
266: 2675
267: 2499,4772
268: 3231
269: 1786
270: 1869,1838
271: 3451,4023
272: 2142,907,1270,3103
273: 2843
274: 2315,1239
275: 2533
276: 1943,4406
277: 2713,1330
278: 3639,3196,1708
4288: 1516,3958,836,3016
280: 2754,1487,1125
4246: 
282: 2794,1879,4492,2098
283: 1173,3336
284: 3080,2150,1002,3581,4595
4530: 587,414,4654
286: 476,2710,1934
4309: 931,2471
288: 
4817: 483,566,3244
4695: 3118
4614: 4266,4773,2049
292: 729,3556
293: 768
294: 4251,905,432,4235
295: 
4058: 2138,867
297: 3938,4578,2401,974
298: 3332,3334
299: 1641,3183,3705,2999
4804: 2430,2027
4769: 1767,317,107,4789
4659: 367,340,243,2714
303: 1341,1141,2770
304: 3979,4144,4038
305: 4710,1223
306: 
4577: 4588,518,1730,1337,4222
308: 419,1842,2010
309: 4404,1995,144,1029,3461
4582: 4085,1232,356,2997
311: 2355,4077,597
312: 1634,2494,1540,4732
3986: 4525,2086,1339,4795,4630
314: 
315: 487,532
316: 412
317: 1261,4769
318: 4768,2993,1854,541
4015: 1819,4762,2193,4639,2965
320: 
321: 539,799
322: 1618
323: 1164
324: 3631
4592: 1613,1935,3890,3458,3377
326: 1151,2026
4680: 197,1542
328: 
329: 2485
4100: 366,2864
331: 2823,1369
332: 1479,3372,673,2346,4071
333: 1794,255,3451
334: 165,256,2325,658
335: 
336: 1431,3567,2240
337: 
338: 4536,1520,110,2959,2526
339: 2773,689,1952,1065
340: 4659
341: 1716
4786: 2783,2577,113
343: 3718,3611
344: 2878,1974,3310
345: 2676,228,4698,2167
346: 28,4158,1263,4184
4049: 3148,3663,3801
4333: 2099,4213,3149,3218
349: 598
350: 4794,3441,4716,4106
351: 1358
352: 3359,1372
4203: 906,1053,758,4206
354: 1637,2137
355: 2705,3576
356: 4085,1232,4582,2723
357: 493,3510,1243,614,4611
358: 4500,3521,767
359: 
360: 2714,4497,1719,3024
361: 1298,1391
362: 4087
363: 2911,2028,1518
364: 1011,4402,3893
365: 670,3199,3653,4485,4685
366: 4100,583,235,3436,2303
367: 4659,1570,243,1073,2543
368: 587,3317,4654,4803
369: 3486
370: 872,1299,626
371: 1149,1521,3240,4808
372: 4212,3468,2717,2809
4070: 1213
374: 3584,4617,1025
375: 668,3358,4821,620,948
376: 2354,1077
377: 
378: 3673
4194: 1299,872
4325: 
381: 803
382: 4114,1345
383: 1673,3905
384: 2618,4356,2779
385: 1280,4103,1466
386: 
4654: 414,4530,368,2437,4803
388: 3089,1612
389: 3085,1597
390: 4447,2963,1884,3886,4591
391: 4454,806,2184
4387: 696,3810
393: 1117,728
394: 1112,3648
4801: 1933,1153,3042,3382,15,4243
396: 4029,4746,1551,3172,2905,982
397: 3511,2306
4110: 1949,3190,952,1054
399: 2553,4691,2510,3105
400: 2534,3224
401: 3813
402: 1425,3821
403: 4569,256
404: 2560
405: 2423,1978
406: 2698,1528,3728,1688
407: 4095,3797,3309,1126
408: 1715,3299,1982
409: 2148
410: 2148
411: 3801,4112,2986
412: 450,4754,316,2404
413: 3588,4818
414: 4530,3242,2437,4654
415: 3968,3198
416: 2907
417: 3734,2955,4709,1104,2416
418: 
419: 308,3648,1086,2010
4085: 356,4582,1015,2997
421: 3324,1577,1517
4274: 4201,1591,4597
423: 3521,767,4714
424: 942,3285,653,947
425: 1806,1597
426: 3293,3145
3946: 1400
428: 22,874,3553
429: 4332,3571,857,4616
3999: 2913,1244,3387
431: 467,756,3466,3373
432: 4235,294,586,4125
433: 2116,2639,1259
434: 
435: 1478
436: 2471,530,2659
437: 3849,1992
438: 3485,699
439: 64,1895
4326: 2450,562
441: 851,1589,3435,1078,1368
442: 1178,1984,2742
443: 4773
444: 4443,3899,531
445: 
446: 4712,2608,3948
447: 4000,3340,1782
448: 
449: 
450: 412,4754
451: 1600
452: 
453: 3173
454: 2575
455: 1793
456: 2279,3822,4193,2444
457: 4823,500
458: 2585,61,3090
459: 4633,2599,1034
460: 1401
461: 3844,2926,732,246,3267
462: 
463: 4192,526,1070,1698
4463: 2873,234
4054: 3317,4802
466: 1185,1956
467: 2929,431,2743,756,3344
468: 56,523,74
469: 4518
470: 
3983: 6,1714,2043
472: 
473: 3065,3506
474: 3106,1245,3552
4710: 305,3283
476: 286,1934
4748: 2662,2584,2363,2057
478: 4486,4044,2456,2647
479: 744,1092,2809,564,1432,3896
480: 3516
481: 3642
482: 3647,3084,3419,1684
483: 4817
484: 3357,4655,3619
485: 2546
486: 939,3855,1793,569
487: 315,3587
488: 112
489: 3404
490: 3388,2043,3150,6
491: 3202
4351: 4678,1136,1532
493: 357,2182,2056,4629
494: 189,2270,2088,4670
4495: 1442
4005: 1348,1815,4413,1488
497: 2185,3654
3997: 514,520,159
499: 2447,2417,2383,1096
500: 1303,4823,1091,457,2150
501: 
502: 1659
4196: 2959,3881,4450,2478
504: 3055,2037,4043
4391: 1604,733,593
506: 593,224,4668,1604,1563,4252
507: 4261,3788,573,1219
3919: 3232,58,3449,3199,1127
509: 980,1615,4330
510: 3602
511: 3405,4028,762
4344: 1645
513: 1992,3906
514: 3997,1160
515: 
516: 
517: 3815,3908,4428,1708,1056,4667
518: 4588,3097,4577,1730
4539: 1645,3288
520: 154,159,3997
521: 3409,2639,1259,3719,216,265
522: 3851,1658,3943
523: 468,56,74,4747
524: 3406
525: 2859,3319,4388,3144
526: 463,4192
4161: 2213,1343,4725,1316
528: 640,1715,1982
529: 4587,2895,2128,4524,4517
530: 3164,2659,436,1733
531: 444
532: 3718,315
533: 
534: 4497,1719,2125
535: 2977,4059
536: 4138,4712,198,2597
537: 2747
538: 1812
539: 4018,321,799
540: 3825,953,3592
541: 318
542: 4776,2250
543: 
4675: 1219,17,1711,3985,2493
545: 1287,62
546: 4133
547: 2815,3916,713
4793: 4405,3029,703
549: 3645,3182
550: 2673,3019
551: 3816,4685,1265,1888
552: 3159,4302,3026,86,4423
553: 4190,1871,4238
554: 847
4022: 1403,2541
556: 4173,597
557: 2407
558: 1468,4491,3911,1440
559: 3794,697,4346,3559,785
4268: 3866
561: 1377,1657,3522,2748
562: 2966,4326,2360
563: 
564: 4212,1432,479,2809
565: 3109,2209,4437,1649
566: 2765,4817
567: 1505,1753
4414: 4111,3959,2160
569: 486,2155
4455: 4586,4285,1116
571: 
572: 1464
573: 1219,17,3545,2612,507
574: 3146,1233
575: 1150,1212
576: 2140,4809,4198
577: 3441,1825,1350,4716,3616
4423: 2063,3279,552
579: 699,1072
580: 2615,4733,2070,3534
4402: 4410,3893,364
4281: 
583: 366,2303
4093: 1501,4527,2676,4397
585: 3991,1774
586: 730,432,2481,4125
587: 4530,368,3601,3792
588: 2129,2140,12
589: 1989
590: 4587,182,1985
591: 19,2833
592: 1601
593: 506,224,4391
594: 3541,1237,2025
595: 2282
596: 
597: 4173,311,4077,556
598: 2035,349
599: 2501,4131
600: 4263,936,2701
601: 2147
4323: 1249,1647,726,2646
4652: 812,193
604: 4447,2963
4314: 4480,2095,4812
606: 1827,2636
607: 
608: 23
609: 2620,698
610: 3171,1616,909,2357,3020
611: 4069,2885
612: 4111,4312,3845,3014
613: 4504,4772,870,3032
614: 4601,357,3510,1243
615: 4810,1122
616: 3218,2636,654
617: 
4076: 4686,3682,2664,1174
619: 
620: 695,1263,948,375,2915
621: 4239,219,3525
4269: 2235
623: 3956,4513
624: 897
625: 
626: 370,4697,3978
627: 2658
628: 3893,38,995,3802
629: 
630: 
631: 
4439: 781
633: 766,1909,4726,900,649
3962: 3185,1123,3259
635: 3326,1013,3980
636: 2008,3270,2271
4540: 134,3102,1302,166,4183
4754: 450,412,2387
639: 2335,2851,3470,1510
640: 678,528,2698,1528
641: 
642: 2228,1938,4796
643: 4130,968
644: 1765,2890,4018
645: 2653,3502,2565
646: 4021
647: 2986
648: 4403
649: 153,3657,633,766
650: 2007,1621
651: 3847
652: 1558
653: 1606,424,1871,4334
654: 3149,3218,616
655: 1029,3227,2990,2207
4594: 
657: 3770,75,2727
658: 334,2325
659: 2020
4210: 1668
661: 
4712: 446,536,2597,3948
4775: 834,3814,3960,3726,1729
664: 3020,3195,247
665: 767,1994
666: 2638,3091
667: 3540
668: 375,1567,1095,4821
669: 4721,3386,121
670: 365,3449,4548,3199,3653,4691
671: 4367,868,2280,3930
672: 1964
673: 2597,2310,2346,332
674: 87,2913
4385: 1204,984,2300
4437: 1856,1649,565,4398
4644: 
678: 640,3154
4580: 2136,3200,1393,2024
680: 1132,1347
681: 868,1633,3910
4107: 3184,2186,3584,240,3620
683: 4639,2842,2981
4320: 
685: 3878
686: 3466,2332
3975: 3534,2224,2327,3709
4674: 1763
689: 339,1952,1192
690: 
4676: 1736,1914,2106
692: 4159,4135
693: 3068,3694,4673
694: 3383
695: 620,2915,3589,4129,4271
696: 3028,2174,4387
697: 3525,559,3794,785
698: 4794,4480,609,2620
699: 438,579
700: 
701: 968
702: 1262,4499,4573,4822
703: 1349,4405,4793
4223: 3457,150
4525: 3986,2086,4316
706: 3275
707: 3205,4068,3493
708: 4291,2648
709: 2027
710: 4524,1134,3659,1161
4026: 
712: 2750,1886,1448
713: 3552,2815,547
714: 1705,1757
715: 2321,4304
716: 2122
717: 2327,3709,3480,2206
718: 1723
4658: 2538,2039,4806,4226,3191
720: 2201
721: 4217,2187
722: 2161,2588,2090
4708: 875,4324,3297,1944
724: 3260
725: 2426,2305,3287,2098
726: 3287,2646,4542,3795,1647,1844,4323
727: 2608,1455,1968,4822
728: 393
729: 292
730: 4094,586,1084,2109,2481
731: 1282,3739
732: 2926,4444,461,3267
733: 173,2478,1604,4391
734: 3061,3446,1003
4341: 164,737
736: 1917,1216
737: 4341
738: 2158,1745,2934,33,889
739: 2568,4640,2540
740: 4788
741: 
742: 1562,3756,1972
743: 4295,819,4812
744: 479,1092,2809,2918
4272: 1327,4118,2560
746: 871
747: 2928,1993,2444
748: 
749: 2909
750: 3966,1146,4147,1436
751: 2322
752: 1870,4660,4162,1413,3766,3138
753: 1015,2379,2384
754: 3422,3641,3671,3680
755: 1739,3171,909
756: 3344,467,431,3373,2980
757: 4759
758: 4203,4206
759: 3639,3196,1829,2460
4121: 3204,931,188
761: 
762: 511,3171,1616
763: 3707,2413
764: 1453,3207,1881,4364
4166: 1530,4160,890
766: 633,1909,649,1040
767: 3521,423,358,665
768: 293
769: 1166,1133
4497: 534,111,360,2714
771: 
772: 1254,3245,1288
773: 1890
774: 1416,3867,2312
775: 198,2053,3483
776: 2030,3162
777: 823,3424,3273
778: 4612
779: 2282
780: 2018
781: 3925,3440,4439
782: 2395
4004: 2366,3686,3213
784: 1518,989,2028,3148
785: 3559,559,697,3353
786: 
787: 1782,3605
4724: 2313
789: 3412,4308
790: 3435,1078,4745
791: 2459,3484,3583,971,3339
792: 3654,2078,3080,2153
793: 2781,2044,2184,1817
794: 1320,214,1698,1628,3193
795: 
796: 3472,2162,60,3566
797: 
4051: 2839,4129,1226,4506
799: 1379,321,539
800: 
801: 2482,52
802: 1853,26
803: 381
4021: 4424,646,3891
805: 4603,2519,3676
806: 3687,391,4454,3394,4250
807: 2437,3629
808: 4811,4766
4044: 478,4486,1240,2734,1646,2129
4569: 3650,3164,403
4490: 4230,3515
812: 4652,2521
813: 2233,3927
814: 986
815: 4711,1320
816: 2039,2559,2347,2759,4615
817: 49,993,2270
4119: 2515,2130
819: 2095,743,4653,4812
820: 4253,1430,223
821: 1504
822: 
823: 777,3273
824: 4489
825: 3516,3004
826: 4214,2552,2813
4251: 294,905,1767,4215
3991: 1614,585,1774
829: 3998,1115
830: 2319,4559,1370
4693: 2153,2078,4182
832: 3734,4138
833: 3695,2393,4237
834: 4775,3814
4785: 4376,2015,2696,3987,3610,2284,1190
836: 4288,1516,3359,3016
4705: 2484,1491,2930,3158
4449: 1770,3603
839: 2102,2523,2210
840: 22,2761,2669
841: 2935
842: 3256,1486
843: 3922,2820
844: 116,3042,3677,875
4048: 4485,2119
4720: 3108
847: 2406,554,4436
848: 3924
849: 2826,1297
850: 
851: 441,1078
852: 
853: 2711,902,963,3848,1148
854: 121,3201,3411,48
855: 
856: 4275,4458
857: 3571,429,20,4616
858: 1402,907,3103
859: 4668,4165,40,4451
860: 4509,3669
861: 2902,2998
862: 3423,2917
4149: 1558,217,2391
864: 2750,1886,3785
4071: 2301,965,2346,332,3372
866: 2238
867: 4819,4058
868: 681,2280,671,4367
869: 3606,1628,2598,3957
870: 1470,613
871: 746
872: 370,1299,4194
873: 2831,1070
874: 428,4339,2856
875: 4324,4708,3677,3297,2052,844
876: 3320
877: 247,1849,3374,2048,3087
878: 1976,3934,3546,1396
879: 4400,2995
880: 88
4073: 2319,4761
4741: 136,4017
4815: 4752
4542: 1879,3795,3287,2098,726
885: 1565
886: 2828,2333
4512: 4747
4271: 4462,695
889: 1642,738,2934
890: 2366,4166
891: 33,4088,4627,3328
892: 
893: 3493,3783,1726
4078: 3153,108
895: 4773,1018
896: 1825,1350
897: 3329,2331,624
4607: 
899: 3871,3702
900: 4726,633,1909,2287
901: 3500,2642,2344,1522
902: 853,2711,993,963
903: 2393
904: 4733,1575,2070,239
905: 294,4251,4215,4094
906: 1053,4203,1099,1898,4279
907: 1915,4764,272,858
908: 2582,2075
909: 610,3171,755,3020
910: 
911: 4596,3619
912: 2977
913: 3176,2239,2911
914: 4787,2547,3069
915: 1024,2985
916: 1859,1941,4810
917: 1727,1574,1342
918: 1670
919: 963,2579
920: 3260
4691: 399,2553,670,1769,3547
922: 1257,3714,1281,1980,1325
923: 
924: 3832,2659
925: 3638,3075,3643,4781
4706: 
927: 3227,3860,2104,2207,1445
4524: 529,2128,4517,710
4794: 350,698,3441,4480
930: 2429,2175,3934,4806,1310
931: 188,4121,4309
932: 152,2071,3342,3058
933: 2266,4678,2230,2794
934: 3965,4579,1317
4604: 983,4535,4805,3253
936: 2701,600
937: 2955,3640,1503
938: 3563,1523
939: 1793,486
940: 2680,3615,1816
4416: 1588,4334,4643,3760,153
942: 424,3285,4368
4095: 407,3797
944: 
945: 4774,3861
4784: 4700,265,2989
947: 424,3285
948: 620,1263,375,4821,4158
949: 2869,41,2482
950: 4446,1495
951: 4642
952: 1054,4088,4110,3405,3328,3976
953: 3825,540,3592,3366
4704: 
4479: 1073,3848,1148,4237,2543
4717: 4768,2993,4189
957: 4364,4275
4103: 385,1280,1352
959: 4669,2699,2144
960: 1760,2454
961: 
962: 2952,2117,4086,1599
963: 919,853,902
964: 4821,4158,1095,1301
965: 4071,2301,3706,1118
966: 4313,3567
4683: 3240,86,3038
968: 643,1405,701
4399: 2357,1780,4368
970: 
971: 3583,3756,3339,791
972: 2496,1479,3372
973: 240,1025,4768
974: 297,4578
4789: 1633,3910,1384,4769,1767,72
976: 1381,1690,2841
4806: 1310,4226,4658,2039,930,2759,3191,3479,2061,3418
978: 1643,3512,3636,3201,3411
4319: 2203,59
980: 1273,509,4330,2242
981: 
982: 1155,4553,3172,4746,396,4814
983: 4604,4535,4805
984: 1204,4385,2923,1579
985: 1230,3517
986: 814,2396
987: 3950,2198,1009
988: 
989: 784,2076,4112
990: 3686,2366
991: 4295,3826,4707,3761,1839
4546: 
993: 2711,902,817
994: 2505
995: 4803,2082,3802,628
996: 4445,4386
997: 4373,1484
998: 2644,4342,1229
4752: 4815,1016
1000: 2689,3393
4462: 3790,4271
1002: 4116,3581,284
1003: 2790,1326,734
1004: 4466,2793,2648
4154: 4081,2499
1006: 4687,2848,1098
1007: 
1008: 3924,3799,3512
1009: 3950,151,987
1010: 2598,2944
1011: 364,4392
4185: 3618,4628,2399,3557
1013: 3007,635,3980
1014: 4571,1763,1167
1015: 753,4085
1016: 4752,4627,4028
1017: 2593
1018: 1709,3743,895
1019: 1869
3976: 3405,952
1021: 
1022: 4616,2136
4560: 151,1740,2680
1024: 4714,915
1025: 973,374,4617,3115,4768
4603: 805
1027: 
4188: 163
1029: 3461,655,309,3227
1030: 
1031: 3558,4384,1118
4610: 1110
1033: 4069
1034: 3156,18,2599,2928,459
4003: 1206,4337,2722
1036: 
1037: 4304,4027
4310: 
4757: 
1040: 1878,4377,766,1396
1041: 2689,2499
1042: 2819,3836,2401
1043: 3901,4649
1044: 1112,2371
4557: 1822,1842
1046: 4750,1748,2635
1047: 2544
1048: 1474,3826,1390,4472
4139: 1855
1050: 3931,1549,3329,4345
4516: 4292
1052: 4292,3544
1053: 906,4203
1054: 1907,952,4742,4110,3190
1055: 
1056: 1708,517
1057: 
1058: 3827,2249,1388,4589,4623
1059: 1261,2477
4504: 613,4772,2590,3032
1061: 3505
1062: 3829,4389,4321
1063: 3391,3667,1539,3315
1064: 181,4389
1065: 1952,339,3617
1066: 172,4777,3320
1067: 4002,1249,3044,1176
4543: 2377
1069: 2004,1200,2403
1070: 1698,873,463
1071: 3253,2079
1072: 1788,91,579
1073: 4479,1148,2543,367,1570,243
1074: 1128
1075: 1930
4518: 469,3537,2108
1077: 376
1078: 790,3435,441,851
1079: 18,2560
1080: 3195,3374
4162: 752,4660,34,1884,3766,1165
1082: 2107,203
3957: 869,1462
1084: 190,2109,4486,730,4094
1085: 
1086: 4197,419,3648
4395: 2590,2693
1088: 4266
4183: 1302,4733,134,4540
1090: 4686,1788,3875,1174,3139
1091: 4823,1880,500,1303,212
1092: 744,479,3896,2918
1093: 2683,3575,2204,2925
1094: 3462,3056,2428
1095: 1567,668,964
1096: 2341,499
4698: 4810,228,1941,345
1098: 1523,4240,2848,1006
1099: 906,2351,3532,4279,4797,16
1100: 1608,2737
1101: 2633,2204,2752,2925
1102: 2845
4444: 3755,732
1104: 4709,2199,2955,417
1105: 4638,2682,3509
4798: 3578,3745,3764,225
1107: 3413,4197,4618
4205: 
1109: 
1110: 4610
1111: 1823,2166,4313,1650
1112: 394,1044,3214
1113: 4591,3822,1884,1165
1114: 3596,81
1115: 2631,829
1116: 4455,4285,20
1117: 2134,2541,393
1118: 3706,4074,4384,1031,965
1119: 3081
4047: 1307,2851,2734,1198
4043: 2892,2037,504,1636,2858
1122: 615
1123: 3962,1742,1412
1124: 
1125: 280,1487,4169
1126: 3309,407,2232
1127: 3608,3816,2961,3919
1128: 1074,3157
1129: 3498
1130: 
4294: 4432,3517
1132: 1529,680
1133: 205,769
1134: 4517,2878,710
1135: 
1136: 1532,217,4351
1137: 
1138: 2457
1139: 2609,3670
4747: 74,4512,523
1141: 1341,303,2770,3137
4508: 4354,3456
1143: 4783,3378
1144: 1655,1217,2315
1145: 2373,3723,1794
1146: 4367,750,1194,1436
1147: 1811
1148: 4479,1073,3848,853,2711,1570
1149: 3038,371,3240,4808,4427
1150: 575
1151: 326
1152: 4035,1536,3469
1153: 1181,1905,4801,1933
1154: 3783
1155: 3027,982,4553,4814,1910
1156: 1596,3833
4725: 3252,4161,2213,4671
1158: 3837
1159: 
1160: 514,1195
1161: 3659,710
1162: 4371,3642,1551,4029
1163: 
1164: 4347,323
1165: 3766,1993,2444,4162,1113,3822
1166: 257,1253,769,3724
1167: 3130,1014,4571,2268
1168: 1980,1325,4820
4529: 4483
1170: 3854,2695
1171: 
1172: 2609,28
1173: 4396,283
1174: 3875,4686,1090,4076,2664
1175: 155,217,2872
1176: 1762,1067,1275,4633
4219: 4332,1395,1679
1178: 442,109,1394,3072
4628: 4766,1546,4185
4392: 2849,1011,2511
1181: 1905,1153,4575,1991,1933
1182: 
3967: 1367,1682,4749
4443: 444,2178,3108
1185: 466,1956
1186: 
1187: 
4285: 3571,4455,1116
1189: 4573
1190: 3019,4667,4785,2015
1191: 3869,3332
1192: 1952,689,1948
1193: 3696
1194: 1943,1436,1146
1195: 1160
1196: 3231,4736,4424
1197: 4117
1198: 2734,1646,1307,3807,4047
1199: 1828,73,2525
1200: 3786,53,3391,2403,1069
1201: 3565,2720
1202: 2614
1203: 1564
1204: 984,4385,3384,1579,4083
4510: 1270,4814,3921,4033
1206: 1974,3659,4337,4003
4273: 3,2625
1208: 4502
4465: 20,4616,2208,2298,1503
4239: 621
1211: 3996,2576,4491
1212: 2130,575,4593
1213: 4070
4046: 3394,4250
1215: 1432,2051
1216: 4719,4559,736
1217: 1910,3600,1144
4808: 1521,1911,1149,371
1219: 4675,573,17,4261,507
1220: 3291,1321
1221: 
4316: 1513,4525
1223: 305,1738,3508,4329,3649
1224: 1996,2557
1225: 3899
1226: 3589,4129,2484,4051
4483: 4529
4731: 3892
1229: 4730,4127,4342,998,3694,4673
1230: 2296,985
1231: 2989,1853
1232: 356,4582,3398,2723
1233: 1490,574
1234: 4456
1235: 3828
4730: 4127,1229,3810,2174,4342
1237: 3541,594,4400
1238: 
1239: 1883,274,2232
1240: 4486,4044,2129,190,4809
1241: 1867,2538,2559
1242: 4299
1243: 357,614,2182,2031
1244: 3999,2913
1245: 1956,3767,474,1390
1246: 2739,4052
4133: 546
4436: 2406,847
1249: 4323,4002,1067,3044
1250: 3058,1353
1251: 3527
1252: 2494,3812
1253: 1166,3724
1254: 3245,772
1255: 3526,83,4736,3885,3903
1256: 3650,4074
1257: 1577,922,1980,4263
1258: 3454,2486,1555
1259: 521,2639,3719,433,216,1751
4290: 3913
1261: 317,1059
1262: 702,4499,4822,13
1263: 620,948,4158,346,4184
1264: 1857
1265: 1695,1888,551
1266: 4481,4765,1313
4528: 2774
4697: 626
1269: 3276
1270: 3774,4510,4814,2142,272
4182: 4693
4797: 4318,2351,1099,16,3478,2264
1273: 980,2242
1274: 3122,3947,4800,4813
1275: 1176,4633
4197: 3413,1107,4618,1386,1086,4163
4788: 740
1278: 2587,2566,3989,4764
1279: 2182,3415,160
1280: 385,4103,1340,1352
1281: 2104,2207,2990,3714,922,1325
1282: 731
1283: 2289
1284: 3781,3420
1285: 
4660: 752,1870,4162,34,4079
1287: 545,1526,4417
1288: 2578,1639,772
1289: 2459,3484,2362,4767,2562
4378: 3463
4145: 2417
1292: 87
1293: 1429,3334,2866,4030,1516
1294: 3763,3929,2724
4591: 1113,3822,4193,390,1884
1296: 
1297: 1815,4413,849
1298: 361,1391,2271
1299: 4194,370,872
1300: 
1301: 964,4158,28
1302: 239,166,4733,4540,4183
1303: 500,1091,212
1304: 3208,4266
1305: 1995,3479,4404
1306: 1458
1307: 3559,3807,2851,3859,1198,4047
1308: 4677,2503
1309: 4382,195,3849,4259
1310: 4806,4226,930
1311: 
4347: 1164
1313: 1266,2066
4055: 1917,3856,2665,4362
1315: 2056,3365
1316: 2818,3728,4161,1343
1317: 4579,4179,934,3059
4506: 4496,4129,4051,3790
1319: 3471,2439,2310,4218
1320: 794,815,1698
1321: 2776,1220
4581: 
4532: 4641
4186: 1556,3533,4231,1896
1325: 1168,1980,1281,2104,4820,922
1326: 4703,1546,1841,1003,3446
1327: 4272,2581,2392
4763: 2623
1329: 2908,4386
1330: 3206,2713,277
1331: 4418
1332: 1628,3193,3606
4596: 911
4522: 196
1335: 
1336: 
1337: 2083,1893,4222,4577,85
1338: 
1339: 4795,3986,4630
1340: 3175,1352,1280
1341: 303,1141,3658
1342: 917,1727,4311
1343: 2853,4161,2818,1316
1344: 
1345: 3748,382
1346: 3047,2764,1491
1347: 1535,680
1348: 4005,2954,3606
1349: 703
1350: 896,1825,577,3616
3970: 2029
1352: 1340,1280,4103
1353: 1250
4601: 614
1355: 
4311: 3607,3676,1727,1342
1357: 3857
1358: 351
1359: 2843
4332: 429,4219,1679,3200,2136
1361: 3060
1362: 3578,1863
1363: 2829,3345,3561
1364: 2927
1365: 4345,2433
1366: 4441,226
1367: 3967,3021
1368: 441,3435,1426
1369: 1638,331
1370: 1711,830,4559
1371: 4549,1453
1372: 2695,3932,3800,352
1373: 3232,58,1534
1374: 3823,4053,2338
1375: 1940,4062
4053: 3823,1374,2885
1377: 561,2748
1378: 1590,1778
1379: 2022,799
1380: 3202,1494,1943
1381: 976,1690,2841
4207: 4369,2568,4343
4278: 1589
1384: 72,4789
1385: 3464,2164,3174
1386: 4197,4163,3591
1387: 3847
1388: 2888,3758,4589,1058,4623
1389: 
1390: 1048,1474,1245
1391: 2979,361,1298
1392: 4771
1393: 3523,4580,2024,2350
1394: 1178,3072
1395: 4219,1679
1396: 3546,4377,878,1040
1397: 3935,2501
1398: 4739,2536,2293,3959
1399: 4072,3002,1898,2001,3532,4279
1400: 3946
1401: 4173,460,1708
1402: 858,3632
1403: 1466,4022,4035
1404: 3633
1405: 3781,3785,968
1406: 4195,3319
1407: 3316,3620,240,4768,4249
1408: 3369,1477
1409: 
1410: 2246,4421,3665,4790,1639
4382: 1309,3414,4009,4259
1412: 3112,1496,1123
1413: 3682,752,1870,3138
4671: 3930,4381,3252,4725
1415: 3181
1416: 3098,774,3867
1417: 4802,2019,4410
4115: 3988
1419: 1515,3268
1420: 2383
1421: 2645
1422: 2223,19
4308: 1704,789,247,1849
1424: 3724,1
1425: 402
1426: 4745,1368,4802,2682
4208: 4782,2536,1541,2834
1428: 3147,2671,2142,3774
1429: 1293,3323
1430: 4253,820,4020
1431: 336,1509,2240
1432: 564,1215,3896,479
1433: 3012,2875
1434: 2879
1435: 2776,3673,3092
1436: 1194,750,1146,1494
1437: 4780,4417
1438: 3288
1439: 2064,3094
1440: 2746,558,3911,3996
1441: 1534,3111,1853,26
1442: 3861,4495
4791: 
1444: 
1445: 2104,4820,927,3860
4648: 1662,2268,4571
4383: 4376,4440
1448: 2750,712
4372: 1512,3869,2844
4089: 2686
1451: 4267,2667
1452: 4642
1453: 764,1371
1454: 3636
1455: 2608,727,3948,1479,2496
1456: 
4553: 982,1155,4746,2757
1458: 4264,1306
1459: 2053,3556,3483,4822
1460: 
4064: 4422,160,2931
1462: 1958,3957
1463: 166,1998
1464: 2176,572
4172: 3725,36,241,3732,7
1466: 1403,385,2541
1467: 1603,4105,2196
1468: 4491,558,3382
1469: 
1470: 870,2684,3032
1471: 1745
1472: 120,3407,4755
1473: 
1474: 1048,1390
1475: 4643,3760,3657,3225
4200: 119
1477: 1408
1478: 435
1479: 332,3372,1455,3948,972
1480: 1580,2517,2290
4564: 2585,2802
1482: 4302,3026,4792,3454
1483: 
1484: 4373,997,4292
4511: 
1486: 1610,842,1759
1487: 280,1125,4169
1488: 1815,4005,2707
1489: 
1490: 1233
1491: 4705,3047,1346
1492: 3854,1592,4102
4292: 4516,1484,1052
1494: 4147,1436,1380
1495: 950,4446
1496: 1412,3112,1558,1569,2391
1497: 
1498: 2221
1499: 4263,1517,3331
1500: 
1501: 4093,3968,2355
1502: 3189,1953
1503: 2298,3640,4465,937
1504: 821
1505: 567,1526
4636: 
4531: 221
1508: 4059,2814
1509: 1615,2240,1431
1510: 3550,639,1927,3470
4629: 493,4611,2056,2474
1512: 4372,2314
1513: 4760,4316
1514: 1653,2643,3447
1515: 1419
1516: 4288,4030,836,1293
1517: 2372,421,1577,1499
1518: 784,3176,363,2911,2028
3954: 
1520: 338,4536,3758,53,110
1521: 1911,371,4808
1522: 901
1523: 3563,1098,938
1524: 4429
3928: 1891
1526: 3809,1505,1287
1527: 2363,2662
1528: 2698,406,124,1688,3154,640
1529: 1132,90
1530: 4166,4160
1531: 4084
1532: 1136,155,4351,4678
1533: 
1534: 1441,1373,3111
1535: 1347,2883,3246
1536: 1152,3469
1537: 4287,2111
4471: 4790,3658
1539: 3793,1762,1063,3391,3667
1540: 4732,1671,312
1541: 2834,4208,3073,2336
1542: 4680
4570: 
1544: 
1545: 3632,2991,2368,4764
1546: 1326,4703,3618,4628
4428: 517,3908,1708,3196,1678
4584: 4276
1549: 3931,1050,3329,4236
4163: 4197,230,1386,4466
1551: 1162,4371,2905,4029,396
4339: 2822,2856,874
1553: 
1554: 
1555: 2845,78,1258,2486
1556: 4186,4231,2515,1896,3820
1557: 
1558: 652,1496,4149,2391
1559: 3995
4424: 4021,4736,1196,3891
1561: 2907
1562: 2442,742,3923,1972
1563: 1604,4668,4165,506
1564: 2933,1203
1565: 885,1868
3943: 522,3155
1567: 1095,668
1568: 
1569: 4447,2391,1496,3886
1570: 367,2711,1073,1148,49
1571: 2074
4377: 1909,2287,1040,1396
1573: 2101,3870,3136,3531
1574: 2288,1867,917,2263
1575: 4406,239,904
4088: 952,4742,2956,891,3328
1577: 1257,3324,421,1517,4263
1578: 71,3687,3394
1579: 3384,3116,1204,984
1580: 1480,1901,2172,2517
4749: 3967
1582: 4472
1583: 124,3154,4492
3988: 4115,2687
1585: 3400,222,3289,4098
1586: 2782
1587: 3402,4152
1588: 4334,4416,4190,3760
1589: 4278,441
1590: 1378,1778
1591: 4274,4201,2152,3689,4597
1592: 1492,3854,3858
4353: 2740
4458: 856
1595: 3858,4102,1904,2647
1596: 206,1156
1597: 4819,389,425
1598: 3011,1741
1599: 3338,962,2117
1600: 4138,451
1601: 592,2939,1987
1602: 3561,39,203,4662
1603: 1467,1692,2361,2006,2196
1604: 2478,1563,3881,733,506,4391
4033: 3921,4510,4814,2077,1624
1606: 653,4334
1607: 4527
1608: 1100
4432: 4294,4202,3517
1610: 1486,1796
1611: 4593,141
1612: 0,388
1613: 1935,4592,3890,2217
1614: 3991
1615: 1509,3348,2240,4330,2691,509
1616: 610,3171,762
1617: 1912
1618: 322
1619: 2819,3836,3357
1620: 1748,2075,170,3366,2582
1621: 650
1622: 4252,3173
1623: 
1624: 1798,2077,4033
1625: 
1626: 3342
1627: 3817,2176
1628: 1332,794,214,3606,869
4593: 2520,1611,1212
1630: 2813,4283,3731,2552
1631: 
1632: 2844
1633: 4789,3910,2352,681
1634: 2743,312,2494
1635: 
1636: 4043
1637: 354,4130
1638: 1369,4445,4386
1639: 2578,1288,2246,1410
1640: 1971
1641: 299,3183,3591,3603,3036
1642: 4362,889,2934
1643: 978,3411,3984,2200,2900
1644: 4813,2132
1645: 4539,4344
1646: 2734,1198,2647,4044
1647: 3290,1844,726,4323
4527: 4093,1607,2676,4397
1649: 4437,565
1650: 1111,1823,2677
1651: 3298
1652: 
1653: 1514,3424,2643,4493
1654: 1913
1655: 1144,3743
4778: 144
1657: 561,3522,3935
1658: 4813,4092,522
1659: 502,3555
4782: 4208,2536,3621
4548: 670,3199
1662: 4648,2268,3181
4376: 4785,4297,2696,4383,4214
1664: 3017,1795
4766: 4260,4628,808,3001,4811,1920,3989
4259: 1309,4382,4009
1667: 19
1668: 3368,3600,4210
4820: 2104,1445,2834,1168,1325,3073
1670: 3404,918
1671: 1540
1672: 3077,2840
1673: 383,3597
1674: 2658,3077
4732: 1540,3184,312
1676: 4737
1677: 2335,2851,3859,3353,219,3637
1678: 2460,3196,3908,4428
1679: 3200,1395,4332,4219
1680: 2783,2577,3250
4014: 2415
1682: 3616,3632,3967
1683: 2187
1684: 4371,482
1685: 
4655: 3200,3357,484
1687: 4212
1688: 124,3728,2230,1528,406
4555: 3444
1690: 976,1381
4572: 
1692: 1603,3369,2006
1693: 2892,2037,4461
4301: 
1695: 1888,1265
1696: 3288
1697: 3544
1698: 1070,463,1320,794
4734: 1957,3524,3236
3985: 1771,1711,4675,2493
1701: 3444
1702: 2087
1703: 
1704: 4308,1855,1849
1705: 714,1757,1721,2284
1706: 163
1707: 4568
1708: 1056,1401,3196,278,517,4428
1709: 1018,1728,3743,1798
1710: 
1711: 1370,4675,17,3985
4371: 1162,1684,1551
1713: 2990,3714,2344
1714: 6,3983,4318
1715: 408,3299,2698,1982,528
1716: 341
1717: 
1718: 
1719: 3024,2125,360,534
4384: 2310,4218,2346,1031,1118
1721: 4576,1757,2229,1705,3610
1722: 3079,2229,4461,3898
1723: 718
1724: 3698,2929
1725: 
1726: 2591,893,3493
1727: 917,3057,1342,4311
1728: 1798,1709
1729: 2705,4775
1730: 2616,4577,518,2919
1731: 
1732: 3755,3674,3267
1733: 3066,530,14
1734: 2338
4127: 4730,1229,3810,3694
1736: 4676
4109: 2211,2237,2158,2934
1738: 1747,3508,3649,1223
1739: 755,3412
1740: 4560
1741: 4112,2076,1598,4468
1742: 3379,2629,1123
4356: 2618,384
1744: 3598
1745: 2158,738,33,1471
1746: 4478
1747: 2303,1738,3993,3436
1748: 2635,1620,2075,3366,1046
1749: 2899
1750: 2496
1751: 216,2116,183,1259
1752: 66,4118
1753: 567,3809
1754: 
1755: 
1756: 2782,3192
1757: 4576,1721,1705,714
4736: 83,1255,1196,3231,4424
1759: 1486
1760: 960
1761: 3215
1762: 3793,1176,1539,4633
1763: 1014,4571,4674
1764: 3843,3266,3390
1765: 644,3995
4517: 1134,529,2128,4524
1767: 4769,4215,4789,4251
1768: 4233,4777,2740
1769: 3005,3547,4691,161
1770: 4449,3779,2999
1771: 3985,2493,4722,4742
1772: 
1773: 
1774: 2994,3909,585,3991
1775: 182
1776: 
4466: 1004,230,38,2793,4163
1778: 1378,1590,2260
1779: 4641
1780: 2357,4399,189
3979: 304,100,2374,2443
1782: 787,447,4000,4312
1783: 2722,4485,4685
1784: 186
1785: 
1786: 269
1787: 2149
1788: 1072,1090,2660,3139
3980: 3291,1013,635,3326
1790: 
4744: 3150
1792: 2632,4019,2044,1817,4355
1793: 939,486,455
1794: 333,1145,4032
1795: 2375,1664
1796: 1610,2675,2045
1797: 
1798: 3743,1624,1728,1709
1799: 2862,4807
4398: 3109,1856,4437
1801: 
1802: 2174,2361,2901
3978: 4441,626
1804: 
1805: 182,1985
1806: 425,2922
1807: 
1808: 
1809: 3398,2723
4649: 1043,4354
1811: 1147
1812: 538
1813: 3443,3295,3458,2164,3890
1814: 2472
1815: 1488,4005,2707,1297,2826
1816: 940
1817: 4355,2044,793,1792
1818: 
1819: 4015,4762,3695,4679
1820: 3362
1821: 
1822: 4557,2277
1823: 1111,4189,2771,1650
1824: 3239
1825: 896,1350,3916,577
1826: 3369,4216,2524
1827: 606,2839,2636,50,4496
1828: 1199,2487
1829: 4189,2771,1854,3639,759,2460
1830: 2801
1831: 
4819: 867,1597
1833: 
4016: 4656,3768,2775,4787,4469
4355: 1817,1792,1975
1836: 3604,3981,1973,4626,3468
4473: 42
1838: 3496,270,91
1839: 4472,991,4295,2107
1840: 3081,1864,4767,131
1841: 1326,4703
1842: 308,2125,4557
4559: 4719,1216,830,1370
1844: 2872,1647,3290,3795,726
1845: 2893,3536
1846: 3370,2912
4136: 2143,4441
4684: 2091
1849: 877,247,1704,4308,2048
3934: 930,2429,878,3153,108
4206: 3107,758,4203
1852: 
1853: 802,1441,2989,1231
1854: 4768,318,2993,1829
1855: 1704,4139
1856: 13,4437,4398
1857: 1264
1858: 3250
1859: 916,2752
4286: 4599
1861: 
1862: 3275,3347
1863: 3262,1362
1864: 4767,1840,131,2080
3998: 4812,829
1866: 4641,1,3393
1867: 2288,1574,1241,2648,2263
1868: 1565
1869: 1019,3878,1878,270
1870: 752,4660,1413
1871: 553,653,4334
1872: 
1873: 3868,3092,2023
4293: 4575,2767,1933
1875: 154
4199: 3550,12
3987: 3610,2284,2696,4785
1878: 3878,1040,1869
1879: 4542,3795,155,282,2794
1880: 1091,3409,265
1881: 4364,764
1882: 
1883: 1239,2232
1884: 34,2963,390,4162,4591,1113
4768: 318,2993,1854,973,240,1025,1407,4249,4717
1886: 2750,712,3582,864
1887: 4034,3773
1888: 1695,1265,3816,551
1889: 
1890: 773,79
1891: 3928
1892: 3725,36,2835,2186
1893: 2083,1337,4222,2717,3468
1894: 3459
1895: 3927,439
1896: 3820,4186,1556,3533
4057: 
1898: 4072,1399,4279,906
1899: 
1900: 4068
1901: 1580,2172
4661: 
1903: 
1904: 2456,107,1595,4215
1905: 1181,1153,116
1906: 2954
1907: 1054
4599: 2720,3767,2488,4286
1909: 4377,633,766,900,2287
1910: 1217,3600,4814,3027,1155,3921
1911: 1521,4808
1912: 1617
1913: 1654,125
1914: 4676,2106
1915: 4764,907,2671,2142
1916: 3072,3179
1917: 736,4055,3856
1918: 4727,3798
1919: 2969,3379
1920: 4766,4260,2732,3780,2566,3989
1921: 
1922: 3448
1923: 
4018: 539,2890,644
4306: 3066,3898,14,3693
3918: 
1927: 3470,1510
1928: 4715
3958: 4288,3855
1930: 1075
4081: 4154,2610
4618: 3802,230,3629,3413,1107,4197
1933: 4801,4575,4293,1181,1153,2767
1934: 476,286
1935: 1613,4592,2217
4020: 1430
4328: 3145
1938: 2228,642,4796
4002: 2672,1067,1249
1940: 1375,4062
1941: 916,228,4810,4698
1942: 2555,3990
1943: 1194,276,1380
1944: 3297,4708
4783: 1143
4406: 1575,276
1947: 2435
1948: 122,1192,3203
1949: 4110,4670
4502: 1208
1951: 
1952: 1065,1192,339,689
1953: 3189,1502,4052
4822: 1970,1459,2053,3556,3483,702,1262,4499,2608,727,1968,13
1955: 3722,3691,57
1956: 1245,466,1185
1957: 4734,26
1958: 1462,3318
4767: 1864,134,3102,1840,2949,2362,2080,1289,2562
1960: 3810,2640
1961: 3618,3565,3446,2399
1962: 
4189: 2771,1829,1823,4717
1964: 672,3845,4000
1965: 2809,4765
4499: 702,1262,4822,1970,13
4803: 995,2019,368,3317,2082,4654,3802
1968: 727,4822,1970
4795: 1339,2479,3986
1970: 4822,4499,1968,13
1971: 1640,4470
1972: 3488,742,1562,3105
1973: 3981,1836,4626
1974: 1206,2878,344,3310
1975: 4355
1976: 2287,878
4000: 447,3340,1782,1964
1978: 405
1979: 
1980: 1168,1325,1257,922
4116: 1002
1982: 1715,408,528
1983: 3601
1984: 64,2742,2558,197,442
1985: 182,1805,4637,590
4714: 1024,423
1987: 2885,1601,2939
4755: 2049,1472
1989: 2874,2774,589
4482: 2370
1991: 4575,2530,1181
1992: 513,3906,437,3457
1993: 3766,2444,3138,1165,747
1994: 192,665
1995: 3479,2061,1305,309,144
1996: 43,4177,4751,1224
1997: 3340,3607,2950,2094
1998: 2128,1463
4816: 
4117: 3443,1197,2914,2164
2001: 3388,3002,1399
2002: 3326
4480: 4314,2095,4812,4794,698
2004: 1069,2403,2749
4263: 1499,600,1257,1577
2006: 1603,1692
2007: 3389,650
2008: 3270,636
2009: 2630
2010: 308,419,3183
2011: 4361
4226: 4806,1310,4658
4639: 2193,2842,683,4762,2981,4015
4160: 4166,1530
2015: 4785,1190,242
2016: 
2017: 
2018: 780
2019: 4803,1417
2020: 659
2021: 40,221,3071,3715
2022: 1379,3197
2023: 2054,3078,3868,1873
2024: 2199,4580,1393,2350
2025: 594
2026: 326
2027: 709,4804
2028: 363,1518,784,3148
2029: 3970
2030: 776
2031: 3415,1243
4625: 3977,2115
4381: 4671,3930,3299
4077: 311,2355,3115,597
2035: 598,2859,3319
2036: 
2037: 2892,4043,4461,504,1693
4164: 4751,2506
2039: 2538,2559,816,4658,4806,2759,3191
2040: 
2041: 2313,3779
2042: 3057,2619,2964,2519
2043: 490,3388,6,3983,2351,3532
2044: 2781,793,3736,1817,1792
2045: 2675,3594,1796
4102: 107,1492,1595
2047: 3262,2823
2048: 3087,877,1849
2049: 4614,4755
2050: 4818
2051: 3896,2209,1215
2052: 3297,3677,2137,875
2053: 1459,3556,3483,775,4822
2054: 2023,3078
2055: 
2056: 2474,1315,493,4629,183
2057: 4748
2058: 
2059: 3222
2060: 
2061: 1995,3479,4806
2062: 4221,3294,2562,2080,3484
2063: 4423
2064: 1439,3094
2065: 2242,3519
2066: 1313
2067: 2947,2377
4279: 3532,1399,1898,906,1099
4716: 3616,3441,577,350,4106
2070: 580,904
2071: 3058,932
2072: 
2073: 2848
2074: 1571
2075: 1748,2635,1620,2582,908
2076: 989,4112,1741
2077: 3103,4033,1624
2078: 3654,792,4693,2153
2079: 2643,3253,1071
2080: 131,3882,1864,4767,2062,2562
4656: 4016,4787,2495,2654
2082: 3629,995,4803,3802
2083: 1893,1337,2717,85
2084: 2356
4779: 3773
2086: 4525,3986,3538,4630
2087: 1702
2088: 494,2270
2089: 207
2090: 722,2588,3305
2091: 4684
2092: 
2093: 73,3429
2094: 2950,1997
2095: 819,4653,4812,4314,4480
2096: 
2097: 3562,97,2342
2098: 3287,282,4542,2426,725
2099: 4333,2602,4213
2100: 3471,3832
2101: 1573,3136,4701
2102: 839,2523,3935
2103: 
2104: 1281,2207,4820,1445,927,1325
2105: 2379
2106: 206,4676,1914
2107: 1082,1839,4812
2108: 3537,4518
2109: 190,2753,1084,730,2481
4721: 669,3897
2111: 4287,1537,3089,3912
4125: 2213,586,432,3252
4805: 3264,983,4604,3253
4686: 1090,4076,1174
2115: 2888,4589,3612,4625,3977
2116: 102,433,1751
2117: 4086,962,1599,4079
2118: 3518
2119: 3339,4048
4248: 2282
4447: 390,1569,604,2963,3886
2122: 716
4765: 1965,4756,1266,4481
2124: 
2125: 1719,534,1842
4380: 2234
2127: 
2128: 1998,529,4524,4517
2129: 588,2140,4044,1240,4809
2130: 1212,4119
2131: 2610
2132: 4092,1644
4159: 4135,692,3571
2134: 1117
2135: 3324,3050
2136: 4580,4332,3200,1022
2137: 2841,354,2052
2138: 2161,4058
2139: 2252
2140: 588,2129,576,4809
3927: 1895,813
2142: 2671,272,1428,1915,3774,1270
2143: 4136,2506
2144: 4669,959
4264: 1458
2146: 113,2405,133,3018
2147: 2619,601
2148: 409,410
2149: 1787
2150: 3080,284,500
2151: 2768
2152: 4318,3689,4597,1591
2153: 4693,2078,792,3080
2154: 
2155: 3069,569
4091: 4233,3797,2805,4777
4361: 2011
2158: 738,1745,33,4109,2237
2159: 3155
2160: 4414
2161: 722,2138
2162: 60,4799,796
2163: 2214
2164: 3458,3174,1385,3443,1813,4117
2165: 3564,2906
2166: 1111,4313,4300,31
2167: 3465,345
2168: 2857
2169: 
4386: 1638,4445,1329,996
2171: 21
2172: 3773,1901,1580,2517
2173: 
2174: 1802,696,4730
2175: 930,2429,3779
2176: 1464,2792,1627,3762
2177: 
2178: 3800,4443
2179: 3791
4802: 2682,3509,1426,4054,1417
4746: 4029,396,3642,982,4553
2182: 1279,493,1243,4422
4111: 4414,612,3959
2184: 391,793
2185: 3645,3182,497
2186: 2835,3184,4107,1892
2187: 1683,721
4762: 3587,3152,2981,1819,4015,4639
3981: 3604,1973,1836,2301
4233: 4091,4777,1768
4498: 2726,3870,4787
2192: 
2193: 4639,2842,4015,2965,2371
2194: 
2195: 2618
2196: 4792,1467,1603
2197: 
2198: 3950,3464,987
2199: 2024,1104,2955
2200: 1643,2633,2900
2201: 720
2202: 2810,2942,3995
2203: 4319,3915
2204: 3575,2633,1101,1093
2205: 3456,3564
2206: 2426,4492,3480,717
2207: 1281,2104,655,927,2990
2208: 3755,4465,2298,3674
2209: 565,3426,2051
2210: 839
2211: 4109
4403: 2454,648
2213: 4125,4161,3252,4725
2214: 2163
2215: 3647,3846
4132: 2289
2217: 1613,1935
4461: 2892,2037,1693,1722
2219: 
4650: 2903,2604,3672
2221: 3675,1498
3935: 1397,2102,1657
2223: 1422,2833
2224: 3975,3534,2615,3081
2225: 3582,4551,3009,3623
2226: 2295,3663,2770
4017: 4741
2228: 1938,642,3445
2229: 3079,1722,4576,1721,3610
2230: 2818,3728,2266,933,1688
2231: 
2232: 1126,1883,1239
2233: 2571,813
2234: 4380
2235: 4269
4814: 3774,1270,4510,3172,3027,982,1155,3921,4033,1910
2237: 2311,2956,4109,2158
2238: 866
2239: 3168,913,2911
2240: 1509,1615,3348,336,1431
2241: 2872,3290
2242: 3519,2065,980,1273
2243: 2837,3439,3028,2261
2244: 
4379: 3730,4677,2503
2246: 1410,4421,4790,1639
4470: 1971,4072,3002
2248: 
2249: 1058,2958,4589
2250: 542
4038: 4144,246,3267,304
2252: 2139
4489: 824
4613: 3014,4225
2255: 
2256: 2616
2257: 
4615: 2719,816,2347,2759
2259: 
2260: 176,1778
2261: 3439,2243,3028
4345: 1050,1365
2263: 2288,1867,1574
2264: 4797,4201
4588: 3228,3097,4577,518,3604,4222
2266: 4678,933,2818,2230
2267: 104
2268: 1662,4648,1167
2269: 3561,2435
2270: 494,2088,817
2271: 1298,636
2272: 3619,4505
2273: 
2274: 4435
4128: 2420
2276: 
2277: 1822
2278: 3675
2279: 456,2599,2928
2280: 3074,868,671,3930
4565: 169,3599
2282: 4248,779,595
2283: 
2284: 3987,3610,1705,4785
2285: 2550
2286: 
2287: 1976,900,4377,1909
2288: 1867,1574,2263
2289: 4132,2440,1283
2290: 2517,1480
2291: 
2292: 3566,2365,2831,2756,4711
2293: 3959,3399,1398
2294: 2624
2295: 2321,3663,3751,2226
2296: 1230
4283: 2813,1630
2298: 3640,3674,1503,4465,2208
2299: 
2300: 4385
2301: 4071,965,3706,3604,3981,3228
2302: 3400
2303: 1747,3436,366,583
4299: 3327,1242
2305: 3287,725
2306: 397
2307: 
2308: 4699,2516,2785
4138: 1600,536,832,198
2310: 4384,4218,2346,1319,673
2311: 4244,2237,2956
2312: 3867,774
2313: 2041,4724
2314: 2788,1512
2315: 1144,274,4773
4343: 3723,4207,4640
2317: 
4551: 3582,2225,3922
2319: 4073,830,4761
4606: 4179
2321: 715,2295,2886
2322: 751
2323: 3383
2324: 
2325: 334,165,658,3806,3824
2326: 2470,3453
2327: 717,3709,3612,3975,3977
2328: 
4597: 2537,2152,3689,4274,1591
4616: 1022,857,429,4465,20
2331: 897,2868
2332: 31,686,4300
2333: 886,2828
3948: 1455,446,4712,1479
2335: 2851,1677,639,3637,3470
2336: 3073,1541
2337: 2673,1
2338: 1734,1374
2339: 3011,2895
4180: 3278
2341: 1096
2342: 237,3562,2097
2343: 
2344: 3500,901,1713,2990
4760: 1513
2346: 2310,4384,673,332,4071
2347: 2559,816,2719,4615
2348: 3363,3393
3931: 1050,1549,75
2350: 3335,1393,2024,167
2351: 3532,2043,4797,1099
2352: 3821,1633
4418: 2802,1331
2354: 376,3033
2355: 311,4077,1501,3968
2356: 2084
2357: 1780,4399,610,4368
4282: 157,2642,3292
3922: 843,4551
2360: 4247,562
2361: 1603,4792,1802,2901
2362: 2949,4767,1289
2363: 1527,2662,4748
4105: 1467
2365: 4298,2831,2292
2366: 890,4004,990
4505: 3523,3619,2272,3335
2368: 4503,2991,4631,1545
2369: 2470
2370: 4482
2371: 2193,2842,2965,1044
2372: 1517
2373: 1145,3993,3508
2374: 2416,4010,3979,2443
2375: 1795,3536,2873
3977: 4625,2327,3612,2115
2377: 4543,2067
4667: 1190,3019,3815,517
2379: 2105,2384,753
4761: 3545,2319,4073
2381: 
2382: 
2383: 2417,1420,499
2384: 2379,753
2385: 202,185
2386: 3748
2387: 3368,4754,3229
2388: 
2389: 
2390: 
2391: 1569,1558,1496,4149
2392: 2660,3139,2581,3875,1327,3964
2393: 833,3695,903
2394: 2735
2395: 782
2396: 986
4106: 4716,350
4764: 1915,907,149,1278,2587,3989,4503,2991,1545
2399: 2933,168,1961,4185,3557
4373: 1484,997
2401: 297,3938,1042
2402: 2751
2403: 4536,1200,1069,2004
2404: 3229,3309,412
2405: 2146,3018,3856
2406: 847,4436
2407: 557
4579: 1317,3965,934
2409: 61
4238: 3374,3769,553
4467: 3208,3992
3956: 623,3018
2413: 763
4135: 4159,18,692
2415: 2957,2881,4014
2416: 2374,4010,3734,417
2417: 2383,4145,499
2418: 4568,2593
4040: 
2420: 4128
4662: 203,39,1602
3961: 
2423: 405
2424: 4727,3064
2425: 
2426: 2206,4492,725,2098
4643: 1475,3760,3657,4416,153
2428: 1094,3462
2429: 930,2175,3934
2430: 4804
4758: 4013
4007: 
2433: 4169,1365
4072: 1399,1898,4470
2435: 1947,2269
2436: 222
2437: 3242,807,414,3629,4654
2438: 158,2983
2439: 3471,3832,1319,4218
2440: 2289
4230: 3517,4490,2861
2442: 1562,4451,3923
2443: 3979,2374
2444: 1993,1165,3822,456,747
2445: 3000
2446: 
2447: 499,8
4298: 2365
4229: 3580,3605,3418
2450: 4696,4326
4225: 4613,3014
4224: 2879
4250: 3394,4046,806
2454: 4403,960
4520: 2488,3061
2456: 1904,2647,478,4094
2457: 1138,3122,4813
4184: 3132,1263,346
2459: 791,1289
2460: 1678,3196,759,1829
4587: 2895,4141,529,590
2462: 
2463: 2840,3772,3077
4079: 34,2963,2117,4660
2465: 4249,4300
2466: 
2467: 
2468: 3121
2469: 3489
2470: 2326,2369
2471: 436,4309
2472: 2476,1814
4260: 4766,1920,3989
2474: 2056,4629,183
2475: 
2476: 2472
2477: 3016,1059
2478: 1604,4196,3881,173,733
2479: 4795
4369: 4207,3877,3691,2568
2481: 730,586,2753,2109
2482: 41,949,801
4297: 4376,4214,242
2484: 4705,1226
2485: 329
2486: 1258,78,1555,4792
2487: 1828
2488: 4520,2720,4599
2489: 
4363: 2537,3689
2491: 
4709: 167,1104,417
2493: 4722,4675,1771,3985
2494: 1252,1634,312
2495: 3891,2654,4656
2496: 972,1455,1750
4810: 615,916,1941,4698
2498: 
2499: 267,1041,4154
2500: 
2501: 599,1397
3944: 
2503: 4677,1308,4379
4787: 914,4469,2547,4656,4016,2654,4498
2505: 994
2506: 4751,4164,2143
2507: 
3947: 3122,4800,1274
2509: 3590
2510: 3251,3488,399,2553,3105
2511: 4392,3494
2512: 2952,3338
2513: 3301
4096: 3358,3158,3596
2515: 4119,4429,1556
2516: 3431,2785,2308
2517: 2290,1480,1580,3773,2172
2518: 2544
2519: 2619,2964,2042,805
2520: 4593,3416
2521: 812,3926
3990: 1942
2523: 2102,839
2524: 3369,1826
2525: 73,1199
2526: 4450,3873,338,4536,2959
2527: 
4147: 1494,750,3966,3537
2529: 4556
2530: 4575,1991,2875,3581,3012
2531: 3721,4113
2532: 2795
2533: 4496,275
2534: 400
4065: 3527,3940
2536: 4739,1398,4782,4208
2537: 4363,4597,3415
2538: 2039,2559,1241,4658
4568: 1707,2418
2540: 3993,3436,739,4640,235
2541: 1117,1466,4022
2542: 3782,2785,196
2543: 4241,4122,4479,1073,367,243
2544: 2518,1047
4513: 2665,623,11
2546: 485,4813
2547: 3768,3069,914,4787,4469
2548: 2849
4703: 1326,1546,1841
2550: 3383,2285
4474: 
2552: 3731,826,2813,1630
2553: 399,4691,2510
2554: 3322
2555: 1942
2556: 3143
2557: 3602,1224
2558: 1984,64,197
2559: 2538,2039,816,1241,2347
2560: 404,1079,4272
4144: 4038,304
2562: 2062,3294,4767,2080,1289,3484
2563: 3211
2564: 
2565: 3835,645
2566: 1278,2587,3989,1920
2567: 3402
2568: 739,4640,4207,4369,3691
4422: 4064,160,2182
2570: 4190
2571: 2233,64,2742
4291: 708
2573: 3240,86,3026
3938: 297,4578,2401
2575: 454
2576: 4491,1211
2577: 2783,1680,4786,113
2578: 1288,1639,3245
2579: 919
2580: 192
2581: 3875,66,2392,1327
2582: 908,1620,2075
3994: 2663
2584: 4748
2585: 458,4564
2586: 
2587: 1278,2566,4764,2671
2588: 722,4427,2090
4066: 
2590: 3321,4772,4504,4395
2591: 1726,3493,2971
4362: 2665,4055,1642,2934
2593: 1017,2418
4469: 4787,3768,2547,4016
4481: 1266,4509,4765
4253: 1430,820,48
2597: 673,536,4712
2598: 1010,2944,214,869
2599: 2279,2928,459,1034
2600: 2965,4679
2601: 3018
2602: 2099,4131
2603: 241,3575,2683
2604: 4650
4454: 391,3533,806
4146: 
2607: 2836
2608: 1455,727,3483,446,4822
2609: 3416,1172,1139,3670,28
2610: 2131,4081
4052: 2739,1953,1246
2612: 3545,573
4019: 2632,1792,3680
2614: 1202,3530
2615: 4733,580,3534,2224
2616: 1730,2919,2256
2617: 
2618: 4356,384,2195
2619: 2147,2964,2042,2519
2620: 609,698
4496: 2533,4506,2839,1827
2622: 
2623: 4763
2624: 2294
2625: 3440,4267,4273
2626: 
4244: 2311,4719
2628: 
2629: 4728,3379,1742
2630: 2009
2631: 1115,203
2632: 4019,1792,3100
2633: 2900,1101,2200,2204
2634: 74,4167
2635: 1748,2075,1046,4750
2636: 3218,616,50,2839,606,1827
2637: 2788,162,4155
2638: 666,2998
2639: 521,3409,1259,433,265
2640: 1960,3068,2923
2641: 4745
2642: 3500,901,4282
2643: 2079,1653,1514
2644: 3302,4792,4302,998
2645: 1421
2646: 3287,726,4323,2958
2647: 2456,1595,1646,478
2648: 1004,708,1867
2649: 
4450: 3873,2526,4196
2651: 
4536: 338,1520,2403,3873,2526
2653: 645,3502,3726
2654: 2495,3015,4656,4787,2726
2655: 3314,2853
2656: 3788
4097: 2666,2897
2658: 1674,627
2659: 530,436,924
2660: 3139,2392,1788,3964
2661: 
2662: 4748,1527,2363
2663: 3994,4396,3336
2664: 3682,4076,1174,66
2665: 3856,4513,4055,4362
2666: 4097,3083
2667: 1451,4168
2668: 
2669: 840
4360: 3124
2671: 2142,2587,1428,1915
2672: 4002,4193
2673: 550,2337
2674: 
2675: 2045,1796,266
2676: 4397,345,4527,4093
2677: 3560,2771,1650,205
4425: 
2679: 
2680: 940,4560
2681: 
2682: 4802,3509,1426,1105
2683: 1093,3575,2603,7
2684: 3032,1470
4472: 1582,1839,1048,3422
2686: 4089,3455,43
2687: 3988
4329: 3508,4032,3395,1223
2689: 1000,1041
4486: 478,4044,1240,190,1084
2691: 4330,1615,3348
2692: 
2693: 3912,4395,3486
4672: 
2695: 1372,3854,1170
2696: 3987,4376,4785
4056: 
2698: 1528,406,1715,640
2699: 4669,959
4168: 2667
2701: 936,600
4059: 1508,71,535
4670: 1949,494
2704: 3041,4348
2705: 1729,355
2706: 
2707: 1815,1488,2826
4776: 542
2709: 3588
2710: 286
2711: 853,993,902,1148,1570
2712: 2871
2713: 277,1330
2714: 360,4659,4497
4152: 2902,1587,3402
2716: 2879
2717: 2083,1893,3468,372
3926: 193,2521
2719: 3605,4615,2347
2720: 4599,3767,2488,1201
4365: 
2722: 1783,4003
2723: 1809,1232,356
2724: 177,1294
4627: 4028,891,3328,1016
2726: 4498,2654,3015,3476
2727: 657
2728: 3421
4421: 2246,1410,4790
4252: 1622,4668,3923,506,224
4354: 4649,4508
2732: 3780,1920
2733: 
2734: 1198,1646,4047,4044
2735: 2394
3968: 415,1501,2355
2737: 1100
4348: 2704,3041
2739: 3389,4052,1246
2740: 3628,1768,4353
4098: 4435,1585
2742: 1984,64,442,2571
2743: 1634,467,2929
2744: 4025
4678: 2266,933,4351,1532
2746: 199,1440,3911
2747: 537
2748: 561,1377
2749: 2926,2004,3873
2750: 1886,712,3785,1448,864
2751: 2402
2752: 1101,1859
2753: 190,2109,2481
2754: 280
2755: 
2756: 4711,2292,3566
2757: 3027,4553,3368
4280: 2871,3496
2759: 3191,2039,816,4806,4615
4213: 4333,2099
2761: 3553,22,840
4191: 
2763: 2765,3593
2764: 3047,1346,3432
2765: 2763,3593,566
4167: 2634
2767: 3414,4575,4293,1933
2768: 11,2151
2769: 3609,2969,3379
2770: 2226,3137,303,1141
2771: 4189,1829,1823,3560,2677
2772: 
2773: 339,3617
2774: 4528,1989
2775: 3768,2803,4016
2776: 1321,3673,1435
2777: 3678
4227: 
2779: 384
4367: 671,1146,868
2781: 2044,793
2782: 1756,1586
2783: 2577,1680,4786
2784: 
2785: 2516,2308,2542,3782
2786: 4738,253
4214: 826,4376,4297,242
2788: 2637,2314
4201: 4274,1591,2264
2790: 1003
2791: 
2792: 3817,3762,2176
2793: 4466,1004,3733
2794: 282,933,1879
2795: 2532
2796: 
2797: 
4549: 1371,169
2799: 
2800: 4657
2801: 1830
2802: 4418,4564
2803: 2775
4215: 1767,1904,4251,905,4094
2805: 3797,4091
4009: 3382,4243,4382,4259
4029: 4746,396,1162,3642,1551
4312: 1782,3845,612
2809: 744,479,564,1965,372
2810: 2202,2942
2811: 
2812: 3419
2813: 1630,4283,826,3125,2552,4296
2814: 3940,150,1508
2815: 547,713,3552
3952: 2980
4573: 702,1189
2818: 3728,1316,2230,1343,2266
2819: 1042,1619,3836,3357
2820: 843,3236
2821: 
2822: 4339,188,89
2823: 331,2047
2824: 
4171: 
2826: 849,4500,2707,1815
4690: 2935
2828: 886,2333,3431
2829: 1363
4122: 2543,4241,243,111
2831: 2365,873,2292,4711
2832: 
2833: 591,2223
2834: 1541,4820,4208
2835: 2186,36,1892,3584
2836: 3055,2607,3048
2837: 3439,2243,4216
2838: 3490
2839: 4051,2636,50,4496,1827
2840: 2463,3077,1672
2841: 3677,2137,976,1381
2842: 2193,4639,683,2371,3242
2843: 273,1359
2844: 3869,4372,1632
2845: 1555,1102
2846: 2867
4446: 950,1495
2848: 2073,4240,1098,1006
2849: 4392,2548,3255
4032: 4329,1794,3395
2851: 2335,1677,639,3859,1307,4047
4738: 2786,253
2853: 1343,2655
4633: 459,1275,1762,1176
2855: 
2856: 4339,874
2857: 173,2168,3844
2858: 3465,2892,4043,3079
2859: 3319,525,4388,2035
4452: 
2861: 4493,4230
2862: 1799
4094: 730,4215,2456,905,1084
2864: 235,4100
4195: 3831,1406
2866: 1293,4030
2867: 2846
2868: 97,2331
2869: 949
4118: 1752,66,4272
2871: 2712,3338,4280
2872: 1844,2241,1175
2873: 4463,2375
2874: 1989,3247
2875: 2530,1433,3012
2876: 
4807: 3192,1799
2878: 1974,1134,2949,344
2879: 2716,4224,1434
2880: 3293,3448,4153
2881: 2957,2415,4027
2882: 3403,3160
2883: 1535
2884: 
2885: 1987,3197,4053,611
2886: 76,2321,3751
4792: 2196,2361,3454,2486,2644,3302,2901,1482,4302
2888: 1388,2115,3758,110
4668: 3923,4165,859,1563,4252,506
2890: 4018,644
4366: 
2892: 2037,4043,4461,1693,2858
2893: 1845,3536
2894: 3207
2895: 4587,4141,529,2339,3011
4221: 2062,3294,4451
2897: 4097
4491: 1468,558,2576,3996,1211
2899: 1749,2992,3753
2900: 2633,1643,3984,2200
2901: 3302,2361,4792,1802
2902: 4152,861,3091
2903: 4650
2904: 
2905: 2987,99,1551,396
2906: 2165,3720
2907: 1561,416
2908: 1329
2909: 749
4393: 
2911: 363,3051,2239,913,1518
2912: 1846,3370
2913: 3999,1244,674
2914: 4117
2915: 3158,620,695,3589
4737: 1676
2917: 862
2918: 4756,744,1092
2919: 85,1730,2616
2920: 
4397: 2676,228,4527,4093
2922: 1806
2923: 3068,2640,984
4131: 599,4062,2602
2925: 1101,3198,1093
2926: 732,2749,461
2927: 1364
2928: 747,2279,2599,1034,3156,18
2929: 467,2743,1724,3698,3466
2930: 3158,4705
2931: 4064,3365
2932: 4411
2933: 2399,168,1564
2934: 738,1642,4109,4362,889
2935: 4690,841
4114: 382
2937: 231
2938: 
2939: 3197,1601,1987
2940: 3635
3955: 165,256
2942: 3995,2202,2810
4235: 3074,432,3910,294
2944: 2598,1010,214
2945: 
4809: 1240,2129,2140,576,190,4198,3351,3314
2947: 3764,225,2067
2948: 3222
2949: 2362,4767,2878
2950: 3607,3676,2094,3340,1997
4576: 1757,1721,3079,2229
2952: 2512,962
4726: 900,633
2954: 1348,1906
2955: 937,1104,2199,4010,417
2956: 2311,2237,4742,4088
2957: 2415,2881,4413,4027
2958: 3044,2646,2249
2959: 4196,110,3715,338,2526
2960: 
2961: 3816,3608,1127
4547: 3670
2963: 34,1884,4079,390,4447,604
2964: 2619,2042,2519
2965: 2600,4015,2193,2371
2966: 562
4713: 7
4068: 707,1900
2969: 4198,1919,3379,2769
2970: 3902
2971: 2591,3205
2972: 3428
4113: 2531
4571: 1014,1763,1167,4648
4013: 4758
2976: 
2977: 535,912
4707: 3761,3826,991
2979: 1391
2980: 3373,756,3952
2981: 77,4762,4639,683
4370: 3194
2983: 158,2438,3257
4586: 3315,4455,3667
2985: 3137,915
2986: 647,411
2987: 3172,2905,99,3147,3774
2988: 
2989: 1231,4784,1853
2990: 1713,3714,2344,655,1281,2207
2991: 4503,2368,4764,1545
2992: 2899,3753
2993: 4768,318,1854,4717
2994: 3909,1774
2995: 879
2996: 
2997: 4085,4582,3905
2998: 2638,861
2999: 3779,299,3705,1770
3000: 2445
3001: 234,4811,4766
3002: 1399,2001,4470
4141: 4587,2895,3011,4468
3004: 3516,825
3005: 1769,3009,161,3623
3006: 
3007: 1013
3008: 4453
3009: 3005,3582,2225
4796: 4645,1938,642
3011: 2339,1598,2895,4141
3012: 4595,1433,3581,2530,2875
3013: 
3014: 4613,4225,3845,612
3015: 3891,2654,2726
3016: 2477,4288,836
3017: 1664
3018: 2601,2405,2146,3956
3019: 1190,4667,550
3020: 664,610,909,3195
3021: 1367
3022: 
3023: 
3024: 1719,360
4192: 463,526,3041
3026: 1482,552,3454,86,2573
3027: 1155,4814,2757,1910,3600,3368
3028: 2243,2261,696
3029: 4793
3030: 
3031: 
3032: 2684,613,4504,1470
3033: 2354
3034: 
4396: 1173,4220,2663
3036: 3603,3733,1641
3037: 195
3038: 1149,3240,4683,4427
3940: 2814,150,4065
3040: 
3041: 2704,3265,4348,4192
3042: 116,844,4801
3043: 
3044: 2958,1249,1067
3045: 3334,3617
3915: 251,2203
3047: 1346,2764,3124,3216,1491
3048: 21,2836,4276
4485: 3653,4048,1783,4685,365
3050: 4578,3324,2135
3051: 2911,4304
3052: 4448
4715: 1928
3054: 3071,221
3055: 2836,504,4276
3056: 1094
3057: 2042,1727
3058: 1250,2071,932
3059: 1317
3060: 1361
3061: 3565,734,4520
3984: 3411,48,1643,2900
3063: 
3064: 3254,3798,3907,2424,4727
3065: 473,3506
3066: 3898,1733,4306,14
4687: 1006,3563,3235
3068: 693,2923,3694,2640
3069: 2155,2547,914
4236: 1549
3071: 3054,110,3715,221,2021
3072: 1916,1178,109,1394,3264
3073: 2336,4820,1541
3074: 2280,4235,3252,3930
3075: 3643,3638,925
3076: 
3077: 1674,2840,2463,1672
3078: 2023,2054,3593
3079: 1722,2229,2858,4576
3080: 2150,284,792,2153,4595
3081: 1840,1119,2224
4468: 1741,4141
3083: 3116,2666
3084: 482,3647,3419
3085: 389,3843
3086: 125
3087: 2048,877,3769
4739: 1398,2536,3860
3089: 4287,2111,3912,388
3090: 61,458
3091: 666,2902
3092: 1873,1435
4493: 2861,1653
3094: 2064,1439,4507
4790: 4471,3665,3592,2246,1410,4421,3787,170
4075: 
3097: 3228,4588,518,3706,4074
3098: 1416
3099: 3361,3710
3100: 39,2632
4112: 1741,989,2076,411
3102: 134,4540,4767
3103: 2077,272,858
3104: 3656
3105: 2510,3488,1972,399
3106: 474,3767
3107: 4206
3108: 4720,4443
3109: 565,3349,4398
3996: 1211,4491,1440
3111: 3623,1441,1534,26
3112: 1412,1496
3113: 3511
4509: 4481,860
3115: 4617,4077,1025
3116: 3083,3384,1579
4685: 551,1783,4485,365,3199
3118: 4695
3119: 3150,3361,3261
3120: 
3121: 2468
3122: 3947,2457,4813,1274
4719: 4559,1216,4244
3124: 4360,3216,3047
3125: 242,2813,4296
3126: 
3127: 
4389: 1064,181,1062
3129: 
3130: 1167
3131: 
3132: 4184,4634
4642: 951,1452
4637: 1985
4165: 4668,859,40,3881,1563
3136: 4701,3870,2101,1573
3137: 2985,2770,1141
3138: 3766,1993,752,1413
3139: 2660,2392,1090,1788,3875
3140: 
3141: 
4774: 945,3861
3143: 2556
3144: 525
3145: 3246,426,3293,4328
3146: 574
3147: 1428,2987,99,3774
3148: 4049,3801,2028,784
3149: 4333,3218,654
3150: 3119,4744,490
3151: 
3152: 4762
3153: 4078,108,3934
3154: 124,1528,678,1583
3155: 2159,3943
3156: 1034,18,2928
3157: 1128
3158: 3358,4096,2915,2930,4705
3159: 552
3160: 4083,2882
4202: 3679,4432
3162: 776
4108: 
3164: 530,4569
4222: 1893,1337,4588,4577
4700: 265,4784
3167: 3203
3168: 2239,3506
4435: 4098,3289,2274
4247: 2360,3900
3171: 610,1616,909,762,755
3172: 2987,396,4814,982
3173: 1622,453
3174: 3458,2164,3377,1385
3175: 1340
3176: 913,1518
3177: 3520
3953: 4153,3431
3179: 253,1916
4451: 2442,4221,3294,859
3181: 1662,1415
3182: 2185,3645,549
3183: 299,1641,3705,3591,2010
3184: 2186,4107,4732,3620
3185: 3962,4086
3186: 102,4611
4276: 3048,4584,3055
4722: 2493,3929,1771,3190
3189: 1502,1953,79
3190: 4110,4722,3929,1054
3191: 2759,4658,2039,4806
3192: 4807,1756
3193: 1332,794
3194: 4370
3195: 1080,664,3020
3196: 3639,759,278,1708,4428,1678,2460
3197: 2939,2022,2885
3198: 2925,415
3199: 365,4548,670,4685,3919
3200: 1679,4655,4332,4580,2136
3201: 854,978,3411,48
3202: 491,1380
3203: 3167,122,1948
3204: 4121,3775,188
3205: 707,3493,2971
3206: 1330
3207: 2894,764,4364
3208: 4467,1304,3992
3209: 
4404: 309,1305,3461
3211: 2563
4630: 1339,3986,2086
3213: 3686,4004
3214: 1112
3215: 1761
3216: 3124,3047
4429: 1524,2515,3820
3218: 616,2636,50,4333,3149,654
4010: 2374,2416,2955,100
4641: 1866,1779,4532
3221: 
3222: 2059,2948
3223: 
3224: 400
3225: 1475
3226: 3778
3227: 3399,927,1029,655
3228: 4588,3097,2301,3604
3229: 2404,3309,2387,3735
4087: 362,4556
3231: 1196,268,83,4736
3232: 1373,58,3919,3547
4307: 
4812: 3998,4295,743,819,2095,2107,4314,4480
3235: 3563,4687
3236: 3524,4734,2820
3929: 3763,4722,3190,1294
4515: 
3239: 1824
3240: 4683,2573,1149,3038,371
4441: 1366,3978,4136
3242: 2437,2842,414
4237: 833,4479,3848
3244: 3276,4817
3245: 1254,772,2578
3246: 3145,1535,3293
3247: 2874
4771: 1392
3249: 
3250: 1680,1858
3251: 2510,3488
3252: 3074,4125,2213,4671,3930,4725
3253: 1071,4604,4535,4805,2079
3254: 3798,3907,3064
3255: 4410,2849
3256: 842
3257: 2983
3964: 2660,2392
3259: 4728,3962
3260: 920,724
3261: 3710,3119
3262: 2047,3745,1863,3578
4231: 4186,1556,3907
3264: 4805,3072
3265: 3041,3885,3903
3266: 1764,3843
3267: 246,4038,732,1732,461
3268: 3513,1419
4677: 3749,1308,2503,4379,3730
3270: 2008,636
4158: 4821,964,1301,1263,948,346
4267: 1451,2625
3273: 3720,3424,823,777
4623: 3827,1058,1388,3391
3275: 3347,1862,706
3276: 3244,1269
4777: 172,1066,4233,4091,1768
3278: 4180
3279: 4423
4334: 1588,4416,1606,653,1871
3281: 3671,3736
3282: 
3283: 4710
4751: 2506,4164,4177,1996
3285: 424,942,947
3286: 
3287: 2305,2098,726,2646,4542,725
3288: 1438,1696,4539
3289: 1585,4435
3290: 1647,1844,2241
3291: 1220,3980,3326
3292: 4282,157
3293: 426,2880,3145,3246
3294: 2062,4221,2562,3484,3583,4451
3295: 3443,1813
4143: 261
3297: 2052,1944,875,4708
3298: 1651
3299: 1715,408,4381
4519: 
3301: 2513
3302: 2644,2901,4792,4302
4295: 991,743,1839,4812
3304: 
3305: 193,2090
3306: 
4220: 4396,3437
4129: 3589,1226,695,4051,4506
3309: 2404,3229,407,1126
3310: 1974,344
4401: 
4673: 1229,693,3694
3313: 
3314: 2655,4809,3351
3315: 4586,1063,3667
3316: 1407,3620
3317: 4054,368,4803
3318: 202,185,1958
3319: 2859,525,2035,1406
3320: 876,1066
3321: 4772,2590
3322: 2554
3323: 1429,3359
3324: 2135,421,3050,1577
4084: 1531
3326: 635,2002,3291,3980
3327: 4299
3328: 3405,891,952,4088,4627,4028
3329: 897,1050,1549
3330: 
3331: 1499,89
3332: 1191,298
3916: 547,1825
3334: 3045,298,1293
3335: 2350,4505
3336: 4456,283,2663
4327: 
3338: 1599,2512,2871
3339: 3583,971,791,2119
3340: 447,4000,1997,3607,2950
4405: 3812,4793,703
3342: 1626,932,152
3343: 3384
3344: 756,467
3345: 3561,1363
3346: 
3347: 3275,3831,1862
3348: 1615,2240,27,2691
3349: 3109,3355,3426
3960: 3726,4775
3351: 4198,4809,3314
4074: 3706,1118,1256,3097
3353: 3525,219,785,1677,3859
4012: 4770
3355: 3349,4023
3356: 
3357: 484,2819,1619,4655
3358: 4096,3158,375
3359: 352,3323,836
3360: 4666,3742
3361: 3099,3119
3362: 1820
3363: 2348,257
3364: 
3365: 1315,2931
3366: 3787,3592,953,1748,1620
3367: 
3368: 1668,2387,3027,2757,3600
3369: 1826,1408,1692,2524
3370: 1846,2912
4023: 3355,271
3372: 1479,332,4071,972
3373: 2980,431,756
3374: 4238,3769,1080,877
3375: 
4249: 2465,1407,4768
3377: 3458,3174,4592
3378: 1143
3379: 2629,1742,2969,1919,2769
4575: 4293,2530,1991,1181,2767,1933
3381: 
3382: 15,4243,4009,4801,1468
3383: 694,2550,2323
3384: 1579,3116,3343,1204,4083
3385: 
3386: 3626,3664,669
3387: 87,3999
3388: 490,2043,2001
3389: 2007,2739
3390: 1764
3391: 1063,1539,4623,3786,1200
4261: 3788,507,1219,3763,177
3393: 2348,257,1866,1000
3394: 4046,4250,1578,3687,806
3395: 3451,4032,4329
4212: 1687,564,4626,372
3397: 
3398: 1809,136,1232
3399: 3227,3860,2293
3400: 222,1585,2302,3627
3401: 3906,3457,4759
3402: 2567,1587,4152
3403: 2882
3404: 1670,489
3405: 3328,511,3976,952,4028
3406: 524
3407: 1472
4773: 895,2315,443,4614
3409: 521,2639,3719,265,1880
4689: 
3411: 3984,48,3201,854,978,1643
3412: 789,1739
3413: 1107,4197,4618
3414: 2767,4099,4382
3415: 1279,2031,2537
3416: 2609,3670,2520
4302: 1482,552,4792,2644,3302
3418: 4806,4229
3419: 2812,482,3084
3420: 1284,81
3421: 2728
3422: 3641,754,4472
3423: 862
3424: 1653,3273,777
4750: 1046,4337,2635
3426: 2209,3349
3427: 
3428: 2972
3429: 2093
4417: 1287,1437
3431: 2516,2828,3953
3432: 229,2764
3433: 3489
3434: 
3435: 790,1078,441,1368
3436: 3993,2540,366,2303,1747
3437: 4025,4220
4335: 
3439: 2837,2243,2261
3440: 3925,2625,781
3441: 577,4716,350,4794
3442: 
3443: 3295,1813,4117,2164
3444: 4555,1701
3445: 2228
3446: 734,1326,1961,3618
3447: 1514
3448: 1922,2880
3449: 670,3919
3450: 
3451: 3395,333,271
4179: 4606,1317
3453: 2326,3615
3454: 1258,4792,1482,3026
3455: 2686
3456: 2205,4508
3457: 4223,1992,3906,3401
3458: 2164,3377,3174,1813,4592,3890
3459: 1894
3460: 3783,3599
3461: 1029,4404,309,3500
3462: 1094,2428
3463: 4378
3464: 3950,2198,1385
3465: 2858,2167
3466: 3698,2929,431,686
3467: 
3468: 1836,1893,2717,372
3469: 1152,1536
3470: 1927,3637,2335,639,1510
3471: 2439,3832,2100,1319
3472: 796,60
3939: 
3474: 
4411: 2932
3476: 2726
4060: 3539
3478: 4797
3479: 1995,2061,1305,4806
3480: 2206,717,3709
3481: 178
3482: 
3483: 1459,2053,775,4822,2608
3484: 791,1289,2062,3294,2562,3583
3485: 3546,438,108
3486: 369,2693
4069: 611,1033
3488: 1972,3251,2510,3105
3489: 2469,3433
3490: 2838
3491: 
3993: 2540,3436,2373,1747
3493: 893,1726,2591,707,3205
3494: 2511
4759: 757,3401
3496: 1838,4280
4216: 1826,2837
3498: 1129
4240: 2848,1098
3500: 901,2642,2344,3461
4699: 2308
3502: 3835,645,2653
4453: 3008
3504: 
3505: 1061
3506: 473,3065,3168
4823: 1091,457,500
3508: 4329,2373,1738,1223
3509: 4802,2682,1105
3510: 357,614,4611
3511: 397,3113
3512: 978,3636,1008,3799
3513: 57,3268
3514: 4818
3515: 4490
3516: 825,480,3004
3517: 4230,985,4432,4294
3518: 2118,3598
3519: 2242,2065
3520: 3177,3812
3521: 767,423,358
3522: 561,1657
3523: 3619,4505,1393
3524: 3236,4734
3525: 697,3353,621
3526: 83,1255,52,3885
3527: 4065,199,1251
3528: 
4031: 
3530: 2614
3531: 1573
3532: 2351,4279,2043,1399,1099
3533: 4186,1896,4454
3534: 3975,2224,2615,580
3535: 
3536: 2893,1845,2375
3537: 3586,4147,2108,4518
3538: 3562,2086,237
3539: 4060,128
3540: 667
3541: 1237,594
3542: 
3924: 848,1008,3664,3799
3544: 1052,1697
3545: 2612,4761,573,17
3546: 3485,1396,878,108
3547: 1769,4691,3232
3548: 
3549: 30
3550: 4199,1510,12
4620: 
3552: 3761,474,713,2815
3553: 2761,428
4243: 3382,15,4009,4801
3555: 1659
3556: 1459,2053,292,4822
3557: 149,4185,2399,168
3558: 1031,3650
3559: 1307,785,3807,559
3560: 2677,2771
3561: 3345,1602,2269,1363
3562: 3538,2342,2097
3563: 1523,938,4687,3235
3564: 2165,2205
3565: 3061,1961,1201
3566: 2292,796,2756
3567: 966,205,336
3966: 750,4147
4612: 778
4034: 1887,3796
3571: 4285,857,4159,429
3572: 
3573: 
3574: 187
3575: 2204,2603,1093,2683
3576: 355
4025: 3437,2744
3578: 1362,4798,3262,3745
4727: 3702,2424,3064,1918
3580: 4229,3605
3581: 1002,284,4595,3012,2530
3582: 4551,2225,3009,1886
3583: 971,3756,3339,791,3484,3294
3584: 374,2835,4107
3585: 
3586: 3537
3587: 487,4762
3588: 413,2709,4448
3589: 4129,1226,2915,695
3590: 2509
3591: 1641,3183,1386
3592: 4790,953,540,3787,3366
3593: 2763,2765,3078
3594: 2045
3595: 
3596: 1114,4096
3597: 260,1673
3598: 1744,3518
3599: 4565,3460,3783
3600: 1910,1217,3027,1668,3368
3601: 1983,77,587
3602: 2557,510
3603: 3036,1641,4449
3604: 3981,1836,2301,3228,4588
3605: 2719,787,3580,4229
3606: 869,1332,1628,1348
3607: 2950,3676,4311,3340,1997
3608: 1127,2961
3609: 2769,217
3610: 3987,2284,2229,1721,4785
3611: 343
3612: 2327,3977,2115,4589
4541: 
3614: 
3615: 940,3453
3616: 4716,1682,1350,577
3617: 2773,3045,1065
3618: 1961,4185,1546,3446
3619: 3523,4505,484,911,2272
3620: 1407,3316,3184,4107,240
3621: 4782
4818: 2050,3813,413,3514
3623: 3111,3005,2225
3624: 
3965: 4579,934
3626: 3386
3627: 3400
3628: 2740
3629: 2082,807,2437,4618
4445: 1638,4386,996
3631: 324
3632: 1545,1402,1682
3633: 1404
3634: 
3635: 2940
3636: 978,3512,1454
3637: 3470,2335,1677
3638: 925,3075
3639: 3196,759,278,1829
3640: 2298,3674,1503,937,100
3641: 3422,754,3680
3642: 1162,481,4029,4746
3643: 4781,3075,925
4692: 
3645: 2185,3182,549
3930: 4671,4381,3074,2280,3252,671
3647: 482,3084,2215,3846
3648: 419,394,1086
3649: 1738,1223
3650: 4569,3558,1256
3651: 
3652: 
3653: 4485,365,670
3654: 2078,792,497
4173: 1401,597,556
3656: 3104
3657: 4643,1475,649
3658: 1341,4471
3659: 1161,1206,710,4337
4193: 4591,3822,2672,456
3661: 
3662: 
3663: 4049,2295,2226
3664: 3386,3924,3799
3665: 4790,1410
4241: 2543,4122,4679
3667: 1063,1539,3315,4586
3668: 
3669: 860
3670: 4547,2609,3416,1139
3671: 3736,3680,3281,754
3672: 4650,121
3673: 2776,378,1435
3674: 2298,3640,2208,1732
3675: 2221,2278
3676: 3607,2950,4311,805
3677: 2841,2052,844,875
3678: 2777
3679: 4202
3680: 3671,3641,754,4019
4507: 3094
3682: 1413,4076,2664
4313: 1111,2166,966
4304: 1037,3051,715
4634: 3132
3686: 990,3213,4004
3687: 806,1578,3394
3688: 
3689: 2152,4363,4597,1591
3690: 
3691: 4369,3877,3722,1955,2568
3692: 
3693: 14,4306
3694: 3068,693,4127,1229,4673
3695: 833,2393,1819,4679
3696: 1193
4266: 4614,1088,1304
3698: 1724,2929,3466
3950: 3464,2198,1009,987
4669: 2699,2144,959
4811: 234,3001,808,4766
3702: 4727,899
3703: 
4388: 2859,525
3705: 299,3183,2999
3706: 4074,1118,2301,965,3097
3707: 763
4556: 4087,2529
3709: 717,2327,3480,3975
3710: 3261,3099
3711: 
4440: 4383
4035: 1152,1403
3714: 1713,2990,1281,922
3715: 110,3071,2021,2959
4262: 
4456: 3336,1234
3718: 343,532
3719: 521,3409,1259,216
3720: 3273,2906
3721: 2531
3722: 3691,1955
3723: 4343,4640,1145
3724: 1424,3908,1166,1253
3725: 36,1892,4172,3732
3726: 3960,2653,4775
4062: 1940,1375,4131
3728: 2818,1316,2230,406,1688
4500: 358,2826,185
3730: 4379,4677,3749
3731: 3824,2552,1630
3732: 241,3725,36,4172
3733: 3036,2793
3734: 832,417,2416
3735: 3229
3736: 3671,3281,2044
4653: 819,2095
3738: 
3739: 731
3740: 
4696: 2450
3742: 4666,3360
3743: 1798,1655,1709,1018
4800: 3947,1274
3745: 3262,3578,4798
4217: 721
4092: 4813,2132,1658
3748: 2386,1345
3749: 4677,3730
3750: 3896
3751: 2295,2886,76
3752: 
3753: 2899,2992
4813: 4092,1644,2546,2457,3122,1274,1658
3755: 4444,2208,1732
3756: 3583,971,742
3757: 249
3758: 2888,1388,53,110,1520
4245: 
3760: 4643,1475,4190,1588,4416
3761: 4707,3552,3826,991
3762: 223,2792,2176
3763: 3929,4261,177,1294
3764: 2947,225,4798
3765: 29
3766: 1993,3138,1165,752,4162
3767: 2720,4599,1245,3106
3768: 2775,2547,4016,4469
3769: 3374,4238,3087
3770: 657
4413: 4005,2957,1297
3772: 2463
3773: 2172,4779,2517,1887
3774: 1270,4814,1428,3147,2987,2142
3775: 3204,89
3776: 
3959: 4111,4414,2293,1398
3778: 3226
3779: 2999,2041,1770,2175
3780: 2732,1920
3781: 1405,3785,1284
3782: 2542,2785
3783: 3460,3599,1154,893
4176: 3837,178
3785: 2750,864,3781,1405
3786: 1200,53,3391
3787: 170,3366,4790,3592
3788: 4261,507,2656
3789: 
3790: 4462,82,4506
3791: 2179
3792: 587
3793: 1762,1539,3827
3794: 559,697,4346
3795: 1879,4542,155,1844,726
3796: 4034
3797: 407,4095,2805,4091
3798: 3254,3907,3064,1918
3799: 3664,3924,1008,3512
3800: 3932,2178,1372
3801: 3148,4049,411
3802: 230,4618,2082,995,4803,628
4595: 3012,3080,284,3581
4400: 879,1237
4799: 2162,60
3806: 165,2325
3807: 3559,1307,3858,1198
3808: 3887,129
3809: 1526,1753,4780
3810: 4730,4127,1960,4387
4342: 4730,1229,998
3812: 4405,3520,1252
3813: 401,4818
3814: 834,4775
3815: 517,3908,4667
3816: 551,1888,2961,1127
3817: 1627,2792
4448: 3052,3588
4578: 297,3938,974,3050
3820: 1896,4429,1556
3821: 2352,402
3822: 4591,1113,4193,2444,1165,456
3823: 4053,1374
3824: 3731,2325
3825: 953,540
3826: 1048,4707,3761,991
3827: 1058,3793,4623
3828: 1235
3829: 1062,4729
4337: 4750,3659,1206,4003
3831: 4195,3347
3832: 924,3471,2439,2100
3833: 1156
3834: 
3835: 3502,2565
3836: 2819,1042,1619
3837: 4176,1158
4589: 1388,2115,3612,2249,1058
3839: 246,200
4321: 181,1062
3989: 1278,2566,4766,4260,1920,4764
4374: 
3843: 1764,3266,3085
3844: 461,2857,200
3845: 1964,4312,612,3014
3846: 3647,2215
3847: 651,1387
3848: 4479,1148,4237,853
3849: 437,1309
4126: 
3851: 522
4218: 2310,4384,1319,2439
3853: 
3854: 1492,1170,2695,1592,4346
3855: 486,3958
3856: 2665,2405,1917,4055
3857: 1357
3858: 1595,1592,3807
3859: 2851,1677,3353,219,1307
3860: 3399,927,4739,1445
3861: 1442,945,4774
3862: 
4770: 4012
3864: 
3865: 
3866: 4268
3867: 2312,774,1416
3868: 1873,2023
3869: 1191,2844,4372
3870: 4498,3136,1573
3871: 899
4330: 2691,1615,980,509
3873: 4450,2526,4536,2749
3874: 
3875: 2581,1174,1090,3139,2392
3876: 
3877: 4369,200,3691
3878: 1878,685,1869
4130: 643,1637
4300: 2465,2166,31,2332
3881: 4196,40,4165,2478,1604
3882: 131,2080
3883: 141
4317: 
3885: 3265,3526,1255,3903
3886: 390,1569,4447
3887: 3808
4780: 1437,3809
4550: 
3890: 1613,4592,1813,3458
3891: 2495,3015,4021,4424
3892: 4731
3893: 628,4402,364
4535: 983,4604,3253
4492: 2426,2206,282,1583
3896: 2051,3750,1432,479,1092
3897: 4721
3898: 3066,4306,1722
3899: 1225,444
3900: 4247
3901: 41,1043
3902: 2970
3903: 3265,3885,1255
4617: 3115,374,1025
3905: 383,2997
3906: 513,1992,3457,3401
3907: 3254,3798,3064,4231
3908: 3815,517,4428,1678,3724
3909: 2994,1774
3910: 1633,4789,681,4235
3911: 558,2746,1440
3912: 2693,2111,3089
3913: 42,4290
4679: 4241,3695,1819,2600