0: 1893,1042,2908,2399,1687,4081
1: 3419,4462,1118,2368
4450: 838,1668,4440,4634
4812: 4784
4: 3542
5: 1018,4657,2748
6: 636,1006,2299
4620: 4599
8: 1543,1178,4092
9: 1788,2208,4659,3754
10: 3592,2398,3903
11: 1490,887
12: 1121,78,952
4264: 3032
4608: 2436,247,2157,919
15: 2413
16: 358,4318,1862
17: 1806,4660
18: 3733,2275,3575,3968,77
19: 4370,3696
20: 1016,3044,878,2581
21: 3418,2785
4015: 1867,3601,4783
23: 4276,4461
24: 926,3326
25: 1212,1329,3544,1670
26: 3142
27: 592,3953,2460
28: 2084,651
29: 2835
30: 47,1407
31: 4810,703,205
4108: 3999,841,2006
33: 4102,1606,2277,1555,3333
34: 4128,4384,213
35: 4232
36: 990,3411,4172,3817
4088: 
38: 655,228,3418,4459
39: 562,4696
40: 1232,2847,2167
41: 2459,2553
42: 4798
4669: 2795,884,2753,2233
44: 2904
45: 1580,148,2653
46: 4495,2733
47: 30
48: 1609,321,2410,4043,4512
49: 2603,4058
50: 3228,1638,85,3846
4776: 3184,1594,2777
52: 877,1028
53: 775,3081,904,411
4060: 2109
4306: 492,2813,2836
56: 1036,1631,2585
57: 679,2495
58: 1620
59: 1255,4176,3098
60: 2267,1283
4539: 2919,3558,1000
62: 4187,72,2934
63: 2095,132,3702
4228: 1788,2208,551
65: 1067,4640
66: 1295,3231,4488,3816
67: 3978,2143,2557
4304: 1026,1726
69: 598
70: 
71: 4186,2779,2747
72: 4187,62,2934,1192
4103: 2852,3986,2269
74: 
75: 4499,280,3409,2056,2130
76: 3751,3002,3453
77: 3959,3968,18,931,4377
78: 952,12,1121
79: 787,1547,3621,4642
80: 4154,3320,2947,1809
4367: 
82: 3557
83: 162,2675
84: 3055,413,4741,2355,3321
85: 3468,3846,3097,2809,50
86: 567,3211
87: 3387,1521,2418,855
88: 851,3282
89: 1973,4371,4785
90: 4479,1725,4254,3705
4821: 3426,1915,2142,1126,3913,3852,482
4616: 663,1134,775,4209
93: 
4041: 1924,1545,4494
95: 2692
96: 
97: 1903,763,3796,1626,1254
98: 529,953,540,1196,473
99: 1922,3014,2199,4377,3331,4383
100: 2249,3451
101: 175,1207
102: 1315,2582,1639,4014
103: 3073,886
104: 1274,266,4769
105: 3387,1521,855
106: 2667,4378
107: 649,1090,708
4768: 1981,1838,3874,1464,1617,2777,4461,1101,1734,4778
4167: 1422,4782,1631
110: 4773,1577,550,2804,3391
111: 3252,245
112: 
113: 3809
114: 2910,3238
115: 
4662: 3124,2373
117: 3753,2904
118: 1221,603,2935
119: 3815,450
120: 4327,770
121: 2213,3779,3171,2068,2019,2275
4097: 2314,2573,4729
4455: 3709,1418,640,3559,2266,2738
124: 904,767,935
125: 4115,3713,2512
126: 1102
127: 3777,640
128: 3346,3220
129: 2827
4668: 307,2995
131: 1198,4303
132: 1009,63
133: 3375,1976
134: 3571,1316,3136
4665: 3142,4360,2181,2062
136: 1310,658
137: 
4325: 2886,1480
4067: 3992
140: 1815,1506,4748,440,420
141: 4259,346,4412,2983
142: 3740
143: 3925,4049,2731
144: 2225,2075,3415
145: 2895,1065
4802: 1623,951,1017,3094,3226
147: 1903,1371,3741,2152,1729
148: 3295,3532,3653,45
4787: 2318,914,778,178
150: 3751,3453,303
4301: 
152: 1279,1853
153: 3612,221,3827,2570,365,4002
4449: 2263,2519
155: 3280,1106,2742,3609,2751
156: 289,1778,1705,1999
157: 891,297,791,4805
4191: 4807,4281
4482: 2404,3103,986,3522,1564
4429: 203,3364,616
161: 3581,2859,514,303
162: 83,2675
4614: 2139
164: 999,2546,464
165: 213,2847,3607
4272: 839,3534
167: 711,1637,1326
168: 4463,1975,4481,607
169: 2385,4807
170: 2137
171: 947,3829,1483
172: 2933,2590
173: 3771,1649,1973,4371
174: 1991,2611,3382
175: 101,1653,4305,3359
4798: 42
4715: 
178: 1914,2749,4787,778
179: 
4534: 971,3458
181: 2665
4360: 3142,2181,1406,2062,4665
183: 2038,3884,3665
4286: 675,4651,2097
185: 3638,2667
186: 
187: 449,260,4290
188: 3655,756,1031
189: 3374,3412,576,766
4052: 1426,1725,4782
191: 3115,1701
192: 715
193: 3225,2309
194: 4498
195: 2799,3990
196: 
197: 2956,1895,4216,3101
198: 503,670,1095,2129
199: 1185,1804
4558: 2443,2451,4085
201: 3970,426
4337: 818,4316,4009,783
203: 4429
204: 648,547,4211
205: 1671,3213,759,4810,31
206: 408,3958
4009: 1998,783,1091,4337,1694
208: 
209: 3603,2900,2094,2633
210: 4274,2609,4391
4753: 
212: 656
213: 165,34,4384,4576
214: 2985,3800,1184
215: 4390,4626
216: 3826,3047,795,3743,2812
217: 1871,1180,1445,223
218: 3617,1384
219: 3413
220: 1823
221: 153,3612,3827,1241,4112,871
222: 3181,3662,587
223: 1445,217
224: 3182,1234,710
225: 1795,1551
4485: 1323,2299,1006,2008
227: 3408,473,1769
228: 1540,655,38,3418,2204
229: 459,2101
230: 1305,3338,3676,927
231: 3041,2276,2365,4034
232: 4136
233: 4736,2267,2457
4394: 3893,3701,4580,3164,2464
235: 1032,3691
236: 
237: 4517,4750
238: 
4236: 3568
240: 4793
4499: 75,280,3409,1926
242: 4441,1696,2936
243: 4568,4774
244: 4024,2734,3977,1619
245: 3958,111
246: 1413,4038,1388,4135
247: 2436,4608,2157,4806
248: 3960,4012,2152
4176: 638,59,3098,3307
250: 
251: 1154,3891
252: 1231,4727,2012
253: 4146,4155,2912
254: 3369,4513,4789
255: 4609,1668,4175,1005,4496
4469: 266,4769,1064
257: 370
258: 2156,4296,658,2743
259: 442
260: 4136,187
261: 3166
262: 3818,1786,1154
263: 2793,338,2828
4484: 
4292: 
266: 4769,4469,1821,1274,104
4586: 355,4316,2442,2145,746
268: 689,3554
4184: 1404,2893,803
270: 3133,4414,2785,2723
4684: 
272: 3524,2568,2131,1392
273: 3107,698,2767,2433
274: 
275: 4358
4207: 4619,4623,503,670
277: 2211,2103,2405
278: 2613,1377,4447,3417
279: 923,4799,432
280: 75,4499,1018,4657
281: 
282: 1136,415,294
283: 
4155: 4146,253,4349,2912,4681
285: 
4637: 2480,307,2995
287: 2626,4528,2109
4355: 3864,3132,3135,2989,2424
289: 156,922,2719,1778
290: 3463,2178
291: 3863
292: 3877,2959,3505,4382,3284,3883
293: 2270
294: 415,3065,282
295: 2220,2548,533,2176
296: 4705,1324,2723
297: 157,1534,4805,1488,421
298: 1844,406,688,1058
299: 1287,3872,2545
4680: 4058,1011,4465
301: 
302: 3385,4137,3554
303: 150,161,514
304: 1104,1980
305: 3404
306: 
307: 4668,1316,4637,2995
308: 618,3941
309: 
310: 2633,4352,4475,4583
4523: 
4048: 1965,2359,3350,3432
4279: 792,3342
314: 3273,1372,1917,4362
4811: 2258,407,3147,1946
4507: 
4057: 1084,4574,1493,1471
318: 3782
319: 4742
320: 3226,1017
321: 2410,2207,4732,48
322: 2108,750,2514
323: 2511,3452,3183
324: 
325: 2232,1190
326: 1916,2309
327: 3611,4635
328: 3106,668,1260,1321
329: 2511,1822,2317
4324: 
331: 2815,1260,3906
332: 2018,3363
333: 535,712
334: 3355,4703,1841,2540
335: 3811,2319,1711,4190,1595,2390
4652: 950
337: 2432,4424,1283,4090
338: 2364,4121,263,2828
339: 2233
340: 1743,1086,2072,1990
341: 4065,3820,1336
342: 543,854
343: 2801,1911,4261,3819
344: 3768,663,4209,3042
345: 4376,720,4464,4822
346: 4771,3573,141,793
347: 2271,4556
348: 
349: 3071,3801,1532,843,746,2726
350: 4106
351: 1621,4666,3181
352: 1885,1773,4030
353: 3802,4786
4017: 4764
355: 4316,2442,4586
356: 1912
357: 3438,2086,4274,3649,1063
358: 2881,16
359: 4370,1129
4682: 
361: 
362: 4331,4700,2504
4202: 
4115: 125,2064
365: 2127,4002,153,2570,3138
366: 4794,948,1861
367: 3763,3498
368: 2003,2429,3627
369: 3115,769
370: 257,3229,4553,3735,4777
371: 
372: 1965,4339,987
373: 3626,3201,3769,3285
374: 1135,669
375: 1968,3335,518,3487
376: 3867,2343,3538,1453
377: 2296,2380
378: 648,3610,1868,3774,4095
379: 4688,431,4804,811,1256,4386,2378
380: 3476,1184,2351
381: 1456,398,1910,1114,829
382: 4755,4602
383: 3062,2994
384: 2806,2414,3989,2345,3624
4194: 2325
4294: 2063,4030
387: 4243,2480,4691,3005,4284,3337
388: 
389: 4757
390: 4589,4488
391: 1203,2083,3916,3063
392: 3728,1134,1106,3756,3640
393: 
394: 3206
395: 2565
396: 4033
4398: 3005,1141,4284
398: 1456,381,1910,4087,734
4568: 243,4242
4195: 1992,1197,4547,3236
4741: 84,3321,3091
402: 3758,2015,1844,3777
403: 4214,1162,1638,1733,1491,1362
404: 1191,3793,3830,4633,4578
405: 418
406: 2760,1518,298,1058
407: 3147,4811
408: 206
409: 2124
410: 928,2805
411: 904,53,727,2321
4623: 4619,1022,4207,1373
413: 3055,84
414: 4334,1764
415: 294,4551,1927,282
416: 2767,502,2433,2639,4763
4464: 345,720
418: 405,3469
419: 3485,3886,3690
420: 440,1815,140
421: 3480,4589,297,785
422: 1841,3350,2310,517,1183,3432
423: 2365
424: 4704
425: 1300,984,2601
426: 1122,3970,201
427: 3923,594,2346,3677,3416
428: 2113,1562,4218,4222,2839,2080
429: 573,615,4698,4459
430: 1809,2947
431: 379,2378,753
432: 279,2831
433: 3042,4540,767,4725,1677
4205: 
4111: 3375,1137
436: 4643,2213
437: 3615,2424,3132,3004,2150
438: 4217,3362,3629,2711
439: 1170,2415,3747,1680
440: 420,140,4748
441: 917,4527,4497
442: 259,947
443: 1088
444: 4678,1249,889
445: 3689,4064,4293
446: 1176,456
447: 2284,1869,3605
448: 2474,3631,3835,2979
449: 187,1092
450: 3815,119
451: 2075,956
452: 2292,1064,2916,1420,1821
453: 2870,3787,687,3615,3670
454: 3835,2979,4664
455: 4513,4789,3727
456: 1165,4538,1176,446
457: 
458: 
459: 2101,3083,229
460: 2683,2819,3933,2242
461: 2687,3353,1011
4396: 1548,3122,4687
463: 1783,4363
464: 2546,164,3424
465: 
4178: 2327,3685,4428
4271: 972,4081,2776,2873,4686
4122: 
469: 1315,1639
470: 
4050: 1685,2716,4526,510
472: 2917
473: 227,98,953,540,1769,2339
4006: 4822,3393,3836,1276
475: 3846,1967
476: 2050
4234: 3887,1806,722
4487: 2966,4114
479: 4323,3873,2818
480: 3652
481: 1967,1042,4081
482: 3913,3852,4821,1126
483: 3134
484: 1275,3156,2627
485: 2289
486: 2571,2637,2795
487: 882,3367,2644
4719: 2159,4604,883,1663
4699: 2833
490: 3162,1805
491: 2898,3582,965,4766,4733
492: 2813,4306
493: 921
494: 2603,1842,993,1855
495: 623,604,3279
496: 3516,2290,2134,4770
497: 3491,2453,2991,4411,558
498: 4638,572,3392,990,4172
4348: 4262
500: 3477,3221
501: 1904,1188
502: 416,2433,4310,3737
503: 198,670,4207,1095
504: 732,2439,4773,4600
4619: 4623,1022,4207,747
506: 2520,2814,4375
507: 4036,2311,3545,4554,943
508: 
509: 1092,918,872,4189
510: 1600,4050,4526
4387: 1932
512: 753,810
513: 3478,894,2017,1674
514: 3581,161,303,1461
515: 1391
516: 2029,2175,1949
517: 4023,1183,422,3432,3849
518: 550,1874,1968,375,4023
519: 3843,1995
520: 
521: 3414,4206,2503,894
522: 2292,3539,3572,2628
523: 3312,1327,3553,1869
524: 
525: 1901,2141
526: 3862,1805
527: 1104,2613
4120: 735,3561
529: 98,953,2224
530: 1517,1829,673,541
531: 1510,1492,1486,3045
532: 2448,4783
533: 1379,295,2176
534: 3242
535: 2012,333,1567,2116
4461: 23,4276,4768,1981,820
4229: 2830,2161,1937,4806
4622: 1559,2676
539: 4594
540: 1196,98,2751,473
541: 673,2822,1609,530
542: 
543: 342,4404,1782
544: 4412,2983,2650,1009
545: 2728,1294,2045,4030
546: 1754
547: 4210,204,4445,2987
548: 656,932,1205
549: 4823,3310,3917
550: 518,4773,1577,110
551: 4548,4159,3754,2208,3786,4228
552: 2476,3428
553: 2711,4530,2642
554: 3082
555: 2183,2916,2114,4267
556: 3292
557: 4254,3705
558: 2976,2991,497,4411,4644
559: 2296,1831
560: 
561: 2915
562: 39
4262: 1229,4348
564: 4263,2256
565: 3936,4634
566: 
567: 2601,4408,86
568: 614,4517,4119,3009,3497
569: 2224,2353,671,1775
3998: 770
571: 
572: 4638,498,4063,3392
573: 429,615
574: 1542,4040
575: 2423,4529
576: 2013,766,189,1616
577: 1301
578: 2222,3507
579: 1281
580: 2052,935,2672
581: 2712,3035,3133
4013: 
583: 3404,3524,4621,2501
584: 1597,2121,590,1343
585: 
586: 3979,4659
587: 222
588: 1289,2535
589: 
590: 4574,4492,584,1343
591: 
592: 27
593: 2707,2878,1783,2137
594: 427,3923,3416,4794
595: 2254,984
596: 3207
4587: 3136
598: 69,3322,802
599: 4297,2823
600: 1360,1311,4397,2802
601: 3340,2200
602: 4309,3799
603: 1140,118
604: 1921,4690,623,495
605: 3743,2812
4170: 3832,4569,2759
607: 3784,4210,168,4481
608: 3614
609: 3446,2423,1003
610: 1520
4570: 2332
612: 4474,4197,4820
613: 
614: 568,964,3009
615: 429,573,4698,4414
616: 3364,4429,3216
617: 4326
618: 308,2020,4109
619: 4146,737,4132
620: 4573,3268,4125
621: 4342,1229
622: 1257,692,1191,3793
623: 4690,495,604
624: 3879,2331
625: 2057,1440
626: 
627: 1702,2735,3257
628: 4416,1396,1228
4526: 4071,4050,510,3391
630: 
631: 1129,1621
632: 1608,2559,4660,1919
633: 2889,1941
634: 
635: 2533,4804,2669
636: 4293,1006,3631,6
637: 
638: 4176,914,3307
4602: 382,1560
640: 127,791,3709,4455
641: 
642: 1282,2925
643: 1326,2597,3675
644: 3197,2333,4225
645: 3963,2470
646: 2115,710,1046
4626: 4390,2497,215,1103,4185
648: 378,204,3774
649: 1090,107,708,4803
4179: 
651: 1578,28
652: 2563,3065,2070
653: 4789,3712,1793
654: 3284,3883,1469
655: 38,1730,3363,228,4459
656: 548,932,212
4702: 
658: 136,258
4439: 4318,2854,1862,3925
4598: 950,1318,1040
661: 3375,2255,1976,2039
662: 
663: 4616,3899,3768,344,4209
664: 2493,2408,2098,3412
4002: 365,2127,153,3827,2549
4016: 671,3336
667: 
668: 328,1321,1498
669: 3560,374
670: 503,198,4207
671: 4016,569
672: 970,945
673: 1684,541,530,1829
4761: 4401
675: 793,4286,4259,2097
676: 
4371: 89,173,1649
678: 3173,4010
679: 3510,57
680: 3392,3955,2446,3312
681: 896,1661,2985,1423,2635
682: 4784,3059,2930
683: 2147,2270
684: 2161,1937,3601
685: 3259,3266,4815,3887
686: 3602
687: 2989,2870,453,3615
688: 1058,2697,298,3777
689: 268
4393: 
691: 
692: 622,1257,1871,2646
693: 
694: 2049,2757
695: 2784,3258,1682,2623
4250: 3541,4169
697: 4724,3475,3856
698: 3107,4693,273
699: 978,1266,4732,2822,4740,1398
4505: 2187,4583
701: 3297,3283
702: 1649,2508,4655,839
703: 31
704: 2528,3793
4654: 835,2882,4237
706: 4080
707: 4245,1348
708: 3676,649,107,927
4401: 3928,4761
710: 2115,646,1399,3182,224
711: 167,1326
712: 333,4201,1659
4552: 3402,4056
714: 3721,4204,3578
715: 869,192,1971
716: 
717: 2749,4235,3472
718: 1110,2180
719: 1578
720: 4376,345,4464
721: 2490,2801
722: 1806,4234,3887,3379
4090: 1283,337
724: 
725: 1165,1720,4238,4312
4004: 1349
727: 3800,2321,2635,3081,411
4289: 2708,3354,2940
729: 3842,1168,4544,3233
4177: 1996
731: 2661
732: 504,2691,2439,4600,3419
4062: 4314,4503,2924,3656
734: 1582,4087,1456,398,1238,1655
735: 4120
736: 4242
737: 619,4132
4341: 1800,4354
739: 2056,3882,2526,1637,1063,2086
740: 
741: 
742: 
743: 1832,1203,3616
744: 2400,2023
745: 1057
746: 2726,349,2145,843,4586
747: 4144,1029,4619
748: 1225
749: 3032,1159,3344
750: 322,2108,4434,2205
4556: 347
752: 4258,816,3626,930,3714,4079,931
753: 2378,431,512
4596: 1180
755: 3200,1573
756: 3655,188,1854
4500: 1071
758: 2040
759: 3716,2065,1052,205,3213
4161: 3314,1888,4159,3786
761: 2163
762: 2490,3928
763: 3796,1061,1214,97
4133: 3949
765: 2662
766: 2013,576,189,1084
767: 433,124
768: 
769: 369,2065,1052
770: 3998,120
771: 2799
772: 2971,2329
4460: 1915,1883
774: 3202,962,4381
775: 4209,53,4616,904
776: 1399,2001
777: 2383,4799
778: 4787,178
779: 
780: 4820
781: 2532,2911,2663
782: 
783: 4009,4337
784: 2971,4797,2115
785: 1488,3480,421
786: 
787: 79,1589,1547
4078: 3580,3164,3924,4580,3289
789: 1354,2032,3447,2121
4773: 1577,110,550,1873,2804,4600,3938,1245,504
791: 640,3709,157
792: 4279,4758,2354
793: 675,346,4259
4731: 4744,828
795: 216
4024: 2734,244,2101,3977,4726
4101: 1127,1405,4223
4743: 2402,3040
799: 1890,1502,3397
4688: 379,4804,811,1256
801: 2967,3359
802: 3322,3420,1556,598
803: 2893,1115,3364,4184
4160: 3620,2634
4244: 3413
806: 1863,1645,3764
4051: 937,1211,3938,1245
808: 2252
809: 2768,2248,1885,4780,3454,836
810: 1697,512
811: 2077,1256,4804,379,4688
812: 
4477: 2914
814: 4553,3735,3641,1645
815: 1544,4767
816: 4258,2019,752,930
817: 2972,4737,3496,4199
818: 4337,1099,4316,1513,1127
819: 3180
820: 4778,4276,4461,1981,890
4386: 2077,1256,2797,379,2378,3824
822: 3632,2805,1317
823: 1448,4426,913,3525
824: 
825: 
4260: 2163,1220
827: 1508
828: 4220,4731,944
829: 1114,1456,381
830: 4054,3302
831: 3278,2217,3551,1672
832: 4142,2374,2310,3355
833: 2058,2041,2896,3302
834: 3787,2572,1223
835: 1137,4654,2739,2882
836: 809,3454
837: 1938,1093,1584
838: 1668,4450,4440,3610,1522,2608,1005
839: 3297,4655,702,4272,3534
4353: 
841: 4108
842: 
843: 3436,2145,4518,1532,349,746,2726
844: 4259,2983,2484,3687
4406: 3685,3014,1103,2660
846: 2395,2595,3230
847: 4156
848: 4778,890,1177,3812,4107
849: 4790,2318
4042: 3814,3915,3414,894,4685
851: 88,3282
852: 2930
4805: 3087,157,297
854: 2880,2160,342
855: 87,1521,105
4655: 3297,839,1008,2508,702
857: 4475,2719,4583,3605
858: 3642,4444,2453
4557: 1072,2695,3328
860: 2443,4617,2776
861: 
862: 3897,1713,3962
863: 3377,3365
864: 3527,2153
865: 2126,3102,1575
866: 997,2694
867: 
868: 2549,1380,4659,3556
869: 715,1901
4391: 4712,3339,1457,4274,210
871: 1174,3795,3287,221,3827
872: 4189,509
873: 1010,1715
874: 2298,3910
4022: 4470,3835
876: 2797
877: 4809,52,2164,1028
878: 2581,2431,20
879: 
880: 2407,1665,4757
881: 4612
882: 487,3367
883: 1663,4719,2583
884: 2795,4669,2233
885: 
886: 2964,103
887: 2319,4368,1490,11,1826
888: 3251,1598,3341
889: 1785,444,1080
890: 3650,4043,848,820,4778,4512
891: 157,3709
892: 2518,2008
4610: 
894: 513,521,3414,4042
895: 
896: 1661,3756,681,3640,2635
897: 
898: 2373,4087
4030: 1773,545,4294,352
4708: 3691,1419,4801,1880
901: 2890,4076
4573: 620,1381,2206,4451,4125
903: 2147,2058
904: 411,124,775,53
905: 1341,3559,1642,4605,3930,4010
906: 3804,2043
907: 2315,1217
908: 2589,4471
909: 2211
910: 3517,4255
911: 1724,4822
912: 2566,2926,1694,4823
913: 1485,3525,3011,823,4605
914: 4787,1914,638
4607: 2120,4443,4513
916: 4352,2900,2094,2903
917: 4527,441,4054,3423
918: 509,4189
919: 4679,2157,3792,4608
4273: 2774,3481,4192,4315
921: 493,1376,3110,2961,2560
922: 4475,2561,4278,289
923: 3661,279,2432,2984
924: 2416,4263,1431,1310
4233: 3656,2924
926: 24,3326
927: 2161,708,230
928: 410
929: 4361,2123
930: 3626,4258,816,752,4079
931: 4377,4258,752,77
932: 656,548
933: 4540,1738,1677
4674: 1541,2761
935: 2052,580,2128,124
936: 1314,1369,1803
937: 1201,4051,3647,1211,3938,1245
938: 2343,2462,3867
939: 4183,1747,3746,3325,1459,3706
940: 
4333: 1141,2500,3801,2726
4220: 3356,828
943: 3190,3545,507
944: 828
945: 672
946: 1962,3535,1345
947: 171,3829,442
948: 1861,4231,4794,366
949: 4298
950: 4652,1318,1764,4598
951: 2060,3094,4802
952: 78,3794,12,1802
953: 98,529,1010,1769,2339,473
954: 
4555: 1253
956: 2928,3202,451
4144: 747,1029,3465,3372,3785
4118: 1619,1641,3977,3844,2787,1272
959: 969,3939
960: 
4377: 931,3959,77,3331,99
962: 774,4381,4343,3786
963: 4803,2853,4783
964: 614,2038,2306,3497,3150
965: 2898,3582,491,2051,2540
966: 2494
4136: 260,232
4096: 3077
969: 959
970: 672
971: 3251,4534
972: 4271,4686
973: 2454,1565
974: 4542,1395,3988,2657
4554: 3956,4036,507,2277
976: 4331,3589
977: 1480
978: 699,1266,4732
4123: 2502,1306,3860,3912
980: 4512,1177,1609,1517
981: 3194,3778
982: 2139
983: 3120,3939
984: 425,595
4323: 3156,479,1413,4038
986: 3043,3103,4482,3522
987: 1153,2962,1503,4339,372
988: 3843
4055: 4305,4151
990: 3392,3955,498,36,4172
991: 3828,4295
992: 1845,1697
993: 1855,494
994: 
995: 
996: 3123
997: 866
998: 
999: 1512,3269,164,2546
1000: 3628,4437,4539,3558
1001: 4578,1395,1191,1257,4542
1002: 4781,2782,1152
1003: 609,3446
1004: 1342,2798,1122,1913
1005: 2608,4095,838,1668,255,2987
1006: 636,4293,6,4485
1007: 2286
1008: 2918,2508,2140,3297,4655
1009: 132,3056,2650,544
1010: 873,953
1011: 4465,4680,461
1012: 3826,1507,2814
1013: 1934,1282
1014: 1167,3999
4086: 4217,2196
1016: 20,1849
1017: 4802,3226,320
1018: 5,4657,280
4107: 3812,848,4778,2372
1020: 1616,1059,2133,1072,2293
1021: 4788
1022: 4619,4623
4689: 
4742: 1948,2803,319
4650: 2250,2338
1026: 2886,4304,1726
1027: 
1028: 2615,877,4809,52
1029: 747,4144,2426,3465
1030: 
1031: 188
1032: 3691,2758,235
1033: 1458,3548
1034: 3079
1035: 1108,2084
1036: 56
4403: 
1038: 1260,3204
1039: 2947,1657
1040: 3972,1318,4530,4598,2950
1041: 2506,1434,2592
1042: 1893,0,2716,481
4542: 974,1001
1044: 
1045: 1287,4340
1046: 4318,2854,2329,646
4763: 1731,3879,2639,416,2767,1440,2331
4319: 3586,3245,1726
1049: 4819,2792
1050: 4646,2253,1962
1051: 3728,2826,2848,3280,1106
1052: 3716,759,2065,769,4395
4293: 636,1006,445
1054: 
1055: 1338
1056: 4189
1057: 2509,745
1058: 688,2697,406,1518,298
1059: 1616,1020
4666: 351,3181
1061: 763
1062: 2020,3856,1394
1063: 739,1637,2086,357
1064: 452,2292,4469,1821
1065: 3651,3783,145,2663,1528
4785: 2471,3806,4384,1973,89
1067: 4640,1095,2129,65
1068: 2366,3621,3400
4483: 
1070: 3074
1071: 1109,4500
1072: 4557,1020,2293
1073: 3718,1312,2641,2950,2612
1074: 1461,3493,3518
1075: 3309,1155
1076: 3319,4685,3547
4673: 1102
4166: 3584,1705
1079: 1868,1432,3790,1733,2215
1080: 2788,1277,889
1081: 3757,2034
4327: 2936,120
4349: 2912,4155
1084: 4057,2013,766
1085: 3569
1086: 4571,2069,1704,3169,340,1990
1087: 1663,1875,1683
1088: 443
4806: 2313,3924,247,2830,4229,2968
1090: 649,107,3185,4803
1091: 3175,1933,3884,1998,4009
1092: 509,449
1093: 3995,3089,1701,837,1584
1094: 4545,3798
1095: 1067,2129,1373,503,198
1096: 1233,2447
1097: 1267,2724,2158
4588: 4663,2717,1893,2908
1099: 818,1127
1100: 1467
1101: 1734,4768,1838,4778
1102: 126,4673
1103: 4185,4626,4406,2599
1104: 527,304
4326: 1363,617
1106: 155,3280,3728,1051,392,3756
1107: 
1108: 2406,1035,2632
1109: 1071,4769,1156
1110: 718
1111: 
1112: 4163,1412
1113: 2570,4591,2229,3612
1114: 1682,1910,4019,2623,381,829
1115: 3208,2345,2893,803
1116: 2136,1993,3619,2168
1117: 4007,1468
1118: 1,3419,3109,4476
4142: 3534,2374,832,2310,4628
1120: 2230,2295,1354
1121: 4627,12,78
1122: 426,4489,1004
1123: 3854
1124: 
1125: 4472
1126: 4821,1187,3913,482
1127: 4101,1513,1969,818,1099
1128: 3075
1129: 631,359
1130: 
1131: 
1132: 2832
1133: 3103,2258,1882,2404
1134: 3728,392,4616
1135: 374
1136: 282,1647,3855
1137: 835,4111
1138: 1516,3154
1139: 3030,3841
1140: 1221,603
1141: 4333,2500,4398,3005
1142: 2475,3695
1143: 4453
1144: 1212,4716,4211,3784
1145: 3153,4697
1146: 4044,1633,2164
4609: 255,1827,3604
1148: 3696,2247
1149: 4354
4185: 3964,1103,4626,1501
4399: 3299,1207,4434
1152: 2861,1002,4549
1153: 2962,987,2597,1263,3536
1154: 251,262,1894
1155: 3309,1075
1156: 3526,4215,1109
1157: 1852
4287: 4037,1601,2337,3905
1159: 1584,749
1160: 4767
1161: 2672
1162: 4214,4297,403,1638
1163: 
1164: 2588
1165: 456,4538,725,4238
1166: 4778
1167: 1014,2259
1168: 4544,729,2100
4311: 2204
1170: 1653,439,2415,3747,3359
4254: 3705,557,90
4784: 682,4812,3965,3059
4318: 4439,1046,2329,16,1862
1174: 3795,871,3976,3827,3979
1175: 3704,4714,3710,4298
1176: 1289,4536,446,456,4538
1177: 980,4512,848,3812
1178: 4092,8
4320: 2278,2745
1180: 4596,3289,3580,1445,217
1181: 4518,3341,2198,2305,3436
1182: 1768
1183: 517,2374,2310,422,1874
1184: 380,3476,2985,2351,214
1185: 3616,199,1832
1186: 
1187: 4631,1126
1188: 1904,501,4215
4790: 2954,849,2383,1255
1190: 1424,2232,4374,4330,325
1191: 404,3793,622,1257,1001
1192: 4813,72,3299,1610
1193: 
4281: 4191,4807
4592: 2342,4611,1352
1196: 540,98
1197: 4547,2680,3236,3804,4195
1198: 131,2101,4303,3722
1199: 
1200: 3436,2145,4388,2305
1201: 937,3647,1211,2868,4746
1202: 2788,1277,2922,1646,1762
1203: 391,3761,743
1204: 2179
1205: 548,1950
1206: 4245,1320,3199,3710,3858
1207: 4151,101,4399,3299
1208: 
4390: 2497,4626,215,4219,2199
1210: 3117
1211: 1201,937,4051,4746,3349
1212: 25,4716,1144,4211
1213: 
1214: 763
1215: 2062,2958,3644
1216: 1573,3997
1217: 907
4635: 327
4679: 2157,919,3792,2981
1220: 4260
1221: 1140,118,2935
1222: 2457,4424
1223: 3787,834,4201
1224: 3096
1225: 748
1226: 2215,1362
1227: 1647
1228: 1860,628,2133
1229: 4262,3859,621
4221: 2826,3272,3888,2848
1231: 4727,252
1232: 40,1836,2167
1233: 3901,2447,1096,3240
1234: 3182,224,1815
1235: 2947,3660
1236: 4080
4296: 2156,1829,258
1238: 3286,4106,1582,734,1655
4770: 2134,496
1240: 1471,2119,1414,3095,1927
1241: 1475,3875,4112,221
1242: 3949
4463: 168,1975,4481
1244: 
1245: 4773,937,4051,3938
1246: 2619,1547,4642
4754: 2067,4290
4433: 3022
1249: 4678,1916,444,3018
1250: 1353
4703: 3355,334,4196,1970
1252: 3548,3445,1509
1253: 4555
1254: 4795,97,3796,1626
1255: 59,4790
1256: 2077,811,4804,4386,379,4688
1257: 622,692,1191,1001
1258: 
4737: 817,2393,4627,4199
1260: 1038,1321,331,328
4339: 4129,2865,372,987
4479: 90,2833,3165
1263: 2868,1153,2962,3536
1264: 
1265: 1712,2191,3801
1266: 699,978,1859
1267: 1097
4240: 
4493: 
1270: 2501,3258,2623
1271: 2628,3456,4251
1272: 3775,2787,4118,2401,2817
1273: 4336
1274: 2183,104,266
1275: 3233,484,1562,2627
1276: 3836,4006,2451
1277: 1202,2788,1080
1278: 2375,3097,2809,4462,1955
1279: 152
4604: 2583,2421,2159,4719
1281: 3227,3603,579
1282: 642,1934,1013
1283: 4090,60,337
1284: 3314,1888,2225
1285: 1560
1286: 
1287: 299,1045,3872,3810
1288: 2702,2866,2005,2770
1289: 588,1176,4536,3066
4653: 4644
1291: 2638,2033,3914
1292: 
4585: 4762,4527,1570,1699
1294: 2728,2045,545,3947
1295: 2857,3974,66,3231
1296: 2354,3689
4095: 2608,1005,378,2987
1298: 
1299: 3980,4716,2227
1300: 425,4514
1301: 577
1302: 3408
1303: 2466,3218
1304: 
1305: 230,3897,3676
1306: 2502,4123,3860
1307: 
1308: 3749,1640
4263: 564,1431,924,2416
1310: 136,2156,1431,924
1311: 3732,1360,600
1312: 3718,1073,3161
1313: 4582,2763,4373
1314: 936,3410,1803,3894
1315: 469,102,2582,2744
1316: 3571,134,307
1317: 822
1318: 950,4598,1040
4444: 3906,3642,1546,858,2453
1320: 1206,4245,3858,3720
1321: 1260,1795,328,668
4693: 698,4775
1323: 4485,2299,2340,1580,1385
1324: 4705,296,1859
1325: 1627,2860,3823
1326: 3394,643,167,711,2526
1327: 3553,2187,523
4492: 590,4574,2969,3550
1329: 1882,25,1670
4322: 3822,4447,2419
1331: 
4253: 1550,4369,2712,4697
1333: 
1334: 
4047: 3496,3545
1336: 3633,3820,4480,341
1337: 4019,2815
1338: 1055,3762
4218: 1562,428,2627,2818,2080
1340: 3726
1341: 3559,2266,905,3173,4010
1342: 2798,1004,1913
1343: 1742,1493,590,4574,1597,584
4758: 3342,792
1345: 1766,3535,946
1346: 3667,4540
1347: 
1348: 2188,707,4245
1349: 4004
1350: 
1351: 2989,4750,3347
1352: 4611,4592,3295
1353: 1250,3606
1354: 789,2032,1120
1355: 
1356: 2894
1357: 2413,1833
1358: 
1359: 3761,2083,1655
1360: 1311,600
4091: 4765,4543,3815
1362: 1491,403,1226
1363: 4696,4326
4537: 
1365: 1613
1366: 
4186: 71,3532,1791
4181: 3276
1369: 1803,936,1587,1593
4163: 2068,1112,1770,1412
1371: 1903,147,1729,1626
1372: 3273,314,4724
1373: 3395,4623,1095
1374: 3091,1696
1375: 3723,3110,3513,4381
1376: 4135,921,2961
1377: 1980,278,2249,2391
1378: 4239,2389,4282,1607
1379: 1590,533
1380: 868,3979,2549,4659
1381: 2206,4573
4028: 1396,2559,3353,3169
1383: 
1384: 3015,218
1385: 1580,4779,1323,2299
1386: 4190,1870
4530: 553,1040,2950,2642
1388: 1752,4312,3734,4135,246
1389: 
1390: 4545
1391: 515
1392: 3404,2131,272,3001
4531: 3395,3202,4381,3513,2928
1394: 2020,1062,1943
1395: 4578,1001,974,2657
1396: 4028,1919,628,1743
4372: 3343,1526
1398: 3163,2709,699,2822
1399: 776,710,3182
1400: 
4459: 4698,3363,655,38,429
4300: 2902,4093
1403: 3699
1404: 2893,2396,4184
1405: 4284,4101,4223
1406: 2181,1583,4640,2129,4360
1407: 3246,30
1408: 1427
1409: 
1410: 2518,3839
1411: 3544,1930,4707,2227
1412: 2528,4163,1112,1770
1413: 246,4038,4323
1414: 4147,3095,2013,1240
1415: 3008,3889,1681
1416: 
1417: 
1418: 3709,4455,3974
1419: 4712,3339,4708,4801,1880
1420: 2778,2577,452,2292,3539,2756
1421: 3145
1422: 4167,3293,4782
1423: 2985,2351,681,2553
1424: 4374,1190
1425: 1680,3225
1426: 4052,2953,4782
1427: 1408
4769: 266,4469,104,1109
4696: 1363,39
1430: 4291,3312,1454
1431: 2156,4263,924,1310
1432: 1955,3790,3228,1079
4197: 612,2218,4820
1434: 2592,1041
1435: 2960
1436: 1929
1437: 3154,2032,2922,3447
1438: 
1439: 
1440: 3945,625,4763
4151: 1207,4305,4055
1442: 
4345: 2940
1444: 
1445: 3580,3289,1180,217,223
1446: 
1447: 2088
1448: 823,1985,4426,2615,3525
4199: 4627,3985,817,4737
4075: 4817
1451: 
1452: 3664
1453: 3744,3538,376,4468
1454: 1430
4471: 2861,1639,908
1456: 398,381,734,829,1655
1457: 1604,4391
1458: 1033
1459: 4005,2212,939,1747,3706
1460: 2700
1461: 2503,1074,3388,514
4818: 4448,4077
1463: 3037
1464: 3874,4768
1465: 1861,1545
1466: 
1467: 2006,3595,1100
1468: 4007,1117
1469: 3883,654,2346
1470: 3406,2397
1471: 1240,2119,4057,1493
1472: 4295,3992,1825
1473: 1813
4109: 2803,618
1475: 1241,3875,4112
1476: 2198,4388
1477: 1753,2837
4099: 
4183: 939,3746,2127,3556
1480: 977,4325
4510: 2805
1482: 4073,3999,3452
1483: 4729,171
1484: 2379,1735,4373
1485: 913,2015,4605,1642
1486: 531,3045
4685: 4042,3814,3319,1076
1488: 785,3087,297
4180: 1924
1490: 11,2307,887
1491: 1362,4214,403
1492: 531,4789
1493: 1742,1343,4574,4057,1471
1494: 1622,4003,3337,2078,2995
1495: 1554
4291: 3312,1430,2284,1869
4005: 1459,2212,3706,3110
1498: 2142,668
1499: 3217,3052
1500: 1802,2175,4334,1588,3972
1501: 4165,3775,3964,4185,3066
1502: 799,3165
1503: 987,2597,2370
1504: 
1505: 
1506: 3137,140,4748
1507: 3826,3047,1012,2652,3838
1508: 827
1509: 1634,3548,1252
1510: 531
4174: 2717,3178,1600
1512: 4092,999,3809,3269,4321
1513: 4316,2442,1969,818,1127
1514: 4774,1797
1515: 2150,3382
1516: 1138,2295
1517: 3217,530,1829,980
1518: 2760,406,1058,2697
4704: 3545,4792,424
1520: 610
1521: 3387,87,855,105
1522: 3908,3610,4476,4440,838
1523: 
4079: 3714,4219,3285,3626,930,752
4782: 3742,1426,4052,3293,2953,4167,1422
1526: 4372
1527: 
1528: 2663,1065
1529: 1976,3423,1777,2039
1530: 4820,1667
1531: 
1532: 3623,4518,3071,349,2495,843
1533: 1843
1534: 297
4712: 1419,4391,4274,3649
1536: 
1537: 
1538: 
4214: 1162,403,1491,3147
1540: 3987,228,3724,2204
1541: 4674
1542: 1579,574,2783
1543: 8
1544: 2984,815
1545: 3659,4041,4494,1465,1861
1546: 3906,3642,4444,3106
1547: 79,787,1589,1246,4642
1548: 1749,3122,4396,4687,1994
1549: 
1550: 4369,3292,4253
1551: 225,1795,1975
1552: 
1553: 
1554: 1495,1858
1555: 33,4102,3333
1556: 1659,3420,802
1557: 2694,3140
1558: 2485,3201
1559: 4622,1594
1560: 4602,1285
4354: 1149,4341
1562: 2113,428,4218,2627,1275
4624: 
1564: 3522,4482,3320
1565: 2454,973,4764
1566: 1822,2088,2317
1567: 2411,535,4794,2116
1568: 
4162: 2839,2168
1570: 3591,4585,1699
4690: 623,1921,604
4448: 2921,4818
1573: 1216,755
1574: 
1575: 865
1576: 1995
1577: 4773,110,4023,550,1873
1578: 651,1686,719
1579: 1542
1580: 1385,4779,45,1323
1581: 3234,2111,2919
1582: 4106,4087,734,3124,1238
1583: 2181,1406,2129,4709,2955
1584: 1159,1093,837
1585: 
4076: 901
1587: 3933,1593,1369,1803,2683,3894
1588: 3972,2641,1500,1949
1589: 787,2448,2973,1547
1590: 1379
1591: 2705,2680
4772: 2613
1593: 1587,3933,1678,1369,1803
1594: 4776,3184,2460,1559
1595: 2390,2395,4368,335
4724: 697,1372,3475
1597: 584,1343,2697
1598: 3510,3458,888,3623
4643: 2640,2581,436
1600: 3487,3178,4174,510
1601: 3445,3905,4287
1602: 3838,1792
1603: 
1604: 1457,2078,3149
1605: 2648
1606: 33,4102,2277
1607: 4639,1378
1608: 2559,632,4660,3085,3353
1609: 48,4043,980,541
1610: 3299,2514,1192,4434
1611: 2745
1612: 3739
1613: 1365
4815: 3887,685
1615: 
1616: 3176,1020,1059,2013,576
1617: 1782,4404,4768
1618: 
1619: 4118,244,3977
1620: 1799,3951,58
1621: 351,631
1622: 1494,4003,3337,4284,4723
1623: 4802
4201: 1659,712,1223,3420
1625: 
1626: 1903,1371,97,1254
1627: 2561,1325,3823,3024
1628: 4744,3306,3356,2402
4793: 240,4056,1654
4038: 1413,246,4323,3156
1631: 56,4167
4274: 210,4712,4391,357
1633: 2164,3253,1146
1634: 1509
4295: 3828,991,1472
1636: 3650,1765,4276,2410
1637: 739,2526,1063,167
1638: 50,3846,1162,403
1639: 469,102,4471,2861
1640: 3749,2172,1308
1641: 3878,3977,3844,4118
1642: 3559,905,1485,3758,4605,3930
4412: 544,2983,2650,141
1644: 
1645: 814,3641,3764,806
1646: 2922,2969,1202,1762,3550
1647: 2629,3855,1227,1136
4276: 23,4461,3650,1636,820
1649: 702,173,4371
1650: 2678
1651: 2749,3456,4251
1652: 2951
1653: 1170,2415,3747,175,4305,3359
1654: 4056,2234,4793
1655: 1359,3761,734,1456,1238
4817: 2382,4075
1657: 2209,3043,1039
4582: 1313,2067,2763
1659: 1556,4201,712
4794: 366,594,4231,2411,1567,948,3527,1905
1661: 896,3756,681,2742
1662: 3962,1713,2593,3792
1663: 883,1087,4719,1875
1664: 2605,2877
1665: 2733,2622,880
1666: 
1667: 4380,2892,4820,1530
1668: 838,4175,4450,4577,1005,255
1669: 2750,4138,4700
1670: 3544,1329,25
1671: 205,3213,4810
1672: 3278,831,2611
1673: 2502,4810
1674: 513,2017,3547
4227: 
1676: 4559
1677: 1738,4725,433,4540,933
1678: 2574,1593,3055
4135: 1376,3734,1388,246
1680: 1425,3982,439
1681: 3189,1415,3008,3889
1682: 1910,1114,695,2623
1683: 2155,1087,1875,3403
1684: 673,2709
1685: 4071,2716,4050,3097,3468
1686: 1578
1687: 4617,4081,2776,2399,0
4290: 2067,1697,187,4754
1689: 3857
1690: 2517,1710
1691: 
4404: 543,1617,1782
1693: 2683,2819,3894,4376
1694: 1998,4009,2566,912,4823
1695: 2398
1696: 4441,1374,242
1697: 810,992,4290
1698: 1852,2341,3529
1699: 2792,4585,4527,1570
1700: 3904
1701: 3995,3089,1093,191
1702: 627,3257
1703: 4156
1704: 1086,4571,1990,4280
1705: 2018,1999,1778,156,4166
1706: 1732,3283,1970,2140,3372,3785
1707: 3317
1708: 
1709: 4247,3022
1710: 2517,3576,1690
1711: 4190,2644,2319,335
1712: 1265,3434,3966,2191
1713: 862,1842,1662
4472: 1125
1715: 873,1775
4029: 2325
1717: 3741,4275,3994
1718: 2576,3174
4316: 355,2442,1513,4586,818,4337
1720: 3138,4238,725,3746,3325,4312
1721: 3410
1722: 2168,2918,2508
4640: 1067,2129,65,1406
1724: 3410,3600,911
1725: 90,4052
1726: 1026,4304,4319
1727: 1820
1728: 3114,3311,3900
1729: 2152,1371,147
1730: 2018,1941,655
1731: 4763,2331
1732: 3283,1970,1706,3785,2496,4196
1733: 3228,403,1079
1734: 1101,4768
1735: 1484
1736: 2170,2369,1963,4767,2831
1737: 
1738: 2864,2655,4725,1677,933
1739: 
1740: 2979,2290
1741: 2226
1742: 1493,1343,2629
1743: 340,1396,1860,2280
1744: 
1745: 2596,4533
1746: 
1747: 939,3746,3325,3734,1459,3706
4418: 
1749: 1548,3122,1994
4105: 
4757: 389,2407,880
1752: 1388
1753: 2845,2251,1477,2837
1754: 546
1755: 
1756: 
1757: 2024,3988
1758: 
4424: 337,2432,2457,1222
4243: 2480,387,4691
1761: 2124
1762: 3550,1202,1646
1763: 2007
1764: 414,950
1765: 2678,3817,1636
1766: 1345
1767: 3273
1768: 1182
1769: 2339,953,227,3408,473
1770: 3733,3575,2068,4163,1412
1771: 2003,2429
1772: 2221
1773: 4030,352,4780
1774: 3600
1775: 2224,569,1715
1776: 
1777: 2039,1529
1778: 3584,3024,289,156,1705
1779: 
4071: 1685,4526,2691,2375
1781: 2779
1782: 1617,4404,543
1783: 463,593
1784: 3654,3319,2342,2264
1785: 4149,889,2967
1786: 2621,3193,262,3818,1894
1787: 1839
1788: 9,2208,4228
1789: 3896,3349,2047
4169: 3541,4250
1791: 3532,4186
1792: 3838,1602,3911
1793: 3712,653
4660: 1806,17,1608,632,3085
1795: 225,1551,1321
1796: 3252,1850,3069
1797: 1514
1798: 3441,3007,2324
1799: 1620,4363
1800: 4341,1831
1801: 4417
1802: 1500,2175,4334,952
1803: 1369,936,1314,1587,1593
1804: 199
1805: 3209,526,490
1806: 17,4660,722,4234,3759,3379
1807: 
4040: 574
1809: 430,4154,80,2947
1810: 2289
4515: 
1812: 
1813: 2217,1473
1814: 3694
1815: 140,3182,1234,420
1816: 2866,2005
1817: 3740,2875
4764: 2454,1565,2610,4017,3570
4364: 2273
1820: 2651,4730,1727
1821: 266,2183,2916,452,1064
1822: 1566,329,2317
1823: 220,3593,1966
4315: 4192,4288,4273
1825: 1472
1826: 4361,2123,887
1827: 2066,4609,2441,3604
4792: 4704,2972,4603,3259
1829: 3217,1517,530,673,4296
4173: 2939
1831: 2296,559,1800
1832: 743,1185,3616
1833: 2413,3772,1357
1834: 3433
4504: 3091,4037
1836: 3153,4697,3191,2167,1232
4651: 4286
1838: 4768,1981,1101,4778
1839: 1787
1840: 2478,3966,1879
1841: 2359,3350,2540,422,334,2310
1842: 494,1855,4615,1713
1843: 3732,1533
1844: 298,2028,402,2015
1845: 992,3234
1846: 2452,2467
1847: 3448,1987
4762: 4585,3302,2896
1849: 1016,2593,3792
1850: 3155,1796
1851: 4801
1852: 1698,1157,3023
1853: 152
1854: 756
1855: 993,3360,1842,494,4615
4363: 2654,1799,463
1857: 
1858: 1554
1859: 1266,1324,3163
1860: 2280,1228,1743
1861: 948,1465,366,3659,1545
1862: 16,4318,4439
1863: 806,3326
4807: 4191,4281,169,2385
4736: 233,2267
4000: 
1867: 1884,4015,3485
1868: 1079,3774,2215,378
1869: 2284,447,523,4291
1870: 2901,1386,3811
1871: 217,692,2646
4154: 3320,80,1809
1873: 3849,4773,1577,3938
1874: 518,2374,1968,4628,4023,1183
1875: 1087,1663,1683
1876: 4612
1877: 3890
4732: 321,2207,699,978,4740
1879: 2510,1840
1880: 4801,4708,3691,1419,3232
1881: 1958
1882: 1329,1133
1883: 1915,4460
1884: 1867,1937,3485
1885: 2773,352,4780,2768,809,2248
4417: 1801
1887: 3707
1888: 4161,3314,1284,2655,4159
1889: 
1890: 799,3861
1891: 3211
4231: 3416,4794,948
1893: 1042,0,2908,4588
1894: 1786,1154
1895: 3101,197
1896: 3254,3940
4676: 
1898: 2940,3354
1899: 
1900: 
1901: 869,525
1902: 
1903: 1371,147,97,1626
1904: 1188,2457,501
1905: 3527,2099,4794,3659
4775: 4693
1907: 2146
1908: 3013
1909: 2003,4658
1910: 1682,1114,2210,398,381
1911: 2801,343,3038
1912: 356
1913: 2996,1342,1004,3970
1914: 178,914
1915: 3426,4821,1883,4460
1916: 326,4678,1249
1917: 4362,3727,314
4546: 
1919: 1396,4416,2559,632
4701: 
1921: 4690,604
1922: 99,3014
4574: 590,4492,4057,1493,1343
1924: 4041,2099,3573,4180
4503: 4062,4247,3656
1926: 4499
1927: 1240,2119,3095,415
1928: 1943,3956,3190,2493
1929: 1436
1930: 3043,1411,2209
4494: 4041,1545
1932: 4387
1933: 3175,1091,3884
1934: 1013,1282
4681: 4146,4155
4423: 
1937: 684,2161,1884,4229
1938: 837,3620
1939: 2700
4080: 706,1236
1941: 2018,1999,1730,633,2889
1942: 
1943: 1928,1394,2493
4408: 2601,567
1945: 2674,3279,3210
1946: 4811
1947: 2555,3311
1948: 3018,4742
1949: 3161,1588,2641,516,2029
1950: 2789,1205
1951: 3386,2338
4536: 1289,1176,3066,2817,4165,4538
1953: 2288,2988
1954: 
1955: 1432,3790,1278,2809,4462
4698: 3418,4459,429,615
4247: 1709,4503
1958: 2986,2881,1881
1959: 2960
1960: 2146
1961: 3596
1962: 3535,946,1050,2800
1963: 1736,4767,2831,3651
1964: 3662,2288
1965: 372,4048,3432,3849,3647
1966: 1823
1967: 481,2716,3468,475
1968: 4628,3335,375,518,1874
1969: 2500,2442,1513,1127
1970: 1732,3283,1706,4196,4703
1971: 3960,715
4648: 3397
1973: 89,3771,173,2659,4785
4809: 877,2615,1028,1985
1975: 168,4463,1551
1976: 4054,1529,3375,661,133
4077: 4818
4434: 2514,4399,1610,750
1979: 2721
1980: 2100,1377,304
1981: 4768,1838,4461,820,4778
1982: 3298,2583
1983: 
4259: 844,141,793,675
1985: 1448,4809,2615
1986: 3862,2532
1987: 2645,1847,3448
1988: 
1989: 
1990: 2072,2485,340,1086,1704
1991: 174,3128,3278
1992: 4195,3864,3128
1993: 2136,1116,3451
1994: 3920,1749,1548
1995: 1576,519
1996: 4177
1997: 
1998: 4009,1091,3884,4046,1694
1999: 1705,2018,1941,156,2889
2000: 4514,2601
2001: 776
2002: 
2003: 1909,2429,368,1771
4462: 1,3419,1278,1955
2005: 2866,1816,2182,2770,1288
2006: 1467,4108
2007: 1763
2008: 892,4485
4632: 4378
4445: 2987,4210,547,4481
4388: 2305,4458,1476,2198,1200
2012: 535,252
2013: 576,766,1084,1616,1414
2014: 4786,3802
2015: 402,2028,1844,1485
2016: 
2017: 3478,513,1674
2018: 1705,1941,1999,1730,332
2019: 4258,816,121,2275
2020: 1062,3856,618,1394
2021: 2164,3252
2022: 4638,3799,3874
2023: 744
2024: 3988,1757
2025: 3699,2386
2026: 4011
4489: 3145,1122
2028: 1844,3011,2015
2029: 516,1949
2030: 
4187: 62,72
2032: 1437,3447,789,1354
2033: 2638,1291,2505,3239
2034: 1081
4547: 1197,2680,3236,4195
4638: 572,3799,498,2022,4172
4518: 3623,1181,1532,3341,2305,3436,843
2038: 183,3884,2306,4046,964,3150
2039: 1777,2255,661,1529
2040: 758
2041: 2896,833,4208
2042: 3840
2043: 906,3804,3608
4065: 2484,3687,3820,2618,2534,341
2045: 2728,3939,1294,545
2046: 
2047: 1789,3896
4440: 4476,1522,838,4450
2049: 3172,2757,694
2050: 476,3166
2051: 4709,4213,3582,965
2052: 935,580,2128,3530,4524
4621: 3524,583,2784
2054: 2400,2791,4814
2055: 
2056: 739,3882,3438,2086,75,2130
2057: 2322,625
2058: 833,903
4209: 775,4616,663,344,3042
2060: 951,3060
4729: 4097,1483
2062: 1215,2958,3644,3142,4360,4665
2063: 2775,4294
2064: 2890,2112,4115,2409
2065: 759,1052,769
2066: 1827,3001,2764
2067: 4290,4582,4754
2068: 3171,4163,121,3779,2275,1770
2069: 1086,3169
2070: 652
4777: 4553,3735,370
2072: 4193,1990,2485,340
4049: 2744,3925,143
2074: 3954
2075: 451,144,3415
2076: 2178
2077: 811,1256,2797,4804,4386
2078: 1494,4003,3149,2758,1604
4257: 3952
2080: 3488,428,4218,2818
4143: 3466
2082: 2978
2083: 1359,3916,391
2084: 1035,4138,28
4252: 2961,2456
2086: 3438,357,739,2056,1063
2087: 
2088: 1566,3611,1447
4405: 4580,3690,3886,3893
2090: 
4583: 2187,3605,4505,310,4475,857
4196: 2496,3583,1732,1970,4703
2093: 
2094: 2900,209,916,2633
2095: 63,3702,2473
2096: 
2097: 3618,3254,4480,4286,675
2098: 3323,664,2408
2099: 3573,1905,1924,3659
2100: 1980,1168
2101: 459,1198,3722,4024,229,4726
2102: 4212,2391,3417,2330
2103: 277
4467: 
4211: 4210,204,1212,1144
2106: 2230,4044,3463
2107: 2184
2108: 322,750,2205
2109: 4060,287
2110: 2860,3195,2646
2111: 1581,2919
2112: 4313,2890,2064
2113: 1562,428,4222
2114: 4132,2183,555
2115: 710,646,784
2116: 535,1567
2117: 3169,4571
2118: 3497,3150,4823,3917,4590
2119: 1471,1240,3855,1927
2120: 4607,3020,4241,4443
2121: 789,2760,584
2122: 3075
2123: 4361,1826,929
2124: 1761,409
2125: 3763
2126: 865,4488,3816,3102
2127: 365,3556,4002,2549,4183
2128: 2052,935,2321
2129: 1067,4640,1095,198,1406,1583
2130: 2520,2056,3882,75
2131: 4636,272,1392
2132: 
2133: 3176,1020,1228,2293
2134: 4770,4779,496
4627: 4199,1121,2393,4737
2136: 1116,1993,3139,3731
2137: 170,3251,2878,593
2138: 
2139: 982,4614,2905
2140: 3372,1008,3283,1706,3297
2141: 525
2142: 1498,4821
2143: 2557,67
4639: 4722,1607
2145: 3436,843,1200,746,3825,4586
2146: 1907,1960
2147: 683,903,2270
4780: 1773,1885,809,2248,2688
4064: 2185,3839,445
2150: 1515,437,3004
4733: 4129,2865,2898,491,4766
2152: 1729,248,147
2153: 2269,864,3986
4466: 4427
2155: 1683,2934,3403
2156: 4296,1431,258,1310
2157: 4679,919,4608,247,2981
2158: 2724,1097
2159: 4719,2421,4604
2160: 2880,854,3732
2161: 684,1937,927,4229
2162: 2594,3256
2163: 761,4260
2164: 1633,2021,1146,877
4343: 2212,962
4146: 253,4155,619,4681
2167: 2847,3191,1836,40,1232
2168: 1722,3619,4162,1116
4801: 1880,4708,3691,1419,3232,3649,1851,3416
2170: 1736,2369,2362
4058: 4680,49,4465
2172: 1640
2173: 2380
2174: 3020
2175: 1802,1500,516
2176: 533,295
4465: 1011,4680,4058
2178: 290,2076
2179: 1204
2180: 3449,718
2181: 1406,1583,4360,2955,4665
2182: 2770,2005
2183: 555,2916,2114,1274,1821
2184: 2107
2185: 4064,3839
4517: 568,3497,237,3645
2187: 4583,3605,4505,1327
2188: 1348,2625
4023: 517,518,1874,1577
2190: 3367
2191: 3071,3801,3434,1712,1265
2192: 
2193: 
2194: 
2195: 
2196: 4217,3362,3595,4086
4085: 2451,4558,2533
2198: 1476,1181,4388,2305
2199: 3714,4390,2497,99
2200: 601
2201: 4516,3229
4010: 678,1341,905,3870
4561: 3437
2204: 4311,1540,228,3724
2205: 3155,2108,750,3997
2206: 1381,2955,4213,4573
2207: 321,4732
2208: 1788,9,3754,551,4228
2209: 1657,3043,1930
2210: 3841,1910
2211: 909,277,2405
2212: 1459,4005,4343
2213: 121,3779,436
4310: 3737,502
2215: 1079,1868,3774,1226
4705: 1324,296
2217: 3278,1813,831,3261
2218: 4197,4820
2219: 
2220: 295
2221: 1772
2222: 578
4671: 4251
2224: 2353,569,1775,529
2225: 144,1284
2226: 3137,1741
2227: 4707,1411,3980,1299
2228: 4532,4804
2229: 2570,1113,4591,4238
2230: 1120,2295,2106
4545: 1094,1390
2232: 1190,325
2233: 339,884,4669,2753
2234: 3490,1654
4644: 558,4653
2236: 
4600: 2804,4773,504,2691,732
2238: 
2239: 3858,3307,3366
2240: 
2241: 2625
2242: 460,2574,3933
2243: 
4617: 1687,2776,860
2245: 
4572: 2905
2247: 3696,1148
2248: 809,1885,4780
2249: 100,1377,2391,3636
2250: 4650,2338,4739
2251: 1753,2845
2252: 3969,3446,808
2253: 1050,4646,2840
2254: 595,3381
2255: 661,3501,2039
2256: 2813,564,2752
2257: 
2258: 4811,1133
2259: 1167,2291,3183
2260: 3928,3942
2261: 4321,4649
2262: 
2263: 3431,4449,2542
2264: 3464,2342,1784
4112: 1241,1475,3612,221
2266: 1341,4455,3173,3974
2267: 233,4736,60,2457
2268: 
2269: 2153,2650,3986,4103
2270: 293,683,2147
2271: 347
2272: 2401,2817,4538
2273: 4364
2274: 4446
2275: 3733,18,121,2068,4258,2019
2276: 2365,231
2277: 33,1606,3956,4554
2278: 4320,3552,2564
2279: 
2280: 1860,1743,2293
2281: 
2282: 2920
4019: 2623,1337,1114
2284: 447,1869,4291,2889
4128: 3271,3731,34
2286: 1007,2921
2287: 2436,3338
2288: 1953,1964
2289: 485,1810
2290: 496,1740
2291: 2259
2292: 452,522,3539,1064,1420
2293: 1020,2133,2280,1072
2294: 4340,3810,3038
2295: 1516,2230,1120
2296: 2380,559,377,1831
2297: 
2298: 3910,874
2299: 1323,4485,6,1385
2300: 
2301: 3357,4188,3832
4661: 4658,2963,3046
2303: 3825
2304: 
2305: 4388,2198,1181,4518,3436,1200
2306: 4046,2038,964,3150,4823
2307: 1490
4381: 3202,774,962,1375,4531
2309: 193,326
2310: 4142,832,3355,1841,422,1183
2311: 4036,507,3546
4740: 2822,4732,699
2313: 3924,4806
2314: 4097,3918,2573
2315: 907,2671
4474: 612,2649,3340
2317: 329,1566,1822
2318: 4787,849
2319: 4368,887,1711,335
2320: 3663,3346
2321: 727,411,2128
2322: 2639,2057
2323: 
2324: 1798,3007
2325: 4029,4194,3067
4307: 
2327: 4178,2536,3050
2328: 3729
2329: 772,4318,1046
2330: 3417,4212,2102
2331: 1731,4763,624
2332: 4570
2333: 4225,644
4697: 3153,1836,1145,4369,4253
4369: 1550,4253,4697
4707: 2227,1411,3980
2337: 2487,3091,4287,4037
2338: 2250,4650,3386,1951
2339: 1769,953,473
2340: 1323,3653
2341: 3634,1698
2342: 4592,1784,3464,2264
2343: 938,2462,2782,3867,376
4256: 3831
2345: 2806,384,3208,1115,2893,2396
2346: 427,3923,3677,1469
4358: 275
4778: 848,820,4768,1981,1838,1101,890,1166,4107,2372
2349: 
4395: 3052,3716,1052,2743
2351: 2985,1423,380,1184
4553: 814,3735,3641,4777,370
2353: 2224,569
2354: 1296,792
2355: 3321,3055,84
4223: 4723,1405,4101
2357: 2688,4230
4631: 4765,1187
2359: 1841,3350,2540,2898,4129,4048
2360: 3064
4280: 4571,1704,2640,3492
2362: 2170,2369,3720,2895
4594: 539,4225
2364: 338,3195,4121
2365: 2276,423,231
2366: 1068,3621,2648
2367: 
2368: 3908,1,3790
2369: 1736,2170,2362,2895
2370: 4766,4125,1503
4551: 415,3065,2695,3095
2372: 3303,4778,4107
2373: 3124,4662,3030,898
2374: 4142,832,4628,1183,1874
2375: 3097,1278,4071,2691
2376: 3174,4269
4268: 3237
2378: 3824,753,4386,379,431
2379: 1484
2380: 2296,377,2173
2381: 
2382: 4817
2383: 777,4799,4790
4540: 3042,433,3102,933,1346,3667,1677
2385: 169,4807
2386: 3699,2025
4437: 3628,1000
2388: 
2389: 1378,4239,4282
2390: 1595,2395,335,3788
2391: 2102,3636,1377,2249
2392: 4663,2399,2908
2393: 4627,4737
4549: 2731,2861,1152
2395: 1595,2390,846
2396: 1404,2893,2806,2345
2397: 3721,1470
2398: 1695,3903,10
2399: 2392,0,2908,1687
2400: 744,2054
2401: 2272,2817,1272
2402: 4743,4744,1628
4799: 2383,777,279
2404: 4482,1133,3103
2405: 2211,277
2406: 1108,4646,2632
2407: 880,4757
2408: 664,2098,3323,2715,3412
2409: 3845,2064
2410: 321,3650,4043,1636,48
2411: 1567,4794
2412: 3381
2413: 1833,15,1357
2414: 2806,384,3624,2976
2415: 1170,1653,439
2416: 924,4263
2417: 
2418: 3387,87
2419: 3079,3822,4322
4063: 572,4309
2421: 2159,4604
4748: 1506,140,440
2423: 575,609
2424: 437,3615,3135,2989,4355
2425: 
2426: 2456,3465,1029
4496: 255
2428: 
2429: 2003,368,1771,2542
4419: 4007
2431: 878,2581,3779
2432: 337,4424,2984,923
2433: 416,2767,502,273
2434: 
4376: 345,720,1693
2436: 2287,4608,247,3338
4350: 3715,3964,2599,4544,4428
4427: 4466,2824,2913
2439: 504,732,3109,3419
2440: 3537,3099
2441: 3204,1827
2442: 355,4316,1513,4586,2500,1969
2443: 4558,860
4222: 2562,3233,2113,428
2445: 
2446: 680
2447: 1233,1096
2448: 4783,2973,532,1589
2449: 3209
4789: 653,1492,254,455,3712,3727
2451: 4085,4558,1276
2452: 1846
2453: 497,858,4444
2454: 973,1565,2610,4764
4659: 868,1380,586,9
2456: 2426,4252,2961,2560
2457: 1904,233,2267,4424,1222
4576: 2471,4384,2736,213
2459: 41
2460: 3953,27,1594
2461: 3089
2462: 2343,938,4781
2463: 4436
2464: 2903,3701,4394,3164
2465: 
2466: 4421,1303,3257
2467: 1846,4528
2468: 3703
4267: 2551,3332,555
2470: 645,3963
2471: 4785,3806,4384,4576,2736
2472: 
2473: 3565,2095,3702,3061
2474: 448,3835,2979
2475: 1142,2975
2476: 552
4158: 2841
2478: 3966,4524,1840,2672
4188: 3832,2732,3523,3357,2301
2480: 4243,4637,387,3337
4495: 4730,46
2482: 
4796: 
2484: 4065,3687,844,2534
2485: 2072,1990,1558
4127: 
2487: 2337
4114: 4487
4663: 4588,2392,2736,2908
2490: 762,3313,721
2491: 
2492: 2643
2493: 664,1928,1943,3956
2494: 966
2495: 3071,57,3623,1532
2496: 4196,3785,1732
2497: 4390,4626,2199
4533: 3298,1745
4718: 3206
2500: 4333,1141,2442,1969
2501: 3258,1270,583,2623
2502: 4123,1306,1673
2503: 1461,3388,521
2504: 4700,362,4331,3473
2505: 3866,2033,3239
2506: 1041,2951
4508: 2625
2508: 2918,1008,1722,4655,702
2509: 1057
2510: 1879,3294
2511: 329,323
2512: 4313,3713,125
4725: 1738,2864,1677,433
2514: 2753,1610,322,4434
4189: 1056,872,509,918
2516: 
2517: 1710,1690
2518: 1410,892
2519: 3501,4449
2520: 2130,506,3882
4425: 3568
2522: 2602,2590
2523: 3607
2524: 
2525: 
2526: 739,3882,1637,3394,1326
2527: 
2528: 1412,704
4730: 4495,1820
2530: 2565,3205
2531: 3490
2532: 781,1986,3209
2533: 4085,635
2534: 2618,2484,4065
2535: 3715,588
2536: 2327
4275: 3741,1717,3994
4516: 2201,2791,3070
2539: 
2540: 1841,2359,3350,334,2898,965
2541: 2632
2542: 2263,2429
4175: 1668,4577,255,2764
2544: 2653
2545: 299
2546: 464,999,3809,164
4346: 4137,3554,3851
2548: 295
2549: 868,1380,2127,3556,4002
2550: 
2551: 4267,3332,2778
4193: 2072,4303
2553: 41,1423
4636: 3936,2131
2555: 1947,3311
4368: 2319,887,4361,1595
2557: 2143,67
4172: 3411,990,4638,498,36
2559: 1608,632,3353,4028,1919
2560: 2961,921,3723,2456
2561: 1627,4278,922,3024
2562: 4222,3842
2563: 3328,3083,652,2695,3065
2564: 2278
2565: 2530,395
2566: 2926,912,1694,4823
4580: 3690,4405,3893,4394,3164,4078
2568: 2812,3047,2652,272
2569: 
2570: 1113,2229,153,3612,365,3138
2571: 486,3403,2637
2572: 4590,3645,2870,834
2573: 4097,2314
2574: 3933,1678,3055,2242
2575: 4664,3749
2576: 1718
2577: 2778,1420,3539,2756
4488: 2126,3816,66,390,3231
2579: 2938
4113: 
2581: 878,2431,20,4643
2582: 1315,102
2583: 4604,1982,883
2584: 3107
2585: 56
2586: 
2587: 
2588: 1164
2589: 4014,908,3002
2590: 2522,2602,172,2933
2591: 
2592: 1434,1041
2593: 1662,1849
2594: 2162
2595: 4362,846,3230
2596: 1745,3424
2597: 1153,2962,1503,643
4447: 3822,4322,3417,2613,278
2599: 3685,1103,4350,4428
4497: 4819,3423,441
2601: 4408,567,2000,425
2602: 2522,3656,2933,2590
2603: 494,49
2604: 3195,3584,3823
2605: 1664,3909
2606: 3613,4795
4003: 1494,1622,2078,2758
2608: 4095,1005,3610,838
2609: 3268,210
2610: 2454,4764
2611: 174,1672
2612: 2950,3718,1073,4239
2613: 4772,527,278,4447
4020: 2996,4397,4613
2615: 1028,4809,1448,1985,4426
4687: 4396,1548
4092: 1512,3809,4321,1178,8
2618: 2534,4065,3630,3061
2619: 1246,3886,3485
4538: 1165,456,2272,1176,4536
2621: 1786,3193,3076
2622: 2733,1665
2623: 4019,695,2501,3258,1270,1682,1114
2624: 
2625: 2241,4508,2188
2626: 287
2627: 1562,4218,484,1275,3156
2628: 1271,522
2629: 1647,3855,1742
4746: 4593,2868,1201,1211,3349
4766: 4451,2370,4125,491,2865,4733
2632: 2541,2406,1108
2633: 2761,310,2094,209
2634: 3303,4160
2635: 3800,727,896,681,3640,3081,2985
4714: 3704,1175
2637: 486,2571,4813
2638: 1291,2033
2639: 2322,416,4763
2640: 4643,4571,4280
2641: 1588,3972,2950,1949,1073
2642: 553,4530,4722
2643: 2492
2644: 1711,4190,487
2645: 1987
2646: 2110,2860,1871,692
4338: 
2648: 1605,2366
2649: 4474,2871
2650: 2269,1009,544,4412
2651: 1820
2652: 3838,3047,1507,2568
2653: 2544,45
2654: 4363
2655: 1738,2864,4548,4159,1888
4468: 3744,1453
2657: 3988,1395,974
2658: 3037,3493,3518
2659: 3731,3771,1973,4384
2660: 2670,3014,4406,3685
2661: 731
2662: 765
2663: 1528,3783,2911,1065,781
2664: 3108,3374,3176
2665: 181
4416: 628,1919
2667: 106,185
4137: 4346,302
2669: 4804,635
2670: 2660,3050
2671: 2315
2672: 580,1161,2478
2673: 
2674: 1945,3279
2675: 83,162
2676: 4622
2677: 2743,3912
2678: 1765,3817,1650
4297: 1162,599
2680: 1197,4547,1591,2754
4529: 575
4385: 3428,2874
2683: 1693,460,2819,3894,1587,3933
2684: 
2685: 2935,3498
4081: 1687,0,481,4271
2687: 3085,3353,461
2688: 2357,4780
2689: 2980
2690: 3063,4411,3916,2976
2691: 732,4600,4071,2375
2692: 95
2693: 3597
2694: 866,1557
2695: 4147,4557,4551,2563,3328
4752: 3694
2697: 688,1058,1518,1597
4212: 2102,3636,2330,3198
2699: 2937,3805
2700: 1939,1460
2701: 4816,3486
2702: 1288
4121: 2364,338,2828
2704: 3287,3795
2705: 1591,2754
4613: 4397,3725,2802,2996,4020
2707: 2878,593
2708: 4289,3354,3555
2709: 3163,1398,1684
2710: 
2711: 553,438
2712: 581,4253
2713: 
2714: 3897,4615,2842,3360
2715: 3323,2408,3412,3016
2716: 1685,4050,1042,1967
2717: 4174,4588
4132: 2114,619,737
2719: 857,3605,289
4210: 547,4211,4445,3784,607
2721: 1979
2722: 3442,4039
2723: 270,3133,296
2724: 2956,2158,1097
4106: 1582,3124,350,1238
2726: 746,349,3801,843,4333
2727: 
2728: 3939,1294,2045,545
4612: 881,1876
4037: 4287,2337,3091,4504
2731: 4549,143
2732: 3523,4188
2733: 1665,46,2622
2734: 4024,244
2735: 3257,627
2736: 2471,4576,4663
2737: 3494,3543
2738: 3559,3758,4455
2739: 2882,835
2740: 
4480: 3618,3254,2097,3687,3820,1336
2742: 155,1661,3756
2743: 2677,4395,258
2744: 4049,1315
2745: 4320,1611
4147: 1414,2695,3095
2747: 71,3772
2748: 5
2749: 717,1651,4251,178
2750: 1669,4138
2751: 3609,540,155,3280
2752: 2813,2256,2836
2753: 2514,4813,4669,2233
2754: 2705,3804,2680
2755: 
2756: 3869,3572,1420,2577,3539
2757: 2049,694
2758: 4003,2078,1032
2759: 4569,3393,4170,3832,3836
2760: 406,2121,1518
2761: 2633,4674
2762: 3330
2763: 1313,4582
2764: 4175,4577,2066
2765: 
4606: 3477
2767: 416,2433,273,3879,4763
2768: 809,1885,2773,3454
4374: 1424,1190,4330,3824
2770: 2182,2005,1288,3951
2771: 2921,3125
2772: 3941,3856
2773: 1885,2768
2774: 4273,3481
2775: 2063
2776: 1687,4617,860,4271,2873
2777: 4776,4768
2778: 2577,1420,2551
2779: 71,1781
4352: 916,2903,310,4278,4475
2781: 
2782: 1002,4781,2343
2783: 1542
2784: 695,4621
2785: 21,270
2786: 
2787: 1272,3844,4118
2788: 1202,1277,1080,4149,2922
2789: 1950,4206
4224: 3067
2791: 2054,4516
2792: 1699,1049
2793: 263,3471
2794: 
2795: 884,4669,3869,486
4522: 
2797: 2077,876,4386
2798: 1342,1004
2799: 771,195,3990
2800: 1962
2801: 1911,343,721
2802: 4397,3725,4613,600,3678
2803: 4109,4742
2804: 4600,3391,4773,110
2805: 410,4510,822
2806: 384,2414,2345,3027,2396
4156: 847,1703
2808: 
2809: 3097,1278,85,1955
2810: 
4397: 4613,2802,4020,600
2812: 2568,3743,605,216
2813: 492,2256,4306,2836,2752
2814: 4375,506,3826,1012
2815: 331,1337,3906,3642
4744: 4731,1628,2402
2817: 2272,2401,1272,4165,4536
2818: 3873,479,4218,3488,2080
2819: 1693,2683,460
4822: 4006,911,345
4649: 4321,3187,2261
2822: 4740,699,1398,541
2823: 599
2824: 4427
4261: 343,3038
2826: 3609,4221,2848,3280,1051
2827: 129
2828: 338,4121,263
2829: 3671
2830: 4229,2968,4806
2831: 4767,432,1736,1963
2832: 1132
2833: 4699,4479
4317: 
2835: 29
2836: 4306,2813,2752
2837: 1477,1753,2845
2838: 3778
2839: 428,4162
2840: 4646,2253
2841: 4158
2842: 3360,3494,2714
2843: 
2844: 
2845: 1753,2251,2837
2846: 
2847: 2167,40,165,3607
2848: 3870,3888,4221,2826,1051
2849: 4745
2850: 3053
4235: 717,3472,3708
2852: 3056,4103
2853: 3591,3185,4803,963
2854: 4439,1046
4380: 1667,2892
2856: 3724
2857: 1295,3974,3173,3899,3231
4011: 2026,4541
2859: 3581,161
2860: 2110,3195,2646,1325,3823
2861: 4471,1152,4549,1639
2862: 
2863: 
2864: 1738,2655,4725
2865: 4129,4339,4733,4766
2866: 2005,1816,1288
2867: 
2868: 1263,1201,3647,4746
2869: 2911,3957
2870: 3787,453,2572,687
2871: 2649
4219: 3714,4079,3285,4390
2873: 4686,2776,4271
2874: 4385
2875: 3541,3740,1817
4723: 4223,1622
2877: 1664
2878: 2707,593,2137,3251
2879: 
2880: 2160,854
2881: 1958,2986,358
2882: 2739,835,4654
4046: 2306,3884,1998,2038
2884: 
4605: 3930,1485,913,905,1642
2886: 4325,1026
4208: 3543,2041
4411: 2690,497,558,2976
2889: 633,2284,1941,1999
2890: 901,3845,2064,2112
4575: 3831,3205
2892: 4380,1667
2893: 1404,2396,803,2345,1115,4184
2894: 1356
2895: 145,2369,2362
2896: 2041,833,4762,3302
4168: 
2898: 491,965,2359,2540,4129,4733
4383: 4486,3331,99,3014
2900: 4618,2094,209,3603,916
2901: 1870
2902: 4300,2939
2903: 2464,3701,4352,916
2904: 44,117
2905: 4572,2139
2906: 
4125: 4451,4766,2370,620,4573
2908: 1893,0,4588,4663,2392,2399
2909: 3090
2910: 114,3643
2911: 2869,3783,781,2663
2912: 4349,4255,253,4155
2913: 4427
2914: 4039,3631,4477
2915: 3675,561,3536,2962
2916: 2183,555,1821,452
2917: 472
2918: 1008,2508,3488,1722
2919: 4539,2111,1581
2920: 2282,4216
2921: 3125,4448,2771,2286
2922: 2969,3447,1646,1202,2788,1437
2923: 
2924: 4062,4314,4233
2925: 642
2926: 2566,912,3505,4823
2927: 4645
2928: 956,3202,4531,3395
2929: 3304
2930: 852,682
4599: 4620
2932: 
2933: 172,2602,2590
2934: 3403,2155,62,72
2935: 2685,118,4171,1221
2936: 4327,4441,242
2937: 2699
2938: 2579,3788
2939: 4173,4093,2902
2940: 4345,1898,4289,3354
4657: 1018,5,280,4375
4569: 2759,3393,4170
2943: 
4458: 4388,3365
2945: 
4451: 4766,4125,4573
2947: 1039,1235,80,1809,430
2948: 3214
4216: 3101,2956,197,2920
2950: 2612,4530,2641,1040,1073
2951: 1652,2506
4282: 1378,2389,3543,3494
2953: 1426,4782
2954: 4790,3015
2955: 4709,2181,1583,2206,4213
2956: 2724,197,4216
2957: 
2958: 1215,2062,3142
2959: 3877,292,3144,4382
2960: 1435,1959
2961: 2560,1376,921,4252,2456
2962: 1153,987,2597,1263,2915,3536
2963: 4661,3046
2964: 886
2965: 
2966: 4487
2967: 801,3359,3747,1785
2968: 2830,4806,3690
2969: 2922,3447,1646,4492
2970: 3266,4603,3985,3794
2971: 784,772,4797
2972: 817,3496,4603,4792
2973: 2448,4783,1589
4813: 2753,1192,2637
2975: 2475,4001
2976: 558,2690,4411,2414
4258: 2019,816,752,930,2275,931
2978: 2082
2979: 3835,2474,448,454,1740
2980: 2689
2981: 4679,2157
4577: 1668,4175,4634,2764
2983: 544,4412,844,141
2984: 1544,2432,923
2985: 2351,1423,681,3800,2635,1184,214
2986: 1958,2881
2987: 4445,4095,1005,547
2988: 1953
2989: 1351,687,3135,3347,4355,3615,2424
2990: 3769,4308,3878
2991: 3491,497,558
2992: 3346
2993: 
2994: 383,3062
2995: 4637,307,4668,1494
2996: 1913,4020,4613
2997: 
2998: 3402
4476: 1118,4440,1522
3000: 
3001: 2066,1392,3404
3002: 3751,2589,76
4618: 2900,3227
3004: 3670,3322,437,2150
3005: 4691,4398,3294,1141,387
4589: 3480,421,390
3007: 3441,1798,2324
3008: 3378,1415,1681
3009: 4119,614,568
4284: 1405,4398,387,1622,3337
3011: 913,3525,2028
4432: 4519
3013: 3368,1908
3014: 1922,99,4383,4486,4406,2660
3015: 1384,2954
3016: 2715
4242: 736,4568
3018: 1948,1249
4628: 1968,3534,4142,2374,1874
3020: 2120,2174,4513
3021: 
3022: 1709,4433
3023: 1852
3024: 3584,3823,1778,2561,1627
3025: 
4446: 2274
3027: 2806
4159: 4548,551,2655,3786,4161,1888
3029: 
3030: 1139,2373
3031: 3730,3080,3717
3032: 749,4264,3344
3033: 
3034: 3137
3035: 4414,3079,581
4238: 1720,3138,2229,1165,725
3037: 1463,2658
3038: 1911,4261,2294
3039: 
3040: 4743
3041: 231
3042: 433,4540,344,4209
3043: 986,1930,2209,1657
3044: 20
3045: 3712,531,1486
3046: 4661,4658,2963
3047: 3826,216,1507,2568,2652
4303: 4193,131,1198,3722
4192: 4288,4315,4273,3481
3050: 2670,2327
4344: 4033
3052: 4395,1499
3053: 2850
4249: 
3055: 84,413,2574,1678,2355
3056: 2852,1009
4204: 714
3058: 
3059: 3965,4784,682
3060: 2060
3061: 3630,2618,3702,2473
3062: 383,2994
3063: 2690,3624,3916,391
3064: 3216,3345,2360
3065: 294,4551,2563,652
3066: 1289,4536,4165,1501,3964,3715
3067: 2325,4224
4678: 3982,1916,444,1249
3069: 3437,1796
3070: 4516
3071: 349,2495,2191,3801,1532
3072: 
3073: 3189,103
3074: 1070
3075: 2122,1128
3076: 3193,2621
3077: 4096,3633
3078: 
3079: 1034,2419,3035
3080: 3031
3081: 3640,53,727,2635
3082: 554
3083: 2563,3328,459
4443: 4607,2120
3085: 2687,4660,3759,1608
4034: 231
3087: 4805,1488
4012: 248
3089: 1701,1093,2461
3090: 2909
3091: 1374,4504,4741,2337,4037
4750: 3719,237,3608,3347,1351
4695: 4814
3094: 951,4802
3095: 1414,4147,1240,1927,4551
3096: 1224
3097: 2375,1278,2809,1685,3468,85
3098: 59,4176,3307
3099: 3537,2440,3481
4709: 2051,2955,1583,4213
3101: 4216,1895,197
3102: 3667,865,2126,3816,4540
3103: 1133,4482,2404,986
4565: 3867
4527: 917,441,4585,1699
3106: 328,3906,1546
3107: 698,2584,273
3108: 2664,3176
3109: 2439,3419,1118
3110: 1375,3723,4005,921
4791: 
4309: 4063,602
3113: 
3114: 3311,1728
3115: 191,369
3116: 3694,3819
3117: 1210
4686: 2873,4271,972
3119: 
3120: 983,3211
3121: 
3122: 1749,1548,4396
3123: 996
3124: 4662,2373,4106,1582
3125: 2921,3905,2771
3126: 3281
4524: 2478,3530,3966,2052
3128: 1991,1992,3864,3132
3129: 
3130: 
3131: 
3132: 3864,4355,437,3128
3133: 270,4414,581,2723
3134: 483
3135: 3347,2989,3864,4355,2424
3136: 4587,134
3137: 3034,1506,2226
3138: 1720,4238,2570,365
3139: 3198,3636,2136
3140: 1557
3141: 
3142: 26,4360,2062,2958,4665
3143: 
3144: 3877,2959
3145: 4489,1421
4820: 1530,612,2218,4197,1667,780
3147: 4214,407,4811
4361: 2123,1826,4368,929
3149: 2078,1604
3150: 3497,2118,2038,2306,964,4823
4149: 1785,2788,3154
4414: 3035,615,270,3133
3153: 4697,1836,1145,3191
3154: 1437,4149,1138
3155: 1850,2205,3997
3156: 4323,484,4038,2627
3157: 
4087: 1582,734,898,398
3159: 
4370: 359,19
3161: 1949,1312
3162: 490
3163: 1398,2709,1859
3164: 3580,4078,4580,4394,2464
3165: 4479,1502
3166: 2050,261
3167: 3334,3366,3704
4073: 1482,3452,3629
3169: 2117,4028,1086,2069
4026: 3440,4694
3171: 2068,121,3779
3172: 2049
3173: 678,1341,2266,2857,3974
3174: 4436,2376,1718
3175: 1933,1091,3365
3176: 1616,2133,3108,2664
3177: 3486
3178: 4174,3487,1600
4783: 2448,2973,532,963,4015
3180: 819
3181: 3662,222,351,4666
3182: 1234,224,1399,710,1815
3183: 2259,323
3184: 4776,1594,3953
3185: 3591,2853,1090,4803
3186: 3589
3187: 4649
3188: 4593
3189: 1681,3073
3190: 3956,943,1928
3191: 3153,1836,2167
4044: 1146,2106,3463
3193: 3076,1786,2621,3818
3194: 981
3195: 2110,2604,2860,2364
4007: 4419,1468,1117
3197: 644
3198: 3139,4212
3199: 1206,3710,3858,3366,3704
3200: 755,3253
3201: 3769,1558,4308,373
3202: 774,4381,2928,956,4531
3203: 
3204: 2441,3604,1038
3205: 2530,4575
3206: 4718,394
3207: 3220,596
3208: 3989,2345,1115
3209: 1805,2532,2449
3210: 1945
3211: 1891,86,3120
4153: 3574
3213: 205,1671,3716,759
3214: 2948
3215: 
3216: 3345,3064,616
3217: 1517,1829,1499
3218: 1303
3219: 
3220: 128,3207
3221: 500
4232: 35
4382: 292,2959,3883,3677
4312: 3325,3734,1720,725,1388
3225: 193,1425
3226: 320,1017,4802
3227: 1281,4618,3603
3228: 50,1733,1432
3229: 370,2201
3230: 846,2595
3231: 1295,2857,66,4488,3816
3232: 3677,4801,1880
3233: 1275,3842,729,4222
3234: 1581,1845
4786: 2014,353,3810
3236: 1197,4547,3608,4195
3237: 4268
3238: 3529,114
3239: 2505,2033
3240: 3901,1233
4615: 2714,1855,3360,1842
3242: 534
4001: 4237,2975
4571: 1086,1704,2117,2640,4280
3245: 4319,3586
3246: 1407
4810: 31,205,1671,1673
4797: 3318,3592,784,2971
3249: 3937
3250: 3943
3251: 971,888,2137,2878
3252: 1796,2021,111
3253: 3200,1633
3254: 3618,4480,3940,2097,1896
4362: 2595,1917,3273,314
3256: 2162
3257: 2735,1702,627,4421,2466
3258: 2501,1270,695,2623
3259: 685,3266,4603,4792
3260: 
3261: 2217,3551
4225: 2333,4594,644
4241: 2120
4645: 3348,2927
4251: 4671,1271,3456,2749,1651
3266: 2970,4603,3259,685
4774: 1514,243
3268: 620,2609
3269: 1512,999,4321
3270: 
3271: 4128
3272: 4221
3273: 314,1372,4362,1767
4525: 3937
3275: 
3276: 4181
3277: 
3278: 831,2217,1991,1672
3279: 2674,1945,495
3280: 155,1106,3609,2826,2751,1051
3281: 3965,3126
3282: 88,851
3283: 1732,1970,1706,2140,3297,701
3284: 654,3505,292,4823,3310
3285: 4079,4219,3769,373,3626
3286: 1238,3761
3287: 2704,3795,871
3288: 
3289: 1180,3924,3580,1445,4078
3290: 
4342: 4230,3859,621
3292: 1550,3655,556
3293: 3861,4782,1422
3294: 4691,3005,2510
3295: 148,3532,3653,1352
3296: 
3297: 4655,701,839,2140,1008,3283
3298: 4533,1982
3299: 4399,1610,1192,1207
3300: 
4722: 4639,2642
3302: 4762,833,830,2896
3303: 2372,2634
3304: 3672,2929
4475: 922,857,4352,310,4583
3306: 1628
3307: 2239,638,4176,3098
3308: 3676
3309: 1155,1075
3310: 4823,549,3284
3311: 3114,1947,1728,2555
3312: 523,4291,1430,3955,680
3313: 2490
3314: 4161,1888,1284
4036: 2311,507,4554,3546,3333
4726: 3878,3977,2101,3722,4024
3317: 1707
3318: 4797
3319: 1784,1076,3814,4685
3320: 4154,80,3628,1564
3321: 2355,84,4741
3322: 3670,3004,3420,598,802
3323: 2098,2408,2715
3324: 
3325: 4312,3734,1720,939,1747,3746,3706
3326: 1863,926,24
3327: 
3328: 2563,3083,2695,4557
3329: 
3330: 2762
3331: 3959,4377,99,4383
3332: 2551,4267
3333: 3546,4036,33,1555
3334: 3167
3335: 1968,375
3336: 4016
3337: 1494,1622,2480,387,4284
3338: 230,2287,2436
3339: 1419,4391
3340: 601,4474
3341: 888,1181,4518
3342: 4758,4279
3343: 4372
3344: 3032,749
3345: 3216,3064
3346: 2992,128,2320
3347: 3608,3135,4750,1351,2989
3348: 4645
3349: 1789,1211,4593,4746
3350: 1841,2359,2540,422,4048,3432
4230: 4342,3859,2357
3352: 
3353: 2687,1608,2559,4028,461
3354: 4289,2708,2940,1898,3555
3355: 334,4703,832,2310
3356: 4220,1628
3357: 4188,2301
4129: 4339,2865,4733,2898,2359
3359: 801,2967,175,1170,1653,3747,4305
3360: 2842,1855,2714,4615
4800: 
3362: 4217,438,2196
3363: 332,655,4459
3364: 616,4429,803
3365: 4458,863,3175
3366: 3167,3858,2239,3199,3704
3367: 2190,882,487
3368: 3013
3369: 254
4378: 106,4632
3371: 
3372: 2140,3785,4144,1706
3373: 
3374: 189,3412,4102,2664
3375: 661,4111,133,1976
3376: 3797
3377: 3502,863
3378: 3008,3705
3379: 3759,1806,722
3380: 
3381: 2412,2254
3382: 174,1515
4056: 1654,4793,4552
4288: 4192,4315
3385: 302
3386: 1951,2338
3387: 87,1521,2418,105
3388: 3581,1461,2503,3478
3389: 
3390: 
3391: 2804,110,4526
3392: 990,3955,680,572,498
3393: 4569,2759,3836,4006
3394: 1326,3882,2526
3395: 4531,1373,2928
3396: 
3397: 799,4648
3398: 
4039: 2914,3631,2722
3400: 1068
3401: 
3402: 4552,2998
3403: 2934,1683,2155,2571
3404: 1392,583,305,3001
4237: 4001,4654
3406: 1470
4033: 396,4344,4365
3408: 227,1769,1302
3409: 3438,75,4499
3410: 1721,1724,3600,1314
3411: 4172,36,3817
3412: 3374,189,664,2408,2715
3413: 4244,219
3414: 521,4206,894,4042,3915
3415: 144,2075,3571
3416: 4231,4801,427,594
3417: 3822,4447,278,2102,2330
3418: 4698,38,228,21
3419: 1,4462,1118,732,2439,3109
3420: 3670,3322,1556,4201,802
4700: 2504,1669,362
4823: 3310,549,2306,1694,2566,2926,912,3505,2118,3150,3284
3423: 4054,1529,917,4497
3424: 464,2596
4739: 2250
3426: 4821,1915
4470: 4022,3835
3428: 4385,552
4771: 346,3573
3430: 
3431: 2263
3432: 3849,3350,422,517,1965,4048
3433: 1834
3434: 3530,2191,1712
3435: 3695
3436: 2145,843,1200,1181,4518,2305
3437: 4561,3069
3438: 2086,357,3409,2056
3439: 
3440: 4694,4026
3441: 1798,3007
3442: 4795,2722
4334: 414,1802,1500
3444: 
3445: 1252,1601
3446: 2252,3969,609,1003
3447: 2922,2969,1437,2032,789
3448: 3861,1847,1987
3449: 2180
4239: 1378,2389,2612
3451: 100,1993
3452: 1482,4073,323
3453: 3751,150,76
3454: 2768,809,836
4321: 4649,2261,4092,1512,3269
3456: 3572,1271,4251,1651
3457: 
3458: 1598,3510,4534,3476
3459: 3895
4165: 1501,2817,4536,3066
4190: 1711,2644,1386,335,3811
4779: 1580,1385,2134
3463: 290,2106,4044
3464: 2264,2342
3465: 3873,2426,4144,1029
3466: 4143
4591: 1113,2229
3468: 85,1685,1967,3097
3469: 3474,418
3470: 
3471: 2793
3472: 3708,717,4235
3473: 2504
3474: 3469
3475: 4724,697
3476: 380,1184,3510,3458
3477: 500,4606
3478: 513,3388,2017
4642: 1547,79,1246
3480: 4589,421,785,3976
3481: 2774,4273,3099,4192
4203: 4119,3719
4428: 4544,2599,3685,4350,4178
4745: 2849
3485: 419,1884,1867,2619,3886
3486: 2701,3177
3487: 1600,375,3178
3488: 2080,2818,2918
4138: 2750,1669,2084
3490: 4563,2531,2234
3491: 2991,497
3492: 4280
3493: 2658,3518,1074
3494: 2737,4282,3543,2842
4808: 
3496: 2972,817,4047
3497: 2118,3150,568,4517,964
3498: 2685,3763,367
4559: 1676
4765: 4091,4631
3501: 2255,2519
3502: 3377
4384: 2471,4785,4576,34,2659,213
3504: 3900
3505: 2926,3877,292,4823,3284
4014: 2589,102
3507: 578
4634: 565,4450,4577
4816: 2701
3510: 1598,3458,679,3476
3511: 
4379: 
3513: 1375,3723,4531
4308: 3722,3201,2990,3878
4819: 4497,1049
3516: 496
3517: 910,4255
3518: 2658,3493,1074
4454: 3798
3520: 3560
3521: 
3522: 1564,4482,986
3523: 2732,4188
3524: 4621,272,583
3525: 913,3011,823,1448
3526: 1156,4215
3527: 1905,4794,864
4336: 1273
3529: 3238,1698
3530: 4524,2052,3434
3531: 
3532: 148,3295,1791,4186
4814: 4695,2054
3534: 4142,839,4272,4628
3535: 1962,946,1345
3536: 2915,1153,2962,1263
3537: 3099,2440
3538: 1453,376
3539: 2292,522,1420,2577,2756,3572
3540: 4314
3541: 2875,4250,4169
3542: 4
3543: 4208,4282,2737,3494
3544: 1411,1670,25,4716
3545: 4704,4047,943,507
3546: 3333,4036,2311
3547: 1674,1076
3548: 1252,1033,1509
3549: 3840
3550: 1762,1646,4492
3551: 3261,831
3552: 2278
3553: 1327,523
3554: 3851,4346,302,268
3555: 2708,3354
3556: 2127,868,2549,4183
3557: 3913,82
3558: 4539,1000
3559: 1341,905,2738,1642,3758,4455
3560: 669,3520
3561: 4120
3562: 
3563: 
3564: 
3565: 2473
4511: 
4255: 2912,910,3517
3568: 4425,4236
3569: 1085
3570: 4764
3571: 1316,134,3415
3572: 2756,3869,522,3539,3456
3573: 2099,1924,4771,346
3574: 4153
3575: 3733,18,1770,3968
3576: 1710
4760: 
3578: 714
4245: 1206,1320,707,1348
3580: 1445,3164,4078,3289,1180
3581: 2859,3388,161,514
3582: 491,965,2051,4213
3583: 4196
3584: 3823,3024,1778,2604,4166
4269: 2376
3586: 4319,3245
4658: 4661,1909,3046
3588: 
3589: 4331,3186,976
4691: 3005,3294,4243,387
3591: 1570,2853,3185
3592: 10,4797
3593: 1823
3594: 3973
3595: 1467,2196
3596: 1961
3597: 2693
4514: 2000,1300
3599: 
3600: 1724,3410,1774
3601: 4803,684,4015
3602: 686
3603: 209,3227,1281,2900
3604: 1827,4609,3204
3605: 2187,4583,2719,857,447
3606: 1353
3607: 2523,2847,165
3608: 3347,2043,4750,3236
3609: 2826,2751,155,3280
3610: 3908,1522,838,2608,378
3611: 327,2088
3612: 153,221,4112,2570,1113
3613: 2606
3614: 608
3615: 437,2424,2989,687,453
3616: 1185,1832,743
3617: 218
3618: 3254,4480,2097
3619: 1116,2168
3620: 4160,3995,1938
3621: 2366,1068,79
3622: 
3623: 4518,1532,1598,2495
3624: 3063,384,2414,3989
3625: 
3626: 373,930,752,4079,3285
3627: 368
3628: 1000,4437,3320
3629: 4073,438
3630: 3061,2618
3631: 2914,4039,636,448
3632: 822,3828
3633: 1336,3077
3634: 2341
4593: 4746,3349,3188
3636: 4212,2391,2249,3139
4795: 1254,3796,2606,3442
3638: 185
4407: 4061
3640: 3081,392,896,2635
3641: 4553,814,1645
3642: 3906,4444,1546,2815,858
3643: 2910
3644: 1215,2062
3645: 4590,2572,4517
4548: 551,4159,3754,2655
3647: 1201,937,1965,2868
4767: 2831,3661,815,1160,1736,1963,3651
3649: 4712,4801,357
3650: 890,4043,1636,4276,2410
3651: 1065,4767,1963,3783
3652: 480
3653: 2340,148,3295
3654: 1784
3655: 188,756,3292
3656: 4233,4062,4503,2602
3657: 
4804: 2669,635,2077,811,1256,2228,4532,379,4688
3659: 1545,1861,2099,1905
3660: 3909,1235
3661: 923,4767
3662: 3181,222,1964
3663: 2320
3664: 1452
3665: 183
3666: 
3667: 3102,1346,4540
4755: 382
4305: 4151,175,1653,3359,4055
3670: 3322,3004,3420,453
3671: 2829
3672: 3304
4677: 
4043: 3650,890,2410,48,1609,4512
3675: 2915,643
3676: 3308,708,3897,1305,230
3677: 3232,4382,3883,427,2346
3678: 3725,2802
4171: 2935
4727: 1231,252
4646: 1050,2253,2840,2406
4519: 4432,3833
4331: 3589,976,362,2504
4486: 4383,4633,3014
3685: 4406,2599,2660,4428,4178
4541: 4011
3687: 2484,4065,3820,844,4480
4330: 3824,4374,1190
3689: 445,1296,3919
3690: 4580,4405,2968,419
3691: 4708,1032,235,4801,1880
3692: 
4426: 823,1448,2615
3694: 1814,3116,4752
3695: 3435,1142
3696: 1148,19,2247
4521: 
4803: 963,3601,3185,2853,649,1090
3699: 2386,2025,1403
4421: 2466,3257
3701: 3893,4394,2464,2903
3702: 2095,63,2473,3061
3703: 2468
3704: 4714,1175,3167,3366,3199,3710
3705: 4254,557,90,3378
3706: 939,1747,3325,1459,4005
3707: 1887
3708: 3472,4235
3709: 1418,4455,640,791,891
3710: 1206,3199,3704,1175
3999: 4108,1014,1482
3712: 3045,4789,653,1793
3713: 2512,125
3714: 4079,4219,752,2199
3715: 4350,2535,3964,3066
3716: 759,1052,4395,3213
3717: 3031,3730
3718: 1073,1312,2612
3719: 4750,4203
3720: 2362,1320
3721: 714,2397
3722: 4308,4303,1198,2101,4726
3723: 1375,3110,3513,2560
3724: 1540,3987,2204,2856
3725: 4613,2802,3678
3726: 1340
3727: 1917,455,4789
3728: 1051,1134,392,1106
3729: 2328
3730: 3031,3717
3731: 3771,2136,4128,2659
3732: 1843,1311,2160
3733: 18,2275,1770,3575
3734: 3325,4312,1747,1388,4135
3735: 4553,814,4777,370
4278: 2561,4352,922
3737: 4310,502
3738: 
3739: 1612
3740: 142,2875,1817
3741: 1717,4275,147
3742: 4782
3743: 605,216,2812
3744: 1453,4468
3745: 
3746: 939,4183,1747,1720,3325
3747: 1170,1653,439,2967,3359
4313: 2112,2512
3749: 2575,1640,1308
4102: 33,1606,1555,3374
3751: 150,3002,3453,76
4788: 1021
3753: 117
3754: 9,2208,4548,551
4481: 168,4463,4445,607
3756: 896,1661,1106,2742,392
3757: 1081
3758: 402,3559,2738,1642
3759: 3379,1806,3085
4664: 2575,454
3761: 1359,1655,3286,1203
3762: 1338
3763: 367,3498,2125
3764: 1645,806
3765: 
4436: 3174,2463
4717: 
3768: 344,663,3899
3769: 3201,2990,373,3285
4206: 521,3414,2789,3915
3771: 3731,173,2659,1973
3772: 2747,1833
4694: 3440,4026
3774: 1868,2215,378,648
3775: 1272,1501
3776: 
3777: 127,688,402
3778: 2838,981
3779: 2213,121,2431,3171,2068
4119: 3009,4203,568
4563: 3490
3782: 318
3783: 2911,1065,3651,2663
3784: 607,4210,1144
3785: 3372,4144,2496,1732,1706
3786: 551,4159,4161,962
3787: 2870,453,834,1223
3788: 2938,2390
3789: 
3790: 1432,1955,2368,1079
3791: 
3792: 4679,919,1662,1849
3793: 1191,404,704,622
3794: 3985,952,2970
3795: 1174,871,3976,2704,3287
3796: 763,97,1254,4795
3797: 3376
3798: 4454,1094
3799: 4638,602,2022
3800: 727,2635,2985,214
3801: 3071,349,2191,1265,2726,4333
3802: 353,2014
4340: 2294,1045
3804: 906,2043,2754,1197
3805: 2699
3806: 2471,4785
3807: 
4314: 4062,3540,2924
3809: 4092,1512,2546,113
3810: 3872,4786,1287,2294
3811: 335,4190,1870
3812: 4107,848,1177
3813: 
3814: 4042,3922,4685,3319
3815: 4543,119,450,4091
3816: 4488,2126,66,3231,3102
3817: 2678,1765,36,3411
3818: 262,3193,1786
3819: 343,3116
3820: 4065,3687,4480,341,1336
4633: 4486,3830,404,4578
3822: 4447,4322,3417,2419
3823: 3584,3024,1325,1627,2604,2860
3824: 2378,4330,4386,4374
3825: 2145,2303
3826: 3047,216,1507,1012,2814
3827: 153,221,1174,871,4002
3828: 4295,991,3632
3829: 947,171
3830: 3959,3968,404,4633
3831: 4575,4256
3832: 4188,4170,2759,2301
3833: 4519
4532: 2228,4804
3835: 4022,4470,2979,2474,448,454
3836: 1276,2759,3393,4006
4578: 1395,1001,404,4633
3838: 2652,1792,1602,1507
3839: 2185,4064,1410
3840: 2042,3549
3841: 2210,3911,1139
3842: 729,3233,2562
3843: 519,988
3844: 3878,1641,4118,2787
3845: 2890,2409
3846: 85,475,50,1638
4590: 3917,2572,3645,2118
3848: 
3849: 3432,1873,517,1965
4375: 2814,506,4657
3851: 3554,4346
3852: 482,4821
3853: 
3854: 1123
3855: 1647,2629,2119,1136
3856: 2020,1062,697,3941,2772
3857: 1689
3858: 2239,3366,1206,1320,3199
3859: 4230,4342,1229
3860: 3912,4123,1306
3861: 3448,1890,3293
3862: 1986,526
3863: 291
3864: 4355,3132,3135,1992,3128
3865: 
3866: 2505,3914
3867: 376,2343,938,4565
4603: 3266,2970,3985,2972,4792,3259
3869: 2756,3572,2795
3870: 2848,3888,4010
3871: 
3872: 3810,299,1287
3873: 3465,2818,479
3874: 1464,2022,4768
3875: 1241,1475
4061: 4407
3877: 292,2959,3144,3505
3878: 1641,4726,4308,2990,3844
3879: 4763,2767,624
3880: 
4373: 3978,1313,1484
3882: 739,2056,2526,3394,2520,2130
3883: 654,292,4382,3677,1469
3884: 1933,1091,1998,183,2038,4046
3885: 
3886: 2619,419,3485,4405
3887: 4815,4234,685,722
3888: 3930,4221,2848,3870
3889: 1415,1681
3890: 1877
3891: 251
4720: 
3893: 3701,4394,4580,4405
3894: 1693,2683,1314,1587
3895: 3459
3896: 1789,2047
3897: 862,2714,3676,1305
4498: 194
3899: 663,2857,3768
3900: 3504,1728
3901: 1233,3240
4716: 1212,1144,3544,1299
3903: 2398,10
3904: 1700
3905: 1601,4287,3125
3906: 3642,4444,1546,331,2815,3106
4543: 3815,4091
3908: 3610,2368,1522
3909: 3660,2605
3910: 2298,874
3911: 1792,3841
3912: 3860,2677,4123
3913: 482,4821,1126,3557
3914: 3866,1291
3915: 4042,3922,3414,4206
3916: 2083,391,2690,3063
3917: 4590,2118,549
3918: 2314
3919: 3689
3920: 1994
4453: 1143
3922: 3814,3915
3923: 427,594,2346
3924: 2313,4806,3289,4078
3925: 143,4439,4049
4749: 
3927: 
3928: 2260,4401,762
4215: 1156,3526,1188
3930: 3888,4605,905,1642
3931: 
4441: 1696,242,2936
3933: 2574,1587,1593,2683,460,2242
4365: 4033
4544: 1168,4428,4350,729
3936: 4636,565
3937: 3249,4525
3938: 937,4051,1873,4773,1245
3939: 2728,2045,983,959
3940: 3254,1896
3941: 2772,308,3856
3942: 2260
3943: 3250
4781: 1002,2462,2782
3945: 1440
4213: 4709,2051,2955,2206,3582
3947: 1294
4512: 980,1177,890,4043,48
3949: 1242,4133
3950: 
3951: 2770,1620
3952: 4257
3953: 27,3184,2460
3954: 2074
3955: 3392,990,680,3312
3956: 4554,3190,1928,2493,2277
3957: 2869
3958: 245,206
3959: 3830,3968,77,3331,4377
3960: 1971,248
4528: 287,2467
3962: 1662,862
3963: 645,2470
3964: 4185,1501,3066,4350,3715
3965: 4784,3281,3059
3966: 2478,4524,1840,1712
4298: 949,1175
3968: 3959,3830,77,18,3575
3969: 2252,3446
3970: 201,426,1913
4513: 455,4607,3020,254
3972: 1588,2641,1040,1500
3973: 3594
3974: 1295,2857,2266,1418,3173
4018: 
3976: 1174,3795,3480,3979
3977: 1641,4726,4024,244,4118,1619
3978: 4373,67
3979: 1380,1174,3976,586
3980: 1299,4707,2227
4093: 2939,4300
3982: 4678,1680
4611: 1352,4592
3984: 
3985: 3794,4199,2970,4603
3986: 4103,2153,2269
3987: 1540,3724
3988: 2024,2657,974,1757
3989: 384,3624,3208
3990: 195,2799
3991: 
3992: 4067,1472
4217: 3362,438,2196,4086
3994: 1717,4275
3995: 1701,1093,3620
4054: 1976,3423,830,917
3997: 1216,3155,2205