0: 
1: 2499,4532,3597,4804
2: 1273,4113,4818
3: 2744
4821: 968,2820
5: 1880,551,3409,457,4823
6: 269,3665,3787,920
7: 
8: 3943,2803,2417,1255
4728: 2048,1704,4486,190,4809
4688: 2219,2740
11: 2665,1512
3833: 3298,4769,3564,3901
13: 2616,4437,479
14: 4576,89
15: 4429,875,4382,3414
16: 3322,1298
17: 867,3305,573
18: 1619,747,1762
19: 4684,1502,1778
20: 1072,4188
21: 4282
22: 600,3938
23: 608
24: 4788,3059
4153: 4603,3431,3340,2223
26: 1405,3105,2137
27: 980,388
28: 4429,1181,4801
29: 
30: 2094,2542,2585
31: 2633,374,3812
3932: 352,1429,559,697,4044
33: 1054
34: 1395,1174,1079
4478: 2912,2786
36: 228
4083: 
38: 2876,1011
39: 4186,3687
40: 4623,4465,2672,1732
41: 2106,4348,3526,3155,2803
42: 4473
43: 1366,4126
44: 2273
4028: 424,3374
46: 4774
47: 1132
48: 1859,1643,2104,3411
49: 755,3412
50: 2149,4462,2099
4657: 
52: 4298,4656
53: 2888,3391
4638: 1590,4661,222
4711: 4060,1320
56: 4167,3433,468
57: 3722,2562,506
58: 1562,1769
59: 283,944
60: 796,159,2482
61: 1734
62: 4680,3370
4645: 980
64: 3332,4805,3359,823
4324: 3457,4087
66: 484,163,2372
3923: 3547,3488,1563
4318: 1410,3098,1099,4797,1279,1288
3911: 
70: 
71: 4231,1524,3533
72: 4367,4235,3136,317
73: 1036
74: 
75: 4345,2074
76: 1994,358,1786
77: 2543,4446
78: 1911,2103,3454,3711
79: 4684,1221
80: 771
81: 583,1223,366
82: 305,3158,1263,643
83: 4424,2906
84: 
85: 2256,918,3468
86: 
87: 1167,1014
88: 
89: 2439,14,188,2100
90: 4380
91: 3878,766,1522,699
3925: 1453
93: 648
4631: 2671,1684,2732
95: 1458,2909,2884
4169: 1933,2433
97: 437,280
4177: 
99: 2987,2142,3001
100: 727,446,4626
101: 2165,777,821
102: 138,469,4003
4743: 
104: 3143
4155: 823,3334,2866,352
4346: 738,3332
107: 4215,1136,4125
108: 2347,927,2990,1029
109: 3264
110: 712,4625,971,1119,739,3268
111: 1842,963,807
112: 2550
113: 4675,1680,4244
114: 2699,2173
115: 
116: 3524,3382
4503: 4766,1428,3565,4764
3903: 873,1332,2707,2881
119: 2221
120: 4749,2445
121: 223,3066,2250
122: 4094,1528
4733: 3930,1982,2646
124: 681,868,725
125: 2902
126: 
4198: 1084,588
128: 3437
129: 
130: 
131: 4492,678,4767,2895
4275: 4379,3150
133: 3179
134: 4685,2510,2459
4566: 2476,1676,2390
136: 3450,626
137: 1163
138: 904,102,469
139: 
4640: 4196,4343,3755,2403
141: 1468,3790,2520
4410: 4802,4803,1378,3733
4368: 1642,762
144: 
145: 3994,178,2292
146: 
147: 
148: 4046
149: 474,1564,1498,4794
150: 3394
151: 3986,1197,4195,1935,2530
152: 3749,3493
153: 2819,3138,1395,4616,4219
154: 1195
155: 2266,4161,2615,406,4381,3612
4701: 2547,3015
157: 2392,3225
158: 2438
159: 60,796
160: 920,269,1024
161: 590,2459,1243,3583
162: 2742
163: 484,66,3775
164: 3679
165: 2496,965
166: 647,1741
3775: 451,4655,2761,163
168: 2720,275,1203
169: 2306,1160
170: 3186,3816,3310
4626: 4580,1970,727,100,2210
3864: 
173: 2526,2021,733,1189,3844
4745: 841,2682,3317
3992: 3103,272,3632,1682
176: 1778
177: 2493,4261,3985
178: 2292,145,3994
179: 2772
180: 
181: 1178,3083,1984
182: 2635,2295,2028,3801,1141
183: 4601
4611: 2961,3365
185: 
186: 3478
187: 
188: 2100,4384,89,1706
189: 4399,755
190: 4486,2769,4728,4809
4729: 2261,2970
192: 4456,4304,3957
193: 1244,1814,3428
4756: 1968,3432,1827,2209,3508
195: 437,3906
196: 2029,824,3213
197: 3829,1062,4502
198: 3734,3335,2443,4712
199: 4259,2746
4799: 3566,2440,2626,499,2383,1065
4772: 205,3639,2677,3348,4330,2240,2332
202: 4758,2385
203: 1839
3802: 2793,683,230,807,628,2019
205: 4313,3639,2677,4772
206: 1651,1504,3530,1746,985
207: 3647,1369,2723
208: 
4427: 2103,3421
4099: 2875,4630,2078,4795
211: 
212: 265,4116,3009,4784,551
4364: 
214: 815
4030: 3958,4469
216: 3319,3510,1406
217: 3612,1532,3044,1647
4086: 2952,247,2117
3873: 2298,1069,2926,733,459,732
3995: 
221: 4451,3054,4767,2115,3977
222: 4638
223: 121,3066
224: 732,937,459,3839
225: 3078,3326,2067
226: 2506
4027: 3318
228: 3984,916,36
229: 1419,4499,3109,2373
230: 2793,3802,4618,4122,1241
231: 3143
232: 
233: 4176
234: 1278,1920,3426,3149
235: 3993,305
4781: 2030,4807,2354,324
237: 3581,3037,2767
238: 
239: 408,3071,989,528
240: 374
241: 2204,3198,2835,2900
3794: 559,891,4239,4044
243: 2965,817,947
4742: 4244
4477: 1613,1536,3576
246: 4128,1856,2568,271,2051,4398
247: 2952,4086,2117,4809
248: 1098
249: 4098
250: 
251: 1010
4374: 4327
253: 589,4669
3920: 
255: 1375,2420,4032,4822
256: 3824,436
257: 1779,2993,1133
4190: 3760,2629
3860: 1517,2392,962
260: 2673,4224,996,1866
261: 2709
4780: 3370,3876,595,2874,3247
263: 4752,1016,2934,3637
264: 
265: 212,4116,3009,3510,1406
266: 
267: 3912,870
268: 3167,1332,2881
269: 6,160,920
270: 1599
271: 2568,1955,2051,246
272: 3103,3992,3632
273: 718,2977,4491,3633
274: 1126
275: 2720,168,1326,1956,1203
276: 725,1302,989
277: 
278: 1705,4214,2858
4288: 813,3617,1170,1191
280: 2754,437,4795,1992,1962,97
4246: 
282: 491,1194,528
283: 59,2826,4005
284: 792,3677,3719
4530: 367,315,2714,3848
286: 
4309: 1398,4810
288: 2932
4817: 443,4777,1066,3320,720,3585,585
4695: 1701
3788: 833,853,3190,2493
292: 3781,4450,4369,1622
293: 3776,768
294: 1059,1372
295: 
4058: 623,3390,1294
297: 579
298: 3424,3901,3273,801
3785: 3922,3677,3105,964
4804: 541,2499,1,1401,3597,1000
4769: 3298,3833,455,3424
4659: 494,3152
303: 1436,1380,4112
304: 2955,3674
305: 3158,82,235,3993
306: 
4577: 972,2717
3758: 2249,4465
309: 2536,3959
4582: 3905
311: 4698,1607,3968,2200,1101
312: 
3986: 151,4195,2530,2185,2164,3464
3832: 1733
315: 4679,2714,3848,4530
316: 4085,1220,753
317: 3136,72,4251
318: 1501,4768,3079
4015: 3214,534,1820,4762
320: 
321: 4053
322: 4146
323: 4347
324: 4781
4592: 3174,1466,2868
326: 2897,3439
4680: 62
328: 2435,4019
329: 
4100: 3005,4221,3199,4691,1231
331: 2379,1362,2256
332: 4218,2346,3164,2659,4569
333: 1794,4437,4032,4062,1375
334: 2439,3693,4383
335: 
336: 2430,1133
337: 910
338: 726,2672,1539,4623
339: 569,3015,402
340: 1588
341: 
4786: 2783,3439,567,442,1846,3956
343: 2656,4241
344: 3484,4048,4524
345: 1607,4717
346: 3589,1301,4129
4049: 358
4333: 1787,713,3446
349: 3950,1259,525,2035
350: 4579,1367,4794,474
351: 2302
352: 3932,4155,2866,3800
4203: 4279
354: 2052,2915,1263
355: 1784,3857
356: 1232,1220,4085
357: 1410,3245,2351
358: 4049,76,3751
359: 
360: 3024,2125,4334,664
361: 2554,1887
362: 1761,2623,3215,3030
363: 3891,473,913
364: 1105,4783
365: 1441,4337,1695
366: 1284,81
367: 1719,4530,2714
368: 2935,841
369: 4164
370: 1438,1232,1484
371: 2573,4792
372: 4074
4070: 
374: 3184,31,240,1634
375: 3883,4708,4119
376: 1030,3598
377: 
378: 2404,4553,4754,1645
4194: 2716
4325: 
381: 2428
382: 617
383: 4395,4741,1996,3978
384: 4763
385: 1672,728,2658,3890
386: 3909
4654: 3676,995
388: 3588,27
389: 3068,1806,736
390: 1879,3964,652,1058
391: 1404,2184,1723
4387: 3902
393: 1718
394: 2842,2277,1871
4801: 1440,1139,28,1991,1944,1181,3042,1637
396: 3084,2873,2377
397: 2630,2343,445,3542
4110: 653,2088
399: 4221,3547
400: 3847,1861
401: 3514,4189
402: 1192,339
403: 518,1256,826
3869: 2788,1071,4604
3768: 2205,4147
406: 4002,4161,155,3612,4671
407: 720
408: 239,3071,989
409: 3254,1359
410: 
411: 1815
412: 482,3291,1645,4814
413: 4189,2065
414: 4762,4803
415: 
416: 1403
417: 4580,3097,2053,832,1856,4822
418: 3107,2043
419: 4726,4197
4085: 316,1232,356,1220
421: 4739,2061,2135,2160
4274: 1254,908
423: 
424: 4028,3374
425: 1151,2644,4673,2161
3909: 386
3946: 1760
428: 931,874
429: 4118,3156,1838,1067
3999: 1164,2476,1676
431: 3698,1407,4527,3184,2186,3584
432: 2647,3807,2109
433: 4422
3898: 2836,4306,1733
435: 3574
436: 2659,256
437: 2754,280,3906,97,195
3774: 4106,1961
439: 3856,2601
4326: 1754,562
441: 601
442: 567,4786
443: 4817,4777,2757,4353
444: 909,4789,2335,2237,621,3559
445: 2630,397
446: 727,100,3483,3706
447: 3714
448: 4807
449: 2527
3848: 1819,315,4530
451: 3775,4655,1393,911,2761
452: 
453: 3649,1448
454: 
455: 4230,3530,2165,4604,3298,4769
456: 1067,3822,717
457: 3409,3382,5,4823,3524
458: 2885
459: 733,1189,3873,2926,732,224
460: 4617,1650,2771
461: 3395,2955,2416,4573
462: 3162,2862,4807
463: 2704,1573,3265
4463: 2893,4765,1313
4054: 995,3893
466: 3565,3001
467: 3344,3721
468: 56
469: 1805,138,102
470: 
3983: 490,3532,2001,1881
472: 
473: 2704,3891,2415,363
474: 149,4794,350
4710: 1940,1346,4329,2540,1419,4499
476: 1349
4748: 1816,645
478: 576,2655,1343,2266
479: 13
480: 
481: 1435,4033
482: 412,3291,4814
483: 585,1768
484: 163,66
485: 3572
486: 1516
487: 4568,2981
488: 
489: 4283,4785
490: 3983,3532,3099
491: 282,3480
4351: 4486,2769,1084,2140
493: 1591,1061
494: 4659,653,2649
4495: 
4005: 283,2826
497: 2479,1690,3275,3831
3997: 1283
499: 2626,4799
500: 1853,1534,802
501: 
502: 2025
4196: 4343,4640,3755
4696: 
4391: 4668,4165,4207
506: 4252,57,712,4625
507: 2187,1294,2612
3919: 2362,3645
509: 1912,2693,2111
510: 
511: 4627,942,3470
4344: 2067,753,997
513: 3377,3414
514: 
515: 
516: 2913
517: 3055
518: 403,1722,1256
4539: 4373,3868,3544
520: 3634
521: 2459,4685,3691,3232
522: 1653,1596
523: 3549
524: 4327
525: 1862,349,2150,2035
526: 3472,4656,4220,1173
4161: 2266,155,4002,406
528: 1194,239,282
529: 4048,580,4517,3081,4524
530: 3955
531: 2233,3160,3353,4362,4720
532: 2981,2656
533: 1529,2516
534: 3509,721,1820,3214,4015
535: 4223,757
536: 974
537: 
538: 2628
539: 3177,644,1331
540: 1888,4421
541: 3398,1401,4386,4804
542: 4115,3246,2308,3953
543: 1221,1361
4675: 113,4244
545: 
546: 
547: 4764,4506,4185
4793: 1252,1540,3197
549: 4388,1880,4823
4342: 
551: 5,212,4116,4784,1905,3409
552: 
553: 1822,633
554: 
4022: 3772,2541,2134,897
556: 840,1730
557: 2302
558: 1556
559: 3794,697,785,3932,4044
4268: 3866,2093
561: 1965,2905,2823,2047
562: 4326
563: 
4578: 3553,4263,911,1072
565: 3948,1455,1750,4822
566: 2765
567: 442,4786
4414: 4782,4721,4208
569: 339,3015,2775
4455: 2749,1116
571: 2267
3743: 1270
573: 3305,17,867
574: 850
575: 3670,3414
576: 2615,478
577: 740,2107,1317,4788
4423: 1555,3694,3279,4808
579: 2160,297,685,3153
580: 1840,4517,3102,3011,529
4402: 3378,1422,945
4281: 
583: 81,1223,701,3158
4093: 4768,3196,1501
585: 483,4817
586: 4235,2753,2477,4367
587: 3387,2395
588: 2655,2456,4047,2230,4198
589: 595,2874,253
590: 161,3583,3339,1562,1783
591: 2833,4278
592: 4776,1601,1033,3672
593: 3977,2080,4767,4536
594: 
595: 589,2874,4780
596: 3209
597: 4810
598: 802,3009
599: 4599,1326,2720,3935
600: 22,3938,3331
601: 3435,441
4323: 640,3930
4652: 2187,1764
3791: 1420,4800
4314: 3422
606: 1491,2149,1747
607: 1363
608: 23
609: 3103,1155
610: 1496,3259,4149
611: 4069,1654
4218: 332,2346,2496
613: 3739,2092
614: 1441
615: 1693,2167,1721
616: 4496,3522,3061,1215
617: 382
4076: 1090,2581
619: 
620: 2750,2303
621: 2237,1240,2335,444
4269: 
623: 4058,3390,1597
624: 2331,2800
625: 
626: 136,3450
627: 2658,3077
628: 807,2019,4802,3802
629: 
630: 
631: 
4439: 
633: 1588,553
3962: 1855,1496,4149,3964,2391
3773: 
636: 
4540: 3044,3299,1494,3287,2206,3154
4754: 4553,378,1645,4814
639: 4308,2851,4239,4789
640: 2241,2426,4323,1982
641: 
642: 3514,756
643: 1263,82
644: 3177,539,2939
645: 4748,1816,1613
646: 2598,1618,3472,1173
647: 2635,166
648: 93,2684
649: 3648,664
650: 
651: 793,1359,1975
652: 3964,1742,390,1058,4591
653: 4110,2088,494,2649
654: 4051,2636
655: 3500
4594: 
657: 4236,879
658: 3468
659: 
4210: 4553,3229,4814
661: 1554,3222,3381
4712: 4038,198,2024,3335,2443
4775: 3458,2914,3615
664: 649,3648,360,3024,4643
665: 1994
666: 
667: 2323
668: 2303
3753: 
3809: 2970,1526
671: 1316,1583
672: 4782,3621
673: 3806,2908,4074
674: 4568,3611
4385: 2486,4792,3694
4437: 333,3432,13
4644: 1630,2552,3669
678: 131,4536,4767,2895,1289
4580: 3097,1970,417,4626
680: 3293
681: 124,4102,4251,868
4107: 3968
683: 2793,3802,807,2600,3705
4320: 3013
685: 3682,1019,3153,1752,579
686: 4300,2228
3975: 4451,2098,2224,2888,4767
4674: 1014,1608,903
689: 3231,1952
690: 4813
4676: 
692: 4332,2749,3200,3734
693: 2026,4689,3038
694: 3482
695: 1172,3589,3702
696: 1579,2640
697: 559,2695,1429,785,3932
698: 3056,3000,3491
699: 1522,3878,91,3682,4778
700: 1483
701: 583
702: 1262,4573,4138,4010,2053
703: 1671,2487
4223: 535,757,912,4400
4525: 3377
706: 2086,4795
707: 4396
708: 3580,2719,1997
3742: 
710: 1037,1985
4026: 4470,1580,2517
712: 110,4625,971,4252,506
713: 1787,4333,4599,3446,1956
714: 2355,1101
715: 914,1633,4787,1436
716: 
717: 456,2872,2958,1539
718: 273
4658: 1241,2842,2193
720: 3585,4817,407
721: 1100,2472,4690,1589,534
722: 1555,2728
4708: 375,4634
724: 1881,3150
725: 276,124,989
726: 2672,338,1539,4589
727: 446,100,3706,4626,2210,3640,2608
728: 1050,385,1466,3890
3883: 375,844
3767: 3736,4520,1245,1201
731: 3739
732: 224,3873,2926,459
733: 459,1189,3873,2021,173
734: 3935,4496,3522
4341: 3127,2558,3517,1394
736: 1858,1806,389
737: 850
738: 4346
739: 1119,110,971,3268
740: 577,4788
741: 
742: 1289,3756,2442,1119,971
743: 2933,4506,1474
744: 3750,4509,2919,4212,860
4272: 2199,4188
746: 3592,2770
747: 18,1762,2928
748: 
749: 
750: 1463,784,4787
751: 4581
752: 1327,3292,3139
753: 316,4344
754: 991,2933,4295,1350,4812
755: 4399,49,189
756: 642,1671
757: 4223,535,2814
758: 3726
759: 
4121: 1788
761: 
762: 4368
763: 
764: 3867
4166: 890,3423
766: 1396,3878,91,4724,1475
767: 4068,1971
768: 293
769: 2771
4497: 2724,2543
771: 80
772: 3099
773: 2687
774: 3361
775: 2761
776: 2517,4779
777: 821,2643,1504,101
778: 3542,3599
779: 2912
780: 
781: 2755,2899,4770
782: 3428
4004: 1725,2094,4699
784: 750,1463,4787
785: 559,697
786: 
787: 4613,3607
4724: 1475,766
789: 
790: 2935,4803
791: 3645,2722
792: 284
793: 1947,651,1359,4250
794: 3193,869,4021
795: 3538,2800,1125
796: 60,159,2036,4012
797: 3131
4051: 654,3218,1546,2636
799: 2603,978,2176
800: 
801: 4607,3273,298
802: 598,500
803: 2232
4021: 873,794,3193
805: 4699,1530
806: 1817
807: 628,111,683,3802
808: 3557,1795,2142,3001
4044: 4239,3932,3794,559
4569: 4588,332,3164
4490: 3927,4805,1071
812: 2724,2311,3190,2493
813: 4288,3617,4372,1191,1293,3323
814: 4299
815: 2663,214,4192
816: 2999,3662,2288
817: 2965,243,993,4237
4119: 375
819: 1474,3680,3736
820: 4527,1111,2743,3115
821: 777,2637,101
822: 1861,2534,2966
823: 4155,2866,64
824: 2029,196
825: 
826: 403
4251: 3858,317,681
3991: 
829: 2044
830: 3403
4693: 2153,2576,1150,1513
832: 1856,3097,417,4398,4822
833: 3788,2711,3190
834: 4560,940
4785: 2813,489,4376,2015,4283,2673,4224
836: 
4705: 2099
4449: 1112,1004,4806
839: 3147,3419
840: 1757,3908,2284,556
841: 4745,1983,2935,368,2682
842: 
843: 3623,1002,2137
844: 4271,3883
4048: 529,344
4720: 2577,531,2233,3160
847: 2406
848: 3959,3714,2207
849: 2957,2108,1775
850: 574,737
851: 2485,1662,2268
852: 
853: 3788
3801: 2028,1141,2986,182,2635
855: 4546,1477
856: 1154,4319
857: 3523,3667
858: 2252
859: 3232,3339
860: 744,2552,4509,4212
861: 2777
862: 1008,4160
4149: 610,1496,3962,2391,2444
864: 2225,2820,3111
4071: 2471,2856,2908
866: 1130
867: 17,1151,1370,3305,573
868: 1583,681,124,4102
869: 794
870: 267
871: 3751,3658
872: 
873: 3903,4021,3193,2881
874: 428
875: 4429,15
876: 
877: 1855,2117,1569
878: 1396,3934
879: 2727,657
880: 
4073: 4730,3038
4741: 383,1996,4136
4815: 
4542: 4002,1412,4809,3112,4671
885: 3118
886: 
4512: 3086,1199
4271: 4734,844,3596,1567
3813: 1617
890: 4166,2542
891: 4443,1510,4057,3794,2851
892: 4379,2271,4744
893: 
4078: 3225,1599,1517,2392
895: 
896: 4707,4812,4794
897: 1702,1117,1672,4022
4607: 801,939
899: 
900: 4404,3338,1475
901: 3292,1993,1599
902: 1642,2956,4088,2405
903: 2996,1608,4674
904: 138,2510,4003
905: 1136,3910,2109,4094
906: 1053,1591,2043
907: 1402,3967,4371
908: 1341,4274,1254
909: 444,4789,2237,4047,3559,1198
910: 337
911: 1393,1072,3553,4578,451
912: 4400,1125,4223
913: 1297,363
914: 1633,715,3821,4787
915: 
916: 1454,228
917: 3607,4229,1782,4613,2293
918: 2256,85,1630
919: 2090,3266
920: 160,6,269
4691: 3199,3005,4100,1231
922: 2701,3636,3324
923: 
3800: 1592,352
925: 2030
4706: 
927: 2347,108,3934,1029
4524: 3081,529,344
4794: 2815,4812,149,474,896,350,4579
930: 2648,2287,2039,2990,4226
931: 428,3331,3636,3050
932: 
933: 2646,1864
934: 
4604: 2165,455,3869
936: 1713,1327,1090,2581
937: 224,1022,1116
938: 4779
939: 1192,4607,1948
940: 4560,834
4416: 3412,4139,3379,1739
942: 511,4627,4139
4095: 2776,3092
944: 2751,59
945: 1422,4402
4784: 212,3009,551,1905
947: 3024,2125,243,3629,4643
948: 4462,2930,2099
949: 3456,1043,3155
950: 3611
951: 1568
952: 4761
953: 2578,2985
4704: 4248
4479: 
4717: 1607,345
957: 3342
4103: 1152,3278,2244
959: 1821
960: 3656
961: 
962: 3546,3860,3153
963: 4762,111
964: 3105,3785
965: 1706,165
3796: 2979,3002
3862: 3994,2756
968: 4821,2820
4399: 1949,755,189
970: 
971: 712,110,4625,742,1119,739
972: 4577,2301
3790: 1390,3064,2609,141
974: 4384,2597,536,4596
4789: 444,909,3550,4308,639,2335,2734,3559
976: 1153,2841
4806: 2193,1004,1086,1112,2082,4449,2010,2429,3191,4557
978: 799,2603,2604,4776
4319: 1154,856
980: 2111,27,4645
981: 3226
982: 3229
983: 1230
984: 1579
985: 1156,4493,1746,206
986: 4299
987: 2680,3443
988: 1683,2307
989: 408,239,1302,276,725
990: 1093,1033
991: 4185,754,3552,4812
4546: 855,1477
993: 4237,2965,817
994: 
995: 4654,3676,4054,3893
996: 3125,2673,260
997: 4344,1269
998: 3810
4752: 1616,1016,263,2934
1000: 4804
4462: 948,2099,50
1002: 2137,2841,843
1003: 4703,4496,3557,2142
1004: 4122,4806,4449
4154: 1537,2092
1006: 
1007: 2710,4307
1008: 3672,862,4160,2785
1009: 2087,4182
1010: 251,4549,1462
1011: 2833,3676,38
4185: 991,547,1048,4812
1013: 3229,4814
1014: 4674,87
1015: 3404
1016: 4752,263,3470,4627
1017: 3792,2268,2485
1018: 1304,3675
1019: 4778,685,2660,4739
3976: 
1021: 
1022: 1069,4285,2926,937
4560: 940,2326,834
1024: 160
1025: 4810
4603: 4153,3431,3340
1027: 
4188: 1503,20,4272
1029: 2660,927,108,3934
1030: 376
1031: 2083
4610: 3286
1033: 592,1601,2785,990
1034: 3496,2391,2444,1113
4003: 904,102,2510
1036: 73,4816
1037: 710,2986,2878
3781: 4207,292,1515
4757: 1568
1040: 3934,2660,4778
1041: 1166,1809,1673
1042: 4616,4219,3766
1043: 949,3155
1044: 3242,2600
4557: 3191,2287,2039,4806,2429,1770
1046: 1775
1047: 2203,3119
1048: 3552,4766,4185
4139: 3412,4416,942
1050: 1672,728
4516: 1299
1052: 1697
1053: 906,1591,2043
1054: 33,3171,2956
1055: 3301
1056: 3560,3815
3874: 
1058: 1175,390,652,4591
1059: 294,1595,1767
4504: 1612,3519,4089
1061: 493
1062: 197,4502
1063: 
1064: 1233
1065: 2383,4799,3566
1066: 1321,3320,4817,4777,3585
1067: 3822,456,429,1838
3752: 
1069: 1022,4285,2926,3873,3315
1070: 2532,2707,4500
1071: 2788,4372,3869,4490,4805
1072: 911,20,4578
3857: 1527,355,1674,3175
1074: 3635
1075: 
4518: 3136,2726,4498,3016,3531
1077: 
3764: 1435,3578,3642
1079: 2712,1174,34
1080: 4559
4162: 1165,2570,1123
1082: 
3957: 4304,2385,4714,4456,2886,192
1084: 2140,4351,4198
1085: 1130
1086: 3591,4806
4395: 383,3978
1088: 3309
4183: 2224,2070,2426,2098
1090: 4076,2581,936,1713
1091: 1957,3922
1092: 2373,2764,2209
1093: 2785,990
1094: 1728,2991
1095: 4734,3358,4360,3416
1096: 
4698: 311,1607,3968
1098: 248
1099: 3261,2351,4318,1410,1288
1100: 2472,721,3587
1101: 2355,714,2200,311
1102: 2197
4444: 3251,4636,2864
1104: 3335,2372,4332,2199,3734
1105: 364,4278
4798: 3745,3980,1220,2723,2002,2947,3642
1107: 
4205: 
3825: 3592,2537
1110: 1792,2435
1111: 820,2743,2633,2835,3812
1112: 2082,4163,4449,4806
1113: 3496,1034,3766
1114: 4329,3877,1955
1115: 4480,2269,2620
1116: 2136,4455,2749,937,1275
1117: 897,1702
1118: 1893,1319
1119: 2442,739,742,110,971
4047: 3351,2230,3559,909,1198,588
4043: 4383
1122: 3984,1987,3386,3924
1123: 2664,2570,1870,3285,4162
1124: 1587
1125: 912,795
1126: 2315,274
1127: 3186,2961
1128: 1818
1129: 3498
1130: 866,1085
4294: 1736,2079,3720,2296
1132: 47
1133: 2993,336,257
1134: 1741,1998
1135: 
1136: 905,107,4125
1137: 
1138: 4145,4800
1139: 1440,4801,1637
3822: 1067,456,1249
1141: 2028,3801,2986,182,2295,4141
4508: 1793,4736
1143: 3435
1144: 4510,1668
1145: 1448
1146: 2795,3265
1147: 2709
1148: 3718,1495
1149: 3240,4730,3038
1150: 1469,4693,1513,3581
1151: 425,1370,3305,867
1152: 4103,1702,2244
1153: 2841,976
1154: 4319,856
1155: 609
1156: 985,4493
4725: 1316,2280,2481,2213
3750: 744
1159: 2998
1160: 169
1161: 3011,1998
1162: 2566,2987,2671,1684
1163: 137
1164: 3999,1676
1165: 4162,2512,4079
1166: 1041,1809,1673
1167: 87
1168: 1257,2336,2642,2607
4529: 3059,4606
1170: 4288,3617,3334
1171: 
1172: 695
1173: 646,526
1174: 2871,1413,34,1079
1175: 1058,3314
1176: 1919,4809,1412
4219: 4616,1042,153
1178: 2882,181
4628: 4766,1428
4392: 1378,2682,3317
1181: 3042,28,4801
1182: 2684
3967: 1402,3536,3780,907
4443: 891,1510,4057,2158,1307,2851
1185: 3671,3281
1186: 
1187: 
4285: 1069,1022,4586
1189: 733,459,173
1190: 2200,3055
1191: 4805,4372,4288,813
1192: 939,1948,402
1193: 
1194: 528,282
1195: 154
1196: 2383,3943,1618
1197: 151,4195,1385
1198: 2140,909,2237,4047
1199: 1379,4512
1200: 1732,2127
1201: 4506,3761,1245,3767,4764
1202: 2314
1203: 1956,168,275,4593
1204: 1895,2146,1680
4510: 1144,1668
1206: 4601,3366,4700
4273: 1451
1208: 4248
4465: 40,4623,3758,1604
4239: 3550,4044,3794,639
1211: 3377
1212: 
1213: 
4046: 3940,148,4065
1215: 3061,616
1216: 3929,1711,4559
1217: 1270,2315
4808: 2573,3279,1555,4423,2728
1219: 3266
1220: 3745,4798,356,4085,316
1221: 543,79
4316: 3654,3012,3453,1339
1223: 81,583,3158,3993
1224: 3089,1696,2686
1225: 2695
1226: 4158,3218,4213
4483: 3482
4731: 
3847: 400,2534,2983
1230: 983,3072
1231: 1974,4100,4691
1232: 356,370,4085,3078
1233: 1064,2144
1234: 1488
1235: 
4730: 4073,2468,3240,1149
1237: 
1238: 1317
3856: 439,2783
1240: 621,2129,1646
1241: 4122,4658,3705,2793,230
1242: 
1243: 4685,2722,161,2459
1244: 1814,193
1245: 3761,2488,3767,1201
1246: 
4133: 2428
4436: 
1249: 4591,3822
1250: 3563
1251: 3641
1252: 1540,4793,3198,2900
3882: 2339,1840,2327,2128
1254: 4274,908
1255: 3472,3943,8
1256: 4283,403,518
1257: 1168,2336,1995
1258: 2291,3026
1259: 3950,349,2116,3319,4388
4290: 
1261: 1592,1372,4215,2734
1262: 702,2053,4128,1856
1263: 643,82,354,2052,2930
1264: 3528
1265: 4790,3261,2470,2075
1266: 2616,2809,1377,4023
4528: 1526
4697: 1484
1269: 2067,997
1270: 1217,3743,2315
4182: 1009,3562
4797: 4597,4318,3098,2859,1279
1273: 1615,4113,2
1274: 3572
1275: 3200,2004,2749,2136,1116
4197: 3591,419,3183
4788: 2976,740,577,2107,3059,24
1278: 2587,4260,1920,234
1279: 2859,4318,3098,4797,2931
1280: 
1281: 2061
1282: 2567,1617
1283: 3997
1284: 366
1285: 
4660: 1878
1287: 1984
1288: 1740,2931,4318,1099
1289: 742,3756,2895,678,4536
4378: 
4145: 1138,4800
4330: 2240,4772,3239,2332
1293: 3323,3855,813,3617
1294: 4058,2187,507
4591: 1249,652,1742,1058
1296: 4034
1297: 913,1633,3663
1298: 16
1299: 4441,4516
1300: 
1301: 4634,346,4129
1302: 276,989
1303: 4795,3654,4630,2086
1304: 3309,4773,1018,1709
1305: 4312
1306: 
1307: 2934,3899,4443,1616,3108
1308: 2500
3820: 4491,3633
1310: 4312,2559,2175
3793: 2478,2021
4347: 323
1313: 4765,1337,2893,4463
4055: 1512,1745
1315: 2182,2989
1316: 4725,671,1575
1317: 1238,577
4506: 1201,547,4764,743,2933
1319: 1118,1893
1320: 4060,4711
1321: 1066,2054
4581: 1833,751
4532: 2499,1,1401
4186: 39
1325: 4782,3924
1326: 599,4599,1956,2720,275
1327: 752,2581,936
4763: 384,4356
1329: 2131
1330: 
1331: 539
1332: 1958,2707,2881,268,3903
4596: 974,1706
4522: 
1335: 2855
3776: 293,3223
1337: 1313
3859: 2233,3353,4109
1339: 3453,2198,4316
4595: 2116,3415
1341: 908,4790,4363
1342: 4225,4000,2917,1964,3626
1343: 2655,1919,478,2266
1344: 
1345: 
1346: 4710,1940,4499,1738,3355
1347: 3397
1348: 2321,2957
1349: 476
1350: 2095,4295,754,4812
3970: 2634,3145
1352: 3730,3157,2394
1353: 
4601: 1206,183
1355: 
4311: 1530,3799
1357: 2940
1358: 1415,2641
1359: 409,3254,4250,793,651
4332: 692,2199,3200,3734,1104
1361: 543
1362: 2379,331
1363: 607,3965
1364: 
1365: 1508,3538,1487
1366: 4126,43
1367: 350,4579,3616
1368: 3627,2622
1369: 2823,2047,207
1370: 2922,2063,1151,867
1371: 3783
1372: 4215,1261,294
1373: 1957,1853
1374: 4732
1375: 4062,255,3109,4032,4822,333,1794
4053: 321
1377: 1266,2616,1968,1664,4023
1378: 4392,4803,4802,4410,3733,3255
1379: 1199
1380: 2101,3870,4787,303,4112
1381: 3042,3670
4207: 3781,4450,4391,3715
4278: 1105,591
1384: 4147,4016
1385: 1813,1197
1386: 2833,1574
1387: 2386
3831: 3950,4388,497
1389: 4353,3735
1390: 2533,3790,2609
1391: 3814
1392: 3996
1393: 911,451
1394: 3517,4341,1542
1395: 34,153,2819,1884
1396: 3878,766,878
1397: 3451,3508,2523
1398: 4309,4810
1399: 2264,3388,4072
1400: 1409
1401: 2499,4532,541,4804
1402: 3967,4029,907,4371
1403: 416,3652,3031
1404: 391,1723
1405: 26,2750
1406: 216,3510,265,4116
1407: 3698,431,3184,1634
1408: 
1409: 1400
1410: 4318,357,3245,3098,1099
4382: 15
1412: 4542,4002,1176,1919,4809
1413: 2871,1174,1606,1878
4671: 4542,4002,406,3112
1415: 1358,1662
1416: 4677,1626
1417: 2999,3601,4466,1574
4115: 3897,542,3953,1725
1419: 229,4499,2420,2540,4710
1420: 3791
1421: 3778,2389
1422: 3378,945,4402
4308: 2851,639,2335,4789
1424: 3724,3560,3019
1425: 3202
3849: 4575,4823
4208: 1727,3959,4414
1428: 4766,4503,3565,4764,4628
1429: 2695,3932,697
1430: 4313,1823,2531,3639
1431: 3597,1779,1809
1432: 3349
1433: 3278,3401
1434: 
1435: 2812,3578,481,3764
1436: 303,2654,715,4787
1437: 2006,3121
1438: 370
1439: 
1440: 1139,4801,1637
1441: 365,614,1695
3900: 
4791: 4467,4233,2201,3208
1444: 2840
1445: 4282,1541
4648: 
4383: 3693,4043,334
1448: 1145,453
4372: 2788,1071,4805,1191,3323,813
4089: 4504,3519,4796
1451: 4273
1452: 4098
1453: 3925
1454: 1636,916
1455: 1750,4822,565,1794
1456: 
4553: 3846,378,4754,4210
1458: 2909,95,2884
1459: 3948,3604,1973,1836
1460: 4520,3736
4064: 2961,2182,2474
1462: 1010,3915
1463: 750,3065,784,4787
1464: 
4172: 4732,3762
1466: 3174,4592,2868,728
1467: 
1468: 141,4727,3064
1469: 1150,3581
1470: 1670
1471: 3171,2665
1472: 4773,1668
1473: 3688
1474: 819,743
1475: 4724,4404,900,2041,766
4200: 
1477: 855,4546
1478: 1696,2506
3828: 
1480: 2517
4564: 2802,3029
1482: 3026
1483: 4040,700
1484: 4697,370
4511: 3367
1486: 3594
1487: 1508,1365
1488: 1234
1489: 1559
1490: 3146
1491: 2149,606,3132,1787
1492: 2753,2477
4292: 3043
1494: 2963,4540,3299,1943,2206
1495: 1148,4217
1496: 610,3259,4149,3962,1855
1497: 
1498: 4716,149
1499: 2669
1500: 2772
1501: 318,4768,4093
1502: 1778,1890,19
1503: 2350,4188,2279
1504: 4230,3530,206,2643,777,2165
3807: 432,2647,2698,3252
4636: 4369,3251,4444,2864,4551
3902: 4387
1508: 3538,1365,1487
1509: 4818
1510: 4443,891,2851,1904,3108
4629: 1620
1512: 2665,4055,11
1513: 3581,3037,4693,1150
1514: 4805,2844,3927
1515: 3534,3781
1516: 486,1632,1595
1517: 3860,4078,2392
1518: 4413,3265,3821
3954: 3826,4019,1792
1520: 2959,2872,1539,2818
1521: 
1522: 1577,699,91,3682,1752
1523: 3643,3638
1524: 71,4231,3533
3928: 
1526: 3809,4528
1527: 3857
1528: 4678,3074,122,3858
1529: 533,2950,2308
1530: 4311,805
1531: 
1532: 4381,3612,217,2963,3044,3299
1533: 
1534: 1769,1853,500
1535: 
1536: 4477,3635
1537: 4154
4471: 2108,2295
1539: 2872,1520,717,726,338
1540: 1252,4793,2683,3198
1541: 3636,3324,1445
1542: 4535,2882,1394
4570: 
1544: 
1545: 2252,4106
1546: 3218,4051
4428: 3196,4173
4584: 4276,3227,2104
1549: 
4163: 1112,2548,2175
1551: 
4339: 3050,3471
1553: 
1554: 661,3222,3381
1555: 4423,3694,4808,2728,722
1556: 2814,3940,558
1557: 
1558: 2512
1559: 1489
4424: 83,1793,4736,2205
1561: 2840,2322
1562: 2362,3583,590,1783,58
1563: 3268,3488,3923
1564: 4766,1915,149
1565: 3913
3943: 8,1196,1618,1255,3472
1567: 1637,4271
1568: 951,4757
1569: 3112,4809,877
1570: 4679,2714
1571: 
4245: 4565
1573: 2365,3885,463
1574: 4466,1386,1417
1575: 1316,3728
4088: 2665,3171,902,2956
1577: 1522,1976
1578: 3798
1579: 696,984
1580: 4026,4470,1717
4749: 120,2445,2555
1582: 4662,3281,1602,2781,4355
1583: 868,671
3988: 3494,2511
1585: 
1586: 
1587: 3373,2661,1124
1588: 340,3648,633
1589: 3509,4690,2737,721
1590: 4638,4661
1591: 906,1053,493
1592: 1261,3800
4353: 3276,2757,443,1389
4458: 
1595: 1632,1516,1767,1059
1596: 1653,2773,522
1597: 623
1598: 3366
1599: 270,1993,901,4078
1600: 2822,2100,2439
1601: 592,1033,3029
1602: 3281,1582,4662
1603: 3810
1604: 4465
4033: 2377,481
1606: 2871,1413,2664,2570,4447
1607: 4698,311,4717,345
1608: 4674,903
4432: 
1610: 
1611: 
1612: 4504,3519,4017
1613: 4477,645
1614: 
1615: 1273,4152
1616: 4752,4670,1307,2934
1617: 3813,1282,2166
1618: 2598,646,1196,3943,3472
1619: 18,3357
1620: 2474,4629
1621: 
1622: 292,4450,4369
1623: 
1624: 
1625: 
1626: 1416
1627: 4650,2903,3066,3386
1628: 3606,3148,2352,2944
4593: 1203,2533
1630: 4644,3806,918,3669
1631: 3397
1632: 1595,3334,1516
1633: 914,715,1297,4787
1634: 3184,374,1407,3520
1635: 
1636: 1859,1454
1637: 1567,1440,1139,4801
1638: 1845,1863
1639: 
1640: 4304,4714
1641: 3183,1909,2010,1869,3461
1642: 902,4368,2956
1643: 2752,2104,48,3411
1644: 
1645: 378,4754,4814,412
1646: 3637,1677,1240
1647: 3287,217,3609,3044,3314
4527: 820,4713,2186,3584,431
1649: 3349,2501,2066,1657
1650: 4768,4617,460,3079
1651: 3530,206
1652: 4796,3519
1653: 1596,2179,522
1654: 4069,611
1655: 3600,3172,1798,1808
4778: 3682,1019,1040,2660,699
1657: 2501,1649,3896
1658: 
3810: 998,1603
4782: 672,4414,4721,1325,3621
3835: 2662
1662: 1415,851
4376: 4785
1664: 2102,3508,1968,1377
4766: 1428,4503,4764,4628,1564,1048,3552,1915
4259: 199,2746,4547
1667: 3418,3057
1668: 4510,1144,1472
4820: 3411,2200,3968
1670: 1470
1671: 703,2487,756
1672: 1050,385,897,1702
1673: 1166,1041
1674: 3175,3857,4035
4732: 1374,2494,4172
1676: 3999,1164,2476,4566
1677: 3637,1646
3751: 871,358
1679: 2279
1680: 2146,1204,4244,113
4014: 2352,3148
1682: 4755,3992,3632,1798
1683: 988,2138
1684: 3780,1162,4631
3858: 4251,4678,1528,4102
4655: 3775,451
3865: 1763
1688: 3287,3886,2794,4193
4555: 2710
1690: 2479,497,3275,4575,4823,2153
4572: 
3769: 
1693: 2167,615,1721,4461,1757
4301: 
1695: 1441,365
1696: 1478,1224
1697: 1052,3467
1698: 2831,3193
4734: 3297,1095,4271,3596
3985: 177
1701: 4695
1702: 897,1117,1672,1152
3861: 
1704: 2048,4728,3211
1705: 2460,278,1829
1706: 965,4384,188,4596
1707: 3362
1708: 
1709: 4773,1304
1710: 
1711: 1216
4371: 1402,4029,907
1713: 936,1090
1714: 3006,4072,2544
1715: 4678,2481
1716: 
1717: 3493,1580
1718: 393,2855
1719: 367,2965,3242
4384: 2597,974,188,1706
1721: 1693,615,4461
1722: 4588,3228,518
1723: 2632,1404,391
1724: 3115
1725: 3782,4004,4115,3953,2094
1726: 
1727: 4721,3664,4208,3014
1728: 1094
1729: 2462,2008,2662
1730: 4461,556,3558
3845: 4226,2293
1732: 1200,2672,4589,40
1733: 3824,3832,3898
1734: 61,2880
4127: 4673,2640,4689,2644
1736: 4294,3564,4146
4109: 3859
1738: 1346,3355
1739: 4416,3379,3211
1740: 2056,2931,1288,2470
1741: 1134,166
1742: 3964,652,3496,2391,4591
4356: 4763
1744: 2503,2518
1745: 3899,4670,4055,2405
1746: 985,206
1747: 2636,606,1841
1748: 1888,3816,3608
4413: 3265,1518,3891
1750: 1455,4822,3097,1970,565
1751: 2056,3182,2369
1752: 3153,1522,3682,685
1753: 
1754: 4326
1755: 
1756: 2071,4779,3076,3749
1757: 840,1693
4736: 4508,4424,2205
1759: 
1760: 3946
1761: 2623,4759,362
1762: 4633,2928,18,747
1763: 3865
1764: 4652
1765: 3397
4517: 1840,580,529,3081
1767: 4469,1595,1059
1768: 483,2692
1769: 1534,58
1770: 3485,2429,4557,2347
1771: 3250
1772: 2799
3815: 2460,1056
1774: 3104
1775: 2108,849,1046
1776: 
4466: 3733,3255,1417,3601,1574
1778: 1502,19,4684,176
1779: 2689,257,1431
1780: 
3979: 3267,2443,4138
1782: 4229,917,2538,2293
1783: 590,3339,1562
1784: 2017,355,3615
3867: 764,3915
1786: 2226,76
1787: 713,3132,1491,4333
1788: 3546,4121
3980: 3745,4798,2947,2404
1790: 
4744: 892
1792: 1110,2435,3954
1793: 4508,4424
1794: 333,4032,1455,4822,1375
1795: 3557,808
1796: 
1797: 
1798: 3632,1682,1655
3745: 3980,1220,4798
4398: 246,832,1856,2051,4822
1801: 2132,4348,2383
1802: 3068
3978: 4395,383
3761: 1245,2488,1201
1805: 469
1806: 736,2923,389
1807: 
1808: 3172,1655
1809: 1166,1041,1431
4649: 
1811: 
1812: 
1813: 3443,1385
1814: 1244,193
1815: 2944,3148,411
1816: 4748,645
1817: 806
1818: 2084,1128
1819: 3848
1820: 2418,534,3509,4015
1821: 959
1822: 553,3195
1823: 3316,2531,1430
1824: 3239,4796
3782: 1725
1826: 
1827: 2209,4062,3432,4756
1828: 3489
1829: 2892,4768,1705
1830: 
3836: 3357
4819: 2161
1833: 4180,4581,2907
4016: 1384
4355: 3422,2781,1582
1836: 1459,1973
4473: 42
1838: 429,4118,1067
1839: 203
1840: 2327,580,4517,2128,3882,3102
1841: 1747,3522
1842: 111,2600
4559: 1216,1080
3959: 848,3714,4208,309
1845: 1863,1638,3981
1846: 2571,4786,3956
4136: 4741
4684: 19,79,1778
1849: 3020
3934: 1040,878,927,1029,2660
4206: 3107,2043
3901: 3273,3833,298
1853: 500,1534,1373
1854: 4617
1855: 3962,877,2117,1496,3259
1856: 832,1262,4128,246,417,4398
1857: 
1858: 736,2161
1859: 48,1636,2104
4286: 2515,4184
1861: 822,400
1862: 525,3182,2369
1863: 1845,1638,2325
1864: 4767,2646,933
3998: 
1866: 4081,260,3398
1867: 4229,2538,2648,3036
1868: 3043
1869: 2010,1641,3183,3461,3485
1870: 2664,1123,3285,3195,3657
1871: 2277,394
1872: 
1873: 2054,3291
4293: 
1875: 
3755: 4196,4640
3987: 2284,2858
1878: 3657,2664,1413,4660
1879: 390,3112
1880: 5,4116,549,4823
1881: 724,3983
3839: 2403,224
1883: 4467,2387
1884: 1395,1993,2819
4768: 2892,4093,1501,318,1650,1829,4617,3079
1886: 3623,3297,1944
1887: 2500,361
1888: 4421,1748,540,3816
1889: 4403
1890: 1502
1891: 2948
1892: 
1893: 2717,1118,1319
1894: 
1895: 2897,1204,2146
1896: 4454
4057: 4443,891,2158
1898: 4013,2264
1899: 
1900: 3162,4807,3235
1901: 
4661: 4638,1590
1903: 
1904: 3108,1510,2851
1905: 3409,4784,551
3892: 
3806: 673,2908,1630
4599: 599,1326,713
1909: 1641,3183,2313,2041,3461
1910: 2757,3276
1911: 78,3454,3302,2498
1912: 509,3466,4249,4300
1913: 2890
1914: 
1915: 4716,4766,1564
1916: 3264,3179
1917: 3929
1918: 3702
1919: 1176,1343,1412
1920: 1278,2587,234,3149
1921: 
1922: 
1923: 3518
4018: 2525
4306: 2836,3898
3918: 
3789: 
1928: 
3958: 4030,2775,2477
1930: 3208
4081: 1866,3398
4618: 4639,2371,2019,230
1933: 4169,2433,3931
1934: 
1935: 151,2530
4020: 4253,1987
4328: 2849
3891: 2704,473,4413,363
4002: 4542,1412,406,4161,4671
1940: 4710,1346,4329,3436
3772: 4022,2541
3812: 2633,31,1111
1943: 2241,2206,1494
1944: 1886,4801
4783: 364
4406: 3930,3480
1947: 793
1948: 2155,1192,939
1949: 4399,2270
4502: 197,1062
1951: 
1952: 2417,3231,689
1953: 3151
4822: 1455,1750,832,3097,417,4032,4398,565,255,1375,1794
1955: 2568,271,2540,1114
1956: 3446,1203,713,1326,275
1957: 1373,1091,2225
1958: 1332,2707,2532
4767: 1864,2098,4451,221,3975,4492,131,678,3977,593
1960: 2006
1961: 2732,4716,3774
1962: 1992,4795,280
4189: 413,2065,3514,401
1964: 3626,4225,1342
1965: 561,2905,2215
4499: 1419,229,4710,1346,3355,2373
4803: 2935,790,414,1378,4802,4410
1968: 3432,4756,1377,3508,1664
4795: 1303,4630,2086,2875,4099,706,1992,1962,2754,280
1970: 4580,3097,4626,2210,1750,3948
1971: 4068,767
1972: 1974,3547
1973: 1459,1836
1974: 1972,1231
1975: 651
1976: 4686,1577
4000: 4225,3799,1342
1978: 
1979: 3478
1980: 2701
4116: 212,265,1406,1880,551
1982: 2646,640,2241,2426,4733
1983: 3792,841
1984: 1287,3083,181
1985: 710,4468
4714: 2385,3957,1640
1987: 1122,4020
4755: 1682,4773
1989: 
4482: 
1991: 4801
1992: 1962,4795,2754,280
1993: 1599,1884,901
1994: 2226,76,665
1995: 1257,2336
1996: 2686,4741,383
1997: 3580,708,2223
1998: 1134,3011,1161
4816: 1036,3866
3886: 1688,2794,3290,2818
2001: 3983,3532
2002: 4798
4480: 1115,2555
2004: 1275,2136,3267
4263: 3553,4578
2006: 2174,1437,1960
2007: 
2008: 1729,2462,2653
2009: 4779
2010: 2429,1869,4806,1641,3183
2011: 
4226: 2990,3845,930,2538
4639: 4618,2019,4802,3601
4160: 2785,1008,862
2015: 4785,2673
2016: 
2017: 1784,3615,3174
2018: 2681
2019: 4802,628,3802,4639,4618
2020: 
2021: 2526,173,3793,2478,733
2022: 
2023: 3868,3288
2024: 3335,2372,4038,4712
2025: 502
2026: 693,4689,2644,2063
2027: 2240,2430,3363,3321
2028: 3801,1141,182
2029: 824,196
2030: 925,4781
2031: 
4625: 712,110,971,4252,506
4381: 3612,1532,2615,155
4077: 4713,3584,3567,3316
2035: 2198,525,3950,349,2150
2036: 4012,796
2037: 4810,2836
4164: 369
2039: 2287,4557,2082,930
2040: 3437,2625
2041: 3461,1909,4404,2313,1475
2042: 4312,3607
2043: 3107,418,4206,906,1053
2044: 829,4662
2045: 2861
4102: 681,3858,868
2047: 2823,1369,561,2905,2812
2048: 1704,4728,4486
2049: 2586
2050: 
2051: 2420,2568,271,246,4398
2052: 354,1263,3416
2053: 4010,702,1262,417
2054: 1873,1321
2055: 
2056: 1740,2931,1751
2057: 2363
2058: 3282,3778
2059: 
3824: 1733,256
2061: 2135,1281,421
2062: 3881,2562,2080
2063: 1370,2026
2064: 
2065: 413,4189,3514,3738
2066: 4212,3349,1649
2067: 4344,1269,225,3326
4279: 3689,4203
4716: 1498,1915,1961
2070: 2305,2224,4183,2426,3795
2071: 1756,4779
3823: 2939,3177,2525
3853: 
2074: 75
2075: 2470,4422,1265
2076: 
2077: 
2078: 2576,4630,4099
2079: 4294
2080: 593,4536,3881,2062
4656: 52,4298,3472,526
2082: 1112,4806,3191,2039
2083: 1031,2809
2084: 1818
4779: 938,2009,3076,2071,1756,776
2086: 3144,4795,1303,706
2087: 1009,3329,3295
2088: 4110,653
3799: 4000,4311
2090: 2612,919,3266
2091: 2366,2542,4699
2092: 4154,613
2093: 4268
2094: 30,3953,1725,4004
2095: 1350,4295
3910: 905,2753,4094
2097: 3931
2098: 2646,4183,4767,3975
2099: 4705,4462,948,50
2100: 188,2439,89,1600
2101: 1380,3870,4787
2102: 3451,1664,2918,4131
2103: 4427,78
2104: 2752,1643,48,1859,4276,4584
2105: 3368,2384,2325,3647
2106: 41,4348
2107: 577,2976,4788
2108: 4471,1775,2239,849
2109: 4125,905,432
4721: 3664,1727,4782,4414
2111: 980,509,2693
4125: 2109,107,1136
4805: 1514,2614,4490,3927,4372,1071,3359,1191,64
4686: 1976
2115: 2249,3391,3054,221
2116: 4595,3319,1259
2117: 4086,247,1855,877,3259
2118: 
2119: 
4248: 4704,1208,4321
4447: 4079,2871,1606
2122: 3631
4765: 1313,4463,2215,4481
2124: 
2125: 360,3024,947
4380: 90
2127: 4586,1200,3315
2128: 1840,2339,3882,3102
2129: 2237,1240,2140
2130: 
2131: 3650,4445,1329
2132: 1801
3821: 1518,914,4787
2134: 4035,4022,2541
2135: 2061,421,2607,2336
2136: 1116,2004,1275
2137: 1002,3105,26,843
2138: 2307,1683,3085
2139: 
2140: 1084,1198,2237,2129,4351
3927: 4490,2637,1514,4805
2142: 3557,808,1003,99
2143: 2557
2144: 1233
4264: 
2146: 1680,1895,1204
2147: 2759,4615
2148: 3100
2149: 50,1491,606
2150: 525,2035
2151: 
2152: 4597,4201,3388,3689
2153: 2576,4693,1690,4575
2154: 3143
2155: 1948
4091: 4467,2387,3092
4361: 3421
2158: 3899,4443,4057
2159: 
2160: 2607,579,421
2161: 1858,4673,425,4819
2162: 4060,4132
2163: 
2164: 2185,3347,3464,3986,3012
2165: 101,4604,4230,1504,455
2166: 1617
2167: 1693,615
3814: 1391,3322
2169: 
4386: 541,3398
2171: 4111,3621,3073,3500
2172: 2518
2173: 114
2174: 2006,2837
2175: 4163,1310
2176: 2792,2683,799,2604
2177: 3887
2178: 2571,4417
2179: 3517,3447,1653
4802: 2019,4410,4803,1378,628,3733,4639,3601
4746: 
2182: 1315,4064,4422
4111: 2171,3073
2184: 3798,3907,391
2185: 2164,3347,3986,4195
2186: 3584,4527,431
2187: 4652,1294,507
4762: 963,3587,4241,3214,4015,414
3981: 1845,2215
4233: 3593,4791,2201
4498: 2726,3016,4518,3065
2192: 
2193: 4806,4658
2194: 
4813: 690
2196: 2361,2524,2837
2197: 3454,3711,1102
2198: 2035,1339
2199: 4272,4332,1104,2372
2200: 1190,4820,311,3968,1101
2201: 4791,4233
2202: 
2203: 1047
2204: 241,2835,3575,2743
2205: 3768,2495,4147,4424,4736
2206: 1943,2241,1494,4540
2207: 3399,848,3714
2208: 3877,3723
2209: 1827,1092,2764,4756,4213
2210: 3604,2608,727,1970,4626,3948
4448: 
4403: 1889
2213: 4725
2214: 3961
2215: 4481,4765,3981,1965
4132: 2162
2217: 
4461: 1721,1693,1730
2219: 4227,4688,4266
4650: 2903,1627
2221: 119
3935: 734,599,3522,2720
2223: 4153,1997
2224: 2305,2888,4183,2070,3975
2225: 864,1957,3111
2226: 1994,1786
4017: 1612
2228: 686
2229: 4173
2230: 3351,4047,588,2456
2231: 
2232: 3309,803
2233: 531,3353,4720,3859,2768
2234: 
2235: 
4814: 3027,2776,4754,4210,1645,1013,482,412
2237: 621,2129,444,909,1198,2140
2238: 
2239: 3663,3051,2108
2240: 4330,2027,4772,2332
2241: 640,1943,2426,2206,1982
2242: 3089
2243: 4792
2244: 4103,1152
4379: 4275,892
2246: 4790,4363
4470: 4026,1580
2248: 
2249: 3391,2115,3758
2250: 121,3066
4038: 3372,4712,2024
2252: 1545,858
4489: 4507
4613: 787,917,2719,2759
2255: 
2256: 85,918,331
3878: 1396,91,766,699
4615: 2293,2147
2259: 
2260: 2274
2261: 4729,2970
4345: 75,3221
2263: 3605
2264: 1399,1898,4013
4588: 4569,3228,3164,1722,2856
2266: 4161,155,1343,2615,478
2267: 571
2268: 2996,851,2485,1017
2269: 1115
2270: 1949
2271: 892,3205
2272: 
2273: 44
2274: 2260
4128: 246,3395,1262,1856
2276: 
2277: 3629,4643,394,1871
2278: 3616,3056
2279: 1679,1503
2280: 4725,2481
4565: 3113,4245
2282: 
2283: 
2284: 3908,2858,3987,840
2285: 
2286: 3091
2287: 4557,2039,930,2347
2288: 2559,816
2289: 3634
2290: 
2291: 1258,3028
2292: 178,3661,145
2293: 4615,917,2538,1782,3845
2294: 
2295: 182,4471,1141
2296: 3720,4294
4283: 1256,489,4785
2298: 3873,3315
3907: 3798,2184
2300: 3384
2301: 972
2302: 557,351
2303: 620,668
4299: 814,986
2305: 2224,2070,3795,4193
2306: 169
2307: 2138,988
2308: 1529,3246,2950,542,3686
4138: 2416,3979,702,4573
4337: 365
2311: 812,2724,4261
2312: 4068
2313: 3603,4404,1909,2041
2314: 3264,1202
2315: 1217,1270,1126
4343: 4196,3723,4640,3674
2317: 
4551: 2864,4636,3420
2319: 4719
4606: 3059,4529
2321: 1348
2322: 1561
2323: 4411,667
3787: 3521,6,3665
2325: 1863,2105,2823
2326: 4560
2327: 1840,3882
2328: 
4597: 2152,4201,3098,4797
4616: 1042,4219,3766,3138,153
2331: 3770,624,2800
2332: 2693,4772,4330,2240
2333: 
3948: 565,1459,1970,2210,3604
2335: 4308,444,4789,621
2336: 1168,1257,2135,1995
2337: 
2338: 2638
2339: 3071,3882,2128
4180: 2529,1833,2907
3893: 995,2876,4054
2342: 3931
2343: 2630,397,2971,4396
2344: 3479
3792: 1017,1983
2346: 4218,332,2496
2347: 927,108,2287,1770
4679: 4446,315,2714,1570
3931: 2097,1933,2342
2350: 2599,1503
2351: 4790,357,1099,3261
2352: 4014,1628,3148
4418: 
2354: 4807,4781
2355: 714,1101
2356: 
2357: 4261
4282: 1445,21,3500,3073
3922: 3785,3677,1091
2360: 4059,2450
2361: 2196,2524,2920
2362: 3919,1562,3583,3645
2363: 2057
4105: 2524
2365: 3506,1573,2954,2495,3885
2366: 2091
4505: 3706,3556
2368: 3916,4764
2369: 1751,3182,1862
2370: 
2371: 4618,4122
2372: 2024,1104,3335,2199,66
2373: 3355,1092,229,4499
4317: 
2375: 3084
3977: 593,4767,4451,221
2377: 4033,396,3084
4667: 
2379: 1362,331
4761: 952
2381: 
2382: 
2383: 1065,1196,1801,4799
2384: 3368,2105
2385: 3957,4714,202
2386: 1387,3944,4620
2387: 1883,4091,3092,3276
2388: 
2389: 1421
2390: 4566
2391: 3496,1034,3962,4149,3964,1742
2392: 157,1517,3860,3225,4078
4492: 131,4767,3709
2394: 3730,1352
2395: 3428,3387,587
2396: 
4106: 3774,1545
4764: 547,2368,3916,3565,1201,4506,4766,1428,4503
2399: 3618,4703
4373: 4539,3868
2401: 3875
2402: 2580
2403: 3839,4640
2404: 378,3980
2405: 902,1745
2406: 847
2407: 
4579: 350,1367,4794,3000
2409: 
4238: 3338,3195
4467: 1883,4091,4791
3956: 4417,1846,4786
2413: 2575
4135: 3523,2928
2415: 2532,473
2416: 3267,4138,461,4573
2417: 1952,8,4298
2418: 1820,2996,3509
4040: 1483
2420: 2568,2540,2051,1419,255
4662: 1582,2044,1602
3961: 2214
2423: 
2424: 3533
2425: 
2426: 640,2241,1982,4183,2070
4643: 2277,3629,3024,947,664
2428: 4133,381
2429: 2010,4806,4557,1770
2430: 336,2027,3363
4758: 202
4007: 3730
2433: 1933,4169
4072: 3006,2544,1714,1399,3388
2435: 1110,1792,328
4770: 3463,2755,2899,781
3748: 
2438: 158
2439: 334,89,2100,1600
2440: 2546,4799
4230: 1504,3530,2165,455
2442: 1119,742,3756
2443: 3267,3979,198,4712
2444: 1034,4149
2445: 120,4749
2446: 3008
2447: 3539,3481
4298: 52,4656,2417
4229: 3607,917,2538,1782,1867
2450: 2360
4225: 4000,1342,1964,3014,3626,3664
4224: 2673,260,4785
4250: 4059,3254,1359,793
2454: 4441
4520: 2488,1460,3767,3736
2456: 2655,588,2230,2647,2698
2457: 
4184: 4286
2459: 161,521,4685,1243,134
2460: 1705,4214,3815
4587: 3537,2878
2462: 1729,2008
2463: 
4079: 4447,1165
3868: 2023,4539,4373
2466: 
2467: 
2468: 4730
2469: 
2470: 2075,1265,1740
2471: 2856,4071,3228
2472: 1100,721
4260: 1278,2587
2474: 1620,2989,4064
2475: 
2476: 4566,3999,1676
2477: 2753,1492,3958,2775,586
2478: 3722,3793,2526,2021
2479: 497,1690,4575,4823
4369: 4636,292,1622
2481: 3252,1715,2280,4725
2482: 60
3906: 437,195
2484: 
2485: 851,2268,1017
2486: 4385,4792
2487: 1671,703
2488: 4520,3761,1245
3897: 4115,3431
4363: 4790,1341,2246
2491: 
4709: 4010,3372
2493: 177,4261,3788,3190,812
2494: 4732
2495: 2205,4147,2954,2365,3885,3069
2496: 165,4218,2346
4810: 1398,4309,597,1025,2037
2498: 3302,1911
2499: 1,4532,1401,3597,4804
2500: 1308,1887
2501: 1649,1657
3944: 2386
2503: 1744
4787: 3821,750,1463,784,914,1633,715,1436,1380,2101,3870
2505: 
2506: 1478,226
2507: 
3947: 
2509: 
2510: 3484,904,4003,134
2511: 4291,3988
2512: 1558,1165
2513: 
4096: 3173,3649
2515: 4286
2516: 533
2517: 776,4026,1480
2518: 1744,2172
2519: 2687
2520: 3680,141,3671
3846: 4553,2947
3990: 
2523: 1397,2839
2524: 2196,2361,3028,4105
2525: 3823,4018
2526: 2021,173,3722,2478,3844
2527: 449
4147: 3768,2205,2495,1384,3885,3069
2529: 4180
2530: 3453,1935,151,3986,3464
2531: 1823,1430,3639,2929
2532: 2415,1070,1958
2533: 1390,4593
2534: 3847,822,2966
4065: 3940,4046
2536: 309
2537: 3592,3825
2538: 4229,1782,1867,2648,4226,2293
4568: 674,487
2540: 2420,2568,1955,4329,4710,1419
2541: 3772,4022,2134,4035
2542: 30,2091,890
2543: 77,4497
2544: 3006,4072,1714
4513: 2742
2546: 2440
2547: 4701,2726
2548: 4163
4703: 1003,4496,2399
2550: 112
4474: 3952
2552: 4509,4644,860
2553: 3659
2554: 361
2555: 4480,4749
2556: 
2557: 2143
2558: 4341,4535
2559: 2288,1310
3913: 1565
3908: 4214,2284,2858,840
2562: 3881,2062,57
3762: 4172
2564: 3656
2565: 3960
2566: 1162,3989,2987
2567: 1282
2568: 2420,271,2540,1955,2051,246
4422: 433,2075,2182
2570: 2664,1123,4162,1606
2571: 1846,2178,4417
4291: 2511,2849
2573: 2588,371,4808
3938: 2669,22,600
2575: 2413
2576: 2153,4693,2078
2577: 2601,4720,2742,3160
2578: 953
2579: 
2580: 3511,2402,4025
2581: 1090,4076,1327,936
3881: 2062,2562,4536,2080
3994: 145,3862,178
2584: 
2585: 30
2586: 2049,3208
2587: 1278,4260,1920,3618
2588: 2573
3912: 267
2590: 3032
2591: 
4362: 531,3353
2593: 
4469: 1767,4030
4481: 2215,3419,4765
4253: 4020,2604,2792,4397
2597: 4384,974
2598: 1618,646
2599: 2350
2600: 3705,1842,1044,683
2601: 2577,439
2602: 2839
2603: 799,978,4776
2604: 978,4253,2176,2792
4454: 1896
4146: 322,1736
2607: 2160,2135,1168,2642
2608: 2210,3604,3640,727
2609: 3064,3790,1390
2610: 2879,2997
4052: 
2612: 2090,3763,507
4019: 3954,3826,328,2829
2614: 4805,3359
2615: 576,2266,155,4381
2616: 1266,13,2809,1377
2617: 
2618: 
2619: 
2620: 3561,1115
4496: 3522,616,4703,1003,734,3557
2622: 3627,1368
2623: 1761,362
2624: 
2625: 3437,2667,4267,2040
2626: 499,4799
4244: 4742,1680,113,4675
2628: 538
2629: 3760,4190
2630: 2343,397,445,2971
2631: 3965
2632: 1723
2633: 31,1111,3812
2634: 3970,3448
2635: 182,3801,647
2636: 1747,4051,654
2637: 821,3927
2638: 2338
2639: 3608,4790,3365
2640: 3240,696,4127
2641: 1358
2642: 1168,2607
2643: 2773,777,1504
2644: 425,2026,4689,4673,4127
3783: 1371
2646: 1982,2098,4733,933,1864
2647: 432,3807,2698,2456
2648: 3036,930,2538,1867
2649: 4334,494,653
4450: 4207,292,2857,3715,1622
2651: 
4536: 678,2080,593,1289,3881
2653: 2008
2654: 1436,3051
2655: 588,2456,1343,478
2656: 343,3718,532
4097: 3179
2658: 3077,627,3890,385
2659: 3164,436,4641,332
2660: 1029,1040,3934,4778,1019
2661: 1587,3429
2662: 1729,3835
2663: 815
2664: 2570,1123,1870,1878,1606
2665: 4088,1512,1471,3171,11
2666: 
2667: 2625,4267
2668: 
2669: 1499,3938
4360: 3358,1095
2671: 3001,4631,2987,1162
2672: 726,338,40,4623,1732
2673: 260,4224,2015,996,4785
2674: 
2675: 3679
3770: 2331
2677: 3348,205,4772
4425: 
2679: 
2680: 3443,987
2681: 2018
2682: 4392,3317,4745,841
2683: 2176,2792,3732,1540
2684: 1182,648
3885: 3069,2495,4147,2365,1573
2686: 1996,1224,3089
2687: 2519,773
4329: 1114,3436,2540,4710,1940
2689: 1779
4486: 4351,2769,2048,4728,190,4809
2691: 3560,2771
2692: 1768
2693: 3239,2332,509,2111
4672: 
2695: 1429,1225,697
2696: 3610,3955
3795: 3154,4193,2305,2070
2698: 2647,3807,2456,3252
2699: 114
4168: 
2701: 922,1980
4059: 2360,4250
4670: 3899,1745,1616
2704: 463,3891,473
2705: 
2706: 
2707: 1332,1958,3903,1070
4776: 592,3672,2603,978
2709: 261,1147
2710: 4555,1007,4307
2711: 833
2712: 1079
2713: 
2714: 4679,315,1570,367,4530
4152: 1615
2716: 3404,4194,4445
2717: 1893,4577
3926: 3718
2719: 3580,708,4613
2720: 168,275,599,1326,3935
4365: 
2722: 1243,791
2723: 207
2724: 812,2311,4497
4627: 511,942,1016,3470
2726: 4498,3016,2547,4518
2727: 879,4236
2728: 4808,1555,722
4421: 1888,540,3816
4252: 3534,506,712,4625
3778: 1421,2058
2732: 1961,4631
2733: 
2734: 1261,3550,4215,4789
3765: 
3968: 4698,311,4820,4107,2200
2737: 1589
4348: 2106,41,1801
2739: 
2740: 4688
4098: 1452,249
2742: 4513,2577,162
2743: 1111,820,2204,2835,3115,3575
2744: 3
4678: 1715,1528,3074,3858
2746: 4259,199,3670
2747: 
2748: 3017
2749: 4455,692,1116,3200,1275
2750: 620,1405
2751: 944,2756
2752: 1643,2104,4276
2753: 2477,1492,3910,586
2754: 437,280,4795,1992
2755: 2899,781,4770
2756: 3862,2751
2757: 1910,3244,443,3276,4353
4800: 1138,4145,3791
2759: 2147,4613
4213: 2764,2209,1226
2761: 775,3775,451
4191: 
2763: 
2764: 1092,2209,4158,4213
2765: 566
4167: 56
2767: 3581,237
2768: 2233
2769: 4351,4486,190,4809
2770: 746
2771: 769,460,2691
2772: 1500,179
2773: 1596,2643
2774: 2874
2775: 3958,569,2477
2776: 3027,4814,4095
2777: 861
4227: 2219,3593
2779: 
4367: 72,4235,586
2781: 3422,3281,1582,4355
2782: 
2783: 4786,3439,3856
2784: 3491
2785: 1093,4160,1008,1033
2786: 4478
4214: 3908,2858,2460,278
2788: 4372,3869,1071,3323
4201: 4597,2152,3245
2790: 3989
2791: 
2792: 2176,2683,4397,2604,4253
2793: 683,230,3802,3705,1241
2794: 4193,2959,3886,1688,2818
2795: 3176,3069,1146
3816: 1888,4421,1748,170
2797: 
4549: 4025,1010,3915
2799: 1772
2800: 624,795,2331
2801: 
2802: 3090,4564
2803: 8,41
4215: 1372,107,1261,2734
2805: 3735
4009: 
4029: 1402,4371
4312: 1310,2042,1305
2809: 1266,2616,2083
2810: 
2811: 
2812: 1435,2905,2047
2813: 4785
2814: 1556,757
2815: 4794,3552,4812
3952: 4474
4573: 702,4138,2416,461
2818: 3290,2872,3886,2794,1520
2819: 153,1395,1884
2820: 864,4821,968
2821: 
2822: 1600,4641
2823: 1369,2047,2325,561,2905
2824: 
4171: 
2826: 283,4005
4690: 721,1589
2828: 
2829: 3345,4019
4122: 1241,230,2371,1004
2831: 1698
2832: 
2833: 591,1011,1386
2834: 3580
2835: 2900,2204,241,1111,2743
2836: 3898,2037,4306
2837: 2196,2174
2838: 
2839: 4131,3426,2523,2602
2840: 1561,1444
2841: 1002,1153,976
2842: 394,3705,4658
2843: 2977
2844: 1514
3877: 2208,1114
2846: 
4446: 4679,4217,77
2848: 
2849: 4328,3494,4291
4032: 4822,255,1375,333,1794
2851: 4308,639,4443,891,1510,1904
4738: 3515
3876: 4780
4633: 1762,2928,3571
2855: 1718,1335
2856: 2471,4071,4588,3228
2857: 3715,4450
2858: 4214,3908,2284,3987,278
2859: 1279,4797
4452: 
2861: 2045
2862: 3162,462,3638
4094: 122,905,3910
2864: 4551,4444,4636
4195: 151,3986,1197,2185
2866: 823,4155,352
2867: 
2868: 3329,1466,4592,3890
2869: 
4118: 429,1838
2871: 1413,1174,1606,4447
2872: 3290,2958,1539,2818,1520,717
2873: 3262,396
2874: 589,595,2774,4780
2875: 4099,4795,3037
2876: 38,3893,3418
4807: 2354,3162,462,1900,4781,3235,448
2878: 3537,4587,1037
2879: 2610
2880: 1734
2881: 1332,4220,3167,268,873,3903
2882: 1178,1542
2883: 
2884: 1458,95
2885: 458
2886: 4456,3318,3957
4792: 2486,4385,3302,2243,371,3279
2888: 2224,53,3975
4668: 4391,3844,3534
2890: 1913
4366: 
2892: 4768,1829
2893: 4463,1313
2894: 3119
2895: 131,678,1289
4221: 399,4100
2897: 1895,326
4491: 3820,2977,273
2899: 2755,781,4770
2900: 2835,1252,241
3837: 
2902: 125
2903: 4650,1627,3066
4300: 3466,1912,686
2905: 561,1965,2823,2047,2812
2906: 83
2907: 1833,4180
2908: 3806,673,4071
2909: 1458,95
4393: 2979,3002
4217: 1495,4446
2912: 779,4478
2913: 516
2914: 
2915: 354,2930
4737: 
2917: 3626,1342
2918: 4811,2102
2919: 4509,744
2920: 2361
4397: 2792,4253
2922: 1370
2923: 1806
4131: 2839,3426,2102,3451
2925: 
2926: 1069,1022,3873,459,732
2927: 
2928: 1762,4633,4135,747
2929: 2531,4249
2930: 948,1263,2915
2931: 1740,2056,1288,1279
2932: 288
2933: 743,4295,4506,754,4812
2934: 1307,4752,1616,263,3108
2935: 368,790,841,4803
4114: 3257
2937: 
2938: 3181
2939: 3823,644,2942
2940: 1357,3555
3955: 2696,530
2942: 3304,2939
4235: 586,4367,72
2944: 1815,3606,1628,3148,3434
2945: 
4809: 4486,2769,4728,190,1176,247,4542,1412,1569,3112
2947: 3980,4798,3846
2948: 1891
2949: 3168
2950: 1529,2308,3686
4576: 14
2952: 4086,247
4726: 419,3603
2954: 2495,2365,3506
2955: 3395,461,3674,304
2956: 1642,902,3171,1054,4088
2957: 849,1348
2958: 3290,2872,717
2959: 2794,4193,1520
2960: 
2961: 4064,4611,1127
4547: 4259
2963: 1532,1494,3299
2964: 
2965: 817,243,993,1719
2966: 822,2534
4713: 4077,3584,4527
4068: 767,1971,2312
4130: 
2970: 3809,2261,4729
2971: 2630,2343
2972: 
4113: 1273,3588,2
4571: 
4013: 3710,1898,2264
2976: 4788,2107
2977: 2843,273,4491
4707: 896,4812
2979: 3796,3002,4393
2980: 
2981: 532,487
4370: 4453
2983: 3847
4586: 2127,4285
2985: 953,3665
2986: 3801,1141,4468,1037
2987: 99,2566,1162,2671
2988: 
2989: 2474,1315,3510
2990: 4226,930,108
2991: 1094
2992: 3440
2993: 1133,3724,257
2994: 
3798: 3907,1578,2184
2996: 903,2268,2418
2997: 2610
2998: 1159
2999: 1417,3601,3662,816
3000: 3056,4579,698
3001: 2671,808,99,466
3002: 3796,2979,4393
4141: 1141,3658
3004: 
3005: 4100,3199,4691
3006: 4072,2544,1714
3007: 
3008: 2446
3009: 212,265,598,4784
4796: 3239,1824,1652,3519,4089
3011: 1161,3102,1998,580
3012: 4316,3453,2164,3464,3144
3013: 4320
3014: 3626,4225,3664,1727
3015: 339,569,4701
3016: 2726,4498,4518,3136
3017: 3896,2748
3018: 
3019: 3560,1424
3020: 1849
3021: 
3022: 
3023: 
3024: 360,2125,947,4643,664
4192: 815
3026: 1482,1258
3027: 2776,4814
3028: 2291,2524
3029: 1601,4564
3030: 362,3215
3031: 3652,3555,1403
3032: 4818,2590
3033: 
3034: 
4396: 2343,707
3036: 2648,1867
3037: 1513,2875,237
3038: 3545,4073,1149,693
3940: 1556,4046,4065
3040: 3099,3137
3763: 2612
3042: 1181,4801,1381
3043: 1868,4292
3044: 4540,1532,217,3287,1647
3875: 3204,2401
3915: 4549,3867,1462
3047: 3124,3173
3048: 3471
4589: 726,1732
3050: 4339,3471,931,3331
3051: 3663,2239,2654
3052: 
4715: 
3054: 221,2115
3055: 1190,517
3056: 3000,3491,698,2278
3057: 1667,3340
3058: 
3059: 4606,4788,24,4529
3060: 
3061: 1215,616
3984: 1122,3924,228
3063: 
3064: 4727,2609,3790,1468
3065: 1463,4498
3066: 223,121,3386,2250,2903,1627
4687: 
3068: 389,1802
3069: 3885,2495,4147,2795
4236: 657,2727
3071: 408,239,2339
3072: 3447,1230
3073: 2171,4111,3500,4282
3074: 4678,1528
3075: 3330
3076: 4779,1756
3077: 2658,627
3078: 225,3326,1232
3079: 4617,4768,318,1650
3080: 
3081: 3709,4524,4517,529
4468: 3658,2986,1985
3083: 181,1984
3084: 2375,396,2377
3085: 3843,2138
3086: 4512
3087: 
4739: 421,1019
3089: 2242,1224,2686
3090: 2802
3091: 3402,2286
3092: 4095,2387,4091
4493: 1156,985
3094: 
4790: 4363,3365,1341,2246,2351,2639,3261,1265
4075: 
3097: 4580,1970,417,832,1750,4822
3098: 4318,1410,3245,4597,4797,1279
3099: 772,490,3040
3100: 3965,3286,2148
4112: 303,1380
3102: 1840,580,2128,3011
3103: 272,609,3992
3104: 1774
3105: 964,3785,26,2137
4092: 
3107: 2043,418,4206
3108: 1904,1510,1307,2934
3109: 4062,1375,229
3996: 1392
3111: 2225,864
3112: 1569,4809,4542,4671,1879
3113: 4565,3460
4509: 2552,2919,744,4212,860
3115: 1724,820,2743
3116: 
4685: 1243,134,3691,521,2459
3118: 885
3119: 2894,1047
3120: 
3121: 1437
3122: 
4719: 2319,3929
3124: 3047
3125: 996
3126: 
3127: 4341
4389: 
3129: 
3130: 
3131: 797
3132: 1491,1787
4642: 
3808: 3611
4165: 4391,3844
3136: 4518,317,72,3016
3137: 3521,3040
3138: 4616,153
3139: 752
3140: 
3141: 
4774: 46
3143: 231,2154,104
3144: 2086,3654,3012
3145: 3970
3146: 1490
3147: 839
3148: 1628,2352,4014,1815,2944
3149: 3426,1920,234
3150: 724,4275
3151: 1953
3152: 3328,4659
3153: 1752,685,579,962
3154: 3795,4540,4193
3155: 949,1043,41
3156: 429
3157: 1352
3158: 305,82,583,1223
3780: 1684,3967,3536
3160: 531,2577,4720
4202: 
3162: 462,2862,1900,4807
4108: 3757,3289
3164: 2659,332,4588,4569
4222: 4440
4700: 1206
3167: 268,2881
3168: 3966,2949
4435: 3378
4247: 
3171: 1471,1054,2665,4088,2956
3172: 1808,1655
3173: 4096,3047
3174: 1466,4592,2017
3175: 1674,3857,3576
3176: 2795
3177: 539,644,3823
3953: 4115,542,1725,2094
3179: 133,4097,1916
4451: 221,3975,4767,3977
3181: 2938
3182: 3415,1751,2369,1862
3183: 1641,1909,3591,4197,2010,1869
3184: 374,1634,1407,431
4176: 233
3186: 170,1127
4276: 4584,2752,2104
4722: 
3189: 
3190: 3788,833,2493,812
3191: 4557,4806,2082
4535: 1542,3343,2558
3193: 794,1698,873,4021
3194: 
3195: 4238,1822,3285,1870
3196: 4428,4093
3197: 4793
3198: 1252,1540,241
3199: 4691,3005,4100
3200: 3734,1275,2749,692,4332
3201: 3512
3202: 3531,1425
3203: 
3204: 3875
3205: 2271
3749: 152,1756
3207: 3209
3208: 1930,4791,2586
3209: 596,3207
4404: 3603,2313,900,2041,1475
3211: 1739,1704
4630: 2078,4795,1303,4099
3213: 196
3214: 4015,534,3587,4762
3215: 362,3030
3216: 4129
4429: 15,875,28
3218: 1226,4051,1546
4010: 4709,2053,702
4641: 2822,2659
3221: 4345
3222: 1554,661
3223: 3776
3224: 
3225: 4078,2392,157
3226: 981
3227: 4584
3228: 4588,1722,2471,2856
3229: 982,4210,1013
4087: 4324,3590
3231: 3526,1952,689
3232: 859,3339,521
4307: 2710,1007
4812: 2933,4295,4185,991,754,3552,1350,4794,2815,896,4707
3235: 1900,4807
3834: 
3929: 1216,4719,1917
4515: 
3239: 2693,1824,4330,4796
3240: 2640,1149,4730
4441: 1299,2454
3242: 1044,1719
4237: 993,817
3244: 2757
3245: 1410,357,3098,4201
3246: 542,2308
3247: 4780
4771: 
3249: 
3250: 1771
3251: 3488,4444,3513,4636
3252: 2481,3807,2698
3855: 1293,3323
3254: 409,1359,4250
3255: 3733,4466,1378
3256: 
3257: 4114
3964: 652,1742,3962,390,2391
3259: 610,1496,2117,1855
3260: 
3261: 1099,2351,4790,1265
3262: 2873,3419
4231: 71,1524
3264: 2314,1916,109
3265: 4413,1518,1146,463
3266: 1219,919,2090
3267: 2443,2416,3979,2004
3268: 1563,739,110
4677: 1416
3270: 
4158: 1226,2764
4267: 2667,2625
3273: 3901,298,801
4623: 40,4465,2672,338,3391
3275: 497,1690
3276: 4353,2757,1910,2387
4777: 443,4817,1066
3278: 1433,4103,3401
3279: 4792,4808,4423
4334: 2649,360
3281: 1602,1185,2781,1582
3282: 2058
3905: 4582
4751: 
3285: 3195,1123,1870
3286: 4610,3100
3287: 1688,1647,4540,3044
3288: 2023
3289: 4108
3290: 2872,2958,2818,3886
3291: 482,412,1873
3292: 901,752
3293: 3448,680
4126: 1366,43
3295: 3505,2087,3329
4143: 
3297: 4734,3358,1886
3298: 4769,3833,3530,3564,455
3299: 4540,2963,1532,1494
4519: 
3301: 1055
3302: 2498,1911,4302,4792
4295: 2933,754,1350,2095,4812
3304: 2942
3305: 573,1151,17,867
3306: 
4220: 526,2881
4129: 1301,346,3216
3309: 2232,1304,1088
3310: 4750,170
4401: 
4673: 4127,4689,425,2644,2161
3313: 
3314: 1175,3609,1647
3315: 2298,2127,1069
3316: 3567,1823,4077
3317: 4392,2682,4745
3318: 4027,2886
3319: 216,2116,1259,4388
3320: 4335,1066,4817,3585
3321: 2027,3363
3322: 16,3814
3323: 1293,3855,2788,4372,813
3324: 3636,1541,922
4084: 
3326: 3078,225,2067
3327: 
3328: 3152
3329: 2868,2087,3295
3330: 3075
3331: 931,3050,600
3332: 64,4346,3359
3916: 2368,4764
3334: 4155,1170,1632
3335: 2024,1104,2372,3734,198,4712
3336: 
4327: 4374,524
3338: 4238,900,3657
3339: 859,3232,590,1783
3340: 4153,4603,3431,3057
4405: 
3342: 957
3343: 4535
3344: 3445,467
3345: 2829,3561
3346: 
3347: 2185,2164,3562
3348: 2677,4772
3349: 1649,1432,2066
3960: 2565
3351: 4047,2230,3559
4074: 372,673
3353: 531,2233,4362,3859
4012: 2036,796
3355: 2373,1346,4499,1738
3356: 
3357: 3836,1619
3358: 3297,1095,4360
3359: 2614,4805,3332,64
3360: 
3361: 774
3362: 1707
3363: 2430,2027,3321
3364: 
3365: 4790,2639,4611
3366: 1598,1206
3367: 4511
3368: 2384,2105,3647
3369: 
3370: 4780,62
4023: 4811,1266,1377
3372: 4038,4709
3373: 1587
3374: 424,4028
3375: 
4249: 3466,2929,1912
3377: 513,4525,1211
3378: 1422,4435,4402
3379: 4416,1739
4575: 3849,4823,2479,1690,2153
3381: 1554,661
3382: 3409,457,116,3524
3383: 
3384: 2300
3385: 
3386: 3066,1627,3924,1122
3387: 587,2395
3388: 1399,4072,3689,2152
3389: 
3390: 4058,623
3391: 2249,2115,53,4623
4261: 177,2493,2311,2357
3826: 3954,4019
3394: 150
3395: 461,2955,3674,3723,4128
4212: 2066,744,4509,860
3397: 1347,1765,1631
3398: 541,4081,1866,4386
3399: 2207
3400: 
3401: 1433,3278
3402: 3091
3403: 830
3404: 2716,1015
3405: 
3406: 
3407: 
4773: 4755,1472,1709,1304
3409: 1905,457,3382,5,551
4689: 693,2026,4673,4127,2644
3411: 4820,48,1643
3412: 4416,4139,49
3890: 2658,2868,728,385
3414: 575,15,513
3415: 3182,4595
3416: 1095,2052
4302: 3302
3418: 1667,2876,3605
3419: 4481,839,3262
3420: 3649,4551
3421: 4427,4361
3422: 2781,4355,4314
3423: 4166
3424: 4769,298
4750: 3310,3645
3426: 2839,4131,3149,234
3427: 
3428: 782,2395,193
3429: 2661
4417: 3956,2571,2178
3431: 4153,4603,3340,3897
3432: 1968,4756,4437,1827
3433: 56
3434: 3606,2944
3435: 601,1143
3436: 4329,1940
3437: 128,2625,2040
4335: 3320
3439: 2783,4786,326
3440: 2992
3441: 
3829: 197
3443: 1813,2680,987
3444: 
3445: 3520,3344
3446: 1956,4333,713
3447: 3072,2179
3448: 3293,2634
3843: 3085
3450: 136,626
3451: 2102,3508,1397,4131
4179: 
3453: 2530,1339,3464,4316,3012
3454: 2197,3711,78,1911
3455: 
3456: 949
3457: 4324
3458: 4775
3459: 
3460: 3563,3113
3461: 2041,1641,1909,1869
3462: 4653
3463: 4770
3464: 2164,3986,3453,2530,3012
3756: 1289,742,2442
3466: 4249,4300,1912
3467: 1697
3468: 658,85
3469: 
3470: 3637,1016,511,4627
3471: 3050,4339,3048
3472: 1255,526,3943,1618,646,4656
3939: 
3474: 
4411: 2323
4617: 1854,460,3079,4768,1650
4060: 2162,4711,1320
3478: 186,1979
3479: 2344
3480: 491,4406
3481: 2447
3482: 4483,694
3483: 446
3484: 344,2510,3659
3485: 1770,1869
3486: 
4069: 611,1654
3488: 3251,3923,1563,3513
3489: 1828
3490: 
3491: 3056,698,2784
3993: 235,1223,305
3493: 1717,152
3494: 3988,2849
4759: 1761
3496: 1034,2391,1742,1113
4216: 
3498: 1129
4240: 
3500: 655,2171,3073,4282
4699: 805,4004,2091
3502: 
4453: 4370
3504: 
3505: 3295
3506: 2365,2954
4823: 3849,4575,549,5,1880,457,2479,1690,3524
3508: 3451,1664,1968,4756,1397
3509: 1589,534,1820,2418
3510: 216,1406,2989,265
3511: 2580
3512: 3201
3513: 3251,3488
3514: 642,401,4189,2065
3515: 4738
3989: 2790,2566
3517: 1394,2179,4341
3518: 1923
3519: 1612,4504,4089,1652,4796
3520: 3445,1634
3521: 3787,3137
3522: 4496,616,1841,734,3935
3523: 857,4135,3571
3524: 116,457,3382,4823
3525: 
3526: 3231,41
3527: 3533
3528: 1264
4031: 
3530: 4230,1651,1504,206,3298,455
3531: 3202,4518
3532: 3983,490,2001
3533: 2424,71,1524,3527
3534: 4252,4668,1515
3535: 
3536: 3967,3780
3537: 2878,4587
3538: 1508,1365,795
3539: 2447
3540: 
3870: 1380,2101,4787
3542: 778,3599,397
3924: 1325,3386,3984,1122
3544: 4539
3545: 3038,3694
3546: 1788,962
3547: 3923,399,1972
3548: 4818
3549: 523
3550: 4239,2734,4789
4620: 2386
3552: 1048,4766,991,4812,2815
3553: 4578,4263,911
3844: 4668,4165,2526,173
3555: 2940,3031
3556: 4505
3557: 808,1795,2142,4496,1003
3558: 1730
3559: 3351,4047,444,909,4789
3560: 2691,1056,3019,1424
3561: 2620,3345
3562: 4182,3347
3563: 3460,1250
3564: 1736,3298,3833
3565: 466,4764,1428,4503
3566: 4799,1065
3567: 3316,4077
3966: 3168
4612: 
4034: 1296
3571: 3523,4633
3572: 1274,485
3573: 
3574: 435
3575: 2204,2743
3576: 3635,4477,3175
4025: 4549,2580
3578: 1435,3764,3642
4727: 3064,1468
3580: 2719,708,1997,2834
3581: 1513,1150,1469,2767,237
3766: 4616,1042,1113
3583: 161,590,2362,1562
3584: 4077,4713,2186,4527,431
3585: 720,1066,3320,4817
4400: 912,4223
3587: 4241,1100,3214,4762
3588: 388,4113
3589: 4634,346,695
3590: 4087
3591: 1086,4197,3183
3592: 746,3825,2537
3593: 4233,4227
3594: 1486
3595: 
3596: 4734,4271
3597: 1431,2499,1,4804
3598: 376
3599: 3542,778
3600: 1655
3601: 2999,1417,4802,3733,4466,4639
3602: 
3603: 4404,2313,4726
3604: 2210,2608,3948,1459
3605: 2263,3418
3606: 1628,3434,2944
3607: 4229,917,2042,787
3608: 2639,1748
3609: 1647,3314
3610: 2696
3611: 950,3808,674
3612: 4381,1532,217,155,406
4541: 
3614: 3678
3615: 1784,2017
3616: 2278,1367
3617: 4288,813,1170,1293
3618: 2399,2587
3619: 
3851: 
3621: 2171,4782,672
4818: 3548,2,1509,3032
3623: 843,1886
3760: 4190,2629
3965: 3100,1363,2631
3626: 1964,3014,2917,4225,1342
3627: 2622,1368
3628: 
3629: 2277,4643,947
4445: 2131,2716
3631: 2122
3632: 1798,272,3992,1682
3633: 3820,273
3634: 520,2289
3635: 3576,1536,1074
3636: 3324,1541,922,931
3637: 3470,1677,1646,263
3638: 2862,1523
3639: 2531,4313,1430,205,4772
3640: 2608,727,3706
3641: 1251
3642: 3578,3764,4798
3643: 1523
4692: 
3645: 791,4750,3919,2362
3930: 4733,4406,4323
3647: 207,3368,2105
3648: 649,664,1588
3649: 453,3420,4096
3650: 2131,3731
3866: 4816,4268
3652: 3031,1403
3653: 
3654: 4316,3144,1303
4173: 4428,2229
3656: 2564,960
3657: 1878,3338,1870
3658: 4468,4141,871
3659: 3484,2553
4193: 2794,2959,1688,3154,3795,2305
3661: 2292
3662: 2999,816
3663: 3051,2239,1297
3664: 4721,1727,3014,4225
3665: 6,3787,2985
4241: 3587,343,4762
3667: 857
3668: 
3669: 1630,4644
3670: 575,1381,2746
3671: 1185,2520,3680
3672: 1008,4776,592
3887: 2177
3674: 3395,2955,304,4343
3675: 1018
3676: 4654,995,1011
3677: 3785,3922,284
3678: 3614
3679: 164,2675
3680: 2520,3671,819
4507: 4489
3682: 4778,685,1522,699,1752
4313: 1430,205,3639
4304: 3957,192,1640
4634: 3589,1301,4708
3686: 2950,2308
3687: 39
3688: 1473
3689: 4279,3388,2152
3896: 1657,3017
3691: 4685,521
3692: 
3693: 4383,334
3694: 1555,4423,4385,3545
3899: 4670,1745,2158,1307
3696: 
4266: 2219
3698: 1407,431
3950: 349,1259,4388,3831,2035
4669: 253
4811: 4023,2918
3702: 1918,695
4321: 4248
4388: 549,3319,3950,1259,3831
3705: 2600,2793,683,2842,1241
3706: 4505,727,446,3640
3707: 
4556: 
3709: 3081,4492
3710: 4013
3711: 2197,3454,78
4440: 4222
4035: 2134,1674,2541
3714: 3959,848,2207,447
3715: 2857,4207,4450
4262: 
4456: 2886,3957,192
3718: 2656,3926,1148
3719: 284
3720: 2296,4294
3721: 467
3722: 57,2478,2526
3723: 4343,3395,2208
3724: 1424,2993
3757: 4108
3726: 758
4062: 1375,3109,333,1827
3728: 1575
4500: 1070
3730: 4007,1352,2394
3731: 3650
3732: 2683
3733: 3255,4466,1378,4802,4410,3601
3734: 3200,198,692,4332,1104,3335
3735: 2805,1389
3736: 3767,4520,1460,819
4653: 3462
3738: 2065
3739: 731,613
3740: 