0: 2242,4796
1: 1133,257
2: 
3: 2667
4821: 1263,3216,4096
5: 4116,212
6: 3689,3150
7: 1025,415,4077,3198
8: 4348,2383
4728: 1510,1646,4308,1677
4688: 866
11: 2665,2768,2151
12: 1677,2129
13: 4398,4032,271
14: 4306
15: 3416,2520
16: 3388,2351,4203
17: 1370,3250,4559
18: 1395,1275,2279,857
19: 2260
20: 2298,3571,4616,3200,1503
21: 3055,3048,615
22: 4339
23: 4816
24: 119,4200,381
4153: 3988,4115
26: 4784,4734,1769,3919,3009
27: 4113,2065
28: 701,1567,1637
29: 
30: 3246,1347,1535
31: 3316,1407,2332,2166
3932: 4057,3869,1632,4372,3323
33: 2211,2311
34: 1165,1496
4478: 4432
36: 2186,4713
4083: 
38: 2288,2082,2559
39: 2632,2269,3561
40: 3715,3873,4536,338
41: 3167,3526
42: 4473,3789
43: 3455,1478
44: 2020
4028: 511,1616,4139,789
46: 
47: 90
48: 978,3386,3664,3014
49: 3024,4399
50: 3047,4213,229,3451
4657: 4087
52: 463,3041
53: 2098,4492,124,2888,2249,3534
4638: 3435,2641,2682
4711: 499
56: 3549,2838,74
57: 4444,3722,3691,1622,4640
58: 102,2961,1441
59: 764,3209,4319
60: 
61: 4167
62: 3809,4704
4645: 388,4796,1273
64: 3927,1895
4324: 575,4801,3416
66: 4272,1327,3357
3923: 1515,1622,4668,224,3691
4318: 2351,3689
3911: 3820,2515
70: 
71: 3533,3820
72: 2352,1384,122,4789,4251
73: 3429
74: 4512,56
75: 2331
76: 772,3137
77: 487,1608,903,1100,4217
78: 2498,3421
79: 2260,3189
80: 3954
81: 4360,712
82: 4593,3132
83: 2205
84: 
85: 4644
86: 2063,3279,3240,1149
87: 674
88: 2651
89: 3204,2272
90: 4070,47
91: 579,4078,901
3925: 
93: 1299,1366,4441
4631: 4628,4503,2368,149
95: 4374
4169: 3770
97: 624,2433,237,1125
4177: 1996,4504,1470
99: 1428,3989,3846,3147
100: 2443,1189,304,4038,3674
101: 2788,4805
102: 551,1783,58,365
4743: 797
104: 571
4155: 2844,2314
4346: 3854,785,3108
107: 1170,2477,4102,4215
108: 1310,1305,3934,2061
109: 4805,3264,4604
110: 4196,2562,2021,4165
111: 2193,3629
112: 146
113: 4362,4244
114: 
115: 
116: 284,3524,4801
4503: 4628,4631,1961,4764,2368
3903: 4413,2239,3606,4014
119: 4200,24,470
120: 
121: 3201
122: 3958,1767,4789,2352,72
4733: 580,166,904
124: 2426,4492,53,2098
125: 
126: 
4198: 2109,190,2769
128: 3542,2625,596
129: 
130: 
131: 3294,4451,1289,2080,221
4275: 2271,1416,1790
133: 2558,2233,2882,2742
134: 4517,2949,1840,4767
4566: 3611,4715
136: 3450,2684
137: 
138: 871,1341,3366,3658
139: 
4640: 3691,4444,57,4369,1622
141: 
4410: 4783,1011
4368: 1080,1780,1616,755
144: 3500,309,3227,4739
145: 2992,2625,1749,3437
146: 112,2791
147: 3631
148: 718,2195
149: 2368,4631,2732,2142
150: 4429,1150,1524
151: 3347,2479,1385,1009,4592
152: 932,776
153: 1878,3496,3878,1475,3338
154: 923,2626,690
155: 3609,1879,2818,4542
4701: 914,402,2547,4498
157: 2392,2642,2660
158: 
159: 1195,4132,514
160: 3261,1714,3245
161: 1373,3251
162: 4805,2844,2637
163: 931
164: 2045
165: 3228,4588,1256
166: 1302,4733,904,3081
167: 1856,332,1118,3372
168: 4599,3446,713,2933,4764
169: 2630,251
170: 1805,540,908
4626: 1687,564,2918,2809,1968,972,2301
172: 3244,1066,1768
173: 2857,461,1955
4745: 3509,1426,841,4802,4803
3992: 4755,2370
176: 1590,2260
177: 507,3266,833,919,2724,3848
178: 
179: 2390
180: 3306,763
181: 4321,3343,3829
182: 2986,303,647,1985
183: 2116,1751,216
4611: 4601,1620,1695,3816,551
185: 1958,1488
186: 355,1816,1784
187: 
188: 2597,4218,3471,3832
189: 494,1148,817
190: 3314,2769,576,4198
4729: 1064,1846
192: 2826,2385,3915
193: 2138
4756: 2809,2210,1432
195: 1181,4575
196: 4004,3686,890
197: 3343
198: 1459,3734,4138,2053,3483
199: 
200: 3844,2168,2478,3267,4450,2857
4772: 872,3321,369,4330
202: 3318,1010
203: 1048,4662,3441,4812
4296: 3724,1708,4214
205: 509,2691,2677,709,4189
206: 1043,3901
207: 3084,2873,3647
208: 
4427: 2588
4099: 4760,2086,3012,1933,2767
211: 
212: 1853,5
4364: 2312
214: 2756,815
4030: 3273,1192
216: 183,1315
217: 1844,4542,2391,2963,4149
4086: 3185,2048,1919,1569,652
3873: 3715,40,2526,4196,2403
3995: 
221: 3071,2080,2327,2062,131
222: 1585
223: 542
224: 3923,4668,506,3268,453
225: 4798,3262,482
226: 3978,1224,4136,2557
4027: 2957,4304,1297,2886
228: 2200,3968,597,4093
229: 1346,3432,50,3047
230: 3183,1086,628,299
231: 
232: 
233: 
234: 3618,4766,2215,3557
235: 366,1419,3436,3781
4781: 3631
237: 3538,1125,1365,1433,97
238: 
239: 1302,4540,491
240: 2835,4107,4768,3698,3466,4717
241: 2633
242: 3731,4785,2813
243: 4237,1044,2543,2125
4742: 1054,2311
4477: 1340,3175,3576,1536
246: 4128,4038,2443,292
247: 1849,1855
248: 
249: 1358
250: 3635,480,625
251: 4758,169,3260
4287: 1652
253: 983
3920: 
255: 1750,3355,271,1649,2209,2051
256: 3558,3824,3955
257: 4804,1,2689,1166
4190: 1855,3760,2570,3211,2952,1123
259: 1911,4683
260: 4017,3597,4741
261: 1306
4780: 3370,545,1846,2970,1526
263: 2140,1646
264: 
265: 1880
266: 3122
267: 1809,4804,2610,4017,3597
268: 3203,2803,2205,1948
269: 
270: 900,1869,766,649
271: 4032,13,1750,255,3355
272: 1270,1798
273: 4065,4059
274: 1144,2757
275: 2488,1201
276: 1715,1436
277: 
278: 1056,541
4288: 3323,352,1372,836
280: 
4246: 2317
282: 725,2872,2266,2794
283: 3193,1234
284: 976,1991,3080,116
4530: 368,683,4015,2965,4639
286: 2884
4309: 2761,2836
288: 1772
4817: 3991,3104
4695: 
4614: 1018,4773,1472
292: 2443,702,246,4128
293: 4401
294: 3910,905,4351,2481
295: 
4058: 552,1229,1151,4819
297: 1072,3875
298: 1202,3530
299: 3036,230,628,1641
4804: 257,1000,1779,1166,3398,1809,267,2610
4769: 1767,2155
4659: 367,1073,2714
303: 4049,1775,3801,647,2986,182
304: 2416,1189,3839,100
305: 1114,3649,1223
306: 
4577: 2256
308: 3591,2010
309: 3500,3399,144,2293,2207,4739
4582: 1696,1232
311: 2355,1025,4077,4173
312: 4732,3184,2494,1634
3986: 4182,4693,2150,4795
314: 
315: 2981,4015
316: 2404
317: 1261,4215,1767,4789
318: 3639,1724,4768,4527
4015: 790,315,2981,4639,4530
320: 4070
321: 539,1765
322: 3167
323: 
324: 4031,1756
4592: 2479,151,3458
326: 1680,2026
4680: 1287,4097,2882
328: 4788
329: 1890
4100: 1284,643,3781
331: 2379,1362
332: 3483,3948,167
333: 2373,1145,4573,4128,1262
334: 4306,3693,2659,4383
335: 
336: 
337: 3572
338: 2749,3715,40
339: 939,569,1793
340: 1842,1112
341: 3126
4786: 2742,2882,2783,439
343: 2737,2418,4568,3587
344: 791,2510,2080,4767,1289
345: 4461,3115,2858,714
346: 3790,2149
4049: 303,3801,2226
4333: 2636,3218,2839,1491,1827
349: 549,2035,3645,497
350: 1498,3056,2428
351: 2302
352: 4288,3323,1592
4203: 16,3388,2264
354: 1944,1405,668,2052
355: 2057,1816,1784,186
356: 4085,753
357: 1714,915,1410,3261
358: 1348,3957,4500
359: 
360: 3024
361: 2363,1971,1308
362: 1392
363: 913,3176
364: 591,601
365: 2961,4700,3608,102,3816
366: 235,583
367: 4659
368: 2371,4530,4802
369: 3321,4772
370: 4085
371: 1555,4792,3454
372: 1893,2717,1337
4070: 320,90
374: 2743,2186
375: 3596,3420
376: 
377: 659
378: 3291,4344,2002,1873,3326
4194: 1470,870
4325: 1923
381: 24
382: 3748
383: 2684,2506
384: 
385: 2134
386: 
4654: 4402,4466
388: 4645,1273
389: 3545,3843,3085
390: 4079,1496,1176,4193
391: 1359,1404,793
4387: 3384
393: 1152
394: 2600,414,1044,4122
4801: 3524,116,4243,844,4259,4324
396: 3368,4371,4814
397: 2306,4549,3511
4110: 993,2088,2493,3171
399: 3009,3547,1373,3919
400: 562,2534
401: 413
402: 4701,4498
403: 4222,2552,2325
404: 2928
405: 4483
406: 1982,3154,3728,933
407: 3320,2805
408: 1436,4406
409: 1754
410: 822,2360
411: 2911,2881,3148,1518
412: 3092
413: 1912,3738,401,1349
414: 534,1044,2600,394
415: 1025,7,1724,4768,4617
416: 1561
417: 775,4138,3640,4010,2955,4822
418: 1979,3615
419: 2277,3591,4197
4085: 356,370
421: 1281,655,3860,1398
4274: 2152,4597
423: 1024,1994,2385,3915
424: 3020,3285
425: 573,3843,1597,4073
3909: 1872,1774
3946: 
428: 874,3553,1980
429: 4285,4616,857,692
3999: 2772
431: 756
432: 2456,478,905,3910
433: 1127,1315,500,1751
3898: 840,4043,3987
435: 3739
436: 4569,1733,924
437: 4382,513,1513,3538
438: 2313,4377,3485
439: 2601,4786
4326: 3633
441: 1415,851,2641
442: 1178,3072,4417
443: 4773,1239,1088,1304,4467
444: 3353,3108,785
445: 
446: 1600,1706,4505,2310
447: 4414,3580,3845
448: 1077,1744
449: 
450: 2404
451: 484,536,4580
452: 
453: 3268,4668,224,1448
454: 1818
455: 1192,3564,2773
456: 1413,1993,4079
457: 1690,3581,1002
458: 2634,799,2802
459: 3793,4159,4633
460: 3196,1705,3079
461: 2857,173,3267,3674
462: 
463: 52,4736,2954
4463: 2893,1313
4054: 3317,4803,3255,1417
466: 3767
467: 
468: 2838,3490
469: 1598,2339,2128
470: 119,4200,4179,4529
3983: 2544,3361,3710
472: 
473: 3506,2415,2881
474: 547,3552,819,3761,4295
4710: 2540,3508,1223,3432
476: 
4748: 1527,3726
478: 4047,2647,586,432,3910
479: 2210,1649,565,1968,2809
480: 3635,250
481: 4754,4543,635
482: 225,3262,3578,3642,2377
483: 3320,3276,3593
484: 451,536,3335,832
485: 
486: 
487: 77,1983,3587
488: 
489: 3404,4440,658,4224
490: 1047,3119,3361,3710
491: 239,4540
4351: 4094,3299,2481,294,1343
493: 3365,3245,4597,1279,2474
494: 189,1148,2357
4495: 2268
4005: 869,1628,3193
497: 792,2035,349
3997: 
499: 2447,3472,2417,4711
500: 1888,1751,3608,433
501: 1875
502: 2940
4196: 110,3873,2021
504: 840,2037,1721,4584
4391: 859,506,593
506: 2442,4391,3268,224
507: 3266,177,1294
3919: 1373,1769,1534,26,3009,399
509: 2430,205,2691
510: 
511: 4028,4627,3637,1927
4344: 3291,378,1873
513: 437,4009,3538,1309
514: 2289,4799,4132,159,1195
515: 
516: 2390
517: 2284,3125,3019
518: 
4539: 1434,1015,2723
520: 923
521: 3232,3199,1441,3105
522: 4813
523: 3145
524: 
525: 3464,3831,3453,3950,4388
526: 2704
4161: 2655,2230,1343,4094
528: 640,3930,1528
529: 1998,3102,4517
530: 4569,3164,2659
531: 3856,738,4443
532: 4568,1608,1100
533: 3953,3293
534: 414,1819,2842
535: 4759,912,3590,3221
536: 451,484,3556
537: 
538: 
539: 1765,321
540: 908,170,4421
541: 4428,2460,973,278
542: 223,2903
543: 2446
4675: 1907,853
545: 3370,4780
546: 
547: 474,2720,3916,4185,4295
4793: 1124
549: 3654,349,3645,2989
550: 1401,1708,2673
551: 102,1783,4750,4611
552: 4058,1229,2644
553: 947,3285,4238
554: 1833,2244,594
4022: 
556: 714,1705,1757,2284
557: 
558: 4491,1211
559: 785,738,3899
4268: 3765
561: 2375,1795
562: 400,2534
563: 
564: 1687,4626,2918
565: 479,1649,4437
566: 3544
567: 1753
4414: 4312,447,2719,4000
569: 939,339,2547
4455: 1116,3793,4465,732
571: 104
572: 3762,820
573: 425,1764,4073,3250,1370
574: 
575: 4324,1150,1440
576: 3314,190,2769,4809
577: 4480,4812,3441,4653
4423: 3026,2644
579: 4686,91,901
580: 4733,678,2615,904,1864,2224
4402: 3802,807,4654
4281: 
583: 2303,1738,366,2864
4093: 1501,3198,228,3968,2204
585: 
586: 4044,478,2647
587: 1820,1983,3792
588: 1084,3351
589: 
590: 1161,710,4003,2075
591: 2849,364,1667
592: 4564,2604
593: 1563,4165,4391
594: 1237,554
595: 
596: 128,3542,4273
597: 228
598: 1091,2639,1127,1880
599: 1546,2839,1326,1827
600: 4339
601: 2833,3494,1667,364
4323: 3612,2872,1175,3795,2646,4002
4652: 
604: 1742
4314: 2620,4480,4812
606: 4520,3061,2099,1003,616
607: 1975,3965
608: 2998
609: 1825,896
610: 3020,664,3769,1849
611: 3177,1033
612: 1997,1964,862
613: 3912,4089,4164,3089
614: 1265,4601
615: 3048,3055,21,2892
616: 1003,606
617: 
4076: 1174,1042,3766,1079
619: 
620: 2484,3124,2930,4096
621: 891,2934,1745
4269: 
623: 736,4362
624: 97,2433,4345
625: 3635,250
626: 2506,1366
627: 
628: 4163,230,3183,299
629: 
630: 
631: 2988
4439: 3511,4565,2894
633: 2277,2649,4726,4557
3962: 4162,2952,1569,3087
635: 1873,2067,4543,481
636: 4470,1298,1971,2662,2584
4540: 239,491
4754: 481
639: 2851,3859,697
640: 528,4381,1583,1575
641: 
642: 4113
643: 4100,1284,3785,4130
644: 2939
645: 4007
646: 2532,3015
647: 4141,303,1775,182,1985
648: 1565,1868,4441
649: 3657,766,1822,900,1869,270
650: 970
651: 1387
652: 1919,4086
653: 947,1871,1606
654: 2523,3935,808
655: 421,1281,2135,3860
4594: 
657: 2097,3931
658: 918,4440,826,489,4224,2908
659: 2020,377
4210: 1126,4095,1668,3735,1088
661: 3498
4712: 1459,727,3948,3109
4775: 3960,1352,1729,2057,1280
664: 610,3374,2270,755
665: 4500,2751,2826
666: 2093,2902
667: 3540
668: 354,701,2052
669: 2876,2917,3897
670: 3653,3232,3105,1534
671: 4251,2280,1384,4125,868
672: 3626,4613
673: 4384,1319,4071
674: 988,87
4385: 3116,4689
4437: 2608,1968,565
4644: 85,4222
678: 580,2070,2206,2615
4580: 4332,4709,451
680: 1347
681: 4367,1194
4107: 3620,2835,240,3466
683: 2371,4530,2965,2437,3242
4320: 
685: 1019,4377,4686
686: 
3975: 2206,2615,2426,3709
4674: 3362
689: 4508,801
690: 2440,1096,154
4676: 1914,2106
692: 4219,429
693: 4127,2640,998,4673,2300
694: 4411
695: 4705,2915,2636
696: 4730
697: 2734,639,3859
698: 2095,4794
699: 3546,1788,4282
700: 
701: 1567,28,2052,668
702: 4822,292,1970
703: 1199
4223: 4491,3906,795
4525: 2153,4693,2086,4795
706: 1339,2479,4195,1935
707: 2971
708: 1867,2559,2288
709: 2677,4189,205
710: 2075,590
4026: 
712: 81
713: 2933,4599,168,4764
714: 1705,556,345,1757
715: 2415,4304,3148
716: 
717: 3667,726,2672,4193
718: 1392,148
4658: 3191,1641,3603,2538
720: 4266
721: 2472
722: 3038,4808
4708: 1301,3670,1172
724: 
725: 282,2872,2646,1688
726: 717,1249,3287
727: 1459,4712,4822,1970,3109
728: 1674,2134
3883: 1095,1301,4593
730: 1494,3074,3299,2481
731: 3548,1478
732: 4465,733,1116,4455
733: 732,2749,2004
734: 4703,2488
4341: 
736: 3956,2577,623,2146
737: 2786
738: 4443,3899,531,559
739: 2568,1515,1622,3436
740: 3965
741: 
742: 2562,4451,3881,1563
743: 1048,4662,3552,819
744: 2066
4272: 1619,66,3357
746: 3040,1341
747: 1067,2599,3667,1249,2958,1762
748: 
749: 
750: 2352,1425,1384,868
751: 2322,4436
752: 2664,1599,4660,2444
753: 356
754: 
755: 789,4368,2270,664
756: 431
757: 2800,4759,2814
758: 2008,2653
759: 3560,4428
4121: 931,911,2100
761: 
762: 1016,1471,4627
763: 3306,2811,180
764: 59,4319
4166: 4564,2903
766: 3657,4280,649,270
767: 4013
768: 3313
769: 2027
4497: 1148,2711
771: 
772: 76,3137
773: 
774: 3119
775: 417,4138,3640,2350,3335,2955
776: 3162,152
777: 4230,3424,4146,2079
778: 
779: 2282
780: 4448,2661
781: 3113,4267,2667
782: 2472
4004: 196,890,990
784: 3663
785: 559,3108,444,4346
786: 3692,1364
787: 2719,917,1342,4000
4724: 1976,1909,3705,4557,4643
789: 755,4028,4139
790: 4015,4802
791: 344,2510,3339,1289,971
792: 497,1862,3464
793: 2184,3687,1359,391
794: 2707,4021,1698
795: 3457,2800,4223
796: 2162
797: 4743
4051: 4129,4705
799: 2634,458
800: 
801: 4508,3456,689
802: 1231,4734
803: 3021,2278
4021: 2707,794,1332
805: 3423,3676,4115,4684
806: 1251,4250
807: 3214,4402
808: 1657,654,1397,3522,3935,3149
4044: 1307,3858,586,1170
4569: 530,436,924,3164
4490: 2296,3447,4146,2079
812: 3390
813: 4607,2614
814: 2784
815: 1173,2756,214
816: 2759,3605
817: 2714,1073,189
4119: 899,1212
819: 3552,3761,474,743
820: 572,2792,4172
821: 2861
822: 410,2966
823: 4372,1191,3332
824: 3397,3060
825: 
826: 4440,2552,918,658
4251: 671,4789,72,4235
3991: 4817
829: 3422,4812,3345
830: 2319
4693: 3986,2150,2078,2086,4525
832: 3556,2053,3335,484
833: 919,3788,177,3848
834: 2653
4785: 4383,4376,2813,1730,242
836: 3334,2866,4288
4705: 1491,695,4051,2915
4449: 3662,3191,1770,1241
839: 1657
840: 504,1721,1941,3898
841: 4690,4745
842: 
843: 1944,1405,2820,1886
844: 3670,4801
4048: 971
4720: 1512,1225,2178
847: 2779
848: 3845,4613
849: 3434
850: 3256
851: 441,1078,4661,2641
852: 4763
853: 952,4675,1294
854: 4397,2925,3984,4253
855: 
856: 893,4319,1881
857: 18,429
858: 1709,3103,1682
859: 2442,4391,3756,3484,4252
860: 4509
861: 4152
862: 1530,612,3897
4149: 2963,1742,217
864: 4551
4071: 1882,673
866: 4688
867: 2161,3085
868: 4125,4367,1384,671,750
869: 1628,4005,2944
870: 1470,4194
871: 138,1341
872: 3321,4772
873: 1698
874: 3553,428
875: 2137,3042,3670,3297
876: 2805,4233,4777
877: 909,3087,2048
878: 3153,3934,4404
879: 2727,4556
880: 
4073: 2319,3250,2922,1597,425,573
4741: 260,4017,2997
4815: 1471,891,1745
4542: 1844,217,3609,155,1879
885: 1182
886: 2964
4512: 74
4271: 4158,4634,3790
889: 2665,2158
890: 2785,196,4004,990,2366
891: 621,1745,4815
892: 2518,4744,3006
893: 856,4319,1453
4078: 1396,91
895: 3743,2315,3027
896: 609,1367,3616
897: 2087,1672
4607: 813,2614,4372,4057
899: 4119
900: 1822,4643,1869,1976,649,270
901: 1522,91,579,1788
902: 3171,4722,2088,3929,3190
903: 1100,3718,77,4217
904: 3081,3882,1864,166,580,4733
905: 4235,432,294,3910
906: 3107,4279,4797
907: 2991,3967,2142,1564,4749
908: 3658,540,3787,170,3592
909: 877
910: 2556
911: 4121,2372,3204
912: 2814,4759,535
913: 363,989
914: 4701,2547,4498,3768
915: 357,4363,1410
916: 1643,1122,4810,1607,1101,2676
917: 3607,3057,787,1342
918: 2552,2325,658,826,2908
919: 833,2656,3788,3266,177
920: 1881,2203,4458,2312
4691: 1448,4636
922: 2135,1517
923: 154,4132,520
924: 436,4569
925: 3643,3076,3075
4706: 
927: 2293,4111,3580,1782
4524: 4587,4112,1598,2635
4794: 1350,2095,698
930: 3479,1305,1995
931: 4121,163
932: 2071,152
933: 406,3154
934: 
4604: 1071,3264,3253,4805,109
936: 3324
937: 1732,2298
938: 4687,1250,3563
939: 569,339,4016,1948
940: 4797
4416: 4238,3760,1475
942: 2270,3374
4095: 4210,1126,2387,4091
944: 1462,4758
945: 2996,1452
4784: 26,1769
947: 653,1606,553
948: 2609,3358,4634
949: 2365
950: 2579
951: 
952: 853,1294,3171
953: 3366
4704: 3809,62,2666,1984
4479: 3152,4241
4717: 4768,240,3698
957: 1154,3207,1580,3205
4103: 3077,2134
959: 2699
960: 
961: 
962: 2512,2117,4447,1165
963: 1819,4679
964: 1172,3297,2609,1301,1095
965: 3832,4218,4384
966: 2240
4683: 4808,259
968: 3420
4399: 3024,49
970: 2407,650
971: 4048,791,2510
972: 2496,1973,1968,2301,4626
973: 4527,3639,541,2460
974: 3836,2072,1499
4789: 317,4102,122,1767,2456,72,4251,4235
976: 1991,3236,284
4806: 3418,1241,2347,2648,2263,2759,4229
978: 48,2250,3014,3672
4319: 856,893,764,59
980: 2240
981: 
982: 1217,1910,4814,1155,3600
983: 253,4738
984: 
985: 4202,3298,1914
986: 2278
987: 2164,3377
988: 4715,674
989: 2108,913,3168
990: 2366,4004,890
991: 4295,2095
4546: 
993: 4110,2493,4261,2357
994: 
995: 2288
996: 2131,4445
997: 3288,4373,4516
998: 693,4673
4752: 2851,4239,3470,4308,2335
1000: 1779,4804,3398
4462: 3589,2915
1002: 3012,457,3581
1003: 616,606,3061
1004: 2263,1867,1241,2648
4154: 1673
1006: 3235,4687
1007: 
1008: 4160,4650,3799
1009: 2198,2680,1385,3347,151
1010: 202
1011: 1417,4392,1105,4410
4185: 3916,4764,2720,547
1013: 2067,3326,3007,3745
1014: 
1015: 1434,4539,3905
1016: 762,1471
1017: 3181
1018: 4614,4773
1019: 685,4686
3976: 4670,4722,3929
1021: 
1022: 2024,1104,2955
4560: 2680,2859
1024: 423,3665,1994
1025: 415,7,4077,4173,311
4603: 3676
1027: 1889
4188: 4596,4505,2100
1029: 2990,3714,3461
1030: 3157,2413
1031: 3228,4588,3604,1836
4610: 
1033: 611
1034: 4135,1993,3822,2599
4003: 2459,590,3310
1036: 
1037: 2028,2076,3051,2295
4310: 
4757: 3360
1040: 1788,4404,3479
1041: 1431,1509,2430
1042: 1174,4076,3875,3139,3964
1043: 206
1044: 414,394,4122,243
4557: 3705,633,4334,4726,4643,4724
1046: 1805,3659,2075
1047: 490,3119
1048: 743,203,4662,3441,4812
4139: 1927,3412,4028,789
1050: 3329
4516: 2324,2054,3288,997
1052: 1182,1269
1053: 2043
1054: 4742,3985
1055: 4380
1056: 278,3815
3874: 4292
1058: 3534,3391,3758
1059: 3854,1904,1307
4504: 2590,4177
1061: 2914
1062: 4321
1063: 3758,1388
1064: 4729
1065: 4649,3564,3203
1066: 3628,4777,172,1768
1067: 3822,747,2599,3667
4543: 3745,635,2067,481
1069: 3315,2127,1200,1539,4623
1070: 
1071: 4604,4805,4230
1072: 1396,297
1073: 4659,2714,817
1074: 1128
1075: 2163
4518: 3537,1943
1077: 448
1078: 851,4661
1079: 3766,1838,1174,4076
1080: 4368,1780,3190
4162: 2952,3962,1569,1123
1082: 1839,1474,1245,4662
3957: 1348,358,1958,1488
1084: 4486,588
1085: 
1086: 230,3183
4395: 4164,4751
1088: 1239,3735,4210,443
4183: 4767,2327,3081,3882,1840
1090: 3139,3964,2819,1619
1091: 2639,598
1092: 3896,4481,3750,1664,4811
1093: 3575
1094: 3462
1095: 3883,964,2609,1301
1096: 690,2440,4145
4698: 1636,3465,1941,2167
1098: 1523
1099: 2931,4201,1591,3182
1100: 903,532,1608,77
1101: 1607,2676,1643,916,4810
1102: 2498
4444: 57,4369,3722,4450,4640
1104: 1022,2024,2350,2955
1105: 1011,3435,4803
4798: 2947,3262,3084,2823,225
1107: 4618,3629
4205: 
1109: 4192
1110: 2435,1238
1111: 1823,2771,3584,4249,2993
1112: 1842,340,1719,4197
1113: 1165,4079,1413
1114: 3649,305,3124
1115: 1363,2631
1116: 4455,732,3755,2004
1117: 3772,1674,3555
1118: 167,2608,2496
1119: 3054,2115,4625
4047: 478,2647
4043: 3987,2858,3898
1122: 4820,1454,4782,916,3411,4810
1123: 3338,4190,2570,4162,2952
1124: 1654,1587,4793
1125: 237,1365,97
1126: 4210,4095,4091,1883
1127: 433,2639,598
1128: 1074
1129: 2948
1130: 
4294: 1651
1132: 
1133: 1,3363,2337
1134: 3011,2878,2895
1135: 
1136: 2266,1532,3314,4678
1137: 2317
1138: 1644
1139: 2841
4747: 2029,2409
1141: 3751
4508: 801,3456,4649,689,2803
1143: 1778
1144: 274,3027
1145: 2373,333,3877,2420
1146: 3136,3821,3531,3586,3176
1147: 4672
1148: 4497,189,494
1149: 3240,86,3279,3038
1150: 1524,575,150,1440
1151: 4673,4058,1858,4819
1152: 3857,393
1153: 4293,1905
1154: 957,2591
1155: 4814,3600,1624,1217,982
1156: 2165,3720
4725: 4671,2213,3252,3728
1158: 
1159: 
1160: 3539
1161: 590,2075,1206,3186
1162: 2566,2375,3536,3780
1163: 
1164: 
1165: 34,1113,4447,962
1166: 2689,257,4804
1167: 2268,4108,4648,1662
1168: 2171,1445,2104,1325
4529: 2550,4200,470
1170: 107,2477,4044
1171: 
1172: 964,3297,4708,1301
1173: 815,1320
1174: 1042,4076,3875,1752,1838,1079
1175: 3795,2794,2872,4323
1176: 3886,4193,1496,390
4219: 692,1679
1178: 442,3072,4417,2558,2233
4628: 4631,4503,2399
4392: 1011,1417,2548
1181: 4243,195
1182: 1269,885,1052
3967: 2991,907,3103
4443: 738,531
1185: 1918,3064,3736,4727
1186: 4696
1187: 
4285: 3571,429,4616,1275,4159
1189: 3839,304,3674,100
1190: 3610,2229,1722
1191: 823,2788,3332,1202
1192: 455,3564,4030
1193: 
1194: 1715,681,3930
1195: 159,1283,514,4799
1196: 3526,4354
1197: 2198,1813,3443
1198: 3807,3559,2734,3858
1199: 703,2487
1200: 1069,2127,4465,2959
1201: 275,4496,1956
1202: 3530,298,1191
1203: 3761
1204: 1579
4510: 3632,1798,2077,1682
1206: 3659,2075,1161
4273: 596,3113
1208: 4502,1776
4465: 732,2959,2127,1200,4455
4239: 3470,4752,3859
1211: 3849,3414,4491,558
1212: 4119,4547
1213: 1951
4046: 2843,3940,1251
1215: 1397,2501,3522,4811
1216: 1711,3763,1771,1917
1217: 1910,4033,982,1155,3600,1270
4808: 4683,2588,722,3038
1219: 3266
1220: 2105,3007
1221: 
4316: 1339,4182,4795
1223: 1346,3432,2540,4710,3649,305
1224: 3978,226,4136
1225: 4720,1512
1226: 1747,2930
4483: 405
4731: 2755
1229: 4058,552
1230: 
1231: 802
1232: 4582
1233: 
1234: 283,4456
1235: 
4730: 3028,696,2174
1237: 594
1238: 1792,1110
1239: 3735,1088,443
1240: 3550,2753,4486,2129
1241: 2648,3662,4449,1004,4806
1242: 4606,2221,2555
1243: 2246,3787,3592,4790
1244: 2772,2913
1245: 3552,3761,1474,1082
1246: 2645
4133: 
4436: 751
1249: 3667,726,747,2958,1762
1250: 3563,938
1251: 806,3940,4046
1252: 3520
3882: 904,3081,1864,4183,4767,2327
1254: 3150
1255: 4348,2704,3041
1256: 3228,165,3955
1257: 1281,2104
1258: 4792,3694
1259: 1406,2035,3319,3510,2056
4290: 
1261: 4215,317,3855
1262: 4398,4128,333
1263: 4821,4158
1264: 1857
1265: 614,3592,4790
1266: 1965,2893
4528: 
4697: 1484
1269: 1182,1052
1270: 1798,2077,272,3774,3600,1217
4182: 3986,1339,4316,4795
4797: 940,3107,906,1903,3478,1979
1273: 4796,4645,388,1612
1274: 3947
1275: 18,2279,4586,4159,4285
4197: 2999,1842,1112,419
4788: 2148,2976,328
1278: 3001,2732,3989
1279: 2474,4597,493
1280: 2705,3960,4775,1784
1281: 421,655,1257
1282: 2909
1283: 1195
1284: 4100,643,3513,3785
1285: 3828
4660: 2444,752,1413,3138
1287: 4680,4417
1288: 4790
1289: 3294,131,3339,4451,2080,344,791
4378: 
4145: 3634,2159,1096
4330: 1431,4772
1293: 1516
1294: 2724,507,952,853
4591: 2241,2672,1647,1844,2391,3886
1296: 
1297: 4027,2886,2295
1298: 636,4470,3002,2584
1299: 93
1300: 2267
1301: 4708,964,1172,1095,3883
1302: 239,1998,166
1303: 1690,4823
1304: 4773,443,4467
1305: 108,3934,930,2061
1306: 261
1307: 3858,4044,3854,1059,3559
1308: 3322,2363,361
1309: 1992,513,3538,1365
1310: 108,2160,2061
1311: 3494,1422
4347: 3222
1313: 2047,2089,2893,4463,1863
4055: 2158,4244
1315: 433,216,3409
1316: 2213,1528,4381,3252
1317: 4579
4506: 4496
1319: 4218,4384,673
1320: 4298,2831,1173
1321: 3797,3868,2324,3078
4581: 2025
4532: 4386
4186: 3798,3394,4454
1325: 2701,2104,1168
1326: 1827,3426,599
1327: 2819,3292,66
4763: 852,1761,2509
1329: 1638
1330: 2425,1826
1331: 4418
1332: 3265,2795,4021
4596: 4188
4522: 2880,2409,3970
1335: 
1336: 2829,2435
1337: 372,2717
1338: 2792
1339: 706,1935,4182,4316
1340: 3175,4477,4035
1341: 746,138,871,2578
1342: 1964,3340,3607,917,787
1343: 4094,4351,4161
1344: 3598
1345: 1387,2438
1346: 1223,3432,229,3047
1347: 3246,30,680
1348: 1815,3957,358,2957
1349: 2567,3402,413,3738
1350: 4794,2095,2815
3970: 2029,1535,2880,4522
1352: 3960,4775,1729,3688
1353: 3076
4601: 4611,1620,614
1355: 
4311: 1997,2950,3423,3340
1357: 4035
1358: 249
1359: 1404,391,793
4332: 2136,4580,4709
1361: 1621
1362: 331
1363: 1115,2829
1364: 3692,786
1365: 237,1125,1992,1309
1366: 626,93
1367: 3103,3616,896
1368: 
1369: 2384,2723
1370: 2612,17,573,1764
1371: 
1372: 3359,1632,4288,3323
1373: 3919,161,1534,399
1374: 3029,4069
1375: 2051,4023
4053: 2885,3823
1377: 4765
1378: 1778
1379: 2885
1380: 4147,3202
1381: 1944
4207: 4329,3877
4278: 4435
1384: 2352,72,671,750,868
1385: 3453,3950,2859,2680,1009,3347,151
1386: 3802,4618,3183
1387: 1345,3847,3748,651
1388: 1063,4536
1389: 4335
1390: 
1391: 4393,4379,2979
1392: 3590,362,718
1393: 4655,2199
1394: 1916
1395: 18,2279,4135
1396: 1072,4078,1752
1397: 1215,2501,3522,808
1398: 3227,421,1445
1399: 3006,2001,1898,4206,2500
1400: 
1401: 3724,1708,550,2027,1424
1402: 3632,2671,2077
1403: 3077
1404: 1359,391
1405: 354,1944,843,1886,2052
1406: 1259,2035,3319,3645,3409
1407: 31,3316,3698
1408: 
1409: 
1410: 3261,357,1714,915
4382: 437,1933,1513,4575
1412: 1558,4809
1413: 456,3138,1113,4660,2444
4671: 4725,2213
1415: 441,4690,3509
1416: 4275,1790
1417: 1011,4392,4803,3255,4054
4115: 4153,4684,805
1419: 235,2750,3436,3781
1420: 1773
1421: 4507
1422: 1311
4308: 2851,4752,1677,4728
1424: 1401,2027,4081
1425: 2352,4469,750
1426: 4745,4802,4803
4208: 2336,4820,4810
1428: 99,3147,2905
1429: 2178,3525,1512,4057,3869
1430: 4397,4253
1431: 1041,4330
1432: 3896,3349,2210,4756,4481
1433: 2754,3538,237
1434: 1015,2723,4539
1435: 4814
1436: 408,276
1437: 2897,1984
1438: 
1439: 
1440: 575,1150
1441: 58,3199,521
3900: 3633
4791: 
1444: 
1445: 2104,1398,1168
4648: 3181,1662,4108,1167
4383: 4785,334,3693
1448: 4691,453
4372: 823,4607,3932,4057,1632
4089: 3032,613
1451: 2992,2625
1452: 945
1453: 893
1454: 4820,1122,4782,3411
1455: 1856,2608
1456: 
4553: 3578,3642
1458: 1615
1459: 3734,727,4712,198,4822,3948
1460: 3680,1582,2107,3826,1839
4064: 2031,2474
1462: 3336,944
1463: 4406,1943
1464: 3725
4172: 1540,820
1466: 3174
1467: 1477,2425
1468: 1524
1469: 3645,3409,2989,1880
1470: 870,4194,4177
1471: 4815,1016,762
1472: 2139,4614
1473: 2084
1474: 1245,1839,1082
1475: 3760,2570,4416,3338,153
4200: 119,24,470,4529
1477: 1467
1478: 4327,731,3455,43
1479: 
1480: 4677,2591
4564: 4166,4776,592
1482: 2573,2901,4302
1483: 
1484: 4697
4511: 3381
1486: 1796,1610
1487: 3906,1992
1488: 185,1958,3957,4500
1489: 3692
1490: 
1491: 4705,3218,4333,2636
1492: 3016,3855,1592,2477
4292: 3874
1494: 730,3299,2481
1495: 4241,4762
1496: 34,1176,390
1497: 
1498: 350
1499: 2072,4578,2372,974
1500: 3130
1501: 3198,4093,2204,4713
1502: 3289,3627,2274
1503: 3200,4616,20
1504: 1746
1505: 
4636: 2225,4691
3902: 2713
1508: 4759,2800
1509: 1041,2111,2693
1510: 4728,1739,3412,1704
4629: 2182,1620,2116,1888
1512: 4720,1225,2178,1429
1513: 3037,1933,4382,437
1514: 
1515: 3923,1622,739,3436
1516: 3334,1293
1517: 2135,922
1518: 3051,411
3954: 80
1520: 4625
1521: 
1522: 901,4282
1523: 1098
1524: 1150,150,1468
3928: 
1526: 4780,3809
1527: 4748
1528: 3930,1316,528,4381
1529: 
1530: 862,3897,4721,3799
1531: 
1532: 2266,1136,4678
1533: 
1534: 3105,1769,670,1373,3919
1535: 30,2029,3970
1536: 3576,3175,4477
1537: 2111,2693
4471: 2321,2226
1539: 2958,4623,4633,3315,1069
1540: 4172,3725
1541: 
1542: 3072
4570: 3678
1544: 
1545: 4764,2720,1915,4716
1546: 599,1841,2523,3426
4428: 541,1829,759,3560
4584: 2761,2836,2037,504
1549: 1702
4163: 2793,628,3036
1551: 3147,4746,3846
4339: 22,600
1553: 
1554: 
1555: 4792,371
1556: 3798
1557: 
1558: 1412,4809,1879
1559: 3433
4424: 3885,3231,2495
1561: 416
1562: 3484,4252,1972,2553
1563: 3881,593,2562,742,4165
1564: 4749,907
1565: 648,1868
3943: 3155,4813,1736
1567: 701,28,2052,1637
1568: 
1569: 4162,3962,3185,4086
1570: 2714,3024
1571: 3541,2025,2840,2244
4377: 438,685,4404
1573: 4787
1574: 2223
1575: 640,1583
4088: 2311,3405
1577: 2642,2135
1578: 3940,3996
1579: 1204
1580: 3207,957,3205
4749: 1564,907,3616
1582: 3680,1460,3641
1583: 4381,2698,640,3154,1575
3988: 4153,2519,2619
1585: 222
1586: 1744,3796
1587: 1654,1124,3029
1588: 1822,4334
1589: 3792,2737,2935,1820
1590: 176
1591: 1099,3182
1592: 3794,352,3800,1595,1492
4353: 3309,1883
4458: 3099,920,2203
1595: 3800,2695,3794,1592
1596: 2296,4146
1597: 3843,2922,4073,425
1598: 469,4112,4524
1599: 752,2664,1884,2712
1600: 446,3556
1601: 3817,2176,3197
1602: 3100,2269,3345
1603: 2901
1604: 2021,3722
4033: 1217,1910
1606: 1871,947,653,4726
1607: 1101,1643,916,2752
1608: 4568,532,1100,77
4432: 4478
1610: 1486,1796,3594
1611: 
1612: 1273,2909
1613: 
1614: 1774
1615: 1458
1616: 4028,4627,4670,4368
1617: 4818
1618: 
1619: 4272,1090
1620: 4611,4601,4629,3816,1888
1621: 2832,1361
1622: 1515,3923,3691,57,4640,739
1623: 
1624: 3172,4814,1155,3600
1625: 
1626: 3599,3783
1627: 
1628: 869,4005,1958
4593: 82,3132,3883
1630: 2552
1631: 
1632: 3932,4057,4372,1372,3323
1633: 2101
1634: 2494,312
1635: 
1636: 4698
1637: 3158,1567,28
1638: 1329,3669
1639: 2985
1640: 
1641: 299,4658
1642: 2405,4109,2237,2934
1643: 916,3411,2752,4810,1607,1101
1644: 1138
1645: 3467
1646: 4728,1677,263
1647: 2241,2672,4591,3795,4002
4527: 973,1724,318
1649: 479,565,2209,255
1650: 2677,1829,1854,3560
1651: 4493,4294
1652: 4287
1653: 2906,3720
1654: 3086,1587,1124
1655: 
4778: 2160,2061,3399
1657: 808,3522,3149,1920,839
1658: 2457,2546
1659: 2907
4782: 3621,2536,3924,3512,4820,1454,1122,3411
4548: 3199
1662: 4648,1167
4376: 4667,2813,4785
1664: 3750,2066,4481,1092
4766: 2790,2587,3618,2399,234
4259: 4243,4801
1667: 3494,601,591
1668: 4210
4820: 1454,1122,4782,4208,4810
1670: 
1671: 
1672: 897
1673: 2610,4154
1674: 728,1117
4732: 3620,312,3184
1676: 2476
1677: 12,2851,4308,4728,1646
1678: 3815,3724
1679: 4655,4219
1680: 2026,326
4014: 3265,2239,3903
1682: 4510,3632,858
1683: 2307,2972,2090
1684: 2812,3536,3780
1685: 3218
4655: 1679,1393,2136
1687: 564,4626,2918
1688: 2646,725
4555: 
1690: 1303,457,4823
4572: 
1692: 2486
1693: 4576,2696,3693
4301: 4411
1695: 1748,4611
1696: 2997,4582
1697: 4335,3544
1698: 873,4192,794
4734: 26,802,3922
3985: 1054,2956
1701: 3444
1702: 3772,1549
1703: 2509,4356,3030
1704: 2629,3412,1510
1705: 714,556,3079,460
1706: 446,4505,2310,2597,3471
1707: 3611
1708: 1401,3724,4296,550
1709: 3103,858
1710: 3306,2747
1711: 3763,1216,4761,4559,1917
4371: 3368,396,4746,4814
1713: 2401,2660
1714: 357,1410,3261,160
1715: 276,1194
1716: 4084
1717: 3058,2030
1718: 2940
1719: 1112
4384: 3706,673,1319,965
1721: 840,504,1941
1722: 3693,1190
1723: 
1724: 4768,415,4527,318
1725: 4699
1726: 
1727: 3607,3057,3676,2950
1728: 
1729: 1352,4775
1730: 4785,3650
1731: 
1732: 937,2208,2298
1733: 2471,2439,436
1734: 
4127: 2640,693,3116
1736: 3943,3155
4109: 1642,2151,2158
1738: 2303,583,3993
1739: 2335,3637,1927,3412,1510
1740: 2470,3831
1741: 3168
1742: 604,2963,4149
4356: 3030,1703
1744: 448,1586
1745: 621,891,4815
1746: 1504,2675
1747: 2484,2930,1226
1748: 1695,3659,4750
1749: 3437,145
1750: 255,271
1751: 500,1888,2116,183,433
1752: 1174,1396
1753: 3939,567
1754: 409,2360
1755: 
1756: 4807,324
1757: 3987,714,556,3610,2229
4736: 3885,463,2532
1759: 
1760: 4403,2169,3913
1761: 2509,4763
1762: 4586,4633,1249,747,2958
1763: 4108,2622
1764: 573,1370
1765: 539,2942,321
4517: 134,1840,529,4767
1767: 4769,122,317,4789
1768: 172,3244,3585,1066
1769: 1534,3919,26,4784
1770: 2538,3191,4449,2347
1771: 3763,1216
1772: 288
1773: 1420,2159
1774: 1614,3909
1775: 1785,303,4141,647
1776: 4502,1208
4466: 2082,3733,3802,4654,2793
1778: 1143,1378
1779: 1000,3393,4804
1780: 3929,4670,1080,4368
3979: 2416,4010,4822
1782: 3845,4111,927
1783: 4337,4485,102,551
1784: 355,1280,186
1785: 1775
1786: 2985,3040
1787: 3624,3702
1788: 1040,901,699
3980: 3745,3007
1790: 4393,1416,4275,2271
4744: 3098,892,3006,2001
1792: 2044,1238
1793: 339
1794: 4032,3395
1795: 4260,561,2215
1796: 1486,1610
1797: 
1798: 1270,2077,272,4510
1799: 4068
4398: 13,1262
1801: 3155
1802: 1960,3116
3978: 1224,226,4136
1804: 
1805: 170,4421,1046,3659
1806: 4819,2922
1807: 
1808: 2315
1809: 267,4804,3398,3597
4649: 1065,4508,3203,2803
1811: 
1812: 1894,2628
1813: 3615,3144,1197
1814: 4737
1815: 1348,3606,2957
1816: 2914,355,186
1817: 4019,3687,4355,2044
1818: 454
1819: 4762,963,534
1820: 587,1983,3587,2737,1589,3792
1821: 
1822: 1588,900,3657,649
1823: 4313,2771,1111,3567
1824: 4796,3239
1825: 4716,3916,4707,609
1826: 1330
1827: 1326,2839,599,4333
1828: 1913
1829: 4428,2460,1854,3560,1650
1830: 2867
1831: 
4819: 1151,4058,1858,1806
1833: 554
4016: 939,2775,4656
4355: 3254,4019,1817
1836: 2616,3097,1031,4074
4473: 3043,42
1838: 1079,1174
1839: 3826,1082,1474,1460,4662
1840: 134,4517,3081,4183,4767
1841: 4131,1546,2523
1842: 340,1112,2277,4197
4559: 4761,17,1711
1844: 217,4542,2391,3609,2241,4591
1845: 3017,2566
1846: 4780,4729
4136: 3978,1224,226
4684: 4115,805
1849: 247,3020,610,3769
3934: 4226,3153,878,108,1305
4206: 3388,1399,2001
3901: 206
1853: 212,4823
1854: 2993,1829,2460,1650
1855: 4190,247,3211
1856: 1455,167,2608
1857: 1264
1858: 1151,3068,4819
1859: 2676
4286: 3871
1861: 3215
1862: 792,3464,2185,4388
1863: 3084,1313,3419
1864: 904,3882,580,2224
3998: 2445
1866: 2673,3404
1867: 708,1004
1868: 1565,648
1869: 1976,900,649,270
1870: 3225,3682
1871: 2649,1606,653
1872: 3909
1873: 635,2067,3326,378,4344
4293: 1153
1875: 501
4199: 
3987: 1757,4043,3898,2229
1878: 153,3496,3878,2871
1879: 155,4809,1558,4542
1880: 265,598,1469
1881: 920,2203,856,2312
1882: 4071
1883: 4091,1126,4353,3309
1884: 2512,2712,1599
4768: 1724,4617,415,2835,240,3639,318,4717
1886: 4551,843,1405
1887: 1901,3322
1888: 500,1751,4629,1620,2116
1889: 1027
1890: 329
1891: 
1892: 4069
1893: 372,2717
1894: 1812,2628
1895: 2571,64
1896: 2843,3527
4057: 3932,3869,1632,4607,4372,1429
1898: 3002,1399,3006,4072,2500
1899: 
1900: 
1901: 1887,2290
4661: 1078,851
1903: 3107,4797
1904: 3794,1059,2477
1905: 3080,2530,1153
3892: 
1907: 4675
4599: 3565,168,3106,713
1909: 1976,4724,3705,2313
1910: 1217,4033,982,3027
1911: 4792,259
1912: 413,3738,3445
1913: 2681,2487,1828
1914: 4676,985,2106
1915: 2368,4764,1545
1916: 1394
1917: 4761,4719,1711,1216
1918: 1185,4184
1919: 3259,4086,652
1920: 3149,1657,2587
1921: 
1922: 2828
1923: 4325
4018: 4816,2810
4306: 14,334,2659
3918: 
1927: 3412,4139,3637,511,1739
1928: 2476
3958: 122,2155,2352,4469
1930: 3407,4482
4081: 2337,2027,1424
4618: 3629,1107,1386
1933: 2767,4099,1513,4382
1934: 
1935: 1339,706
4020: 3672,2683,3984
4328: 2308,3431,3448
3891: 2495,4787
4002: 3290,3795,1647,4323
1940: 3218,2764
1941: 2167,1721,4698,840
1942: 3286
1943: 4518,1463
1944: 354,843,1405,1381
4783: 4410
4406: 1463,408
1947: 
1948: 2775,268,939
1949: 2357,3190,2088
4502: 1208,1776,3829
1951: 1213
1952: 3833
1953: 3151,2739
4822: 702,3979,4010,417,4138,3640,1459,3734,727,1970,3109
1955: 4343,4369,173
1956: 1201
1957: 3623,3111,2820
1958: 185,1488,1628,3957
4767: 4183,2080,2327,3081,3882,134,4517,2949,1840,2362,344
1960: 1802,3384,4342
1961: 3446,4503,4764
1962: 4795,2153
4189: 2677,709,205
1964: 1342,3340,1997,612
1965: 1266,2893
4499: 
4803: 3255,1426,4745,3509,2682,3435,4802,3601,1417,1105,4054
1968: 4437,972,479,4626,2809
4795: 4182,3986,4316,2153,4525,3562,1962
1970: 4822,702,727,3109
1971: 636,361,2662
1972: 1562,2553,3173,3251,3005
1973: 2496,972,3468,3097,2346
1974: 2119,3199
1975: 607,2829
1976: 1869,1909,4724,900,4643
4000: 2719,787,4414
1978: 3961
1979: 3478,4797,418,3615
1980: 3553,428
4116: 5
1982: 406,3154,3728,2698,3252
1983: 1820,587,3587,487
1984: 2666,4704,1437
1985: 4112,647,182
4714: 
1987: 3090
4755: 2370,3992
1989: 
4482: 1930
1991: 976,4823,3080,284
1992: 1309,1365,1487
1993: 456,1034,4118
1994: 423,1024,3521,3137
1995: 930,3479,2990,3461
1996: 4177,3089
1997: 2917,4311,612,1964,3340
1998: 1302,3102,529
4816: 4018,2810,23
3886: 1176,2391,2672,4591
2001: 1399,3006,4744,4206
2002: 3291,378
4480: 577,4812,4314,4653
2004: 3755,2926,733,1116
4263: 3619,2401,3331
2006: 2524
2007: 3151
2008: 758
2009: 3862
2010: 3591,308
2011: 
4226: 2175,3934,2041,3153
4639: 2965,2981,4015,4530
4160: 1008
2015: 4667,2813,3125,3019,4641
2016: 
2017: 
2018: 2638,4448
2019: 4291,3893
2020: 659,44
2021: 1604,4165,4196,110
2022: 2634
2023: 
2024: 1022,1104,3523
2025: 2840,4581,1571
2026: 1680,3068,2923,326
2027: 769,1401,1424,2337,4081
2028: 1037,2076,2226
2029: 2409,3970,1535,4747
2030: 3058,1717
2031: 4064
4625: 4536,2115,1119,1520
4381: 1583,2698,3252,1528,1316,640
4077: 1025,7,3198,311
2035: 1406,1259,3319,3645,497,349
2036: 2154
2037: 3055,2836,4584,504
4164: 4395,3089,613
2039: 2759,3605,4615,4312
2040: 3235
2041: 2287,3603,3779,3485,4226
2042: 2223
2043: 1053,3388
2044: 1792,1817,2632
2045: 164
4102: 107,4789
2047: 2089,1313,3669,2823
2048: 4086,877,3087,3259
2049: 
2050: 
2051: 1375,255,3355,2209,3349
2052: 701,1567,354,1405,668
2053: 3556,832,4138,198,3483
2054: 4516,3467,3288
2055: 
2056: 3510,1259,3319
2057: 355,4775
2058: 2255
2059: 
2060: 
2061: 4778,2160,108,1310,1305
2062: 4589,3977,221
2063: 86,3279
2064: 3226
2065: 4113,27
2066: 3750,1664,744
2067: 635,1873,3326,1013,4543,3745
4279: 906
4716: 3916,1825,1545
2070: 678
2071: 932,3563
2072: 1499,974,3836
2073: 3113
2074: 4236
2075: 3659,1206,1046,710,1161,590
2076: 2028,1037,3051
2077: 1270,1798,2671,3774,4510,3632,1402
2078: 2875,2086,3581,4693,2150
2079: 4146,4490,4230,777
2080: 4767,221,344,131,1289
4656: 2495,4016
2082: 3733,4466,38
2083: 2256,4222
2084: 1473
4779: 2172,3749
2086: 2078,2875,4693,3012,4760,4099,4525
2087: 897
2088: 4110,902,1949,2357,3190
2089: 4550,2047,1313,3669,2893
2090: 3305,2972,1683
2091: 3213,2785
2092: 
2093: 3429,666
2094: 3782,2876
2095: 991,2815,698,4794,1350
3910: 294,432,478,905
2097: 2331,657
2098: 53,2305,4492,124
2099: 606,4520,2636
2100: 2597,4188,4121,4505
2101: 1633,4367
2102: 4131,2523,2501
2103: 4105
2104: 1445,1168,1257,1325
2105: 1220
2106: 4493,1914,4676
2107: 3826,3680,1460,3422,4812
2108: 3663,989,3168
2109: 4198
4721: 4225,1530,3799
2111: 2693,1509,1537
4125: 3074,868,4367,671,2280
4805: 109,162,3264,1071,4604,4230,101
4686: 1019,685,579
2115: 3054,1119,4625
2116: 183,4629,1888,1751
2117: 4447,962
2118: 3518,2554
2119: 2722,1974
4248: 2874
4447: 2117,962,1165
2122: 
4765: 1377
2124: 
2125: 2543,243
4380: 1055
2127: 3315,1069,1200,3793,4465,2959
2128: 3102,2878,2339,469
2129: 4486,12,1240
2130: 2520
2131: 2716,996
2132: 3572
4159: 459,1275,3571,4285
2134: 2658,385,4103,728
2135: 655,1577,1517,922
2136: 3523,4332,4655,4709
2137: 875,3042
2138: 193
2139: 1472
2140: 263
3927: 64
2142: 149,2991,907
2143: 2686
2144: 2699,3146
4264: 
2146: 3956,736
2147: 2223,3057
2148: 4788
2149: 3589,3790,346
2150: 4693,3986,3275,2078
2151: 3856,4109,11
2152: 4274,4597
2153: 3037,4525,4795,1962
2154: 2036
2155: 4769,3958,3069
4091: 1883,1126,4095
4361: 3711
2158: 4055,889,2665,4109
2159: 4145,1773
2160: 4778,2061,1310
2161: 867,3085,3545
2162: 4060,796
2163: 1075
2164: 987,3377,3890
2165: 2906,4493,1156
2166: 31,2332,4313
2167: 2858,1941,4698,3465,4461
2168: 200,4450
2169: 4403,1760,3913
4386: 4283,4532
2171: 3073,1168
2172: 4779
2173: 
2174: 4730,3028
2175: 4226,3779
2176: 3817,1601,3762
2177: 
2178: 3525,1429,4720,1512
2179: 
4802: 3601,790,1426,4745,2371,368,4803
4746: 1551,4371
2182: 4629,4790
4111: 2293,2207,927,1782
2184: 4019,3687,4454,793,3907
2185: 4388,3464,1862
2186: 36,374
2187: 2395,3428
4762: 4217,1495,2981,1819,2842
3981: 
4233: 876,3309
4498: 4787,914,4701,402,3870
2192: 
2193: 111,4122,3648
2194: 
2195: 148
2196: 3369,2361
2197: 
2198: 1009,1197
2199: 1393
2200: 2900,228,3968,2633
2201: 
2202: 3489
2203: 1881,920,3209,4458
2204: 2633,3968,1501,4093
2205: 268,2803,83
2206: 3975,2615,678
2207: 2293,4111,309,4739
2208: 1732
2209: 1649,255,2051,3349
2210: 479,4756,2809,1432
2211: 33
4403: 2169,1760
2213: 1316,3299,4725,4671
2214: 2396
2215: 3557,1795,234
4132: 923,159,514
2217: 3890,3174
4461: 345,3115,3465,2858,2167
2219: 2586
4650: 3799,1008,3386
2221: 4606,1242
3935: 3149,654,3426,808
2223: 2147,2042,1574
2224: 3709,580,2615,1864
2225: 4636
2226: 2028,4471,4049
4017: 260,3597,267,4741
2228: 3514
2229: 3610,1190,1757,3987
2230: 2655,4161,4094
2231: 2668
2232: 4467,3735,4266
2233: 133,2558,1178,2571
2234: 
2235: 
4814: 1155,3368,396,4371,1435,1624,3229,982
2237: 1642,2405,2934
2238: 
2239: 4413,3903,4014,2415,4304
2240: 980,966
2241: 4591,1647,3609,1844,3795
2242: 0,4796
2243: 2524,3439
2244: 554,1571
4379: 1391,4393
2246: 1243,4790
4470: 636,1298,2979
2248: 4040
2249: 3480,3054,2888,53,3534
2250: 978,3386,3672
4038: 3674,2443,100,246
2252: 
4489: 
4613: 672,848
2255: 2058
2256: 4577,2083,2919
3878: 1878,153,3657
4615: 3580,4229,3418,2039,4312
2259: 
2260: 79,19,176
2261: 3121
4345: 624,2433
2263: 1004,2648,4806
2264: 4203
4588: 1031,3228,165
2266: 1136,1532,282
2267: 1300
2268: 1167,4495
2269: 3561,1602,39
2270: 942,755,664,3374
2271: 4275,1790
2272: 89
2273: 
2274: 1502
4128: 4573,246,292,333,1262
2276: 
2277: 419,633,1842,2649
2278: 803,986
2279: 1395,1275,18,2599,4135,4586
2280: 671,4235,4125
4565: 4439,3511
2282: 779
2283: 
2284: 517,556,3610,3125
2285: 
2286: 3445
2287: 2041,2429,3485
2288: 995,38,708,2559
2289: 514,4799,3472,2440
2290: 2517,1901
2291: 4105,2920
2292: 3566,4298,2831
2293: 4111,2207,927,3399,309
2294: 2624
2295: 1297,1037
2296: 4490,1596
4283: 4386,3404,4224
2298: 20,3200,937,1732
3907: 3394,4454,2184
2300: 4673,2640,693,3068,4689
2301: 2616,972,4626,2918,4212
2302: 351,3742
2303: 583,1738,2540,3649
4299: 2423
2305: 3612,2098,3044
2306: 397,4549
2307: 1683
2308: 3431,4328
4138: 775,417,3640,2053,4822,3734,198
2310: 4505,2597,446,1706
2311: 4088,4742,33
2312: 1881,920,4364
2313: 438,3705,1909
2314: 2844,4155,2614
2315: 895,1808
4343: 1955,4369,2568
2317: 4246,1137
4551: 864,1886
2319: 4073,3250,830,4761
4606: 2221,1242
2321: 4471
2322: 751
2323: 2932
2324: 4516,1321,3078
2325: 2552,918,403
2326: 3182,2931,3453
2327: 4183,4767,3882,221,3071
2328: 
4597: 4274,2152,493,1279
4616: 3571,429,4285,20,1503
2331: 2097,75
2332: 31,2465,4249,4313,2166
2333: 2687
3948: 3483,332,1459,4712
2335: 1739,3470,3637,4752
2336: 2607,4208
2337: 4081,2027,3363,1133
2338: 3520
2339: 3537,469,2128
4180: 
3893: 3317,4291,2019
2342: 2754,2868
2343: 
2344: 3546,3461
4760: 4099,2086
2346: 3097,3604,3468,1973
2347: 1770,4806
4679: 4237,963
3931: 2433,657
2350: 4709,3335,1104,2955,775
2351: 4318,16
2352: 1425,72,1384,4469,122,3958,750
4418: 1331
2354: 
2355: 311,3115
2356: 2394
2357: 1949,993,2088,494
4282: 1522,3546,699,2392
3922: 4734,3623
2360: 1754,410
2361: 2196,3369,2486
2362: 4685,2949,4767,2510
2363: 3270,361,1308
4105: 2291,2103
2365: 949,2383
2366: 990,4776,890,2785
4505: 2310,4188,2597,2100,446,1706
2368: 1915,149,4631,4503,4764
2369: 2470
2370: 4755,3992
2371: 368,683,4802
2372: 4578,1499,3204,911
2373: 1145,333,2420
4317: 
2375: 2566,1162,561
3977: 3480,3054,4589,3709,2062
2377: 3578,3642,482,3368
4667: 4376,2813,2015,3125
2379: 331
4761: 4559,1917,2319,1711
2381: 
2382: 3406
2383: 2365,8
2384: 1369
2385: 3521,2826,192,423
2386: 4696
2387: 4095
2388: 
2389: 
2390: 179,516
2391: 1844,217,2963,4591,3886
2392: 157,2642,4282
4492: 2426,124,2888,53,2098
2394: 2356,2575
2395: 2472,2187
2396: 2214
4106: 
4764: 2720,1545,168,1961,3446,4503,713,2933,1915,2368,4185
2399: 3618,4766,4628
4373: 997
2401: 1713,3331,4263,3619
2402: 3336
2403: 2526,3873,2478
2404: 450,316
2405: 1642,3856,2237
2406: 
2407: 970
4579: 3491,1317
2409: 2029,4522,4747
4238: 3285,553,4416
4467: 2232,443,1304
3956: 736,2577,3160,2146
2413: 2575,1030
4135: 3156,1034,2599,1395,2279
2415: 2881,715,473,2239
2416: 304,3979
2417: 499,2447
2418: 343,2737,2935
4040: 2248
2420: 3395,2373,1145
4662: 743,1048,203,1839,1082,4812
3961: 1978
2423: 4299
2424: 3798,3281
2425: 1330,1467
2426: 4492,124,2888,3975
4643: 900,4334,4557,1976,4724
2428: 3056,350
2429: 2287
2430: 509,1041
4758: 251,944,2630
4007: 3835,645
2433: 624,97,4345,3931
4072: 1898,3002,2500
2435: 1110,3561,1336
2436: 3400
2437: 2600,683,3242
2438: 1345
2439: 2822,1733,2471
2440: 690,1096,2289
4230: 3424,777,1071,4805,2079
2442: 859,506,4252,3268,3488
2443: 292,100,4038,246
2444: 4660,752,1413
2445: 3998,4653
2446: 2828,543
2447: 499,2417
4298: 1320,2292
4229: 3580,4615,4806,3418
2450: 
4225: 4721,3664
4224: 2908,489,3404,658,4283
4250: 806
2454: 3043
4520: 606,3061,2099
2456: 432,4789,4235
2457: 1658,2546
4184: 1918,3064,4231
2459: 4003,3011
2460: 541,1829,973,3639,2993,1854
4587: 2895,4524,3825
2462: 3270,3814,2565
2463: 
4079: 390,1113,456
2465: 2332
2466: 3652
2467: 
2468: 3876
2469: 2942
2470: 1740,2369
2471: 1733,3775,2439,2822
2472: 782,2395,721
4260: 1795,2748
2474: 1279,493,4064
2475: 
2476: 1676,1928
2477: 107,1170,1492,1904,4215
2478: 3844,200,2403,4450
2479: 3347,151,4195,4592,706
4369: 4444,4640,4343,1955
2481: 4351,3299,294,730,1494
2482: 
3906: 1487,4223
2484: 620,1747,2930
2485: 
2486: 3302,1692,2361
2487: 2681,1913,1199
2488: 275,734,3106
3897: 2917,669,862,1530
4363: 915
2491: 3143
4709: 2350,3523,4332,2136,4580
2493: 2724,4261,993,4110
2494: 3812,1634,312
2495: 4656,4424,3891
2496: 972,1973,1118,3468
4810: 4208,4820,1122,1643,916,4276,1101,2676
2498: 78,1102
2499: 2689
2500: 1898,1399,4072
2501: 1215,1397,2102
3944: 
2503: 
4787: 4498,3768,3891,3870,1573,3136
2505: 
2506: 383,626
2507: 
3947: 3791,1274
2509: 1761,1703,4763
2510: 344,791,2362,971
2511: 
2512: 1884,962
2513: 
4096: 2930,620,4821
2515: 3911
2516: 4699
2517: 3749,2290
2518: 892
2519: 3988,2619
2520: 2130,15
2521: 3545,3926,3305
3990: 
2523: 654,1841,2102,4131,1546
2524: 2243,2006,3369
2525: 2890
2526: 3715,3873,2403
2527: 
4147: 3531,3586,1380
2529: 4087,4556
2530: 1905
2531: 2929,3316,4300
2532: 646,4736,2954,3015
2533: 3702
2534: 562,400
4065: 273,2814
2536: 4782,3621
2537: 2578
2538: 3603,1770,3779,4658
4568: 1608,532,343,3587
2540: 4710,2303,3649,1223
2541: 
2542: 3953
2543: 2125,4237,243
2544: 3983
4513: 
2546: 1658,2457
2547: 569,3069,914,4701
2548: 4392
4703: 734,2790
2550: 4529,3383
4474: 
2552: 918,2325,1630,826,403
2553: 1562,1972
2554: 2118
2555: 3059,1242
2556: 910
2557: 226,4126
2558: 133,2233,4417,1178
2559: 708,2288,38,3662
3913: 2169,1760
3908: 3560,2677
2562: 742,110,1563,4165
2563: 
2564: 
2565: 2462
2566: 1162,2375,1845,3536
2567: 1349,2980
2568: 739,4343
4422: 3510
2570: 3760,1475,4190,1123,3338
2571: 1895,2233
4291: 2019,3893
2573: 3302,1482
3938: 3050,3619,4578
2575: 2413,2394
2576: 3382,3849,3414
2577: 3956,736,3018,3160
2578: 1341,2537
2579: 950,2656,3788
2580: 3318
2581: 4118
3881: 1563,742,4221,3756
3994: 
2584: 2662,636,1298
2585: 3213
2586: 2219
2587: 2748,1920,4766
2588: 4427,4808
3912: 613,3089
2590: 4504,3321
2591: 4068,1154,1480
4362: 113,623
2593: 
4469: 2352,1425,3069,3958
4481: 3896,1432,1092,1664
4253: 3984,1430,854
2597: 188,2100,4505,2310,1706,3471
2598: 
2599: 1067,3822,747,3156,4135,1034,2279
2600: 394,2437,414
2601: 439,3403
2602: 3451,4062,4213,4023
2603: 2752,4397,2900
2604: 592
4454: 3281,3798,4186,3907,2184
4146: 2643,2079,1596,4490,777
2607: 2336,3636
2608: 4437,1856,1455,1118
2609: 948,964,1095
2610: 1673,4804,267
4052: 
2612: 1370
4019: 2184,3687,1817,3254,4355
2614: 4607,813,2314
2615: 2206,3975,580,678,2224,3709
2616: 2301,1836,4074,4212
2617: 2994
2618: 
2619: 3988,2519
2620: 4314,3000,2631
4496: 4506,1201
2622: 4108,1763,3861
2623: 2977
2624: 2294
2625: 1451,145,128
2626: 154
4244: 113,4055
2628: 1812,1894
2629: 1704,3412
2630: 169,4758
2631: 2620,3000,1115
2632: 2044,39
2633: 2204,241,4397,2200,2900,3968
2634: 458,799,2022
2635: 4524,3825
2636: 4333,1491,695,2099
2637: 2844,162
2638: 2018
2639: 1091,598,1127
2640: 4127,693,2300,4689
2641: 441,851,2682,4638
2642: 2392,157,1577
2643: 4146,3720
2644: 4423,552
2645: 1246
2646: 1688,725,2872,3612,4323
2647: 4047,478,586
2648: 1241,2263,1004,4806
2649: 1871,2277,633
4450: 4444,2168,2478,200,2857
2651: 88
4536: 4625,1388,40
2653: 758,834
2654: 2726,3506
2655: 4161,2230
2656: 919,3788,2579
4097: 4680
2658: 2134
2659: 530,4306,334
2660: 157,1713
2661: 780
2662: 2584,1971,636
2663: 4025
2664: 752,1599,2712
2665: 889,11,2158
2666: 1984,4704
2667: 3,781
2668: 2231
2669: 2856,2761
4360: 4130,81,3420
2671: 2905,4029,3774,1402,2077
2672: 4591,1647,3886,3290,717
2673: 1866,550
2674: 
2675: 1746
2676: 1101,916,4810,1859
2677: 1650,709,3908,4189,205
4425: 3208
2679: 3381
2680: 4560,1385,2859,1009
2681: 2487,1913
2682: 3509,2641,3435,4638,4803
2683: 4020
2684: 3450,383,136
3885: 4736,4424,3231
2686: 2143
2687: 2333
4329: 4207,3877,3993
2689: 1166,2499,257
4486: 1084,2129,1240
2691: 509,205,3348
2692: 2763
2693: 2111,1509,1537
4672: 4143,1147
2695: 3800,1595,3525,3899
2696: 3693,4576,1693
4056: 
2698: 4381,1583,3252,1982,3154
2699: 2144,959
4168: 4770
2701: 1325
4059: 273
4670: 3976,1780,4627,1616
2704: 526,1255,3041
2705: 1280
2706: 
2707: 794,4021
4776: 4564,2366
2709: 3091,3813
2710: 
2711: 3848,4261,4497
2712: 2871,1884,2664,1599
2713: 3902
2714: 1570,817,4659,1073
4152: 2980,861
2716: 2131
2717: 1893,372,1337
3926: 3305,2521
2719: 3605,787,4000,4312,4414
2720: 4764,1545,2933,547,4185
4365: 
2722: 3186,4485,4337,2119
2723: 1369,1434,4539
2724: 1294,2493,177,3848,4261
4627: 511,1616,762,4670
2726: 2654,3065,3506,2881,2911
2727: 2995,879
2728: 3421
4421: 1805,540
4252: 1562,3484,859,2442,3005,3488
4354: 1196
2732: 1278,149
2733: 
2734: 697,3854,3559,1198
2735: 
3968: 2200,228,2633,2204,4093
2737: 343,2418,2935,1820,3587,1589
4348: 8,1255
2739: 1953
2740: 4227
4098: 
2742: 4786,133,2882
2743: 374
2744: 4025,4220
4678: 1136,1532
2746: 3533
2747: 1710
2748: 2587,4260
2749: 733,338
2750: 3513,3436,1419
2751: 665
2752: 2603,1643,1607,2900
2753: 1240,3550
2754: 2342,2868,1433
2755: 4731
2756: 815,214
2757: 274
4280: 766,3682
2759: 2039,816,4806,3418
4213: 50,3451,2602
2761: 2836,4584,4309,2669
4191: 
2763: 2692
2764: 3047,3218,1940
2765: 
4167: 61
2767: 1933,3012,4099
2768: 11
2769: 190,576,4198,3351,4809
2770: 2986
2771: 1823,1111,2993
2772: 1244,3999
2773: 3833,455
2774: 
2775: 1948,4016
2776: 
2777: 
4227: 3628,2740
2779: 847
4367: 4125,868,2101,681
2781: 3100,3641
2782: 
2783: 3160,4786
2784: 814
2785: 890,2091,2366
2786: 737
4214: 4296
2788: 101,3332,1191
4201: 1099
2790: 4766,4703
2791: 3407,146
2792: 1338,820
2793: 4163,3733,4466
2794: 1175,2818,282,2872
2795: 3015,3265,1332
2796: 
2797: 
4549: 397,2306,3511
2799: 
2800: 795,757,1508,4759
2801: 4401
2802: 458
2803: 268,3203,4508,4649,2205
4215: 1261,317,3855,107,2477
2805: 876,3092,407
4009: 513
4029: 3774,3172,2671,2905
4312: 4414,2039,2719,3605,3580,4615
2809: 4626,4756,1968,479,2210
2810: 4018,4816
2811: 763
2812: 3536,1684,2873,3647,3764
2813: 4376,4667,2015,4785,242,4641
2814: 912,757,4065
2815: 2095,1350
3952: 
4573: 4128,333
2818: 3609,155,2794
2819: 1090,3139,3292,1327
2820: 1957,843
2821: 
2822: 2439,3775,2471
2823: 3084,2047,4798
2824: 
4171: 
2826: 192,665,2385
4690: 1415,841
2828: 2446,1922
2829: 1336,1363,1975
4122: 1044,394,2193
2831: 1320,2292
2832: 1621
2833: 601
2834: 3959,3073
2835: 240,4107,4768
2836: 2761,4584,2037,4309
2837: 4342,3439
2838: 468,3490,56,3549
2839: 3218,599,4333,1827
2840: 2025,1571,3541
2841: 1139
2842: 4762,2965,534
2843: 4046,1896,3527,3394
2844: 4155,2637,162,2314
3877: 4207,4329,1145
2846: 3776
4446: 4241
2848: 
2849: 591
4032: 1794,271,13
2851: 4752,639,4308,1677
4738: 983,3515
3876: 2468
4633: 4586,1762,1539,2958,3315,3793,459
2855: 3772,2907
2856: 2669
2857: 173,461,3267,200,4450
2858: 2167,4461,345,4043
2859: 1385,3453,2680,4560
4452: 
2861: 821
2862: 4807
4094: 4351,1343,4161,2230
2864: 3781,583
4195: 2479,706
2866: 3359,3617,836,3334
2867: 1830
2868: 2754,2342,3278,3562
2869: 
4118: 1993,3138,2581
2871: 2712,1878,3496
2872: 725,282,1175,2794,2646,4323
2873: 3017,3419,207,2812,3647
2874: 3370,4248
2875: 2078,2086,3581,3012
2876: 669,2094,2917
4807: 2862,1756
2878: 2128,3102,1134
2879: 
2880: 4522,3970
2881: 2415,3506,473,2726,2911,411
2882: 133,4680,4786,2742
2883: 2945,3246
2884: 4692,286
2885: 1379,4053
2886: 4027,1297
4792: 3752,1555,371,3454,1258,1911
2888: 2426,4492,53,3709,3480,2249
4668: 3923,224,3268,453
2890: 2525
4366: 
2892: 615,4276
2893: 4463,1965,1266,2089,1313
2894: 4439
2895: 4587,1134,3011
4221: 3756,3339,4451,3881
2897: 3083,1437
4491: 4223,558,1211
2899: 2992
2900: 2200,2603,2752,2633
2901: 1603,1482,4302
2902: 666
2903: 542,4166
4300: 2531
2905: 2671,1428,3147,4029
2906: 1653,2165
2907: 2855,1659
2908: 4224,918,658
2909: 1282,1612
4393: 1391,4379,1790
2911: 411,2726,3065,2881
2912: 
2913: 1244,3808
2914: 1816,1061
2915: 4129,3589,4705,695,4462
4737: 4715,1814
2917: 1997,2876,669,3897
2918: 1687,564,4626,2301,4212
2919: 2256
2920: 4216,2291
4397: 1430,854,2603,2633
2922: 1806,1597,4073
2923: 3068,2026
4131: 4023,2102,1841,2523
2925: 3201,3672,3984,854
2926: 2004,3839
2927: 
2928: 404
2929: 2531,3316
2930: 4096,2484,620,1747,1226
2931: 1099,2326,3182
2932: 2323
2933: 713,168,4764,2720
2934: 621,1642,2237
2935: 2737,2418,1589
4114: 3257
2937: 
2938: 3130,3808
2939: 3823,644
2940: 1718,502
3955: 3806,3558,1256,256
2942: 1765,2469
4235: 905,4789,2456,4251,2280
2944: 3193,869
2945: 2883,3246
4809: 3351,2769,576,1412,1558,1879
2947: 4798
2948: 1129
2949: 134,4767,4685,2362
2950: 3423,3676,1727,3607,3340,4311
4576: 1693,2696
2952: 4162,3962,4190,1123
4726: 4334,1606,633,4557
2954: 463,2532
2955: 4010,1022,1104,2350,775,417
2956: 3405,3985,3328
2957: 4027,4304,3606,1815,1348
2958: 1539,1249,747,4633,1762
2959: 4465,2127,1200
2960: 2994
2961: 4700,365,58,3719
4547: 1212
2963: 1742,4149,217,2391
2964: 886
2965: 4639,2842,4530,683
2966: 822
4713: 36,1501
4068: 2591,1799
4130: 4360,3785,643
2970: 4780
2971: 3493,707
2972: 2090,1683
4113: 2065,27,642
4571: 3362
4013: 3099,767
2976: 4788
2977: 2623
4707: 3916,1825,4295
2979: 1391,4470
2980: 4152,2567
2981: 315,4762,4015,4639
4370: 
2983: 
4586: 4633,1762,1275,2279
2985: 1786,1639
2986: 182,303,3801,2770
2987: 3001,3557
2988: 631
2989: 1469,3645,549
2990: 1029,1995,3500
2991: 3967,907,2142
2992: 1451,145,2899
2993: 1854,3639,2460,2771,1111
2994: 2617,2960
2995: 2727
2996: 945
2997: 1696,4741
2998: 608
2999: 4197
3000: 2620,2631
3001: 1278,2987,3557
3002: 1898,1298,4072
4141: 647,1775
3004: 
3005: 3173,4252,1972,3488
3006: 1399,2001,892,4744,1898
3007: 1220,3745,3980,1013
3008: 3742,4453
3009: 3547,399,3919,26
4796: 1824,3239,4645,2242,0,1273
3011: 1134,2895,2459
3012: 1002,2875,2086,3581,4099,2767
3013: 
3014: 3664,3924,978,48
3015: 2795,2532,646
3016: 1492,3855
3017: 3419,2873,1845
3018: 3160,2577
3019: 3125,517,2015
3020: 610,424,1849
3021: 803
3022: 
3023: 
3024: 49,4399,1570,360
4192: 1109,1698
3026: 4423,3240
3027: 895,1910,1144
3028: 4730,4342,2174
3029: 1374,1587
3030: 4356,1703
3031: 
3032: 4089,3519
3033: 3346
3034: 
4396: 4220
3036: 3191,299,4163
3037: 2153,1513
3038: 722,1149,4808,3279
3940: 1578,4046,1251
3040: 746,1786
3041: 52,1255,2704
3042: 875,2137,3670
3043: 2454,4473
3044: 3391,2305,3287
3875: 1174,1042,297,3139
3915: 192,423
3047: 50,1346,229,2764
3048: 3636,615,21
4485: 2722,4337,1783,3199
3050: 3938,4578
3051: 1518,1037,2076
3052: 
4715: 4737,988,4566
3054: 3480,3977,2249,2115,1119
3055: 2037,21,615
3056: 2428,350
3057: 1727,3607,917,2147
3058: 2030,1717,3773
3059: 2555
3060: 3397,824
3061: 606,4520,1003
3984: 4253,4020,2925,854
3063: 3141
3064: 1185,4184,3736,4727,4231
3065: 2726,2911
3066: 
4687: 938,1006
3068: 2923,4689,2300,1858,2026
3069: 2155,2547,4469
4236: 2074
3071: 221,4589,2327
3072: 442,1178,1542
3073: 2171,2834
3074: 4125,730
3075: 925
3076: 1353,925,3638
3077: 1403,4103
3078: 2324,3868,1321
3079: 1705,460
3080: 1905,1991,284
3081: 904,3882,166,1840,4183,4767
4468: 3537
3083: 2897,3810
3084: 1863,207,2823,4798
3085: 3843,867,2161,389
3086: 3823,1654
3087: 877,2048,3962
4739: 3227,144,309,2207
3089: 4164,613,3912,1996
3090: 1987
3091: 2709
3092: 412,2805
4493: 2106,1651,2165
3094: 
4790: 3415,2246,1243,1265,1288,2182
4075: 
3097: 3604,2346,3468,1973,1836
3098: 4744
3099: 4013,4458
3100: 1602,2781,3680,3641
4112: 1598,1985,4524
3102: 2128,2878,1998,529
3103: 1709,858,1367,3616,3967
3104: 4817
3105: 1534,3232,521,670
3106: 2488,4599
3107: 906,4797,1903
3108: 3353,444,785,4346,3859
3109: 4822,727,4712,1970
3996: 1578
3111: 1957,3677
3112: 
3113: 2073,4267,781,4273
4509: 860
3115: 4461,345,2355
3116: 4385,1802,4127
4685: 2362,2949
3118: 
3119: 774,1047,490
3120: 
3121: 2261
3122: 266
4719: 1917
3124: 620,1114
3125: 3610,517,2284,4667,2015,3019
3126: 341
3127: 3517
4389: 
3129: 
3130: 2938,1500,3808
3131: 
3132: 82,4593
4642: 
4637: 
4165: 2021,2562,110,1563,593
3136: 1146,4787,3176
3137: 3521,1994,772,76
3138: 1413,4660,3766,4118
3139: 1090,3964,2819,1042,3875
3140: 
3141: 3063
4774: 
3143: 2491
3144: 3478,1813,3615
3145: 523
3146: 2144
3147: 1551,1428,99,2905
3148: 715,411
3149: 3935,1920,808,1657
3150: 6,3689,1254
3151: 1953,2007
3152: 4479
3153: 3485,4226,3934,878
3154: 406,1982,1583,2698,933
3155: 3943,1736,1801
3156: 4135,2599
3157: 1030
3158: 1637,3596
3159: 
3160: 2783,3018,3956,2577
4202: 3298,985
3162: 776
4108: 2622,1763,4648,1167
3164: 530,4569
4222: 2083,403,4644
4700: 2961,3608,365,3719
3167: 41,322,3526
3168: 1741,2108,989
4435: 4278,3378
4247: 
3171: 902,952,4110
3172: 4029,1624,3774
3173: 3251,3005,1972,3488
3174: 1466,2217
3175: 1340,4477,1536,4035
3176: 3586,1146,3136,363
3177: 611
3953: 2542,533
3179: 3264
4451: 3294,131,3339,1289,742,4221
3181: 4648,1017
3182: 2326,1591,2931,1099
3183: 230,1086,1386,628
3184: 3812,4732,312
3185: 4086,1569
3186: 2722,1161,4337
4276: 4810,2892
4722: 3328,902,3976,3929
3189: 79
3190: 1949,902,2088,3929,1080
3191: 3036,4658,4449,1770
4535: 3253,3515,3447
3193: 283,2944,4005
3194: 
3195: 3760,3211
3196: 460,4173
3197: 1601
3198: 1501,4093,7,4077
3199: 4548,4485,3232,521,1974,1441
3200: 1503,20,2298
3201: 2925,3672,121
3202: 1380
3203: 268,2803,4649,1065,3564
3204: 89,2372,911
3205: 957,1580,4677
3206: 
3207: 1580,3493,3867,957
3208: 4425
3209: 3260,59,2203
4404: 4377,878,1040
3211: 3760,3195,1855,4190
4630: 3278,3377
3213: 2585,2091
3214: 807
3215: 1861
3216: 4821,3596
4429: 150,3382,3414
3218: 2839,1940,2764,1685,1491,4333
4010: 2955,3979,417,3640,4822
4641: 2813,2015
3221: 3590,535,3401
3222: 4347
3223: 
3224: 3847
3225: 3682,1870
3226: 2064
3227: 4739,1398,144
3228: 1031,4588,1256,165
3229: 4814
4087: 2529,4657
3231: 4424,3885
3232: 521,3199,3653,670,3105
4307: 
4812: 577,4480,2107,1048,203,4662,3441,3422,829,4314,4653
3235: 2040,1006
3236: 976
3929: 1780,4722,902,3976,3190
4515: 
3239: 4796,1824
3240: 1149,3026,86
4441: 93,648
3242: 683,2437
4237: 4679,2543,243
3244: 172,1768
3245: 3365,493,160
3246: 30,1347,2883,2945
3247: 
4771: 
3249: 
3250: 2319,4073,573,17
3251: 3173,1972,161
3252: 4381,2698,1316,4725,1982,3728
3253: 3264,3515,4535,3447,4604
3254: 4019,4355
3255: 4803,1417,4054
3256: 850
3257: 4114
3964: 1090,3139,1042
3259: 1919,2048
3260: 3209,251
3261: 1410,357,1714,160
3262: 4798,225,482,3578
4231: 3671,4184,3064
3264: 3253,3179,4604,4805,109
3265: 4014,1332,2795
3266: 507,177,1219,919
3267: 3844,200,2857,461
3268: 3488,453,2442,506,4668,224
4677: 1480,3205
3270: 2363,2462,3814
4158: 4271,1263
4267: 3113,781
3273: 4030,3617
4623: 1539,1069
3275: 4595,2150
3276: 3320,483
4777: 1066,3628,876
3278: 4630,3562,2868
3279: 86,2063,1149,3038
4334: 4726,4557,1588,4643
3281: 4454,2424,3798
3282: 
3905: 1015
4751: 4126,4395
3285: 4238,424,553
3286: 1942
3287: 3290,726,3827,3044
3288: 3467,4516,2054,997
3289: 3627,1502,3400
3290: 4002,3287,2672
3291: 378,4344,2002
3292: 2819,1327
3293: 533
3294: 131,4451,1289
3295: 3443
4143: 4672
3297: 964,1172,875
3298: 4202,985
3299: 4351,2481,730,1494,2213
4519: 
3301: 3489
3302: 2486,2573
4295: 991,474,547,4707
3304: 
3305: 2090,3926,3545,2521
3306: 1710,763,180
4220: 4025,4396,2744
4129: 3589,2915,4051
3309: 4353,1883,4233
3310: 3583,4003
4401: 2801,293
4673: 1151,2300,998,693
3313: 768
3314: 190,576,1136
3315: 1069,2127,1539,4633,3793
3316: 31,1407,2929,2531
3317: 3893,4054
3318: 202,2580
3319: 1406,1259,2035,2056
3320: 3276,483,407
3321: 872,369,4772,2590
3322: 1308,1887
3323: 4288,352,3932,1632,1372
3324: 936
4084: 1716
3326: 1873,2067,1013,378
3327: 
3328: 4722,2956
3329: 1050
3330: 
3331: 2401,4263,3619
3332: 2788,823,1191
3916: 4716,4185,1825,547,4707
3334: 836,1516,3617,2866
3335: 2350,484,775,832
3336: 1462,2402
4327: 1478
3338: 1123,1475,2570,153,3496
3339: 4451,1289,791,4221
3340: 1342,1964,3607,2950,1997,4311
4405: 
3342: 3460
3343: 181,197
3344: 3402,3738
3345: 1602,829
3346: 3033
3347: 2479,151,1385,3950,1009
3348: 2691
3349: 3896,1432,2209,2051
3960: 1352,4775,1280
3351: 588,2769,4809
4074: 2616,1836
3353: 3108,444,3859
4012: 
3355: 255,271,2051
3356: 
3357: 4272,66,3836
3358: 948
3359: 2866,1372
3360: 4757
3361: 3710,490,3983
3362: 4571,4674
3363: 2337,1133
3364: 
3365: 3245,493
3366: 953,138,3658
3367: 
3368: 396,4371,2377,4814
3369: 2196,2361,4216,2524
3370: 2874,545,4780
4023: 4131,1375,2602
3372: 3468,167
3373: 3402
3374: 664,2270,942
3375: 
4249: 3584,2332,4313,1111
3377: 2164,987,4630
3378: 4435
3379: 
4575: 195,4382
3381: 2679,4511
3382: 2576,4429
3383: 2550
3384: 1960,4387
3385: 
3386: 48,2250,4650
3387: 
3388: 16,4206,4203,2043
3389: 
3390: 812
3391: 3044,1058,3758
4261: 3848,2711,2724,2493,993
3393: 1779
3394: 4186,2843,3527,3907
3395: 3508,2420,1794
4212: 2301,2616,2918
3397: 3060,824
3398: 1000,4804,1809
3399: 309,4778,2293
3400: 2436,3289
3401: 3221
3402: 3344,3373,1349
3403: 2601
3404: 489,1866,4224,4283
3405: 2956,4088
3406: 2382
3407: 1930,2791
4773: 443,4614,1018,1304
3409: 1469,3645,1315,1406
4689: 3068,4385,2640,2300
3411: 1643,4782,1454,1122
3412: 1927,4139,1739,1510,1704,2629
3890: 2217,2164
3414: 3849,1211,2576,4429
3415: 4790
3416: 15,4324
4302: 1482,2901
3418: 4806,2759,4229,4615
3419: 3017,2873,1863
3420: 375,4360,968
3421: 2728,78
3422: 829,2107,4812
3423: 2950,805,3676,4311
3424: 4230,777
4750: 4337,1748,551
3426: 1326,1546,3935
3427: 
3428: 2187
3429: 2093,73
4417: 1287,442,1178,2558
3431: 2308,4328
3432: 1346,1223,4710,3508,229
3433: 1559
3434: 3521,849
3435: 4638,2682,4803,1105
3436: 2750,1515,739,235,1419
3437: 1749,145
4335: 1389,1697
3439: 2243,2837
3440: 
3441: 1048,203,577,4812
3442: 
3443: 3458,1197,3295
3444: 1701
3445: 2286,1912
3446: 1961,3565,168,4764
3447: 4535,3253,4490
3448: 4328
4550: 2089
3450: 2684,136
3451: 4062,50,4213,2602
4179: 470
3453: 1385,3950,2859,2326,525
3454: 4792,371
3455: 43,1478
3456: 4508,801
3457: 795
3458: 3443,4592
3459: 
3460: 3342
3461: 3714,1995,1029,2344
3462: 1094
3463: 
3464: 525,3831,792,1862,2185,4388
3465: 4698,2167,4461
3466: 3698,4107,3620,240
3467: 3288,1645,2054
3468: 3372,3097,2346,2496,1973
3469: 
3470: 4239,4752,2335
3471: 4218,2597,188,1706
3472: 2289,4799,499
3939: 1753
3474: 
4411: 4301,694
4617: 4768,415
4060: 2162
3478: 3144,1979,4797,3615
3479: 930,1040,1995
3480: 3977,2249,3054,2888,3709
3481: 
3482: 
3483: 3948,332,2053,198
3484: 1562,4252,3756,859
3485: 3153,2041,2287,438
3486: 
4069: 1892,1374
3488: 3268,4252,2442,3173,3005
3489: 3301,2202
3490: 468,2838
3491: 4579
3993: 4329,1738
3493: 2971,3867,3207
3494: 1311,1667,601
4759: 1508,535,2800,757,912
3496: 1878,153,3338,2871
4216: 2920,3369
3498: 661
4240: 
3500: 144,309,2990
4699: 2516,1725
3502: 3835
4453: 3008
3504: 
3505: 
3506: 473,2726,2654,2881
4823: 212,1853,1303,1690,1991
3508: 3395,4710,3432
3509: 4745,2682,1415,4803
3510: 4422,2056,1259
3511: 4439,4565,397,4549
3512: 3924,4782
3513: 2750,1284
3514: 4818,2228
3515: 3253,4738,4535
3516: 
3517: 3127
3518: 2118
3519: 3032
3520: 1252,2338
3521: 3434,2385,3137,1994
3522: 1215,1397,808,1657
3523: 2136,2024,4709
3524: 116,4801
3525: 2178,1429,3869,3899,2695
3526: 1196,41,3167
3527: 1896,2843,3394
3528: 
4031: 324
3530: 1202,298
3531: 3586,4147,1146,3821,3966
3532: 
3533: 2746,71,3820
3534: 1058,53,2249
3535: 
3536: 2812,1684,2566,1162
3537: 4518,2339,4468
3538: 237,1433,437,513,1309
3539: 1160
3540: 667
3541: 1571,2840
3542: 128,596
3924: 3014,4782,3512
3544: 566,1697
3545: 2521,389,2161,3305
3546: 2344,699,4282
3547: 3009,399,3582,3623
3548: 731
3549: 56,2838
3550: 1240,2753
4620: 
3552: 1245,819,3761,474,743
3553: 874,1980,428
4243: 1181,4801,4259
3555: 3857,1117,3772
3556: 2053,832,536,1600
3557: 2215,3618,234,3001,2987
3558: 3955,256
3559: 3854,2734,1307,3858,1198
3560: 759,3908,4428,1829,1650
3561: 2269,39,2435
3562: 3278,4795,2868
3563: 1250,938,2071
3564: 455,1192,1065,3203
3565: 4599,3446
3566: 2292
3567: 1823,4313
3966: 3821,3531
4612: 
4034: 3730
3571: 4285,4616,4159,20
3572: 4092,2132,337
3573: 
3574: 
3575: 1093
3576: 1536,4477
4025: 4220,2744,2663
3578: 3642,4553,2377,3262,482
4727: 3064,1185,3736
3580: 4229,4615,4312,447,927
3581: 2078,2875,457,3012,1002
3582: 3547
3583: 3310
3584: 4249,1111
3585: 1768
3586: 3531,4147,3176,1146
3587: 1820,1983,4568,343,2737,487
3588: 
3589: 4129,2915,4462,2149
3590: 1392,3221,535
3591: 2010,419,308
3592: 1265,3787,908,1243
3593: 483
3594: 1610
3595: 
3596: 375,3158,3216
3597: 260,4017,1809,267
3598: 1344
3599: 1626
3600: 1155,1624,3774,1270,1217,982
3601: 4802,4803
3602: 
3603: 2538,3779,4658,2041
3604: 3097,2346,3706,1031
3605: 2719,2039,816,4312
3606: 4413,3903,1815,2957
3607: 1727,3057,917,2950,1342,3340
3608: 4700,365,3816,500
3609: 155,2818,1844,4542,2241
3610: 2229,1190,3125,1757,2284
3611: 4566,1707
3612: 4323,2305,2646
4541: 
3614: 
3615: 1813,3144,3478,1979,418
3616: 3103,1367,4749,896
3617: 2866,3273,3334
3618: 2399,234,4766,3557
3619: 4263,2401,3331,3938,4578
3620: 4732,4107,3466
3621: 4782,2536,3959
4818: 3813,3514,1617
3623: 1957,3547,3922
3624: 1787
3965: 607,740
3626: 672
3627: 3289,1502
3628: 1066,4777,4227
3629: 4618,1107,111
4445: 996
3631: 4781,147
3632: 4510,1402,2077,1682
3633: 4326,3900
3634: 4145
3635: 250,480,625
3636: 2607,3048
3637: 511,1739,2335,1927
3638: 3076
3639: 318,4768,973,2460,2993
3640: 775,417,4138,4010,4822,3734
3641: 3680,1582,3100,2781
3642: 3578,4553,2377,482
3643: 925
4692: 2884
3645: 1469,3409,2989,1406,2035,549,349
3930: 1528,1194,528
3647: 3764,2873,207,2812
3648: 2193
3649: 1114,305,2303,2540,1223
3650: 1730
3651: 
3652: 2466
3653: 670,3232
3654: 549,4595
4173: 1025,311,3196
3656: 
3657: 766,649,1822,3878
3658: 908,138,3366,3787
3659: 2075,1206,1046,1805,1748
4193: 1176,390,3667,717
3661: 
3662: 4449,2559,1241
3663: 2108,784
3664: 4225,3014,48
3665: 1024
4241: 1495,4446,4479
3667: 717,1249,4193,1067,747
3668: 
3669: 2047,2089,1638
3670: 875,3042,844,4708
3671: 4231
3672: 2925,3201,978,2250,4020
3887: 
3674: 4038,1189,461,100
3675: 
3676: 4603,1727,2950,805,3423
3677: 3111
3678: 4570
3679: 
3680: 1582,1460,3641,2107,3826,3100
4507: 1421
3682: 3225,1870,4280
4313: 1823,4249,2332,2166,3567
4304: 4027,2957,4413,2239,715
4634: 948,4271
3686: 196
3687: 4019,2184,1817,793
3688: 1352
3689: 6,3150,4318
3896: 1432,3349,4481,1092
3691: 57,3923,1622,4640
3692: 1364,1489,786
3693: 2696,1722,1693,334,4383
3694: 1258
3899: 738,3525,2695,559
3696: 
4266: 720,2232
3698: 3466,240,4717,1407
3950: 1385,3453,525,3347,4388
4669: 
4811: 1092,1215
3702: 2533,1787
3703: 
4388: 2185,3950,3464,525,1862
3705: 4557,1909,4724,2313
3706: 4384,3604
3707: 
4556: 2529,879
3709: 2224,3975,2615,2888,3480,3977
3710: 3361,490,3983
3711: 4361
4440: 826,489,658
4035: 1357,1340,3175
3714: 3860,3461,1029
3715: 40,2526,3873,338
4262: 
4456: 1234
3718: 903
3719: 2961,4700
3720: 1653,1156,2643
3721: 
3722: 4444,57,1604
3723: 
3724: 1401,1708,4296,1678
3725: 1464,1540
3726: 4748
4062: 3451,2602
3728: 406,1982,4725,3252
4500: 665,1488,358
3730: 4034
3731: 242
3732: 3762
3733: 2082,4466,2793
3734: 1459,198,4138,3640,4822
3735: 1239,1088,4210,2232
3736: 3064,1185,4727
4653: 577,4480,4812,2445
3738: 413,1912,3344,1349
3739: 435
3740: 3864
4696: 2386,1186
3742: 3008,2302
3743: 895
4800: 3791
3745: 4543,3980,3007,2067,1013
4217: 4762,903,77
4092: 3572,4813
3748: 3847,382,1387
3749: 2517,4779
3750: 1664,2066,1092
3751: 1141
3752: 4792
3753: 4770
4813: 522,4092,3943
3755: 2004,1116
3756: 4221,3881,3484,859
3757: 
3758: 1063,3391,1058
4245: 
3760: 1475,2570,3211,3195,4190,4416
3761: 3552,1245,819,1203,474
3762: 3732,572,2176
3763: 1711,1216,1771
3764: 3647,2812
3765: 4268
3766: 1079,3138,4076
3767: 466
3768: 4787,914
3769: 610,1849
3770: 4169
4413: 2239,3903,3606,4304
3772: 1117,1702,3555,2855
3773: 3058
3774: 4029,3172,2671,3600,1270,2077
3775: 2822,2471
3776: 2846
3959: 2834,3621
3778: 
3779: 3603,2538,2041,2175
3780: 1162,1684,3846
3781: 2864,235,1419,4100
3782: 2094
3783: 1626
4176: 
3785: 1284,643,4130
3786: 
3787: 3658,908,1243,3592
3788: 833,919,2656,2579
3789: 42
3790: 346,4271,2149
3791: 3947,4800
3792: 1589,1820,587
3793: 459,4633,3315,2127,4455
3794: 1904,1592,1595
3795: 1175,2241,1647,4323,4002
3796: 1586
3797: 1321
3798: 4186,1556,2424,3281,4454
3799: 4650,1530,1008,4721
3800: 1595,2695,1592
3801: 303,4049,2986
3802: 1386,4402,4466
4595: 3654,3275
4400: 
4799: 2289,514,3472,1195
3806: 3955
3807: 1198,3858
3808: 3130,2938,2913
3809: 4704,62,1526
3810: 3083
4342: 2837,3028,1960
3812: 3184,2494
3813: 2709,4818
3814: 3270,2462
3815: 1056,1678
3816: 4611,1620,3608,365
3817: 2176,1601
4448: 2018,780
4578: 2372,1499,3619,3938,3050
3820: 3911,3533,71
3821: 1146,3966,3531
3822: 1067,2599,1034
3823: 2939,4053,3086
3824: 256
3825: 2635,4587
3826: 2107,1839,3680,1460
3827: 3287
3828: 1285
3829: 4502,181
4337: 1783,4750,3186,2722,4485
3831: 3464,525,1740
3832: 965,188,4218
3833: 1952,2773
3834: 
3835: 4007,3502
3836: 3357,974,2072
3837: 
4589: 3977,3071,2062
3839: 1189,2926,304
4321: 181,1062
3989: 99,1278
4374: 95
3843: 3085,1597,389,425
3844: 2478,3267,200
3845: 1782,848,447
3846: 3780,99,1551
3847: 3748,3224,1387
3848: 2711,4261,177,833,2724
3849: 1211,3414,2576
4126: 4751,2557
3851: 
4218: 1319,3471,188,965,3832
3853: 
3854: 1059,4346,3559,2734,1307
3855: 1492,3016,1261,4215
3856: 2405,2151,531
3857: 3555,1152
3858: 1307,4044,3559,3807,1198
3859: 639,3353,3108,4239,697
3860: 3714,421,655
3861: 2622
3862: 2009
4770: 4168,3753
3864: 3740
3865: 
3866: 
3867: 3493,3207
3868: 1321,3078
3869: 3932,4057,3525,1429
3870: 4787,4498
3871: 4286