0: 4222,2460,82
1: 1082,2156,4766,348,1362,4184
2: 1313,3467
3: 1332,665,3661,3704,3155
4: 
5: 3497,971
3996: 493,2206,826
4620: 2976
8: 4500,4800,3162
9: 486,540,3511
10: 
11: 3759,77,1343,4109,1072,2562
12: 3763,4792,447,3690
13: 2709,3316,270
4276: 297,2676,1168,4128,615
15: 76,1296,2914,3919,303
4153: 1159,3373
17: 2418
18: 167,3760,1090,3312,1704
4157: 774,3707,792
20: 1176,1041
4585: 4774,952
22: 726,68,1720,91
23: 2942,4699
24: 
25: 75,3012,3719,3409
26: 4518,1336,3158
4626: 2847,2378
28: 2360,2658,3215
29: 3129
30: 4001,1454,3292
4553: 2809,3326,2089
32: 467
33: 4670
34: 2597,1458,4580,3793,2609
35: 4545,3345
36: 242,673,3898,415,1705
37: 1960,4813,439,3273
38: 3910,1175
39: 3573
40: 1223,1181,2915,1012
41: 1783,1205,3839,1174
42: 2283
43: 3043
44: 828
45: 4771,2331,1898
46: 
47: 3762
48: 3995
49: 4258,942,2117,1919
4807: 4769,2426,4209,3325
51: 4418
52: 2191,1425,4719,2596
4476: 150,4494,4158,3562
54: 705,2669,2033,770,1757
4039: 151,3892,1488
56: 650
57: 718,3409,668,3527
58: 1174,3751
59: 1332,4781,883,218,3661
4333: 
61: 4474,3765,1213,1535,1922
62: 2440
63: 1728,3327
64: 1676,2309,4011,340,3044
65: 
66: 2353,576,791
67: 4181,3660
68: 726,2456,22,3706,1720,3185
3966: 2182,2635
70: 1285
71: 1127,3414,4048,183,2754
4307: 4204
73: 2308
74: 
75: 25,4003,1896,2706,3012
76: 15,1296,656,2914,1613
77: 3759,1343,11,289,4675
78: 1249,1885
79: 4523,1758,787,329
80: 211
81: 4193,157,2350,1970,1604
82: 0,428
4711: 2009,4141,206,1028
84: 3392,4746
85: 4622,1643,1869,3271
86: 1225,4789,268
87: 
88: 367,4806,1778,4776,3627,2579
89: 209,2536,484
90: 4613
91: 1241,4455,22
92: 4279
93: 
94: 4175,4358
95: 
96: 4609
4014: 3631,906
98: 1194,1661,4809,555
99: 4406,1684,3294
100: 3404,547,648
4134: 4764,4621,1920
102: 2747,4454
103: 
104: 3456
105: 4108
4719: 52,2191
107: 4591,2794,962,1207,865
4220: 
109: 4786,442
110: 2391,3777,2313,2560,4705
111: 2928,2655,4086,2497
112: 4087
4791: 158,751,1373,599
114: 
115: 3965,4233,1545,4765
3964: 4728,816,930,1327
117: 145,4800
4429: 4452,3684
119: 3022,146
120: 1082,4766,3826,2062
4232: 554,735
122: 4549
123: 2922
4680: 2885,4465,2563
125: 3898,1484
4532: 2325,2673,4822,709
127: 1918,4451,2420,3124,1567
128: 723,433
129: 
130: 
131: 3710,1642,2126,4424
4099: 212,4059,2195
133: 1167,2656,4446
134: 2363
4596: 1987,2344
136: 3605
137: 
138: 2916,4393,3542,4767,4348,3679
139: 
140: 2188,1320,784
141: 3111,2659,1955,3557
4361: 2254,4341,4321,4372
143: 2954,3518,2782
144: 3714,221,2495
145: 2341,4669,117,4800
146: 4136,119
4319: 957,1141,1074,1591
148: 3004,1303
149: 607,3286
150: 4476,4494,3649
151: 4039,526,2703
152: 781,1024
153: 1501,4162,3760
154: 596,3537,4066
155: 1573,4057,4459
4065: 2632,635,1545
157: 4193,81,3781,1970
158: 4791,864,751,1487,599
159: 
160: 4090,2869
161: 3702,4009,875,4794,3107
162: 3708,619
163: 4783,1550,2113,3316,3048
4762: 3379,2562,1116,4112
165: 2712,3372,2229
166: 2241,2306,3337,3199,4770
167: 18,3760,1090,1499,921
168: 3834,3748
169: 4090,514
4201: 2735
171: 
172: 4582,973,3948,1829,1824
173: 2387,1735,1411,1915
174: 4770,3839,4388,940
175: 989,1058,1747,1198
176: 
177: 2724,3065,3977,1948
178: 2937
179: 359,3929
180: 
181: 813,3332
182: 663,214,3785
183: 4693,2754,71,4100
184: 3346,4315
185: 646,869,1449
186: 
187: 
188: 583,4725,766
4295: 2766,1560,2062,1546,4482
190: 1261,1651,1688
191: 
192: 2385
193: 674,3328,4416
4166: 672,4594
4771: 45,3825
196: 1509
197: 3708,2300,3927
198: 4159,1067,3974
4796: 3445,1325,492
4048: 3923,71,3350,2754
4634: 2167,4723,550
202: 2188
203: 
4794: 4499,4009,161,3107,3254,1853,4382,3772
3997: 3599,2755,4767
206: 815,2009,4711
207: 4327
4785: 2346,895
209: 89
210: 2816,1231,3215
211: 80
212: 4099,2195
213: 1083,4621
214: 265,3209,2478,182,3336,3785
4507: 
216: 2730,1245,2572
4420: 4783,311,4170
218: 3720,883,59,3168
219: 4148,700
220: 2645
221: 3714,144,2495,989,456
222: 
223: 230,2603
224: 3888,1775,3617
4613: 90
226: 972,4539,3147
227: 451,2615,2866,1931,893
228: 4309,4311,4819,4461,334
229: 2213,632
230: 2603,2941,223
231: 2594,1065
232: 4697,2673,1432,3935
233: 1206,2239,2532,1096
234: 3100,4765
235: 3723,956,3881
236: 919,329,1621
237: 1956,3556
238: 4385,1064,1928,2543
239: 2052,1376,2630
240: 
4158: 1731,3562,4476,4231,577
242: 673,431,36,415,1757
243: 1770,447
244: 3827,727,884
245: 836,1666
246: 3109
247: 4722,2013,3181,2393,4792
4419: 1714
249: 4052
250: 
251: 3034,3051
252: 285,2631,3364
4107: 3782,2856,309
254: 4215,3447,1348
255: 460,2410,4437,4093,1101
256: 4265,1701,1671,2909
257: 1256
258: 4445,4672
4481: 1546,4184,1789,3536
4693: 183,2754,3350,4629,4823,4100
4126: 2506,3410
262: 4549,3365
263: 532,2048,4188,3779,900,4278
264: 2701,4154,2527
265: 214,3336,3787
266: 
267: 524,449
268: 86,1512,4240
269: 3280,4627
270: 3411,2649,13
271: 701,4462,3139,3054,695
272: 1571,3524
273: 2940,2148
274: 2671,3874,412
275: 395,4812
276: 2452,638
277: 2674
278: 3577,2898,1095,4193
279: 4408,408,3869,1554
4323: 3838,1397,1840,3420,1474
281: 1107,3757,3439,4205,3648,721
282: 677,4567
4446: 2656,133
284: 2566,2376,1679
285: 2322,4007,252,4812,3364
286: 4330,1774
287: 777,2073,3859,1633,2246
3934: 1364,4052,4666
289: 4675,77,1343,4229
290: 1207,3640,865,2934
291: 4453
292: 4744,1556
293: 
294: 818,2630,4399,4049,933
295: 3494,2896
296: 799
297: 4383,4276,1375,2676,733
298: 1928,943,2549,1151
299: 969,335
300: 3810,1408,1300
301: 2102,310
302: 779
303: 788,15,3919
304: 654,2898,4193,2350
305: 1789,3687,1362
306: 4265,2909
307: 3144,2989,1009,687
4752: 4702,623,959
309: 4107,2856,3725
310: 301,4291,2200,1025
311: 2471,1430,4783,4420
312: 885,4504
313: 1521,4083,4683
314: 1683
315: 3264,2307
316: 4708,4211,2636
317: 3833,3408,4027,3534,1506
318: 1190
4311: 228,4819,4461
320: 
321: 1310,4111,4778,2719,1025
322: 2388
323: 1426,3587
324: 2402
4113: 1454,2268
326: 4786,4341
4393: 138,3542,540,3679
328: 3536,2877,982,986
329: 919,236,2810,79,787
330: 
331: 4173,2067
332: 2408,1897,1113,4394
333: 544,3604,3877
334: 2465,228,4461
335: 299
336: 2676,4219,1168,3163
337: 3958,4176,4378,3162
338: 2657,1897,916
339: 2334,3982,1178,755,2159
340: 4011,64,3044
341: 1669
4580: 2597,34,2609,2272,3508
343: 1596,371
344: 3351,1463,1806,1780
345: 1965,1836,2330,530,2919
346: 4019,1905,1975,4150
347: 4760,3726
348: 4663,1362,1,2156,3687
349: 1653
4458: 728,3835,1553,4556
3953: 
352: 4813,1960
353: 
4766: 2659,1955,4207,3849,4051,4707,3826,120,1,1082,2156,4663
355: 4753,4117
356: 2693,4131,3946
357: 2977,2582,1323,4138,1433
3995: 48
359: 179,2975
4570: 630,3213
361: 4775
362: 3989
4348: 1070,4767,138,3679
364: 4618,661,612,2437
365: 3577,2898,1346,1136
366: 3671,4211,2636,1655,2210
367: 88,4806,3968
368: 2431,807,3705,4782
369: 4810,1253
370: 3007,2454
371: 343
4093: 1431,2422,460,255
373: 1732,2552,1499,2785
374: 539
375: 1369
376: 1047,3365,2367,1279
377: 
378: 1893,1409,2066,4085
379: 
380: 3414,1022,3347
4061: 2925,2921
4659: 849,3065,1688,1261
4452: 4653,4429,1754
384: 3204,3610,3693,4619,422
4269: 629
386: 
387: 3653
388: 4716,2671,1581
389: 2427,603
4120: 1278
4076: 1869,4075,1310,4783
392: 1658,2239
393: 4124,2584,3983,2807,3319
394: 2371
395: 1979,275,4812
396: 806,2924
397: 
398: 1709,2096
4592: 2363
400: 4487
401: 1193,1997
4114: 1390,4411
4744: 656,1556,292
404: 878,4270,3844,4524
4436: 792
406: 1087,1842,755,737,3412,1307
407: 1419,4703,3618,4798,2823
408: 4408,279,3869
4146: 1844,2778,3173,905,3095
410: 2650,1561,1309
411: 433,908,2306
412: 2111,3874,274,1491
413: 2136,1892,4143,572,560
414: 1164,841,4615,1370
415: 2033,3898,242,673,36,1757
416: 427,3707
417: 1161,2758,3930,4285
418: 3100
419: 4149,1850,2787
420: 
421: 4750,4451
422: 3639,384,3610
3944: 3573
424: 4486,4542,4726,692
425: 1810,2571,1425,3323
426: 3073,4803,4806
427: 416,3717
428: 4329,82
429: 4447,4252,1183
430: 3632,3062,667,3641,4292
431: 242,673,2110,2430
432: 2654,653
433: 1974,128,3280,411
434: 3122,1298
435: 1654,1325,3593,3625,2037
436: 1722,2443,2344,498,1788
437: 4801,4763,1363
438: 3156,2129,1677,4815
439: 3273,2912,37
440: 1098
441: 3226,1081
442: 909,109
443: 1278,1660
444: 4199,1230,1683
445: 3051,3631,2895,1265
4621: 4134,213,1083
447: 1770,243,4792,12
448: 3895
449: 267
450: 4409,2496
451: 227,2615,1046,3681,1931
452: 
453: 3608,3749,2198,2582
454: 
455: 3290,4238,3470,2233
456: 4147,2298,3714,221,1198
4691: 3325,3497,2119,4209
4213: 734,4101,3527
4043: 3008
460: 2410,255,4773,3830,4093
461: 4332,3640,4660,1319,927,4235
462: 4779
463: 1525
464: 4805
465: 
4142: 2272,3508,2839,4125,3268
467: 1093,642,32,3393,2502
4748: 3415,3532,4611,3033
469: 3460,2203
470: 4314,4442
471: 
472: 2007,1820
4124: 393,2584
474: 2342,847
475: 4343,1183,4121
476: 572,2925,2921
4810: 3650,2889,3724,1434,2692,3948,1829,1824,2399,369
478: 1806,4258,4198,3374,953
479: 1733,2839,2480,3691
4372: 567,4361
481: 2597,1458,3746,547
4755: 4599,2522
483: 3880,4460,3001
484: 3468,2536,89
485: 
486: 9,4799,2881,4187
487: 674,3601,3988
488: 1664,3736
4299: 1015,872,4641
490: 3915
491: 2420,2017,1405
492: 3052,4796,3445
493: 3996,1620,1341,2206
4358: 94
495: 3999
496: 
497: 3624,3989,3383
498: 2113,3316,1788,436,3553
499: 531,4346,999
500: 3583,1702,1991
4373: 4131,798
4305: 1087,3127,3018,2159
503: 2044,1200,2915
504: 3908,1570,1176
4298: 2292,2482
506: 4327,2809
507: 2058
508: 1511,2424
4492: 3976,4502,1520
4663: 348,4766,4707,2156
511: 3747,1651
4381: 818,2553,2028,935
513: 3919,2128,3232,2565
514: 873,772,4090,169
515: 
516: 2088,762,3595,1293
517: 1083,3596,4593,3882,3047
518: 3125,1218,3357,4322
519: 916,581
520: 4800
521: 3598
522: 3859,4498,2577
523: 4583,1103,1713,2218
524: 267,2054,2283
525: 4597,3453,2979
526: 2703,151
527: 2131,3404,2100,1459
528: 4308,2426,2021
529: 1141,2351,1598
530: 2919,345
531: 499,4346,1471
532: 2512,2048,263,4188,4278
533: 4172,1937,3036,3701
4800: 4500,4349,117,520,145,2341,4669,8,2944
4001: 30,3489,3292
4518: 26,3158,1956,2864
537: 3867
538: 1903
539: 374,2917
540: 3511,3679,4393,9
541: 4063,1705,1859,2422
542: 1193
543: 669,2176,601,2234
544: 333,2484,1200,2748
545: 1514,2161
4759: 2976,3491
547: 3746,481,100
548: 1791,2977,4138
549: 4359,4727,3004
550: 1419,4634,4723
4258: 1739,49,3374,478
552: 4598,2920,3299,4199
4602: 3491,1792,2784
554: 4232,735
555: 1844,2778,98,4809
4636: 822,1108
557: 3863,4108
4229: 3328,3601,289,1343
4511: 3498
560: 1654,3593,1892,413
4216: 1603
562: 1975,2210
563: 
564: 1638,2131,4095
4814: 
4750: 4637,1067,421
567: 1542,4372
568: 4708
569: 4490,3231,3480
4435: 
4494: 3649,1880,150,4476
572: 4143,476,413
573: 1116,4226,2872,4616
574: 1233
575: 3911
576: 66,791
577: 3630,1880,4158,4801
4261: 1045,4237,1368
4641: 3731,4299,3673
580: 1516,2133
581: 3682,916,519,4713
582: 
583: 188,2526,766
584: 3819,3985,1989,2773
585: 
4823: 3175,4629,4363,4693,3547,2926,4100,1896,2985,2800,4289,3037,1091
587: 1142
4063: 4773,541,1859,4505
589: 
590: 640,2551,1194,1736
591: 
592: 4622,1636,3055
593: 4488,3758
4438: 4616,4226,1396
595: 3703
596: 154,2904
597: 1079,3987
3965: 4233,115,2814
599: 3541,4791,158
600: 4578,990,4115,2548,4512,4392
601: 3197,2234,543
602: 1976,2288
603: 2965,952,2427,389
4080: 3950
605: 1856,3649,3180
606: 2424,2529,1511
607: 149
608: 
609: 2814,4765
610: 1958,4601,4308,2021,1262
611: 
612: 4208,364,661,2519
613: 3276
614: 
615: 2330,4276,4218
4767: 4251,809,3997,4348,138,2916
617: 2852,3263,3061,4763
4155: 2383,4604
619: 1043,2251,3274,162
620: 2269,3761
621: 748,3918
622: 2896,1450,1378
623: 959,4702,4752,2211
624: 3533,2043,4651,1791
625: 3281,2012,2099
626: 4645,1614
627: 1457
628: 3850,3897,3941,4638
629: 4156,4269
630: 4570,3213,3237
631: 
632: 4524,878,2568,229
633: 2125,2822,2851,3509,1069,3619
634: 1208,4514
635: 2632,4065
636: 3831,1152
637: 
638: 1916,276,2452,4736
4806: 3094,3968,426,4776,367,88
640: 4809,4678,590,1194
641: 790,995,4523
642: 1093,467,2701,2502
3948: 2692,1829,172,4810,1369
644: 1407,2941,2828
4530: 3333
646: 185,2984
647: 4457,3756,1742,2753,1084,3011
648: 3987,100
4660: 4228,4024,927,461
650: 1105,56
651: 3027
4075: 4076,3271,2719,1310,4783
653: 3747,3334,432
654: 304,3071,2350,3513
4278: 900,532,2512,263,3775
656: 4744,1556,3232,2914,76
657: 2097
658: 1882
659: 
4024: 1319,2277,3353,3530,3154,4660
661: 4618,364,2595,612
4156: 1094,629
663: 2478,182,1284
664: 984,1712,3296
665: 1332,3,3704
666: 1941,3170,3575
667: 430,3641
668: 948,3527,57
669: 543,2176,3057,2234
670: 1211,964
671: 4508,4781
672: 4594,4166
673: 242,431,36,415,1705
674: 193,487,3328,3601
675: 2055,852,3457,2342
4092: 
677: 282,2969
3979: 3659,3347,1022,3737
4228: 4140,4660,1288,927
680: 3348
681: 4434,1120,2647,887,4055
682: 
683: 2687,2887,4643
684: 2429,3733,4776
685: 4557,4122,3972,917
686: 3393,2338,4768
687: 307,3278
3946: 356,2693
4675: 289,2714,3727,3759,77
690: 
691: 
692: 2629,4726,4815,424
693: 
694: 4610
695: 2804,4462,271,1851
696: 2846,1045
697: 2199,4135,2508,2052,1376
698: 2816,1231,2700,2618
699: 3817,4475
700: 903,219
701: 4462,271,3139,3054,1215,2908
4457: 3756,647,1742,4601
703: 4819,1333
704: 2378,4569,840
705: 54,2669,1823,1913,2033
706: 2354
707: 2462,3232,1591,2565
708: 3584,3201,2990,3750
709: 4822,4532,918
710: 3182,1506,1328
711: 1397,1377,911,3109,3838
712: 783,2359,1515,4101
4629: 3350,4363,4693,4823
4723: 1459,4095,2131,2167,4634,550
715: 3265,2762
716: 4035
717: 3566,823,2663
718: 57,3409,3719,968
719: 2474,2517,1302
720: 2324,4263
721: 963,3648,3757,281
722: 3902,1447,3159
723: 128,2481,1316,2795
724: 2584
725: 2401,1257,1987
726: 2456,68,22,3715
727: 884,2715,4589,244
728: 4458,4556,2727
729: 3584,1322,1704,1541,4608
730: 2596,2654
731: 
3938: 1419,4095,4703
733: 1375,3832,4383,297
734: 4101,4213,956
735: 4232,554
736: 3999
737: 3412,406
738: 3976,801,1228
739: 4210
740: 834,1787
4561: 4681
4562: 937,1411
4706: 
744: 4539,2777
745: 3589
746: 4064,1469,906
4377: 4544,2104,2568
748: 999,621,4094,3384,4346
749: 
4598: 552,2920,1949
751: 4791,158,864,2799,1373,4412
752: 2958,3395,3105,1474
753: 
754: 2285
755: 1087,406,339,2334,2159
756: 4111,2471
4499: 4794,4009
758: 1923
4627: 2164,1485,2126,269
4702: 4752,623,2211
4603: 1467,3711
762: 3595,4652,2558,516
763: 1053
764: 4671,3251,4304
765: 
766: 188,583
767: 2744,2731,4064,3801
4469: 3088,4030
769: 4582,2364
770: 54,2669
771: 4763,3630,4801
772: 514,2339
773: 1559
774: 4157,3857
775: 1284,1196,2955
776: 
777: 287,2073
778: 2343
779: 2786,302
4346: 499,531,999,748,4094
781: 152,4066
782: 
783: 712,3881,3659,3347
784: 1353,140
785: 3173,4215,845,2224
786: 
787: 3417,79,919,329
788: 303,1950,1077
789: 4789
790: 641,2641,995
791: 3088,576,66
792: 4436,4157
4026: 
794: 1544
795: 4243,3552,1679,3005
796: 
4392: 4674,600,990
798: 4373,4131
799: 296
800: 
801: 985,738
802: 3702,4009,2087,4727
803: 2323,2924,3114
804: 3293,1489
805: 3389
806: 396
807: 368,2431,3226
808: 2252
809: 1065,4767
810: 3450,2936
4812: 2394,285,2322,395,275,2217,3364,3401
812: 4402
813: 181,1249
814: 1269,1130
815: 2009,206
816: 3964,2408
817: 1073,3807,1318
818: 294,4381,2630,2028
819: 2304,829
820: 974,2761,2471,1011
4031: 3132,3931,3080
822: 3536,4636,982
823: 2663,4012,717
824: 1777,1621,1445,3887
825: 1942
826: 3996,1183
827: 1139,3719,968
828: 44
829: 2877,819,2304
4410: 3662,1467,4368
4288: 2165
832: 4574,1904,4434,1879
833: 1755,1576
834: 1787,1345,740
835: 4110,1641,1608
836: 245
837: 1811
4496: 
3957: 4044,2637,3016
840: 2213,704,1289
841: 414,3611,2311,4618,4615
842: 2273
4542: 1780,1575,4726,424
4556: 1553,728,4458
845: 1348,2224,785
846: 2714
847: 474,3573
848: 
849: 4659,3065,3977,1989
850: 
851: 1286
852: 2423,675,976
853: 3357,1424,4214
854: 902,2218,2061,4427,3050,2648
855: 
856: 1154,3270
857: 2712,2670,3832
4799: 486,2109
859: 991,4412
4666: 3889,3934,4052
3977: 849,177,914,1948
862: 
863: 1002,3652,3243,1315
864: 158,751,991,1487
865: 2934,3786,107,962,290
866: 2315,3735
867: 1014
868: 1906,1985,1632,2121
869: 3212,185,1449
870: 1133,2777
871: 2164,1485,4685,4769
872: 3422,2723,4299
873: 514,3510,4632
874: 1750,4185,2303,4447
875: 4243,3702,161
876: 2608,4624,1809,1863,1838
877: 3176,4459,1372,2212
878: 404,3844,632
879: 1682
4117: 355
881: 4694,1098,4790
882: 4546
883: 4781,218,59
884: 727,4589,4665,244
885: 2499,312,2202
886: 3546,3282,1078,3223
887: 4055,4434,681,4574,1622
888: 2744,3753,2351,3814
889: 1228,4735,984
4630: 
891: 1475,1016
892: 
893: 1931,2481,227,2866
4286: 2784,1792
895: 1088,4785,4756
4125: 3267,3268,3164,4142,2839
897: 2394,3740
4018: 
4127: 2425
900: 2545,4278,2570,263
4356: 2550
902: 854,2218,2648
903: 700,2138
904: 2711,2629,4815,1475,4010,2098
905: 913,3173,4146,3833,3095
906: 4064,1469,746,4014
4073: 4401,2103
908: 1974,411,2306
909: 1490,442
4058: 
911: 1397,1377,711,3487,3109
912: 3505,3583
913: 905,3095,1328
914: 1948,3977,2127
915: 3559,1084
916: 519,581,338,4713
917: 3941,4557,685
918: 2337,1226,4822,709
919: 236,329,787,1976
920: 
921: 1999,2892,1499,167,1090,1008
4035: 716
923: 
924: 2085,1691
925: 3275,4565
926: 3813
927: 2101,4235,4228,4660,461
4110: 835,4188
929: 1895,2768,1330
930: 3964,1327,2552
4488: 593,3827,3758
932: 1152
933: 294,4399,1479,2931
4363: 4629,2926,4823
935: 4041,2553,4381,4534
936: 2664,1413,3580,3509,3886,3195
937: 1018,1411,4344,1232,4562
938: 3388,4422,1519
4317: 
940: 3476,174,1196,4388,2589
941: 3061,3772,2700,1231
942: 49,2117,1616
943: 1592,298
4811: 2285,3954,2515
4054: 4242,2640,3543
946: 2360,2658,3879,3218
947: 3313,2901,4139,4083
948: 668,1181,1448
949: 1544,4413
4148: 219,4338
951: 
952: 4774,4585,2427,2965,603
953: 3530,1919,3154,3351,1806,478
954: 3472,3563
4521: 1278,1660,4483
956: 235,734
957: 3960,4319,2500
958: 2075,1127
959: 623,2783,4752
960: 
4062: 2908
962: 107,2794,1191,865,3646,1016
963: 721,3648
964: 3188,1694,1268,670
965: 4270,2168,1388,3185,3655,2456
966: 3429
967: 2352
968: 4657,827,718,987,4784
969: 299,3146,2788
4139: 3313,947
971: 3497,2137,5
972: 226,4539,2372
973: 2686,3650,3669,1056,172,1824
974: 2761,820,1011,1823
4623: 4351,1165,3612,4625
976: 852,3937
977: 1284,2955,4256
978: 2603,2505,1643
979: 1132,3840
980: 
4182: 2416
982: 986,822,328,1108
983: 3918,1680
984: 3697,664,889,3296
985: 4390,801,3475
986: 982,3244,328,1564
987: 968,4657,4784
4664: 
989: 175,1227,1058,221
990: 600,4115,4392
991: 4801,859,864
4190: 1676,2309,1514
993: 2161,4635
3937: 1578,2930,976
995: 641,790
996: 4037,2616
997: 4366
998: 1858,2780
999: 748,3869,499,4346
4539: 744,972,226,1988
1001: 4218
1002: 863,3652,3615,3434
4792: 3763,12,3181,2393,247,4722,2013,1770,447
1004: 4404
1005: 3487,2572,3771,1604,2004
1006: 3931,2653
4135: 2508,1376,697
1008: 1999,921,2892,2858
1009: 4547,2433,3135,2989,307
1010: 3306,2722,4192
1011: 4306,974,820
1012: 1200,2915,1465,40
4516: 4081
1014: 2472,867
1015: 4299,3673
1016: 3646,962,891
1017: 
1018: 937,1411,4344,1329,2652
4565: 3638,925
4720: 2783,2211
1021: 
1022: 3737,3979,3347,380
4650: 2684,1631,3090
1024: 1914,152
1025: 4778,2102,310,321
1026: 1816,4345,2086
1027: 3123,1565
1028: 3663,4711
1029: 4709,3886,3201,3584
4597: 525,3453
1031: 3252,3153,3139,2167,1459
4227: 4480,2741,2107
4243: 795,875,3005
4739: 1445
1035: 
3950: 4080
1037: 3388,1887,4364
4704: 3752
4150: 2529,4019,346
4722: 247,2013,4679,4792
1041: 1176,20,4369
4235: 927,4332,461,3640
1043: 619,3274
1044: 4757
1045: 4261,4340,696
1046: 2702,451,4132,3681
1047: 376,1519,2367
4670: 3222,1713,1378,33
4764: 4134,2439,1920,3111
1050: 2662,3236,3248,4400
1051: 2995,3710,1647
1052: 4818,2531
1053: 763,2708
4302: 
1055: 
1056: 3669,4371,2696,2686,973
1057: 2356,4068
1058: 989,175,1227,3855
1059: 3190,3240
1060: 2147
1061: 4753
4383: 297,4218,733
1063: 4121,4821
1064: 238,2543
1065: 231,809,1070,4303
1066: 
1067: 4750,4161,198
1068: 1430,4170
1069: 2327,3619,633,2125,3509,3195
1070: 4348,1065,3679
1071: 2452,4535
1072: 2872,3759,11,4226,2178
1073: 2698,817
1074: 1591,4319
1075: 3104
1076: 2961,1423,3787,2225,4116
1077: 1944,788
1078: 3546,886,1814
1079: 597
1080: 3779
1081: 2935,441
1082: 120,1,2156,4766,2062,4184,4482
1083: 517,4593,213,4621
1084: 2753,915,647
1085: 
1086: 2259,1577,1413,1927
1087: 4305,406,1842,755,2159
1088: 895,1687,3017,4550
1089: 3099,4604,3529
1090: 167,18,1999,921,3312
1091: 1099,1139,4823,3175,2800,4289,4223
4689: 
1093: 642,467,2701,2502
1094: 4156,3401,3281
1095: 2206,1752,3577,278
1096: 233,2532
1097: 
1098: 4694,881,440
1099: 1139,1091,3719,1896,2800,3012
1100: 2682,2431
1101: 4371,255,4437,3335
1102: 
1103: 523,4583
1104: 1715,2313
1105: 650,3889
1106: 1629,2318,3233,2995
1107: 3757,281,4205,3591
1108: 4628,4636,982
4604: 3099,1089,3529,4155
1110: 1335,3236,3430
1111: 
1112: 4118,3379,3836
1113: 2561,4394,332
1114: 1940
1115: 1498,3540,1664
1116: 573,4762,4112
1117: 
4012: 2755,2365,823,1157
1119: 2599,3714
1120: 2647,1948,3821,681
1121: 2756,2276,4137
1122: 2487,1681
1123: 2175,4394
1124: 3602
4241: 4638,2619,3850,4679
1126: 1545,1203,4233
1127: 71,958,3677
4717: 3853
4645: 626,1614,3961
1130: 1470,814
1131: 
1132: 979
1133: 3732,870
1134: 2132,3259,3233
1135: 2634
1136: 2459,3202,1346,365
4057: 155
1138: 2417
1139: 1099,1091,827,3719
1140: 3686
1141: 529,4319
1142: 587
1143: 
1144: 2799,4412
4273: 
4554: 2497,4149,2787
1147: 
1148: 3145
1149: 2314,1759
1150: 1339,2450
1151: 4149,298,2549
1152: 932,3831,636
4559: 4102,1597,2178
1154: 856
1155: 3022,2214
1156: 3235
1157: 2663,4012,4060
3940: 3826,2416,4194,1169
1159: 4153,3373
1160: 
1161: 2758,417
1162: 1382,2364,4386,4695
1163: 
1164: 414,1763,2151,1370
1165: 4351,4623,2280,2836
4369: 3908,1176,1041
1167: 133,2260
1168: 3163,4128,2676,336,4276
1169: 4194,3849,3940,3826
1170: 1230,2844
1171: 3007
4335: 
1173: 3220,2861,4787
1174: 58,3751,1783,41,1205
1175: 2888,38
1176: 20,1041,4369,3908,504
4705: 2560,4455,1588,110,2391
1178: 339,3982,1810,2571
1179: 2505,2559,3962,1636
3999: 736,495
1181: 948,40
1182: 2324,2905
1183: 4252,429,4121,826,475
1184: 1355,1644
1185: 1827,2976
1186: 
4207: 1973,1685,2659,4766,4051
3982: 339,2334,1178
1189: 2574,2279
1190: 318,2136,3519
1191: 3722,2794,962
1192: 
1193: 542,2220,401
1194: 98,1661,640,590
1195: 4140,1288
1196: 940,775
1197: 4575,2576
1198: 175,456,2298
1199: 
1200: 503,2915,1012,1465,2484,544
1201: 1841,1336,4130,1223
1202: 
1203: 3820,1359,1126
4188: 532,2048,263,3779,4110
1205: 41,3839,3751,1174,4770
1206: 233,2949,1916
1207: 4332,3640,107,4591,290
1208: 634,4514,1505
1209: 
4322: 1968,1218,518
1211: 1738,3071,670
1212: 2766,1560
1213: 1535,4474,61
1214: 1279,4468
1215: 2167,701,3139,2908
4266: 1832
1217: 3522
1218: 518,4322
1219: 1538,4803,2988,2446,3073
1220: 4353,3467
1221: 
1222: 
1223: 40,1448,2915,1201
4786: 109,4321,326
1225: 86
1226: 4695,4617,918
1227: 989,1058,3855,2934,3786
1228: 889,738
1229: 4607,3572
1230: 1170,2844,1802,3956,1683,444
1231: 210,2816,698,941,2700
1232: 937,4344
1233: 574
1234: 1862
4778: 2719,1361,2102,321,1310,1025
1236: 1900,1626,1254
1237: 
1238: 
1239: 
4170: 3048,4783,4420,1068
1241: 4455,91
1242: 2074,1792
1243: 2565,2500
1244: 
1245: 2730,216,3571,1503
1246: 1779,3553,2443,2709
1247: 2346,3896,3687
4505: 3512,4773,4063
1249: 78,813
1250: 
4443: 4294,2786,3637
1252: 4189,1634,1253,2732
1253: 2732,1252,369
1254: 1236,2735
1255: 4490,3182,1642
1256: 257,2047
1257: 1414,1607,4283,725,2401,1987
1258: 4338
1259: 2782,1315
1260: 4129,4091
1261: 190,1688,4659,3065
1262: 2028,610,2021
4451: 1886,421,1918,127
1264: 
1265: 1626,445,3051
4233: 3965,115,1126
1267: 3240,3545,1495
1268: 1694,3124,3499,1738,964
1269: 814
1270: 3022,3234
1271: 
4526: 2526,3777
1273: 3602,1959
1274: 2699
1275: 2833,3165,3024
1276: 2741,1868,4550,3642
4411: 1390,4114
1278: 4120,4521,443,3736,1660
1279: 1214,2367,376,3744
1280: 
4204: 4307
4760: 1690,347
4734: 1694,1567,3188,1794
1284: 977,775,663,2478
1285: 70
1286: 3367,851
1287: 4347
1288: 2189,1195,4228,4140
1289: 840,1803,2256
1290: 2509
1291: 3887,4078,2927,2336
1292: 4730
1293: 516,2830
1294: 4047,4813,3273
1295: 2266,3349,3910
1296: 15,76,1613
4808: 4652
1298: 434
1299: 4173,1809,1863
1300: 1802,3956,300
4781: 883,671,1332,59
1302: 2517,2474,719
1303: 2095,3174,148
1304: 2877,1789
1305: 
1306: 
1307: 4502,4151,406,1842
1308: 
1309: 410
1310: 321,4111,4778,2719,4076,4075,4783
1311: 2046,2681
4085: 2066,1409,378
1313: 2,3450,3467
4029: 4154,2171,2592
1315: 3243,1259,863
1316: 1931,2481,3681,2795,723
1317: 2278,3482,4320
1318: 817,4571,3807
1319: 4024,2277,4332,461,4591
1320: 140,3238
4210: 739,1350
1322: 3312,1704,729,3959,4608
1323: 2071,2582,357,1433
1324: 2019,2250,4257
1325: 3593,435,3625,4796
4263: 2324,4617,720
1327: 2785,4015,3315,3964,930
1328: 3095,913,710,3231
1329: 2496,1018,4344
1330: 1895,2768,929
1331: 
1332: 3,59,665,4781,3661
1333: 703
1334: 3504
1335: 1110
1336: 1201,26,3158
4772: 4563,3625,2531
1338: 
1339: 1150,2450,1991,3322
4209: 4807,4691,3325
1341: 4339,1752,4391,1620,493
4557: 685,917
1343: 77,11,289,3328,4109,4229
1344: 
1345: 3767,3748,1766,834
1346: 2459,1136,3910,2266,365
1347: 1439
1348: 845,254
1349: 
1350: 3642,4210
4535: 3529,1071
4817: 3846,4822,3815,2893,2809
1353: 784,3238
4378: 3162,4060,4176,337
1355: 2273,1184
1356: 
4776: 1778,3733,4806,2429,684,88
1358: 
1359: 2269,1910,1203
3980: 4403
1361: 4778,2719,2102
1362: 348,1,2156,4184,305,3687
1363: 2618,437,4581
1364: 3934,4052
1365: 
1366: 1635,4290
4685: 1974,3280,1485,871
1368: 4261,4340
1369: 375,3948,1382,4386
1370: 2687,414,1164
1371: 1744,2580
1372: 877,4459,2212,4230
1373: 2799,4791,751
4466: 4052
1375: 2676,3832,733,297
1376: 2052,4135,239,697
1377: 1397,711,1840,911,4586
1378: 1713,3038,622,3222,4670
3962: 1179,3055,1636
1380: 1767,1463,4486
1381: 2748,3671
1382: 1162,2364,4386,1369
1383: 3132,2479
1384: 4030,1661
1385: 2541,3835
1386: 1699,3942
1387: 
1388: 1541,3185,3655,965,2168
4098: 3860,4512
1390: 4411,4114
1391: 
1392: 4194,3849,3557,1955
1393: 2670,3500
1394: 3068
4563: 4772,1854
1396: 4198,4005,4102,2146,4438,3200
1397: 1377,711,1840,911,4323,3838
1398: 1530
4090: 160,169,514
1400: 1428
1401: 1540,4699
1402: 
4339: 1341,1752,3349,2245,4391
1404: 1602
1405: 1441,2017,491,3737
4552: 3373
1407: 644,3490,2941,4578,4115
1408: 300,3369,2000
1409: 1893,378,4085,3398
4784: 4682,1686,987,968,4657,4180,2087
1411: 937,1018,2652,4562,173
1412: 4576,3682,2204
1413: 2664,936,3509,1927,1086,2822
1414: 1867,4312,1257,4283,2401
1415: 2366,2585
1416: 
4510: 3383,1961
4287: 
1419: 407,3938,550
4692: 3213,1941
4520: 3978
4578: 600,4115,2548,1407,3490
1423: 2961,1076,3787
1424: 3357,853,2207,1968,3607
1425: 52,425,3323
1426: 323,2058
1427: 
1428: 1400
1429: 
1430: 311,2471,1068
1431: 4437,4093,4818,2461
1432: 4074,3935,232
1433: 4470,4138,1323,357
1434: 2889,4810,2399
4251: 4767
1436: 3365
1437: 3976,1712,1688
4176: 3958,337,4378,3663,2005
1439: 1347
4388: 3460,2589,174,4770,940
1441: 3438,2017,1405,3677,4551,3645
1442: 
4162: 4728,153
3958: 4176,337,3663,3235
1445: 4739,824,3887
1446: 3207,2194,3148
1447: 722
1448: 1223,948
1449: 3041,869,1749,3212,185
1450: 622,2896,3792,3038
1451: 2162
1452: 2685,4782
1453: 3361,3207
1454: 4113,30
4133: 3063
1456: 
1457: 4575,627
1458: 2597,34,481,3793,3607
1459: 4095,4723,1031,527,2131
3960: 957,2500,2362
4729: 2956
1462: 2825
1463: 3351,344,1806,1767,1380
1464: 3217,3627,2579,4352
1465: 2540,2484,1200,1012
4536: 3827,3930
1467: 4603,3219,4368,3711,4410
4442: 470,4314
1469: 906,746,4632
1470: 1130
1471: 4151,3160,531
1472: 
1473: 1674,2299
1474: 3604,3420,3105,752,1840,4323
1475: 891,4010,2629,904
4606: 1611,1795,4765
1477: 4341,4805
1478: 4448,1966
1479: 2820,4399,933,4686,2931
4205: 3439,1107,281
4455: 2015,2560,4705,1241,91
1482: 2498
1483: 
1484: 2761,125
1485: 2164,4627,3280,4685,871
1486: 1785,3127,3323
1487: 2504,158,864
1488: 3137,4039,2703
1489: 804
1490: 909
1491: 1581,1565,2111,412
4573: 1733,2100,3153
1493: 1927
3990: 
1495: 3343,1267,3545,4239
3969: 3416,3633
1497: 2139,4106
1498: 1115,1664
1499: 373,167,921
1500: 4757,1719
1501: 153,3760
1502: 4501
1503: 3054,2730,1245
4297: 
1505: 3120,1208,3250
1506: 2866,710,317
1507: 3401,3443,1804
1508: 2721,2473
1509: 196
1510: 4724
1511: 4788,508,606
1512: 268
4816: 4004,2284,2065,3184
1514: 545,4190,3876
1515: 2359,712,4101
1516: 580
4625: 3201,3612,4623
4030: 1384,4469
1519: 1047,938
1520: 3712,4502,4492
1521: 313,4083,4683,2788
4653: 4452,3482
3985: 3819,584,2773
4608: 2813,3842,729,1322,1541,3655
1525: 463
4793: 
4179: 
1528: 2857,2955
1529: 2988,1590,4334,2935
1530: 1398,2890
4412: 2799,1144,859,751
4253: 1779,2709,4219
1533: 3014,3029
4252: 1183,4821,4447,429
1535: 1213,3742,4820,61
1536: 2779,3329
4396: 
1538: 1219,4803,2988,2953
4801: 437,4763,771,577,3630,991
1540: 1401,1617
1541: 1388,3655,729,4608
1542: 567,1945
1543: 
1544: 794,949,4413
1545: 1126,4065,115
1546: 4184,4482,4481,4295
1547: 1608,2604
4175: 94
1549: 3257,1977
1550: 1869,2113,163,4783
4237: 2846,4261
4802: 2737,4079,4654
1553: 1689,4556,4458
1554: 3869,279
1555: 3829
1556: 656,4744,1784,292
4384: 3479
4399: 2820,1479,4049,294,933
1559: 773,2832
1560: 2766,4295,1212
1561: 2650,410,3879
4132: 3366,3681,2702,1046,2726
1563: 3768
1564: 986,3244
1565: 1491,2209,1027,4037
1566: 2851
1567: 1694,3124,127,2420,4734
1568: 
1569: 1884,3338
1570: 3908,504,2181,4558
1571: 3158,3524,272,1905
1572: 
1573: 155
4677: 
1575: 3200,4616,2581,1780,4542
1576: 1755,833
1577: 3878,1086,1927
1578: 2930,3937
1579: 1773
1580: 3143,3396
1581: 1491,388
1582: 3244
1583: 4144,4440,4725
1584: 2525
1585: 2064,3897,4638
1586: 1690
4154: 4029,2171,2701,264
1588: 4032,2599,4705
1589: 4658,1627
1590: 1529,4334,2935
1591: 1074,2598,4319,2462,707
1592: 943,3819
4658: 1589,1627
1594: 4017
4260: 
1596: 3152,343
1597: 2928,4559,2178
1598: 1862,3818,529
1599: 1755,3308
4581: 3841,1363,2184
4242: 4054,2619,2640,4679
1602: 1404
1603: 4216,2300
1604: 1005,81,2004,1970
3987: 648,597
4421: 3917,2128,1944
1607: 3055,4283,1257,1987
1608: 1547,835
1609: 1650,2884
4644: 
1611: 4606,1795,3540
1612: 2286
1613: 2859,1784,76,1296
1614: 4645,626
1615: 
1616: 2117,4055,942
1617: 3605,1540
1618: 2032
4478: 
1620: 4391,4185,1341,493
1621: 236,824
1622: 3169,887,4574
1623: 
1624: 3297,4777
1625: 4387,3151
1626: 1265,3081,1236,1900
1627: 1589,4658
1628: 2452,3515
1629: 1106,2132,2318,3233
1630: 4089,3806,1808,3978
1631: 2489,3090,4650
1632: 1985,1879,1904,868,2121
1633: 2547,3859,287,2073
1634: 4189,1252
1635: 2222,4290,1366
1636: 592,3962,1179,3055
4256: 2537,4640,977
1638: 2776,564
1639: 
4193: 81,157,2350,278,304
1641: 3690,835
1642: 131,2126,4490,1255
1643: 978,2603,85,3271
1644: 1184,4676
1645: 
1646: 3727,1855,4086,2714
1647: 2164,1051,4769
4028: 1895,2768,3475,2760
1649: 2370,4506,4798
1650: 1609,2884,4768
1651: 190,3747,511
4390: 985,2760
1653: 2339,349,4192
1654: 3593,435,560,4445,1892
1655: 4211,2636,366,3644,4096
4770: 174,166,3751,3337,1862,3818,3199,1205,3839,2203,4388
3992: 
1658: 392,2239,2532
1659: 4277,3770,2515
1660: 2252,1278,4521,443,4483
1661: 1194,98,1384
1662: 
1663: 
1664: 1115,1498,488
1665: 3183
1666: 245,2432
1667: 
1668: 2804,3771,2730,4700
1669: 341
4788: 1511
1671: 1701,256
1672: 1804,3555
1673: 
1674: 1473
1675: 2473
1676: 64,4190,2309,4011
1677: 4118,3836,438
1678: 
1679: 3005,3552,284,795
1680: 3384,983
1681: 3799,2487,1122
1682: 879,2488
1683: 314,3956,1230,444
1684: 2528,99,4406,4544
1685: 1973,4207,2370,4129,4051
1686: 4784,4180,2087
1687: 1088,4550,4365
1688: 3811,1437,190,1261,4659
1689: 1553
1690: 4760,1586
1691: 3197,2234,924
1692: 
1693: 2501,4619,3700
1694: 3124,1268,1567,4734,3188,964
1695: 3034,3081,3051
1696: 3813
4328: 
1698: 2904
1699: 1386
1700: 
1701: 2502,1671,256
1702: 500,1991
1703: 3834,3767
1704: 1322,3312,18,729
1705: 1859,673,36,541
4430: 
1707: 4368
3963: 
1709: 398,3660
1710: 3730,4743
1711: 2688,3190
1712: 3811,664,1437
1713: 1378,3222,4670,523
1714: 4419
1715: 4147,2298,1104
4617: 1226,2324,4263
1717: 3744,4456,2811
1718: 
1719: 2622,1500
1720: 3706,3138,68,22
4528: 4649
1722: 2229,436,2443
4172: 4352,533,3303,3701
1724: 2884,3133
1725: 2682,3495
1726: 
1727: 2053
1728: 3030,3383,2784,63
1729: 4119,4345
4700: 3109,3771,2804,1668
1731: 4158
1732: 2552,373,2785,2613,1867
1733: 479,4573
3972: 4122,685
1735: 2387,173,3419
1736: 1990,3176,590
4403: 3980,2387,2404
1738: 1211,3202,3499,1268
1739: 4258,2146,4005,3374
4314: 470,4442
4749: 
1742: 4457,3756,647,3011,3259,2878
4222: 4212,3479,2460,0
1744: 1371,2855
4815: 3854,4726,3156,438,692,2711,2629,904
1746: 2556,3901
1747: 4655,175
4360: 2424,2623
1749: 3212,2869,1449,3041
1750: 4185,874
4708: 316,568,2636
1752: 1341,4339,3577,1095
4640: 2537,4256,4637,1769,4758
1754: 4452
1755: 1599,3308,833,1576
1756: 
1757: 415,2033,54,242
1758: 2953,79
1759: 1149,2556,4514
4059: 4099,3857,2195
1761: 
1762: 3734,4567,3855
1763: 4401,1164,3343
1764: 
1765: 
1766: 3767,1345
1767: 1380,3351,1463,2277
4208: 612,3942
1769: 1969,4640,4551,4758,3645
1770: 447,243,3181,2393,4792
4249: 
1772: 2806
1773: 3072,1579
1774: 4330,286
1775: 3888,2825,224,2795,3617
4164: 
1777: 3008,824
1778: 3733,4776,88,2579
1779: 4253,1246,2712
1780: 4542,3200,1575,344
4661: 4715
4575: 3516,1457,1197
1783: 41,1174
1784: 1556,2859,1613
1785: 1486,3127,2159
4104: 
1787: 834,740
1788: 498,2113,2344,436
1789: 305,4481,1304
1790: 3638
1791: 548,624
1792: 4602,1242,4286
1793: 3918
1794: 3188,3623,3659,4734,3881
1795: 4606,1611
1796: 2251
1797: 
1798: 1915
1799: 2911,2578
4185: 1750,874,1620
1801: 3356,2417
1802: 3956,1300,3810,1230,2844
1803: 2609,2213,1289,3355
1804: 3555,3443,1672,1507
1805: 3306
1806: 3351,344,1463,478,953,3530
1807: 4775,3726
1808: 2893,3806,1630
1809: 4173,2608,876,2067,1863,1299
1810: 425,1178,2571
1811: 2743,837,3115,4818
1812: 2343
1813: 3474
1814: 3546,1078
1815: 4325,2848
1816: 1026,4119,3142,4795,3339
1817: 3329
1818: 2118
4747: 2833
1820: 2407,3308,472
1821: 
1822: 3545
1823: 974,2761,2033,705
1824: 1829,3650,973,172,4810
1825: 3736
1826: 
1827: 1185
4359: 549,4727
1829: 2692,3948,1824,172,4810
1830: 
1831: 
1832: 3871,4266
1833: 
1834: 1890
1835: 4189,4407,4177
1836: 2330,1965,345,3035,2919
4425: 3998
1838: 1863,3935,876,4624
1839: 
1840: 1397,1377,2958,1474,4323
1841: 1201,4130
1842: 1087,406,1307,4502
4097: 
1844: 555,2778,4146,2224,3173
1845: 4136
4214: 3993,853
1847: 2891
1848: 
4306: 1011,3716
1850: 3247,3108,419
1851: 4593,695
1852: 3586,2992
1853: 4382,4794,3174
1854: 2889,3724,4563
1855: 3085,1646
1856: 605,2864
1857: 3528,3943,2756
1858: 998
1859: 1705,4257,541,4063
4022: 3131
4060: 4378,3162,1157
1862: 3818,1598,3199,1234,4770
1863: 1838,876,1809,1299
3931: 1006,2653,4031
1865: 2936,3398
1866: 4366
1867: 1414,1732,2892,2401
1868: 2741,1276,3642,2139
1869: 4076,3271,85,1550,4783
1870: 2655,1928,2497
1871: 3716
4100: 1896,2985,2706,183,4693,4823
4676: 1644
1874: 3471,4033,3567,2279
1875: 2675,4240,3298,2415
4115: 4578,600,990,1407
1877: 3004,2450
4743: 1710
1879: 1632,832
1880: 2602,4494,577,3630
4081: 3147,4516
1882: 658,4804
4122: 685,3972,2952
1884: 1569
1885: 2981,78
1886: 4451,2017,2420
1887: 3150,4422,1037
1888: 3395,2520,4196,2540
4541: 
1890: 1834
1891: 4385
1892: 4445,4143,4672,1654,560,413
1893: 1409,378,1934
1894: 
1895: 4028,2768,1330,929
1896: 4100,2985,2706,3012,4823,75,1099
1897: 2604,332,338
1898: 3080,45,2331
4809: 4678,640,98,555
1900: 2863,1236,1626
4643: 2177,683,2887,2698
1902: 
1903: 538
1904: 4574,832,1632,2121
1905: 4019,346,1571
1906: 868,2695,3470
1907: 2026,3121
4301: 
4427: 2061,3452,2091,3050,854
1910: 4662,2269,1359
1911: 3808,2248
4699: 2942,23,1401
1913: 705,2669
1914: 1024
1915: 1798,2387,173
1916: 638,1206,4736
1917: 3299
1918: 127,4451
1919: 953,3154,49
1920: 3557,4134,4764
1921: 3843
1922: 3765,61
1923: 758
4069: 4404
1925: 4798,2496,4754
1926: 
1927: 2664,1413,3580,1086,1577,1493
1928: 298,2543,238,1870
1929: 
4402: 2039,812
1931: 2481,1316,893,227,451,3681
1932: 2570,3988
4611: 4195,3033,4748
1934: 3486,1893
4697: 2325,2673,232,4822
1936: 
1937: 3036,533
1938: 2092,3628,2202
4400: 3740,3248,1050,3236
1940: 1114,3644
1941: 666,4692
1942: 825
4669: 145,2341,4800
1944: 1077,2128,4421,3917
1945: 1542
4495: 
1947: 3309,3916
1948: 1120,914,3977,2724,177,3821
1949: 4598
1950: 788,3245,3608,2071
1951: 
4140: 1195,4228,3169,3353,1288
1953: 2060
4129: 4051,1685,1260
1955: 141,2659,3557,1392,4766
1956: 4337,237,4518,2864
4364: 3388,1037
1958: 4601,610,2318,2995,4308
1959: 1273
1960: 37,4813,352
1961: 4510,3743
1962: 4491,4007
1963: 3346
4493: 
1965: 345,4128,1836,2330
1966: 1478,3666
1967: 4050,2077
1968: 3357,1424,3746,4322
1969: 1769,3645,2075
1970: 2004,3781,81,157,1604
1971: 3994
4223: 4289,2530,1091,2868
1973: 1685,4207,2370
1974: 4685,433,908,3280
1975: 562,2210,346,2623
1976: 3417,919,602
1977: 1549
1978: 2163
1979: 395
1980: 2536,2024,3844
1981: 2613,4312
4074: 1432,2982
4041: 4183,935,4159
4489: 
1985: 1632,3203,868
1986: 4671,3481
1987: 4596,2344,1257,1607,725
1988: 4539,3147
1989: 2773,584,849
1990: 3203,1736,3176,4678
1991: 1339,500,1702,3322
4009: 3702,161,802,4499,4794
1993: 2817,2599,4032,3709
1994: 2854,3884
4555: 2232
4566: 3595,4774
1997: 401
4147: 1715,456,2298,3714
1999: 921,1090,1008,2419
2000: 1408
2001: 2264,4456
2002: 4050,4091,2077,2652
2003: 2677,3830,4033,3567,3512,2410
2004: 1970,1005,2572,1604
2005: 3663,4176
4068: 2708,1057,2356
2007: 472
2008: 
2009: 815,4711,4141,206
2010: 3094,4803,3417
4401: 1763,2103,4073
2012: 625,2099
2013: 247,4722,3850,4792
2014: 2026
2015: 2560,4455,2528
4574: 1904,832,4434,887,1622
2017: 1441,1405,4551,1886,491
4769: 3816,4807,2164,1647,871,2426
2019: 1324,2250,2752
4624: 2608,876,3204,1838
2021: 4308,528,610,1262
2022: 
4180: 3354,1686,4784
2024: 1980,2168,3844
4485: 2172,4468
2026: 1907,2014
4654: 4802,2737,3145
2028: 1262,2630,818,4381
2029: 3627,3036
2030: 3041,3510,3458
4332: 1207,461,3640,1319,4235,4591
2032: 2751,2296,1618
2033: 415,1823,705,54,1757
4765: 115,4606,609,2814,234
4607: 1229
2036: 
2037: 3625,2531,4017,2743,4818,435
3975: 4589,4665,4144
2039: 4402,2685
4283: 1607,3055,4312,1414,1257
4547: 1009,3986,2433,3135,2086
2042: 3378
2043: 3533,624,2747
2044: 503,2915
2045: 
2046: 1311,2900
2047: 3700,1256,2608,2067
2048: 532,263,4188,3779
2049: 2139,2142,2791
4174: 3309,4106
2051: 3244
2052: 1376,2630,239,697
2053: 1727,3733
2054: 524
2055: 675,4310,2342
4083: 1521,313,947,2901
4087: 112
2058: 507,1426
2059: 
2060: 3914,1953
2061: 3452,4427,3776,854,2218
2062: 3826,120,1082,4295,4482
2063: 
2064: 1585,2274,3897,2593
2065: 2284,3363,4816,4405
2066: 4085,378
2067: 2608,2047,331,4173,1809
2068: 
4756: 895,4365
4121: 1063,1183,475,3267
2071: 1323,1950,3608
4631: 3441
2073: 777,287,1633
2074: 4046,1242
2075: 958,3645,1969
3967: 3565
2077: 2002,4050,1967,3419
4106: 4174,1497
2079: 
2080: 2959
2081: 2617,2879,4181
4449: 2860,4079
4218: 4383,1001,615
2084: 
2085: 924,3057
2086: 3135,1026,3464,4547
2087: 3702,802,4682,1686,4784
2088: 516,3595,3112
2089: 3978,4553
4508: 671,2707
2091: 3050,3217,3452,4427
2092: 1938,2909,3067
4813: 352,2468,3120,37,1960,4047,1294,3273
4586: 4450,1377
2095: 3174,1303,2843
2096: 3007,398
2097: 657,2153
2098: 904,4010
2099: 625,2012
2100: 3153,4573,3404,527
2101: 927,3559
2102: 301,4778,1361,1025
2103: 4401,4073
2104: 3715,4377
2105: 2111,3874,3731,3673
4292: 2587,3632,430,3641
2107: 3906,4480,4227
4703: 2523,407,3938,4798,2823
2109: 2246,4303,4799
2110: 2422,431,2430
2111: 3874,2105,412,1491
2112: 3933
2113: 498,3316,1788,1550,163,4783
2114: 3463,2267
4593: 1851,3596,1083,517
4550: 3642,1088,1687,1276
2117: 1616,4055,49,942
2118: 1818
2119: 4691,2137
2120: 3206,3085
2121: 2189,1632,1904,868
4678: 4809,640,1990
4053: 
2124: 3291
2125: 633,2851,1069,3619
2126: 3710,131,1642,4627
2127: 3108,914
2128: 3919,513,4421,1944
2129: 4112,438
4635: 2981,993
2131: 527,1459,4095,4723,564
2132: 3480,1134,4424,1629
2133: 3290,580,2695
2134: 
4231: 4158
2136: 413,3514,1190
2137: 4534,3497,2119,971
2138: 2780,903
2139: 1497,2049,1868
4192: 1653,2339,1010,2722
2141: 3157
2142: 2049
2143: 
4569: 3468,704,2378
2145: 4714
2146: 4102,1739,4005,1396
2147: 1060,2559
2148: 273
3956: 1802,1300,1230,1683
4191: 3922,3730
2151: 2687,2887,1164,3343
4408: 408,4362,279,2912
2153: 3077,2870,2097
2154: 3643
4324: 
2156: 1,1082,4766,348,4663,1362
4370: 
2158: 2867
2159: 3127,3018,339,1087,4305,755,1785
2160: 
2161: 993,3116,545
2162: 1451
2163: 1978
2164: 4627,1485,1647,871,4769
2165: 4288,2937
2166: 
2167: 1215,4634,1031,4723
2168: 4270,965,1388,3655,3842,2024
2169: 
4707: 4051,4766,4663
2171: 3519,4154,4029
2172: 3615,4485,4468
2173: 
4279: 2635,92
2175: 1123,4394,3893
2176: 543,669,3057,3725
2177: 3343,4239,2887,2698,4643
2178: 4226,2928,1597,4559,1072
4177: 1835,3486
2180: 
2181: 3908,1570,4558,3411,2649,2250
2182: 3801,3966,4064,2635
2183: 3053
2184: 2504,3841,4581,2750
2185: 
4257: 1324,2250,1859
4144: 4665,3975,4440,1583
2188: 140,202
2189: 2121,1288
4696: 2875,3699
2191: 52,3554,4719
2192: 3803
4454: 3653,102
2194: 3207,1446
2195: 3248,4099,212,4059
4753: 355,1061
2197: 
2198: 4042,453,2977,2582
2199: 697,2508,3582
2200: 4291,310,2996
2201: 
2202: 3628,1938,885
2203: 3818,4770,469
2204: 2678,4713,3682,4576,1412
2205: 3503,2594
2206: 1095,3996,493
2207: 3607,1424
4312: 1414,1981,4283
2209: 1565
2210: 1975,562,3671,366
2211: 623,4720,4702
2212: 877,3176,1372
2213: 229,840,3355,1803
2214: 1155
4347: 3926,1287
2216: 3079,2677,4804
2217: 3364,3443,4812,3401
2218: 854,902,2061,523
2219: 
2220: 1193,3721
2221: 
2222: 1635
4352: 4172,1464,3217
2224: 845,785,3173,1844
2225: 4116,2961,1076,4795
2226: 2385
2227: 3477
4500: 4800,4349,8,2944
2229: 1722,2443,3372,165
4726: 3854,4815,4542,424,692
4674: 4392,2333
2232: 4555
2233: 2753,455
2234: 1691,3197,601,543,669
4418: 2539,51
2236: 
2237: 3390
4215: 254,785
2239: 1658,392,233,2532
2240: 
2241: 2306,166,3199
2242: 
2243: 
2244: 
2245: 3349,2455,4391,4339
2246: 2109,4303,287
2247: 3246,3904
2248: 3808,1911
4017: 1594,2037
2250: 2019,1324,2649,2181,4257
2251: 619,3708,1796
2252: 808,1660
2253: 
2254: 4361,4341
2255: 
2256: 2847,1289
4758: 4551,2537,4640,4637,1769
4078: 3399,1291,2927
2259: 1086,3227
2260: 3352,1167
2261: 
2262: 2960
2263: 
2264: 2001
4622: 592,85
2266: 1295,3910,1346,3577
2267: 3463,2114
2268: 4113
2269: 620,1359,1910
4391: 1620,2245,1341,4339
2271: 3773
2272: 3508,4142,3268,4580
2273: 842,1355
2274: 2064
4109: 3328,4416,1343,11,3379,2562
2276: 2756,1121
2277: 1319,4024,3530,3351,1767
2278: 3482,1317
2279: 4371,1874,1189
2280: 1165,2836,2817
2281: 3637
2282: 
2283: 42,524
2284: 4816,4004,2065
2285: 754,3954,4811
2286: 1612,4020
4805: 464,1477
2288: 602
2289: 
2290: 
4337: 1956,3180
2292: 2482,4298
4077: 
2294: 
3994: 3606,1971
2296: 4294,2751,2032
4289: 2530,4223,3037,4823,3175,1091
2298: 1715,456,4147,1198
2299: 1473
2300: 197,3927,1603
2301: 4329,3780
4385: 238,1891
2303: 3294,4447,874
2304: 819,4365,829
4534: 2137,2553,935
2306: 2241,166,411,908
2307: 2760,4735,2768,315
2308: 3029,73
2309: 64,1676,4190,3116,3044
4181: 67,2617,2081,3660
2311: 4618,2595,841
4519: 
2313: 110,2391,1104
2314: 1149
2315: 866,2987
4334: 1529,2988,1590
4525: 
2318: 3233,1106,1629,1958,4601
2319: 3918
2320: 3925,3058,2848
4196: 2540,1888
2322: 285,4007,4812
2323: 2924,803
2324: 4263,1182,4617,720
2325: 4697,2673,4532,4822
2326: 2503,3613
2327: 1069,3619,3612,3195,4351
4787: 2861,1173
2329: 
2330: 1836,615,1965,345
2331: 45,1898
2332: 2951
2333: 4197,4674,3696
2334: 339,3982,3298,755
4612: 2402
2336: 3386,2638,1291
2337: 2905,918,4822
2338: 4020,686,4768
2339: 1653,4192,2722,772
4610: 694,3013
2341: 145,4669,4800,4349,3563
2342: 474,2055,675,3911
2343: 778,1812
2344: 4596,1987,436,1788
2345: 3568,3084
2346: 1247,4785
2347: 4254,3860
4202: 
4461: 4819,4311,228,334
2350: 4193,81,304,654,3513
2351: 888,3814,529
2352: 967
2353: 66
2354: 706
2355: 2771,2513
2356: 1057,4068
4818: 2461,1052,2469,3115,2430,1811,2743,1431,2531,2037
4044: 3957,2742,2637
2359: 4003,712,1515
2360: 28,946,3879
2361: 2666
2362: 3960
2363: 134,4592
2364: 1382,1162,4386,769
2365: 4012
2366: 1415,2585
2367: 1279,1047,376
2368: 3103
4131: 3288,4373,798,356
2370: 1649,3618,1973,1685
2371: 394
2372: 972
4194: 1169,1392,2416,3940
4687: 
4735: 2307,2760,3264,889
2376: 4130,284,3556
4105: 
2378: 2847,704,4569,4626
4230: 2724,1372
2380: 4649
2381: 2939
2382: 2994,3666
2383: 2388,4155
4119: 3658,4795,1729,1816
2385: 2226,192
4197: 2333,3461
2387: 1735,173,1915,3419,2404,4403
2388: 322,2383
4417: 
4655: 3582,1747
2391: 110,2313,4705
4094: 748,3384,4346
2393: 3181,247,1770,4792
2394: 897,4812
2395: 
4474: 3765,61,1213,3817,4475
2397: 
2398: 
2399: 1434,4810
2400: 
2401: 725,1867,1414,1257,2892
2402: 324,4612
2403: 3294,4821,4544
2404: 2387,3419,4403
2405: 3250
2406: 4487
2407: 3678,3387,1820
2408: 332,816
4616: 4438,3200,1575,2581,573
2410: 460,255,2003,3830,3567
4167: 
2412: 3269
2413: 2705,4651
2414: 
2415: 3298,1875
2416: 4182,4194,3940
2417: 1801,1138
2418: 17
2419: 3500,2999,3959,1999,2858
2420: 491,1886,127,1567
4649: 2380,4528
2422: 2110,541,4093
2423: 852,2750,3457,3841
2424: 2623,606,4360,508
2425: 4127
2426: 528,4769,4807,3325
2427: 4774,952,603,389
4003: 2359,2706,75
2429: 684,4776
2430: 2469,3115,431,2110,4818
2431: 368,807,1100
2432: 1666
2433: 1009,4547,3986,2530,2989,3377
2434: 
2435: 2718,3216
4665: 4589,3975,4144,884,4440
2437: 3611,4618,364
2438: 2522
2439: 3241,4764
2440: 62
2441: 
2442: 
2443: 1722,2229,436,1246,3553
4609: 3764,96
2445: 
2446: 3073,1219
2447: 
4491: 3329,1962,2779
4079: 4802,2737,4449,2493,3792,3338
2450: 1339,1150,1877
4472: 3345,4277
2452: 1628,1071,276,638
2453: 3416
2454: 370
2455: 3349,3758,2245,3102
2456: 726,68,3185,4270,965
2457: 2491
2458: 
2459: 3202,1346,1136,2888
2460: 4222,0
2461: 4818,1431,3321
2462: 707,3232,1591,2598
2463: 
4730: 1292
2465: 334
2466: 
4715: 4661
2468: 4813
2469: 3115,2430,4818
2470: 3773,4775
2471: 311,1430,756,820
2472: 1014
2473: 1675,1508
2474: 3342,1302,4195,719
4782: 1452,3705,368
4247: 3114
4690: 
2478: 663,1284,214,3209
2479: 1383
2480: 3691,479
2481: 1931,1316,893,723
2482: 2292,4298
3984: 3664
2484: 3604,3105,1465,1200,544
4543: 
2486: 4737
2487: 3799,1122,1681
2488: 1682
2489: 1631,3626
4456: 3744,2001,1717
2491: 2457
4754: 1925,3523
2493: 3494,2737,4079,2896
4032: 3709,1588,1993,2817,2599
2495: 3646,2922,144,221
2496: 1329,450,1925
2497: 4554,2655,1870,111
2498: 1482
2499: 885
2500: 3960,957,1243
2501: 1693,3693
2502: 1701,3393,1093,642,467
2503: 2326,3205
2504: 2184,1487
2505: 1179,978
2506: 2592,4126
4482: 1546,4184,2062,1082,4295
2508: 4135,2199,697
2509: 1290,2983
4037: 996,2616,1565
4672: 4143,4445,258,1892
2512: 532,4278,3775,2642
2513: 3392,3418,2771,2355
4465: 3550,4680,2563
2515: 1659,4811
3949: 
2517: 3245,1302,719,3749
2518: 4439,2598
2519: 612
2520: 3395,1888,3674,3723
2521: 
2522: 2438,4755
2523: 4703,2776,4798
4406: 99,1684,3294,4544
2525: 1584
2526: 4526,3777,583
2527: 4330,264
2528: 1684,2015
2529: 4150,606
2530: 4289,4223,2433,3377,2868
2531: 3625,2037,4818,1052,4772
2532: 1658,2239,233,1096
4130: 1841,1201,2376
2534: 
3941: 3897,917,628
2536: 1980,89,484
2537: 4256,4640,4637,4161,4758
2538: 4453
2539: 4418,2832
2540: 4196,1465,1888,3105
2541: 1385
2542: 4684
2543: 1928,238,1064,3068
3968: 3094,4806,367
2545: 900,2570
2546: 
2547: 3554,1633
2548: 4512,3490,4578,600
2549: 3247,298,1151
2550: 4356
2551: 4459,590
2552: 1732,373,930,2785
2553: 4381,4534,935
4736: 3503,1916,638
2555: 3063
2556: 1746,1759
3983: 2807,393,3319
2558: 4652,762
2559: 1179,2147
2560: 2015,4705,4455,110
2561: 1113,4394
2562: 3379,11,4109,4762
2563: 4465,4680,2853,3227
2564: 
2565: 1243,707,513
2566: 4657,2746,284
4409: 3745,3780,3639,450
2568: 3488,632,4377
4033: 2003,2677,3567,4804,1874,3471
2570: 1932,900,2545
2571: 1178,1810,425
2572: 1005,3771,2004,216
2573: 
2574: 1189
2575: 3131
2576: 3430,1197
2577: 522,3554
2578: 1799,2911,3458
2579: 3627,1778,88,1464
2580: 1371
2581: 1575,4616,3854
2582: 2977,357,453,1323,2198
4330: 2527,286,1774
2584: 393,4124,724
2585: 1415,2366
2586: 
2587: 4292,3632
2588: 3988
2589: 4388,3460,3476,940
2590: 3368
4437: 1431,255,1101,3335
2592: 4029,2506
2593: 3897,2064
2594: 231,2205
2595: 4618,661,2311,4615
2596: 730,52
2597: 34,1458,4580,481
2598: 1591,4439,2518,2462
2599: 1119,1993,4032,3709,1588
4015: 2785,1327,3315,2613
3942: 1386,4208
2602: 3649,1880,3180,3358
2603: 230,978,223,1643
2604: 1897,1547
4486: 424,1380
4686: 3930,1479
2607: 3873,3211,3619
2608: 876,4624,2067,2047,1809
2609: 1803,3793,34,4580
2610: 2686,3650,2696,3321,3905,3724
4042: 2198,3532
4310: 2658,2055
2613: 1981,2785,4015,1732
2614: 2775
2615: 227,451,3534,3903
2616: 3673,996,4037
2617: 2081,3660,4181
2618: 1363,2816,698
2619: 4241,3223,4242
2620: 2781
2621: 3537,3006
2622: 1719
2623: 2424,1975,4360
2624: 4546
4362: 4408,3795,2912
2626: 
2627: 
4011: 2674,340,64,1676
2629: 692,2711,904,4815,1475
2630: 2052,239,2028,818,294
2631: 252,3443,4537
2632: 3921,635,4065
2633: 3386,3423
2634: 1135
2635: 4279,3966,3801,2182
2636: 4211,1655,366,316,4708,3644,4096
2637: 4044,3957,3231
2638: 3386,2336
4789: 789,86,3381
2640: 3223,3543,4054,4242
2641: 790,2810
2642: 2512,3775
4141: 3192,2009,4711
4657: 968,2566,987,4784
2645: 220
2646: 3794
2647: 1120,681,4055
2648: 3050,854,902,2828
2649: 270,3411,2250,2181
2650: 410,2843,1561
2651: 2935
2652: 1018,1411,2002
2653: 1006,3931
2654: 432,730
2655: 3068,1870,4086,2497,111
2656: 4446,133
2657: 338,3315,2678,4713
2658: 28,946,3218,4310
2659: 141,1955,4207,4766
4296: 4768
2661: 
2662: 1050,3236
2663: 823,1157,717
2664: 1413,3580,936,3509,1927
2665: 
2666: 2361
4453: 291,2538
4502: 1307,1842,4492,1520
2669: 705,54,1913,770
2670: 1393,857
2671: 274,388
4206: 3857
2673: 2325,4697,232,3935,4532,4822
2674: 4011,277
2675: 4240,1875,3167
2676: 1375,336,4276,297,1168
2677: 2003,4033,2216,3079,4804
2678: 3285,2204,4713,2657,4576
4168: 
2680: 2959,3287
2681: 1311,3933
2682: 1100,3495,1725
4349: 4500,4800,2341,3563,2944
2684: 2798,4650
2685: 2824,2039,1452
2686: 3650,973,2610,2696,1056
2687: 2151,683,2887,1370
2688: 1711,4088,3190
2689: 3614
4005: 4198,3374,1396,4102,2146,1739
4199: 444,552,2920
2692: 3948,1829,4810
2693: 356,3946,3427
2694: 
2695: 1906,3290,2133,3470
2696: 3335,3321,4371,1056,2686,2610
4591: 107,2794,1319,1207,4332
2698: 1073,2177,4643
2699: 1274,3028
2700: 4763,3061,941,1231,698
2701: 1093,642,4154,264
2702: 1046,2726,4132
2703: 526,151,1488,3137
4459: 877,1372,155,2551
2705: 2413
2706: 4100,1896,2985,4003,75
2707: 3481,4508
2708: 4068,1053
2709: 13,4253,1246,3553
2710: 
2711: 2629,904,4815
2712: 857,165,1779
2713: 
2714: 846,4675,3085,1646,3727
2715: 2820,727
2716: 
4709: 3492,4178,1029,3584
2718: 2435,3416
2719: 4778,1361,4075,321,1310
2720: 
2721: 1508
2722: 1010,2339,4192
2723: 3422,872,4353
2724: 4230,177,3821,1948
4329: 428,2301
2726: 3155,2702,4132
2727: 728
2728: 4248
3954: 2285,4811
2730: 1245,216,1503,1668
2731: 767,3801
2732: 1253,1252
2733: 3352
4432: 
2735: 1254,4201
4102: 2146,4559,4005,1396
2737: 4802,4079,4654,2493
4303: 2109,2246,1065
2739: 
2740: 
2741: 1868,1276,3642,4227
2742: 2778,4044
2743: 1811,3115,4818,2037
2744: 888,767,3753
4052: 249,4466,1364,3934,4666
2746: 2566
2747: 102,2043
2748: 1381,544
2749: 
2750: 2423,3841,2184
2751: 3167,2296,2032
2752: 2019
2753: 2233,1084,3011,647
2754: 183,4693,4048,71,3350
2755: 4012,3599,3997
2756: 1121,1857,2276,3943
2757: 3558,3647
2758: 1161,417,4285
4066: 781,154,3537
2760: 2307,4735,4028,4390
2761: 974,820,1484,1823
2762: 715
2763: 
4308: 528,2021,2995,1958,610,3816
2765: 
2766: 4295,1560,1212
4004: 4816,2942,2284
2768: 1895,4028,1330,929,2307
4797: 
4304: 2789,764
2771: 2513,3418,2355
3935: 1838,1432,2673,232
2773: 1989,584,3985,3247,3069
2774: 
2775: 2614
2776: 1638,2523
2777: 870,744
2778: 555,1844,4146,2742,3095
2779: 1536,4491,3329
2780: 998,2138
2781: 2620
2782: 3518,1259,2954,143,3342
2783: 959,4720
2784: 4286,4602,1728,3030
2785: 4015,1327,2613,1732,2552,373
2786: 779,4294,4443
2787: 4149,4554,419
2788: 969,3146,4683,1521
2789: 4304
2790: 
2791: 2049
2792: 4746,3166
2793: 
2794: 107,4591,962,1191
2795: 2825,1775,3366,3681,1316,723
4382: 1853,4794,3772
2797: 
2798: 2684
2799: 1373,4412,1144,751
2800: 2985,4823,3175,1099,1091
3978: 2089,4089,1630,4520
2802: 
2803: 
2804: 1668,695,4700
2805: 
2806: 1772
2807: 3983,393
2808: 
2809: 4553,506,4817
2810: 329,2641
2811: 2954,1717
2812: 2905
2813: 4608,3842
2814: 609,3965,4765
2815: 3021
2816: 210,1231,3215,698,2618
2817: 1993,2280,4032
4422: 1887,938
4498: 4533,522
2820: 2715,4399,1479,4049
3976: 4492,738,1437
2822: 633,2851,1413,3509
2823: 4798,407,4703,3618
2824: 2685,3024
2825: 3888,1775,2795,3366,1462
4344: 937,1018,1329,1232
2827: 
2828: 644,3490,2648
4294: 4443,2296,2786
2830: 1293
4533: 4498,4016
2832: 2539,1559
2833: 1275,3282,4747
4050: 2002,4091,2077,1967
4020: 2338,2286,4768
2836: 4351,1165,2280
2837: 
2838: 
2839: 3508,4142,4125,479
4187: 3800,486,2881,3768
4440: 3102,4725,4665,4144,1583
3989: 3030,362,497,3624
2843: 2650,2095
2844: 1170,1230,3876,1802
2845: 
2846: 3662,4237,696
2847: 2378,4626,2256
2848: 4325,3925,2320,1815
4291: 2200,4732,310
4027: 317,3408,3534,3903
2851: 633,2125,2822,1566
2852: 617,3358
2853: 3156,2563
2854: 3925,1994
2855: 1744
2856: 4732,3696,4107,309
2857: 1528,2955
2858: 3372,1008,2419,2999
2859: 1613,1784
2860: 4449
2861: 4787,1173
2862: 
2863: 1900,2911
2864: 1856,4518,1956
3947: 4255
2866: 3182,1506,227,893
2867: 3305,2158
2868: 3341,2530,4223
2869: 1749,160
2870: 2153
4444: 3561
2872: 1072,4226,573
4725: 4440,3102,188,1583
4820: 1535
2875: 4696
2876: 4108
2877: 1304,328,829
2878: 1742
2879: 2960,2081
4404: 4069,1004
2881: 486,4187,3768
4159: 198,4041
4240: 2675,1875,268
2884: 1724,1609,1650
2885: 4680,3775
4082: 
2887: 2151,683,2687,2177,4643
2888: 1175,2459
2889: 3724,1854,1434,4810
2890: 4309,2996,4819,1530
2891: 1847
2892: 921,1867,1008,2401
2893: 3815,3806,4822,4817,1808
2894: 
2895: 445
2896: 622,1450,3494,2493,295
2897: 3517,3939,3274
2898: 365,278,304
2899: 
2900: 2046
2901: 3313,3928,947,4083
2902: 
4490: 569,1255,1642
2904: 1698,596
2905: 2337,1182,2812
2906: 
2907: 
2908: 4062,701,4462,1215
2909: 256,306,2092
4019: 1905,346,4150
2911: 1799,2578,2863
2912: 439,4408,4362
4025: 
2914: 3232,656,15,76
2915: 2044,1200,503,1012,40,1223
2916: 138,3542,4767,3220
2917: 539
4343: 475,3451
2919: 530,1836,345,3035
2920: 552,4598,4199
2921: 4061,2925,476
2922: 2495,123
2923: 
2924: 2323,803,396
2925: 4061,2921,3514,476
2926: 3547,3464,4363,4823
2927: 4527,4078,1291
2928: 1597,111,2178
4219: 3411,4253,336,3163,4558
2930: 1578,3937,3847
2931: 3930,1479,4183,933
2932: 
2933: 
2934: 865,3786,290,3855,1227
2935: 1081,2651,1529,1590
2936: 1865,3450,810
2937: 178,2165
2938: 3313
2939: 2381
2940: 273
2941: 644,1407,230
2942: 23,4699,4004
2943: 
2944: 3472,3563,4500,4800,4349
2945: 
4366: 997,1866
4576: 1412,2204,2678
2948: 
2949: 1206
2950: 3246
2951: 2332
2952: 4122
2953: 1758,1538
2954: 2811,143,2782
2955: 2857,1528,977,775
2956: 4729,3808
2957: 
2958: 752,1840
2959: 2680,2080
2960: 2262,2879
2961: 1423,1076,2225,4116
4367: 3472
4713: 3285,2204,2678,916,581,2657
2964: 4254
2965: 603,952
4779: 462
2967: 
4049: 2820,4399,294
2969: 677
4662: 1910,3141
4290: 1635,1366
2972: 
4386: 1382,1162,2364,1369,4695
4046: 2074,3141
2975: 359
2976: 4759,1185,4620
2977: 2582,357,2198,548
4327: 506,207,3846
2979: 525,3453
4275: 
2981: 4635,1885
2982: 4074
2983: 2509
2984: 646
2985: 4100,1896,2800,2706,4823
4773: 4063,4505,3512,3830,460
2987: 2315
2988: 1529,4334,1538,1219
2989: 3144,307,1009,2433,3377
2990: 708,3706,3750
4248: 3564,2728
2992: 3586,1852
4460: 483,3880
2994: 2382
2995: 1051,1106,1958,3816,4308
2996: 2890,2200,4819
4056: 
2998: 3425
2999: 2419,3500,2858
4468: 2172,4485,1214
3001: 483
4819: 3725,703,2890,4309,4311,228,2996,4461
3003: 
3004: 148,1877,549
3005: 1679,795,4243,3670
3006: 2621,3537
3007: 2096,1171,370
3008: 1777,4043
4651: 3533,624,2413
4504: 312
3011: 2753,3259,647,1742
3012: 1896,75,25,1099,3719,3409
3013: 4610
3014: 1533,3423,3029
4558: 3908,1570,2181,4219,3411,3163
3016: 4238,3957
3017: 1088
3018: 3127,3334,2159,4305
3998: 4425
4365: 2304,4756,1687
3021: 2815
3022: 1155,1270,119
3023: 3319
3024: 3165,2824,1275
3025: 
3026: 
3027: 3633,651
3028: 2699
3029: 2308,3423,3014,1533
3030: 3989,1728,2784
3031: 
4447: 2303,4821,874,429,4252
3033: 3243,4611,4748,3415
3034: 251,3510,1695,3051
3035: 1836,2919
3036: 1937,2029,533
3037: 4289,3547,4823,3175,3986
3038: 3792,1450,3222,1378
4415: 
4470: 4138,1433,4345
3041: 1449,1749,2030,3458
4795: 3142,3917,2225,4116,3658,4119,4103,1816
3043: 43
3044: 3116,340,64,2309
4679: 4241,4722,4242
3046: 
3047: 3882,3149,3596,517
3048: 4170,3316,163
4594: 672,4166
3050: 2091,4427,854,2648,3303
3051: 3081,445,251,3034,1695,3631,1265
3052: 492
3053: 2183
3054: 1503,3252,701,271,3139
3055: 1607,4283,3962,592,1636
3056: 
3057: 669,2176,2085
3058: 2320
4007: 285,2322,1962
3060: 
3061: 3772,941,3254,617,2700
3062: 3632,430
3063: 2555,4133
4683: 3146,2788,1521,313
3065: 849,4659,1261,177
3066: 3893
3067: 2092
3068: 2655,4086,1394,2543
3069: 3247,2773
3070: 
3071: 654,1211
3072: 1773
3073: 2446,1219,4803,426
3074: 
3075: 
3076: 
3077: 2153
3078: 
3079: 2216,2677,4804
3080: 1898,4031,3132
3081: 3051,1695,1626
4589: 4665,3975,727,884
4790: 3143,881
3084: 3568,2345
3085: 2120,3206,1855,2714
4161: 4637,1067,2537
4551: 4758,1769,1441,2017
3088: 791,4469
4618: 364,2595,661,2437,3611,2311,841
3090: 1631,4650,3621
4112: 4118,4762,2129,1116
4527: 2927
3093: 
3094: 4806,2010,3968
3095: 1328,2778,4146,913,905
3096: 
4255: 3947
4487: 2406,400
3099: 1089,4604
3100: 234,418
3101: 
3102: 4440,4725,2455
3103: 2368,3477
3104: 1075
3105: 3604,2484,1474,752,2540
4694: 1098,881,3440
3107: 3263,3254,161,4794
3108: 2127,1850
3109: 4700,711,911,246
4340: 1045,1368
3111: 141,4764
3112: 2088
3113: 
3114: 4247,803
3115: 2469,2430,1811,2743,4818
3116: 3044,2309,2161
3117: 
4775: 1807,2470,361
3119: 
3120: 1505,4813,3250,4047
3121: 1907
3122: 434
3123: 1027
3124: 1694,1268,1567,127,3499
3125: 518
4149: 1151,4554,419,2787
3127: 3018,3334,2159,4305,1486,1785
3128: 3535
3129: 29
4501: 1502,3672,3742
3131: 4022,2575
3132: 4031,1383,3080
3133: 1724
3988: 1932,2588,487
3135: 2086,1009,4547
4405: 2065
3137: 1488,2703
3138: 3706,1720
3139: 701,271,3054,1031,3252,1215
3140: 
3141: 4662,4046
3142: 4795,4103,1816,3339
3143: 4790,1580
3144: 2989,307,3377
3145: 3494,1148,4654
3146: 4683,969,2788
3147: 4081,226,1988
3148: 1446
3149: 3882,3047,4096
3150: 1887
3151: 1625
3152: 1596
3153: 2100,1031,3252,4573
3154: 953,3530,1919,3353,4024
3155: 2726,3,3661,3704
3156: 438,4815,2853
3157: 2141
3158: 1571,3524,1336,26,4518
3159: 3902,722
3160: 3454,1471
3161: 
3162: 4378,4060,8,337
3163: 1168,336,4219,3908,4558
3164: 4125,3691
3165: 3024,1275
3166: 3698,3344,2792
3167: 2751,2675
3168: 3661,3720,218
3169: 1622,3353,4140
3170: 666,3575
4309: 2890,228,4819
3172: 3558,3896
3173: 785,2224,1844,4146,905
3174: 2095,1303,1853
3175: 4823,2800,4289,3037,1091
3176: 877,2212,1990,1736
3943: 3528,1857,2756
4321: 4786,4361
4265: 256,306
3180: 2602,4337,605
3181: 2393,247,1770,4792
3182: 2866,710,1255
3183: 1665
3184: 3575,4816
3185: 1388,3706,2456,68,965
4731: 
3187: 
3188: 3623,964,1794,1694,4734
3189: 
3190: 1059,1711,2688
4480: 4227,3906,2107
3192: 4141,3566
4136: 146,1845
3194: 
3195: 3886,936,3509,1069,2327,3612
4512: 2548,4098,600
3197: 1691,601,2234,3664
4746: 2792,84
3199: 1862,3818,2241,166,4770
3200: 1575,4616,4198,1396,1780
3201: 4625,1029,708,3584
3202: 2459,1136,3499,1738
3203: 1990,1985
3204: 384,3610,4619,4624
3205: 2503
3206: 2120,3085
3207: 3361,1453,2194,1446
3208: 3504
3209: 214,3476,2478
4064: 906,746,2182,767
3211: 2607,3873
3212: 1749,869,1449
3213: 4692,4570,630,3237
4632: 873,1469
3215: 210,2816,28
3216: 2435
3217: 1464,2091,4352
3218: 2658,946,4537
3219: 1467
3220: 1173,2916,3542
3221: 
3222: 4670,3038,1713,1378
3223: 2640,886,2619
3224: 
4239: 3545,2177,1495
3226: 441,807
3227: 2259,2563
4605: 3307,3833,3408
4351: 4623,1165,2327,3612,2836
4583: 523,1103,3682
3231: 569,1328,2637
3232: 2462,707,2914,656,513
3233: 3259,2318,1134,1106,1629
3234: 1270
3235: 1156,3958
3236: 1050,2662,4400,3430,1110
3237: 3894,3213,630
3238: 1353,1320
4768: 4020,2338,3393,686,1650,4296
3240: 1267,1059
3241: 2439
4684: 2542
3243: 1315,863,3033
3244: 986,1564,2051,1582
3245: 2517,1950,3749
3246: 2950,3904,2247
3247: 2549,3069,2773,1850
3248: 2195,1050,4400
3249: 
3250: 2405,3120,1505,4047
3251: 4671,764
3252: 1031,3153,3054,3139
4737: 2486
3254: 3263,3107,4794,3061,3772
4184: 1546,4482,4481,1,1082,1362
3256: 
3257: 1549
4682: 4784,2087
3259: 3233,1134,3011,1742
3260: 
4615: 2595,414,841
4475: 4474,699
3263: 3107,3254,617
3264: 315,4735
3265: 715
4638: 4241,1585,628,3850
3267: 4125,3268,4121
3268: 3267,4125,2272,4142
3269: 2412
3270: 856
3271: 1869,4075,1643,85
4211: 3671,2636,1655,366,316
3273: 439,4813,37,1294
3274: 3939,2897,1043,619
3275: 925
3276: 613
3277: 
3278: 687
3279: 3802,3390
3280: 269,1485,4685,1974,433
3281: 625,1094
3282: 3546,886,2833
4523: 79,641
3933: 2681,2112
3285: 2678,4713
3286: 149
3287: 3336,3787,2680
3288: 4131,3368
4732: 2856,4291
3290: 455,2133,4238,2695,3470
3291: 2124
3292: 30,4001
3293: 804
3294: 2303,4821,2403,99,4406,4544
3295: 
3296: 3819,984,664
3297: 1624
3298: 2415,1875,2334
3299: 552,1917
4325: 2848,1815
4128: 1168,4276,1965
4055: 2117,887,1616,2647,681
3303: 3050,4172
3304: 
3305: 2867
3306: 1010,1805
3307: 4605
3308: 1755,1599,1820
3309: 4174,1947
4238: 455,3290,3016
3311: 3868
3312: 1322,1704,18,1090,3959
3313: 3928,947,2901,4139,2938
4448: 1478
3315: 2657,4015,1327
3316: 498,2113,163,3553,13,3048
4103: 3142,4795
3986: 4547,2433,3547,3464,3037
3319: 3023,3983,393
4281: 
3321: 2696,3335,2461,3905,2610
3322: 1339,1991
3323: 425,1486,1425
4783: 163,4420,1550,1869,4076,4075,1310,2113,311,4170
3325: 4691,4807,2426,4209
3326: 4553
3327: 63
3328: 4416,4109,3601,4229,1343,193,674
3329: 4491,2779,1536,1817
3330: 
3993: 4214
3332: 4088,181
3333: 4530
3334: 3127,3018,653
3335: 2696,3321,4437,4371,1101
3336: 3287,214,265,3785
3337: 3751,166,4770
3338: 3792,4079,1569
3339: 3464,3142,1816
4407: 1835,3548
3341: 3377,2868
3342: 2474,2782,4195
3343: 2177,1495,1763,2151
3344: 3166,3698
3345: 4472,35
3346: 184,1963,4315
3347: 3659,3979,1022,380,783
3348: 680
3349: 2245,2455,1295,4339
3350: 4629,4048,4693,2754
3351: 344,1463,1806,953,3530,2277,1767
3352: 2733,2260
3353: 3169,3154,4140,4024
3354: 4180
3355: 2213,1803
3356: 1801
3357: 853,1424,1968,518
3358: 2852,2602
4095: 1459,4723,2131,564,3938
3360: 
3361: 3207,1453
3362: 
3363: 2065
3364: 2217,285,252,4812
3365: 262,1436,376
3366: 4132,3681,2825,2795
3367: 1286
3368: 2590,3288
3369: 3810,1408
4178: 4709,3492
3371: 
3372: 2858,2229,165
3373: 4153,4552,1159
3374: 4198,4005,4258,1739,478
4111: 321,1310,756
3376: 
3377: 3341,2433,2530,3144,2989
3378: 2042
3379: 2562,4416,4109,4762,1112
3380: 
3381: 4789
4368: 1707,1467,4410
3383: 1728,4510,497
3384: 1680,748,4094
3385: 
3386: 2633,2336,2638
3387: 3678,2407
3388: 938,1037,4364
3389: 805
3390: 3279,3802,2237
4198: 4005,3374,1396,3200,478
3392: 2513,84
3393: 686,4768,467,2502
4143: 4672,572,1892,413
3395: 1888,2520,3674,752
3396: 1580
3397: 
3398: 1409,1865
3399: 4078
3400: 
3401: 1507,4812,2217,1094
4524: 3715,632,404
4047: 1294,3120,4813,3250
3404: 100,2100,527
3405: 3811
4439: 2518,2598
4681: 4561
3408: 3833,317,4027,4605
3409: 718,57,3012,25,3719
3410: 4126,3548
3411: 270,4219,2649,2181,4558
3412: 737,4151,406
4763: 2700,617,771,437,4801
3414: 71,380
3415: 4748,3033
3416: 3969,2453,2718
3417: 787,1976,2010
3418: 2513,3713,2771
3419: 3558,2077,2387,1735,2404
3420: 3604,1474,4323
3421: 
3422: 2723,872
3423: 3029,2633,3014
3424: 
3425: 2998
3426: 
3427: 2693
3428: 3697
3429: 966
3430: 2576,3236,1110
4285: 4183,2758,417
4567: 282,1762
3433: 
3434: 1002
3435: 
4462: 701,271,695,2908
4728: 3964,3878,4162
3438: 1441
3439: 4205,281
3440: 4694
3441: 4631
3442: 
3443: 2217,2631,1507,1804
4804: 2216,3079,2677,4033,3471,1882
3445: 4796,3455,492
4226: 2178,2872,1072,4438,573
3447: 254
3448: 
4101: 734,4213,712,1515
3450: 4353,810,2936,1313
3451: 3571,4343
3452: 2061,4427,3776,2091
3453: 525,4597,2979
3454: 3160
3455: 3445
3456: 104
3457: 2423,3841,675
3458: 2030,3041,2578
3459: 
3460: 4388,469,2589
3461: 4197
4774: 952,4585,2427,4566,3595
3463: 2267,2114
3464: 3339,3547,2926,2086,3986
4716: 388
3466: 
3467: 4353,2,1313,1220
3468: 484,4569
3469: 
3470: 2695,1906,455,3290
3471: 1874,4033,4804
3472: 2944,954,4367
4506: 4798,1649
3474: 1813
3475: 985,4028
3476: 940,2589,3209
3477: 2227,3103
4777: 1624
3479: 4212,4222,4384
3480: 2132,569,4424
3481: 2707,1986
3482: 2278,1317,4653
4803: 1538,1219,3073,426,2010
4353: 3450,2723,1220,3467
4628: 1108,3921
3486: 4177,1934
3487: 1005,911
3488: 2568
3489: 4001
3490: 1407,2828,2548,4578
3491: 4602,4759
3492: 4709,4178,3584
3493: 
3494: 2493,295,3145,2896
3495: 2682,1725
4514: 1208,634,1759
3497: 4691,2137,5,971
3498: 4511
3499: 3202,3124,1268,1738
3500: 2419,2999,3959,1393
4118: 1677,4112,1112,3836
3502: 
3503: 4736,2205
3504: 1334,3208
3505: 912
4189: 1634,1835,1252
4277: 1659,3770,4472
3508: 2272,4142,2839,4580
3509: 2664,1413,936,633,2822,1069,3195
3510: 2030,873,3034
3511: 540,9
3512: 4505,4773,2003,3830
3513: 654,2350,4450
3514: 2925,2136
3515: 1628
3516: 4575
3517: 3939,2897
3518: 2782,143
3519: 2171,1190
4138: 4470,1433,357,548
4016: 4533
3522: 1217
3523: 4754,4091
3524: 1571,3158,272
4642: 4571
3526: 3572
3527: 668,4213,57
3528: 1857,3943
3529: 4535,1089,4604
3530: 953,3154,3351,1806,4024,2277
4212: 3479,4222
3532: 4748,4042
3533: 2043,624,4651
3534: 317,4027,3903,2615
3535: 3128
3536: 822,328,4481
3537: 2621,154,3006,4066
4601: 1958,610,2318,4457
4434: 681,887,4574,832
3540: 1115,1611
3541: 599,3847
3542: 138,2916,4393,3220
3543: 2640,4054
3544: 3812,3600
3545: 1822,4239,1267,1495
3546: 886,3282,1814,1078
3547: 2926,3464,4823,3986,3037
3548: 4407,3410
4345: 1026,1729,4470
3550: 4465,3836
4599: 4755
3552: 795,1679
3553: 1246,2443,498,3316,2709
3554: 2547,2577,2191
3555: 1804,1672
3556: 2376,237
3557: 1920,141,1955,1392
3558: 3419,3172,2757,3647
3559: 2101,915
4546: 2624,882
3561: 3921,4444
3562: 4158,4476
3563: 2944,954,2341,4349
3564: 4248
3565: 3967
3566: 717,3192
3567: 2003,4033,2410,1874
3568: 3084,2345
3569: 
3570: 
3571: 3451,3691,1245
3572: 3526,1229
3573: 847,39,3944
3574: 
3575: 3184,666,3170
3576: 
3577: 365,278,2266,1752,1095
3578: 
4089: 3812,1630,3978
3580: 2664,936,1927,3886
4320: 1317
3582: 4655,2199
3583: 500,912
3584: 708,729,4709,3492,1029,3201
3585: 
3586: 2992,1852
3587: 323
3588: 3894
3589: 745
4051: 4129,4707,1685,4207,4766
3591: 1107,4757
4336: 
3593: 1654,1325,435,560
3594: 
3595: 4566,762,4774,516,2088
3596: 4593,3882,3047,517
3597: 
3598: 521
3599: 2755,3997
3600: 3731,3812,3544
3601: 3328,4229,3807,674,487
3602: 1273,1124
3603: 3782
3604: 3420,3105,2484,3877,1474,333
3605: 1617,136
3606: 3994
3607: 3793,2207,1458,1424
3608: 453,3749,1950,2071
4116: 2225,2961,1076,4795
3610: 3204,384,422
3611: 2437,4618,841
3612: 2327,3195,4351,4623,4625
3613: 2326
3614: 2689
3615: 2172,1002
3616: 
3617: 1775,224
3618: 407,2823,2370
3619: 1069,2327,633,2125,2607
4582: 769,172
3621: 3090
3622: 
3623: 3188,1794,3881
3624: 497,3989
3625: 2531,2037,1325,435,4772
3626: 2489
3627: 2029,2579,88,1464
3628: 2202,1938
4549: 262,122
3630: 577,1880,771,4801
3631: 4014,445,3051
3632: 430,3062,4292,2587
3633: 3027,3969
3634: 
4315: 3346,184
4822: 709,4532,2325,4697,2673,2337,918,4817,3846,3815,2893
3637: 2281,4443
3638: 4565,1790
3639: 422,3780,4409
3640: 1207,4332,461,4235,290
3641: 430,667,4292
3642: 4550,1350,2741,1868,1276
3643: 2154
3644: 4096,2636,1655,1940
3645: 2075,1969,1769,1441
3646: 2495,1016,962,3786
3647: 3558,2757
3648: 281,721,963
3649: 2602,4494,605,150
3650: 2686,973,2610,1824,4810
4000: 3866
3652: 863,1002
3653: 4454,387
4416: 3328,4109,193,3379
3655: 1388,1541,4608,3842,965,2168
3656: 
4262: 
3658: 4119,3917,4795
3659: 3979,3347,1794,783
3660: 2617,67,4181,1709
3661: 3168,1332,3,59,3155
3662: 2846,4410
3663: 2005,3958,4176,1028
3664: 3197,3984
3665: 
3666: 2382,1966
4695: 1162,4386,1226
3668: 
3669: 1056,973
3670: 3005
3671: 4211,366,1381,2210
3672: 4501,3840
3673: 2616,4641,1015,2105
3674: 3395,2520
4757: 1500,3591,1044
4379: 
3677: 1441,1127,3737
3678: 3387,2407
3679: 540,1070,4348,138,4393
4096: 3644,3149,2636,1655
3681: 4132,3366,1046,451,1931,1316,2795
3682: 581,4583,2204,1412
3952: 
3684: 4429
4270: 965,2168,3844,2456,404
3686: 1140
3687: 305,348,1362,1247
3688: 3920
4010: 1475,904,2098
3690: 3763,12,1641
3691: 2480,3164,3571,479
4137: 3858,1121
3693: 2501,4619,384
3694: 3902
4619: 1693,3693,3700,3204,384
3696: 2856,2333
3697: 984,3428
3698: 3166,3344
3699: 4696
3700: 2047,1693,4619
3701: 4172,533
3702: 4009,2087,161,802,875
3703: 595
3704: 3,665,3155
3705: 4782,368
3706: 1720,2990,3138,3185,68
3707: 4157,416
3708: 197,162,2251,3927
3709: 4032,1993,2599
3710: 131,2126,4424,1051
3711: 1467,4603
3712: 1520,3747
3713: 3418
3714: 144,221,456,4147,1119
3715: 4524,726,2104
3716: 4306,1871
3717: 3825,427
4450: 4586,3513
3719: 1099,1139,827,3012,25,718,3409
3720: 218,3168
3721: 2220
3722: 1191
3723: 235,2520
3724: 2889,1854,3905,2610,4810
3725: 4819,309,2176
3726: 347,1807
3727: 1646,4675,2714
4387: 1625
3729: 
3730: 1710,3922,4191
3731: 4641,3600,3874,2105
3732: 1133
3733: 1778,4776,684,2053
3734: 1762
3735: 866
3736: 1825,488,1278
3737: 1022,1405,3677,3979
4394: 2175,1123,2561,1113,332
3739: 
3740: 4400,897
3741: 3892
3742: 1535,4501
3743: 1961
3744: 4456,1279,1717
3745: 4409,3780
3746: 547,481,1968
3747: 653,511,3712,1651
3748: 3834,168,1345
3749: 453,3608,3245,2517
3750: 2990,708
3751: 3337,1174,58,4770,1205
3752: 4704
3753: 888,2744
4151: 1471,3412,1307
4183: 4041,2931,4285
3756: 4457,647,1742
3757: 1107,281,721,3924
3758: 2455,593,4488
3759: 77,11,4675,1072
3760: 167,18,153,1501
3761: 620
3762: 47
3763: 4792,12,3690
3764: 4609
3765: 4474,61,1922
4254: 2347,2964
3767: 1345,1703,1766
3768: 1563,2881,4187
4727: 802,4359,549
3770: 4277,1659
3771: 1005,2572,4700,1668
3772: 3061,941,4794,3254,4382
3773: 2470,2271
4821: 3294,2403,4447,4544,4252,1063
3775: 2885,4278,2512,2642
3776: 2061,3452
3777: 110,4526,2526
3778: 
3779: 1080,2048,263,4188
3780: 2301,3639,3745,4409
3781: 1970,157
3782: 4107,3603
4173: 331,1809,2067,1299
4086: 3068,2655,1646,111
3785: 214,182,3336
3786: 865,2934,3646,1227
3787: 3287,265,1423,1076
4537: 2631,3218
3789: 
4798: 4506,2823,407,4703,2523,1925,1649
4483: 4521,1660
3792: 3038,3338,4079,1450
3793: 2609,34,1458,3607
3794: 2646,4724
3795: 4362
3796: 
3797: 
4445: 258,1892,4672,1654
3799: 2487,1681
3800: 4187
3801: 2182,2635,2731,767
3802: 3279,3390
3803: 2192
4088: 3332,2688
3959: 2419,3500,1322,3312
3806: 3815,2893,1808,1630
3807: 817,1318,3601
3808: 2248,1911,2956
4714: 2145
3810: 300,3369,1802
3811: 1712,1688,3405
3812: 4089,3544,3600
3813: 926,1696
3814: 888,2351
3815: 2893,3806,4822,4817
3816: 4769,2995,4308
3817: 4474,699
3818: 1862,1598,3199,4770,2203
3819: 584,3296,3985,1592
3820: 1203
3821: 2724,1120,1948
4091: 2002,4050,3523,1260
4544: 4377,4406,1684,3294,4821,2403
3824: 
3825: 3717,4771
3826: 3940,2062,1169,4766,120
3827: 4536,244,4488
4338: 4148,1258
3829: 1555
3830: 2003,3512,4773,460,2410
3831: 636,1152
3832: 1375,733,857
3833: 317,3408,4605,905
3834: 1703,168,3748
3835: 1385,4458
3836: 3550,4118,1677,1112
3837: 
3838: 4323,1397,711
3839: 41,1205,174,4770
3840: 979,3672
3841: 4581,2184,2423,2750,3457
3842: 2813,4608,3655,2168
3843: 1921
3844: 4270,2024,1980,878,404
4268: 
3846: 4817,4822,4327
3847: 3541,2930
4108: 2876,3924,105,557
3849: 1169,1392,4766
3850: 628,4241,4638,2013
4545: 35
4413: 949,1544
3853: 4717
3854: 4726,4815,2581
3855: 2934,1762,1227,1058
4424: 3480,2132,3710,131
3857: 4206,774,4059
3858: 4137,4780
3859: 522,1633,287
3860: 4098,2347
4371: 2279,1101,2696,3335,1056
4637: 4750,4161,2537,4640,4758
3863: 557
4724: 1510,3794
3865: 
3866: 4000
3867: 537
3868: 3311
3869: 1554,408,279,999
3991: 
3871: 1832
3939: 3517,2897,3274
3873: 2607,3211
3874: 2111,2105,412,3731,274
4671: 1986,764,3251
3876: 1514,2844
3877: 3604,333
3878: 1577,4728
3879: 1561,2360,946
3880: 483,4460
3881: 783,3623,1794,235
3882: 3149,3047,3596,517
3974: 198
3884: 3925,1994
4652: 2558,4808,762
3886: 3195,3580,936,1029
3887: 1291,1445,824
3888: 2825,1775,224
3889: 4666,1105
3890: 
4571: 4642,1318
3892: 3741,4039
3893: 2175,3066
3894: 3237,3588
3895: 448
3896: 3172,1247
3897: 2593,3941,2064,1585,628
3898: 125,415,36
3961: 4645
3900: 
3901: 1746
3902: 722,3694,3159
3903: 4027,3534,2615
3904: 3246,2247
3905: 3321,2610,3724
3906: 4480,2107
4477: 
3908: 4369,1570,504,2181,4558,3163,1176
4341: 4361,2254,1477,326
3910: 38,2266,1295,1346
3911: 575,2342
4780: 3858
4195: 4611,2474,3342
3914: 2060
3915: 490
3916: 1947
3917: 4421,3658,1944,4795
3918: 2319,983,1793,621
3919: 2128,513,15,303
3920: 3688
3921: 3561,2632,4628
3922: 3730,4191
3923: 4048
3924: 4108,3757
3925: 2854,2320,3884,2848
3926: 4347
3927: 197,3708,2300
3928: 3313,2901
3929: 179
3930: 4686,2931,4536,417