0: 4384,375,2523,2392,1967
1: 1118,1668,1079
4450: 1392,565,2764,4593,4636,2652
4812: 3281
4: 2440
5: 272,561,3047
6: 445
4620: 2107
8: 
9: 1575,2208,551,3768,344
10: 2663,3651,4797
11: 4385,2307,4368,1960
12: 1949,3794,952,4199,3985
4264: 2939
4608: 919,1713,461
15: 4269,4289
16: 3318,4318
17: 4660,4737,1606,3333
18: 1412,4377
19: 2247,4684,4479
20: 2431,2981,247,2068,2213
21: 2712,2785,2828,3363,3418
4015: 1547,79,4642,419,3485
23: 3724,4172,4638,2284,2204
24: 3569,960
25: 3774,607,2215,1930,4344
26: 4343,387
27: 318
28: 976,1363,2473,1108
29: 
30: 1213
31: 1671,136,4123
4108: 2294
33: 1555,4234,664,4102,2803
34: 2785,1031
35: 
36: 1541,1782,3799
4088: 
38: 447,1941,1999,3987,332
39: 2767,651
40: 4617,3832
41: 143,2654,1783,1799
42: 
4669: 3456,1192,2749
44: 
45: 3261,2747,1833
46: 4757
47: 4522
48: 1730
49: 3360,3759,2593,2603
50: 1491,4686,2399,1868,3468
4776: 600,3184,2880,543
52: 3888,2615,1985,4809
53: 4209,2321,1677,2225
4060: 
4306: 2245,924,345,3836,2836
56: 4197,886,125
57: 2191,1532
58: 2985,681,3800,214,2553
59: 1206,2239,2369,3472,3167
60: 2341,423
4539: 3558,4373,1581
62: 2155,4262,2756
63: 362,3056,1009,3565
4228: 4548,3325
65: 2961,2496,4619,4531,4005,956
66: 2826,3042
67: 2557,761
4304: 2152,1026
69: 712,4775,2870,2150
70: 
71: 3654,3532,1352,1473
72: 2159,1875
4103: 802
74: 
75: 4499,1465,2056,3659,216
76: 3493,3744,3453
77: 1257,1191,1871
78: 
79: 1547,4015
80: 3320,119,1411,4365
4367: 2491
82: 2142,1498
83: 162
84: 1306,4123,1678,3091
85: 4071,4050,1042,599,2399
86: 983,1178
87: 
88: 534,4171
89: 3335,4785
90: 4052,2218
4821: 2142,3426,4644,482,1187
4616: 124,3640,2635
93: 1273
4041: 3573
95: 
96: 
97: 1903
98: 1881,953,2866,2339
99: 1752,3964,4390,4178
100: 4212,581
101: 4678,1425,4187
102: 3251,908,1002,1315,3002
103: 2003,1995,2542
104: 2452,4528
105: 2418,1727
106: 
107: 3302,3543,3591,4762
4768: 1981,2284,4291,1101,3411,990,2678,4043,4276
4167: 
110: 4588,2691,1893
111: 569,206,3531,4426
112: 4755,1075,2586
113: 1891,2063,1543,1773,3211
114: 4168
115: 2700
4662: 948,2373,3124
117: 2482,4192,2365
118: 3942
119: 1411,80,4365,3909
120: 973
121: 436,1558,2581,3779,1770
4097: 1483
4455: 891,3976,586,1295,4488
124: 3476,3640,4616,2128,971,580
125: 1997,4197,56,4820,612
126: 
127: 640,1742,1343,2697,421
128: 1210
129: 
4668: 3644,1381,4381
131: 652,3977
132: 712,3986,698
133: 1566,2058
134: 775,2212,1888,1738,2864
4665: 1419,210,1637,1326
136: 1671,31,413,2502,4123
137: 
4325: 4565,1815
4067: 3557,2414,3992,4425,3828
140: 1480,792,3818,1741
141: 4259,2983,844
142: 2331
143: 41,2654,4049,4363
144: 2075,2672,4398
145: 1206,2239,1320,1222,3858
4802: 3094,3194
147: 169,1154,1786,3076
148: 4485,1323
4787: 178,778,1651
150: 2145,3002,3251,2589
4301: 
152: 938,1205
153: 221,871,1113,3875,3612
4449: 4654,1699,4497
155: 1620,540,3408,2857
156: 1869,2719,447
157: 3559,1485,4805
4191: 2141,869,1371
4482: 1313,2763
4429: 616,803
161: 2503,2305,1674,2038
162: 4040,83
4614: 2445
164: 4533,1204
165: 2443,2523,1967,1687,3846,860
4272: 1968,4371,1649,3806,839
167: 4766,1326,1063
168: 4765,3906,2757,3540
169: 147,4632
170: 2553,4534,1184,888
171: 2300
172: 2586,1317
173: 3771,4162,1973
174: 2322,4355,4547
175: 2155,2637,1610
4798: 3991
4715: 
178: 1271,778,4787,218
179: 
4534: 170,2351,1181
181: 
4360: 2062,3571,387
183: 2043,964,3719,1784
4286: 844,2983
185: 1353
186: 
187: 509,4290
188: 1145,2785,3417
189: 4147,3374,1471,2563,3855
4052: 1422,3705,90
191: 890,820,1166,980,4778,2372
192: 4807,3960
193: 2688,3712,3225,439
4054: 3591,1529,3185
195: 
196: 3373
197: 3947,2120,1267
198: 4213,4381
199: 1185
4558: 4170,1724,1256,2533,2077
201: 3970,3386,4380
4337: 912,3884,3505
203: 4529,2690,3761,1832
204: 4609,2987
205: 369,2065,4552,3402
206: 569,111,4426
4009: 2726,3436,4101
208: 4423
209: 579,1327,2446
210: 1419,4665,4274,1637
4753: 1971,1901,1371
212: 656,2343,3538,4319
213: 1116,4576,2659
214: 727,904,3800,58,2553,3458
215: 4536,479,3715,456,484
216: 3659,3438,2130,75,1465,4657
217: 223,3690,3886,1112
218: 777,178,1271
219: 4190,846,3230,3413
220: 1111,4177
221: 871,153,459
222: 4666
223: 217,3289,4278,1112
224: 1152,2782
225: 3906,1260,3908,2757
4485: 148
227: 2005,2866,2353,1620,540,2742
228: 3987,633
229: 4551,1488,294
230: 1867,2436,4806,2853,3601,684
231: 4034,3634
232: 4582,4194
3950: 
4394: 2094,4580,2761,289
235: 1032,3284,1099,292
236: 4020
237: 437,4119,3420
238: 1820,1521
4236: 4295,3309,3828
240: 3239,669,2460
4499: 4771,2748,3527,75,1465
242: 3578
243: 552,2412
244: 2734
245: 3366,4176
246: 4252,3734,2839
247: 4596,1445,2981,20,2068
248: 2141,1894,2385
4176: 2170,1651,4790,245
250: 1117,3354,3555,1553
251: 1548
252: 2012,2411,3917
253: 4493,3053
254: 1492,455,621
255: 1270,497
4469: 522,4769
257: 2587,3735,370
258: 4296,3716
259: 
260: 1484
261: 3984
262: 3122,1548,4731,3920
263: 3471,573,4459,2024
4484: 2904,4026
4292: 3288
266: 3250,2183,3943
4586: 4458,3341,783,3071,3294
268: 4146,910
4184: 2806,410
270: 1324,615,1398,296
4684: 19,4479,1725
272: 5,3826,3030
273: 1515,3218,4763
274: 4791
275: 4358
4207: 1029,965,503
277: 1495,2545
278: 2391,3191,4128,4212,2330,2723
279: 3661,2831,4424,337
280: 1063,739
281: 
282: 2697,2119,1136,3087
3964: 1752,99,4165
4155: 4255,1603
285: 4537,3221
4637: 4243,1316,1712
287: 4500
4355: 174,2322
289: 922,857,2094,4394
290: 2164,2076,755,1985,1633
291: 
292: 1127,4823,235,3284,654
293: 494,3718
294: 415,2070,229,4551,297
295: 533
296: 1859,615,3133,270
297: 415,294,4551,1174
298: 3930,2738,2015
299: 4559,1287
4680: 3353,1086,2640
301: 3953,2033
302: 4604,4719
303: 2137,2878
304: 527,2249
3966: 971,580,3530,4524
306: 
307: 2181,2078,2480
308: 3045,3727,4789,4724,1394
309: 1757,338,1257,2860,1871,3959
310: 4278,3164,2094,916
4523: 
4048: 4733,2359,2868,2865
4279: 932,420,3245
314: 653,836
4811: 2002,2378,986,1564,2919
4507: 
4057: 3463,2629,3095
318: 1843,2777,27
319: 3856,3323,1928,1948
320: 3194,641
321: 2410,3163,1765,4461,4512
322: 2233,3069,3437,750
323: 3999,3183,841,1140
324: 
325: 4374,4330,379,3933
326: 653,1916,3018,836
327: 1566,3452,4527
328: 1795,1546,2991
329: 833,3302
4324: 1472,3568,577
331: 898,1337,4444,1114
332: 4698,38,3987
333: 4065,2116,3986
334: 2540,3283,2129
335: 1595,2395,4241
3969: 575,1238,3989,1359,4529
337: 815,501,279
338: 2604,1757,309,3959
3976: 891,4455,586,4589
340: 1743,2117,3792
341: 4331,4096
342: 4739,1782,572
343: 2294,1814
344: 939,3816,2549,551,9
345: 924,4306,2836,911,876
346: 544,2618,3630,1336
347: 
348: 1155
349: 4333,3623,1141
350: 2484,3596
351: 587
352: 969
353: 1044,3214,2014
4017: 
355: 2726,2442,4316,3294,2500
356: 872
357: 4708,3409,2086,3649,4801
358: 2115,2881,2854,2625,646
359: 1890,3389,2288
4682: 3081,3102
361: 3031
362: 4700,63,1009,2534
4202: 
4115: 2649,2446
365: 1459,1165,3827,2127,2570
366: 1604,1880,4708
367: 2824
368: 
369: 2065,205,1499,3115
370: 3735,2587,257
371: 
372: 701,2310,3350,2051,670,517,832,3355
373: 930,2990,3977
374: 1654
375: 4384,0,4174,4588
376: 548
377: 2380
378: 1638,4686
379: 4330,325,3357,3933
380: 3458,2052,727,3530
381: 734,1961,3446
382: 3311,1560,2323,1285
383: 
384: 1404,2893
4194: 232
4294: 3211,2596
387: 1494,26,4360
388: 
389: 
390: 1174,791,3807,3480
391: 991,3491,2991,1203,2453
392: 3081,2635
393: 
394: 1495,4511,1945
395: 4575,4007
396: 2209,4631,3980,3815
4398: 4223,3005,2075,144,3801
398: 4444,4019,1582
4568: 2674,1490,2123,2595
4195: 3615,3608
4741: 
402: 905,1485,4805,2266,4010
403: 1226,2608,1329
404: 3959,1257,2657
405: 
406: 3011,1642,1742,1354
407: 2776
408: 4298,3472,3098,3366,1206
409: 
410: 2806,1787,4184
411: 3870,3756,2635
4623: 2961,747,2496,1029,503
413: 136,2502,2677,1374,1310
414: 1040,4334,553
415: 294,3807,297
416: 2639,1991,4310
4464: 1693,720,4376
418: 
419: 4642,4015,2619,2900
420: 4279,3245
421: 1136,127,4805,1418
422: 1874,4773,1965,1841
423: 2341,60
424: 
425: 3381
3972: 1040,1312
427: 4794,1851,3573
428: 3873,2839,729
429: 2793
430: 3641,3978
431: 2404,4804
432: 3661,2831,1255
433: 1575,2208,865
4205: 676
4111: 4654
436: 2275,121,1770,3830,2199
437: 4119,237,3004,3670,3128
438: 2642,2147,683,4217
439: 1229,2309,193,1425
440: 1929,4748,1506,1436
3986: 712,2116,333,132
442: 3729,2251
443: 2315,2765,1908
444: 4055,954,3982
445: 6,2290
446: 3110,3138,4135,1388,2560
447: 38,1941,156
448: 3919
449: 2587
450: 2564,482,1187
451: 2456,1067,4531
452: 1420
453: 1659,3787,4201,535
454: 3730,2172
455: 1492,254,3369,3454
456: 3734,484,479,215
457: 4099,3576,1690
458: 
459: 1241,221
460: 1696,2325
461: 4465,3759,4608,1713
4396: 1250,3356,2402,1298
463: 1476
464: 3269,1512,4092
465: 2699
4178: 4350,2660,99,1275
4271: 2533,3745,2301,4170
4122: 
469: 1399,3182
470: 4749
4050: 2908,732,85,4071
472: 
473: 2005,953
4006: 2077,4330,3357
475: 635,1687,3846
476: 2927
4234: 33,3956,4660
4487: 4114,852
479: 1289,725,3715,215,456
480: 3080,1383
481: 4085,635
482: 450,1187,4821
483: 
484: 456,215,1562
485: 
486: 1192,3708
487: 4242,887
4719: 3298,302,3403,1875
4699: 1621,3696
490: 784,3371
491: 2597,2359
492: 4822,1854
493: 4238,3754
494: 4208,3718,293,993
495: 1921,867,1858
496: 
497: 4019,1270,2083,255
498: 4674,1530,572
4348: 2583,1204,1745,1087
500: 1804,1115
501: 1188,2457,337,815
502: 3132,2989,831,2424
503: 3582,4196,4623,1029,4207
504: 3419,1432,1118
4619: 2426,4531,3786,3513,4005,3754,65
506: 3882
507: 4815,3956,1806
508: 3254,808
509: 187,1438
510: 1893,1600,2804,2908
4387: 1408
512: 4688
513: 2859,4206
514: 1674,3502,2303,1933
515: 1710,1640,1308
516: 3854,3379,3494,1842
517: 3350,372,3355
3979: 4589,1380,3795,939
519: 988
520: 
521: 4042,1076
522: 3250,4469,1071,4769
523: 3392
524: 2592
525: 1371
526: 3957,2663,2911
527: 2102,4447,3636,304
4120: 
529: 2985,1184
530: 1584,703,3115,1499,1093
531: 2773,809,1267
532: 2448,4819,1049,2973,2648
533: 1667,295
534: 88,2685
535: 4201,1659,453,3670
4461: 990,4043,3817,1765,321
4229: 1589,1246,1281
4622: 1617,4276,1838,2678,1177
539: 3914
540: 2353,1620,227,155
541: 2709,1517,2156,2256
542: 
543: 4776,1311
544: 2153,346,2534
545: 3101,3120,2775
3968: 3823,704,2903,3580
547: 2066,3524,3604
548: 376,938
549: 3645,1231,2572
550: 1577,4526,1600,3391,3178
551: 3768,344,9
552: 243
553: 2711,950,4598,2644,414,1040
554: 1468
555: 737
556: 3894,2256,2709,2416
557: 
558: 1883,819,2805
559: 3517
560: 2638
561: 4657,3047,5
562: 1035,2509
4262: 1683,2155,62
564: 911,2752,2416,1593
565: 4450,2764,4636
566: 
567: 4514,4408
568: 4590,4517,834
569: 111,206,2224
3959: 404,1257,338,309,4633
571: 
572: 342,4739,498,3845
573: 2828,263,4459
574: 2675
575: 3969,1238
576: 3065,2695,3176,1020
577: 4324,1301
578: 866,3507
579: 209,1327,3701
580: 971,3966,124,2128,1265,935
581: 100,4212
4013: 716
583: 
584: 3154,2106,2032
585: 
586: 3976,4455,1295,2126
587: 351
588: 2327,3233,1176,2599,3685
589: 2468
590: 3463,1646,688,1762,1058
591: 
592: 3732,1843
593: 1476,2707
594: 2099,1851,4794
595: 2193,1895
596: 3207
4587: 3582,2928,1373,1095
598: 3056,3107,2433,3061
599: 2399,4297,1042,85
600: 3184,4776
601: 1681,3189
602: 4404,1464,1101,3799,4276
603: 1814,3810,4761
604: 3367,882,2211,4242
605: 2915,2370,2501,2962,795,4339
4170: 3832,1724,2533,4271,4558
607: 3774,25,4211,4344
608: 2093
609: 734,1507,1337
610: 2408,4492,1493
4570: 
612: 4820,125
613: 3140,2694
614: 4203,4685,3009,1998,894
615: 4732,296,270
616: 4429,3000
617: 1942,4326
618: 1793,3018,1249,1680
619: 
620: 3409,2959,1604
621: 3727,254
622: 704,3793,4163,3733,2903,4078
623: 
624: 4763,2632
625: 2662,765,2840
626: 
627: 2413
628: 1396,3333,2133,4303
4526: 1577,550,4371,3391,4023
630: 3672,1342
631: 1902
632: 3266,3085
633: 1730,228
634: 1225,2261,2783
635: 1687,3846,860,475,481
636: 1296,3919
637: 
638: 2795,2749
4602: 1611,1131,1285
640: 127,1642,1742,3559
641: 320
642: 2936,3905,1007,4448
643: 1732,4451
644: 
645: 3796,2722
646: 2329,358,1046
4626: 2787,3331,2497
648: 1638
649: 2842,708,2792,2161,2853,3601
4179: 
651: 39,2541
652: 131,3328
653: 326,1916,836,314
654: 3416,3310,4823,1127,292
655: 3363,3418
656: 212
4702: 1753
658: 1803,3600,2683,4263
4439: 4508,2770
4598: 950,2644,553
661: 2039,4527,1137
662: 
663: 2826,1134,3899,3870
664: 3545,3412,2803,33
4002: 2570,868,4183,3746
4016: 1010
667: 895
668: 4411,1038,1321,4460
669: 3239,240
670: 3350,2051,1722,2310,372
671: 1010
672: 
673: 3217,3052
4761: 603,1447
675: 3820,3687,2097,4412
676: 998,3130,4205
4371: 4272,1968,3391,4023,4526
678: 3609,3280
679: 2478
680: 4505,4063,2890,2633
681: 2985,58,1661,1423,3800
682: 3965
683: 1312,4217,2317,438
684: 3601,1589,1867,230
685: 4465,1123,2117,3792,3353
686: 
687: 834
688: 3463,590,3447,1058,3011,1354
689: 2292
4393: 
691: 3032,3952
692: 2968,3289,4163,4078
693: 2845
694: 4344,1126,3980
695: 3404,1602,2623
4250: 
697: 1372
698: 2650,132,2153
699: 2856,4740,3217
4505: 4063,680,2633,3605,2889,4076
701: 2310,4703,839,372,832
702: 1008,3785,2918,2140
703: 1584,530,3995,759
704: 622,3793,2903,4166,3823,3968
4654: 4449,963,4111
706: 
707: 4714,1775
708: 2792,2842,649,787
4401: 2935
710: 2398,776
711: 1637,3268,1326
712: 4775,2116,4727,3986,69,132
4552: 4563,4160,2065,205
714: 
715: 
716: 4013
717: 884
718: 2875
719: 3401
720: 1693,4464,3600
721: 4718
722: 3259,2175,3161,1855
4090: 2432,1283,3238
724: 
725: 1289,2817,479,3715,1388
4004: 3197
727: 904,214,3476,380,3530
4289: 2463,1357,15
729: 4428,1168,428,1993
4177: 1111,220,2902
4213: 198,4125
732: 2375,3849,2804,2908,4050,3097
4062: 1217,4624
734: 609,381,1337,4444
735: 
736: 3390,3210
737: 2257,555
4341: 
739: 3438,2130,280,3743,2520
740: 803,2345
741: 
742: 3710,3704,4714
743: 3216
744: 4516
745: 
746: 3365,3436,1200,4458
747: 4623,2496,4038,1029,965
748: 2251
749: 2461,3620
750: 4813,322,3069
4556: 
752: 4258,2275,3714,2019
753: 4386,2111,2378
4596: 1445,247,2313,4806
755: 4044,3253,2076,290
756: 1859,2813
4500: 287
758: 
759: 2337,1458,703,3995
4161: 3314,1067,2864
761: 2557,3628,67,3522
762: 1932,2014
763: 1254,3963
4133: 3949
765: 625,2576
766: 1616,2969,1228,4193,1414
767: 2128,4209,935,1677
768: 
769: 3217,4778,4107,3812
770: 1438
771: 
772: 3318,2241,1065
4460: 668
774: 3202
775: 134,2655,1888
776: 1986,2532,710
777: 218,4799,1156
778: 178,1271,4787
779: 1504
780: 854,4397,4380,3184
781: 2911,1157,2869
782: 1907
783: 1532,4333,3341,4586,3071
784: 490
785: 1647,2563,2119,3087,2704
786: 
787: 708,2792
4078: 2903,692,3289,622,4163
789: 1120,1518,2230
4773: 1874,422,1965,2374,937,1841,1873,1955,4600,3647,4129,3432
791: 390,4488,3480,891,4589
792: 140,1741,2886
793: 4412,2841,3820,3596
4731: 3920,1548,262,3193
795: 4339,3349,3938,4746,605
4024: 1619,3910,3626,3769
4101: 912,1694,4009,3884
4743: 
799: 
4688: 811,512
3958: 4561,914,3307,4235,1175
802: 1223,4103
803: 2893,740,4429
4160: 837,4563,4552
4244: 1386,2103
806: 2605,3229
4051: 1201,2439,3349,1789
808: 508
809: 2773,531,1267
810: 
811: 4386,4688
812: 
4477: 3613
814: 2201
815: 337,501,2457
816: 3626,3878,3769,4079
817: 3496
818: 1622,3877,3825,1694
819: 1915,4644,1883,558
820: 890,191,1177,3817,1166
4386: 753,811,2111,2228
822: 
823: 3525,4605,3709,896,1051
824: 
825: 
4260: 3234,2960
827: 2721,1962
828: 
829: 2441,1270,2083,898
830: 2041,1822,2950
831: 3551,2424,1992,2989,502
832: 3355,701,839,372,4628
833: 917,1566,329
834: 687,4590,568
835: 
836: 326,653,314
837: 4160,2676
838: 3790,4634,4175
839: 701,4272,1968,832,4628
4353: 
841: 3183,4752,1482,3629,323
842: 3203
843: 4388,2707,3388
844: 4286,141,2983,1336
4406: 2599,1275,3685,4544,2327
846: 4190,2090,1386,219,3413
847: 
848: 4107,4778,1052,3089
849: 2383,2318,1384,3334,2170
4042: 521,3150,3719
851: 3282
852: 4487
4805: 2266,157,421,402,1485,4488,1418,4540,1295
854: 780,3386,2250,1360,4380
855: 2948
4655: 1706,2140,1722,1970
857: 922,289,2094,4121
858: 3838,4543,3204
4557: 3328,1198,3065
860: 635,1687,165,2443
861: 1701,3620
862: 4643,4803
863: 3502,2305,2198
864: 3687,4065
865: 1161,1888,433,3102
866: 3507,578
867: 495
868: 4002,2570,1459
869: 3741,4275,2385,2141,4191
4391: 2078
871: 221,153,4551,4112
872: 2379,356
873: 3888,1028
3992: 4067
3949: 4133
876: 1724,1256,345
877: 1796,4235,914,2615
878: 3171,2157,1849,3962,4058,2431,2981
879: 
880: 2407
881: 4612
882: 3367,604,4242,2090
883: 
884: 3252,717
885: 
886: 1631,4782,56
887: 487,4242,2123
888: 1783,1184,170
889: 1520,1518
890: 820,191,1177,2634,2531,2372
891: 3976,4455,4488,791,4589
892: 4758,4293,1006
4610: 1899
894: 3497,4203,614,964
895: 667
896: 823,3525,3272,1051
897: 
898: 331,829,1114
4030: 1294,1885
4708: 357,366,3649,4801
901: 2512
4573: 4766
903: 3543,4239
904: 727,3800,214,3476
905: 402,1485,2738,4605,3709
906: 2680,3464,3347
907: 2590
908: 102,4781,1002,3518
909: 
910: 4493,268,4146
911: 2752,564,924,345
912: 4101,1969,4337,1694,3884,4823
913: 3758,1196,4809,1028,1448
914: 4561,3958,877,4235
4607: 2393,929
916: 4278,310,1627
917: 833,963
918: 4796,1779,4075,3597
919: 4608,1713
4273: 3529
921: 3465,3372,4312,1022,1376,4218,4323
922: 289,857,4583,1869
923: 
924: 2245,4306,345,911
4233: 3852,1217,2522
926: 960,3326
927: 2313,3897,2436,4806
3985: 4199,1949,12,4603
929: 4607
930: 373,4308
931: 4308,3285,3769
932: 4279,3867
933: 1738,4725,3415
4674: 498
935: 1265,767,2128,580,1677
936: 2574,4263,3055,2683,3410
937: 2374,4773,4600
938: 152,548
939: 3816,2549,344,3979,1380
940: 2001,2226
4333: 1532,783,349,3071,3623
4220: 3207
943: 3546,4416,2559,2687,1396
944: 2226,2001
945: 
946: 3535
947: 2573,3729
948: 1139,2373,4662
949: 
950: 4598,553
951: 1625
952: 1802,1764,2190,12,3794
953: 1881,98,473
954: 3982,4151,444
4555: 4075,3597,2382
956: 3723,4531,2961,65
4144: 965,1413,3785
4118: 2401,1241,4591
959: 4216,2254
960: 24,3764,3326,926
4377: 1770,3779,18
962: 1375,2212,2655
963: 4654,2039,917
964: 183,2043,894
965: 4144,4038,1029,747,4207
966: 
4136: 3933,2819,1424
4096: 1669,341
969: 3939,352
970: 
971: 580,3966,3530,124,3476,3640,2128
972: 2908,2716,1042
973: 120,2454,2980
974: 1377,4633,4486
4554: 4109,2772,1394
976: 28,4138,2504
977: 1436
4298: 408,3366,1715,2021,3704
4123: 1306,84,1374,136,31
980: 1166,191,4778
981: 
982: 
983: 86,1543,1178
984: 4514
4323: 4218,921,3372
986: 4532,4811,1564
987: 2865,1263,3938,1503,2915
988: 519
4055: 444,1573,3982,2415,4149,4305
990: 3411,1636,4768,4043,3163,1765,4461
991: 391,2453,4653
992: 
993: 4282,4208,494
994: 1439,1623
995: 
996: 3070
3991: 4798
998: 676
999: 3187
1000: 4754
1001: 4185,2497,3575,3014
1002: 1315,3002,102,908
1003: 3063,2690,1832
1004: 1667,1997
1005: 3908,2987,3604,1260
1006: 2185,4293,892,1410,3689
1007: 3125,642
1008: 2080,2168,2818,702
1009: 3061,2534,3056,362,63
1010: 4016,671
1011: 1855,2593
1012: 3047,4375
1013: 3344
1014: 3362
4086: 3470,1870,1764,4334
1016: 4571,1849,4058
1017: 
1018: 4801,4794,1926
4107: 848,3812,4778,769
1020: 3065,576
1021: 1163
1022: 4312,4238,921,3465
4689: 
4742: 1080,1793,1437,3550
4650: 2890,3400,2633,1327
1026: 4304,2152,1726,3342
1027: 
1028: 3888,873,4809,913
1029: 965,4623,747,503,4207
1030: 3652,2470
1031: 3133,34,1859
1032: 235,3284,3677,3691,2758,4003
1033: 1509,3344,3445
1034: 4322,4447
1035: 562
3977: 3722,373,131
4403: 
1038: 1456,1321,4411,668
1039: 3103,3558
1040: 414,1312,2711,553,3972
1041: 
1042: 3228,972,85,599
4542: 2613,2604,4633
1044: 3214,2138,353
1045: 3362,4340
1046: 2731,646,4471
4763: 2632,1440,273,1515,3218,624
4319: 212,2343,3414
1049: 2448,532,4819,2973
1050: 2800,1334
1051: 2848,4221,3173,823,4605,896
1052: 3115,3089,848
4293: 3270,892,2185,1006
1054: 
1055: 
1056: 4327,4796,4290
1057: 4169
1058: 3447,1597,590,688
1059: 1084,2664,1414
4666: 222
1061: 
1062: 3545,3412
1063: 2086,167,280
1064: 4769,1188
1065: 3651,4797,772,2188
4785: 3335,89,3391
1067: 4161,3314,2426,3786,451
1068: 3227,1605,3189
4483: 
1070: 
1071: 3943,522,1109
1072: 4147,1927
1073: 2970,2612,1121
1074: 1453,2658,2305
1075: 3552,112
1076: 521,2859
4673: 
4166: 2860,704,3823,1180
1079: 2368,1
1080: 4742,1437,2967,2098,2788
1081: 
4327: 1056,4796
4349: 4354
1084: 1059,1240
1085: 1768
1086: 3353,4680,3792,4280
1087: 4348,4604
1088: 2605
4806: 1867,2436,230,2313,927,3924,4596
1090: 2270,1570
1091: 1998,3144,2926
1092: 
1093: 1829,3115,3089,530,4810
1094: 
1095: 4587
1096: 1800
1097: 2158,4774
4588: 110,375
1099: 1457,2758,1622,235
1100: 2196
1101: 602,1981,4768,4276
1102: 
1103: 4383,2787,4390,2660,4578
1104: 1922,4185,4486,3014,4383,4578,2670
4326: 3126,1578,1942,617
1106: 2848,1844
1107: 4446
1108: 3401,2473,28,1363
1109: 3526,1071,4528
1110: 
1111: 220,4177
1112: 4278,3164,3886,223,217
1113: 4591,153,2272,3612
1114: 4444,898,331,2083,4019
1115: 3345,500,1804
1116: 213,3487
1117: 250,3354,1536
1118: 1,1668,1278,3419,504
4142: 1577,1600,2374,4600,2375,2804
1120: 789,1518,3359,2032
1121: 2641,2970,2029,1073
1122: 4489
1123: 2687,685,4465,2117
1124: 
1125: 
1126: 694
1127: 292,4823,654,3310
1128: 
1129: 2975,3843
1130: 
1131: 1611,4602
1132: 
1133: 2227,1212,1329,2215,1299
1134: 663,3899,1844,3870
1135: 
1136: 3087,421,282
1137: 3375,661,2255
1138: 1785,4044,1216,2106
1139: 3596,948,4651,4087,2841
1140: 2259,323
1141: 3801,349,3623
1142: 2475
1143: 
1144: 4344,4707,3544
1145: 4459,3988,188,3153,3417
1146: 2164
4609: 204,4175
1148: 
1149: 4321,1233
4185: 2657,1104,1001,3014
4399: 1573
1152: 2782,3182,224
1153: 2359,1841,2868,1874,3536,1245,4129
1154: 147,3076
1155: 348,3871
1156: 4769,777,4799
1157: 1544,2911,781
4287: 1306
1159: 
1160: 1963,4767
1161: 865,1888,3102,2321,1738
1162: 3468,1278
1163: 1021
1164: 
1165: 365,4538,2127
1166: 820,191,980
1167: 3183,1221,2259
1168: 729,4428,2100,3451,1993
4311: 2410,3163
1170: 3982,4187,2415
4254: 4370
4784: 3965,3126,3059
4318: 3925,16
1174: 390,3807,3287,297
1175: 4561,3958,2224
1176: 1562,2599,3156,588
1177: 890,820,4622,1838,2531
1178: 2063,1543,983,86
4320: 2745
1180: 1325,4166,3584,1757
1181: 1598,4534,3458,2052
1182: 
1183: 3297,1706,2051,4703
1184: 2985,529,888,2553,170
1185: 199
1186: 3707
1187: 450,2564,482,4821
1188: 501,3526,1064
4790: 1651,2318,2170,4176
1190: 3824
1191: 1412,3793,3733,77
1192: 4669,486
1193: 1291
4281: 3040,4807
4592: 3464,3915,3654,3295
1196: 3758,913,4809
1197: 2754,3347,2705
1198: 3328,4557,1488,3065
1199: 
1200: 4388,3388,746
1201: 4051,2047,1522,3896,1432
1202: 1520
1203: 3916,1655,2991,391,2453
1204: 2583,4348,164
1205: 152
1206: 145,2239,59,3858,408,3472
1207: 1516
1208: 
4390: 2787,1103,99
1210: 1852,128
1211: 3188,2812,1392,4593
1212: 2227,1133,1657
1213: 30
4512: 2410,321,2856
1215: 2609,3142,3644,1381
1216: 1138,3154,2106
1217: 4062,2564,4233
4635: 1221,2291
4679: 4058,2431
1220: 4553
1221: 4635,1167,2259
1222: 2362,3858,3334,145,1320
1223: 3004,802
1224: 
1225: 2675,634
1226: 2608,403
1227: 3095,2119,2629,1471
1228: 1860,3108,1616,2013,766
1229: 439,2309
4221: 2848,1051,3173,3899,1844
1231: 3310,549
1232: 1550,4188,2813
1233: 4255,1149,2850
1234: 2462
1235: 3641,1809
1236: 3131
4296: 258,2743,4395,3052,3716,4810
1238: 575,3969
4770: 4039,2979,2290
1240: 1493,1084,4574,3374
1241: 4591,459,4118
1242: 
4463: 3906,3908,4716,4765,4091
1244: 
1245: 4746,1153,1522,4129,3349
1246: 3601,1589,1547,4229
4754: 1000
4433: 2522
1249: 1680,3018,618
1250: 4396,3638,1298
4703: 701,2310,1183,3297,3806,2051
1252: 2487,4037
1253: 2693,3625
1254: 763,3442
1255: 3661,432,1736
1256: 1724,876,1693,4558,2077
1257: 77,1871,404,3959,309
1258: 
4737: 17,4660,3546
1260: 225,1005,3908
4339: 795,3349,605,2501
4479: 4684,19
1263: 987,2865,1503
1264: 3791
1265: 935,580,2510
1266: 1609,1684,1517
1267: 2120,809,197,531
4240: 
4493: 910,253,4346,3053
1270: 829,2441,2083,3642,497,255
1271: 178,778,218
1272: 4219,1289
1273: 93
1274: 
1275: 2599,4406,4350,4178
1276: 3079,2717
1277: 3856,3550,1793
1278: 3097,1118,1162
1279: 3839,3631
4604: 302,1087
1281: 1937,4229,2830
1282: 2771,3344,3445
1283: 3529,3238,4090
1284: 3395,4640,1494
1285: 1611,4602,3311,382
1286: 1585
1287: 3802,299
1288: 3951,2459,2182
1289: 725,2817,479,3715,1272
4653: 2453,991,3027
1291: 1193
1292: 3397,2838,1834
4585: 1699,1909,2448,4819
1294: 4030,1885,2045,2179
1295: 4455,586,4805,4540
1296: 636,3586,2354
4095: 4175
1298: 4687,4396,1250,2402
1299: 2215,4445,1133
1300: 2300,3564
1301: 577
1302: 2744,2654,4049
1303: 
1304: 
1305: 3044,4208
1306: 84,4123,4287
1307: 3424,3712,2688
1308: 1640,515
4263: 2574,936,658
1310: 1369,3860,2677,413
1311: 1533,543,2802,2777
1312: 2711,683,1040,3972
1313: 4482
1314: 3055,1431,2156
1315: 1002,3002,4363,102
1316: 3415,4243,4637,4343
1317: 172
1318: 3629,2950
4444: 398,1114,1337,331,734
1320: 145,2239,2369,1222,3858
1321: 1038,668
4693: 3128,1991
1323: 1385,3631,148
1324: 270,1684
1325: 2364,1395,1180,3584,2018
1326: 4766,711,4665,167
1327: 579,209,4650,3400
4492: 1520,610,1493
1329: 403,1133
4322: 2646,1034
1331: 
4253: 4414
1333: 4268
1334: 1050,2800
4047: 2020,3545
1336: 346,844,2618
1337: 3258,331,734,609,4444
1338: 
4218: 4252,4312,1376,921,4323
1340: 1900
1341: 3899,4010
1342: 630
1343: 1742,1354,3095,2697,127
4758: 892
1345: 2376,3937
3980: 694,3815,396,2209
3965: 4784,1686,682,3126
1348: 4245
1349: 
1350: 2323
1351: 3278,3864,2754
1352: 71
1353: 185
1354: 1742,1343,3463,688,406
1355: 
1356: 
1357: 4289
1358: 2060
1359: 1961,3761,3989,3969,4529
1360: 2250,854,2880,3184
4091: 4765,4716,4211,4463
1362: 4804,2404
1363: 28,1108,1669
4537: 285
1365: 
1366: 
4186: 
4181: 
1369: 1374,1310,2574
4163: 622,3733,692,2968,4078
1371: 525,4753,2141,4191
1372: 3343,4372,4704,697
1373: 1406,2928,3723,3582,4587
1374: 1369,413,1678,4123
1375: 3556,962,3314
1376: 4312,2560,3706,4252,4218,921
1377: 974,3050
1378: 2642,2317
1379: 3664
1380: 3979,3795,939,2549
1381: 3644,4668,4381,1215
4028: 2280,2485
1383: 480
1384: 3858,3334,849,3098,2170
1385: 1323,2789,4064,3631
1386: 2090,4244,2103,846,3413
4530: 4217,2950,2711
1388: 4135,725,2817,446
1389: 1652
1390: 3562,2930
1391: 
1392: 4450,2764,4593,4636,2652,3188,1211
4531: 4619,2426,451,956,65
1394: 2772,308,4554
1395: 2364,1325,2793
1396: 3201,628,943,4416
4372: 3343,1372,3475,4704
1398: 1540,2822,270
1399: 1815,469
1400: 
4459: 3988,2024,1145,263,573
4300: 4407,1601
1403: 
1404: 384,3364
1405: 3825,3339
1406: 2928,1583,1373,3723,3395
1407: 
1408: 3206,4387,3214
1409: 1768,2994,3062
1410: 3689,3414,2185,1006
1411: 119,80,3544
1412: 1191,18,3657,3733
1413: 3785,2918,3372,4144
1414: 4193,1927,766,1059
1415: 2585,3742,3340,4782
1416: 
1417: 
1418: 421,4805
1419: 4665,210,3409
1420: 1821,452
1421: 4489,4820
1422: 4052,1502
1423: 2857,1661,3408,681,3800
1424: 4582,4136
1425: 101,4678,439,2309
3943: 1071,266
1427: 
4769: 1064,4469,522,4215,1156,4799
4696: 3281
1430: 4739,1782,3392,1541
1431: 3055,1314,3860,3912
1432: 504,3896,1201,2047
4197: 56,125
1434: 
1435: 4467
1436: 4565,1506,1929,440,977
1437: 3747,2967,1680,1080,4742
1438: 2242,770,509
1439: 994,1623
1440: 1515,4763
4151: 1610,954
1442: 2846
4345: 
1444: 
1445: 4596,247,2068
1446: 1971
1447: 4761
1448: 3531,3758,913
4199: 3985,12,4603
4075: 4555,2693,1779,918
1451: 
1452: 2953,3742,4782
1453: 1074,2658,2145,3751
4018: 
4471: 1046
1456: 3204,1038,4411
1457: 2758,1099,4284,4382,4712
1458: 2337,759,3995,1671,2502
1459: 365,2570,868
1460: 
1461: 1639,2782
4818: 
1463: 3518,3744
1464: 602,4404,1533
1465: 4499,75,216,4375
1466: 
1467: 2545,3872
1468: 554
1469: 3787,2306,3917,3923
1470: 2689
1471: 189,3374,2119,1227,2563
1472: 3954,4324,3568,3671
1473: 71,3532
4109: 4554
1475: 4112,2229
1476: 2878,463,593
1477: 2665,1514,4546
4099: 457
4183: 3746,4002
1480: 140,3818,2886
4510: 2933
1482: 4752,3694,3183,841
1483: 4097
1484: 260
1485: 402,905,2738,3559,157,4805
1486: 2768
4685: 614,3009,3665
1488: 3328,1198,229
3954: 1472,2829,3671
1490: 4568,1960,2476
1491: 4686,50
1492: 254,455
1493: 1240,610,4492,4574
1494: 387,1284
1495: 394,277
4291: 4768
4005: 3513,3754,4619,2496,65
1498: 2976,1915,2815,2142,82
1499: 369,3115,1584,530
1500: 1588,4639,2641
1501: 2298
1502: 1422
1503: 2898,987,1263,3394
1504: 779
1505: 
1506: 440,1436
1507: 2373,3911,3124,609
1508: 
1509: 1033
3994: 
4174: 4384,375,2847,4081
1512: 464
1513: 4284,3339,4382,4723,3149
1514: 2146,1477,4546
1515: 273,1440,4763
1516: 1653,1207,4434
1517: 2709,541,1266
1518: 1120,789,889
4704: 1372,4372
1520: 889,1202,4492
1521: 238
1522: 3647,4129,3896,1245,1201
1523: 
4079: 3714,3331,3878,816,2298
4782: 1631,886,1415,2585,3742,1452,2953,3073,3340
1526: 4627
1527: 
1528: 1736,1544
1529: 4054
1530: 498,2409
1531: 
1532: 4333,783,57,3341
1533: 1311,1464,2777,2022
4528: 2452,104,1109
4712: 1457,2758,4003
1536: 2376,1117,1553
1537: 1708
1538: 1665
4214: 1657
1540: 1398,2822,3650
1541: 36,1782,1430
1542: 3833
1543: 2063,1178,113,983
1544: 1157,2320,1528
1545: 1567,4794,3573,2814
1546: 328,2991
1547: 4015,79,1246,3485
1548: 251,262,3193,4731
1549: 2544,4779,2134
1550: 1232,4188
1551: 3913
1552: 
1553: 250,1536
1554: 3038,4559
1555: 33,1606,4102,2803,2013,3108
1556: 4727
1557: 2592,3140
1558: 2275,121,2581
1559: 1734
1560: 3311,382,2323
4354: 4349,1603
1562: 4165,1176,484,3156
4624: 4503,3656,4062
1564: 4811,986,1946
1565: 2980,4764,2454
1566: 327,133,833
1567: 1926,1545,4794,4771
1568: 
4162: 2168,173
1570: 1090,2270,4783,4762
4690: 
4448: 3486,642
1573: 4399,4055,3359,4305
1574: 
1575: 3667,433,9,3768
1576: 2200
1577: 4142,4526,550,2374,4023
1578: 1686,2509,4326
3988: 4459,2024,1145,3153,4697,3417
1580: 2653,4779,3653
1581: 2919,4539
1582: 3286,398,3624
1583: 1406,2928,3395,4381
1584: 530,703,1499
1585: 1286,3282
4076: 3955,4505
1587: 4224,3321,1696
1588: 1500,2029,2641
1589: 3601,1246,4229,684
1590: 3324,3129
1591: 
4772: 2419,4697
1593: 1721,2683,3894,2752,564
1594: 3490,3303
1595: 2395,335,2938,3273,1767,2901
4724: 2772,4789,308
1597: 3447,1058,2295,2760
1598: 1181,2052,4524,2191,3510
4643: 1662,862
1600: 4142,550,2691,1893,510,2804
1601: 4300,4645
1602: 3826,3404,695
1603: 1801,4321,4155,4354
1604: 366,2959,620
1605: 1068,3227,2366,4642,1884
1606: 1555,17,1860,3108
1607: 
1608: 2687,1743,2117
1609: 1266,4740
1610: 4151,175,4187
1611: 4602,1131,1285
1612: 
1613: 
4815: 507,2311,1806
1615: 3739
1616: 2493,2013,766,2969,1228
1617: 4276,4622,1838
1618: 4767,3957
1619: 4024,3722,2734
1620: 540,227,155,3408
1621: 4699
1622: 818,4382,1099
1623: 994,1439
4201: 535,4590,453,3670
1625: 951
1626: 3442
1627: 3580,916
1628: 
4793: 
4038: 965,3465,747
1631: 886,4782
4274: 210
1633: 1985,3200,2076,290
1634: 2701,4093,1966
4295: 4236,3632,3180
1636: 3411,990,2204,3163
1637: 3268,711,4665,210
1638: 1868,648,378
1639: 1461,4468
1640: 1308,515
1641: 3066,3844,3775
1642: 406,1742,3930,3559,640
4412: 793,2841,2097,3820,675
1644: 
1645: 1664,2877
1646: 590,1762,4574
1647: 2563,785,3855,2704
4276: 1617,4622,4768,602,1101,2678
1649: 3806,4272
1650: 2187,3955,1705,3724,2207
1651: 4790,4787,4176
1652: 1389
1653: 1516
1654: 374
1655: 3916,1203,3286,3624,3106
4817: 2710
1657: 4214,1212,1882
4582: 1424,232
1659: 453,3787,535
4794: 427,594,1018,4801,1851,1567,1926,1545,3573
1661: 3408,1423,681
1662: 4643
1663: 2577
1664: 1645
1665: 1538
1666: 
1667: 533,3664,1004
1668: 1118,1,3419,2809
1669: 4096,1363
1670: 
1671: 136,31,2502,1458,3548
1672: 2217,1813
1673: 2337,4257
1674: 3502,161,2038,514
4227: 4791
1676: 3872
1677: 2225,3434,767,53,935
1678: 3091,1374,84
4135: 1388,446,2560,3706
1680: 1249,618,1437
1681: 601,4661,2963
1682: 1827,3642
1683: 2155,4262,4187
1684: 1324,1266
1685: 2392,1967,1687,3846,2716
1686: 1578,3126,3965
1687: 635,3846,860,475,165,1967,1685
4290: 187,4796,1056
1689: 
1690: 457,3576,3275
1691: 
4404: 602,1464,3799
1693: 720,4464,1256,2077
1694: 4101,1969,912,818
1695: 3783
1696: 460,1587,2325
1697: 1845
1698: 1852
1699: 4497,4585,4449,2263,1909
1700: 
1701: 861
1702: 4269
1703: 2386
1704: 1990,3169,2101
1705: 1999,1650,1941,2207
1706: 2140,1722,4655,1183,2051
1707: 
1708: 1537
1709: 4631,3172
1710: 515
1711: 4190,3230
1712: 2075,1840,2672,1879,4691,4637
1713: 4608,919,1842,461
4472: 
1715: 2021,2895,4298,3704
4029: 2819
1717: 3076,4275
1718: 
4316: 3071,3623,3294,355,2500
1720: 3325,3138
1721: 1593,2683
1722: 1706,4655,1970,3283,2051,670
4640: 2456,1284
1724: 1256,876,4170,4558
1725: 4453,4684,3861
1726: 3613,4795,2152,1026,3342
1727: 105
1728: 3632,2555
1729: 3891,2606,4795
1730: 2204,633,48
1731: 4646
1732: 643,2955
1733: 3147,2823,4085
1734: 2634,2531,3874,1559
4093: 1634
1736: 3023,1255,1528
1737: 4114,4545
1738: 933,1161,1888,134
1739: 2756
1740: 2172,4256
1741: 792,140
1742: 1343,1354,406,1642,640,127
1743: 340,2117,1608,3201,2280
4513: 2174,2319,1826
1745: 4348
1746: 4417
1747: 4238,3110,3138,3754
4418: 3692
1749: 2030
4105: 
4757: 46
1752: 3964,99
1753: 4702
1754: 
1755: 
1756: 
1757: 2604,338,309,2860,2364,1180
1758: 2475
4424: 279
4243: 3415,1316,4637,4725
1761: 1772
1762: 2121,590,1646
1763: 
1764: 1802,4334,952,4086,1870,2190
1765: 3163,321,990,4461
1766: 1898
1767: 3273,2901,1595,2393,4362
1768: 1409,1085
1769: 2353,2751
1770: 4377,3830,3779,436,121
1771: 3423,3431
1772: 1761
1773: 113,3211
4611: 3804,2008,3814
1775: 4714,3199,707
1776: 
1777: 2475
1778: 2110,2719,2018
1779: 918,2693,4075
4071: 85,4050
1781: 3772,1791
1782: 342,4739,1430,1541,36
1783: 888,1799,41
1784: 2264,3150,183,2043
1785: 1138,3299,4434
1786: 4807,147,4012
1787: 2806,410,2414
1788: 3746,2549,4659,4548
1789: 4051,2439
4169: 1057
1791: 1781
1792: 3826,3404
1793: 618,4742,1277
4660: 17,4737,4234
1795: 328,4411,2815
1796: 877,4235,3069
1797: 
1798: 3022,2745
1799: 1783,41,2137
1800: 3053,3517,1096
1801: 1603,4321,3973
1802: 1764,952,3794
1803: 3600,658,4376
1804: 500,1115
1805: 3371
1806: 4036,507,4815
1807: 4080
4040: 162,4519
1809: 1235,4154
1810: 3240
4515: 
1812: 4026,2904
1813: 1672,3278,3864
1814: 603,3810,343
1815: 1399,1929,4565,4325
1816: 3592,2625,2971,2854
1817: 3401
4764: 2454,2610,1565,3570,2023
4364: 
1820: 238
1821: 1420,3072
1822: 830,2041,2147
1823: 
4315: 4800
1825: 3557
1826: 4241,4513,2319
1827: 1682,3838
4792: 4627,4362
1829: 1093,4810,3995
4173: 4407,4113,3032
1831: 2173,2000
1832: 3106,203,2690,3208,1003
1833: 2747,45
1834: 3778,2838,1292
4504: 2355
1836: 2391,4128,3523,3292
4651: 4087,1861,2841,1139
1838: 1617,4622,3874,2022,1177,2531
1839: 2396
1840: 2075,1712,3136,3005
1841: 1153,2359,2868,1874,422,4773,4129
1842: 3379,516,3360,1713
1843: 318,2777,2802,592
1844: 3870,1106,4221,1134
1845: 1697
1846: 2257,3074,2289
1847: 2645
4762: 4783,3185,107,3591,1570
1849: 1016,2640,4571,3962,878,4058
1850: 3253,2753,3155,2233
1851: 594,4794,427
1852: 1210,1698
1853: 3915,3295
1854: 4705,492
1855: 1011,722
4363: 143,1315
1857: 3240,4681
1858: 495
1859: 296,1031,3133,756
1860: 3108,1228,1606
1861: 2097,4651
1862: 2986,3592
1863: 2315
4807: 1786,4281,192,3960,1894,2385,4012
4736: 2267,4800
4000: 
1867: 2436,230,4806,3924,684
1868: 1638,3468,50
1869: 156,922,4583
1870: 4086,3470,3811,2190,1764
1871: 2860,77,1257,309
4154: 4777,1809
1873: 4773,3647,3896,3432
1874: 422,4773,1153,1841,3647,4129
1875: 72,4719,3403
1876: 
1877: 
4732: 615
1879: 2510,2478,4691,1712,2672
1880: 366
1881: 953,98,2986
1882: 3043,1657,2947
1883: 558,1915,819
1884: 4642,2366,1605
1885: 2045,2179,2248,4030,1294
4417: 1746
1887: 
1888: 865,1161,775,134,1738
1889: 
1890: 359,2288
1891: 113
4231: 2269
1893: 510,110,2691,1600
1894: 2385,4012,4807,2141,248
1895: 595
1896: 3911
4676: 
1898: 1766,3937
1899: 4610
1900: 3730,1340
1901: 1971,4753
1902: 631
1903: 97
1904: 3015
1905: 2099,2012,2411
4775: 712,69,2870,2150
1907: 782
1908: 443
1909: 2263,1699,4585,2448,4819
1910: 3258
1911: 
1912: 
1913: 2638,3029
1914: 2895
1915: 1498,2142,1883,819
1916: 326,653,3018
1917: 2120
4546: 1477,1514
1919: 2293,2133,4726
4701: 3225
1921: 495
1922: 1104,3014,4578
4574: 2629,1240,1493,1646
1924: 
4503: 3656,4624,2049
1926: 1567,1018,4801,4794,3527
1927: 4193,1414,3176,1072
1928: 3856,3550,319,2788,1948
1929: 440,1436,4565,1815
1930: 2215,2227,25
4494: 2748
1932: 762,2801,4786
1933: 3175,4046,3009,2303,514,3665
1934: 1996,3578,3486,4816,4204
4681: 4720,1857
4423: 208
1937: 1281,3893,2830
1938: 2234
1939: 
4080: 1807
1941: 447,38,1705,1999
1942: 617,3740,4326
1943: 3323,3412,2277
4408: 2173,4514,567
1945: 2405,394
1946: 3103,1564,2258
1947: 
1948: 319,3323,1928
1949: 12,3985,4603,2029
1950: 2340
1951: 4820,2250,3386
4536: 215,3715,4165
1953: 3165,2034
1954: 4454
1955: 4600,4773,2375,3849,4462,3432
4698: 332
4247: 3441,2671,3007
1958: 3925
1959: 2023
1960: 4368,11,1490
1961: 1359,3446,3761,381,3989
1962: 827,2800,2406,2767
1963: 1160,2369,4767
1964: 
1965: 3355,422,4773
1966: 2701,1634
1967: 2392,1685,4384,2523,0,165,1687,3846
1968: 4272,4371,839,4023,4628
1969: 912,1694,3877,4823
1970: 1722,4655,2129,3283
1971: 1446,4753,1901
4648: 3861
1973: 1993,3198,173
4809: 52,3777,1028,3758,1196,913
1975: 4634,4496,2066
1976: 2088,3498,2882
4077: 4441,2286,3067
4434: 1785,3299,1516
1979: 
1980: 2535,2249
1981: 4768,1101
1982: 2546,2596,4780
1983: 
4259: 141,2153
1985: 1633,2076,290,52,2615
1986: 2532,2449,776
1987: 2247
1988: 
1989: 
1990: 1704,3169
1991: 3132,4693,416
1992: 3864,831,3551
1993: 1973,729,1168
1994: 3920
1995: 3008,103
1996: 1934,4816
1997: 125,1004,4489
1998: 1091,4203,614,2566,2926
1999: 1705,3987,38,1941
2000: 2261,2783,1831,2173
2001: 940,944
2002: 4811
2003: 103,2963
4462: 3432,1955,3849,3097
2005: 473,227,2866,2353
2006: 
2007: 
2008: 2340,4611
4632: 169
4445: 2215,1299
4388: 1200,843,2707
2012: 252,2411,3416,1905
2013: 1616,4102,1555,3108,1228
2014: 762,353
2015: 2178,298
2016: 
2017: 2038,2503,3581,2859
2018: 3584,1778,1325
2019: 3714,752,2199
2020: 4047
2021: 1715,3366,4298
2022: 3874,1533,1838
2023: 3570,4764,1959
2024: 4459,3988,263,2419
2025: 
2026: 2524,3210
4489: 1997,1421,1122
2028: 3447,2760,3011
2029: 3161,1949,1588,1121
2030: 3122,2226,1749
4187: 1170,1683,101,1610
2032: 1120,584
2033: 4613,3953,301
2034: 1953
4547: 2466,174
4638: 3724,23,2284
4518: 3510,2495
2038: 2017,2503,161,1674
2039: 661,2255,963
2040: 
2041: 830,1822,2058
2042: 
2043: 183,964,1784
4065: 333,864,3687
2045: 1885,2775,2179,1294
2046: 4717
2047: 1201,2439,3109,1432,4476
4440: 2809,3610,4210
2049: 4503,4314
2050: 
2051: 670,1706,1722,1183,2310,4703,372
2052: 380,3458,3530,4524,1181,1598
4621: 2812,2131
2054: 
2055: 2708
2056: 4158,4801,3659,3527,75
2057: 
2058: 4722,2041,133
4209: 53,767
2060: 1358
4729: 
2062: 4360,2480,2181
2063: 1543,1178,4649,113
2064: 3845
2065: 369,205,4552
2066: 4496,3524,547,1975
2067: 4437,4373
2068: 2213,20,1445,247
2069: 3201,2280
2070: 294
4777: 4154
2072: 2990,3083
4049: 4014,1302,143
2074: 3568
2075: 1712,1840,144,2672,4398,3005
2076: 3253,3200,755,1985,1633,290
2077: 4006,1256,1693,4558
2078: 4723,307,4391
4257: 2925,1673
2080: 1008,2168,2508,3488
4143: 3490,2160
2082: 
2083: 829,1270,1114,4019,497
2084: 3879
4252: 246,4218,1376
2086: 3649,1063,357
2087: 
2088: 1976,2882
4405: 3893,2464,4352
2090: 1386,2103,882,4190,846
4583: 3605,922,1869,2187
4196: 503,3582,2129
2093: 608
2094: 4580,4394,310,3164,289,857
2095: 3565
2096: 
2097: 1861,675,4412
2098: 2788,2967,1080
2099: 1905,594
2100: 4428,1168,3233,3842,4222,3451
2101: 1704
2102: 527,4447,3050,3636
2103: 2090,1386,4244,3367
4467: 1435
4211: 3774,607,4091
2106: 3154,584,1138,1216
2107: 4620
2108: 4251,4813
2109: 
2110: 4121,2719,1778,3024,2561
2111: 2228,753,4386
2112: 2512,2964,4618
3990: 
2114: 3072,2916
2115: 2881,358,2854
2116: 712,3986,333
2117: 340,1743,3792,1608,2687,1123,685
2118: 4517,2926,3645
2119: 282,1227,1471,2563,785
2120: 1267,197,1917
2121: 1762
2122: 3717
2123: 2595,4568,887
2124: 
2125: 3848
2126: 3768,586
2127: 4538,2272,3612,3827,365,1165
2128: 767,124,971,580,935
2129: 4196,1970,334,3283
2130: 3438,739,2520,216,4657
2131: 2501,4621
2132: 3238
2133: 3333,628,1919,4303
2134: 4256,1549
4627: 4792,4362,1526
2136: 2167,3731,4212,3191
2137: 1799,303,2878
2138: 1044
2139: 
2140: 1706,4655,702
2141: 248,4191,1894,2385,869,4275,1371
2142: 82,3426,4644,1498,1915,4821
2143: 4814
4639: 1500
2145: 3751,150,2589,1453
2146: 1514
2147: 2642,438,1822,4722
4780: 2546,1982,3859
4064: 1385,2789
2150: 2870,69,4775,2650
4733: 4048,2865
2152: 4304,1026,1726,4795
2153: 544,698,4259
4466: 2733,2824,2622
2155: 1683,4262,175,62
2156: 3052,541,1314
2157: 878,2981
2158: 1097,2282,2724
2159: 72,2934
2160: 4143
2161: 2853,3676,649,2737
2162: 
2163: 
2164: 290,1146
4343: 3202,26,3415,1316
4146: 268,3851,910,2551
2167: 2136,3731,3191,4576
2168: 2080,1008,2818,4162
4801: 1018,4708,357,3649,4158,2056,4794,1926,3527
2170: 3098,4176,849,4790,1384
4058: 4679,1016,4571,1849,878,2431
2172: 1740,3730,454
2173: 1831,4408,2000,2601
2174: 4513,4361,4774
2175: 4603,3259,3161,722
2176: 2548,3904,2798
4465: 685,461,3759,1123
2178: 2015
2179: 1885,2045,2775,3101,1294
2180: 
2181: 2958,307,2062,2480
2182: 2339,2770,3951,1288
2183: 3250,266
2184: 
2185: 1006,4293,3414,1410
4517: 2118,2926,3645,568
2187: 1650,4583,3955
2188: 2971,1065,3318,3903
4023: 2374,4628,1968,4371,1577,4526
2190: 3811,1870,1764,952
2191: 57,4524,1598
2192: 
2193: 595,2874,4216
2194: 
2195: 
2196: 1100
4085: 481,1733,2776
2198: 2303,3388,3502,863
2199: 2497,436,3830,2019,3575
2200: 4474,1576,2871
2201: 2791,814,4814
4010: 1341,402,2266
4561: 3958,914,1175,2224
2204: 1730,23,2284,3411,1636
2205: 2753,2514
2206: 4125,2955
2207: 3724,4172,1650,1705
2208: 433,9
2209: 396,3980
2210: 3030,3258
2211: 604
2212: 134,2655,962,2864
2213: 2068,20
4310: 3382,416
2215: 1299,4445,2227,1133,25,1930
4705: 2813,4822,1854
2217: 1672
2218: 3889,3705,90
2219: 
2220: 
2221: 
2222: 2673
3982: 954,1170,2415,444,4055
2224: 569,1175,4561
2225: 1677,3434,53,4725,4159
2226: 944,940,3034,2030
2227: 1133,1212,2215,1930
2228: 2111,2451,4386
2229: 3795,1475
2230: 789
4545: 3300,4114,1737
2232: 
2233: 322,3200,1850
2234: 3303,1938
4644: 2142,4821,819
2236: 
4600: 1955,2374,937,4142,4773,2375
2238: 
2239: 1206,145,1320,2369,59,3472
2240: 3560,3782
2241: 3783,3720,772
2242: 1438
2243: 
4617: 40
2245: 924,4306,4188,3836,2836
4572: 3070
2247: 19,1987
2248: 2596,1885
2249: 2535,1980,304
2250: 2409,1360,1951,854,3386
2251: 442,748
2252: 3477,3798
2253: 
2254: 959,3947
2255: 1137,2039
2256: 3894,556,2709,541
2257: 1846,3074,737
2258: 1946
2259: 1140,1221,1167
2260: 2651
2261: 2000,2601,2783,634
2262: 
2263: 1909,1699,4497,4819
2264: 1784,2342,3150,3319
4112: 1475,871
2266: 4805,402,4010,4540
2267: 4736,3526,2984
3974: 3480
2269: 4231,2852
2270: 1090,1570,3543,4282
2271: 2530
2272: 4538,2127,3612,4591,1113,2401
2273: 2862
2274: 
2275: 436,1558,752
3989: 4106,1961,1359,3969
2277: 2803,1943,3412,2922
2278: 3852
2279: 2960,3234
2280: 3201,2069,1743,2485,4028
2281: 
2282: 2158,2920
4019: 497,2083,398,1114
2284: 23,4638,4768,2204,3411
4128: 278,2391,2723,1836
2286: 4077,4441
3940: 2484,3616
2288: 2833,1890,359
2289: 2906,1846,3074
2290: 2299,2979,445,4770
2291: 4635
2292: 689,3869
2293: 1919
2294: 343,4108
2295: 3154,2760,1597
2296: 3187,4432
2297: 3863
2298: 1501,3878,4079,3331
2299: 2979,2290
2300: 1300,171
2301: 3745,4271
4661: 2542,1681
2303: 2198,3502,514,1933,3175
2304: 
2305: 161,1074,863
2306: 3787,1469,3917
2307: 3210,4385,11
4381: 198,1583,4668,1381
2309: 1229,439,1425
2310: 701,4703,372,2051,670
2311: 3887,3190,4815
4740: 3650,2856,2822,699,1609
2313: 927,4806,4596
2314: 
2315: 443,2765,1863
4474: 2200,2871,3713
2317: 683,1378
2318: 4790,849
2319: 4513,1826
2320: 1544,3023
2321: 53,3102,1161
2322: 174,4355,2611
2323: 1350,1560,382
2324: 2602,3007
2325: 460,1696
4307: 
2327: 588,3233,4406,3685,4544,4222
2328: 4514
2329: 646,3592,2625,4508
2330: 2723,4212,278
2331: 4646,142
2332: 4717
2333: 
4697: 3153,4772,3988,2723
4369: 3655,3079
4707: 3544,1144
2337: 1673,1458,759
2338: 4820
2339: 2182,2770,98
2340: 1950,2008
2341: 423,60
2342: 3922,3150,2264
2343: 3538,212,4319
4256: 1740,2134
2345: 2893,740
2346: 3883,3232
4358: 275
4778: 2372,2676,191,980,769,4107,848
2349: 
4395: 2743,3213,4296,3812,4810
2351: 2495,4534
4553: 1220
2353: 540,1769,2005,227
2354: 3586,1296
2355: 4504,4224,3321
4223: 4398,3801,3339
2357: 3859
4631: 396,3815,1709,3172
2359: 1153,1841,2868,491,4048
2360: 4606
4280: 1086,4571
2362: 1222,3334
4594: 4225
2364: 1325,1395,2604,1757,2793
2365: 4034,117,4192
2366: 2973,2648,1884,1605
2367: 
2368: 1079,3790
2369: 2239,1320,59,1963,4767
2370: 2915,605,2962,3394
4551: 229,294,297,871
2372: 4778,2676,890,191,2634
2373: 1507,3911,948,4662,3124
2374: 4023,937,1577,4142,4773,4600
2375: 732,3849,2804,4142,1955,4600
2376: 1345,3937,1536
4268: 1333
2378: 753,4811
2379: 2610,872
2380: 377
2381: 
2382: 4555
2383: 849,3015
4540: 3231,4805,2266,1295
2385: 1894,4012,4807,2141,248,869,4275
2386: 1703
4437: 2067,4373
2388: 
2389: 3854,4615,3718
2390: 3788
2391: 278,3191,4128,1836,4576,3523
2392: 1967,1685,0
2393: 4607,4362,1767
4549: 3182
2395: 1595,335,3230,2938
2396: 1839
2397: 4816,3738
2398: 3903,710
2399: 599,85,3468,50
2400: 
2401: 4118,4591,2272
2402: 3356,4396,1298
4799: 777,4769,4215,1156
2404: 431,4804,1362
2405: 1945,2524
2406: 1962
2407: 4495,880
2408: 610,2664,2715
2409: 2250,1530
2410: 3163,4311,321,3650,2856,4512
2411: 252,2012,3917,1905
2412: 243
2413: 627
2414: 1787,4067,3557
2415: 1170,3982,4055,4149,4305
2416: 3894,556,564
2417: 3440
2418: 105
2419: 4772,2024
4063: 4505,680,2890
2421: 
4748: 440
2423: 4106
2424: 831,3551,502,2611
2425: 
2426: 4619,4531,3786,1067
4496: 2066,1975
2428: 3276
2429: 3501,2519
4419: 2735,2576,2940
2431: 2981,20,878,4679,4058
2432: 4090
2433: 3107,598
2434: 3813
4376: 1803,4464,4374
2436: 1867,230,4806,927
4350: 2660,4178,4578,2670,1275
4427: 3942
2439: 4051,2047,1789,4577,4476
2440: 4
2441: 829,1270,3642
2442: 355,2500
2443: 165,3607,860
4222: 2327,2100
2445: 4614
2446: 4115,2649,209
2447: 4092
2448: 532,4819,1049,4585,1909
2449: 1986
4789: 4443,3475,2972,308,4724,2772,3343
2451: 2669,2228
2452: 104,4528
2453: 4653,1203,991,391,3027
2454: 4764,973,2980,1565
4659: 3816,2549,1788,4548
2456: 4640,451
2457: 501,2984,815
4576: 213,2167,3731,2391,3191,3523
2459: 3951,1288,2654,2702
2460: 240
2461: 749
2462: 2881,1234
2463: 4289
2464: 3886,4352,4405
3955: 4076,2187,1650
2466: 4547,3257
2467: 3537
2468: 589
4267: 3332
2470: 3652,1030
2471: 3487,3771
2472: 
2473: 3879,1108,28
2474: 4664
2475: 1142,1758,1777
2476: 4774,1490
4158: 2056,3649,4801
2478: 1879,679,2672
4188: 1550,1232,3836,2245
2480: 4723,3149,2062,307,2181
4495: 2407,2733
2482: 117
4796: 918,4290,4327,1056
2484: 350,3940
2485: 2280,4028
4127: 
2487: 1252,4037
4114: 4487,4545,3300,1737
4663: 2873,2732
2490: 3159
2491: 4367
2492: 
2493: 1616,2969,2922
2494: 
2495: 2351,4518,3510
2496: 2961,4623,747,65,4005
2497: 2199,3575,2787,4626,1001
4533: 164
4718: 721
2500: 3825,4316,355,2442
2501: 605,2962,4339,2131
2502: 1671,136,413,2677,1458
2503: 3478,161,3581,2038,2017
2504: 4138,976
2505: 
2506: 2951
4508: 4439,2329
2508: 3488,3873,2080
2509: 562,1578
2510: 1879,1265,3434
2511: 
2512: 2112,901
4725: 933,2225,4159,3415,4243
2514: 2205,2571
4189: 
2516: 
2517: 
2518: 
2519: 2429
2520: 3882,3743,2130,739,4657
4425: 3828,4067
2522: 4433,4233,3552
2523: 4384,0,2847,165,1967
2524: 2026,2405,3279
2525: 
2526: 2962,3882
2527: 
3970: 201,4380
4730: 
2530: 2271,3082
2531: 2634,1734,1838,3874,890,1177
2532: 1986,3903,776
2533: 3745,4271,4170,4558
2534: 1009,544,4700,362,3630
2535: 1980,4544,3636,2249
3997: 3155,2571
4275: 869,2385,1717,2141
4516: 744
2539: 
2540: 334
2541: 651
2542: 4661,103
4175: 4095,3790,838,4609
2544: 1549,4779,2979
2545: 1467,277
2546: 1982,4780
4346: 4493,3053
2548: 2176,3448
2549: 939,3816,344,1380,1788,4659
2550: 
2551: 4146,2912
4193: 1414,1927,766,3176
2553: 170,2985,58,1184,214,3458
4636: 1392,4450,565,2652,2568
2555: 1728,3632
4368: 1960,11
2557: 3628,761,67
4172: 3724,23,2207
2559: 943,4036,2687
2560: 4312,3706,1376,4135,3110,446
2561: 3580,2110,4121,3024
2562: 3139
2563: 1647,785,3855,189,1471,2119
2564: 450,1187,1217
2565: 3205
2566: 2926,4203,1998,3497
4580: 2094,4394,2761,4475,4352,3164
2568: 2652,4636
2569: 
2570: 4002,868,3827,365,1459
2571: 3708,2514,3997
2572: 549,3645
2573: 947
2574: 4263,936,1369
2575: 
2576: 2735,4419,765
2577: 1663
4488: 3480,4805,791,891,4455
3941: 
4113: 4173
2581: 121,1558
2582: 2744,2731
2583: 4348,1204
2584: 3382,3737
2585: 1415,3742,3340,4782
2586: 172,4755,112
2587: 257,449,370
2588: 
2589: 3251,3453,2145,150
2590: 907,3660
2591: 
2592: 1557,524
2593: 1011,49,3360
2594: 
2595: 2123,4568,2674
2596: 2248,4294,1982
2597: 4451,491
4447: 527,2102,1034
2599: 4406,1275,3685,1176,588
4497: 1699,4449,2263
2601: 2261,2173
2602: 2671,3007,2324
2603: 3085,49,3759
2604: 1757,338,2364,4542
2605: 806,1088
2606: 3891,1729,4795
4003: 3232,2758,4712,1032,3691
2608: 1226,403
2609: 1215,3142,2958
2610: 2379,4764
2611: 2424,2322
2612: 2970,1073
2613: 4542,4633
4020: 236,2996
2615: 3888,52,877,1985
4687: 1298
4092: 464,2447
2618: 3630,346,1336
2619: 3227,419,2900,4658
4538: 2272,2127,3612,1165
2621: 
2622: 4466
2623: 695
2624: 
2625: 3592,1816,2854,358,2329
2626: 
2627: 3156,2839
2628: 4215
2629: 4574,4057,3095,1227
4746: 3536,1245,3938,795
4766: 1326,2898,4573,167
2632: 4763,624
2633: 4650,2890,3400,4313,2889,4505,680
2634: 1734,2531,890,2372
2635: 3756,411,392,4616
4714: 3199,742,707,1775
2637: 175
2638: 560,1913
2639: 416
2640: 1849,3962,4680
2641: 2970,1121,1500,1588
2642: 1378,2147,438,4722
2643: 
2644: 4598,2711,553
2645: 1847,3397
2646: 2793,4322
4338: 
2648: 2366,2973,532,4819
2649: 4115,2446
2650: 698,2150,3061
2651: 2260
2652: 3188,2812,1392,4450,4636,2568
2653: 1580,4779,3772
2654: 3951,2459,1302,41,143
2655: 775,2212,962
4468: 3518,4781,1639
2657: 4185,404
2658: 1074,1453,3493
2659: 4081,213
2660: 4350,4178,4578,4383,1103
2661: 3813
2662: 625,4525
2663: 3957,526,10
2664: 2715,2408,2969,1059
2665: 1477
4416: 943,3546,1396
2667: 3113
4137: 2916,4132
2669: 2451
2670: 1104,4350,4578
2671: 2602,3007,4247
2672: 2075,1712,144,2478,1879
2673: 2222
2674: 3279,4568,2595
2675: 1225,574
2676: 4778,2372,837
2677: 4810,1310,413,2502
2678: 4043,3817,4768,4276,4622
4297: 599
2680: 906,3608
4529: 203,1359,3761,3969
4385: 11,3210,2307
2683: 1721,1593,3410,936,658
2684: 
2685: 534,2739
4081: 2659,4174
2687: 1608,1123,943,2559,2117
2688: 193,3712,1307
2689: 1470
2690: 203,1832,1003
2691: 110,3178,1600,1893
2692: 
2693: 1253,1779,4075
2694: 613
2695: 3065,3083,576
4752: 1482,841,3629
2697: 3095,282,1343,127
4212: 100,581,2330,2136,278
2699: 465
2700: 115
2701: 4645,1634,1966,2902
2702: 2459
4121: 2110,2719,2561,857
2704: 1647,785,3087
2705: 1197,3278
4613: 3953,2033
2707: 593,4388,843
2708: 2055
2709: 1517,541,2256,556
2710: 2921,4817
2711: 1312,553,2644,1040,4530
2712: 21,3363
2713: 
2714: 4803,3676,2896
2715: 2664,2408
2716: 3228,1685,972
2717: 3079,1276,2736,3393
4132: 3554,3385,4137
2719: 2110,4121,1778,156
4210: 4634,4440,3610
2721: 827,2800
2722: 645,3796
2723: 2330,4697,278,4128
2724: 2158
4106: 3989,2423
2726: 355,4009,3294,3436
2727: 
2728: 2837,2845
4612: 881
4037: 2487,1252
2731: 1046,2582
2732: 3292,2736,4663
2733: 4466,4495
2734: 244,3722,1619
2735: 2576,4419
2736: 2732,3292,3079,2717
2737: 3338,4803,3676,2161
2738: 3930,3559,298,3709,905,1485
2739: 3498,2685
2740: 
4480: 3186,3633
2742: 227,2866
2743: 4395,3213,4296,3716,4810
2744: 2582,1302,2770
2745: 4320,1798
4147: 1072,189,3855
2747: 45,3261,1833
2748: 4499,4771,4494
2749: 3456,4669,638,2795
2750: 4700,4138
2751: 1769
2752: 911,564,1593
2753: 2205,3437,3155,1850
2754: 1197,3347,3278,1351
2755: 
2756: 1739,62
2757: 3906,225,4765,168,3540
2758: 1457,1099,4712,1032,3691,4003
2759: 3836,4569
2760: 2295,2028,1597
2761: 4580,4394,4475,3312,3621
2762: 
2763: 3320,4482
2764: 1392,4450,565,4593,3936
2765: 2315,443
4606: 3221,2781,2360
2767: 39,1962
2768: 3369,3454,1486
4374: 325,4376
2770: 2182,2339,4439,2744,3951
2771: 1282,3125,3445
2772: 4724,1394,4789,4554
2773: 531,809,3020
2774: 2937,4288
2775: 2045,2179,545
2776: 407,4085
2777: 318,1843,2802,1533,1311
2778: 3869
2779: 4269
4352: 2464,4405,3164,4580,4475
2781: 4606
2782: 1152,224,1461
2783: 2261,2000,634
2784: 
2785: 21,188,34
2786: 
2787: 4383,4626,1103,2497,4390
2788: 2098,1080,3550,1928
2789: 1385,4064
4224: 1587,3321,2355
2791: 2201,4814
2792: 708,649,787
2793: 2646,2364,1395,429
3962: 2640,1849,878
2795: 638,2749
4522: 47
2797: 3357,3824
2798: 2176
2799: 
2800: 1050,1334,2721,1962
2801: 1932,4786,3116
2802: 1311,1843,2777
2803: 4102,2277,3412,664,1555,33
2804: 732,2375,4142,1600,510,2908
2805: 558
2806: 410,1787,4184
4156: 
2808: 
2809: 4440,3109,3419,1668
2810: 
4397: 4380,780
2812: 2652,3188,1211,4621
2813: 4705,756,1232
2814: 1545
2815: 1795,1498,2976
4744: 3137,3371
2817: 1289,725,1388
2818: 1008,2168,3297
2819: 4029,4136
4822: 4705,492
4649: 2063
2822: 1540,1398,3650,4740
2823: 1733
2824: 4466,367
4261: 3819
2826: 663,66
2827: 
2828: 573,3418,21
2829: 3954,3671
2830: 1281,1937
2831: 3661,432,279
2832: 
2833: 2288
4317: 
3947: 197,2254
2836: 3836,4569,2245,4306,345
2837: 2845,2728
2838: 1292,1834
2839: 3873,428,2627,246
2840: 3945,625
2841: 793,4412,4651,1139,3596
2842: 649,4783,708
2843: 
2844: 
2845: 2837,693,2728
2846: 1442
2847: 4384,2523,4174,2873
2848: 4221,1051,1106,3280
2849: 4370
2850: 1233
4235: 1796,877,3307,3958,914
2852: 3923,2269
2853: 2161,649,3601,230
2854: 2971,1816,2625,2115,358
4380: 4397,201,3970,780,854
2856: 3650,4740,2410,4512,699
2857: 1423,3728,155,3408
4011: 
2859: 513,2017,1076
2860: 1871,4166,1757,309
2861: 4781
2862: 2273
2863: 
2864: 2212,134,4161
2865: 987,1263,3938,4733,4048,3536
2866: 2005,227,98,2742
2867: 
2868: 1153,2359,1841,4048,3536
2869: 3862,781
2870: 3322,3737,2150,69,4775
2871: 3073,2200,4474
4219: 3844,1272,3775
2873: 3607,4663,2847
2874: 2193,4216
2875: 718
4723: 2078,3149,2480,4284,1513
2877: 4033,3909,1645
2878: 1476,303,2137
2879: 
2880: 1360,4776
2881: 2115,2462,358
2882: 1976,2088
4046: 1933,3175,3009
2884: 
4605: 823,3709,905,1051,3173
2886: 1480,792
4208: 3494,494,3718,993,1305
4411: 668,1456,1038,1795
2889: 3605,2633,4505
2890: 4650,2633,4063,680
4575: 395
2892: 3713
2893: 803,2345,384
2894: 
2895: 1715,1914
2896: 4282,2714,3676
4168: 114
2898: 1503,4766,3675,3394
4383: 3014,2787,1103,1104,2660,4578
2900: 419,2619,3603
2901: 3273,1767,1595,2938
2902: 2701,4177
2903: 3580,4078,704,622,3793,3968
2904: 4484,4026,1812
2905: 
2906: 2289
4125: 2206,4213,3142
2908: 4050,972,510,732,2804
2909: 
2910: 
2911: 781,1157,3957,526
2912: 3385,2551
2913: 3695,3181
2914: 
2915: 2370,605,987,3938
2916: 4137,3332,2114
2917: 
2918: 1413,3785,3488,702
2919: 1581,4811
2920: 2282
2921: 2710
2922: 2277,2493
2923: 
2924: 3815,3913
2925: 4257
2926: 2118,2566,4517,1998,1091,3144
2927: 476
2928: 1406,1583,1373,4587
2929: 
2930: 1390
4599: 
2932: 
2933: 4510
2934: 2159
2935: 4401
2936: 642,3905
2937: 2774,4288
2938: 1595,2395,2901
2939: 4264
2940: 4419
4657: 561,2130,3882,2520,216
4569: 2759,3836,2836,3832
2943: 
4458: 4586,3436,746
2945: 
4451: 2597,3583,643
2947: 1882,3043
2948: 855
4216: 2193,2874,959
2950: 4217,4530,1318,830
2951: 2506
4282: 993,2896,3543,2270
2953: 1452,4782
2954: 
2955: 2206,1732
2956: 3428
2957: 
2958: 2181,2609
2959: 620,1604
2960: 2279,3234,4260
2961: 4623,2496,65,956,3723
2962: 2370,605,2501,2526
2963: 2003,1681
2964: 2112,4618,4658
2965: 2978
2966: 
2967: 1437,1080,4149,2098
2968: 692,3657,4163
2969: 1616,2493,766,2664
2970: 2641,2612,1121,1073
2971: 2188,2854,3318,1816
2972: 3475,4789
2973: 2366,2648,532,1049
4813: 3437,2108,750
2975: 1129,3843,2988
2976: 1498,2815
4258: 752,3714
2978: 2965
2979: 2299,2290,4770,3516,2544
2980: 1565,973,2454
2981: 2431,20,878,3171,2157,247
4577: 3936,2439,4476
2983: 3820,141,844,4286
2984: 2267,2457
2985: 681,58,1184,529,2553
2986: 1862,1881
2987: 1005,204,4716
2988: 2975,3843
2989: 3132,502,831
2990: 2072,373
2991: 328,1546,1203,391
2992: 
2993: 
2994: 3062,1409
2995: 3337,3136
2996: 4020
2997: 
2998: 
4476: 3610,2439,2047,3109,4577
3000: 616
3001: 3524
3002: 1002,1315,3251,102,150
4618: 3227,4658,2112,2964
3004: 1223,437,3128
3005: 4398,2075,1840,3337
4589: 3979,791,891,3976
3007: 2671,2602,4247,3441,2324
3008: 1995,3889
3009: 1933,4046,3665,4685,614
4284: 1513,4382,4723,1457
3011: 406,3447,2028,688
4432: 3187,2296
3013: 3368
3014: 4383,1922,4185,1104,1001,4578
3015: 1904,2383
3956: 507,4234
4242: 487,887,604,882
3018: 326,1916,1249,618
4628: 4023,839,1968,832
3020: 3101,2773
3021: 
3022: 1798
3023: 1736,2320
3024: 2110,3580,2561,3823,3584
3025: 
4446: 1107
3027: 3063,2453,4653
4159: 4691,2225,3434,4725
3029: 1913
3030: 2210,272
3031: 361
3032: 691,3952,4173,4407
3033: 
3034: 3122,2226
3987: 1999,38,332,228
4238: 493,3110,1747,1022,3513,3754
3037: 3493
3038: 1554,3819
3039: 3197
3040: 4677,4281
3041: 4192,4026
3042: 66
3043: 1882,2947
3044: 1305
3045: 308,3727
3046: 4819
3047: 1012,4375,561,5
4303: 2133,628
4192: 3041,117,4034,2365
3050: 3636,1377,2102
4344: 694,607,25,1144
3052: 2156,673,4296
3053: 1800,4493,253,4346
4249: 
3055: 1314,1431,3410,936
3056: 598,1009,3061,3565,63
4204: 1934,3578
3058: 
3059: 3215,4784
3060: 
3061: 1009,2650,598,3056
3062: 2994,1409
3063: 1003,3208,3027
3064: 
3065: 2695,576,1020,1198,4557
3066: 1641,3844
3067: 4077,4441
4678: 101,1425
3069: 322,750,1796
3070: 996,4572
3071: 3623,4316,3294,4333,783,4586
3072: 2114,1821
3073: 3340,4782,2871
3074: 2257,1846,2289
3075: 
3076: 1717,147,1154
3077: 
3078: 3123,3277
3079: 1276,2717,4369,2736
3080: 480
3081: 392,4682
3082: 2530
3083: 2695,2072
4443: 4789
3085: 2603,632,3266
4034: 231,2365,4192
3087: 1136,282,785,2704
4012: 1894,2385,4807,1786
3089: 3115,1052,848,3213,1093
3090: 3166
3091: 1678,84,3321
4750: 3135,3420
4695: 
3094: 4802
3095: 2697,1227,4057,2629,1343
3096: 
3097: 1278,732,3849,4462
3098: 2170,1384,3858,408
3978: 3641,430
4709: 3583
3101: 545,2179,3020
3102: 2321,4682,865,1161
3103: 1946,1039,3558
4565: 1436,1929,1815,4325
4527: 661,3452,327
3106: 1832,3286,1655
3107: 2433,3322,598
3108: 1860,1228,4102,1555,1606,2013
3109: 3419,2047,2809,4476
3110: 4238,1747,446,3138,2560
4791: 274,4227
3963: 763
3113: 2667
3114: 
3115: 1052,3089,369,1499,1093,530
3116: 2801,4786
3117: 
4686: 1491,50,378
3119: 
3120: 545
3121: 
3122: 3034,262,2030
3123: 3078
3124: 1507,2373,4662
3125: 2771,1007
3126: 4326,1686,3965,4784
4524: 3966,3530,2052,1598,2191
3128: 3132,437,4119,3004,4693
3129: 1590,3324,3145
3130: 676
3131: 1236
3132: 3128,1991,2989,502
3133: 1031,296,1859
3134: 
3135: 4750,3420,3615
3136: 1840,2995
3137: 4744
3138: 1720,3110,1747,446
3139: 3451,2562
3140: 613,1557
3141: 
3142: 1215,2609,4125
3143: 
3144: 4823,1091,2926
3145: 3129
4820: 612,2338,125,1421,1951
3147: 1733,4804
4361: 2174
3149: 4723,2480,3337,1513
3150: 4042,2342,2264,1784
4149: 3359,4305,2967,2415,4055
4414: 3417,4253
3153: 4697,3988,1145,3417
3154: 2106,584,1216,2295
3155: 3997,2753,3253,1850
3156: 2627,1562,1176
3157: 
4087: 4651,1139
3159: 2490
4370: 2849,4254
3161: 2029,2175,722
3162: 3346
3163: 2410,1765,4311,321,1636,990
3164: 4278,310,1112,4352,2094,4580
3165: 1953
3166: 3090
3167: 59,3472,3710,4245
3945: 2840
3169: 3492,1990,1704
4026: 1812,3041,2904,4484
3171: 878,2981
3172: 4314,4631,1709
3173: 4221,1051,4605,3899
3174: 
3175: 1933,4046,2303
3176: 4193,1927,576
3177: 
3178: 3391,2691,550
4783: 4762,3185,1570,2842
3180: 4295,3632
3181: 3695,2913
3182: 469,1152,4549
3183: 1167,841,1482,323
3184: 600,4776,1360,780
3185: 4783,4762,4054
3186: 4480,3589
3187: 999,2296,4432
3188: 2652,2812,1211,1392
3189: 601,1068,3227
3190: 3496,2311,3887
3191: 278,2391,2167,2136,3731,4576
4044: 755,1138,3253
3193: 1548,4731
3194: 320,4802
3195: 
4007: 395
3197: 4004,3039
3198: 1973
3199: 4714,1775
3200: 2076,2233,1633
3201: 1396,2069,2280,1743
3202: 4343,774
3203: 842
3204: 1456,858
3205: 2565
3206: 1408
3207: 596,4220
3208: 3916,1832,3063
3209: 3720,3651
3210: 2307,736,2026,4385
3211: 4294,113,1773
4153: 
3213: 2743,4395,3089,4810
3214: 1044,353,1408
3215: 3059
3216: 743
3217: 769,673,699
3218: 273,4763
3219: 
3220: 
3221: 4606,285
4232: 
4382: 4284,1513,3339,1622,1457
4312: 2560,3706,1022,1376,4218,921
3225: 4701,3712,193
3226: 
3227: 1068,1605,2619,4618,3189
3228: 2716,1042
3229: 806
3230: 4190,1711,2395,219
3231: 4540
3232: 4003,3677,3691,2346
3233: 2327,588,3842,3685,2100
3234: 4260,2960,2279
4786: 1932,2801,3116
3236: 3615,3608
3237: 
3238: 2132,1283,4090
3239: 3725,240,669
3240: 1857,1810
4615: 2389,3718
3242: 
4001: 3695
4571: 1016,1849,4280,4058
3245: 420,4279
3246: 4225
4810: 3716,2677,3912,2743,4395,3213,4296,1093,1829,3995
4797: 3651,1065,10,3903
3249: 
3250: 522,2183,266
3251: 2589,102,3002,150
3252: 884
3253: 2076,1850,3155,4044,755
3254: 508
4362: 2393,4627,1767,4792
3256: 
3257: 2466
3258: 1337,2210,1910,3911
3259: 2175,3887,722
3260: 
3261: 45,2747
4225: 4594,3246
4241: 1826,335
4645: 2701,1601
4251: 2108
3266: 632,3085
4774: 2476,1097,2174
3268: 1637,711
3269: 464,3901
3270: 4293
3960: 192,4807
3272: 3758,896
3273: 1767,2901,1595
4525: 2662,4421
3275: 3576,1690
3276: 2428
3277: 3078
3278: 3864,1351,2754,2705,1813
3279: 2674,2524
3280: 3609,678,2848
3281: 4812,4696
3282: 851,1585
3283: 334,2129,1722,1970
3284: 1032,235,3677,292
3285: 931,4308,3769
3286: 1582,3624,3106,1655
3287: 1174
3288: 4292
3289: 223,692,4078
3973: 1801,4321
4342: 
3292: 2732,2736,1836
3293: 3861
3294: 3071,4316,4586,3436,355,2726
3295: 3654,3804,3915,1853,4592
3296: 
3297: 1183,2818,3806,4703
3298: 4719,3403
3299: 1785,4434
3300: 4545,4114
4722: 2058,2642,2147
3302: 107,329,3591
3303: 1594,3490,2234
3304: 
4475: 4580,2761,4352,3312
3306: 
3307: 4235,3958
3942: 4427,118
3309: 4236
3310: 654,1231,4823,1127
3311: 1560,382,1285
3312: 3603,3621,2761,4475
3313: 3810
3314: 4161,1067,1375,3786
4036: 1806,3546,2559
4726: 1919
3317: 
3318: 772,16,2188,2971
3319: 3915,2264,3464
3320: 2763,80
3321: 1587,4224,3091,2355
3322: 2870,3737,3382,3107
3323: 1943,319,1948
3324: 1590,3129
3325: 1720,4228,3556
3326: 960,926
3327: 
3328: 1198,4557,1488,652
3329: 
3330: 3521
3331: 4079,2298,4626
3332: 2916,4267
3333: 2133,17,628
3334: 1384,3858,849,2362,1222
3335: 4785,89,3487
3336: 3609
3337: 2995,3005,3149
3338: 2737,3897
3339: 1513,4382,4223,1405
3340: 3073,1415,2585,4782
3341: 1532,783,4586
3342: 1026,1726,4795
3343: 1372,4372,4789,3475
3344: 1013,1033,1282
3345: 1115
3346: 3162
3347: 1197,2754,906,3608
3348: 
3349: 795,4339,1245,4051
3350: 670,372,517
4230: 3424,3859
3352: 
3353: 4680,1086,685,3792
3354: 250,1117
3355: 1965,832,372,517
3356: 2402,4396
3357: 2797,4330,4006,379,3824
4129: 3647,1522,1153,1841,1874,4773,1245
3359: 4149,4305,1573,1120
3360: 49,2593,3379,1842
4800: 4315,4736
3362: 1045,1014
3363: 3418,655,21,2712
3364: 1404
3365: 746,3377
3366: 245,4298,408,2021
3367: 604,882,2103
3368: 3013
3369: 3454,2768,455
4378: 
3371: 4744,1805,490
3372: 921,3465,4323,1413
3373: 196,4061
3374: 189,1471,1240
3375: 1137
3376: 
3377: 3884,3505,3365
3378: 
3379: 3854,516,3360,1842
3380: 
3381: 3564,425
3382: 4310,2584,3322,3737
4056: 
4288: 2937,2774
3385: 4132,3554,2912
3386: 854,1951,201,2250
3387: 
3388: 2198,1200,843
3389: 359
3390: 736,3428
3391: 3178,4785,4371,4526,550
3392: 523,1430
3393: 2717,3607
3394: 3675,3743,2898,1503,2370
3395: 1284,1406,1583
3396: 
3397: 1292,2645
3398: 3797
4039: 4770,3516
3400: 4650,2633,3621,1327,4313
3401: 1108,1817,719
3402: 205
3403: 3298,4719,1875
3404: 1792,695,1602
4237: 3763
3406: 
4033: 2877,3622
3408: 1661,1620,155,1423,2857
3409: 620,1419,357
3410: 2683,3894,3055,936
3411: 1636,990,2284,4768,2204
3412: 1062,1943,664,2277,2803
3413: 846,1386,219
3414: 4319,2185,1410
3415: 4243,1316,933,4725,4343
3416: 654,3883,2012
3417: 4414,3988,1145,188,3153
3418: 3363,655,2828,21
3419: 3109,504,1118,1668,2809
3420: 3135,4750,237
4700: 362,2750,2534,3630
4823: 3144,1969,912,3877,1127,292,654,3310
3423: 1771
3424: 3712,1307,4230
4739: 342,1782,572,1430
3426: 2142,4821
4470: 
3428: 2956,3390
4771: 4499,2748,3527,1567
3430: 
3431: 1771
3432: 4462,4773,1873,1955
3433: 3904
3434: 1677,2225,2510,4159
3435: 4171
3436: 746,4458,3294,2726,4009
3437: 2753,4813,322
3438: 3659,2130,739,216
3439: 
3440: 2417
3441: 4247,3007
3442: 1626,1254
4334: 1764,4086,414
3444: 3593,4816
3445: 1033,1282,2771
3446: 1961,3761,381
3447: 2028,1597,1058,688,3011
3448: 2548
3449: 
4239: 903
3451: 3139,1168,2100
3452: 327,3611,4527
3453: 2589,3744,76
3454: 3369,2768,455
4321: 1801,1603,3973,1149
3456: 4669,3869,2749
3457: 
3458: 380,2052,214,2553,1181
3459: 
4165: 1562,3964,4536
4190: 846,3230,1711,2090,219
4779: 2544,1549,3653,1580,2653
3463: 590,688,4057,1354
3464: 4592,3319,906
3465: 921,3372,1022,4038
3466: 3953
4591: 1241,1113,4118,2401,2272
3468: 1162,1868,2399,50
3469: 
3470: 4086,1870
3471: 263
3472: 408,1206,2239,59,3167
3473: 
3474: 
3475: 2972,4789,3343,4372
3476: 124,3640,727,904,971,3530
3477: 2252
3478: 2503,3581
4642: 1884,419,4015,1605
3480: 4488,3974,390,791
3481: 3563,3805
4203: 614,1998,894,3497,2566
4428: 729,1168,2100,3842
4745: 
3485: 1547,4015
3486: 4448,1934
3487: 2471,1116,3335
3488: 2508,2918,2080
4138: 2504,2750,976
3490: 4143,1594,3303
3491: 391
3492: 3169
3493: 76,3037,2658
3494: 4208,3718,516
4808: 
3496: 3190,817,3887
3497: 894,4203,2566
3498: 2739,1976
4559: 299,1554
4765: 4091,168,4716,3906,4463,2757
3501: 2429
3502: 1674,863,2303,2198,514
4384: 375,2523,0,4174,2847,1967
3504: 
3505: 3884,3377,4337
4014: 4049
3507: 866,578
4634: 4210,838,1975
4816: 2397,3444,1934,1996,3738
3510: 4518,2495,1598
3511: 
4379: 
3513: 4005,3754,4238,4619
4308: 931,930,3285
4819: 2448,532,1049,4585,2263,1909,3046,2648
3516: 4039,2979
3517: 559,1800
3518: 1463,3744,4468,908
4454: 1954
3520: 
3521: 3330
3522: 761
3523: 2391,1836,4576
3524: 2066,3001,547
3525: 823,3709,896
3526: 1109,2267,1188
3527: 4499,4771,4801,2056,1926
4336: 
3529: 3634,4273,1283
3530: 971,3966,4524,727,3476,380,2052
3531: 1448,111
3532: 3654,71,1473
4814: 2143,2201,2791,3569
3957: 2663,526,1618,4767,2911
3535: 946
3536: 4746,1153,2868,2865,3938
3537: 2467
3538: 2343,212
3539: 
3540: 168,2757
3541: 
3542: 
3543: 107,903,4282,2270
3544: 4707,1144,1411
3545: 1062,4047,664
3546: 943,4416,4036,4737
3547: 3665
3548: 1671
3549: 3840
3550: 1277,3856,4742,2788,1928
3551: 831,2424,1992
3552: 1075,2522
3984: 261
3554: 4132,3385
3555: 250
3556: 1375,3325
3557: 4067,1825,2414
3558: 4539,3103,1039
3559: 3930,2738,1642,640,157,1485
3560: 3782,2240
3561: 
3562: 1390
3563: 3481,3805
3564: 3381,1300
3565: 2095,3056,63
4511: 394
4255: 4155,1233
3568: 3671,1472,4324,2074
3569: 24,4814
3570: 2023,4764
3571: 4360
3572: 
3573: 4041,4794,427,1545
3574: 
3575: 2497,2199,1001
3576: 457,1690,3275
4760: 3744
3578: 1934,242,4204
4245: 3710,3167,1348
3580: 1627,2903,2561,3823,3968,3024
3581: 2503,3478,4206,2017
3582: 503,4196,4587,1373
3583: 4709,4451
3584: 3823,3024,1325,1180,2018
4269: 1702,2779,15
3586: 3867,2354,1296
4658: 2619,4618,2964
3588: 
3589: 3186
4691: 4159,1879,1712
3591: 4054,107,3302,4762
3592: 1816,2625,1862,2329
3593: 3444
3594: 
3595: 
3596: 1139,793,2841,350
3597: 918,4555
4514: 2328,567,984,4408
3599: 
3600: 1803,658,720
3601: 1589,1246,649,2853,230,684
3602: 
3603: 3312,2900
3604: 547,1005
3605: 4583,2889,4505
3606: 
3607: 2873,3393,2443
3608: 4195,2680,3236,3347
3609: 3336,678,3280
3610: 4440,4476,4210
3611: 3848,3452
3612: 4538,2272,2127,153,1113,3875
3613: 1726,4795,4477
3614: 
3615: 4195,3236,3135
3616: 3940
4217: 4530,2950,683,438
3618: 
3619: 
3620: 861,749
3621: 3312,2761,4313,3400
3622: 4033
3623: 3071,4316,4333,349,1141
3624: 1582,3286,1655
3625: 1253
3626: 3910,3878,816,3769,4024
3627: 
3628: 2557,761
3629: 1318,4752,841,3999
3630: 2618,2534,346,4700
3631: 3814,1279,1385,1323
3632: 1728,4295,3180,2555
3633: 4480
3634: 3529,231
4593: 1392,4450,2764,3936,1211
3636: 4544,3050,527,2102,2535
4795: 1726,3613,2152,3891,2606,1729,3342
3638: 1250
4407: 4173,4300,3032
3640: 124,3476,4616,971
3641: 3978,1235,430
3642: 4543,1682,2441,1270
3643: 
3644: 4668,1381,1215
3645: 549,2118,4517,2572
4548: 4228,1788,4659
3647: 1522,4129,3896,1874,4773,1873
4767: 1963,1160,2369,1618,3957
3649: 2086,4708,357,4801,4158
3650: 2856,4740,2410,1540,2822
3651: 4797,1065,3209,10
3652: 1030,2470
3653: 4779,1580
3654: 71,3295,3532,3804,4592
3655: 4369
3656: 4503,4624
3657: 2968,1412
4804: 3147,431,2404,1362
3659: 3438,2056,75,216
3660: 2590
3661: 2831,432,279,1255
3662: 
3663: 
3664: 1379,1667
3665: 3547,1933,3009,4685
3666: 
3667: 1575
4755: 112,2586
4305: 3359,4149,2415,4055,1573
3670: 4201,535,437
3671: 3568,2829,3954,1472
3672: 630
4677: 3040
4043: 2678,3817,4768,990,4461
3675: 3743,3394,2898
3676: 4803,2714,2896,2737,2161
3677: 1032,3284,3691,3232,3883
3678: 
4171: 3435,88
4727: 712,1556
4646: 1731,2331
4519: 4040
4331: 341
4486: 1104,974
3685: 2599,4406,2327,588,3233
4541: 
3687: 864,4065,675
4330: 4006,379,325,3357
3689: 1410,1006,3839
3690: 217
3691: 1032,3677,2758,4003,3232
3692: 4418
4426: 111,206
3694: 1482
3695: 3181,2913,4001
3696: 4699
4521: 
4803: 2714,3676,862,2737
3699: 
4421: 4525
3701: 579
4781: 2861,4468,908
3703: 
3704: 3710,742,4298,1715
3705: 4052,2218
3706: 4312,2560,1376,4135
3707: 1186
3708: 2571,486
3709: 823,3525,4605,2738,905
3710: 742,4245,3704,3167
3999: 323,3629
3712: 3424,1307,2688,193,3225
3713: 4474,2892
3714: 4079,2019,4258,752
3715: 1289,725,479,4536,215
3716: 3912,4810,258,2743,4296
3717: 2122
3718: 4208,3494,494,4615,293,2389
3719: 4042,183
3720: 3209,2241,3783
3721: 3797
3722: 3977,2734,1619
3723: 956,2961,1406,1373
3724: 4172,23,2207,4638,1650
3725: 3239
3726: 
3727: 621,308,3045
3728: 2857
3729: 947,442
3730: 454,2172,1900
3731: 2167,2136,3191,4576
3732: 592
3733: 622,3793,4163,1191,1412
3734: 456,246
3735: 370,257
4278: 310,3164,1112,223,916
3737: 3322,2870,3382,2584
3738: 4816,2397
3739: 1615
3740: 1942
3741: 869
3742: 1415,2585,1452,4782
3743: 3675,3394,739,2520
3744: 1463,3518,3453,4760,76
3745: 2533,4271,2301
3746: 1788,4183,4002
3747: 1437
4313: 3621,3400,2633
3749: 
4102: 2803,1555,33,2013,3108
3751: 2145,1453
4788: 
3753: 
3754: 3513,4005,493,4238,1747,4619
4481: 
3756: 2635,411
3995: 1829,703,4810,1458,759
3758: 1196,913,4809,1448,3272
3759: 49,2603,461,4465
4664: 2474
3761: 1961,1359,3446,203,4529
3762: 
3763: 4237
3764: 960
3765: 
4436: 
4717: 2046,2332
3768: 551,2126,1575,9
3769: 3626,816,931,3285,4024
4206: 3581,513
3771: 173,2471
3772: 1781,2653
4694: 
3774: 607,25,4211
3775: 1641,4219,3844
3776: 
3777: 4809
3778: 1834
3779: 121,1770,4377
4119: 437,237,3128
4563: 4552,4160
3782: 3560,2240
3783: 1695,2241,3720
3953: 4613,2033,3466,301
3785: 1413,2918,4144,702
3786: 4619,2426,3314,1067
3787: 1659,453,1469,2306
3788: 2390
3789: 
3790: 2368,838,4175
3791: 1264
3792: 340,2117,685,3353,1086
3793: 704,622,3733,1191,2903
3794: 12,1802,952
3795: 2229,3979,1380
3796: 645,2722
3797: 3721,3398
3798: 2252
3799: 36,602,4404
3800: 904,214,1423,681,58
3801: 1141,4398,4223
3802: 1287
4340: 1045
3804: 4611,3654,3295
3805: 3563,3481
3806: 1649,3297,4703,4272
3807: 415,390,1174
4314: 3172,2049
3809: 
3810: 603,1814,3313
3811: 1870,2190
3812: 4107,769,4395
3813: 2434,2661
3814: 3631,4611
3815: 2924,3980,396,4631
3816: 939,2549,344,4659
3817: 2678,4043,4461,820
3818: 1480,140
3819: 4261,3038
3820: 2983,675,793,4412
4633: 974,3959,4542,2613
3952: 691,3032
3823: 3584,3968,704,3580,4166,3024
3824: 1190,2797,3357
3825: 2500,1405,818
3826: 1792,272,1602
3827: 3875,2127,2570,365
3828: 4425,4067,4236
3829: 
3830: 1770,436,2199
3831: 
3832: 4170,4569,40
3833: 1542
4532: 986
3835: 
3836: 2759,4569,2836,4188,2245,4306
4578: 4350,2660,3014,4383,1103,1922,1104,2670
3838: 858,1827,4543
3839: 1279,3689
3840: 3549
3951: 1288,2459,2654,2182,2770
3842: 3233,4428,2100
3843: 2975,1129,2988
3844: 4219,3066,1641,3775
3845: 2064,572
3846: 635,1687,475,165,1967,1685
4590: 568,834,4201
3848: 2125,3611
3849: 732,2375,1955,4462,3097
4375: 1465,1012,3047
3851: 4146
3852: 4233,2278
3853: 
3854: 2389,3379,516
3855: 1647,2563,189,4147
3856: 1277,3550,319,1928
3857: 
3858: 1384,3334,1222,3098,1206,145,1320
3859: 2357,4780,4230
3860: 3912,1431,1310
3861: 3293,1725,4648
3862: 2869
3863: 2297
3864: 3278,1351,1992,1813
3865: 
3866: 
3867: 3586,932
4603: 2175,4199,3985,1949
3869: 2778,2292,3456
3870: 1844,411,663,1134
3871: 1155
3872: 1467,1676
3873: 2839,428,2508
3874: 2022,1838,1734,2531
3875: 3827,153,3612
4061: 3373
3877: 818,1969,4823
3878: 3626,816,4079,2298
3879: 2473,2084
3880: 
4373: 4539,2067,4437
3882: 2520,2526,4657,506
3883: 2346,3677,3416
3884: 3377,3505,4101,912,4337
3885: 
3886: 2464,217,1112
3887: 2311,3259,3190,3496
3888: 873,52,2615,1028
3889: 2218,3008
3890: 
3891: 2606,1729,4795
4720: 4681
3893: 1937,4405
3894: 2256,556,2416,1593,3410
3895: 
3896: 3647,1522,1873,1201,1432
3897: 3338,927
4498: 
3899: 1341,4221,3173,663,1134
3900: 
3901: 3269
4716: 2987,4463,4765,4091
3903: 2398,4797,2532,2188
3904: 2176,3433
3905: 2936,642
3906: 4463,225,3908,4765,168,2757
4543: 3642,3838,858
3908: 1005,3906,4463,225,1260
3909: 4365,119,2877
3910: 3626,4024
3911: 1507,2373,1896,3258
3912: 3716,3860,4810,1431
3913: 2924,1551
3914: 539
3915: 3319,1853,3295,4592
3916: 1203,1655,3208
3917: 252,2411,1469,2306
3918: 
3919: 448,636
3920: 4731,262,1994
4453: 1725
3922: 2342
3923: 1469,2852
3924: 1867,4806
3925: 4318,1958
4749: 470
3927: 
3928: 
4215: 2628,4769,4799
3930: 2738,3559,298,1642
3931: 
4441: 4077,2286,3067
3933: 4136,379,325
4365: 3909,80,119
4544: 3636,4406,2327,2535
3936: 4577,2764,4593
3937: 2376,1345,1898
3938: 987,2865,4746,3536,2915,795
3939: 969