0: 3731,2379,3806
4486: 2562,4709,3875,4691,1677,692
2: 3467,1273,3288,2348
3: 3651,4367,2703,2894
4548: 2958,3667,2857,956,678
5: 1074
6: 1416,1626
7: 992,4075,3444,4692,2105
8: 62,3256,4321,2492,253
9: 2127,4005,493,3685
4717: 960
4739: 4618,2112
12: 4401,3985,1396
13: 1445,699,3959
4792: 4110,2682,2472,3591,2427,4045
15: 1939,2700,2217,4099
16: 1141,3252,3458,3005
17: 3240,78,722,2773,1225,2026
18: 4724,1819,3470,4055
19: 4819,4642,3509,1725,4679
20: 91,1168
21: 965,429,2419,1732
22: 4078,447,2528,1327
23: 3692,4113,4783
24: 
25: 3001,4662
26: 3358,3178,1432
27: 741,2793,4306,1407,3490
28: 4259,1110,4454,4537,3907,4487
29: 
30: 1426,824
31: 3090,1701,2487,572
32: 1823,2202,848,3905,572
33: 952,1059,1080,3038
34: 1501,3878,1569,1558
35: 2285
36: 4428,3732,1874,2669
37: 2106,836,1064,4255
38: 1023,4544,3372,1040
4433: 3789,4764
40: 4222,1211,3009,4499,167
41: 3193,3818,3744
42: 
43: 
4461: 2798,1724,1609,2372,1190
45: 4084,1672
46: 2177,988,1928,1665,394
47: 519,1782,2381
48: 3933,3628,4075
49: 3374,107,1633,584,1870
4628: 2330,2686,509
51: 1342,2996,426,2409
52: 4187,478,3403,1632
53: 1095,529,1351,284
54: 3560,4306,1411,1643
55: 3112,290,4438,1943,4416
56: 
57: 896,1030
4561: 
59: 218,1931,772,392
60: 4012,1846,2532
61: 4820,3905,3303
62: 3256,8,2492,1512,3160,377
4622: 4772,3575,4583
64: 4660,4401
65: 987,252,1469,3080
66: 593,1864,3199,3202,1862
67: 207,1056,1232,383,4081
4525: 3295,2870
69: 675,843,2690,150,4682
70: 2345,1582
71: 1139,3394,3420,2078
72: 3727,3298,3176
4651: 3365,4206,433,3665,3814
74: 
75: 795,3158,2974
76: 218,1931,2432,1157
77: 726,2068,3492,816,459
78: 17,722,2773
79: 4001
80: 1390,168,4696,497
81: 3232,3284,2540,1539
82: 4174,4754,3204,4476
83: 1885,2675,4349,4267,3939
84: 2701,2349
85: 125,2065,2104,1253
86: 439,4155,2803,1514
87: 
88: 1725,2896,2648,4642,2287
89: 2535,144,3714,1180
90: 2333,4747,1179,542
91: 20,2981,1168,2456
92: 869,940,1986
93: 
94: 4606,2435
95: 
96: 3092
97: 2630,3814,4477
98: 3408,984,3531,3456
99: 2199,2670,4589,1747,3339
100: 711,2100,3488
101: 2688,3424,2146
102: 4611,2989,4597
103: 2317,1576,1976
104: 465
4733: 491,4710,2898,2672,167
106: 1900,1626
107: 49,3374,933,4351
108: 
4491: 3645,4611,2530
110: 527,4440,4121,4276,1779
111: 610,1319,3405,3154,576
112: 119
113: 4097,4738
114: 337,2159
115: 4104,718
116: 2914,2299,1640,637
4626: 3512,3479,2347,3844,2892
4784: 2852,158,4487
119: 112,1832
120: 1470,2445,986,2671
121: 4633,633,1100,4036
122: 4192
123: 1395,3227,2117,2872,1322
124: 2303,1933,1449,1583,4391
125: 4085,85,1253,3184,3620
126: 782,2595
127: 2051,4573,332,1750
128: 4192,3510,1480
129: 1078,1719,1129,3308
130: 525,3730,2363,4080
131: 531,2175,2098,4351
132: 4082,362
133: 2485,3861
134: 1748,4041,1637,3785,1507,3581
135: 2101,730,868,4406,823,2477
136: 2847,1199,3406
137: 2192
138: 849,1548,2417,514,3720
139: 1274,4372
140: 2594,3539,1156,3015,1196
141: 668,2623,751
4559: 1713,2657,2711,553
143: 792,4595,3917,3645
144: 89,2535,1180,4272
4702: 1646,664
146: 4120,2304
147: 1807,1818
148: 1766,3457
4576: 415,2015,4447
150: 4682,675,474,69,4333,1918
151: 387,303,968,2305
152: 2040,185
153: 678,1864
154: 2030,2855,3960
155: 3005,3801,2128
156: 2528,2392,857,3512
157: 3287,1414
158: 2852,4784,4487
159: 2551,2768,3238,3503
160: 2170,2895,1463,1051
161: 3944,1050,3931,1457
162: 4262,2440,452,4780
163: 1382,3115,975,3830
164: 2626
165: 1218,4532,2483,2077,3523
166: 3957,3609,3977,2751,1598
167: 2206,4499,4733,491,2672,3009,40
168: 3258,4696,2974,316,80
169: 1332,1852,1929
4593: 4634,4588,3422,3882,3596
171: 817,1891,2248
4744: 2172,3434,1383,1254
173: 711,4339,2426,3102,365
174: 1515,2754,4355,2052
175: 4235,3069,1120,4469
176: 
177: 3962,511,4102,3328
178: 330
179: 1907,277
180: 3330,3131
181: 4011,1483,4607
182: 3251,469,4101
4477: 433,3814,97
184: 1348,3818,2895,3744
185: 1790,152
4732: 1407,3490,530,1033
187: 225,3647,234,814,4373,1472
188: 336,4074,2337,3035,2819,428
189: 1788,1844,4178,2311,1648,1493
190: 1016,3559,2212,1249,3290,3855,4680
191: 
192: 3598,4273
193: 2357,789,1745,2146
194: 2643,3554,3385,821,2906
195: 1186,2829
4521: 1645
197: 2845,3517
198: 4455,456,373
199: 3345,1787
4786: 4109,3206,2901
201: 4291,1122,3605,805,2883
202: 
203: 4610,4812
204: 2077,2207
205: 4257,2469
206: 3858,4066,4168,1548
207: 67,1056,1299
208: 
4767: 1030,1756
210: 4693,422,2488
211: 4314,4210
212: 987
213: 475,2659,965,4329,4263
214: 3608,1259
215: 4161,1715,1174,1058
216: 2868,515,2386,859,2116,1406
217: 4076,3959
218: 1931,59,76,392
219: 2521,4660,4401,1396
220: 
221: 417,3775,4726,832,4048
222: 2891
4618: 1590,4739,3183
224: 896,3665
225: 187,3647,814
226: 2873,996,3700
227: 3472,4498,2329
4780: 162,1492
229: 461,4625
4441: 714,1224
231: 
232: 4154,1824
233: 4060
234: 4804,325,4373,3540,187
235: 1637,4243,1539,2056,2137
236: 3226,1621,804
4520: 4290,4194
238: 367,721,587,1014
239: 3071,2510,4049,3888
240: 3029,2220,1360
241: 3335,1882
242: 3514,4818,3933
243: 1495,2358,3360,2307
244: 1475,3087,573,1575
245: 4132
246: 2047,278,4562,2608
247: 3811,3601
248: 4508,3318,1661,1881
249: 1585,1574
4581: 409
251: 1328,2594,3663,3472,2109
252: 2012,1515,987,65,1469
253: 2183,4321,8
254: 2132,432,1793
255: 3674,702,2256,1883,1965,3404
256: 4160,3874
257: 403,1685,3523,2077,3577,2002
4693: 210,2488,305,1018
259: 4654,3711,1500,1467
260: 4006,1092,4212,2723,1484,4698
261: 2397
262: 
263: 840,4596,1412,1803
4501: 3255,1590,2112,2200
265: 2576,1903,2312,3260
266: 4800,279
267: 3096,1052
268: 2637,949,3231,4251,3081,1184
4691: 338,1413,1677,3156,4486,319
270: 936,1276,3035,2819
271: 1169,3618,3064,4295,3216,4175
272: 1285,1947,3632,3001
273: 2148
274: 1908,2227,858
275: 1301
276: 1688,3821,1206,2514,2937
277: 1907,179
278: 246,2608
279: 2916,4800,266
280: 662,2805,3761
4612: 3862,3634,1210,1355
282: 2280,3476,2478,904,2744
4633: 507,633,121,2642,3259
284: 2017,1076,1095,53,4823
285: 1336,2816,1545
4470: 893,1791,3342
287: 2551,1810
288: 
289: 1927,290,3657,3230
290: 3112,55,289,4416,3230
291: 
292: 2080,3310
293: 2827,4673,3611,3332
294: 653,300,3065,308,3379
295: 
296: 4527,1909,4819,1422
297: 1136,1788,1575,1493,446,3087
298: 4216,326,3932,1192
299: 419,3200,3038,4554,2600
300: 2850,294,653,3065,4492,1573
4813: 4321,3256
302: 2970
303: 387,3493,151,1769
304: 1375,3438,404
305: 1961,4693,1018
306: 2469,3724,4257
307: 834,1139,3820,3188
308: 4789,1062,3065,294
309: 2828,3799,3014,3057,601
4608: 3496,2490,532,3893,4063
311: 3520,1013,435
312: 3567,3579,3912
313: 2595,762,1554,4340
314: 2458,1680,4385,2970
315: 1045,1676,4752,487,3475
316: 168,712,4811
4554: 3038,4242,299
318: 1760,1612,4445,3578
319: 4285,891,3156,1413,4691
320: 1107,2891
321: 1734,2676,611,756,1502,1594
322: 2755,2388,2076,2647,2009
323: 3130,2069,1521,4808
324: 
325: 1220,803,4804,234,3229
326: 3045,1420,1504,298,4216
327: 1148,3887,1368
328: 1772,3954,1582
4572: 
330: 2742,178
331: 3491,3790
332: 702,2919,2256,1750,127
333: 3533
334: 3217,4578,2033,3812,3584
335: 3564,2361,2211,909
336: 188,4074,3357,2337,3486
337: 1658,114,2447
338: 1413,4691,1677,4686,3723
4657: 4150,3562,795
340: 4058,4199,4742
341: 1962,4431
342: 1329,1708,2616,3978,3993
343: 2418,851,4148
344: 3484,3617,1319,2878,4209,576
345: 2942,1757,3170,3625
4665: 4574,390
347: 4753,549
348: 2791
349: 529,4685,4668,2995
350: 1655,1664,1392,2764
351: 
352: 486,1425,3359,1178,1793
353: 
354: 1469,1359,558,2841
4595: 792,3135,143,1935
356: 2315,1263
357: 3951,4213,2342
358: 3294,4213,3951
359: 1244,3662
4649: 1610,3072,1300
361: 
362: 132
363: 3071,2510,3314,1488
364: 1530,1667
365: 3438,4003,173,711
366: 3097,3691,2915
367: 3776,238
368: 1521,4808
369: 1424,3411,2065
370: 4290,3288
371: 2948,4347
372: 3841,443,4106,3100
373: 3873,198,1060,3138
374: 3008,2297,4474,3378
375: 1970,4602,2496,3784,1657
376: 3963,1344,3023
377: 3160,62,3947
4794: 1110,4454,1336,3834,2814,3589
379: 2982,2066,2725,4614
4545: 3949,2946,1839
381: 4653
382: 651
383: 1232,1329,67,1056
384: 583,4295,3216,2215,1955,1754
385: 2795,2826,1532
386: 
387: 303,3493,151,1315,656
388: 
4718: 1764,2231,1763,1447
390: 1136,1788,1844,4665
4637: 3670,4542,2553,4118,1145,3497
392: 772,2954,218,59
4560: 2086,4284,2326
394: 4722,3808,46,1665,1802
395: 3547,1672
396: 2414,3921,577
397: 881,2449,3783
398: 2396,4480
399: 2804,3178,2051
400: 740,961,4232
401: 2569,4404,1132
402: 2744,3800,2191,1476
403: 3228,257,1685,3523,3577
404: 1738,304
405: 
406: 3901,2246
407: 2947,3880
408: 1618,2421,4298,4671
409: 1531,4581,3798
410: 3224,4510,2966
411: 1376,2547,640,677
412: 3078,2947,3880,4539
413: 1252
414: 4538,604,3461
415: 4576,2015,4447,3372
416: 2983,740
417: 221,3775,1503
418: 4356,1237,3295
419: 1704,3200,299,3333,3038,2600
420: 746,1298,2729
421: 1029,456,4455,1974
422: 4207,2488,4316,210
423: 
424: 877,1739,1267,942,2922,3777
425: 3752
426: 2633,51,3448,1605
427: 4801,1091,1613,3347
428: 4212,2819,188,4074,1484
429: 965,21,2419,3964,2823,2401
430: 
431: 3824,3978,4619,1872
432: 777,1793,254,1914,3821
433: 4651,4206,3814,4477
434: 
435: 3055,4330,3052,311
436: 3417,2497,4166,2125
437: 515,2052
438: 1019,1086,4616
439: 86,2803,2665,621
4631: 2987,3311,3427
441: 4225,1291,3782
442: 2026,2357,789,1225
443: 372,3841,4644,3100,4798,694
444: 2063,4493,4294
445: 4748,4059,2811
446: 891,1496,1136,297,3087
447: 2528,1730,22
448: 4779
449: 4335,2994
4465: 4394,3893,4530,4063,1281
451: 2241,1990,3325,593
452: 2775,1222,4262,162
4710: 4733,2898,2298,3149,4723,1840
454: 537
455: 4443,755,1514
456: 2140,1029,421,198,4455
457: 4157,2145,4775,2621
4493: 444,4294,1989
459: 1648,77,3492,2941
460: 2372,4641,4464
461: 3195,573,229
462: 2273
463: 
464: 2016
465: 104,1271,3805
466: 3596,648,643,1968
467: 4004,2502,3445
468: 3166
469: 656,3144,182
470: 1920,1930
471: 3853,3118
472: 3060,1820,2619
473: 1418,1471,913,3155
474: 675,1969,150,4708,1918
475: 213,965,2037,4263
476: 3574,1700
477: 1891,2237,2393,2248
478: 52,4187,3351,1767,943
4725: 2230,3910,1715
480: 4797,1309,2340,1751
481: 3084,2346,3558,2877
482: 1735,1367,4599,3244,2262
4715: 2808
484: 1684,3198,3650,3350,2181,4270
485: 2383,2906
486: 352,1425,1071,697
487: 4752,4815,3956,315
488: 
489: 1325,1869,1871,2858,4162,4172
4425: 2932
491: 4733,2898,2820,3582,2206,167
492: 3639
493: 3766,1380,9,4005,1346,3685
494: 2563,3214,3470,4490,1241,4055
495: 3595,2913,4660
496: 3919,977
497: 934,1404,4696,1390,80
498: 1854,3860,854,2091,1310,3316
499: 2775
4538: 604,1272,3760,414,3786,1275
501: 3643,3599
502: 4422
503: 1405,3849,1992,1748,2137,4041
4457: 2549,4390,884,4193,4238
505: 4292,2590,3585
4602: 375,2496,1967,3784,3451
507: 830,4633,633,2642,3259
508: 3967,4175,4494,4142
509: 2686,3993,4628
510: 3579,3125,3196,1835,2531
511: 177,3962,1943,3328
512: 
4544: 705,3372,38
514: 2417,3481,138,2321,3720
515: 437,2386,216,1406
516: 3305
517: 4131,4444,4558,1226
518: 1836,1732,3714,2024
519: 3402,1782,47,1135
520: 
521: 3002,3608,1461
522: 3566,2704,1906,1451
523: 3399,4778
524: 2661
525: 130,4080
526: 
527: 110,4263,3262
528: 1583,958,1022,3827,956
529: 349,1095,53,2995
530: 3655,4313,1407,4732
531: 131,2175,3108,3794,4351
532: 4208,4608,2490,4063
533: 3970,4699,2719
534: 3934
535: 1939
536: 2627,1445,1412,4741
537: 454
538: 4220,1544,944
539: 1681
540: 2329,2432,1157
541: 3987,2552,4386,733
542: 90,4747,1055
543: 3448,1777,1179,1987
4484: 1451,3526,2009,1796
4570: 3666
546: 
547: 1524,4526
548: 2055,3443,3551,2746,3132
549: 4422,4753,347,4379,2470
550: 1270,1859,1873,4091,4765
551: 1385,1433,3322,4646
4474: 3378,2297,374,1439
553: 3972,2657,1713,4559
4505: 2275,2019,2785,2712
555: 2383,1610
556: 2797,2379,1374,2422
557: 
558: 3263,3420,1359,354,2841,834
559: 4011,3810
560: 4253
4580: 902,3292,3465,2536
4698: 2723,260
563: 4445,992,1041,4017
4724: 18,1819,3470,2600,4803
4456: 1903,665,2680
566: 1808
567: 638,2492,3160,850
568: 3785,3284,3377,4009
569: 2596,2543,3068
570: 4761,1662,4571,1713
571: 
572: 1458,890,32,1823,31
573: 3195,1475,244,2853,461
4817: 4473
575: 1334,3236,2781,3541,3798
576: 4209,3154,344,1319,111
577: 4095,1245,396
578: 2757,972,2501,2893
579: 2536,3682,2135
580: 4551,3415,670
581: 4226,633,3897
582: 2904
583: 4295,384,3216,2215,3967,4175
584: 3290,49,1633,1016,1870
585: 4695
586: 1240,2928,4178,1844
587: 3151,1014,721,238
588: 3704,2861,2421,3768
589: 
4783: 1132,23
591: 2524,4171
592: 703,1540,2355,2029
593: 66,1864,1990,451,3199
594: 2217,1443,2639,4556
595: 
4766: 2566,4103,3513,1215
4648: 3999,3695,3848,3308,3819
598: 4274,2038
599: 2991,3604,3432
600: 1464,1011,2176,4311
601: 990,2996,3799,309
602: 4370
603: 
604: 4538,1272,414,3461,2641
605: 3349,2962,3436,4138,4343
606: 4442,2368,4644,2745,1203
607: 4184,2130,1664,2764
608: 2998,861,4418
609: 3687
610: 3728,111,1084,3154
611: 1734,321,2676
4795: 3719,4517,1740,2057,3319
613: 
614: 1399,3631
615: 1166,655,2660,1871,2858
616: 1697,4756,4271,1428
617: 3345
618: 3323,688,2277,4805,1767
619: 
620: 3487,4165,4703,1841,4462
621: 3809,2665,2063,439
622: 3417,4713,2497,3292
623: 1437,947
624: 3505,2084,2650,2800,4182
625: 
626: 3548
627: 932,3730,706,4080
628: 998,736,2950
629: 3033,4195,1323
630: 3692,4793,3823,669
631: 1574
4764: 4473,4433
633: 830,507,4633,121,581
634: 4604,2300
635: 2766,803,4095
4512: 1667,2110,4584,2250
637: 1536,728,4359,116,3107
638: 4513,567,2923
4591: 3777,3794,2922,3550,4198,3374
640: 1476,1528,4534,411,2547,710
641: 3293
642: 
643: 466,3911
644: 1634,2743,3363
645: 1744
646: 2500,1316,1127
647: 4042,4039,3336,3884
648: 3596,466,1926,1657
649: 4188
650: 3718,1415,3340,3060
651: 382,4326
652: 2629,943,2760,3323,3351,2851,1198
653: 2850,294,300,3020,3379
654: 3780,3826,1498
655: 1166,615,4397,854
656: 1315,4388,387,3002,469
657: 2565,3547,3950,4084
658: 1116
659: 2583
4802: 2679,1368,1004,3242,3887,1370
4789: 308,3018,1743,1062,1855,3769
662: 280
663: 3314,1448,677,1376
664: 3343,4702,4047
665: 1848,2680,3365,4456
666: 1890
667: 3916,2741
668: 141,751,3012
669: 630,4793
670: 3623,2126,3415,580
671: 1010
672: 2489
673: 3391,1455,3690
674: 4045,2431,3591
675: 474,1969,69,150
676: 1983,2808
677: 1448,663,411
678: 956,4531,153,4548
4778: 3494,1530,3399,523
4951: 1161,2636
4537: 3907,4487,28
682: 
683: 2039,1378,1897
684: 
685: 2871,1275,3760,726,2068,2117
686: 4264,4000,3133
4643: 4083,1949,846,3313,3546,3225
688: 3323,2724,618,2334,1307,3370
689: 1209,3117
690: 3943,4288
691: 4344,3912,2531,2592
692: 1119,4486,4709,1677,4686
693: 3101,3210,3161,2772
694: 2149,443,3100,3462,4798
695: 1926,2812,1970
696: 2138,2666
697: 486,2257,1330
698: 3059,2933
699: 4312,1501,13
700: 
4776: 995
702: 332,2919,2256,1079,1042,255,1883
703: 3621,592,1540,2029
704: 2953,919,3626,2785,3153
705: 4544,1414,1722
706: 627,4117
707: 2831,1436,2503,2537,4072
708: 3941,1100,3763,3759,4036,878
709: 
710: 2115,2021,1528,640
711: 100,173,365,4003
712: 2816,4811,316
713: 2219,1005,4067,2557,3147
714: 4441,2689,1224,2506
4667: 1577,2771,2464,1382
716: 
717: 913,750,4399,4308,1595
718: 1082,4104,115
719: 1672,4331
4809: 1742,4647,2749,2353,905
721: 4762,238,587,3151
722: 78,17,2773,4683,1917
723: 958,956,4531
724: 1580
4502: 
726: 2068,77,3492,685,2117
727: 1794,3755,1706,2455,1419
728: 2356,3831,3453,637,3107
729: 1722,4350,3822,3287,1414,1060
730: 2101,135,823
731: 2929
732: 1362,1155,2346,1873
733: 4386,2822,541,936
734: 3111,2480,3936,4065,783
735: 991,4606,1242
736: 1928,2950,998,628,2291
737: 
738: 4190,4094,3788,2020
739: 4705,1191,1289,4252
740: 400,416
741: 27,2186,1407
742: 1647,2164,1341,2191
743: 2522,2083,1564
744: 4403,4033,2375
745: 
746: 420,4245,4549,1298,3586
747: 4680,4769,865,3534
748: 4341,2179,836
749: 2499,3813
750: 913,717,3272,3974,1134
751: 4708,1918,3659,141,668
752: 775,3339,4391,1712,3781
753: 1617,4688,3700
754: 2829,4087
755: 1394,1514,455,4443
756: 1843,1502,321,1594
4460: 4301
758: 1790
4418: 608
760: 2917,1430,3696
761: 4133
762: 1102,1097,313
763: 1527
764: 776,3867
765: 1903,4458,3919,2312
766: 4228,2562
4823: 3347,2017,284,2989,3922
768: 
4775: 3319,894,4157,457
770: 1938
771: 1668,4506,3208,808,3482,3300
772: 1037,392,59
773: 4489
774: 4100,3951,1853
775: 752,3339,4391,3734,3173,3781
776: 2354,3867,764
777: 432,2295,1178,1793,1914
778: 1628,2532
779: 2045
780: 
781: 4790
782: 126,2595
783: 4231,2130,1940,734,3936,2609,4065
784: 1295,3710,1786,2848
785: 4488,1622,1243
786: 2927,1147,2998
787: 1529,3733,1878,3181,2436
788: 1117,2152
789: 2026,2357,442,1745,193
790: 4495
791: 1881,2826,4508,4319,1051
792: 3135,4595,143,3654,894,3917
793: 3124,2484,2450,1153
794: 2614,2292,2910,1462,2944
795: 75,3158,3562,4657,4811
796: 
797: 4714,3787,1009,2316
798: 2283
799: 1621
800: 
801: 1785,2415,1071
802: 3551,2086
803: 1220,2766,635,325,4804
804: 2548,3226,236
805: 3605,201
806: 895,1868,1304
807: 1142,1566
808: 1668,771,1737,3300
4753: 4422,549,347
810: 1224,3096,1052
811: 4558,2430,1218,4131,3228
812: 2294,2975
813: 3161,1151
814: 4373,225,187
815: 1196,4799,2432,2109
816: 2512,2817,77
817: 171
4763: 2406
819: 4452
820: 4152,3621
821: 3529,3385,4519,2643,194,1138
4772: 4622,3575,4583,1257
823: 730,135
824: 2838,30,1426
825: 
826: 2568
827: 1887,2253,4119,1290
828: 
829: 4483
830: 507,633,2493,4226,2714
831: 3322,1751,3243,3831,1433
832: 935,4048,221
833: 2147,2821,2274
834: 307,558,3420,2841
835: 3289,1837
836: 37,2106,748,1543,4255
837: 4249
838: 2416,1721
839: 3691,2736,2310,4450,2918
840: 263,2560,4144,2456,1803
841: 2157,1665,1802,2291,1764,1447
842: 
843: 3297,1507,69
844: 2940,2618
845: 2514,4251,2224,949,3870
846: 4803,3313,4643,4083
847: 1561
848: 32,2202
849: 138,1548,3858,2910,2292
850: 3160,3973,567
851: 2418,343
852: 
4661: 4674,1707,3435
854: 2091,655,1854,498
855: 2294,3375
856: 
857: 974,2327,2392,156
858: 1611,274
859: 1197,2116,216,1406,4575
4787: 1074,1556,3251,3037,3294
861: 1349,608
4726: 4125,1119,221,3775
4647: 2224,1255,4151,4809,2353
864: 898,3803,3446
865: 1418,747
866: 2404
867: 3384
868: 4406,2770,2121,135,2477
869: 92,4413
870: 4194
871: 2191,2967,1046,3930
872: 1232,4619,4189
873: 1931,1157,3751,1994
4529: 1977,4250
875: 2208,4050,2758,3436
876: 4553,3277
877: 1739,424,1822,3108,3777
878: 4197,2490,708,3759,917,4036
879: 2484,2520,2623
880: 3375,3151,3367
881: 397,2449,3511,3162
882: 3085,4086,4815,4139,2120,2158
883: 1328,1288,2911,3663
884: 4390,1106,2133,3640,4457
885: 2790,1614
886: 2538
887: 3972,4242
888: 3252,1506,1998
4728: 4073,1164,3044,2319,1704
890: 572,3324,4407
891: 4285,446,1496,1475,3156,3087,319
892: 4157,2621,1309,1751,3243,3175
893: 2658,1791,4470
894: 3654,4775,792,3135
895: 806,2124
896: 224,57,3665,1030,1799
897: 
898: 864,1754,3803,2210
899: 3790,2404,4365
4555: 3995
901: 3036,2880,4015,4098,2759,919
902: 4580,3465
4473: 4764,4817
904: 1647,989,4640,282
905: 2749,984,4809
4480: 398
4781: 
908: 2831,1436,3182,2170,1639
909: 1294,2361,4244,335
910: 
911: 3639,1042,3935,937,1256
912: 3852,4360,1185,4019,3258,1578
913: 750,717,4308,1471,473,3974
914: 2132,3447,4141
915: 4468,2615,1024,957
916: 3301,4816
917: 4036,4197,878,4658
918: 1338,980
919: 2953,704,2885,901,2880
920: 3576,2008,1726,1710
921: 2660,2761,1431,1325,1871
922: 4721,1867,4449
923: 1160,2482,2341,1628,2417
924: 4172,2792,3048,3331,1324,3217
925: 2462,2899,2862
926: 
927: 3287,1060
4427: 2573,3190
929: 4097,1408,1592,1773,4389
930: 1856,4536,4071
931: 1191,1752,3468
932: 627,3730,4080
933: 4438,4351,2178,107
934: 497,1404,1336,3834,1560,2814
935: 832,4048,3827,3685
936: 270,1276,733,2822
937: 1883,1965,4751,911,1256,2378
938: 2264
939: 3171,4238,2697,1354,4574
940: 92
941: 1655,4496,1326,4231
942: 4149,3370,2724,1267,424,4678
943: 2629,652,1767,3323,478,3351
944: 538
945: 3165
946: 1303,4236,2084,2977
947: 623,4737,3788
948: 1686,4186,4158,1153
949: 2637,268,3870,4251,845
950: 952,3543
951: 2999,2042
952: 33,950,4199
4720: 3564,2458
954: 1216,3176
955: 2591,1283
956: 678,4548,723,528
957: 2339,4363,1463,4319,1024,915
958: 1449,1583,723,528
959: 1797
960: 2143,966,4717
961: 400
962: 3886,2990,1034,2140,3191
963: 2259,4054,3802
964: 987,3922,4046
965: 2659,21,429,475,213
966: 960
967: 3275,3430,1468
968: 151,2198,2305
4679: 1725,2896,3509,4392,19
970: 3840,4475
971: 2664
972: 578,2375,2757,1946,2258
973: 1517,2422,4768,1835,3196
974: 2347,2327,857
975: 163,1382,3115,3607,2391
976: 2781,2930
977: 496,3434
978: 2229,1941,1001,2072,2272
979: 2275,4584
980: 3602,918
981: 
982: 1389,1709
983: 1831,2011
984: 2749,905,1904,3531,3456,98
985: 1785,2415,2507,2663
986: 120
987: 212,3922,964,65,252,2012
988: 46,2177,2395,3808,1219
989: 3758,4640,1058,4524,904,4161,3476
990: 601
991: 2435,3103,735,1115
992: 7,4075,1041,4692,563,4445
993: 4109,3956,2901,2161,2120
994: 3817,2648,4806,2448
995: 4776
996: 4688,3597,226,2725
997: 2338,3894,4173,1765
998: 628,3413,736,2291
999: 1711,4604
1000: 4271,1428,1282,4624
1001: 1327,3479,978
1002: 4601,2203,2580,2589,4031
1003: 2515,2718
1004: 4802,2679,1576,1370
1005: 713,2219,4233,4600
1006: 4687,2855,3205,3502
1007: 2777,4268
1008: 2401,3908,3607
1009: 2316,797,4714,1076
1010: 1488,2075,2615,671
1011: 600,1464,4291,1607
1012: 1972,3755
1013: 1601,311
1014: 587,238
1015: 2096
1016: 1842,3559,190,584,4567,1870
1017: 3400,2999
1018: 4526,1063,4693,2488,305
1019: 2646,438,2213,1588
1020: 4305,1806
1021: 
1022: 1346,2857,3827,3685,528
1023: 38,4670,4655,3690
1024: 2795,2615,4319,957,915
1025: 2218,2585,3073,4584,1667
1026: 3915,3192
1027: 
1028: 2233,3977,2751,3095,2986
1029: 2140,456,421
1030: 4767,1756,57,896
1031: 2072,1325,3706,3079
1032: 1567,2748,2359,4703,1973
1033: 4732,3560
1034: 962,3886,2004,4369,3488
1035: 
1036: 4552
1037: 772,3137,3168,2881
4785: 2936,4344,1912
1039: 1126,1220,2766
1040: 1980,1522,38,1266
1041: 992,4017,563
1042: 1079,3935,702,911,1883
1043: 1229,1121,1579,2644
1044: 1727,3929
1045: 1676,315
1046: 871,3088,3681,3930
1047: 3615,3082
4439: 2005,4656,4042,1815
4527: 1902,296
1050: 161,3505,1877,4182
1051: 1463,4319,4508,2895,791,160
1052: 267,3096,810
1053: 3075
1054: 3421
1055: 2355,1951,542
1056: 67,207,383
4748: 445,4059,2735,1525
1058: 989,4161,215,3476
1059: 4086,2158,33
1060: 3287,927,373,729
1061: 
1062: 3065,1597,1855,4789,308
1063: 4526,1018,3996,1649,2488
1064: 37,2106,3045
1065: 1598,2635,1629,1958
1066: 2716,1693,2776,2873,1401
1067: 2374,1862,1161,2636,3310
4596: 1412,263,4741,1803,4459
4481: 1511,1083,3826
1070: 2911,3663,4298,1184,2869
1071: 801,486,1425
1072: 3338,2830
1073: 4258,2882
1074: 4787,1556,5,3037
1075: 
1076: 2017,284,4714,1095,1009
1077: 1640,2811
1078: 129,1719
1079: 1042,702,2919
1080: 3044,2158,33,3200
1081: 1312,2308,2519,2613,1450
1082: 718,3838,4104
1083: 3948,3451,1511,4481
1084: 610,2230
1085: 
1086: 2646,438,1388,4616
1087: 4030,3727
4566: 4105,2014
1089: 
1090: 4144,2245,2327
1091: 1351,1613,3347,427
1092: 4006,260,4212,2410,1374
1093: 3067,4672
1094: 3254,3590
1095: 529,53,4714,284,1076
1096: 1300,3072
1097: 4654,1102,2837,4105,762
1098: 4025
4705: 3109,739,2403
1100: 3941,708,2882,4258,121
4489: 773,1143
1102: 4654,1097,1467,762
1103: 3546,3225,2734,2493
1104: 1503,1974,2990
1105: 2147,2935
1106: 4390,884,2133,3534
1107: 2891,320
1108: 3921,2219
1109: 2949,3859,2239
1110: 4794,4454,28,1545,4259,3589
1111: 3376,3039
4716: 4327,4516,3909
1113: 3461,2603
4562: 4707,2608,246,4754
1115: 3106,1564,991,3103,3063
1116: 658,3393,4276,3357,4440,3486
1117: 4630,1323,788
1118: 2350,4623,1684,3650
1119: 692,4709,4726,4125,3722
1120: 3982,4469,175,4235,1372,3899
1121: 1043,1579
1122: 3494,201
1123: 1867,2559,4449,4557
1124: 3995,3721
1125: 
1126: 1039
1127: 1488,2075,1506,646,1316
1128: 1254,2172,1339,4485
1129: 3308,129
1130: 
1131: 2269,2453
1132: 4404,401,4783
1133: 4037,3597
1134: 3974,3272,750,2770
1135: 4020,3984,519,1782
1136: 1788,297,390,1844,446,1496
1137: 4666,2288,4782
1138: 2643,4519,821
1139: 3820,71,3420,307
1140: 2288,2010,4666,3435
1141: 16,1769,3005,3801
1142: 807,1566,2978
1143: 4489
1144: 2960
1145: 2572,2553,4637,3497,3881
1146: 2753,3795,3646
1147: 786
1148: 2978,327,3152,3317,3887
1149: 1801,4097
1150: 1215,3687,2424,1223
1151: 3161,813,3926,3381
1152: 2943,1807
1153: 2450,4158,793,3124,948
1154: 3041,4275,4430
1155: 732,1362,1873
1156: 3539,2625,4315,140
1157: 1931,76,540,873,3751
1158: 
1159: 
1160: 2482,923,4132,1628
1161: 4951,2636,3310,2126,1067
1162: 1792,4091,4224,3980,2111
1163: 2932,1889
1164: 4073,4728,4752,4139,3044,2158
4504: 2506,1224
1166: 615,655,3485,4397
1167: 2612,1450,1770,3024,1281,1570
1168: 2570,20,91,2456
1169: 271,1947,3618,3064,1682
1170: 1597,2698,1486,4492
1171: 
4811: 712,3562,316,795,4412
1173: 
1174: 215,1715,2070,1380
1175: 2695,1952,3351,1651
4575: 1406,3443,859,1197,2055
1177: 3032,2169,4672,1828
1178: 2295,777,1793,2246,352,2738
1179: 90,2333,3448,543
1180: 4350,3138,3822,89,144
1181: 3709,3979
1182: 
4686: 3723,4455,338,1677,692
1184: 3891,4671,2637,268,3231,1070,4298
1185: 3508,4019,1795,3852,912
1186: 195,3059
1187: 1552,3070
4730: 4148,2524,4171
1189: 4185,4371
1190: 2372,2798,4461,2169
1191: 1289,931,3468,739
1192: 1208,3932,298
4511: 2837,3219,4654
1194: 2503,4027,1302,2128
1195: 4711,2654,1688,3833,1683
1196: 815,4799,3015,140
1197: 859,4575
1198: 1651,2108,3351,652,2760
1199: 4395,136
4429: 
1201: 2142,3573
1202: 4533,1293,3637
1203: 2745,1910,4609,606,4644,2441
1204: 4541,3026,1826
1205: 1598,2825
1206: 1914,3851,3821,276
4624: 1000,2377
1208: 4348,1192,1875,1916
1209: 3307,3117,689,3566
1210: 1894,1355,3862,4612
1211: 40,4222,1479,3524
1212: 3906,2533,2130,1940,4184
1213: 2489,2255
1214: 3371
1215: 1150,4766,3513
1216: 3176,954,3637
1217: 3309,3022
1218: 165,4532,811,2430,3523
1219: 3934,988,3808
1220: 2766,803,325,1039
1221: 2890,1584
1222: 452
1223: 2424,1247,1150,3940
1224: 4441,714,2506,4504,810
1225: 4094,2026,442,17
1226: 4754,4444,517
4810: 2434,4268
1228: 2334,1307,1230,1608,3016
1229: 1043,4155
1230: 1277,2788,3829,1228,1608
1231: 3409,4759,2411,3944
1232: 383,872,4189,67
1233: 
1234: 1315,4388,4471,3051,4183,3233,2028
1235: 2590,2693,2716,2776
4495: 790,1758
1237: 418,4356
1238: 
1239: 4755
1240: 4102,3328,2928,4178,586
1241: 4490,3811,494,3601,4055
1242: 4286,735
1243: 785,1886
1244: 359,3662,4108
1245: 4095,577
1246: 3181,2842,1937
1247: 2424,1223,3940,3906
1248: 
1249: 2212,3290,190
1250: 3661
1251: 2235,3257
1252: 2902,4336,413
1253: 3184,2104,85,125
1254: 2145,1128,2172,4744
1255: 4647,2937,2224,1688,4151,4424,1683,2353
1256: 3639,911,937
1257: 2660,4772,3575
1258: 4568,2733
1259: 2961,2198,214
1260: 1497,3828
1261: 1895,4443,2205
1262: 1789
1263: 4210,3383,2315,356
1264: 2957
1265: 4323,3582,2926,2730,2442,3677,2208
1266: 2908,1040
1267: 1739,424,3530,942,4149
1268: 4357,4634,4588
1269: 
1270: 550,1859,4224,4091
1271: 465
1272: 4538,604,2641,1275,3185
1273: 2
1274: 4372,139
1275: 2061,2871,685,4538,1272,3185
1276: 936,270,2822,1882
1277: 2788,1230,3829,3083
1278: 3491
1279: 2264,3925,2226
1280: 1473
1281: 3024,2649,1167,1770,4465,4394,4530
1282: 3880,1000,1428
1283: 955,4364
1284: 2926,3478,4518,3110,2959,4323
1285: 272,3632,3675
1286: 1489,1415
1287: 4729,2728
1288: 2239,1297,4426,883,2911
1289: 1562,1191,739,4252
1290: 1323,827
1291: 2876,3782,1454,441
1292: 
1293: 2596,4047,1202
1294: 2211,909,2088
1295: 3460,3710,784
1296: 3631,3212,2352
1297: 3081,4426,1563,1288,2239
1298: 4549,2182,746,420
1299: 4033,207,1946
1300: 1096,3072,4649
1301: 275,1942
1302: 4072,1194
1303: 946,4236,2099,2084,4150
1304: 1899,1868,806
4737: 2874,947
1306: 3578,1314,2909
1307: 2334,1228,2277,3068,688
1308: 
1309: 2621,2340,892,480,1751
1310: 4414,3316,1533,498,4563,4309
4436: 2025
1312: 2308,1081,2519,2896,3580,2287
1313: 3675,1910,4609
1314: 1306
1315: 1234,4388,656,4471,387,3493
1316: 646,1127,3071
1317: 4266
1318: 4334,3929,2737,4261,4603,4122
1319: 3155,1520,3617,344,576,111
1320: 3459
1321: 4120,3989,2304,3383
1322: 2853,2872,1395,123,3271
1323: 1290,3033,629,1117
1324: 3331,2792,924,2364
1325: 1871,489,921,1431,1031
1326: 2609,4231,941
1327: 1001,2528,22,4078,3479
1328: 251,883,3539,2594
1329: 1708,342,3978,383
1330: 3885,2257,3447,697
1331: 
1332: 169,1852
1333: 1347,3129
1334: 2800,3236,3541,575
1335: 
1336: 285,3834,4696,934,4794
1337: 3989,3552,4550,1915
1338: 918
1339: 1791,1128,4760
1340: 1553,1702,3077,2706
1341: 2878,2164,1647,742
1342: 51,4254,3389
4672: 1093,1177,1828
1344: 376
1345: 1817
1346: 1022,2857,3827,3685,3766,493
1347: 1333,2802
1348: 184,2369,3318,2895
1349: 861
4558: 811,3641,4444,4131,517
1351: 1091,1373,53
1352: 3260,1383
1353: 1963,1929,3837,3265
1354: 939
1355: 1210,4612
1356: 
1357: 4630,1586
1358: 1417,2274
1359: 354,3080,3263,558
1360: 2525,2220,240
4565: 3235
1362: 732,1155,4403
1363: 2805
1364: 
1365: 3261
4571: 4239,2657,4217,1713,570
1367: 3552,4599,482,4550
1368: 4802,2679,1707,327
1369: 4697,4564
1370: 4585,3242,4802,1004,4745
1371: 4779
1372: 4711,1120,4424,3708,3899
1373: 1351,1950,2342
1374: 2399,556,1092
1375: 304,2672,3009
1376: 411,1958,2702,663
4463: 2209,4409,1638,1511
1378: 4241,3705,2593,683,1897
1379: 
1380: 3766,493,1174,4112,2070
4759: 1686,4186,2411,1231,3409,2650
1382: 163,975,4667
1383: 3260,1352,4744
1384: 2986,3609,1618,4215,3460
1385: 1433,551,3453,2985
1386: 3811,2545,1850,2175,2098
1387: 
1388: 4616,1086
1389: 982,2156
1390: 1578,80,1905,497,1404
1391: 4022,2463
1392: 4357,350,1655,4180
4644: 443,606,1203,2441,4798
1394: 755,2803,4443,2688
1395: 3227,123,1322,3271,3164
1396: 2161,3985,2901,219,4401,12
1397: 3218,3341,2962,2767
1398: 2712,2135
1399: 614,2992,3388
1400: 1768,3043,3070,1552,4467
1401: 3548,1066,2776
1402: 4314,1908,4227
1403: 
1404: 497,934,1390,1905,2142
1405: 503,3849,4041
1406: 4575,216,515,859
1407: 3490,4732,27,741,530
1408: 4097,929,1592
1409: 1614
1410: 3040,3245
1411: 1593,54,1643
1412: 4596,263,1445,536,4741
1413: 338,4691,3195,3156,319
1414: 157,3287,705,1722,729
1415: 3340,1286,3718,1489,650
1416: 1626,6
1417: 1358,1758
1418: 1471,473,865,3155,1516
1419: 1841,2865,2455,1794,727
1420: 326,3045,2444,4021
1421: 
1422: 4819,296,3255
1423: 4100,3979,1816
1424: 369,4085,1757,3625
1425: 486,352,1071,2246
1426: 30,824
1427: 
1428: 4271,1000,2732,616,1282
1429: 1563,3081
1430: 4056,760
1431: 2761,921,1325
1432: 3487,3105,3358,26
1433: 1385,551,3322,3243,831,3831
1434: 3577,2002,2439,1685,3084,2330
1435: 4037
1436: 2831,908,707,1639,3366,2537
1437: 623,3369,1680,2970
1438: 2590,3585
1439: 2297,4474,2903
4708: 4103,751,1918,474,1969
1441: 3173,4723,3734,3102,2526
1442: 
1443: 2639,2746,1553,594
1444: 2095,3907,4382
1445: 13,536,1412
4749: 
1447: 3266,4718,1764,2157,841,1763
1448: 3314,663,677,4049,2115
1449: 1583,958,124,1712,4391
1450: 2612,1167,2123,1081,2519
1451: 4484,522,3220
1452: 4053,4613
4615: 4188,1550,3496,4394,3893,1541,2344
1454: 1291
1455: 3391,673
1456: 4788,3633
1457: 161,1956
1458: 572,3324,1823,1499,3166
4599: 1367,482,1735
4685: 2582,3608,4668,349
1461: 4668,2995,521,4101
1462: 2321,2910,3720,794,1653
1463: 4319,1051,160,957,4363
1464: 600,1011,1981,3485,1607
1465: 4138,1972,4343,3533
1466: 3857
1467: 1102,259
1468: 1549,1718,3430,967
1469: 354,3080,65,252,1515
1470: 2997,120,1709
1471: 1418,473,4308,4002,913
1472: 3916,3540,187,3647
1473: 3635,3031,1280,3275
1474: 2918,4207,1649
1475: 3195,3156,3087,244,573,891
1476: 1528,4534,640,2191,3800,402
1477: 2103,2187,2860,4742
1478: 
1479: 4196,1211,2748
1480: 4192,128,1698
4428: 36,3732,2033,3267,1678,3584
1482: 3223
1483: 181
1484: 2723,2136,4074,4212,428,260
1485: 1796,3859,2114,1563
1486: 2558,2698,3829,1170,4492
1487: 
1488: 1127,2075,1010,363
1489: 4684,3718,1820,1286,1415
1490: 3167
1491: 2616
1492: 3187,4669,2335,4780,4202
1493: 2941,1575,1648,1788,297,189
1494: 3737,1944,2035,4009,2225
1495: 243,1555,2358
1496: 4285,446,891,1136,2562
1497: 1260,1889
1498: 2049,3432,3522,3780,654,4051
1499: 1631,1458
1500: 3711,259
1501: 34,699,4312,1569
1502: 756,4152,321,2676
1503: 1747,1104,417,2670
1504: 326,3045,2106,4216,3939
1505: 2556
1506: 888,1127,2075
1507: 843,3297,2225,3785,134,3581
1508: 2575,2985,3474
4723: 1441,3173,3781,2298,4710
4653: 1716,381
1511: 4481,1083,4409,4463
1512: 62,3256
1513: 2450,2099
1514: 755,86,4155,2803,455
1515: 174,252,1469,1723
1516: 3405,1418,2133,1520
1517: 973,2422,2171,2461,1835
4568: 2486,1258
1519: 3396
1520: 1319,3155,3405,1516
1521: 368,4808,323,3130,3587
1522: 1980,2908,1040,3391,3201
4443: 455,1394,755,2205,1261
1524: 547
1525: 3683,4748
1526: 3769,3333,3214,3379
1527: 763
1528: 1476,4534,640,3800,710,2021,3136
1529: 3733,787,4394,1878,2649
1530: 364,3399,4778
1531: 409
1532: 2119,2702,2825,2826,385
1533: 1310,4414,3316,4563,3553,4170
4421: 1935,3322,3175,4646
4820: 61,4152,3303
1536: 637,2299,3107,4119
1537: 1866,2661
1538: 
1539: 235,2540,2056,81
1540: 2336,2355,703,592
1541: 2344,3496,4197,4615
4518: 4551,3415,3110,1284,3478
1543: 4255,2468,4341,836
1544: 2367,538
1545: 4259,2816,285,1110
4510: 4382,3589,410
1547: 2613,4246,4392
1548: 849,138,2341,3858,206
1549: 1468,1718,3430
1550: 4615,4188,2344
1551: 3780,3911,1968,2991,3432
1552: 4467,2067,1187,1400,2740
1553: 1340,2779,1702,1443,3630
1554: 2595,313
1555: 1495,3454,2090
1556: 3144,2028,1074,4787
4475: 970
1558: 3959,34,4740,3603
1559: 3389,3046,3431,4806
1560: 2814,934,2142
1561: 847,1924,2875
1562: 1289,1738,4196,1567
1563: 1429,1485,1297
1564: 3106,1115,743,2522
1565: 4516,2023,2994
1566: 3352,807,1142
1567: 1032,2748,1562,4252
1568: 
1569: 4312,1867,34,1501
1570: 3181,1167,3024,1878
4503: 3948,3451,3204,4174,1687
1572: 
1573: 4492,2850,300
1574: 631,249
1575: 2941,1493,297,3087,244
1576: 1976,2679,1004,103
1577: 2364,2771,2464,4667
1578: 1390,4360,912,1602
1579: 2644,1043,1121
1580: 724
4543: 2156
1582: 328,70,2345
1583: 1449,958,528,3827,124
1584: 1913,1834,1221
1585: 4466,249
1586: 3615,4195,1357
4449: 1867,2559,1123,2344,922
1588: 2213,1019
1589: 
1590: 4618,1909,3183,3501,4501
1591: 4256,4601,2961,4758,2854
1592: 1408,929,4389,3167
1593: 1411,2513,4407
1594: 2793,321,756,1843
1595: 4399,4308,3646,2318,3408,717
1596: 
1597: 1062,1170,1855,2640,2698
1598: 1065,2635,3977,166,1205
1599: 3101,2090,4635
4476: 3204,1967,4707,82
1601: 1013,2018,3052
1602: 1905,3565,1578
1603: 2014
1604: 3171,3480,1985,3975
1605: 3448,1777,426,2409
4539: 3764,2214,2947,3078,412
1607: 1464,1011,3485
1608: 2558,3016,1230,3829,2334,1228
1609: 2980,4641,3170,1724,4461,2372
1610: 3072,4649,555
1611: 858
1612: 4692,2105,4445,318,1760
1613: 1950,1091,427
1614: 1409,885,4645,2673
1615: 
4610: 203,2095,2515
1617: 753,4189
1618: 408,4215,1384
1619: 2955,1706,3524
4553: 876,1624
1621: 236,799
1622: 2115,2021,1888,785
1623: 
1624: 3277,4553
1625: 
1626: 106,1416,6
1627: 
1628: 2341,4066,2532,778,1160,923
1629: 3681,2931,1065,1958
1630: 4136,3010
1631: 1499,3823
1632: 1860,3869,52,4187
1633: 49,4198,3374,3550,584
1634: 644
1635: 3600,2693,3326,1693
1636: 2638,3411,4170,1999,2471
1637: 235,134,1748,2137
1638: 3980,2209,4463
1639: 3366,3592,4039,908,1436
1640: 1077,4359,116,2914
4453: 
1642: 2477,3088,2164
1643: 3725,4061,54,1411
1644: 4393
1645: 4521
1646: 4702,3240,2773,1745,2254
1647: 742,904,1341,4640
1648: 459,3612,189,2941,1493
1649: 4207,1474,1063
4451: 3294
1651: 1198,3351,1175,1952
1652: 3789
1653: 2954,3511,1462,2944
1654: 
1655: 941,350,4496,1392,4357
4671: 3891,1184,4298,408,2421
1657: 3784,375,1970,648
1658: 337,2447,1846
4492: 1573,3065,1170,1486,300
4556: 1956,2217,594,4099
1661: 1775,2369,3318,248
1662: 4761,570,2882,1713
1663: 3179
1664: 350,2130,607,2764
1665: 841,1802,1928,46,394
1666: 3334,3463,4736
1667: 4512,1025,364
1668: 771,4506,808,3001
1669: 
4469: 3982,1120,175,4235,1860,4057
4432: 3120,4478
1672: 45,4084,395,3547,719
1673: 
4589: 4734,1933,3339,4391,99
1675: 3342,4797,3772
1676: 1045,2405,315,3475,3545
1677: 338,4691,4486,692,4686
1678: 2836,3812,3584,4428,3732
1679: 1747,2100
1680: 3369,314,1437
1681: 3672,539
1682: 1169,3618
1683: 4151,4424,1688,4711,1195,2937,1255
1684: 484,3650,1836,2181,1118
1685: 403,257,3577,1434,3084,2330
1686: 4186,4759,2411,948,3986,4158
1687: 4174,3948,4503
1688: 3833,276,1195,2937,1255,1683
1689: 2071,2582
1690: 3857
1691: 
1692: 4349,4681
1693: 1066,2716,2873,1635
4617: 3731,3410
1695: 3034,1741,2005,1815
1696: 1829,2232,2222
1697: 616,4297,4756,3600
1698: 2385,1480
1699: 3627,4674
1700: 2847,476,1811
1701: 31,3090,2465,2487
1702: 1553,1340,3630,3382
1703: 3652
1704: 419,3200,4728,3044,2319,3333
4455: 4686,3723,198,456,421
1706: 1619,2955,2359,2455,727
1707: 2679,1368,4674,4661
1708: 1329,342,3993
1709: 982,3062,1470
1710: 4203,920
1711: 999
1712: 3670,4542,1449,752,4391
1713: 4559,4571,2657,553,570,1662
1714: 
1715: 215,1174,2230,4725,4112
1716: 4653,2815,2976
4774: 3902,2666,4423
1718: 1549,1468,2721
1719: 129,1078
4419: 3174,2025
1721: 4270,838
1722: 4350,729,3822,1414,705
1723: 4284,2052,1515,1991
1724: 3170,3620,4461,1609
1725: 88,2896,4679,4642,19
1726: 920,4203
1727: 1044,3988
4579: 3063,3300,4200,2400
1729: 3683,3532,3835
1730: 4741,3066,447
4516: 1565,4716,3909
1732: 1836,518,2279,2419,21
4712: 3355,3771,2062,3395,2420
1734: 321,2676,611,2883,3312,3301
1735: 482,4095,4599
1736: 3891,2637,3870,1742,3704
1737: 808,3300,4200
1738: 404,3054,1562,4196
1739: 877,1267,424,2850,1822
1740: 4289,4795,3719
1741: 1695,3034,4090,2005
1742: 4809,3870,1736
1743: 3018,3475,3545,4073,4789
1744: 645
1745: 3240,2026,789,193,3343,1646
1746: 2032,3554,2165,2457
1747: 1503,1679,2670,99
1748: 134,2137,4041,1637,503
4584: 3073,2110,1025,979,4512
1750: 332,2919,127
1751: 3243,831,1309,892,480
1752: 3715,1993,4071,931
1753: 
1754: 898,3803,2210,4295,384,3618
1755: 
1756: 3209,1030,4767
1757: 345,3091,1424
1758: 4495,1417
4670: 4128,1023,4655
1760: 318,1612,3946,4445
1761: 
1762: 4147,2655,4228
1763: 2860,4718,3266,1447
1764: 4718,2231,841,2291,1447
1765: 997,3466
1766: 148,3457,3864,4277
1767: 4805,3323,618,4187,478,943
1768: 2605,3656,1400,3070
1769: 1141,303,3493
1770: 2612,1167,2039,4530,3024,1281
1771: 3819,3387,3302,2223
1772: 3954,328,1954
1773: 4389,929
1774: 3239,3118
1775: 1661,3710,3957
1776: 
1777: 3448,1605,543,3399,1987
1778: 2561,4098,2678,3626,2968
1779: 2102,110,4440
1780: 
4424: 4151,3712,1683,1372,1255,3708
1782: 519,47,1135,4020,4650,2381
1783: 4010,4125,4709
4623: 3746,2024,1856,1118
1785: 801,2415,2507,985
1786: 3958,2848,2369,784
1787: 4232,199,3364,3847
1788: 1136,297,189,390,1844,1493
1789: 1262
1790: 185,758
1791: 1339,893,4470,4760
1792: 1162,4224,3980,2209
1793: 432,777,1178,352,3359,254
1794: 4316,3533,727,3755,1419,2865
1795: 3940,3473,3508,1185,3852
1796: 1485,3859,2009,4484,2755
1797: 2300,959,4604
1798: 
1799: 2886,1898,896,3665
1800: 2452
1801: 2314,1149
1802: 2157,1665,841,4722,394,3211
1803: 2392,2245,4459,840,4596,263,4144
4678: 2922,2851,2724,942
1805: 3925,1971,3040
1806: 2640,3525,1020,4305
1807: 1152,147
1808: 566
1809: 2710
1810: 287,2551,2768,2704
1811: 2046,2847,1700,2925,2939
4680: 3855,747,3559,190,3534
4641: 2980,1609,2372,460,3952
1814: 
1815: 4042,4039,2005,4439,1695
1816: 2888,2540,1423,4750
1817: 1345
1818: 3023,147
1819: 4724,18,4803,1995,1919
1820: 4684,3718,1489,472,3060
1821: 
1822: 2545,1850,3108,2850,877,1739
1823: 32,1458,572
1824: 3628,4154,4818,232
1825: 3761
1826: 1204,3694
4482: 4247
1828: 4672,1177,3032
1829: 2982,1696,2232,3597
1830: 
1831: 2011,983
1832: 119
1833: 3740,2406,4156
1834: 3696,1913,1584,3425
1835: 4283,2461,973,1517,510,3196
1836: 518,2181,1732,2024,1684
1837: 835,3802,2485
1838: 1892
1839: 4545
1840: 3110,2959,3149,3881,4710,2898
1841: 2310,1419,4165,2455,620,4462
1842: 1016,3559,4567,4390,2715
1843: 756,1594,2465
1844: 1136,1788,189,390,4178,586
1845: 4582,2414,2766
1846: 60,2447,1658
1847: 
1848: 665,3245
4534: 1476,1528,640,2967,2547
1850: 2545,1822,3020,4490,1386
1851: 2568,3669,3017
1852: 1332,169,1929,3661
1853: 774,4100
1854: 498,3860,4397,854
1855: 1062,1597,2640,3018,4789
1856: 4536,4375,930,4623
4773: 4821,2812,2736,2915
1858: 3872,1936
1859: 1270,550,1873,2346,3558
1860: 4235,4469,4057,1632
4530: 4465,4063,2039,1770,1281
1862: 2374,1067,3202,66,1864
1863: 4437,4796,3824
1864: 593,66,153,1862
1865: 3684,3909
1866: 1934,1537,3140
1867: 4449,1123,922,1569
1868: 1899,1304,3104,806
1869: 489,4162,4172,3079
1870: 4567,584,49,1016
1871: 1325,489,921,2660,615,2858
1872: 4619,3455,4437,3824,431
1873: 550,1859,732,1155
1874: 36,3267,2669
1875: 1208,4362
4496: 3180,4588,941,1655,4357
1877: 1050,4182
1878: 3024,2649,3181,1570,1529,787
1879: 2070,2280,2266,3667
1880: 
1881: 791,2826,4508,248
1882: 1276,241
1883: 1965,937,702,1042,255
4442: 606,2368,4494
1885: 2783,83,4349,4267
1886: 1243,3754,2722
1887: 827
1888: 3325,3136,2021,1622,4488
1889: 4777,1497,2932,1163
1890: 2645,666
1891: 477,3381,2248,171
1892: 1838,2743
4677: 1901,3205,2782
1894: 1210
1895: 1261,3298,4533
4743: 4275,3506
1897: 2612,2123,1378,2593,2039,683
1898: 2886,1799,3665,2630,3814
1899: 1868,1304,2905,3647
1900: 106
1901: 4677,4458,2680
1902: 3165,4527,2389
1903: 4456,765,265,2312
1904: 2749,984,3712,3253,3531
1905: 3565,1602,1390,1404
1906: 4605,2738,3901,2704,522
1907: 277,179
1908: 274,2227,4210,4314,1402
1909: 2389,3183,296,1590
1910: 2745,1203,4609,4621,1313,3675
1911: 3498
1912: 4344,4785
1913: 1584,1997,3425,1834
1914: 1206,3851,432,2295,777,3821
1915: 3000,4550,3989,1337
1916: 4348,1208
1917: 2254,4598,722,2773
1918: 4708,751,150,474,3659,4333
1919: 2734,1819,4803,3313,1995,3225
1920: 470
1921: 2780,2733
4485: 2621,2340,1128
1923: 
1924: 1561,2875
1925: 4224,3980
1926: 695,1970,648
1927: 289,4616,3657
1928: 736,2950,46,1665
1929: 3837,3265,169,1852,1353
1930: 470
1931: 218,59,76,1157,873
1932: 2196
1933: 124,4048,4589,4734
1934: 1866,2661
1935: 4421,4595,4646
1936: 2846,1858,4234,3872
1937: 3914,1246,2759
1938: 770
1939: 2235,15,2700,535
1940: 2130,783,4065,1212,4184
1941: 2229,978,2272,2464
1942: 2620,1301
1943: 3962,511,4438,2178,55,4416
1944: 1494,2035,4801
4799: 815,1196,2432
1946: 2258,1299,2375,972
1947: 1169,3064,3632,272
1948: 4805,3869,2277,3854
1949: 4643,4083,2642,3259
1950: 1613,2342,1373
1951: 2355,1055
1952: 1175,2695,2571,1651,2969
1953: 3145
1954: 3965,1772,3954
1955: 4180,2215,2210,384
1956: 4556,1457
1957: 2553,3499,4118,4531,2374
1958: 2119,2702,1065,1629,1376
4500: 4393
1960: 
1961: 305,3883,3268
1962: 341,4431,3278
1963: 1353,2491
1964: 2069,3779
1965: 1883,937,3404,255
1966: 
1967: 3204,4476,4602,2496,3451
1968: 2991,3604,466,1551
1969: 675,474,4727,4708,4103,2566
1970: 375,1926,695,1657
1971: 3658,1805,3925,4770
1972: 1465,4343,1012,3533,3755
1973: 3487,1032,4703
1974: 3722,3775,421,1104,2990
1975: 3158,4096
1976: 4585,1576,103,3289
1977: 3969,4529
1978: 2323,3311
1979: 
1980: 1522,1040,3690,3391
1981: 2250,4583,1464,3485
1982: 3901,2415,2663
1983: 676,2524
1984: 2179,3939
1985: 3480,2655,1604,3910
1986: 2320,92
1987: 2336,543,1777
1988: 
1989: 4294,4493
1990: 2241,451,2958,593
1991: 2841,3702,1723,4284,2326
1992: 503,3849,3677
1993: 1752,3715,4003,3054
1994: 2362,4279,873
1995: 3601,1819,1919,2734,2213
1996: 3032,4300
1997: 1913,3429
1998: 4468,3252,888
1999: 3553,4170,1636,2610,2471
2000: 
2001: 2735,4059
2002: 3577,1434,2439,2077,257
2003: 3392,4218,4121
2004: 3191,1034,4375
2005: 4090,4439,1695,1741,1815
2006: 2395
2007: 
2008: 3576,920
2009: 2076,3526,4484,2755,322,1796
2010: 2288,1140
2011: 1831,983
2012: 252,987,2754
4805: 3869,1948,1767,2277,618,4187
2014: 2837,1603,4105,4566
2015: 2570,415,2664,4576
2016: 464
2017: 284,1076,4823,2989
2018: 2752,3052,1601
2019: 4377,2785,3153,4505,2712
2020: 3788,4190,738,2588
2021: 710,2115,1622,1528,3325,1888,3136
2022: 
2023: 1565
2024: 3746,4623,2535,3714,1836,518
2025: 4419,4436
2026: 789,442,1225,3240,17,1745
2027: 
2028: 3144,3233,1556,4183,1234
2029: 703,592,4253
2030: 154
2031: 2731,3586,4245,4014
2032: 1746
2033: 3331,3267,334,4428,3584
2034: 4370,3165
2035: 1494,3737,1944
2036: 
2037: 3392,475,4263,4121
2038: 3394,3263,598,2150
2039: 683,2612,1897,1770,4530
2040: 4013,152
4479: 2581,4557,3792,3878
2042: 951,2999,4523,3246
2043: 3719,4517
2044: 3825
2045: 779
2046: 1811,4160,2925
2047: 246,3674,3404
2048: 3792,3461,2641
2049: 1498,3432,3522,4494
2050: 4793
2051: 127,2804,399
2052: 1723,4284,174,437
4464: 4300,460
2054: 
2055: 548,4575,3443
2056: 2926,3478,2888,235,1539
2057: 3319,4795,4517,2145
2058: 3362,3928
2059: 
2060: 3197
2061: 2871,1275
2062: 2403,3395,4712
2063: 444,4294,3809,621
2064: 3352
2065: 3411,369,85
2066: 379,4614,4822
2067: 1552,4467
2068: 726,77,3786,3760,685
2069: 1964,2223,323
2070: 1879,1174,3766,1380,3667
2071: 4289,1689
2072: 1031,978,2272
2073: 
2074: 4412,2816
2075: 1488,1127,1010,1506
2076: 2647,3526,2009,3117,4012,322
2077: 204,165,257,2002
2078: 3659,2150,4333,3394,3420,71
2079: 2923,4681
2080: 2306,3709,292,3310
2081: 
2082: 
2083: 743,3624,2976
2084: 624,2650,946,1303
2085: 
2086: 4560,3061,2466,802
2087: 2244,3449
2088: 3369,3428,1294
2089: 3410,4123,3163
2090: 3971,4635,1555,1599
2091: 854,498,2284,3316
2092: 
2093: 
2094: 2186,4816,3860,4313,4309
2095: 2966,1444,4610
2096: 1015
2097: 3124,2623
2098: 1386,131,2175
2099: 2450,4130,1513,1303
2100: 3488,1679,3886,100
2101: 730,135,4406
2102: 1779,3262
2103: 1477,2187,4110,2189
2104: 3725,4061,85,1253
2105: 4692,1612,7
2106: 37,836,1064,3045,1504
2107: 3916,2741,3540,3244,2262
2108: 2212,1198,2760,3412,3290
2109: 3472,2594,251,815
2110: 4584,4512,2250
2111: 4765,1162,4091,2557,2652
2112: 4739,4501
2113: 3844
2114: 3220,1485
2115: 710,2021,1622,1448
2116: 859,3186,2868,216,2473
2117: 123,726,2871,685,2872
4498: 2869,227
2119: 1532,1958,2702,2825
2120: 4815,993,3956,3085,882
2121: 868,4406,2770,3272
2122: 
2123: 2612,1450,1897,2593
2124: 895,2139
2125: 3338,2830,4721,436,2497
2126: 1161,3709,670
2127: 9,4140,4005,4010
2128: 1194,155,2203
2129: 4416,2817,3230
2130: 4231,1940,783,1664,1212,4184,607
2131: 4707,2608,4185
2132: 3359,2257,3447,914,254
2133: 884,1106,3640,1516
4585: 1976,1370,4745
2135: 1398,579,3471
2136: 2723,1484,4074,2889
2137: 1748,1637,235,4243,503
2138: 4673,3611,2666,4423,696
2139: 2124
2140: 1029,456,3873,962,2990
2141: 2518,3658
2142: 1201,1404,1560
2143: 960,3118
2144: 4681,2786
2145: 1254,2057,457
2146: 3424,101,193
2147: 833,2475,1105,2935
2148: 273,2529
2149: 694,3462,4260
2150: 2078,4333,3394,2038
4658: 3897,917
2152: 2565,788,3950
4804: 3244,234,803,325
2154: 
2155: 3747
2156: 4543,1389
2157: 841,1802,3266,1447
2158: 1080,4139,882,4086,1059,1164
2159: 3679,4137,114
2160: 
2161: 3985,1396,2901,993,4109
2162: 
2163: 
2164: 3088,1642,1341,742
2165: 1746
2166: 4264
2167: 3610
4788: 1456,3633,3767
2169: 1177,1190
2170: 160,908,3182
2171: 2399,1517,4697,2461
2172: 3434,4744,1254,1128
2173: 4689,3146
2174: 4735
2175: 131,531,2545,3108,1386,2098
2176: 3494,600,4311
2177: 46,988,2395
2178: 933,4438,3962,1943
2179: 1984,748
4777: 1889
2181: 1836,1684,484
2182: 4632,2320,1298
2183: 253
2184: 
2185: 
2186: 4816,2094,3968,741,4313
2187: 2103,1477,3543,2189
2188: 3179
2189: 4239,2657,2103,2187,4110
2190: 3210
2191: 871,742,1476,402
2192: 137
2193: 2874,2237
4422: 4753,549,502
2195: 
2196: 1932
2197: 3161,2772,3101,3190,3926
2198: 2961,1259,4758,968,2305
2199: 4339,99,3339,3734,3102
2200: 3431,4806,2448,3255,4501
2201: 2428
2202: 32,848,3905
2203: 1002,2128,2589
4666: 3435,2475,1137,2288,1140
2205: 4443,4362,1261
2206: 4499,167,2730,491,3582
2207: 2301,204
2208: 875,1265,2730,3677
2209: 4233,4409,4463,1638,3980,1792
2210: 1955,1754,898
2211: 1294,335,3564
2212: 2108,1249,3290,3855,190
2213: 2734,1995,1588,1019
2214: 3764,4539,3078
2215: 4180,1955,583,384
2216: 2378,2430,4532
2217: 594,3630,4556,15
2218: 1025,2678,2968
2219: 713,1005,4067,1108
2220: 4405,3029,240,1360
2221: 3616,3106
2222: 2232,1696
2223: 2069,1771,3302
2224: 4647,2937,1255,2514,845
2225: 3297,1507,4009,1494,3737
2226: 1279
2227: 274,1908,4210
2228: 
2229: 1941,978,2607
2230: 1084,1715,4725
2231: 4718,1764
2232: 2222,1829,1696
2233: 1028,3977,2751
2234: 
2235: 1939,2700,1251
2236: 3688,3598
2237: 2193,477,3856,2588
2238: 
2239: 1288,1109,1297
2240: 
2241: 1990,451,2280,2478,2266,2958
2242: 4004,2939
2243: 2282,3876
2244: 3257,2087
2245: 1803,2392,1090,4144,2327
2246: 406,3901,1425,2738,1178
4526: 1063,1018,547,4116
2248: 2393,1891,477,171
2249: 2697,4193,2715,3169,2928
2250: 1981,4583,2110,4512
2251: 
2252: 
2253: 827,3804
2254: 1917,4598,2773,1646
2255: 2489,3378,1213
2256: 332,702,255
2257: 3359,1330,2132,3447,697
2258: 2732,1946,972
2259: 963,3779
2260: 
2261: 
2262: 482,3244,2107
4634: 4588,4593,3596,1268
2264: 938,1279,3658,3925
2265: 
2266: 2958,3667,2280,1879,2241
2267: 
2268: 
2269: 4200,2400,1131
4699: 3970,533
4535: 4362,3885,3747
2272: 3706,2072,1941,978
2273: 462,4016,2449
2274: 1358,833,2821
2275: 4505,979
2276: 
2277: 3068,3854,1307,4805,1948,618
2278: 3573,4662,3416
2279: 2419,2508,1732
2280: 3476,2478,282,1879,2241,2266
2281: 2467
2282: 2243,3729
2283: 798
2284: 3981,3048,2091,4414,3316,4578
2285: 35
2286: 2798,3184,4070
2287: 1312,88,2896,3580
2288: 2010,1140,4666,1137
4549: 1298,2385,746,3586
2290: 
2291: 841,998,736,1764
2292: 4315,794,849,3858,2910
4607: 4244,181
2294: 855,812,2975
2295: 777,1178,4605,2738,1914,3851
2296: 4738,3269,2468
2297: 374,1439,4474
2298: 3497,3149,3670,3173,4723,3781,4710
2299: 116,2914,1536,4119
2300: 1797,634,4604
2301: 2207,3483,4564,4796
4621: 3632,4142,2745,1910
2303: 124
2304: 146,4120,1321,2370
2305: 968,151,2198
2306: 2080
2307: 2358,3360,2846,243
2308: 1312,1081,2519,2896
2309: 2314,3703
2310: 1841,4462,4450,2918,839
2311: 4178,3353,3328,189
2312: 3919,1903,765,265,3260
2313: 2641,3185,4740
2314: 2309,1801,3703
2315: 3000,2586,1263,356
2316: 1009,797,3654,3787
2317: 103,3778
2318: 3253,3531,3976,1595,3646,3408
2319: 3769,4073,4728,3044,1704
2320: 4632,4304,2182,1986,2729
2321: 1462,3720,514
2322: 4269,2331,3004
2323: 3114,1978
2324: 
4592: 
2326: 2466,4284,1991,3702,4560
2327: 974,857,1090,2392,2245
2328: 4230,3752,2476,4719
2329: 540,227
2330: 4628,1685,1434,3084
2331: 2322,4269,3004,2394
2332: 
2333: 90,4747,1179
2334: 1228,1307,1608,3016,688,4149,3370
2335: 1492,4669,4202,3679,4137
2336: 1987,1540
2337: 3987,3035,3357,188,336
2338: 3894,997,3444
2339: 957,4363,2831,4072
2340: 2621,1309,4485,4760,480
2341: 4066,1628,923,1548
2342: 1950,357,1373
2343: 2606,3212
2344: 1541,4615,1550,4449
2345: 70,1582,4114
2346: 481,3558,1859,732
2347: 974,4626,3844
2348: 3467,2
2349: 2701,3140,84
2350: 1118,3650,2403
2351: 3042
2352: 3212,1296,2863
2353: 2749,4647,1255,4151,3712,4809
2354: 776,4807
2355: 1951,1055,1540,592
2356: 728,4359,3772,3831,4797
2357: 789,442,3809,193
2358: 3360,2307,2846,243,1495,3454
2359: 4165,4703,2455,1032,2955,1706
2360: 
2361: 4244,335,909
2362: 3537,1994,3958,3193
2363: 130
2364: 1577,2792,1324
2365: 4176
2366: 3802,2685
2367: 1544
2368: 4442,606,3522,4051,3841
2369: 1786,1661,1348,3318
2370: 2304
4727: 4211,1969,2566
2372: 460,1190,4461,1609,4641
2373: 2533,4129,3852,4360
2374: 1862,1067,3499,1957
2375: 2757,972,744,4033,1946
2376: 
2377: 3078,4624
2378: 2216,937,4751,2430,3641
2379: 2797,3806,0,556
2380: 
2381: 3418,1782,47
2382: 
2383: 485,555
2384: 3815,2652,3147
2385: 1698,4549,4656
2386: 515,216
2387: 2960
2388: 2755,2949,322,2647,3006
2389: 1909,1902,4370
2390: 3421
2391: 3607,4384,3908,975
2392: 1803,2245,4459,156,2327,857
2393: 2248,477,3856
2394: 2611,2413,2331
2395: 2006,2177,988
2396: 398
2397: 261
2398: 
2399: 2171,1374,4697
2400: 4200,2269,4579
2401: 1008,3955,2823,429
2402: 
2403: 2062,4038,2350,3109,4705
2404: 899,3790,866
2405: 1676,4701,3545
2406: 4763,1833
4532: 1218,165,2216,2483
2408: 4112,3910,4147
2409: 51,1605
2410: 4212,3335,1092
2411: 1686,4186,4759,3527,3986,1231
2412: 
2413: 3950,4007,2394
2414: 396,4067,1845,3147
2415: 801,1785,985,2663,1982
2416: 838,4214
2417: 3599,3481,514,923,138
2418: 851,343,3305
2419: 3964,2508,2279,1732,21,429
2420: 4573,3395,3355,4712
2421: 408,2861,4215,4671,588
2422: 973,1517,556,2797
4654: 1102,259,1097,3711,4511
2424: 1223,1247,1150
2425: 
2426: 3102,2526,4339,173,3438
2427: 4045,2938,4792,4217
2428: 2201
2429: 
2430: 811,3641,2216,2378,1218
2431: 3591,3211,4722,674
2432: 815,4799,76,540
4600: 4106,4814,4233,1005
2434: 4810
2435: 991,3103,94,4606,3208,3482
2436: 787,4352,3036
2437: 4226,3897
2438: 
2439: 3577,2002,1434
2440: 2546,4262,162
2441: 3462,4798,4644,1203,4609
2442: 3677,2926,1265,4243
4494: 3967,508,2049,4442
2444: 4021,1420,4155
2445: 120
2446: 3246
2447: 1658,337,1846
2448: 2200,4806,3255,994
2449: 397,881,2273,3783
2450: 2099,1153,793,1513
2451: 4609
2452: 1800
2453: 2806,1131
2454: 
2455: 4165,2359,1706,727,1841,1419
2456: 4144,91,840,1168
2457: 1746
2458: 314,4720
2459: 3148,3884
2460: 4296
2461: 4283,1835,2171,1517,4697
2462: 3041,925
2463: 3635,1391,4117
2464: 1577,1941,4667
2465: 3090,1701,1843,2634
2466: 2326,3527,2086
2467: 2281
2468: 1543,2296
2469: 306,3520,4257,205
2470: 549,4379,3532
2471: 2610,1999,1636,3091
2472: 3266,2682,4792
2473: 3474,2116,2662
2474: 2961,2854
2475: 2147,2821,4666
2476: 2328,4230,3752
2477: 1642,135,868,4406
2478: 2280,282,2241
4514: 
2480: 3268,734,4065
4745: 3779,4585,1370
2482: 1160,923,3599
2483: 3017,165,4532
2484: 879,2520,793
2485: 3802,133,1837
2486: 4568
2487: 3905,3303,31,1701
2488: 3996,422,210,4693,1063,1018
2489: 3378,2255,672,1213
2490: 4197,4608,878,4208,3759,532
2491: 3396,1963
2492: 62,8,567,3160
2493: 1103,830,2714
4450: 4462,3536,2310,839,2736
2495: 2549,3640,3480
2496: 375,4602,1967
2497: 3417,436,622,3338,2125
2498: 
2499: 3666,749
2500: 646,3051
2501: 3557,578
2502: 3445,467,3406,2884
2503: 1194,4027,2537,2831,707,4072
2504: 
2505: 4018
2506: 4504,714,1224
2507: 1785,4354,985
2508: 2419,3964,2908,2279
4597: 2754,102,4611
2510: 239,3071,363,3314,4049,3888
4814: 4106,4600,4233,4409,3419
2512: 3657,2817,816
2513: 3090,1593,4407
2514: 2756,845,276,2937,2224
2515: 1003,2718,4610
2516: 3282
2517: 3330
2518: 4807,3606,2141
2519: 1312,2308,1081,1450,3580
2520: 879,2484,4096
2521: 219,4635,2573
2522: 743,3767,3106,1564
4487: 4537,4784,28,4259,158
2524: 591,1983,4730,4171
2525: 1360,3133,3363,4405
2526: 2426,1441,2672
4564: 1369,2301,4796
2528: 156,447,22,3512,1327
2529: 2148
2530: 4491,3645
2531: 510,2592,691
2532: 4066,1628,778,60
2533: 3906,1212,2373,4184
2534: 4250
2535: 89,144,3714,3746,2024
2536: 579,4580,3066
2537: 2503,4027,3366,1436,707,4064
2538: 886
2539: 3213,4552,2567
2540: 1816,2888,3232,81,1539
4757: 
4761: 570,2882,1662,4079
2543: 2788,569,2596
4646: 1935,4421,551
2545: 1850,1822,3108,1386,2175
2546: 2440,3529,3385,2906
2547: 411,2931,2967,4534,640
2548: 3189,804,3226
2549: 4457,2495,3171,4238,3480
2550: 4356
2551: 287,2768,2663,159,1810
2552: 2813,4569,3987,541
2553: 1957,4118,4637,2572,1145
2554: 4304
2555: 3748
2556: 1505
2557: 713,2111,2652
2558: 3530,1608,3016,1486,3829,4149
2559: 4449,1123
2560: 840
2561: 1778,3914,3304,2678,2828
2562: 4486,3875,4285,1496,766
2563: 494,3214,3379,3020
2564: 3828
2565: 657,2152,3547,3804
2566: 4766,1969,4727,4103
2567: 4552,2539
2568: 4746,3669,1851,826
2569: 401
2570: 1168,2015,2664
2571: 2695,1952,3795,4002,2969
2572: 1145,2553,2636
2573: 4427,2901,2521
4445: 563,992,4692,1612,318,1760
2575: 1508,3107
2576: 265,4206
2577: 
4697: 2399,2171,1369,2461
2579: 4347
2580: 1002,4601,2886,4031,2630,4256
2581: 4479,4557,3878
2582: 3608,4685,1689
2583: 659
4822: 4614,2066,3096
2585: 1025
2586: 3000,2315,4550
2587: 2765,4292,2617,3684
2588: 4683,3856,2020,2237,4190
2589: 4031,1002,2203
2590: 1235,1438,3585,505
2591: 955
2592: 2531,691
2593: 4278,1378,2612,1897,2123
2594: 140,3539,251,1328,2109
2595: 313,1554,782,126
2596: 569,1293,4047,2543
2597: 4573,3395,3350
4632: 2320,4304,2182,3510
4796: 4437,1863,4564,2301,3832
2600: 4724,3470,3333,419,299
2601: 4389
2602: 
2603: 1113
4567: 1870,1842,1016,3169
2605: 3656,1768
2606: 2729,2789,2343
2607: 2892,2229
2608: 4707,2131,4562,246,278,4185
2609: 3936,1326,4231,783
2610: 2471,1999,3019
2611: 2394,3329
2612: 1450,1897,1167,1770,2123,2593,2039
2613: 1547,1081
2614: 794,3015,2944
2615: 2795,1024,915,4468,1010
2616: 1491,3993,342
2617: 3234,2809,4292,2765,2587
2618: 844
2619: 3549,472
2620: 1942,3457,3126
2621: 1309,2340,4485,892,457
2622: 3159
2623: 141,2097,879
4452: 819
2625: 3858,3006,1156,4315
2626: 164,4515
2627: 3465,536,3066
2628: 
2629: 652,943,3323,2724,2851
2630: 3814,97,2886,1898,2580,4256
2631: 
4458: 1901,765,3502
2633: 426,4053,3782
2634: 2793,4306,3090,2465
2635: 1065,1598,3977,3681
2636: 4951,1161,1067,2572
2637: 268,949,3231,3870,3891,1184,1736
2638: 3411,1636,4563,4170
2639: 1443,2746,3132,594
2640: 1806,1597,1855
2641: 2313,3461,2048,604,1272
2642: 1949,3259,507,4633
2643: 194,1138,3554,821
2644: 1579,4738,1043
2645: 1890,4115
2646: 1019,1086
2647: 2076,4012,2388,322
2648: 4642,88,994
2649: 3024,1878,1281,4394,1529
2650: 624,3505,2084,3409,4186,4759,4130
2651: 
2652: 3815,2384,2111,2557
2653: 
2654: 4711,1195,4141,3833
2655: 4228,3910,1985,1762
2656: 4229,3705
2657: 4239,4571,2189,3972,553,1713,4559
2658: 893,3532
2659: 965,213,4329
2660: 1257,921,615,1871,2858
2661: 1934,3376,524,1537
2662: 3707,2473
2663: 2551,985,2415,1982
2664: 2570,2015,971
2665: 3809,621,439,2688,3424
2666: 2138,4423,4774,696
2667: 3542,4378,4281,2703
2668: 3662
2669: 36,1874,4569
2670: 4734,1503,1747,99
2671: 120
2672: 1375,3009,2526,4733,167
2673: 3622,1614,4645
4756: 616,1697,4297
2675: 4349,83
2676: 1734,321,611,3605,2883,1502
2677: 3483
2678: 2828,1778,2561,2968,2218
2679: 4802,1368,1004,1707,1576
2680: 665,1901,4456
2681: 
2682: 3266,2472,3591,3211,4792,4045
4735: 2174
2684: 3029,3866,2927
2685: 3988,4054,2366
2686: 3993,509,4628,4403
2687: 3130
2688: 3424,101,2803,2665,1394
2689: 714,3578
2690: 3581,3583,69
4611: 102,4491,4597
2692: 4365
2693: 3600,1635,2716,2776,1235
2694: 
2695: 1175,1952,2571,3403
2696: 4322,2709,2942,3731
2697: 2249,4193,2928,939,4238
2698: 3829,3083,1597,1170,1486
2699: 4701,3525,4598
2700: 2235,1939,15
2701: 2349,3140,84
2702: 2119,1532,1958,1376
2703: 3,4281,2667
2704: 522,1810,1906
4754: 1226,4707,4562,82
2706: 3077,1340
4506: 1668,771,3208,4662,3001
4640: 3758,989,4381,1647,904
2709: 2696,4322,2942
2710: 1809
2711: 4559,4083
2712: 1398,2019,4505
2713: 
2714: 4226,830,2493
2715: 2249,4193,1842,4390
2716: 1066,1693,2776,2693,1235
4509: 
2718: 2515,1003,3030
2719: 3194,533,3676
2720: 3224,4286
2721: 1718
2722: 4587,1886
2723: 3669,2136,1484,4698,260
2724: 3323,688,942,3370,2629,4678,2851
2725: 996,379,2982
4752: 487,4815,4139,315,1164
2727: 
2728: 4361,1287
2729: 2606,2789,2320,420
2730: 2206,4499,3582,1265,2208
2731: 2031,4656,4042,4014
2732: 2258,1428
2733: 1258,1921,2780
2734: 1919,2213,1995,1103,3225
2735: 2001,4748,4059
2736: 839,3691,2915,4450,4773
2737: 1318,4334,3929,4122
2738: 1906,4605,3901,2246,2295,1178
2739: 
2740: 1552,3320
2741: 3916,2107,667
2742: 330
2743: 3363,1892,644
2744: 3800,402,282
2745: 1203,1910,606,4621
2746: 1443,2639,548,3132
4517: 4795,3719,2043,2057
2748: 1567,1032,4196,1479,2955
2749: 984,2353,905,1904,3712,4809
2750: 4682,3737
2751: 1028,2233,3977,2986,3609,166
2752: 2018,3052,3725,3055,4143
2753: 1146,3403
2754: 4355,4597,174,2012
2755: 2949,2388,322,2009,1796,3859
2756: 2514
2757: 578,2375,972
2758: 875,4050,4499
2759: 4098,1937,3914,901
2760: 652,3412,2851,2108,1198
2761: 3471,921,1431
4483: 4179,3949,829
2763: 3909
2764: 350,1664,607
2765: 2587,2617
2766: 1220,803,635,1845,1039
2767: 3571,2864,3849,2962,3649,1397
2768: 2551,159,1810,3503
4807: 3606,2518,2354
2770: 868,2121,3272,1134
2771: 1577,4667
2772: 3161,2197,3101,693
2773: 3240,78,17,722,1917,2254,1646
2774: 
2775: 452,4288,499,4262
2776: 1066,2716,2693,1401,1235
2777: 1007,4268,3237
2778: 3932,3127,4267,2912
2779: 1553
2780: 1921,2733
2781: 2977,3236,2930,575,976
2782: 3205,4677
2783: 1885,4349,4515
2784: 
2785: 4377,2019,3153,2953,704,4505
2786: 2144
4468: 915,1998,2615
2788: 1277,1230,2543
2789: 2729,2606,3753
2790: 885
2791: 348
2792: 4172,3079,924,3706,2364,1324
2793: 2634,4306,1594,27
2794: 3976,3708,3899,3982
2795: 2615,385,1024
2796: 
2797: 2379,3806,556,2422
2798: 2286,4461,1190
2799: 3535
2800: 4182,1334,624
2801: 
2802: 3049,1347
2803: 86,439,1394,1514,2688
2804: 4663,399,2051
2805: 1363,280,3761
2806: 2453
4524: 4209,3154,4381,3728,3758,989
2808: 676,4715
2809: 3234,2617,3062,2997
2810: 3840
2811: 445,4059,1077
2812: 4821,4773,4371,695
2813: 2552,4569,3693,3830
2814: 1560,3834,934,4794
2815: 1716
2816: 712,2074,285,1545
2817: 2512,816,2129,3612
4645: 1614,2673
2819: 428,3035,270,188
2820: 2959,491,2898,4323,3582
2821: 833,2475,2274
2822: 733,4093,936,1276
2823: 3955,2401,3964,3201,429
2824: 3999
2825: 2826,1205,2119,1532
2826: 1881,2825,791,1532,385
2827: 293,3279,3611
2828: 2678,3799,309,3057,3304,2561
2829: 754,4104,4087,195
2830: 3338,2125,4312,1072
2831: 908,1436,707,3182,2339,4363,2503,4072
4741: 3066,1730,536,4596,1412
4420: 3292,4377,3153
2834: 3213,2835
2835: 4018,2834
2836: 1678,3019,3163
2837: 2014,4511,1097,4105
2838: 824,3197
4569: 2552,2813,2669,4386
4490: 3811,1241,3020,494,1850
2841: 1991,3702,354,558,834
2842: 2963,1246
2843: 
2844: 4704,4361,3694
2845: 3947,197,3517
2846: 1936,2358,2307
2847: 136,1700,1811
2848: 3958,1786,3537,784
2849: 2867
2850: 653,300,1573,1739,1822
2851: 4678,3412,2724,2629,652,2760
2852: 4784,158
2853: 2872,1322,573
2854: 1591,2474
2855: 1006,3960,3205,154
4806: 2200,2448,994,3817,1559
2857: 1022,1346,3766,4548,3667
2858: 4162,2660,615,1871,489
2859: 4471,3458
2860: 1763,4742,2887,1477
2861: 4215,2421,588,3768,3095
2862: 4325,2899,925
2863: 2352,4770
2864: 3571,2767,3583
2865: 1419,4316,1794,2918
4434: 3768,3280,3074
2867: 3367,2849
2868: 4345,216,3186,2116
2869: 4498,3663,1070,3472
2870: 3295,4525,3004
2871: 2061,685,1275,2117
2872: 2853,1322,3492,123,2117
2873: 226,1066,1693
2874: 4719,4737,2193
2875: 1924,1561
2876: 1291,3782,3676,2964
2877: 4032,481,3558
2878: 1341,3011,344,4209,4381
4676: 
2880: 901,4098,919,3626
2881: 3168,1037
2882: 4761,1662,1073,4258,3941,1100
2883: 3605,4291,201,3312,1734,2676
2884: 2502,3445,3039
2885: 4111,4015,3417,919
2886: 1898,4031,1799,2580,2630
2887: 2860,4742
2888: 1816,2540,3623,3415,2056,3478
2889: 4746,3610,2136
2890: 1221,4404
2891: 1107,320,222
2892: 2607,4626,3479
2893: 578,3277
2894: 3,4367
2895: 4508,3318,184,1348,160,1051
2896: 1725,88,4679,1312,2308,2287
4812: 2966,203
2898: 4733,491,4710,1840,2820
2899: 3235,2862,4325,925
4448: 
2901: 2573,993,4109,4786,2161,1396
2902: 1252,4336
2903: 1439
2904: 582
2905: 1899,3647,3368,3104
2906: 485,3385,194,2546
4515: 2783,2626
2908: 1522,1266,3964,2508,3201
2909: 1306
2910: 1462,849,794,2292
2911: 3663,1070,1288,4426,883
2912: 2778
2913: 3971,495
2914: 116,2299,1640
2915: 3691,2736,4773,3097,366
2916: 279
2917: 760,3425
2918: 1474,2310,2865,839,3691
2919: 332,702,1750,1079
4663: 2804,3674
2921: 2993,3514
2922: 4678,3412,3550,424,3777,4591
2923: 2079,638
2924: 
2925: 2939,4160,1811,2046
2926: 2056,1284,3478,4323,1265,2442
2927: 786,3866,2684,2998
2928: 1240,4102,2697,2249,586
2929: 731
2930: 2977,2781,976
2931: 3681,3930,1629,2967,2547
2932: 4425,1889,1163
2933: 698,4326
4444: 4023,4558,1226,517
2935: 2973,1105,2147
2936: 4785
2937: 2224,1255,1688,276,2514,1683
2938: 2427,4603,4122,4217
2939: 4004,2925,2242,1811
2940: 844,4099
2941: 1575,1493,1648,459
2942: 345,2696,2709
2943: 1152
2944: 2614,794,2954,1653
4797: 480,3342,1675,2356,3772
2946: 3949,4545,3327
2947: 407,3880,4539,412
2948: 371
2949: 2755,2388,3006,1109
2950: 736,1928,628
4583: 1981,2250,4622,4772
4734: 2670,4589,4048,1933
2953: 919,704,4713,2785,3153
2954: 3511,3162,1653,2944,392
2955: 1619,1706,2748,2359
2956: 4719,3369,3428
2957: 3356,1264
2958: 4548,2266,2241,1990
2959: 3110,1840,2820,1284,4323
2960: 1144,2387
2961: 2198,1259,4758,1591,2474
2962: 3349,605,3649,2767,1397
2963: 3817,2842,3845
2964: 4053,4613,2876,3782
2965: 4338
2966: 2095,4382,410,4812
2967: 871,3930,2931,2547,4534
2968: 3626,1778,2678,2218
2969: 1952,2571,4769
2970: 302,4385,314,1437
2971: 
2972: 
2973: 2935
2974: 168,3258,3158,75
2975: 812,2294
2976: 2083,3624,1716
2977: 3236,2781,2930,946,4236
2978: 1148,1142,3152
4815: 4752,487,4139,2120,3956,882
2980: 1609,3716,4641,3952
2981: 4076,91
2982: 379,1829,3597,2725
2983: 416
2984: 4279,3207
2985: 3186,1385,1508,3474
2986: 1384,3609,4215,3095,1028,2751
2987: 4631,3311
2988: 
2989: 102,2017,4823,3922
2990: 962,1974,2140,1104
2991: 1968,3604,3780,1551,599,3432
2992: 1399,3388
2993: 2921,3762
2994: 4335,449,1565
2995: 4668,1461,349,529
2996: 3389,51,601
2997: 1470,2809
2998: 608,2927,786
2999: 951,2042,1017,3400
3000: 2315,4550,1915,2586
3001: 25,4662,272,1668,4506
3002: 521,656
3003: 
3004: 2322,2331,2870
3005: 3801,155,1141,16
3006: 4168,2949,2388,2625
3007: 3427
3008: 374
3009: 1375,2672,167,40
3010: 1630
3011: 2878
3012: 3687,668
4541: 1204,3026
3014: 3845,3057,3817,3046,309
3015: 4315,2614,140,1196
3016: 3530,2558,1608,2334,1228,4149,3370
3017: 1851,2483
3018: 1743,3545,1855,4789
3019: 2836,3812,2610,3163
3020: 653,2563,1850,4490
3021: 
3022: 1217
3023: 3963,376,1818
3024: 1878,2649,1281,1167,1770,1570
3025: 
3026: 1204,4541
4695: 585
4614: 4822,379,2066
3029: 2684,240,3866,2220
3030: 2718
3031: 3635,1473,3275
3032: 1177,1828,1996
3033: 629,1323,4630
3034: 1695,1741,3744
3035: 2337,270,188,2819
3036: 901,2436,4352,4015
3037: 3294,1074,4787,4100
3038: 4242,4554,33,419,3200,299
3039: 1111,2884
3040: 1805,1410
3041: 1154,4275,2462,4413,4430
3042: 2351
3043: 1400,4467
3044: 1080,4728,1164,2319,1704,3200
3045: 326,1420,1504,2106,1064
3046: 3389,1559,3014
4454: 1110,4794,28,3907,4382,3589
3048: 3981,2284,924,3217,4578
3049: 2802,3664
4630: 1117,1357,3033
3051: 2500,4183,1234
3052: 2018,2752,1601,435,3055
3053: 
3054: 1738,4003,1993
3055: 435,4070,4330,4143,2752,3052
4707: 2131,4562,2608,4754,4476
3057: 3845,3014,3304,2828,309
3058: 
3059: 698,1186
3060: 472,3718,1820,650
3061: 2086,3443
3062: 3234,2809,1709
3063: 3482,4579,3103,1115
3064: 271,1169,1947,4175,3632,4142
3065: 1062,308,4492,294,300
3066: 4741,1730,2627,2536
3067: 1093
3068: 2277,3854,569,1307
3069: 4141,175
3070: 1768,1400,1187
3071: 239,2510,363,1316
3072: 1610,4649,1300,1096
3073: 4584,1025
3074: 3456,3280,4434
3075: 3192,1053
3076: 3388,3119
3077: 3825,1340,2706
3078: 2377,412,4539,2214
3079: 4172,2792,1031,1869,3706
3080: 1469,1359,4274,65
3081: 1297,4426,1429,4251,268
3082: 1047
3083: 2698,3829,1277
3084: 481,1685,1434,2330
3085: 882,4086,3985,2120,4058
3086: 
3087: 1475,244,297,1575,446,891
3088: 1642,2164,1046
4447: 4128,415,4576,3372
3090: 31,2465,1701,2513,2634
3091: 2471,1757
3092: 96
3093: 3876
3094: 
3095: 3768,2861,4215,2986,1028
3096: 267,1052,810,4822
3097: 3422,366,2915
3098: 4396,3207,3903
4703: 4165,2359,1032,1973,3487,620
3100: 3921,372,443,694
3101: 1599,693,2772,2197
3102: 2426,3734,2199,4339,173,1441
3103: 991,2435,3482,3063,1115
3104: 3368,1868,2905
3105: 3358,3771,1432
3106: 1115,1564,2221,2522,3767
3107: 2575,728,3453,637,1536
3108: 2545,1822,877,531,2175
3109: 3468,4705,4038,2403
3110: 1840,2959,3881,4551,4518,1284
3111: 3268,734,3936,4116
3112: 290,55,4438
3113: 
3114: 3441,2323
3115: 163,975,3693,3830
3116: 
3117: 3307,1209,689,2076,3526
3118: 1774,3239,471,2143
3119: 3388,3076,3245
3120: 4432
3121: 3146,4011
3122: 
3123: 
3124: 793,2097,4158,1153
3125: 3579,510,3196,4376,3567
3126: 4277,4771,3457,2620
3127: 2778,3932
3128: 
3129: 1333
3130: 323,2687,1521
3131: 180
3132: 548,2639,2746
3133: 2525,686,4000
3134: 4335
3135: 792,4595,894,4157
3136: 3325,1888,1528,3800,2021
3137: 1037
3138: 4350,1180,3873,373
4499: 2206,167,2730,40,2758
3140: 2701,2349,1866
4790: 781,4694
4542: 1712,3670,4637,4118
4731: 3651,4367
3144: 3233,1556,2028,469,3251
3145: 1953
3146: 3694,4689,2173,3121
3147: 4582,713,4067,2384,2414
3148: 4014,2459,3884
3149: 3497,2298,3881,1840,4710
4604: 3703,634,2300,1797,999
3151: 587,721,880
3152: 3999,3695,2978,1148,3317
3153: 4377,2019,2785,4713,2953,704,4420
3154: 4524,4209,576,3728,610,111
3155: 1319,1520,1418,473,3617
3156: 3195,1475,891,319,1413,4691
3157: 3615
3158: 4096,1975,795,75,2974
3159: 2622,4171,4148
3160: 850,377,2492,62,567
3161: 2772,2197,813,3210,1151,693
3162: 2954,3511,881
3163: 2836,3019,2089
3164: 1395,3227
3165: 1902,945,2034
3166: 1458,3324,468
3167: 1592,1490
3168: 2881,1037
3169: 2249,4567,4102
3170: 1724,3625,345,1609
3171: 939,4238,2549,3480,1604
4472: 
3173: 1441,4723,3781,775,3734,2298
3174: 4007,4419,4269
3175: 3322,3243,892,4421
3176: 1216,954,3637,3298,4533,72
3177: 4204,4164
3178: 3358,3355,26,399
3179: 1663,2188
3180: 4496,3882,4588
3181: 1570,1878,787,1246
3182: 2831,908,2170,4363
3183: 1909,4618,1590
3184: 1253,125,4070,4143,2286
3185: 4740,1272,2313,1275
3186: 2985,2868,3474,2116
3187: 1492,4669
3188: 3986,4158,307,3820
3189: 4056,2548,3226
3190: 3926,3381,2197,4427
3191: 4272,2004,3873,962
3192: 3075,1026
3193: 41,3818,2362
3194: 3970,2719
3195: 1475,3156,573,461,1413
3196: 510,3125,973,4768,1835
3197: 2838,2060
3198: 484,3650,3350,4270
3199: 4488,3202,593,66
3200: 419,1704,299,3044,1080,3038
3201: 3964,1522,2908,3391,3955,2823
3202: 3199,3754,66,1862
4573: 2597,3395,2420,127
3204: 4476,1967,4174,82,3451,4503
3205: 2782,4677,1006,2855
3206: 4109,3956,4786
3207: 4396,3098,2984,4279
3208: 771,4506,2435,3482
3209: 1756
3210: 2190,3161,693
3211: 2431,3591,1802,4722,2682
3212: 4413,2343,1296,2352
3213: 4552,2834,2539
3214: 494,2563,1526,3333,3470
3215: 
3216: 583,4295,384,4175,271
3217: 334,4578,924,3048,3331
3218: 1397,3341,3571,4211,3883,4134
3219: 3711,4511
3220: 2114,1451
3221: 3278
3222: 
3223: 4546,1482
3224: 410,4286,2720
3225: 3546,1103,3313,4643,1919,2734
3226: 236,2548,3189,804
3227: 1395,123,3164
3228: 403,3523,811,4131
3229: 4373,325,4365
3230: 3657,290,289,2129,4416
3231: 2637,268,1184
3232: 3284,81,2540,4750
3233: 3144,2028,1234,4388
3234: 2809,2617,3062
3235: 4565,2899
3236: 2977,2781,1334,575
3237: 2777
3238: 3503,159
3239: 1774,3118,3853
3240: 17,2773,1745,2026,1646
4818: 3628,3514,242,1824,3933
3242: 3887,4802,1370
3243: 3322,1751,831,3175,892,1433
3244: 4804,482,2262,3540,2107
3245: 3119,1410,1848
3246: 2042,2446
4423: 2138,2666,4234,4774
4747: 90,2333,4225,542
3249: 
3250: 4021
3251: 182,3144,4787,3294
3252: 888,3458,1998,16
3253: 2318,3531,3976,1904
3254: 1094,3590
3255: 4501,1422,2200,2448
3256: 62,8,4813,4321,1512
3257: 1251,2244
3258: 168,2974,4019,912
3259: 3546,1949,2642,507,4633
3260: 1383,265,1352,2312
3261: 1365
3262: 4263,527,2102
3263: 3394,2038,558,3420,1359
4437: 4796,1863,3832,3824,1872
3265: 1929,1353
3266: 2682,1447,2472,2157,1763
3267: 2033,4428,1874
3268: 3111,2480,1961
3269: 4738,2296
4769: 3855,747,2969
3271: 1322,1395,4625
3272: 750,2770,2121,1134
4642: 4819,2648,19,1725,88
3274: 
3275: 967,3635,1473,3031
3276: 
3277: 1624,2893,876
3278: 3221,1962,4431
3279: 3611,2827
3280: 3704,3074,4434
4471: 2859,3493,1234,1315
3282: 3423,2516,4052
4713: 622,2953,3292,4377,3153
3284: 3232,81,3377,568
4669: 3187,1492,2335,4137
3286: 
3287: 157,1414,1060,927,729
3288: 370,2
3289: 835,1976,3778
3290: 584,2212,2108,1249,190
4551: 4518,580,3881,3110
3292: 4420,4580,622,4713
3293: 641
3294: 4451,3037,358,4787,3251
3295: 4525,2870,418
4488: 3199,785,1888
3297: 843,1507,2225,3737
3298: 1895,4533,72,3176
4738: 2296,3269,113,2644
3300: 3482,4579,771,808,1737,4200
3301: 916,3312,1734,4816,3968
3302: 1771,3387,2223
3303: 3905,2487,61,4820
3304: 3845,3057,3914,2561,2828
3305: 516,2418
4552: 3213,1036,2567,2539
3307: 1209,3117,3566,3526
3308: 1129,129,4648
3309: 1217
3310: 1161,292,1067,2080
3311: 4631,2987,1978
3312: 3301,4291,2883,1734
3313: 846,4803,4643,1919,3225
3314: 1448,663,4049,2510,363
4740: 3185,3603,2313,1558
3316: 1310,4414,1533,2091,498,2284
3317: 3887,3695,3152,1148,3387
3318: 4508,248,2895,2369,1661,1348
3319: 2057,4775,4795
3320: 2740
3321: 3724,4257
3322: 3243,831,3175,4421,1433,551
3323: 2724,688,618,1767,2629,652,943
3324: 1458,890,3166,3593
3325: 1888,3136,2021,451
3326: 4081,3700,1635
3327: 3949,2946
3328: 1240,4102,177,511,4178,2311,3353
3329: 2611
3330: 2517,180
3331: 2033,1324,924,3217
3332: 3843,293,3595,3413
3333: 1526,419,1704,3214,3470,2600
3334: 1666,4736
3335: 241,2410
3336: 3884,647
4694: 4790
3338: 2125,2830,2497,3465,1072
3339: 775,752,4391,4589,2199,99
3340: 1415,650
3341: 3218,1397,3883,4134
3342: 4760,4470,4797,1675
3343: 664,1745,4303,4047
3344: 3724
3345: 617,199
4742: 2860,2887,340,1477
3347: 4823,1091,427,3922
3348: 
3349: 605,2962,3649,3436
3350: 3198,484,3650,2597
3351: 478,652,943,1175,1651,1198
3352: 2064,1566
3353: 2311,3328,3612
3354: 
3355: 3358,4712,3771,3178,2420
3356: 4145,2957
3357: 1116,3393,2337,3987,3486,336
3358: 3355,3771,3178,3105,1432,26
3359: 2257,2132,352,1793
3360: 2358,2307,243
4536: 1856,4375,930,4369,4071
3362: 2058,3776,3928
3363: 2743,644,2525
3364: 3847,4232,1787
3365: 4651,4206,3665,665
3366: 1639,3592,1436,4064,2537
3367: 2867,3375,880
3368: 3491,2905,3104
3369: 3428,1680,2088,1437,2956
3370: 942,4149,2334,3016,2724,688
3371: 1214
3372: 4544,415,4447,38
3373: 
3374: 49,4198,107,1633,4591,3794
3375: 855,880,3367
3376: 1111,2661
3377: 4009,3284,568
3378: 2489,4474,374,2255
3379: 2563,1526,294,653
4687: 1006,3960,3689
3381: 3190,3926,1151,1891
3382: 3630,1702
3383: 1263,1321
3384: 867
3385: 3529,821,194,2546,2906
4714: 797,1095,1009,1076
3387: 1771,3819,3302,3695,3317
3388: 3076,3119,2992,1399
3389: 1559,3046,2996,4254,1342
4662: 2278,3001,25,4506
3391: 1455,673,1980,1522,3201,3955
3392: 2003,2037
3393: 1116,4276,3357,3693,4218,3987
3394: 3263,2038,3420,2078,2150,4333,71
3395: 4573,2597,2062,4712,2420
3396: 2491,1519
3397: 4328
3398: 4194
3399: 1777,1530,4778,523
3400: 1017,2999
3401: 
3402: 519
3403: 52,2753,2695
3404: 1965,255,2047
3405: 3640,1516,1520,111
3406: 136,2502
4755: 3743,4227,1239
3408: 98,2318,3531,1595
3409: 1231,4186,4759,3944,3505,2650
3410: 4123,2089,3731,4617
3411: 2638,1636,2065,369
3412: 2922,2851,3550,2760,2108
3413: 998,3332,3595
4606: 94,2435,735
3415: 4518,580,670,3623,2888,3478
3416: 2278,3573
3417: 436,622,2497,4111,2885
3418: 2381
3419: 4051,4106,4814
3420: 3394,3263,558,2078,834,1139,71
3421: 1054,2390
3422: 3097,4593
3423: 3282,4052
3424: 2688,101,2146,2665
3425: 1913,2917,3696,1834
4750: 1816,3232
3427: 3007,4631
3428: 3369,2088,2956
3429: 1997
3430: 967,1549,1468
3431: 2200,4254,1559
3432: 2049,1498,2991,3780,1551,599
3433: 
3434: 2172,4744,977
3435: 4666,4661,1140
3436: 875,4050,3877,3349,605,4343
4816: 2186,2094,3968,916,3301,3860
3438: 365,4003,2426,304
4598: 1917,2254,2699,3525,4305
3440: 3783
3441: 3114
3442: 
3443: 4575,3061,548,2055,3551
3444: 2338,3894,7
3445: 2502,467,4004,2884
3446: 4129,864
3447: 3885,2257,1330,2132,914,3747
3448: 1605,543,1777,426,1179
3449: 2087
3450: 
3451: 3948,1083,4503,4602,3204,1967
4603: 4261,2938,4122,1318
3453: 1385,728,3107
3454: 2358,1555
3455: 4619,1872,3519
3456: 3074,984,98
3457: 1766,148,3126,4277,2620
3458: 3252,16,2859
3459: 1320
3460: 1295,3710,1384,3609
3461: 1113,2048,604,414,2641
3462: 2441,4798,694,2149,4260
3463: 1666,4736
4578: 334,3217,2284,3048,4414,3553
3465: 2627,3338,902,4580
3466: 1765,3739,3602
3467: 2,2348
3468: 3109,4038,1191,931
3469: 
3470: 4724,18,2600,3333,494,3214
3471: 2761,2135
3472: 227,2109,251,2869
3473: 3940,1795,3508
3474: 2473,3186,2985,1508
3475: 1743,1676,315
3476: 2280,282,989,1058
4821: 2812,4773,4371
3478: 2056,2926,1284,4518,3415,2888
3479: 4626,3512,1327,1001,2892
3480: 1985,2549,2495,3171,1604
3481: 2417,3599,514,4016
3482: 3063,3300,771,3208,2435,3103
3483: 2677,2301
3484: 344
3485: 1166,1981,1464,1607
3486: 3610,1116,3357,336
3487: 1973,620,1432,4703,4462
3488: 4369,2100,3886,1034,100
3489: 3742
3490: 1407,4732,27,4306,3560
3491: 331,3368,1278
3492: 726,77,459,2872
3493: 387,303,1769,4471,1315
3494: 1122,4778,2176,4311
4758: 2961,2198,4601,1591
3496: 4197,4608,3893,1541,4615
3497: 2298,3149,3881,3670,4637,1145
3498: 1911
3499: 1957,4531,2374
4478: 4432
3501: 1590
3502: 4458,1006
3503: 3238,2768,159
3504: 
3505: 624,2650,3409,3944,1050
3506: 4275,4743
4459: 1803,2392,4596
3508: 1185,4019,3473,1795
3509: 3861,4497,4679,19
3510: 128,4632
3511: 2954,3162,1653,881
3512: 4626,3479,156,2528
3513: 4766,1215
3514: 4154,4818,242,2921
3515: 
3516: 
3517: 197,2845
4722: 394,3808,1802,2431,3211
3519: 3455,4189
3520: 311,2469
3521: 
3522: 2049,1498,4051,2368,3841
3523: 3228,403,257,1218,165
3524: 1211,1619
3525: 4701,2699,4598,4305,1806
3526: 2076,2009,3307,3117,4484
3527: 2466,3702,3986,2411
3528: 
3529: 3385,821,2546
3530: 2558,3016,4149,1267
3531: 2318,3253,984,1904,98,3408
3532: 2470,2658,1729
3533: 4316,333,1794,3755,1465,1972
3534: 4680,747,3559,1106
3535: 2799
3536: 4462,4450
3537: 2362,3751,3958,2848
4709: 4486,3875,1783,692,1119
3539: 1156,140,2594,1328
3540: 1472,2107,3244,234
3541: 3798,1334,575
3542: 2667,4378,3651
3543: 4199,2187,950
3544: 
3545: 3018,1743,4701,1676,2405
3546: 1103,3259,3225,4643
3547: 395,3804,2565,657,4084,1672
3548: 626,1401
3549: 2619
3550: 3412,2922,4591,4198,1633
3551: 802,3443,548
3552: 4260,1367,1337,4550
3553: 4170,1999,4414,1533,4578
3554: 2643,194,1746
3555: 
4440: 110,4121,1116,4276,1779
3557: 2501,4765,3815
3558: 481,2346,2877,1859
3559: 1842,1016,190,4680,3534,4390
3560: 54,3490,1033
4668: 1461,2995,4685,349
3562: 4657,795,4412,4811
3563: 
3564: 335,4720,2211
3565: 1905,1602
3566: 522,3307,1209
3567: 312,4376,3579,3125
3568: 
3569: 
4431: 341,1962,3278
3571: 2767,2864,3583,3218,4211
3572: 
3573: 2278,1201,3416
3574: 476,3588
3575: 4622,4772,1257
3576: 920,2008
3577: 2002,1434,2439,403,257,1685
3578: 1306,318,2689
3579: 510,3125,312,3567,3912
3580: 1312,2519,2287
3581: 2690,134,4041,1507
3582: 4323,1265,2820,491,2206,2730
3583: 3571,2864,2690,4211
3584: 1678,3812,2033,334,4428
3585: 1438,2590,505,4292
3586: 2031,4656,4549,746,4245
3587: 4261,1521
3588: 4000,3574
3589: 4382,4510,1110,4794,4454
3590: 4087,3254,1094
3591: 2431,3211,2682,4792,674,4045
3592: 1639,3366,4039
3593: 3953,4407,3324
4803: 846,3313,4724,1819,1919
3595: 495,3332,3413
3596: 466,648,4634,4593
3597: 996,1133,1829,2982
3598: 192,3688,2236
3599: 2417,3481,2482,501
3600: 1635,2693,1697
3601: 1995,4055,3811,1241,247
3602: 980,3739,3466,4296
3603: 4740,4076,3959,1558
3604: 1968,2991,599
3605: 805,2883,201,2676
3606: 4807,2518
3607: 2391,1008,3908,975
3608: 2582,214,4685,521
3609: 2986,1384,3460,3710,2751,166,3957
3610: 2167,3486,2889
3611: 2138,4673,3279,293,2827
3612: 1648,2817,3353
3613: 3920
3614: 
3615: 1586,1047,3157
3616: 2221,3767
3617: 3974,344,1319,3155
3618: 271,1169,1754,4295,1682
4582: 1845,3147
3620: 1724,4085,125
3621: 703,820
3622: 2673
3623: 3979,670,3415,2888
3624: 2083,2976
3625: 3170,1424,4085,345
3626: 2968,2880,1778,704
3627: 1699
3628: 4818,1824,3933,48,4075
3629: 4782,4684
3630: 3382,1553,1702,2217
3631: 1296,3753,614
3632: 4142,4621,1947,3064,1285,272
3633: 4788,1456
3634: 3862,4612
3635: 2463,1473,3031,3275
4673: 2138,3611,293
3637: 1216,3176,1202,4533
3638: 
3639: 492,911,3935,1256
3640: 3405,2133,884,2495
3641: 4558,2430,4751,2378
4546: 3223
3643: 501,3862
4508: 3318,248,2895,1881,791,4319,1051
3645: 4491,143,2530
3646: 3795,4399,1595,3976,1146,2318
3647: 225,187,3916,1472,1899,2905
3648: 
3649: 3349,2962,3849,2767
3650: 1684,3198,484,3350,1118,2350
3651: 3,4367,3542,4731
3652: 1703
3653: 4213,4101
3654: 3787,894,2316,792,3917
3655: 4563,4313,530
3656: 2605,1768
3657: 2512,3230,1927,289
3658: 3925,1971,2141,2264
3659: 2078,751,1918
4688: 996,753,3700
3661: 1852,1250
3662: 1244,359,2668
3663: 2911,1070,251,883,2869
3664: 3049
3665: 224,896,1898,1799,3365,4651,3814
3666: 4570,2499
3667: 4548,2266,1879,2070,3766,2857
4462: 4450,3536,3487,620,2310,1841
3669: 2723,4746,2568,1851
3670: 1712,4542,4637,3497,2298,3781
3671: 3871
3672: 1681
3673: 
3674: 255,4663,2047
3675: 1313,1910,1285
3676: 2719,4613,2876
3677: 2442,1265,2208,1992
3678: 
3679: 4202,2335,2159
4619: 1872,3455,431,872
3681: 3930,2931,1629,2635,1046
3682: 579
3683: 1525,1729,3835
3684: 1865,4327,2587
3685: 1022,1346,4398,3827,493,9,935
3686: 
3687: 1150,3012,609
3688: 3598,2236
3689: 4687
3690: 4655,1023,1980,673
3691: 839,2736,2915,2918,366
3692: 23,4113,630,4793,3823
3693: 3830,4218,3115,2813,3393
3694: 3146,2844,1826
3695: 3999,4648,3152,3819,3387,3317
3696: 1834,760,3425
4692: 2105,1612,992,7,4445
4588: 4634,4593,4496,3180,1268,4357
3699: 
3700: 3326,753,4688,226
4751: 937,2378,3641
3702: 1991,2841,2326,3527
3703: 4604,2314,2309
3704: 588,3280,1736
3705: 1378,4241,2656,4229
3706: 2272,1031,2792,3079
3707: 3983,2662,3825
3708: 2794,3899,1372,3712,4424
3709: 2080,2126,1181
3710: 1295,3460,3609,1775,784
3711: 3219,1500,4654,259
3712: 4151,4424,3708,2749,2353,1904
3713: 
3714: 89,2535,3746,2024,518
3715: 1752,1993,4071
3716: 2980,3952
3717: 3857
3718: 4684,1489,1820,1415,3060,650
3719: 4795,4517,2043,1740
3720: 2321,1462,514,138
3721: 1124
3722: 1974,1119,3775
3723: 4686,4455,338,3750
3724: 3344,3321,306
3725: 2104,4061,1643,2752,4143
4601: 1002,2580,1591,4256,4758
3727: 72,4030,1087
3728: 610,4524,3154,4161
3729: 2282
3730: 627,932,130,4080
3731: 4617,0,3410,2696
3732: 4428,36,1678
3733: 1529,3836,787,4352
3734: 775,2199,1441,3173,3102
4800: 266,279
4435: 
3737: 1494,2035,3297,2225,2750
3738: 
3739: 3466,3602
3740: 4169,1833
3741: 
3742: 3489
3743: 4755
3744: 3034,41,3818,184
4620: 3890
3746: 4623,2024,2535,3714
3747: 2155,4535,3885,3447
3748: 2555
3749: 3917
3750: 4135,3723
3751: 3537,1157,873
3752: 2328,425,2476
3753: 2789,3631
3754: 3202,1886
3755: 3533,1794,727,1012,1972
4574: 4665,939,3975
3757: 
3758: 989,4640,4524
3759: 3763,4208,3941,708,2490,878
3760: 4538,3786,2068,685
3761: 1825,280,2805
3762: 2993,4768
3763: 4208,3759,4079,3941,708
3764: 4539,2214
3765: 
3766: 1380,493,2070,3667,1346,2857
3767: 2522,3616,3106,4788
3768: 3095,4434,588,2861
3769: 2319,1526,4073,4789
4497: 3509,3861
3771: 3358,3355,4712,3105
3772: 2356,4359,4797,1675
3773: 
4550: 3000,1915,3552,1367,1337,2586
3775: 417,221,4726,1974,3722
3776: 3362,3928,367
3777: 4591,877,424,2922
3778: 2317,3289
3779: 4745,1964,2259
3780: 3826,3911,654,1551,2991,1498,3432
3781: 3173,4723,3670,775,752,2298
3782: 2876,1291,2964,2633,441
3783: 3440,397,2449
3784: 1657,375,4602
3785: 568,134,1507
3786: 4538,3760,2068
3787: 3654,797,2316
3788: 2020,947,738
3789: 4433,1652
3790: 899,2404,331
3791: 
3792: 2048,4479
4513: 638
3794: 4591,531,4198,3374,4351
3795: 4399,3646,1146,2571,4002
4704: 2844,4361
3797: 
3798: 3541,575,409
3799: 2828,309,601
3800: 2744,402,1476,1528,3136
3801: 3005,155,1141
3802: 2366,2485,963,1837
3803: 864,1754,898
3804: 3547,2253,2565
3805: 465
3806: 2797,2379,0
4531: 678,723,3499,1957,4118
3808: 4722,394,988,1219
3809: 2665,621,2063,2357
3810: 559
3811: 4490,1386,1241,247,3601,4055
3812: 1678,3019,3584,334
3813: 4177,749
3814: 2630,97,3665,1898,4651,433,4477
3815: 2384,2652,3557
4609: 1203,1910,2441,1313,2451
3817: 2963,994,4806,3845,3014
3818: 41,3193,184,3744
3819: 1771,3387,3848,3695,4648
3820: 1139,307,3188
3821: 3833,276,432,1914,1206
3822: 1722,4350,1180,729
3823: 1631,3692,4113,630
3824: 431,3978,4437,1863,1872
3825: 3077,3707,2044
3826: 3780,3911,654,4481
3827: 1022,1346,4398,3685,935,1583,528
3828: 2564,1260
3829: 2698,3083,1277,1230,2558,1608,1486
3830: 3693,163,3115,2813
3831: 2356,728,831,1433
3832: 4437,4796
3833: 1688,3821,2654,1195
3834: 1336,934,4794,2814
3835: 3683,1729
3836: 3733,4188,4166
3837: 1929,1353
3838: 1082
4655: 3844,3690,4670,1023
3840: 970,2810
3841: 372,443,3522,4051,2368
4438: 933,4351,2178,3112,55,1943
3843: 3332
3844: 4655,2347,4626,2113
3845: 3014,3057,3304,2963,3817
3846: 4032
3847: 3364,1787
3848: 4648,3819
3849: 503,1405,1992,3649,2767
4557: 4479,2581,1123
3851: 1914,1206,2295
3852: 4360,912,1795,2373,1185
3853: 471,3239
3854: 2277,3068,1948
3855: 4680,4769,2212,190
3856: 4683,2588,2237,2393
3857: 3717,1690,1466
3858: 2625,206,849,1548,2292
3859: 1796,1485,2755,1109
3860: 1854,498,4816,2094,4309
3861: 3509,4392,133,4497
3862: 4612,3634,3643,1210
4587: 2722
3864: 3990,1766
3865: 
3866: 2927,2684,3029
3867: 776,764
4768: 3762,973,3196
3869: 4805,1948,1632,4187
3870: 2637,949,845,1742,1736
3871: 3671,4358
3872: 4340,1858,1936
3873: 373,2140,3138,3191
3874: 256
3875: 4486,2562,4709
3876: 3093,2243
3877: 4050,3436,4343
3878: 34,4479,2581
4798: 3462,2441,443,4644,694
3880: 1282,2947,407,412
3881: 3497,3149,1145,4551,3110,1840
3882: 3180,4593
3883: 4134,3218,3341,1961
3884: 3336,647,3148,4014,2459
3885: 1330,3447,4535,3747
3886: 962,1034,4369,2100,3488
3887: 3317,3242,1148,327,4802
3888: 4049,239,2510
3889: 
3890: 4620
3891: 1184,4671,1736,2637
3892: 
3893: 4465,4394,4063,3496,4608,4615
3894: 2338,997,3444,4173
3895: 
4684: 3718,1489,1820,3629
3897: 4658,4226,581,2437
4782: 3629,1137
3899: 2794,3708,1372,3982,1120
3900: 
3901: 406,1982,2246,1906,2738
3902: 4774
3903: 4090,3098
3904: 
3905: 2487,3303,61,32,2202
3906: 1212,2533,1247
3907: 4537,28,4454,4382,1444
3908: 1008,3955,3607,2391
3909: 2763,4716,4516,1865
3910: 2655,1985,4725,2408
3911: 3780,3826,1551,643
3912: 691,4344,3579,312
4770: 2863,1971
3914: 1937,3304,2561,2759
3915: 1026
3916: 1472,2741,2107,3647,667
3917: 3749,3654,792,143
4793: 3692,630,2050,669
3919: 496,2312,765
3920: 3613
3921: 3100,1108,396
3922: 987,964,3347,4823,2989
4696: 168,80,1336,497
4417: 
3925: 3658,1805,1971,1279,2264
3926: 3190,3381,1151,2197
3927: 
3928: 2058,3362,3776
3929: 1318,4334,2737,4261,1044
3930: 3681,2931,871,2967,1046
3931: 3944,161
3932: 2778,1192,298,3127
3933: 48,3628,4818,242
3934: 1219,534
3935: 1042,4214,3639,911
3936: 2609,4116,3111,734,783
3937: 
4808: 368,1521,323
3939: 4267,4216,1984,83,1504
3940: 3473,1795,1223,1247
3941: 708,1100,2882,3763,3759
4519: 821,1138
3943: 690
3944: 161,3931,1231,3409,3505
4746: 2568,2889,3669
3946: 1760
3947: 2845,377
3948: 1083,3451,4503,1687
3949: 4545,2946,3327,4483
3950: 2413,657,2152,4007
3951: 357,358,774,4213
3952: 2980,3716,4641
3953: 3593
3954: 1772,328,1954
3955: 2823,2401,3908,3391,3201
3956: 993,4109,3206,487,4815,2120
3957: 166,3609,1775
3958: 1786,2848,3537,2362
3959: 4076,1558,3603,13,217
3960: 4687,2855,154
3961: 
3962: 177,1943,511,2178
3963: 376,4124,3023
3964: 2419,2508,3201,2908,2823,429
3965: 1954
4701: 2699,3525,2405,3545
3967: 508,4494,583
3968: 2186,4816,3301
3969: 4771,1977
3970: 3194,4052,4699,533
3971: 2090,4635,2913
3972: 2657,887,553
3973: 850
3974: 1134,3617,913,750
3975: 4574,1604,4228
3976: 2794,2318,3253,3646
3977: 1028,2233,2751,166,1598,2635
3978: 3824,431,1329,342
3979: 3623,1181,1423
3980: 4224,1925,1638,2209,1162,1792
3981: 2284,3048,4162,4172
3982: 1120,4469,4057,2794,3899
3983: 3707
3984: 1135
3985: 2161,1396,12,3085
3986: 3188,3527,1686,2411
3987: 2337,541,2552,3393,3357
3988: 2685,1727,4278
3989: 4120,1337,4791,1915,1321
3990: 3864
3991: 
3992: 
3993: 2686,509,2616,1708,342
4765: 2111,550,3557
3995: 4555,1124
3996: 2488,1063
4656: 2731,3586,2385,4439
3998: 
3999: 3695,4648,3152,2824
4000: 3588,686,3133
4001: 79
4002: 2571,3795,4399,4308,1471
4003: 365,3438,711,1993,3054
4004: 467,2939,2242,3445
4005: 9,2127,4140,493
4006: 260,1092
4007: 3174,2413,3950,4269
4681: 2079,2144,1692
4009: 3377,568,1494,2225
4010: 4125,1783,2127,4140
4011: 559,181,3121
4012: 60,2076,2647
4013: 2040
4014: 3148,2731,2031,3884
4015: 4111,4352,2885,3036,901
4016: 3481,2273
4017: 1041,563
4018: 2835,2505
4019: 3508,1185,912,3258
4020: 1135,1782,4650
4021: 2444,1420,3250
4022: 1391
4023: 4444
4523: 2042
4025: 1098
4026: 
4027: 2503,1194,2537
4635: 2090,3971,1599,2521
4029: 
4030: 3727,1087
4031: 2886,2589,1002,2580
4032: 2877,3846
4033: 1299,744,2375
4034: 4364
4035: 
4036: 917,708,121,878
4037: 1133,1435
4038: 3468,3109,2403
4039: 4042,1815,647,1639,3592
4040: 
4041: 134,1748,503,1405,3581
4042: 1815,647,4039,4439,2731
4771: 3126,4277,3969
4689: 2173,3146
4045: 674,2427,2682,3591,4792
4046: 4801,964
4047: 3343,664,2596,1293
4048: 935,832,221,1933,4734
4049: 3314,1448,239,2510,3888
4050: 875,2758,3436,3877
4051: 3419,1498,3522,2368,3841
4052: 3970,3423,3282
4053: 2964,4613,1452,2633
4054: 963,2685
4055: 3601,494,18,3811,1241
4056: 4069,3189,1430
4057: 1860,3982,4469
4058: 340,3085,4086
4059: 445,4748,2735,2001,2811
4060: 233
4061: 3725,2104,1643
4801: 427,1944,4046
4063: 4465,3893,4530,532,4608
4064: 3366,2537
4065: 734,2480,1940,783
4066: 2341,1628,2532,4168,206
4067: 713,2219,2414,3147
4068: 
4069: 4056
4070: 3055,4330,4143,3184,2286
4071: 4369,4536,930,1752,3715
4072: 1302,2831,707,2339,2503
4073: 4728,1164,1743,2319,3769
4074: 188,336,428,2136,1484
4075: 992,7,3628,48
4076: 3959,3603,2981,217
4430: 4413,1154,3041,4275
4078: 22,1327
4079: 4761,3763
4080: 3730,627,932,525,130
4081: 3326,67,4297
4082: 132
4083: 4643,1949,2711,846
4084: 45,1672,657,3547
4085: 125,1424,3625,3620
4086: 3085,882,1059,4058,2158
4087: 2829,754,3590
4088: 
4533: 1202,1895,3298,3176,3637
4090: 3903,2005,1741
4091: 1162,4224,1270,550,2111
4092: 
4093: 2822
4094: 4190,1225,738
4095: 1245,577,635,1735
4096: 3158,1975,2520
4097: 1408,929,1149,113
4098: 1778,2759,901,2880
4099: 2940,4556,15
4100: 1423,3037,774,1853
4101: 3653,182,1461
4102: 1240,3328,2928,177,3169
4103: 4708,1969,4766,2566
4104: 2829,718,1082,115
4105: 4566,2014,2837,1097
4106: 4600,4814,3419,372
4563: 3655,4309,1310,1533,4170,2638
4108: 1244
4109: 993,3956,3206,4786,2901,2161
4110: 4792,2103,2189
4111: 4166,4352,4015,2885,3417
4112: 2408,1715,1380
4113: 3692,23,3823
4114: 2345
4115: 2645
4116: 3936,4526,3111
4117: 706,2463
4118: 2553,1957,4531,4542,4637
4119: 827,2299,1536
4120: 3989,4791,146,2304,1321
4121: 110,4440,2003,2037,4218,4276
4122: 4217,2938,4603,1318,2737
4123: 3410,2089
4124: 3963
4125: 4010,4726,1783,1119
4126: 
4127: 
4128: 4447,4670
4129: 4360,2373,3446
4130: 4186,2099,2650
4131: 517,4558,811,3228
4132: 245,4736,1160
4133: 761
4134: 3883,3218,3341,4211
4135: 3750
4136: 1630
4137: 4669,2335,2159
4138: 1465,4343,605
4139: 4752,4815,882,1164,2158
4140: 2127,4005,4147,4010
4141: 3069,914,2654
4142: 3632,4621,508,4175,3064
4143: 4070,3055,3725,2752,3184
4144: 1090,2456,840,1803,2245
4145: 3356
4146: 
4147: 1762,2408,4140
4148: 4730,3159,343
4149: 942,3370,2334,3530,2558,3016,1267
4150: 4657,1303,4236
4151: 3712,4424,1683,4647,1255,2353
4152: 820,4820,1502
4819: 1422,4642,19,296
4154: 3514,1824,232
4155: 86,1229,2444,1514
4156: 1833
4157: 892,457,4775,3135
4158: 3188,3124,1686,948,1153
4625: 3271,229
4160: 4257,2046,256,2925
4161: 215,3728,989,1058
4162: 2858,1869,489,4172,3981
4760: 3342,1791,1339,2340
4164: 3177
4165: 2359,4703,2455,620,1841
4166: 4111,4352,3836,436
4167: 
4168: 3006,4066,206
4169: 3740
4170: 3553,1999,1533,4563,2638,1636
4171: 3159,2524,591,4730
4172: 2792,3079,924,1869,489,4162,3981
4173: 3894,997
4174: 82,3204,4503,1687
4175: 508,583,3216,271,3064,4142
4176: 2365
4177: 3813
4178: 2311,1240,3328,586,189,1844
4179: 4483
4180: 2215,1955,1392
4181: 
4182: 2800,1050,624,1877
4183: 3051,1234,2028
4184: 607,2130,1940,1212,2533
4185: 1189,2131,2608
4186: 1686,4759,2411,948,4130,3409,2650
4187: 52,478,4805,3869,1767,1632
4188: 4615,649,1550,3836
4189: 1617,3519,1232,872
4190: 738,4094,2020,2588
4466: 1585
4192: 122,128,1480
4193: 2697,2249,2715,4390,4457,4238
4194: 870,3398,4520
4195: 1586,629
4196: 1479,1738,1562,2748
4197: 3496,2490,878,917,1541
4198: 3374,1633,3550,4591,3794
4199: 340,952,3543
4200: 2269,2400,1737,4579,3300
4201: 
4202: 3679,1492,2335
4203: 1710,1726
4204: 3177
4721: 922,2125
4206: 3365,4651,433,2576
4207: 1649,422,4316,1474
4208: 3763,3759,532,2490
4209: 4524,3154,4381,576,344,2878
4210: 1263,211,4314,1908,2227
4211: 4727,3571,3583,3218,4134
4212: 2410,428,1484,260,1092
4213: 3653,358,3951,357
4214: 2416,3935
4215: 2861,1618,2421,3095,2986,1384
4216: 298,4267,3939,326,1504
4217: 4122,2427,2938,4239,4571
4218: 3693,2003,4121,3393,4276
4711: 1372,2654,1195,1683
4220: 538
4762: 721
4222: 40,1211
4779: 1371,448
4224: 3980,1925,1270,1162,1792,4091
4225: 441,4747
4226: 581,2437,2714,830,3897
4227: 1402,4755
4228: 2655,3975,1762,766
4229: 4334,2656,3705
4230: 2328,2476,4719
4231: 2130,783,2609,1326,941
4232: 1787,400,3364
4233: 2209,4409,4600,4814,1005
4234: 1936,4423
4235: 175,1860,1120,4469
4236: 946,1303,4150,2977
4237: 
4238: 939,3171,2697,4193,4457,2549
4239: 4571,2189,2657,4217
4240: 
4241: 1378,3705
4242: 3038,4554,887
4243: 235,2442,2137
4244: 2361,4607,909
4245: 746,3586,2031
4246: 1547
4247: 4482
4248: 
4249: 837
4250: 2534,4529
4251: 845,3081,268,949
4252: 1289,739,1567
4253: 560,2029
4254: 3431,3389,1342
4255: 1543,37,836
4256: 1591,4601,2580,2630
4257: 4160,205,2469,306,3321
4258: 1073,2882,1100
4259: 28,1545,1110,4487
4260: 3552,3462,2149
4261: 4603,3587,1318,3929
4262: 2440,452,2775,162
4263: 3262,475,213,2037,527
4264: 686,2166
4605: 1906,2738,2295
4266: 1317
4267: 4216,3939,1885,83,2778
4268: 4810,1007,2777
4269: 2322,2331,3174,4007
4270: 4329,3198,484,1721
4271: 1000,1428,616
4272: 3191,144,4375
4273: 192
4274: 598,3080
4275: 1154,3041,4430,4743,3506
4276: 1116,3393,4218,110,4440,4121
4277: 3126,4771,1766,3457
4278: 2593,3988
4279: 2984,1994,4396,3207
4674: 1699,1707,4661
4281: 2667,2703
4616: 1388,1086,438,1927
4283: 2461,1835
4284: 1723,2052,1991,4560,2326
4285: 891,1496,2562,319
4286: 1242,3224,2720
4287: 4307
4288: 2775,690
4289: 1740,2071
4290: 370,4520
4291: 201,4311,1011,2883,3312
4292: 505,3585,2617,2587
4791: 4120,3989
4294: 1989,2063,444,4493
4295: 583,384,3216,1754,271,3618
4296: 3602,2460
4297: 1697,4756,4081
4298: 1070,1184,4671,408
4299: 
4300: 4464,1996
4301: 4460
4302: 
4303: 3343
4304: 4632,2320,2554
4305: 1020,4598,3525,1806
4306: 2634,2793,27,3490,54
4307: 4287
4308: 4399,1595,4002,913,717,1471
4309: 4563,4313,3860,2094,1310
4736: 3463,4132,1666,3334
4311: 4291,2176,3494,600
4312: 699,1569,1501,2830
4313: 3655,530,4309,2186,2094
4314: 211,1402,4210,1908
4315: 2292,3015,2625,1156
4316: 3533,1794,2865,4207,422
4317: 
4683: 3856,2588,722
4319: 1463,1051,4508,791,1024,957
4426: 3081,1297,1288,2911
4321: 4813,253,3256,8
4322: 2696,2709
4323: 3582,1265,2959,2820,2926,1284
4467: 1552,2067,1400,3043
4325: 2862,2899
4326: 651,2933
4327: 4716,3684
4328: 3397
4329: 4270,2659,213
4330: 435,4070,3055
4331: 719
4729: 1287
4333: 2078,2150,150,3394,1918
4334: 1318,3929,2737,4229
4335: 2994,449,3134
4336: 2902,1252
4682: 150,2750,69
4338: 2965
4339: 2199,173,2426,3102
4340: 313,3872
4341: 748,1543
4342: 
4343: 4138,1465,1972,3436,3877,605
4344: 691,3912,4785,1912
4345: 2868
4346: 
4347: 371,2579
4348: 1208,1916
4349: 2675,1692,2783,1885,83
4350: 1722,1180,729,3138,3822
4351: 933,4438,3794,131,531,107
4352: 4166,4111,4015,3733,2436,3036
4353: 
4354: 2507
4355: 2754,174
4356: 418,1237,2550
4357: 1392,1268,4496,4588,1655
4358: 3871
4359: 2356,3772,1640,637
4360: 4129,3852,912,2373,1578
4361: 2728,4704,2844
4362: 1875,2205,4535
4363: 957,2339,1463,2831,3182
4364: 4034,1283
4365: 2692,4373,3229,899
4650: 4020,1782
4367: 3651,3,4731,2894
4660: 64,495,219
4369: 3488,4071,3886,1034,4536
4370: 2034,2389,602
4371: 1189,4821,2812
4372: 1274,139
4373: 814,3229,4365,234,187
4374: 
4375: 1856,4536,4272,2004
4376: 3125,3567
4377: 2019,2785,3153,4713,4420
4378: 2667,3542
4379: 549,2470
4719: 2874,2956,2328,4230
4381: 4524,4209,2878,4640
4382: 4510,3589,4454,3907,2966,1444
4383: 
4384: 2391
4385: 2970,314
4386: 733,4569,541
4387: 
4388: 1234,1315,656,3233
4389: 2601,1773,929,1592
4390: 884,1106,1842,3559,4193,2715,4457
4391: 775,752,3339,1449,124,4589,1712
4392: 3861,1547,4679
4393: 4500,1644
4394: 4465,3893,2649,1281,4615,1529
4395: 1199
4396: 3207,3098,4279
4397: 1166,655,1854
4398: 3827,3685
4399: 3795,4308,1595,3646,4002,717
4400: 
4401: 64,219,1396,12
4706: 
4403: 744,2686,1362
4404: 1132,2890,401
4405: 2220,2525
4406: 868,2121,2101,135,2477
4407: 3593,2513,890,1593
4613: 2964,4053,3676,1452
4409: 4233,2209,4463,1511,4814
4410: 
4411: 
4412: 2074,3562,4811
4413: 3212,4430,869,3041
4414: 1310,3316,1533,2284,4578,3553
4446: 
4416: 2129,290,55,1943,3230