0: 1459,2566
1: 450
2: 861
3: 881,2704,434
4: 3385
4202: 
6: 4592,629
7: 
8: 
9: 750,540,1372,1449
10: 1341,3997,1194
11: 402,1802,3370,2970,1555
12: 4709,294,1885,1583,1418
13: 3191,2275,4197
14: 517,1282,2242,4061
15: 3175,863,265,3236
16: 269,1254,3635
17: 62,175,664
18: 4660,1606,190,2293
19: 374,2890
4334: 3855,2629,1241
4820: 
22: 1981,4562
23: 3184
24: 
25: 1686,387,2095
26: 654,1965,2375,739
4624: 120,4516,4811
4800: 2957,276,2295,3143,2276,4315
29: 4018
30: 3984,3605
31: 4322,3894,3331
32: 4004
33: 2161,4427
4767: 3818,1815,2188,3023,2137
35: 2411,2746,4821,2814
36: 4111,2903,3386
37: 3025,3116
38: 4667,2034,3657
39: 4429
40: 3110,3801,2820,1091
41: 4498,1429,823
42: 1015,2461
43: 3978
44: 266,4813,1233
45: 2074,3329
46: 
4592: 6
48: 4280,415
49: 2635,4799,3534
50: 4588,1260,4754,3557
51: 1700,2917
4591: 4605
53: 958,2770,182,1622,4048
4341: 486,2551
55: 632,290,789
56: 176
57: 3414
58: 1532,4337
59: 4413,3837
60: 1810
61: 79,805,4776,3489
62: 17,175,738
4773: 4494,4019,2496
64: 3068,1477
65: 3951,3051,958
66: 4209,4439,2967,3663,227
67: 713,4798,4543
68: 3793,3057,1176,916
69: 4213,3702,372
4142: 561,1659,2568,558
71: 3983,2630,2172,4003,3645
4380: 1777,731
73: 4001,4512,295,74,3889
74: 824,295,73,4512
75: 1686,387,1944,3215
76: 3447,671,134,742
4213: 69,3047,2062,3702
4721: 4246,1566,3223
79: 61,2945,3489,1342
80: 1238,2602,4067
4609: 547,372
82: 1185,3477,2748
83: 2507
84: 4448
85: 936,766,3993
86: 4805,3550,1084,113,4725
87: 
88: 1922,2737,4079
89: 3178,2480
90: 2685,4762,1129
4709: 294,3169,12,1885,3982
92: 4711,4016,4187,2154
93: 1829,4366,2397,4816,205
94: 1021
95: 4287
96: 120
4640: 1567
98: 3531,1372,1206,3252
99: 4285,1476,2241,3723,2510
100: 1522,4746,3139,2167,1079
101: 4438,726,4608,3530
4468: 3741,4068
103: 3194
104: 
105: 
106: 
107: 2229,2918,2528,1119,3746,4740
108: 2842,2366,507
109: 959,3703,2468
110: 3882,4371,4010,3198
111: 219,313,4728
112: 4579
113: 1146,1084,3617,86,3550
114: 3594
115: 
116: 3382,2433
117: 4780,1394
118: 3662,2685,2064
119: 1564,4373,3954,1115
120: 96,4624
121: 3889,1166,4522
122: 262,1451,2367,944
123: 4340
4365: 2694,2671
125: 2465,3690,1765,1011
126: 3711,835
4652: 4568
128: 3034,3481
129: 4690,2490
130: 2290,4760
4811: 4516,4624,1946,1039
132: 
4280: 2853,1103,48
134: 671,2339,76,3251
135: 3087,3881,2599,1990,692
136: 3567
137: 635,2304
138: 2768,4484
139: 
140: 4267,526
141: 1832
4661: 4635,1855,1500,534
143: 1302,4656,4714,3576
144: 2375,365,3674,732,3938,4526
145: 2514,4535
146: 
147: 1010,1399
148: 
149: 
150: 3135,3107,1309
151: 3182
152: 4781,2904,218
153: 3785,1993,3359,1174,282,3287
154: 856,1298
155: 3460,3136
4683: 3695,1408,3811,3971
157: 1969,1503,1215,2230,1211
158: 3949,946,405
159: 4711
160: 784,3365,3576,521,3749
161: 701,333,3188
4511: 
163: 2019,2552,3725,1570,2037,4486
164: 595,2778,3179,555,1121
165: 1329
166: 3704,3665,4549,3209
167: 4496,1005,3780
168: 3687,497,3649,3604
169: 3453,3040
170: 774,4388,1352,2961,707,385
171: 3811,2103,1936,2158,2014
172: 4817,2111,1687
173: 2483,2024,3883,3935,2350
174: 1141,3110,3737,1769,3667
175: 62,17,664
176: 56
177: 588,573,1704,1501,3759
178: 
179: 3808,1983,2965
180: 
181: 2808
182: 958,2770,53,1563,1994,2995
183: 1030,2859
184: 2481
185: 
186: 2433,4119
4776: 3489,4420,805,61,3312
188: 4524,1957,3771
4684: 2042,2287,533,1221
190: 18
191: 3840,4167
192: 
193: 909
194: 
195: 3132,3188
196: 1349,650,2505
197: 2492
198: 3233,565,4009,2130
199: 2829,3221,3680,3770
200: 3722,1354,3777,3878
201: 3605,3984
202: 791
203: 
4598: 3387,854,4633
205: 2701,1829,93
206: 
4405: 3874,1093,4173,4645
208: 4446
209: 4296,4713,2883,3898
210: 1201,1567,3358,4071
211: 
212: 1334
213: 2303,3372,1276,1145
214: 3827,2770,4048,3105
4651: 4223,3377,3677,3983
4483: 2933,1772,4506,3961
217: 4536
218: 4026,152
219: 4401,111,313
220: 3402,1430
221: 877,2581
222: 995,2645
223: 301,1636,2561,4768
224: 2621,3963,1010
4232: 
4606: 
227: 3663,66,3314,1028
228: 919,672
229: 2952,2213,459,1034,1040,3962
230: 2657,2157,4058,2437
231: 3168
232: 838,1721
233: 
234: 1217,1404,4707,4653,3767
235: 2914
236: 
237: 1076,4379
238: 721
239: 4323,3775,2990,4252
240: 
241: 4555,1007,2684,741,256
242: 3908,4017,4751
243: 4423,1921,4761,2358
244: 3227,2858,4596,1008,1445
4512: 73,979,74
246: 1679,1215,1139,2206
4790: 4364,3963,4430
248: 571
249: 3282,3340
250: 
251: 1756,2474
252: 4491
253: 4533,2756,2457,954
254: 4799
255: 484,2823,3993
256: 741,241,2951
257: 4037,564,4697
258: 3393,3410,3626
259: 
260: 345,3166
261: 4570
262: 122,4396,2731,4034
263: 300,1045,3854
264: 4376,2410,2951
265: 2580,4195,15,863
266: 44,4813,1233
4734: 1567,3358,1181,1794
4256: 2979,3336,656
269: 2841,16,2385,1254
270: 2337,1638,2607,1079
271: 1270,607,422,1212,2991
272: 4091,2209,2982
273: 2148,1259,2721
274: 1169,4653
275: 
276: 2957,2295,4800
277: 2190,1102,736,4423,1921
278: 1722,1970,1484,1967,2809,1733
4654: 2891,3352,2780
280: 3630,3671,1110,3871,500
281: 394,3601,4737
282: 2241,1016,153,1993,3287
4177: 3363
284: 4289,3319,1935
285: 1405,4009,3325,3644
286: 
287: 4288,3006
4491: 252
289: 
290: 632,55,723,3299
291: 3757
292: 304,1211,3755,2216,3438
293: 
294: 4709,3169,12,2596,1583
295: 74,2288,73,787,3889
296: 3073,2448,4435,3165,4642
297: 857,3822
4582: 4822,318,2557
299: 2988,1855,988
300: 263,1762
301: 223,1636,1594
4595: 1748,3071,3827
303: 1906,2707,913,469
304: 292,1211,3755,3771
305: 1637,3571,2062,3702,961
306: 4717,2228
307: 3001,1896
308: 998,1907
309: 1541,3716,2110
4805: 86,1895,4725,3169
311: 4307,4810
312: 1278
313: 2595,219,111
4642: 3165,1964,296,1081
315: 3887,3492,2039,1922,3972
316: 4398,752
317: 4457,2629,1019
318: 4582,2610
319: 2922,1218,3195
320: 
321: 1765,669,4741
322: 2114,777
323: 4241,1044,2679,343
324: 3440
325: 4133
326: 2837
327: 1951,4052
328: 948,2974,3056
4374: 4692
330: 3599
331: 3684,4442,2262,4621
4413: 59,2449
333: 4359,3188,894,161,4821
334: 770,1893,1617,2574,2325,3514
4662: 3124,1038,2977
4625: 845,1562,953,2477
337: 1658,849
338: 2272,4428,2889,4063
339: 3566,408,3661
4612: 3440
341: 698,1962,682
342: 4793,1111
343: 1318,3792,323,2641,2679
344: 2543,1396
345: 260,4189,2557
4486: 4562,1570,4447,163
347: 3075
348: 3641
349: 2172,3037,4003
350: 3616,4503,1564
351: 
352: 3617,3269,984,4647
353: 389
354: 2750,1474,4634,3687
355: 3516
356: 3998,895,482,2725,2083
357: 3434,3310,1496,4665
358: 3280,1985,1741
359: 3317
360: 1450,3657,1049,4667,2015
361: 3915
4490: 1885,1249,3982,618
363: 490,3665,1715,3314,2329,1028
364: 419,3112,2842
365: 2865,2375,144,3674
366: 4333,3780,3940,620
4384: 2471,504,550,3832,4746,1721,2709
368: 4465,1814
369: 
370: 4311,4793,3560
4364: 4790,4687,4430,938
372: 69,4609
4447: 1570,2272,1757,4486
374: 820,1281,19,4229,2890
375: 1750,2813,1970,2809
376: 3075,525
377: 452,1592
378: 479,3806,2047,1313
4580: 2176,3170
380: 3510,529,4750,4223,3377
381: 
382: 4247,2924,1021
383: 3519,4444,4532,1925
384: 4314,1238,2315
385: 170
386: 3570
387: 1686,25,4821,3825,75
388: 
389: 867,353
390: 708,1550,1982
391: 2852
4605: 4591,2744,3559,1677
4403: 3767
394: 3601,1292,281
4267: 140,3463
396: 4520
397: 420,2667,3506
398: 578,4631,2214
399: 3669,2566,1841,4369,503
400: 1444,3740
401: 4115,1650,1310,2050
402: 11,1802,4492
403: 1212,1042,4777,660
404: 769,1445,2359,1165
405: 158
406: 1096,1663
407: 1630,4481,4663,4600,1926
408: 1875,339,3661
409: 
410: 4324,4620,2843
411: 1227,3923,576
412: 1872,1273,1889,2960
413: 3738
414: 4530,3338,2436,3255,2193
415: 2094,48,1412,2464
416: 2195,4236,2406
417: 2818,2857,4228
418: 3354,2708
419: 364,4312,2842,3379
420: 2667,397,3506,1852,665
4533: 253,2756,2282,4146
422: 1270,271,558,1212,561
4722: 1164,1521,3498
424: 3370,1713,4234,3016,1293
425: 
426: 3765,1179
427: 4337,4201,1223,1532,4101
428: 4705,911,965,2416
429: 4028,692,2497,4112
430: 2454
431: 3660
432: 2654,4262,1485,3526,2699,4561
4713: 209,4296,4741
434: 3
435: 4311
436: 3191,3733,4291
437: 3243,2989
4233: 4550,3078
439: 4669,4146,1633,2654,3956
440: 3272,3334,3515,2647
441: 
442: 
443: 2107,2396
444: 1240,2934,1510,688,4390
445: 3058
446: 4221,4381,2931,3930
447: 3629,2890,2903,2065
448: 1117,1254,480
449: 3912
450: 2124,1
4740: 3844,1909,1770,107,2229,1119
452: 1592,377
453: 569,2421,777
4733: 913,4574,3408,2280,2722
455: 1054,4675,1801
456: 3395,1067,1720
457: 3919,679,1099,1332,4245
458: 2777,4000
459: 3873,4118,2213,229,2952
460: 4617,2590
4665: 1441,1496,357,3310,1851
4450: 2208,3109,4134
463: 2236,3076,3638
464: 1233,2179,1692
4451: 1974,4316,3341,1528
466: 4218,2804,4766,3100,4357
467: 
468: 1999,1593,921,2399
469: 4439,2967,2707,1906,4049,303
470: 1285,4599
471: 1708,4181
472: 684
473: 3979,935,3408,4574
474: 2374,2730
475: 3817,1869,655,1499
476: 1360,4397
4337: 427,1223,4183,2868,58,1532
4596: 2277,1008,4377,244,769,1445
479: 3806,378,4697
480: 2811,448,1117
481: 4588,2384,4473,2077
482: 895,356,3172,2725
483: 1235,3921,3277
484: 2823,255
485: 4066,2906,842
486: 4341,2353,2551,1255
4574: 913,4733,3408,473
488: 3967
489: 2613,2250,3964
490: 3665,363,2203,1028,915,2306
491: 1860,1346,3881,1022,1029
492: 4123,1838,3217,1609,3987
493: 1284,4161,4616,2958,4391
494: 628,2698,2361,2640
495: 4387,2920
4510: 2315,1239,1155,1682,1908
497: 168,3687,3604,4096
498: 2303,4329,3693
499: 3947,4604,985,619
500: 1754,280,3630
501: 3884,818,1423,785,2878,2949
502: 2084,3135
503: 4369,2496,1397,1841,399,3669
504: 4384,838,1721,2709,4188
505: 2083
506: 2655,4628,3640,1732,1419
507: 2366,4278,108
508: 2086
509: 597,3735,3600,3544
510: 3344,4705,1083
511: 652,723,1249,3299
512: 
513: 3150,3322,2052
514: 1184,2421,3081
515: 
516: 612
517: 4441,1823,14,1314,1282
518: 695,1551
519: 4613,2355,2633
520: 1753,595,555,4294
521: 3576,160,1506,4587
522: 883,2179,2614
523: 3718,3386,2029,2792,2719
524: 3774
525: 376,1525
526: 140
527: 1189,4383,2416,2420
528: 4219,3715
529: 1448,4601,4750,380
530: 4272,3830,1069
531: 3167,4244,4720,3068
532: 1699,1771,1422,3972
533: 1417,4684,1221
534: 2972,782,1500,4661
535: 2386
536: 3410,3626,3514,1617
537: 4007
538: 2663,4026,3481
539: 666
540: 1661,750,1194,4381,9
541: 1382,3948,2696,1678
542: 1890
543: 3742
544: 4560,3986,4274,4693
4410: 880,553,674
4327: 3622,1915,3647,3368
547: 4609
548: 4003,1265,3645,4775
549: 2575,1236
550: 2471,4384,1522,4746,2089,2709
551: 2589,2021,2702,2369,3337
552: 1427
553: 4410,4108
554: 4169
555: 595,164,2778,520
556: 1609,3048,924,3898,4123
557: 2548,2917
558: 2568,1212,4142,422
559: 2827,2938
560: 
561: 4142,422,4062
562: 4129,1082,4602,3589
563: 
564: 4037,257,3115,1052
565: 198,3233,1405,4009
566: 866
4653: 4266,3767,1217,234,274
568: 2424,1956,2750,668
569: 2421,453,777
570: 4217,2646,2485,2319,4618
571: 2482,248
572: 1572,2743
573: 588,177,1395,3959,1501
574: 3146,1683,3932
4803: 2600,3428,4036
576: 411,4586,1127
4823: 1012,2959,1706
578: 806,4631,398,2214
579: 1122,669
580: 3138,4531,3297,3734
581: 4778,2761,919,2968,4578
582: 
4699: 3509
584: 4671,737,2738,3220,3859,1793
585: 
586: 4573,1738,3066
587: 2437
588: 573,177,1395,1704,1386
589: 1394,2458
590: 3609,670,1441,1864
4397: 3713,1360,476
592: 1705,824
4466: 2058
594: 964,2225,3319
595: 164,3179,555,4294,520
596: 3168
597: 2766,509,3600
4566: 
4770: 2459,2478,4363,2021,1302,4456
4383: 1189,527,3483,2420
4570: 1828,2681,261
602: 2147
603: 1870,4401,3266
4552: 2372,2567,2634
4531: 3138,580,678,3178
606: 1624,1390,607,1920,3838,4765
607: 1270,271,2991,1390,606,3838
4514: 4088
4572: 1988,1013
610: 2121,2769,4149,4787
4161: 4616,1732,1419,3173,493
612: 516,4338,2190
613: 3797,642
614: 
615: 1412,3968,4313,1455
616: 1498,1185,1301,3820
617: 1336,4324
618: 889,1482,3982,4490
619: 985,499
620: 2520,4553,3940,366
621: 4248,3120
622: 3845,3112,2660
623: 1822,4728
624: 
4276: 1190,3125,2378
4222: 1031
4155: 3146
628: 494,2698,2361,4199
629: 6
4477: 
631: 2603
632: 55,290,865
4679: 1004,963,2429,4718
634: 2468,2307
635: 137,2304,1978,1930,806
636: 
637: 4630,1128
638: 
639: 3290,3777
640: 3712,2861,1642,2547,663
4197: 2275,4313,3303,13
642: 4335,613
643: 1602,3852,4462
644: 2234,2093,2567
645: 2854,758
646: 1929,2751,3366,1065,1986
4480: 3482,1624,3477,4765
648: 4569,3628,1133
4528: 
650: 3953,1349,196
651: 
652: 511,723,1418,3299,1616
653: 1408,2146
654: 26,1965,739,2771,2301
655: 2464,1869,3621,475
656: 2385,3336,2979,4256
4245: 1332,457,679
658: 2574,1517,2325,2422
659: 1248,2079
660: 2617,4777,403,3906
661: 3843,3352,4237,2780
662: 4460,4227
663: 2866,914,2547,3712,640
664: 17,175,910
665: 420,1848,1852
666: 539
667: 2799
668: 2488,2750,568
669: 579,321,2176,3050,4622,4741
670: 3691,590,2825,1476,1864
671: 1598,134,76
672: 4414,3718,228
673: 4505,1218
674: 1605,4410
4812: 912,3186,2097,3394,2631
4530: 414,3242,3338,2436,3887
677: 4536,3640,4360,3715,2655,2070,3479
678: 3479,2070,3178,4531
679: 457,3919,4245
680: 3029,4225
681: 2636,1906,3923
682: 3907,1962,341
4343: 4106,2130,3358,1181,3233
684: 472,1379
685: 1547,3044,2151,3315
686: 1101,2242
687: 1536
688: 2205,3231,4390,444,2596
689: 4298,2957
690: 2986
691: 2610,2684,3134
692: 4028,429,1990,4112,135
693: 700
694: 2852,1861
695: 1551,4473,518
4347: 3279,2358
4720: 3167,531
698: 341,847,1513
4184: 3163,4180,2568,1659
700: 693
701: 161,3009,2017
702: 3198,937,3577,1145
4414: 672,3718,2792,3029,4225
4377: 4596,2277,769,2941
705: 3153,1049,1884,4118
706: 3257,2473
707: 1352,170
708: 1550,390,1762,1849,1982
709: 3750,2678,3987
710: 1496,1783,4637,4586,3609,1441
4589: 3173,1016,3723,4196,4125
4146: 439,4533,2756,1109
713: 2111,67
714: 
4669: 2546,439,1633
716: 
717: 3661,4424
718: 4821,4359,1905
719: 4130,2800
4420: 4776,3197,2798,3312
721: 3421,238
722: 4308,2970,4789
723: 511,652,3299,1616,290
724: 4220,1876,2544
725: 2344,3794,2851,2151
726: 4438,101,2817,2175,2715,4086
727: 4534,2888,2298
4571: 922,930,3465,3962,1086
729: 4475,1106,1354,3878
730: 1548,1429,1598
731: 3239,4380
732: 3674,1459,144,3938
733: 2364,3393,3411,3512
734: 1655,941
4554: 2604,4615,1073
736: 2190,1102,277,3454
737: 4671,584,2738,2155
738: 3869,4443,62
739: 4526,2375,654,26
740: 1896,3001
741: 256,4785,241
742: 3925,2886,1297,1070,76
743: 
744: 2077,2066,860,3828
745: 2721,4646,3654,4749,3174
4357: 1660,4766,4703,466,2804,4700
4361: 2165,2045,3729
748: 1204
749: 1135
750: 1661,540,1175,9,3088
751: 2424,2650,1956,3505
752: 316,4710
753: 2936,1966,1693,3588
754: 
4409: 1795,4703,2044
756: 1310,3316,1502
757: 4130,2800,827
758: 645
759: 
4253: 3676
761: 
762: 4242,4786,1078,1928
763: 
764: 3040
765: 2706,3248
766: 1722,85
4643: 2887,1713,3788
768: 
769: 404,1445,4596,4377,2359
770: 334,1893,2325,4818,2136
771: 3416,2360,3965,2423
772: 873,2030
773: 
774: 4388,170,3322
775: 1957,4524
776: 
777: 569,453,322,1642,2114
778: 4396,2367
779: 
780: 
781: 
782: 534,4603
4753: 2653,3260
784: 3365,160,2578,2589,4714
785: 4809,3884,501,2949
786: 2469,4563
787: 3129,295,2288
788: 2128,3415,4274,3986
789: 2773,1112,55,3975
4340: 123,2827,3872,2674
791: 202,2028
792: 3937,3683,4379
793: 3644,4657,4590,2374
794: 3034
795: 1048,1032,4788
796: 3192,1320
797: 1666
4502: 3885
799: 3461,3860,3799,1454
800: 
801: 1178,1680
802: 3556,2611,3144,1030,4685
803: 1169,1737
804: 
805: 4776,61
806: 578,4631,1978,635
807: 2268
808: 3536,4791,3684,3616
809: 985,2916
810: 4107,3588,3166,4706
4583: 3392,1636,4768,1122
4479: 2648,3546,3181
813: 4190,1579,2850,3902
814: 2765
815: 4304,1371
816: 2177,2558,1500,1318
817: 1396
818: 3884,501,1423
4475: 729,2408
820: 374,1281
821: 1745,3353,1573
822: 3114
823: 4498,41,3892,2886
824: 74,2288,592
825: 1125
4167: 3840,191,1724
827: 757,2781
828: 
829: 2720,928
830: 1870,3085,2189
831: 2727
832: 962,3883,4010,4626,3577
833: 
834: 3004
835: 1107,126
836: 4030,947,2545,1767,3160
837: 4224,1893,3650,2136
838: 1721,232,504,4188
839: 4600,4499,2370
840: 2129,4329,1104,2908
841: 3439,1495
842: 2491,485
843: 3524,3409,2316,2985,3888
4214: 1224,2156,1581
845: 4625,868
846: 4118,2213,2015,4258,4739
847: 698,2983
848: 4000
849: 337
850: 
851: 2624
852: 4236,3030
853: 2561,2669,890
854: 4598,3387,2648,4648,4392,2270
855: 
856: 4807,1298,154
857: 297,1086,2691,2853
858: 3486,4543
4250: 3931,2118,1340
860: 2066,3989,3846,744
861: 2
862: 3189
863: 15,2580,265,3236
864: 3940,1268,3780
865: 1616,632
866: 566
867: 389,2486
868: 3252,871,845
4433: 2414
870: 
871: 935,3252,868
872: 3628,2732,2430
873: 3318,3162,772
874: 3619,931,4626,2126,4212
875: 3719,1939,1468
876: 3557
877: 1022,1029,2581,221,2928
878: 1558,2200
879: 2690,3473,3401
880: 4410,1605
881: 2009,3,2704,2742,3187
882: 1230,2850,3545,1945,4492
883: 522,1800,2380,4348
4521: 1664
4794: 3349,3215,1387
886: 4148,1137,2538
4255: 
888: 1556
889: 1492,618,1277
890: 4613,853
891: 1583,3974,1418,3697
892: 2394
893: 1549,3175,4293
894: 4359,333,4182,2746,4821
895: 3998,482,4798,356,3172
896: 3107,2225,1309
4488: 3149,4140,904,1629,3484
898: 1754,1186,1910
899: 4247
900: 2562,2127
4695: 
4816: 93,2397
4264: 
904: 3149,4488,1629,1539
4663: 407,4481,4600,2310
4808: 2733
907: 1938,1630,4444,2723,1697
4671: 584,737,2318,4044,1793
909: 193
910: 4057,664,4675,1801
911: 1965,2301,428
912: 4065,3186,2097,4812
913: 4574,4733,2707,2280,2722,303
914: 3020,2547,1341,663,2866
915: 1205,1494,490,2306
916: 3968,1103,4394,4576,68
917: 1819,3214,2817,4680,3836,3259
4295: 3834,976
919: 228,581
920: 2008,3493
921: 468,1999,1593,2443,1838
922: 930,4571,3465,3844
923: 3463,1846
924: 3898,1609,556,4123
925: 
926: 
4636: 3877,2758,3047
928: 829
929: 4726,3351,2239,1255,3069
930: 922,4571,2664,4078,2627
931: 2245,2570,4626,2126,874,2350
4544: 3786,1577
933: 3930,3559
934: 2720,1242
935: 473,3979,871,3816
936: 2207,85,2616,3344
937: 702,3198,1276,1145,2865
938: 4797,4364,4687,4279
939: 2497,3290,1788,2581
940: 1295,1384
941: 734
4163: 2175,4497
943: 3299,4036,3807
944: 122,1451,2904,1024
945: 3452
946: 3847,158,3949
947: 4030,836,2257,1767,2601,3564
948: 2974,328,1560
949: 955,2537,2170,2984,2911
950: 2640,1588
951: 3226,1623
952: 2956
953: 1677,2769,4149,1562,4625,2477
954: 4769,253,2457,3646
955: 3361,949,2911,1037
956: 2216
4656: 1302,143,4456,2191,3576
958: 53,182,65,1563,1622
959: 109
960: 1056,4204
961: 3350,1433,3571,1637,305
962: 3883,832,4010
963: 4679,1004,1370
964: 3107,594,1751,3319,2084
965: 3993,2616,428
966: 
967: 
968: 1998,4274,1528,4693
969: 3185,3591,1995,1167
970: 2838
4321: 3332
972: 1835,2258,4344
973: 1382,2047
4607: 3068,3028,1054,1477
975: 2284,1431,1967,4445
976: 4295
977: 1963,2782,3741
978: 4093,1499,2759,3584,4806
979: 3686,4732,2810,4512
4714: 2589,2021,1302,143,784
981: 2446,3672
982: 
983: 4681,2079
984: 3273,3269,3160,352,2545
985: 809,4604,499,619
986: 1920,1670,2149,4765
987: 2198,2979,2841
988: 3130,299,1219
4550: 4233,3078
4150: 4788,3449,2977
4501: 3312,3489,1342
992: 2951,4617
993: 3101
4809: 785,2280,2722,1952,3884
995: 222
996: 4181,2766,1973
997: 2740,1400
998: 308,4073,2874,3313
999: 
1000: 2590,1329,1224
1001: 4810,2883,2204
1002: 2470,2899
4525: 3654,3174
1004: 4679,963,4718,1370
1005: 4496,167,3780
1006: 3506,1852,3741
1007: 2684,241
1008: 4596,2277,2858,244
4209: 2339,2878,2949,66,2967,3663
1010: 224,147
1011: 4772,125,2465,1765
1012: 4823,4243,2959,4712,3879
1013: 4572
1014: 
1015: 42,3348
1016: 282,3723,3287,4589,4125
1017: 
1018: 3906,3097,3989
1019: 4112,1136,317
1020: 1482,4230,4789,4055,4660
1021: 94,382
1022: 877,1029,3881,4028,491
1023: 2697
1024: 3613,944
1025: 2752,3739
1026: 3919
1027: 4415
1028: 2203,227,3314,490,363
1029: 1022,877,491,1860,2928
1030: 183,3144,802,2611
1031: 4222,3582
1032: 1048,2488,1839,3803,795,4788
1033: 2110,4461,2218
1034: 1040,1927,3962,2213,229
1035: 
1036: 4594
1037: 4090,955,2911,4758
1038: 4662,3124
1039: 4452,4811
1040: 1034,1927,4739,2213,229
1041: 2502,4290
1042: 403,1212,1657,4777
1043: 2571
1044: 4241,323
1045: 2393,2361,263,3854
1046: 2203,2826,2459,4456,1205,2191
1047: 
1048: 3345,1032,3803,795,4788
1049: 360,705
1050: 3457,3401,3573
4207: 4710,1247
1052: 3115,564
4487: 2504,1456
1054: 4675,4607,3028,455
4316: 1974,4451,2116,2316
1056: 960,4204
4641: 2105,4796,3321,1306
4623: 3734,3138
4290: 3625,1634,1041
1060: 3496,2664
1061: 3688,4436
1062: 3756,1736,3405,4726,1904,3351
4313: 2275,4197,3303,3968,615
1064: 1300,4354,1610,1178
1065: 1986,2751,646,3307
1066: 1652
1067: 3395,456
1068: 3227
1069: 2168,2908,530
1070: 3925,742,2478
1071: 
4704: 
1073: 1167,2319,4554,4615
1074: 2636,1906,4049,2329
1075: 3228,4764,3642
1076: 237
1077: 3131,2518,4779,1466
1078: 762,4786,1928,3779
1079: 1393,1522,2089,100,270
4748: 
1081: 4642,3073
1082: 4129,562,3416,1392
1083: 1256,2608,1162,510
1084: 4408,113,86,4725,1240
4454: 
1086: 857,3962,4571
1087: 1170,1651
1088: 3228,1220,3642
1089: 1188,3594,3634
4408: 1146,1084
1091: 3436,3499,1748,3801,40
1092: 4804,2171
1093: 3874,4405,3455
1094: 
1095: 1373,3524,3409,4560
1096: 3323,406,2786,3708
1097: 
1098: 
1099: 2137,3818,457
1100: 4045
1101: 686,4189
1102: 2190,277,736,1921
1103: 3968,916,3057,4280,1455
1104: 1747,4655,2129,840
4444: 3519,383,1938,907
1106: 729,1380,3878,1475
1107: 835
1108: 3491,3633,2700
1109: 2775,1663,4146,2756
1110: 1387,3671,3871,280
1111: 1509,342
1112: 789,2773,3975,4332,3855
4673: 2014,2103,2138
1114: 2732,2051,4271,1313
1115: 4373,119,3180
1116: 3012,2484,4723,2210
1117: 448,480,2145,3502
4223: 3377,4651,4750,380,3677
1119: 107,2229,4740,1770,2858
4590: 4727,4657,793,2374
1121: 1821,164,2778
1122: 579,3392,4583,4622
4568: 4652
1124: 2925
1125: 4400,825
1126: 2142
1127: 576,4586,1783
1128: 637,4022
1129: 4819,4762,90
1130: 1478
1131: 1317,2555
1132: 2407,3397
1133: 2430,1811,3628,648
1134: 3681,4551,4787,4228,3333
1135: 749,1252
1136: 4112,1019,1990,4426
1137: 1193,2538,4757,886,4148
1138: 4044,3353
1139: 1794,2206,246,1679
1140: 3648
1141: 174,2985,3667,2955
4782: 
1143: 
1144: 3820
1145: 1276,213,3372,702,937
1146: 4408,113,3617
1147: 
4692: 4374
1149: 2728
1150: 2423,1392,3736,3300
4818: 3650,2136,2325,770,4154,1874
1152: 4470,1689
1153: 4788,2515
1154: 2343,4281
1155: 2453,1682,4266,4510
4333: 366,2346,3163,1880
4506: 1772,4483
1158: 
4551: 3681,1134,3484,3333
1160: 1846,2726,4187,4711
4495: 
1162: 2608,1083,1912,1434
1163: 4716,2441
1164: 4722,2972
1165: 2359,3500,404,2037
1166: 121,1627
1167: 1073,2512,969,1995
4615: 4554,4208,1073,2319,2069
1169: 3180,803,274
1170: 1087
4484: 138,4132,2755
4597: 
1173: 2481,2352,3015
1174: 3359,3480,1860,1346,3785,1520,153
1175: 1661,750,2866,3088
1176: 2885,1327,4576,3793,68
1177: 4796,3560,2286
1178: 801,1064
1179: 4309,2835,2487,426
1180: 1493,2528,3746,2941
1181: 4734,3358,2078,3233,4343
1182: 
1183: 3685
1184: 3796,2452,514,2421
1185: 616,82,3820
1186: 1513,2983,898
4400: 1125
1188: 1089,3594
1189: 4383,527,1256
1190: 4276,3125
1191: 2818,3087,2599
1192: 2045,4780
1193: 1137,4523
1194: 1661,540,10
4393: 2073,1356
1196: 1952
1197: 1833
1198: 2133,4219,3766,1856
1199: 3840
4229: 3629,2890,2903,374
1201: 210,4723,4071
1202: 1216,3298,2000,1512,3525
4424: 2415,717,4469
1204: 748,4417
1205: 915,2191,1494,1046
1206: 3155,4399,98,3531,3252,4235
4439: 469,2967,66,4049
1208: 2675,2778
1209: 2500,1815,2954
1210: 
1211: 292,304,157,1215,2206
1212: 403,1042,558,271,422
1213: 
1214: 1283
1215: 157,1769,1211,246,2206
1216: 4647,1202,3298,3525,1745
1217: 234,4373,4653
1218: 673,319,2127
1219: 3580,988,3130
1220: 3172,1735,1088
1221: 1489,1417,533,4684
4539: 
1223: 427,4337,4201,4183,3499
1224: 2156,1000,4214
4187: 2154,2726,1160,4711,92
1226: 3618,3513,1582,3700
1227: 3816,411,3280,1741
1228: 4351,4086,2344
4681: 983,2079
1230: 882,2850,4678
4613: 519,890,2633
1232: 3055
1233: 464,266,44
4391: 1957,493,2480,4616
1235: 483,2227
1236: 2575,549,3857
1237: 
1238: 80,384,2315
1239: 4510,1908
1240: 4725,444,1084,2934
1241: 4002,2851,4334,2629
1242: 4314,934
1243: 1348,1506,3460,2035,3137
1244: 
1245: 3432,2215,3745,2617
1246: 4052
1247: 1840,4207,2839
1248: 659
1249: 1885,3982,4490,511
1250: 4743
4672: 4772,2942
1252: 1135
1253: 4017,4121,4075,1836,1411
1254: 448,3295,269,16
1255: 2353,486,929,1948
1256: 2608,1083,1189,2310
1257: 2871,2336,3046
1258: 2090,3367
1259: 2148,273,1461
1260: 4754,50,3557
1261: 3809,3053,4780
1262: 4710,1840
4685: 3689,2001,3144,802
1264: 1544
1265: 3645,548,4775
1266: 3734,3728,3297,2483
4358: 4579
1268: 3940,864,3649,3446
1269: 4136,2096
1270: 271,607,422,1390
4234: 3016,424
1272: 2543,1762,2563
1273: 1872,412,1428
1274: 4813,2380,1800
4362: 2897,4387,4097,2300
1276: 1145,2813,213,937
1277: 1895,889
1278: 312,4033
1279: 4064,2474,4687
4354: 1064,1610,1437,1984
1281: 374,820,2347,4658
1282: 517,14,4061
1283: 4632,1214
1284: 493,2888,2958
1285: 4599,470,2238,1304
1286: 
1287: 3222,2644
1288: 3264,2794,2869,1850,3272
4693: 968,4274,1528,544
1290: 1531
1291: 2548,2917
1292: 394,3580
1293: 3370,424
1294: 2674,3942,2682
1295: 940,1618
1296: 
1297: 3925,2886,742,3892,2984
1298: 856,154
4203: 
1300: 1064,2699,4262,1773
1301: 616
1302: 143,4456,4656,4770,2021,4714
1303: 2099,3965
1304: 2238,3309,1285
1305: 3181,2988
1306: 4641,3321
4505: 673,2048
1308: 4124,2008,1784
1309: 150,3107,896
1310: 2050,756,4115,401
4359: 333,894,4821,718
1312: 2366,4278,1699,1422,2511
1313: 1411,378,1114
1314: 517,1823,2900
4318: 4182,4801,1918
1316: 1914,3065,3264
1317: 1131,3462
1318: 3792,343,2558,816
4179: 4602
1320: 2881,3192,796
4160: 2513,2218,3698
4725: 1240,1084,4805,86
1323: 
4293: 3547,3175,893
4620: 410,1531,2843
1326: 3849,4185,2210,1706
1327: 2885,1176,2613,3964,3553
4182: 4801,2450,4318,894
1329: 1000,165
1330: 1505,3424,3679
1331: 
1332: 2321,3337,457,4245
1333: 1913
1334: 212
1335: 2870,1766,4472
1336: 617
4171: 
1338: 3952,3450
4815: 1641,3185,2512
1340: 3931,4250
1341: 10,3997,914,3020
1342: 4404,4004,3489,79,4501
4658: 2347,1281
1344: 3157
1345: 
1346: 491,1860,3480,1879,3800,1174
1347: 2516
1348: 1243,1888,3460
1349: 196,4563,650
1350: 
1351: 2038
1352: 3342,2961,4388,170,707
1353: 2862
1354: 2013,729,200,3878
1355: 
1356: 2073,4393
1357: 3382,4310,4646
4404: 1342,4004,3429
1359: 
1360: 4793,4397,3713,476
1361: 2945
1362: 2905,2879,1845
1363: 3221,3680,3059
1364: 
1365: 2466
4712: 3879,1012,1655
4694: 2916
4210: 4062,3522,1827
1369: 3418,2018,3292
1370: 4435,1004,963
1371: 815,2028
1372: 98,9,1449
1373: 3524,1095,3325,2056
4154: 2422,1874,2325,4818,3948
1375: 2672,3471,2535,2508
1376: 3476,3434,3310,1622,2080,4455
4523: 1193,1725
1378: 2619,3553,4576,4394
1379: 2060,684
1380: 1386,1106,1475
4804: 2171,1092,4817,1687
1382: 973,541,3948
1383: 2899,4124
1384: 3712,1618,940
1385: 2530
1386: 1380,588,1704,3496
1387: 3671,1110,4794,3056
1388: 3095,2100
4356: 
1390: 1624,606,1270,607
1391: 4119
1392: 2423,3736,1150,1082
1393: 1079,4272,2256,2419,2607
1394: 589,2458,117
1395: 588,573,3760,3044,3315
1396: 344,817
1397: 2496,503,4619,1841,3849
1398: 4330,1838,1593
1399: 147
1400: 997,2740,2716,4516
4419: 
1402: 2067
1403: 1717
1404: 4707,234,3767
1405: 2056,4009,285,3325,565
1406: 1487,1468
1407: 2569,1700
1408: 3695,4683,4702,653,2146,3971
1409: 
1410: 3704,3294,3839
1411: 1313,1253,1882
1412: 615,415,2464,3621
4603: 4745,782
4723: 2210,1116,1201
4329: 2129,840,2908,3693,498
1416: 3753,1453
1417: 533,1830,1489,1221
1418: 652,12,891,1583,1616
1419: 4161,4616,1732,4196,4628,506
1420: 3385,3851
1421: 
1422: 1922,3972,532,1312
1423: 2831,4540,501,818
1424: 4558,2659,4085
1425: 3412,4792
1426: 3999
1427: 552
1428: 3660,1273
1429: 1548,41,730
1430: 220
1431: 2284,3335,2523,975
1432: 2337,1638,4698,1970
1433: 2779,3571,961
1434: 4577,2608,1162,3639
1435: 2502,3019
1436: 2035,2052
1437: 1984,4354
4763: 3263
1439: 2223
1440: 3996
1441: 4665,3609,590,1496,710
4680: 3836,2969,3214,917
1443: 
1444: 400
1445: 769,404,244,3227,4596
1446: 
4279: 1799,938,4611
1448: 529,3497,4601
1449: 2224,9,1372
1450: 360,3657,1608,4667,2098,3636
1451: 122,2367,944,2904
1452: 3060,2446
1453: 1416,2470
1454: 799,2892,3799,4115
1455: 3968,1103,615
1456: 4487
4706: 810,3166,3602
1458: 1540
1459: 732,0
1460: 2184,1545
1461: 2148,1259,4682
1462: 2162
4278: 1312,507,1699,1662
4373: 1564,119,1115,1217
4339: 3875,2048,3195,1909,1919,2229
1466: 1077,2141
4325: 1731,3037
1468: 1487,3232,875,1406
4169: 554,3469
1470: 1557
4628: 4196,3640,1732,1419,506
1472: 3407
1473: 1723,3551,2025,3186,2097,1508
1474: 2750,354,2342
1475: 2562,1106,1380,2127
1476: 4285,99,3691,670,1864,2510
1477: 4607,3068,64
1478: 3789,1130
1479: 3449,4537,2930,4788
4425: 3675,1955,2987
1481: 4315,2276,2162
1482: 1020,4230,618,2787
4469: 2647,4535,4424,1850
1484: 1967,3035,278,1722,1733
1485: 4348,3526,4561,432
1486: 2173
1487: 1468,1406,2043,3443
1488: 
1489: 1221,1417
4619: 1841,2484,3849,1397
1491: 2215,3084,4218
1492: 889,2108,3985
1493: 3391,1180,2168
1494: 915,1205,1888
1495: 3454,841
1496: 1783,710,4665,1441,357
1497: 
1498: 3954,616
1499: 4093,978,3817,475
1500: 2177,2558,534,2972,816,4661
1501: 573,177,3759
1502: 1541,3316,756,2833
1503: 157,2820,2230,3110
4297: 2847,2506,2439,2686
1505: 3973,1330,1739
1506: 1243,521,3137
4411: 
1508: 4065,3186,2025,4284,1473
1509: 3739,1111
1510: 1736,2934,3405,444,4390
1511: 4707,4791
1512: 1596,2000,1202
1513: 1186,1910,1754,698
1514: 2897,2063
1515: 4795,2153
4430: 4790,4364,3963
1517: 2574,658,3514,2330
4258: 3759,2279,2015,846
1519: 3260,2394
1520: 3785,3480,3484,1174
1521: 2965,3498,3808,4722
1522: 4746,2089,100,2167,1079,550
1523: 
1524: 4051,2455
1525: 525
1526: 2646,2485
4294: 595,520
1528: 968,4274,3341,4451,4693
4537: 3449,1479,2930,2252,2977
1530: 4392,2638,1814
1531: 1290,4620
1532: 58,427,4337,4101
1533: 2065,3494
4156: 2323
1535: 2913,1566
1536: 687,4007
1537: 
1538: 
1539: 904,1629,3691,2825
1540: 1458,1594
1541: 1502,3716,309,2833
1542: 
1543: 2507,2614
1544: 1264
1545: 3541,1460
1546: 2142,3536,3540,4716
1547: 3530,3760,685,3044
1548: 1429,1958,2831,730
1549: 1640,3175,893
1550: 708,390,1982
1551: 695,518
1552: 4460,3743
4611: 4279,4797
1554: 2728
1555: 4789,11,1802
1556: 888
1557: 1470
1558: 878,2559,4098
1559: 3213,2676,2355
1560: 1861,948
1561: 4345,3683
1562: 4235,2744,953,1677,4625
1563: 1994,958,182
1564: 4373,119,1940,350
4766: 4703,3100,2526,4357,466
1566: 2913,1535,4721
1567: 4734,3358,4640,210
1568: 1719
4282: 4670
1570: 2037,4447,2272,4486,163
4503: 1940,350,3616
1572: 572,2743
1573: 2318,3353,3298,1745,821
4534: 727,2888
4474: 3289,3423,3819
1576: 2297,1778
1577: 4544,3786,4147
1578: 
1579: 4190,813
1580: 4632
1581: 1635,1685,4214,4095
1582: 3100,2526,3700,1226,3513,3084
1583: 891,3974,294,12,1418
4542: 4159,3095,3766
1585: 3094
1586: 3474
1587: 4330
1588: 2357,4055,950,1606
4741: 669,321,4713
4363: 4770,2478,2021
4307: 311
1592: 452,377
1593: 468,921,1838,1398
1594: 1540,301
4344: 3017,4085,972,1835,2051
1596: 1512,4701
1597: 2106,4094,2159
1598: 671,730
1599: 4618,3210,2563
1600: 2928,1856,3766
1601: 1777
1602: 3852,643,1961
1603: 4097,2300
1604: 2298,2958
1605: 3375,880,2270,674
1606: 2120,1588,18,2293
1607: 1621,2880,3690
1608: 4667,3112,2098,1450
1609: 556,3217,924,4123,492
1610: 1064,4354
1611: 4286,4129
1612: 
1613: 4084
1614: 
1615: 
1616: 865,652,723,1418
1617: 334,1893,536
1618: 3712,1384,1295
4762: 2685,90,2058,1129
1620: 4455,3071,3102
1621: 1607
1622: 4048,3476,1376,958,53
1623: 951,3226,3501
1624: 1390,606,1920,4480,4765
1625: 
1626: 3598
1627: 1166,1681
1628: 
1629: 4488,904,4215,1539
1630: 407,2723,1926,907
4446: 208
1632: 3977,3997,3328
1633: 4561,2654,4669,439
1634: 4290
1635: 1581
1636: 301,223,4768,4583
1637: 305,4634,3350,961,2342
1638: 2337,270,1432,2607
1639: 4797
1640: 1549,4195
1641: 4815,1837
1642: 2861,2114,777,3712,640
1643: 2743,3466
1644: 
1645: 
1646: 4742
1647: 1990,2857,3087
4650: 2645,3433,1937
1649: 4050,4476,2455
1650: 4115,401,2892
1651: 3697,1087,4799,1712
1652: 1066
1653: 4141,2869
1654: 1691,3425
1655: 734,4712
4584: 2422
1657: 4218,4777,1042
1658: 337
1659: 4142,4184,2568,2632
1660: 4357,4703,4496
1661: 750,1194,540,1175,2866
1662: 2593,1699,4278
1663: 2775,1109,406,2155
1664: 2304,4521
1665: 3863
1666: 797
4416: 2760,3230,4567,1742
4793: 1892,1360,342,3713,370,4311
1669: 
1670: 986,2947,4091,2149
1671: 3620,4283
1672: 3126,2718,3573
1673: 
1674: 3689,1791
1675: 2145,2312,3502,2807
1676: 1911
1677: 953,4149,4605,2744,4235,1562
1678: 4751,4075,2696,541
1679: 246,3667,1139,2078
1680: 801,4151
1681: 2798,1627,4309
1682: 1155,4510,1908
1683: 3885,4649,3475,574
4407: 4810,2061
1685: 4095,1581
1686: 25,387,75,1944
1687: 172,4817,4804,2111
4274: 968,1528,4693,788,544
1689: 3002,1152
1690: 2479,2012
1691: 1654
1692: 464
1693: 753,3588
1694: 3571,2062,1877,3109,4134
1695: 3074,2362,3720,1986
1696: 3244
1697: 2723,907,2384
4273: 
1699: 532,2604,1662,4278,1312
1700: 1407,2917,51
1701: 
1702: 1726,2150,3635
1703: 2529
1704: 588,177,1386,3496
1705: 592,3389,4638
1706: 3533,1326,4185,4823
1707: 
1708: 471,1915,3647
1709: 3913
1710: 3260,2271,2653
4567: 3230,4416,3747,1742,3176
1712: 4559,1651,4799
1713: 3370,424,2970,4643,2887
4575: 4206
1715: 3314,2329,3839,363
1716: 
1717: 1403
4664: 
1719: 1568
1720: 2100,456,4147
1721: 838,232,3832,4384,504
1722: 278,766,1484,1733,1859,2181
1723: 1473,3551,4355
1724: 4167
1725: 4523,2448
1726: 1791,1702,2150,2914
1727: 2559,3494
1728: 3141,2933
1729: 2134
1730: 1803,3832,3725
1731: 4325,3556,2611
1732: 2480,4161,4616,1419,4628,506
1733: 3955,1859,1484,3035,278,1722
1734: 1953
1735: 1220
1736: 3756,1510,1062,2205,4390
1737: 3300,3258,803
1738: 1844,586
1739: 4519,3973,1505
1740: 3689,2198,4470,3144
1741: 3280,358,1227,3816
1742: 4024,3747,3200,2760,4416,4567
1743: 4190,4083,3332,3727,3902
4417: 3572,1204
1745: 821,4647,1216,3298,1573
1746: 
1747: 1104,3391
1748: 2540,4595,3801,3781,1091
4677: 4319,2152
1750: 375
1751: 4775,3319,2084,964
4195: 1791,265,1640
1753: 520,2783,4813
1754: 500,1910,1513,898
1755: 
1756: 251,1799
1757: 3817,4428,4447
4310: 3950,3382,1357
1759: 
1760: 
1761: 
1762: 300,1272,1849,708
4429: 39,2784,4120
1764: 3085
1765: 321,125,1011
1766: 4472,1335
1767: 2688,3160,2106,947,836
1768: 3276
1769: 1215,3110,174
1770: 3844,4740,3465,2858,3822,1119
1771: 532,2039,2604,3972
1772: 4506,4483
1773: 1300
1774: 2156
1775: 1952,2233,2224,2722
1776: 
1777: 4380,1601
1778: 1576
1779: 4445,2523
1780: 3259,4332,3794
1781: 4084,2631
4249: 3602
1783: 1496,710,4586,1127
1784: 2008,1308
4587: 521,3749,3137
4817: 172,4804,1687
4225: 3029,680,4414,3271
1788: 3290,939
1789: 3745,3483,1968
1790: 3783
1791: 1726,4195,1674
1792: 4462,2609,2520,3241,3826
1793: 3859,2551,4671,584,4044
1794: 1139,4734
1795: 4409,2044,3283
4797: 1639,938,4611
1797: 
4178: 2100
1799: 1756,4279
1800: 883,2179,1274,4813,2380
1801: 4675,4057,910,455
1802: 11,402,1917,1555
1803: 1730,3832,1981,4562
1804: 3561
1805: 3074,2910,3015
1806: 2146,3360,4190,4083
1807: 
4635: 4661,1855,3580
4183: 2868,4337,1223
1810: 60,2937
1811: 2430,1133
1812: 
4578: 2968,581
1814: 4465,368,1530,2638,3705
1815: 4767,2500,1209
4421: 2764,2515,2966,4784,3345
1817: 3864
4309: 1179,1681,2050
1819: 3214,3854,917,2817,2715
1820: 
1821: 1121
1822: 623
1823: 517,4441,1314
4569: 648,2002
1825: 
1826: 2418
1827: 3103,4210,3063,3522
1828: 4570,2681,3762
1829: 93,4366,205,4717
1830: 1417
1831: 3381,3116
1832: 3441,141,2555
1833: 1197
1834: 
1835: 972,4344
1836: 1882,1253,4121,4074
1837: 1641
1838: 4123,492,1398,1593,921
1839: 3803,2488,1032
1840: 1247,1262,3012,2839
1841: 4619,399,1397,503
1842: 2857,2734,4024,2724
4288: 4060,287,3901,3006
1844: 1738,2670
1845: 4520,1362
1846: 1160,923,2726
1847: 
1848: 2188,2226,665
1849: 3850,1982,2563,1762,708
1850: 2869,4469,4535,1288
1851: 3102,3966,4665,4116
1852: 3506,1006,420,665
1853: 3497,1950,3608,1862
1854: 3184,2018,2046,3418,2169
1855: 4661,4635,299
1856: 4270,1600,2133,1198,3766
1857: 2447
1858: 
1859: 3955,1733,1722,2181
1860: 491,1346,1029,3359,1174
1861: 1560,694,3064
1862: 3608,2754,3497,1853,4601
1863: 3062
1864: 3966,670,590,1476,3202,2510
1865: 3123
4760: 2290,130,3131
4698: 1970,1967,2337,1432,2284
1868: 4716
1869: 2464,655,2094,475
1870: 830,603,2189,3266,4139
1871: 2200,2336
1872: 1273,412,2067
1873: 3512,3411
1874: 4154,4818,3948,2980
1875: 408,2415
1876: 724,2544
1877: 3109,4686,2758,1694
1878: 3379,3897,2250
1879: 3480,3800,1346
1880: 2520,3241,4333,3163,3158
4779: 2470,1077,2518
1882: 1836,4074,1411,3017
4366: 1829,93,2397,4796
1884: 3636,3153,705
1885: 1249,3982,4490,4709,12
4586: 4637,576,1127,1783,710
4445: 2717,3908,1779,975
1888: 1348,1494
1889: 3368,412,2740
1890: 542
4305: 
1892: 4793,2822,3713
1893: 334,770,1617,2136,837
1894: 
1895: 1277,3564,4805,3169
1896: 740,307,2650
4786: 4242,762,1078,3779
1898: 2859,2038
1899: 2345
4259: 2746,2450
1901: 
4332: 1780,2773,1112,3855
1903: 2141,3532
1904: 4726,3756,1062,3296,4434
1905: 4284,718,4065
1906: 2636,4049,303,681,469,1074
1907: 308,2938,3776
1908: 4510,1239,1682
1909: 3844,4740,3875,4339,2229
1910: 1513,1754,898
1911: 1676
1912: 2683,3344,1162
1913: 1333
1914: 1316,3403,3020
1915: 3622,4327,4131,1708,3647
4735: 3369,2248
1917: 4492,4094,1802
1918: 4801,4727,4318
1919: 2670,4339,2229,2918
1920: 3838,986,1624,606,4765
1921: 243,1102,277
1922: 88,1422,3972,315,2737
1923: 4117
4516: 4811,4624,1400
1925: 4532,4577,4558,2659,3519,383
1926: 2723,4600,407,1630,2370
1927: 4078,1034,1040,4739,4350,2664
1928: 762,1078
1929: 2751,646,3458
1930: 1978,635
4387: 495,2920,4362,4097
4494: 3283,4773,4019,3618
4191: 3915
1934: 3445
1935: 4158,284
1936: 2158,171
1937: 4650,2645,4802
1938: 907,4444
1939: 875,3719,3556
1940: 3106,4231,3954,4503,1564
4548: 3287,3359
1942: 
4638: 3389,1705,3686
1944: 1686,75,3349,3215
1945: 4492,4678,882
1946: 4452,4811,2124
4690: 129,2490
1948: 2353,1255
1949: 4109,2887,4724
1950: 2075,1853,3608
1951: 3189,327
1952: 1775,1196,4809
1953: 3145,1734,2317
1954: 
1955: 3675,4425,2605
1956: 751,2424,2650,3505,568
1957: 4391,775,188,4524
1958: 1548,2362,2831
1959: 2378,3593
4143: 3466
1961: 1602
1962: 2055,682,341
1963: 977,2782,3506
1964: 3165,4642,4435
1965: 911,654,26,2823
1966: 2936,753
1967: 4698,1484,2284,975,3035,278
1968: 2533,3513,1789
1969: 157
1970: 4698,1432,375,2809,278
1971: 2031,3371
1972: 2116,4201,3436
1973: 3544,996,4095
1974: 4451,4101,4316,3341
1975: 4529,3111
1976: 3964,2953
4637: 4586,3253,3609,710
1978: 3277,1930,806,635
4180: 2568,2804,4184
4190: 4083,813,1743,1806,1579,3902
1981: 4562,22,1803
1982: 1849,3850,708,1550,390
1983: 2965,179
1984: 1437,4354
1985: 3280,358,3253
1986: 1065,3720,3074,1695,646
1987: 2810,4001
1988: 4572
4520: 1845,396
1990: 1647,4112,1136,135,3087,692
1991: 
1992: 3464,2305,4289,3009
1993: 3785,153,3149,4140,4285,282,2241
1994: 1563,3136,182,4518
1995: 3591,3374,969,1167
4675: 1054,1801,910,3028,455
4743: 1250,2727
1998: 968,3377,2128
1999: 468,921,2443,3410
2000: 1512,3525,1202
2001: 3689,4685
2002: 4532,4558,4569
2003: 
2004: 3754,3471,4323
4660: 4055,1020,2787,18
2006: 3369,4105
2007: 3757
2008: 4124,1308,3493,920,1784
2009: 881,2704,2742
2010: 4666,3435
4352: 4008
2012: 2530,1690,2479,4119
2013: 1354,2392,2408,3156,2697
2014: 4673,2158,2103,171
2015: 4118,846,360,3657,4258
2016: 
2017: 3009,701
2018: 1854,3418,1369
2019: 3139,2167,2552,163,3725
4200: 3761,4581
2021: 551,2589,4714,4363,4770,1302
2022: 3448,2112,3389
2023: 
2024: 173,3935,4398
2025: 4284,1473,1508
4710: 4207,1262,752
2027: 3995
2028: 1371,791
2029: 4054,4053,523
2030: 772
2031: 1971
4196: 4628,4125,4589,3173,1419
2033: 3197
2034: 3886,38,4122
2035: 1243,3460,1436
4235: 1562,4399,1206,2744,1677
2037: 1570,3500,1165,2552,163
2038: 1351,3414,2859,1898
2039: 3492,315,1771,3972
4558: 1424,2659,4532,1925,2002
2041: 3802,3130
2042: 3226,2287,4684
2043: 3917,1487,3236,3443
2044: 3533,1795,4409
2045: 1192,4361,3729
2046: 3466,3184,1854
2047: 4075,973,378
2048: 3875,3195,4339,4505
2049: 3879
2050: 1310,401,4309
2051: 2732,1114,4344,3017,4085
2052: 1436,513
4217: 570,2319
4157: 3814
2055: 1962,2086
2056: 1405,1373,3325
2057: 
2058: 4466,4762
2059: 2714,2867
2060: 1379
2061: 4407,4330
2062: 3571,1694,3702,4213,305
2063: 3869,1514,2897
2064: 3509,2685,118
2065: 1533,3494,447
2066: 3989,860,744,2877
2067: 1402,1872
2068: 2391,2511,3988,3308,3763,4076
2069: 2319,4618,3210,4615,4208
2070: 2655,677,3640,4360,678,3479
4802: 2645,1937
2072: 2129,4655
2073: 4393,1356
2074: 45
2075: 1950,3608
4379: 2530,792,237,2479
2077: 744,4473,481,2384
2078: 1679,1181
2079: 659,983,4681
2080: 4048,1376,4455,3827
2081: 
4724: 2887,1949
2083: 2725,3422,3229,356,505
2084: 502,1751,964,3107
2085: 
2086: 2055,508
2087: 
2088: 4317,3026,2666
2089: 1522,4746,1079,550,3335
2090: 3779,1258
4700: 2346,4357,2804
2092: 3445
2093: 2567,644,3090
2094: 415,4063,2464,1869
2095: 4065,25
2096: 3569,1269
2097: 912,3186,1473,3394,4812
2098: 4312,1608,1450,3636
2099: 1303
2100: 1720,4178,1388
4152: 3052
2102: 3392,3014,4768,4093,2759
2103: 3811,171,2014,4673,3856,2138
4540: 1423
2105: 4641,2220,4796
2106: 1597,2688,1767,2601
2107: 3641,443
2108: 1492
2109: 3862,3456,2742,4508
2110: 1033,309
2111: 172,713,1687
2112: 3448,2022
2113: 2303
2114: 2861,3833,1642,322,777
4164: 
2116: 1972,2316,4316
2117: 3959,4608,3543
2118: 4250
2119: 2362
2120: 1606,2698,2293,4199
2121: 610,4238,2724
2122: 
2123: 4338,4261
2124: 450,1946
2125: 4497,3543
2126: 931,3066,874
2127: 2562,1475,900,1218
2128: 788,1998,2630
2129: 2072,4329,840,1104,4655
2130: 4106,4343,198,3233
4147: 3775,2990,1720,1577
4201: 427,1223,3499,1972
2133: 1198,4219,3766,1856,4270,3083,4360
2134: 1729
4703: 4766,4409,4357,1660
2136: 4818,3650,770,1893,837
2137: 1099,3023,4090,3744,3818,4767
2138: 3222,2103,4673,3856
4702: 3695,1408,2243
2140: 4792,3328,2931
2141: 1903,3532,1466,3453,2182
2142: 1546,3536,4791,1126
2143: 4204
4791: 2142,3536,808,3616,1511
2145: 2312,3502,1675,1117
2146: 3360,1806,3971,1408,653
2147: 602
2148: 1259,273,1461,4682
2149: 4091,2209,1670,986
2150: 3635,2914,1726,1702
2151: 2392,2408,725,685
2152: 4319,4677
2153: 2706,1515
2154: 4187,92,4016,2352
2155: 3708,1663,737,2738
2156: 1224,1774,4214
2157: 2657,230,2193,2437
2158: 1936,3313,171,2014
2159: 2601,1597,4094,3985
4807: 856,3318
2161: 4427,33
2162: 1481,1462
2163: 
4621: 331,2262
2165: 4361,3274
2166: 
2167: 2019,3139,3725,1522,4746,100
2168: 1069,1493,2456
2169: 2333,2338,1854,3418
2170: 4498,3307,2537,949,2984
2171: 4804,1092,4437
2172: 349,3677,3983,71
2173: 1486
2174: 
2175: 2715,4163,726
2176: 3050,3607,4622,4580,669
2177: 2558,1500,2867,2714,2641,816
4737: 2189,3929,281
2179: 522,1800,4813,464
2180: 
2181: 1722,3955,1859,2207
2182: 2141,3453
2183: 
2184: 1460
2185: 4275,2462
2186: 
2187: 
2188: 1848,3396,4767
2189: 4737,1870,830,4139
2190: 1102,277,736,612
2191: 1205,1046,4456,4656
4614: 
2193: 2657,2157,3338,3255,3431,414
2194: 
2195: 416,2406
2196: 
4707: 1404,1511,234
2198: 4470,987,1740
2199: 2872,3722
2200: 1871,878
4252: 3471,3395,3775,4323,239
4159: 4542,3095
2203: 2826,1046,1028,490
2204: 3898,2883,4810,1001
2205: 3231,688,4390,1736
2206: 3438,1139,1215,1211,246
2207: 936,2181,2683
2208: 3772,4009,4450
2209: 272,4091,2149,2522
2210: 4723,1116,1326
2211: 
2212: 3252
2213: 4118,846,459,1034,1040,4739,229
2214: 398,578
2215: 1491,2617,1245
2216: 956,292,3755,4023
2217: 
2218: 1033,2513,4160
2219: 
2220: 2105
2221: 3568
2222: 2286,2993
2223: 1439
2224: 1449,2233,1775
2225: 896,594
2226: 1848,4039,2667
2227: 1235,4631
2228: 2324,306
2229: 107,2918,2528,1119,4339,4740,1909,1919
2230: 3583,3771,1503,157
2231: 3942,2682,2679,3305,3152
2232: 3070
2233: 2224,1775,2722
2234: 644
2235: 
2236: 463,3076,3783
4376: 264,2410,4785
2238: 1304,1285
2239: 929,3351,3710,3203
2240: 2710
2241: 282,3723,1993,4285,99
2242: 4061,14,686
2243: 4541,4702
2244: 4114,3000,3114,3216
2245: 931,2570,3754
4448: 84,2531
2247: 2975,3317,2603
2248: 3381,4735
4230: 1482,1020,4789
2250: 489,1878
2251: 3116
2252: 2977,4537
2253: 
4646: 2721,745,1357
4319: 2152,4677
2256: 2419,3693,1393,2607
2257: 4030,947,3564,3550
2258: 4074,972,2683
4750: 3623,529,380,4223,3377
2260: 
2261: 
2262: 331,2522,4621
2263: 3338,2436,3255,3387
4148: 886,1137,2538
4686: 1877,4106,3877,2758
4504: 2592
2267: 
2268: 807
4783: 2389,2996
2270: 4648,3375,1605,854
2271: 1710
2272: 4428,338,1570,4447
2273: 3515
2274: 3293
2275: 4313,4197,13
2276: 3456,4800,1481,4315
2277: 4596,1008,4377,3746
2278: 3552
2279: 3759,4258,3496,4350
2280: 2707,4809,2722,913,4733
2281: 
2282: 2546,4533
2283: 
2284: 1431,2337,4698,1967,975
2285: 2745
2286: 2222,2993,3560,1177
2287: 3226,2042,4684
2288: 824,295,787
2289: 2795,3539,4012
2290: 4760,130
2291: 
4251: 
2293: 4199,2120,1606,18
2294: 
2295: 276,4060,4800
4442: 331,3684,3916,4353,3540
2297: 1576
2298: 1604,2958,727,3583
2299: 2875
2300: 4097,1603,4362
2301: 2771,3896,911,654
4645: 4173,4405
2303: 2113,213,498,3372
2304: 635,137,1664
2305: 3464,3787,1992
2306: 3478,4549,490,3665,915
2307: 634,2588
2308: 3676,3664
2309: 
2310: 1256,4481,4663
4314: 384,1242
2312: 2145,1675,2807
4271: 2732,1114
4141: 1653,3220
2315: 4510,1238,384
2316: 2116,4316,843,3409
2317: 1953
2318: 4044,3353,1573,4671
2319: 2069,4618,570,4217,1073,4615
4401: 219,603,2772
2321: 2369,3337,1332
4792: 2140,3328,3977,3412,1425
2323: 4156
2324: 2228
2325: 2574,658,3514,334,770,4154,4818
2326: 2411,3996
4564: 2494,2557,3196,3140
2328: 2938,3776
2329: 1715,3314,1074,363
2330: 3626,1517,3514
2331: 
2332: 2710
2333: 2169,2338
2334: 
2335: 
2336: 2871,1257,1871,2953
2337: 270,1638,1432,2284,4698
2338: 2169,2333,2822
2339: 2878,4209,134,3663
2340: 
2341: 2971,3245,2449
2342: 2750,1474,3350,1637,2424
2343: 4281,1154,4220
2344: 725,4351,1228
2345: 3043,1899
2346: 4700,3163,4333
2347: 4658,1281
2348: 
2349: 3625,4020,3874,3824,3912
2350: 3883,931,2570,4626,173
4559: 1712,4799,2760,3200
2352: 1173,2481,2154,4016,2440
2353: 486,3065,1255,1948
4472: 1766,1335,2870
2355: 1559,519
2356: 
2357: 4055,1588
2358: 4761,243,4347
2359: 1165,3267,769,404
2360: 3416,771,3124
2361: 494,628,1045
2362: 2119,1695,3720,1958
2363: 
2364: 733,3393,2678,3411
4728: 623,111
2366: 1312,507,2511,108,3763
2367: 122,1451,778,4396
4351: 1228,4086,4438,2344,3530
2369: 2321,3337,2702,551
2370: 3846,839,4600,1926
2371: 
2372: 4552,2567
2373: 4529,2620
2374: 474,793,3772,4590
2375: 144,365,739,4526,26
2376: 2747
2377: 
2378: 1959,2502,3019,4276
2379: 4081,3288
2380: 1274,1800,883,4348
2381: 
4423: 243,277,3454
2383: 4298
2384: 481,4588,1697,2077
2385: 656,2979,2841,269
2386: 535
2387: 4133
2388: 
2389: 4783
2390: 
2391: 2068,2511,3988,4079
2392: 3171,2408,2151,3156,2851,2013
2393: 1045,2969,3214,3854
2394: 1519,892
4795: 1515,3243
2396: 443
2397: 93,4366,4816
2398: 
2399: 468
2400: 
2401: 
2402: 3563,3903,4565,3361,2554
2403: 3938,3669
2404: 
4633: 3802,4598
2406: 2195,416
2407: 1132,3189
2408: 2392,2151,2013,4475
2409: 2676,2669,4778,2761,3733
2410: 264,4376,2686
2411: 3825,35,4821,2814,2326
2412: 3247,3572
2413: 
2414: 4433
2415: 4424,1875,2937,4769,2514
2416: 3896,428,527
4392: 1530,3387,854,2638
2418: 1826,2665
2419: 2256,4272,1393
2420: 3483,4476,4383,527
2421: 569,453,1184,2452,514
2422: 4154,4584,658
2423: 1392,3736,1150,4610,3965,771
2424: 751,2650,1956,3350,2750,2342,568
2425: 
2426: 2872,3095
4452: 1946,1039
2428: 
2429: 4679
2430: 1133,1811,872,3628
4522: 3129,3889,121
2432: 3187,3943,3862
2433: 186,116
4478: 
2435: 
2436: 2263,3338,414,4530
2437: 4058,587,2157,230
2438: 2700
2439: 4297,2506,3234,2673
2440: 2910,4016,2352
2441: 2605,1163
2442: 2814,3505
2443: 3987,3410,1999,921
4507: 
2445: 
2446: 3060,3672,1452,981
2447: 1857
2448: 3073,296,1725
2449: 3245,4413,2341
2450: 4182,4801,4259
4443: 738,3869
2452: 1184,3796,2421
2453: 1155,4266
2454: 430
2455: 1524,1649,4051
2456: 2941,3267,2168
2457: 253,954
2458: 1394,589,3885
2459: 4770,2478,3447,2826,1046
4616: 2480,4161,1732,1419,493,4391
2461: 42
2462: 4080,2185
2463: 
2464: 1869,655,3621,1412,415,2094
2465: 125,4461,1011,4772
2466: 4630,1365
2467: 
2468: 634,3703,109
2469: 786
2470: 4779,1453,1002
2471: 4384,550,3832,4746
2472: 4073,2874
2473: 706,3257,3354
2474: 251,1279
4499: 839
4399: 3155,3930,3559,1206,3531,2744,4235
2477: 4215,953,2769,4625
2478: 4770,2459,1070,3447,4363
2479: 1690,2530,2012,4379
2480: 4616,1732,4391,89
2481: 1173,2352,184
2482: 571
2483: 173,2736,1266
2484: 4619,1116,3012
2485: 2646,1526,570,4618
2486: 4261,867
2487: 3402,1179,2835
2488: 668,3064,1839,3803,1032
2489: 
2490: 4690,129
2491: 842
2492: 197,3791
2493: 3694,2772,4368
2494: 4564
4242: 762,4786
2496: 1397,503,3849,4185,4773,4019
2497: 4028,429,3290,2581,939
2498: 
2499: 
2500: 1209,1815
2501: 3446,3604,4553,2609
2502: 1435,3019,2378,1041
2503: 3749,4072,4192,3342,2961
2504: 4487
2505: 196
2506: 4297,2439,4033,3597
2507: 1543,83
2508: 3297,2535,1375
2509: 
2510: 3202,1476,99,1864
2511: 2391,2068,2366,1312
2512: 1167,4815
2513: 4160,2218
2514: 145,4769,2415
2515: 4421,3345,1153,4788
2516: 1347
2517: 
2518: 1077,3131,4779
2519: 
2520: 1880,620,4553,3241,1792,2609
2521: 
2522: 2209,2262
2523: 3335,1431,2709,1779
2524: 
2525: 4732,4008,2810
2526: 1582,3100,3700,4766
2527: 
2528: 107,2229,2918,3746,2670,1180
2529: 1703
2530: 2012,4379,2479,1385
2531: 4268,4448
4473: 2077,481,695
2533: 4476,3513,1968
2534: 3077,3174,2658,3474
2535: 3715,1375,3479,2508
4241: 323,1044
2537: 2944,2170,949
2538: 1137,4757,886,4148
4524: 188,1957,775
2540: 1748,3781
2541: 3773
4151: 2786,1680
2543: 344,1272
2544: 4220,724,1876
2545: 4030,836,984,3160
2546: 4669,2282
2547: 914,3403,2861,640,663
2548: 557,1291
2549: 3534,4799
2550: 
2551: 3859,1793,4341,486
2552: 2019,3139,163,3500,2037,3830
4436: 1061
2554: 3023,3396,2402,3903,3361,3744
2555: 1832,1131
2556: 3503
2557: 4564,345,4582
2558: 2177,1500,2714,2641,1318,816
2559: 1558,1727
4476: 2533,1649,2420
2561: 853,223
2562: 1475,2127,900
2563: 1849,3850,1272,1599
4224: 837,3331
2565: 2575
2566: 399,0
2567: 2372,2093,4552,644
2568: 4180,558,4184,4142,1659
2569: 1407,3400
2570: 931,2245,3754,2736,2350
2571: 3941,1043
4467: 3043,4460
4775: 1751,548,1265
2574: 658,1517,2325,3514,334
2575: 549,2565,1236
2576: 
2577: 
2578: 784,3365
4322: 31
2580: 265,3232,863
2581: 877,2497,939,221
2582: 3002,3336
2583: 
4456: 1302,4656,4770,1046,2191
4482: 3229,2905
2586: 
4813: 1274,1753,266,44,1800,2179
2588: 2307
2589: 551,2021,4714,3337,784
2590: 1000,2776,460,4617
2591: 
2592: 3853,4504
2593: 1662,3485
2594: 2643
2595: 313
2596: 294,688
2597: 3906
2598: 3182,2848
2599: 135,3087,3881,1191
2600: 4659,4803,4036
2601: 3564,2159,2106,947
2602: 80,4067
2603: 631,2247
2604: 4554,1699,1771
2605: 2441,3675,1955
4508: 2109
2607: 270,1638,2256,3693,1393
2608: 1256,1162,1083,1434
2609: 1792,2501,2520,4553
2610: 691,318
2611: 802,3556,1030,1731
4460: 4467,662,1552,3743
2613: 489,3153,2885,1327
2614: 522,1543
4418: 4489,4069,2927
2616: 965,936,4705,3344
2617: 4777,660,2215,1245
4388: 774,170,1352,2961
2619: 1378,3553,2953,2871
2620: 3761,4286,2373
2621: 224,3963
2622: 
2623: 4784,2966,4096
2624: 851
2625: 
4648: 2648,3375,854,2270
2627: 2922,2664,930
2628: 3537,3511
2629: 4457,317,4334,1241
2630: 3983,71,2128
2631: 3278,4812,1781,4431
2632: 3158,1659,4062
2633: 519,4613
2634: 3090,4552
2635: 49,4238,2734
2636: 1906,4049,681,1074,3923
4243: 4071,2959,1012,3877,3879
2638: 3705,3431,4392,1530,1814
4774: 3101,4742
2640: 950,494,2698
2641: 2714,2177,2558,343
4390: 2205,688,2934,444,1736,1510
2643: 2594
2644: 1287
2645: 4650,222,4802,1937
2646: 2485,1526,3302,570
2647: 4469,3515,440
2648: 4479,3546,4648,854
2649: 3981,3584,3607,3750
2650: 751,2424,1956,1896
2651: 4819
4470: 1152,2198,1740
2653: 4753,3652,3260,1710
2654: 4262,432,4561,1633,439,3956
2655: 506,2070,677,3640
4708: 2955,3888
2657: 2157,230,2193,3255,3705,3431
2658: 2534,2943,3474
2659: 4558,1424,4577,1925
2660: 3845,622
4746: 1522,2089,100,2167,2471,4384,550
2662: 2796,4031,4192
2663: 538,4026
2664: 4350,1060,4078,1927,2627,930
2665: 2418
2666: 2088,4317
2667: 420,397,2226
2668: 
2669: 2409,3733,853
2670: 1919,2918,2528,1844
2671: 4365
2672: 1375
2673: 3234,4033,2439
2674: 1294,3872,4340
2675: 1208,3053
2676: 2409,4778,3213,1559
4751: 1678,4075,242,2696,4017
2678: 2364,3393,3981,709
2679: 2231,323,3305,3792,343
2680: 
2681: 4570,1828
2682: 2231,3942,1294,3152
2683: 1912,2207,2258,3344
2684: 1007,691,241
2685: 4762,90,118,2064
2686: 2776,2410,2847,4297
4780: 3053,1192,1261,3809,117
2688: 1767,3160,2106
2689: 
2690: 879,2800
2691: 2853,3057,857
2692: 
4769: 954,2937,2415,2514
2694: 4365
2695: 3856
2696: 4751,1678,541
2697: 1023,4002,3156,2013
2698: 494,628,2640,2120
2699: 1300,4262,432
2700: 3633,1108,2438
2701: 205
2702: 2369,551
2703: 
2704: 881,2009,3
4778: 581,2761,3213,2676,2409
2706: 765,2153,3080
2707: 2280,913,469,303
2708: 3699,418,3354
2709: 4188,4384,504,550,2523
2710: 2240,2332
4281: 2343,1154
4355: 1723
2713: 
2714: 2641,2059,2177,2558,2867
2715: 2175,1819,3854,726
2716: 2740,1400
2717: 4445,3908
2718: 3473,1672
2719: 2792,523
2720: 829,934
2721: 745,4646,273,4749
2722: 2280,4809,1775,2233,913,4733
2723: 1697,1926,1630,907
2724: 4238,1842,2857,2734,2121
2725: 3422,2083,482,356
2726: 1160,1846,4187
2727: 831,4743
2728: 1554,1149
2729: 
2730: 3001,474,4801
2731: 4034,4396,262,3162
2732: 1114,2051,4271,872
2733: 4808
2734: 1842,2635,4024,4238,2724
4435: 1370,3165,1964,296
2736: 3754,2570,2483
2737: 3887,3242,1922,88
2738: 584,737,2155,4738,3220
2739: 3433
2740: 997,1400,1889,2716
4787: 3681,1134,2769,610
2742: 881,2009,3862,3456,2109
2743: 1643,572,1572
2744: 4605,4399,3559,4235,1562,1677
2745: 2285
2746: 4259,894,4821,35
2747: 2376
2748: 3815,3482,3477,82,3106,4231
4428: 2272,338,4063,1757
2750: 1474,354,2342,2424,568,668
2751: 1929,646,1065,2944,3307
2752: 1025,3692,3032,3739,4170
4577: 1434,2659,3519,3639,1925
2754: 3608,1862,3042,4601,3623
2755: 4484
2756: 253,4533,4146,1109
4579: 4358,112
2758: 4636,1877,4686,3047
2759: 3584,3392,2102,4093,978
2760: 4416,4559,1742,3200
2761: 581,4778,2968,3733,2409
4441: 517,1823
4283: 3732,1671
2764: 4421,4784,3852
2765: 814
2766: 597,4181,996
4173: 3331,4645,4405
2768: 138,3943
2769: 953,4149,610,2477,4787
2770: 53,182,4048,3105,2995,214
2771: 3896,2301,654,4050
2772: 4368,4401,2493
2773: 789,1112,4332
4189: 345,1101
2775: 1663,1109,4738
2776: 2686,2847,2590
2777: 458
2778: 164,555,1121,1208
2779: 1433,4134,3772
2780: 4237,3352,4654,661
2781: 827
2782: 3205,3330,977,1963
2783: 3679,1753
2784: 3589,4429
4666: 2010
2786: 4151,3323,1096
2787: 4239,1482,4660,3428
4345: 1561,3683
4561: 1633,1485,2654,432
4498: 2170,41,823,3892,2984
2791: 
2792: 2719,3718,523,4414,3029
4765: 1624,606,1920,986,4480,3815,3482
2794: 2869,3065,1288,3264
2795: 2289,3539
2796: 2662,4192,3342,3002
4588: 481,50,2384,4754
2798: 1681,4420
2799: 667
2800: 757,4130,3278,719,2690
2801: 
4631: 578,806,2227,398
4338: 612,2123
2804: 466,4357,4700,4180
2805: 3309
2806: 
2807: 2312,1675
2808: 181
2809: 375,1970,278
2810: 4732,2525,979,1987
2811: 3751,480
4291: 436
2813: 1276,375
2814: 2442,2411,35
2815: 
4576: 1378,1176,916,4394
2817: 1819,917,3259,4086,726
2818: 1191,417,4228,3333
4275: 3157,2185
2820: 3801,3284,40,1503
2821: 
2822: 2338,1892
2823: 484,255,1965
2824: 3308,4076,3897
2825: 3609,3691,670,1539
2826: 2203,1046,3447,2459
2827: 559,4340
4268: 2531
2829: 199,3111,2983
2830: 4465,4747
2831: 1423,1548,1958
2832: 
2833: 2880,1541,1502,3716
4369: 503,399,3669
2835: 1179,2487,3402
4739: 1040,1927,2213,846,4350
2837: 326
2838: 970
2839: 3012,1840,1247
2840: 
2841: 269,2385,2979,987
2842: 108,419,364,3379
2843: 410,4620
2844: 4302,3256
4701: 3273,3269,1596
2846: 
2847: 4297,2686,2776
2848: 2598,3330
4463: 3123,4081
2850: 1230,882,813,3545,3727,3902
2851: 4002,1241,725,3171,2392,3156
2852: 391,694
2853: 2691,4280,857
2854: 645
2855: 
4758: 2911,3925,1037
2857: 1842,2724,1647,417,3087
2858: 3822,1770,244,1119,1008
2859: 1898,2038,3414,183
4368: 2772,2493,3285
2861: 1642,2114,3403,2547,640
2862: 1353
2863: 
4711: 92,3003,159,1160,4187
2865: 365,937
2866: 663,914,1661,1175
2867: 2177,2059,2714
2868: 4183,3105,4337
2869: 2794,1850,1653,1288
2870: 1335,4472
2871: 2336,1257,2953,2619
2872: 2199,2426,4005
4784: 2623,2966,2764,4421
2874: 4073,2472,998
2875: 2299
4563: 1349,786
2877: 3828,2066
2878: 2339,2949,4209,501
2879: 3229,1362
2880: 2833,1607,3690
2881: 1320,2971,4039
2882: 3367
2883: 3698,209,2204,4810,1001
4317: 2088,2666
2885: 1176,1327,2613,3873,3153
2886: 1297,742,823,3892
2887: 4643,4724,3016,1949,1713
2888: 1284,4534,727
2889: 338,3227,4063
2890: 3629,4229,374,19,447
2891: 3352,4654,3648
2892: 3799,4115,1650,1454
4138: 
2894: 
4726: 929,1904,3351,1062,3069
2896: 3073,3676
2897: 4362,1514,2063
4581: 3761,4200
2899: 1383,1002
2900: 1314
4560: 544,3409,1095
2902: 
2903: 3629,4229,36,447
2904: 152,1451,944
2905: 1362,4482,3062
2906: 485
4440: 
2908: 1069,4329,840
2909: 
2910: 2440,1805
2911: 2984,955,949,1037,4758
2912: 3637
2913: 1566,1535,4745
2914: 2150,1726,235
4814: 3764
2916: 4694,809
2917: 557,1291,1700,51
2918: 107,2229,2528,1919,2670
4284: 1905,3132,2025,1508
2920: 4387,495
4272: 530,2419,1393
2922: 2627,319,3195
2923: 
2924: 4247,382
2925: 1124
2926: 4158
2927: 4069,4418
2928: 1600,877,1029
2929: 
2930: 3449,4537,1479,2974
2931: 2140,4221,446
2932: 
2933: 4483,1728,3141
2934: 3405,4102,444,1240,1510,4390
4434: 3412,1904,3756,3296
2936: 753,1966,3602
2937: 1810,4769,2415
2938: 2328,3776,1907,559
2939: 
2940: 
2941: 2456,4377,1180,3267
2942: 4772,4672,4296
2943: 2658
2944: 2537,2751,3307
2945: 79,1361
2946: 3281,3254
2947: 1670,3838
4212: 3577,874
2949: 2878,4209,501,785,2967
2950: 3601
2951: 992,264,256
2952: 229,459,3793
2953: 3964,1976,2871,2336,2619
2954: 1209
2955: 4708,1141,3667
2956: 952,4088
2957: 276,689,4800
2958: 2298,1604,1284,493
2959: 4071,4243,1012,4823
2960: 412
2961: 1352,3342,2503,4388,170
4500: 
4555: 241,3548
4535: 4469,145,1850
2965: 1521,1983,179,3808
2966: 3803,4784,2623,3345,4421
2967: 469,4439,2949,4209,66
2968: 4578,581,2761
2969: 4199,2393,4680,3214
2970: 3370,1713,11,722
2971: 2341,3245,2881
2972: 534,1164,1500
4228: 2818,417,1134,3333
2974: 948,328,2930,3630
2975: 3317,2247
2976: 
2977: 2252,4537,4150,4662
2978: 3439
2979: 4256,2385,656,2841,987
2980: 3115,4006,1874
2981: 3016
2982: 272
2983: 1186,847,3111,2829
2984: 3892,2911,2170,4498,949,1297
2985: 1141,843,3888
2986: 690
2987: 3675,4425
2988: 299,1305,3181
2989: 437,3551
2990: 3775,4147,4573,239
2991: 271,607,3838
2992: 
2993: 2286,2222
2994: 
2995: 3105,2770,182
2996: 4783,4054
4541: 2243
4747: 2830
4594: 1036
3000: 2244,4114,3216
3001: 307,2730,740
3002: 1689,2582,2796
3003: 4711,3472
3004: 834
4819: 1129,2651
3006: 3901,4288,287
3007: 
3008: 
3009: 4289,3464,1992,2017,701
3010: 
4771: 3457
3012: 1116,2839,1840,2484
3013: 3504
3014: 4768,2102,4093
3015: 3366,1173,1805,3074
3016: 4234,2981,424,2887
3017: 4344,4085,1882,2051
4682: 1461,2148
3019: 1435,2502,2378
3020: 914,3403,1914,1341
3021: 
3022: 
3023: 3396,2554,3744,4767,2137
4139: 3374,1870,2189,3266
3025: 37,3939
3026: 2088
4717: 306,1829
3028: 4607,3068,4244,1054,4675
3029: 680,4225,3718,2792,4414
3030: 3573,852
4246: 4721
3032: 3739,2752,3620
3033: 3994
3034: 794,128,3481
3035: 1484,1967,3908,3955,1733
3036: 
3037: 4325,349
4761: 2358,243,3343
3039: 
3040: 764,169
4738: 3220,3646,2775,2738
3042: 2754,3623
3043: 4467,2345
3044: 1547,3760,685,3315,1395
4302: 2844,3256,3247
3046: 4670,1257
3047: 4213,4636,2758
3048: 556,3170
3049: 
3050: 2176,669
3051: 3209,3922,65
3052: 4152
3053: 4780,2675,1261
4248: 3256,621
3055: 1232
3056: 328,1387,3671
3057: 3793,68,1103,2691
3058: 445
3059: 1363,3254
3060: 2446,3672,1452
3061: 4657,3936,3787
3062: 3916,4353,2905,1863
3063: 3522,3103,1827
3064: 2488,1861
3065: 2353,2794,1316
3066: 4573,586,2126
4822: 4582,3912
3068: 4607,3028,4244,531,64,1477
3069: 929,4726
3070: 2232
3071: 1620,4595
3072: 
3073: 296,2448,2896,1081
3074: 1805,1695,3366,3015,1986
3075: 347,376
3076: 463,2236,3638,3265
3077: 2534,3174
3078: 4550,4233
4553: 2520,620,3446,2501,2609
3080: 3581,3443,2706
3081: 3472,514
4149: 953,1677,2769,610
3083: 4360,3715,4270,2133,4219
3084: 1491,3513,1582
3085: 3225,3152,1764,830
4231: 1940,3106,3815,3482,2748
3087: 135,2599,2857,1647,1990,1191
3088: 750,1175
3089: 
3090: 2634,2093
4462: 1792,3826,643
3092: 
4543: 3172,858,67,4798
3094: 1585
3095: 4159,4542,2426,1388
3096: 
3097: 3432,3846,3906,1018,3989
3098: 4039,3542
3099: 3168
3100: 1582,2526,4766,466,4218
3101: 4774,993
3102: 1851,3310,1620,4455
3103: 3477,1827,3063,3522
3104: 
3105: 2995,2770,214,2868
3106: 1940,4231,2748,3954
3107: 964,896,150,2084,1309
3108: 3279,3367
3109: 1877,4450,4134,1694
3110: 40,3737,1503,1769,174
3111: 2829,2983,1975
3112: 622,1608,364
3113: 3346
3114: 822,2244,3216
3115: 2980,1052,4006,4037,564
3116: 2251,37,1831
4600: 839,407,4663,2370,1926
4764: 3642,1075
4777: 2617,660,1657,403,1042
3120: 621,3274
4810: 1001,4407,2883,2204,311,3567
4181: 996,2766,471
3123: 4463,1865
3124: 4662,1038,2360
3125: 1190,4276,4697
3126: 1672,3573
4342: 
4801: 4182,1918,2450,4318,2730
3129: 4522,787
3130: 988,3934,1219,3802,2041
3131: 1077,2518,4760
3132: 195,4284
4396: 778,262,2367,2731
3134: 691
3135: 150,502,3581
3136: 1994,155,4518
3137: 3150,1243,1506,4587
3138: 3582,580,4531,3178,4623
3139: 2019,2167,2552,100
3140: 3824,3455,4564,3912
3141: 1728,4644,2933
4626: 931,874,3883,832,2350
3143: 3943,4800
3144: 1030,1740,4685,802
3145: 3742,1953,3400
3146: 574,4155
4481: 407,4663,2310,3639
3148: 
3149: 4488,4140,904,1993,4285
3150: 3137,3322,513
4562: 1981,4486,22,1803
3152: 3225,3085,2231,2682,3305
3153: 3873,705,1884,2613,2885
4312: 419,2098,3636
3155: 3930,4399,1206,3531
3156: 2392,4002,2851,2697,2013
3157: 1344,4275
3158: 2632,3163,1880,3241,3826
3159: 
3160: 2688,1767,3273,984,836,2545
4287: 95
3162: 2731,4034,873
3163: 2346,4184,4333,1880,3158
3164: 3485,3845
3165: 4642,1964,4435,296
3166: 260,810,4706
3167: 531,4720
3168: 3099,231,596
3169: 4709,294,4805,1895
3170: 4580,3048
3171: 2392,2851
3172: 1220,4543,895,482,4798
3173: 4589,4196,4161
3174: 2534,3077,745,3654,4525
3175: 15,1549,893,4293,3547
3176: 4627,4567,3899,3747
3177: 3666
3178: 89,678,3138,4531
3179: 595,164
3180: 1169,3258,1115
3181: 1305,2988,4479
3182: 2598,151
3183: 
3184: 1854,23,2046
3185: 969,3591,4815
3186: 4065,912,2097,1508,1473,4812
3187: 2432,3862,881
3188: 333,161,195
3189: 862,2407,1951
3190: 
3191: 436,13
3192: 1320,796,3521
4731: 
3194: 103
3195: 3875,2048,4339,319,2922
3196: 4564,3455
3197: 2033,4420
3198: 702,937,3882,110
4519: 1739
3200: 1742,4559,2760
4304: 815,3207
3202: 3685,2510,3966,1864,4116
3203: 3351,2239
4806: 978,3411
3205: 3330,2782
3206: 
3207: 4304
3208: 
3209: 3051,166,3704,3294
3210: 2069,4618,1599,3485
4348: 1485,3526,2380,883
4308: 722,4789,4055
3213: 3812,4778,2676,1559
3214: 1819,3854,917,2969,2393,4680
3215: 3349,4794,75,1944
3216: 3462,3114,2244,3000
3217: 3750,1609,3987,492
4394: 916,1378,4576
3219: 
3220: 4738,584,2738,4141
3221: 1363,3680,199,3770
3222: 1287,2138
3223: 4045,4721
4335: 3673,642
3225: 3152,3085
3226: 2042,2287,951,1623
3227: 1068,244,1445,2889
3228: 1075,1088,3642
3229: 3422,2083,4482,2879
3230: 4567,4416
3231: 2205,688,3974
3232: 2580,1468
3233: 198,565,1181,4343,2130
3234: 2673,2439
4789: 1555,722,4308,1020,4230,4055
3236: 15,863,3917,2043
3237: 
4618: 2319,2069,3210,2485,570,1599
3239: 731
3240: 
3241: 2520,1880,3158,1792,3826
3242: 4530,2737
3243: 437,4795
3244: 1696
3245: 2449,3542,2971,2341
4323: 239,3471,4252,2004
3247: 2412,4302
3248: 765
4289: 284,3009,1992
3250: 4244
3251: 3663,134
3252: 2212,98,1206,868,871
3253: 3280,1985,4637
3254: 3059,2946
3255: 2263,3338,3431,414,2657,2193
3256: 4248,4302,2844
3257: 706,2473,3354
3258: 1737,3180
3259: 1780,3836,917,2817
3260: 1710,1519,4753,2653
4215: 2477,1629
4529: 2373,1975
3263: 4763
3264: 1288,2794,1316
3265: 3076
3266: 3694,1870,603,4139
3267: 2359,2941,2456
4772: 1011,2942,2465,4461,4672
3269: 4701,3273,984,352
3270: 
3271: 3812,4225,3461,3860
3272: 440,1288
3273: 4701,3269,984,3941,3160
3274: 2165,3120
3275: 4117
3276: 1768
3277: 1978,483
3278: 2631,4431,2800
3279: 3108,4347
3280: 1985,358,1741,3253,1227
3281: 2946,3949,3624
3282: 249
3283: 4494,3618,1795,3700
3284: 3801,3781,2820
3285: 4427,4368,3413
3286: 
3287: 4548,153,282,1016
3288: 2379
3289: 4058,4474
3290: 1788,639,3777,2497,3722,939
3291: 
3292: 1369
3293: 2274
3294: 3704,1410,3209
3295: 1254
3296: 3977,1904,4434,3412
3297: 2508,580,3734,1266
3298: 4647,1216,1202,3525,1573,1745
3299: 943,511,652,723,290
3300: 1150,1737
4573: 586,2990,3066
3302: 3694,3374,2646
3303: 4313,4197,3603
4798: 895,67,3172,4543
3305: 3792,2231,2679,3152
4627: 3176,3899,4457,4426
3307: 2170,2751,1065,2944
3308: 2824,3763,2068,4076,3897
3309: 2805,1304
3310: 357,3434,1376,4665,3102,4455
4757: 1137,2538
3312: 4501,4776,3489,4420
3313: 4073,998,2158
3314: 1715,2329,227,1028,363
3315: 685,3044,1395
3316: 756,1502
3317: 2975,2247,359
3318: 873,4807
3319: 284,1751,964,594
3320: 
3321: 4641,1306
3322: 774,3150,513
3323: 1096,3821,2786
4649: 1683
3325: 1373,2056,1405,285
3326: 
3327: 
3328: 2140,4792,1632,3997
3329: 45
3330: 3205,2782,2848
3331: 3894,31,4224,4173
3332: 4321,4083,1743
3333: 4228,2818,1134,4551
3334: 440
3335: 2523,1431,2089
3336: 2582,656,4256
3337: 2369,2321,1332,551,2589
3338: 2263,2436,3255,414,4530,2193
4220: 724,2544,2343
3340: 249
3341: 3758,1974,4451,1528
3342: 1352,2961,4192,2503,2796
3343: 4761
3344: 510,2616,936,1912,2683
3345: 1048,3803,2966,2515,4421,4788
3346: 3113
4219: 2133,1198,3083,528
3348: 1015
3349: 4794,3215,1944
3350: 961,1637,2424,2342
3351: 929,4726,2239,3203,1062
3352: 2891,4654,661,2780
3353: 2318,4044,1573,821,1138
3354: 3257,418,2473,2708
4270: 1856,2133,4536,3083,4360
4170: 3692,2752,3732
4371: 3882,110,3935,4010
3358: 1567,4734,1181,210,4343
3359: 1174,1860,153,4548
3360: 2146,1806,3971
3361: 955,2402,2554,3744
3362: 
3363: 4177,4756,3406
4565: 3563,2402
3365: 784,160,2578,4072
3366: 3015,3458,3074,646
3367: 3108,2882,1258
3368: 1889,3622,4327
3369: 4735,2006
3370: 424,1713,2970,11,1293
3371: 1971
3372: 213,2303,1145
3373: 3946
3374: 4139,3591,3302,1995
3375: 1605,4648,2270
3376: 
3377: 4223,4651,4750,380,1998
4647: 1216,3298,352,1745
3379: 1878,3897,2842,419
3380: 
3381: 1831,2248
3382: 3950,4310,116,1357
3383: 
4674: 3389
3385: 4,3851,1420
3386: 3718,523,36
3387: 4598,854,4392,2263
4730: 
3389: 4674,4638,2022,1705
3390: 
3391: 1493,1747
3392: 4583,2102,4768,1122,2759,3607,4622
3393: 2364,733,2678,258
3394: 2097,4812
3395: 1067,456,3775,4252
3396: 3023,2554,3903,2188
3397: 1132
3398: 3946
3399: 3549
3400: 3145,3742,2569
3401: 3473,879,3457,1050
3402: 2487,2835,220
3403: 3020,2547,1914,2861
4659: 2600,3836
3405: 2934,4102,1510,1062
3406: 3363
3407: 1472
3408: 4574,4733,473
3409: 3524,843,2316,4560,1095
3410: 536,3626,258,2443,1999
3411: 4806,1873,2364,733
3412: 4434,3296,3977,4792,1425
3413: 4427,3285
3414: 2038,57,2859
3415: 788,3986,3936
3416: 2360,771,1082
4286: 1611,3761,2620
3418: 1369,2018,1854,2169
4247: 2924,382,899
4617: 460,992,2590,3579
3421: 721,3439
3422: 2725,2083,3229
3423: 4474,3819
3424: 3973,1330
3425: 1654
3426: 
3427: 
3428: 4239,3807,2787,4036,4803
3429: 4404,4004
3430: 
3431: 2638,3705,3255,2657,2193
3432: 1245,3097
3433: 2739,4650
3434: 357,3476,1376,3310
3435: 2010
3436: 3499,1091,1972
3437: 4012
3438: 2206,292
3439: 841,3421,2978
3440: 324,4612
3441: 1832
3442: 
3443: 3581,3080,1487,2043
4237: 2780,3843,661
3445: 2092,1934
3446: 3649,3604,2501,3940,1268,4553
3447: 76,2459,2478,2826
3448: 2112,2022
3449: 4537,1479,2930,4150,4788
3450: 3952,1338
4158: 3645,2926,1935
3452: 3627,945
3453: 169,2141,2182
3454: 1495,736,4423
3455: 3140,1093,3196
3456: 3862,2276,2109,2742
3457: 1050,3401,4771
3458: 3366,1929
4549: 2306,3478,3665,166
3460: 155,1348,1243,2035
3461: 799,3860,3271
3462: 3216,1317
3463: 4267,923
3464: 2305,1992,3009
3465: 922,4571,1770,3822
3466: 1643,2046,4143
4194: 
4634: 1637,354
3469: 4169
4239: 3807,2787,3428
3471: 4252,1375,4323,2004
3472: 3081,3003
3473: 2718,3401,879
3474: 2534,2658,1586
3475: 1683
3476: 3434,1376,1622
3477: 3103,4480,3482,2748,82
3478: 2306,4549
3479: 678,677,3715,2535,2070
3480: 1879,3800,1346,1520,1174
3481: 3034,128,538
3482: 4480,3815,2748,3477,4765,4231
3483: 2420,4383,1789
3484: 3681,4551,4488,1520
3485: 3210,2593,3164
3486: 858
4298: 689,3858,2383
4370: 
3489: 4776,61,79,3312,4501,1342
4330: 1398,2061,1587
3491: 1108,3847
3492: 315,2039
3493: 2008,920
3494: 2065,1533,1727
4630: 637,2466
3496: 4350,1060,1704,2279,1386
3497: 1853,1862,1448,4601
3498: 1521,4722
3499: 3436,1091,4201,1223
3500: 1165,2037,3830,2552
3501: 1623
3502: 2145,1675,1117
3503: 2556,3805
3504: 3013
3505: 751,1956,2442
3506: 1852,1006,420,397,1963
4515: 
3508: 3728,4398
3509: 4699,2064
3510: 380
3511: 2628
3512: 1873,733
3513: 2533,1226,1582,1968,3084
3514: 2574,1517,2325,2330,536,3626,334
3515: 2273,2647,440
3516: 355
3517: 4060,3947
3518: 
3519: 4444,383,3639,4577,1925
3520: 
3521: 4034,3192
3522: 4062,3063,4210,3103,1827
4689: 3927
3524: 1373,843,3409,3888,1095
3525: 2000,1216,1202,3298
3526: 1485,4348,432
4457: 2629,317,3899,4627
3528: 4132
3529: 
3530: 1547,4351,4438,101
3531: 98,3155,4399,1206
3532: 2141,1903
3533: 1706,2044,4185,4019
3534: 2549,4799,49
3535: 
3536: 1546,2142,808,4791,3540,3684
3537: 2628,4026
4754: 1260,50,4588
3539: 2289,2795,4012
3540: 1546,3536,3684,4442,4353
3541: 1545
3542: 3245,3098
3543: 4497,2125,4608,4122,2117
3544: 1973,509
3545: 3727,3902,882,2850
3546: 4479,2648,3934
3547: 4293,3175,3917
3548: 4555
3549: 3399
3550: 86,4030,2257,113
3551: 1473,1723,2989
3552: 2278
3553: 2619,1378,3964,1327
4360: 3083,3715,4270,2133,4536,677,3640,2070
4218: 1657,466,3100,1491
3556: 802,2611,1731,1939
3557: 50,1260,876
4496: 1005,167,1660
3559: 3930,4399,933,4605,2744
3560: 370,2286,1177
3561: 1804
4426: 4627,1136
3563: 2402,3903,4565
3564: 2601,947,2257,1895
3565: 
3566: 3637,339
3567: 136,4810
3568: 2221
3569: 2096
3570: 386
3571: 2062,1694,1433,961,305
3572: 4417,2412
3573: 3030,1672,3126,1050
4227: 662
4437: 2171
3576: 521,143,4656,160
3577: 4212,832,702
4608: 101,4497,3543,2117
3579: 4756,4617
3580: 1219,4635,1292
3581: 3080,3443,3135
3582: 3138,4038,1031
3583: 2230,2298
3584: 2759,978,2649
3585: 
4655: 3619,1104,2129,2072
3587: 
3588: 4107,810,753,1693
3589: 2784,4602,562
4236: 852,416
3591: 3374,3929,3185,969,1995
4601: 3623,3497,2754,1862,1448,529
3593: 3597,1959
3594: 114,1089,1188
4140: 3149,4488,3785,1993
4718: 4679,1004
3597: 3593,4033,2506
3598: 1626
3599: 330
3600: 3735,597,509
3601: 394,281,2950
3602: 2936,4249,4706
3603: 3303
3604: 3649,3446,2501,168,497,4096
3605: 201,30,3984
4781: 152,3837
3607: 2176,4622,3392,2649
3608: 2754,1862,1950,2075,1853
3609: 590,2825,4637,710,1441
4497: 3543,2125,4163,4608
4315: 1481,4800,2276
4732: 4008,2525,2810,3686,979
3613: 1024
3614: 
4599: 1285,470
3616: 350,4503,808,4791
3617: 352,1146,113
3618: 4051,1226,3283,4494,3700
3619: 874,4655
3620: 3732,3032,1671
3621: 2464,655,1412
3622: 4327,1915,3368
3623: 4601,4750,2754,3042
3624: 3281
3625: 2349,4290,4020
3626: 3410,536,258,2330,3514
3627: 3452
3628: 872,2430,1133,648
3629: 4229,2890,2903,447
3630: 280,2974,500
3631: 
4667: 1608,38,1450,360,3657
3633: 2700,3834,1108
3634: 1089
3635: 2150,16,1702
3636: 1884,2098,4312,1450
3637: 3566,2912
3638: 463,3076
3639: 3519,4577,1434,4481
3640: 4536,677,4628,4360,2655,506,2070
3641: 2107,348
3642: 4764,3228,1075,1088
3643: 
3644: 793,285
3645: 1265,4158,71,4003,548
3646: 4738,954
3647: 1708,4327,1915
3648: 1140,2891
3649: 3446,3604,1268,168
3650: 4818,2136,837,4006
4168: 
3652: 2653
3653: 
3654: 745,4749,3174,4525
4301: 
3656: 
3657: 1450,360,38,4667,3886,2015
4244: 531,3250,3068,3028
4461: 1033,2465,4772
3660: 431,1428
3661: 717,408,339
3662: 118
3663: 3251,227,2339,4209,66
3664: 2308
3665: 490,363,166,2306,4549
3666: 3177
3667: 1679,174,1141,2955
3668: 
3669: 399,2403,4369,503
4518: 3136,1994
3671: 1387,1110,3056,280
3672: 3060,2446,981
3673: 3853,4335
3674: 732,3882,144,365
3675: 4425,1955,2605,2987
3676: 2308,2896,4253
3677: 2172,4223,4651,3983
4526: 739,2375,144,3938
3679: 2783,1330
3680: 1363,3221,199
3681: 1134,4551,4787,3484
3682: 
3683: 792,4345,1561
3684: 331,4442,3536,808,3540
3685: 3202,1183,4116
3686: 979,4638,4732
3687: 168,497,354
3688: 1061
3689: 1740,4685,2001,1674
3690: 1607,2880,125
3691: 670,2825,1539,4285,1476
3692: 2752,4170
3693: 2256,4329,498,2607
3694: 3266,2493,3302
3695: 4683,4702,1408
3696: 3778
3697: 1651,891
3698: 2883,4160
3699: 2708
3700: 1582,2526,3283,1226,3618
4262: 2654,432,2699,1300
3702: 2062,69,4213,305
3703: 109,2468
3704: 166,3294,1410,3839,3209
3705: 2638,3431,1814,2657
4788: 1153,4150,795,3345,1048,1032,2515,3449,1479
3707: 
3708: 2155,1096
3709: 4038,3755
3710: 2239
3711: 126
3712: 640,1384,1618,1642,663
3713: 4397,1892,1360,4793
4285: 1476,99,3149,1993,3691,2241
3715: 3083,4360,2535,677,528,3479
3716: 1541,309,2833
4208: 4615,2069
3718: 3386,523,2792,4414,672,3029
3719: 875,1939
3720: 1986,1695,2362
4427: 2161,33,3413,3285
3722: 200,3290,3777,2199
3723: 2241,1016,99,4589
3724: 
3725: 2019,2167,163,1730
3726: 
3727: 3545,3902,1743,2850
3728: 3734,1266,3508,4398
3729: 4361,2045
4238: 2724,2635,2734,2121
4465: 1814,368,2830
3732: 3620,4170,4283
3733: 436,2761,2669,2409
3734: 1266,3728,4623,3297,580
3735: 3600,509
3736: 2423,1392,1150,4610,3965
3737: 3110,174
3738: 413
3739: 3032,1509,1025,2752
3740: 400
3741: 977,1006,4468
3742: 3145,3400,543
3743: 3880,4460,1552
3744: 4090,3361,3023,2554,2137
3745: 1789,1245
3746: 107,2528,2277,1180
3747: 4024,1742,4567,3176
3748: 
3749: 2503,160,4587
3750: 3217,709,2649
3751: 2811
3752: 
3753: 4068,1416
3754: 2736,2004,2245,2570
3755: 292,304,3709,2216
3756: 1736,1062,1904,4434
3757: 291,2007
3758: 3341
3759: 4258,2279,1501,177
3760: 1547,3044,3959,1395
3761: 4581,4200,4286,2620
3762: 1828
3763: 3308,2366,2068
3764: 3789,4814
3765: 426
3766: 2133,1198,1600,4542,1856
3767: 4653,234,1404,4403
4727: 4590,1918
4768: 3014,223,1636,3392,4583,2102
3770: 199,3221
3771: 2230,188,304
3772: 2208,2374,2779
3773: 2541
3774: 524
3775: 4147,2990,3395,4252,239
3776: 2328,2938,1907
3777: 3290,639,200,3722
3778: 3696
3779: 2090,4786,1078
3780: 366,1005,167,864
3781: 3801,3284,1748,2540
4749: 2721,745,3654
3783: 1790,2236
4678: 4742,1230,1945
3785: 1520,153,1993,4140,1174
3786: 4544,1577
3787: 2305,4657,3061
3788: 4643
3789: 1478,3764
4742: 4678,1646,4774
3791: 2492
3792: 1318,3305,343,2679
3793: 3057,68,1176,2952
3794: 1780,725
4353: 3916,3062,4442,3540
3796: 1184,2452
3797: 613
4204: 2143,1056,960
3799: 2892,799,1454
3800: 3480,1879,1346
3801: 3781,2820,3284,1748,1091,40
3802: 4633,2041,3934,3130
3803: 1839,2966,2488,3345,1048,1032
3804: 
3805: 3503
3806: 479,378,4037,4697
3807: 4239,3428,943,4036
3808: 179,2965,1521
3809: 1261,4780
4755: 
3811: 2103,171,4683
3812: 3213,3271,3860
4489: 4069,4418
3814: 3937,4157
3815: 3482,2748,4765,4231
3816: 1227,3979,935,1741
3817: 1757,475,1499
3818: 4767,1099,2137
3819: 4474,3423
3820: 1144,616,1185
3821: 3956,3323
3822: 2858,3465,297,1770
3823: 
3824: 3140,3874,2349,3912
3825: 2411,4821,387
3826: 3241,3158,1792,4462
3827: 214,2080,4595
3828: 2877,744
4422: 
3830: 530,3500,2552
3831: 
3832: 1730,1803,2471,4384,1721
3833: 2114
3834: 4644,4295,3633
3835: 
3836: 4680,4659,917,3259
3837: 4781,59
3838: 1920,607,2991,2947,606
3839: 1715,3704,1410
3840: 1199,4167,191
4644: 3834,3141
4266: 4653,1155,2453
3843: 661,4237
3844: 4740,1909,1770,922,3875
3845: 622,2660,3164
3846: 2370,3097,3989,860
3847: 946,3491
4431: 2631,3278
3849: 1326,4185,4619,2496,1397
3850: 1849,1982,2563
3851: 3385,1420
3852: 1602,643,2764
3853: 2592,3673
3854: 1819,3214,2393,1045,263,2715
3855: 1112,4332,4334
3856: 2695,2103,2138
3857: 1236
3858: 4298
3859: 2551,1793,584
3860: 799,3461,3812,3271
4492: 1945,1917,882,402
3862: 3456,2109,3187,2432,2742
3863: 1665
3864: 1817
3865: 
3866: 
3867: 
3868: 
3869: 738,2063,4443
4438: 726,101,4351,4086,3530
3871: 1110,280
3872: 4340,2674
3873: 459,3153,2885
3874: 1093,4405,3824,2349,4020
3875: 2048,3195,4339,3844,1909
3876: 
3877: 4636,4243,4686,3879
3878: 1354,1106,729,200
3879: 2049,4712,4243,1012,3877
3880: 3743
3881: 135,2599,491,1022
3882: 110,4371,3198,3674
3883: 962,3935,832,4010,2350,4626,173
3884: 501,818,785,4809
3885: 1683,4502,2458
3886: 2034,3657
3887: 315,4530,2737
3888: 4708,2985,3524,843
3889: 121,295,73,4001,4522
3890: 
4381: 540,446
3892: 2984,4498,823,2886,1297
4188: 2709,504,838
3894: 3331,31
3895: 
3896: 2771,2416,2301
3897: 3379,1878,3308,2824
3898: 924,2204,209,556
3899: 3176,4627,4457
3900: 
3901: 3006,4060,4288
3902: 3545,3727,4190,813,1743,2850
3903: 3563,2402,3396,2554
3904: 
4311: 370,4793,435
3906: 2597,1018,660,3097
3907: 682
3908: 2717,4445,242,3035,4017
3909: 
4799: 254,1651,1712,4559,3534,2549,49
4632: 1283,1580
3912: 3824,3140,2349,4822,449
3913: 1709
3914: 
3915: 4191,361
3916: 3062,4353,4442
3917: 2043,3236,3547
4756: 3579,4415,3363
3919: 457,679,1026
3920: 
3921: 483
3922: 3051
3923: 2636,681,411
4604: 3947,4092,985,499
3925: 1297,742,1070,4758
3926: 
3927: 4689
3928: 
3929: 4737,3591
3930: 3155,4399,3559,446,933
3931: 4250,1340
3932: 4057,574
4455: 1620,1376,3310,3102,2080
3934: 3130,3546,3802
3935: 3883,4010,173,2024,4371
3936: 3415,3986,4041,3061
3937: 792,3814
3938: 2403,732,144,4526
3939: 3025
3940: 864,1268,366,3446,620
3941: 2571,3273
3942: 2231,2682,1294
3943: 3143,2768,2432
3944: 
4785: 4376,741
3946: 3373,3398
3947: 4604,4092,3517,499
3948: 1382,541,4154,1874
3949: 158,946,3281
3950: 3382,4310
3951: 65
3952: 3450,1338
3953: 650
3954: 1498,1940,3106,119
3955: 1733,1859,3035,2181
3956: 2654,3821,439
4261: 2486,2123
4796: 1177,4366,4641,2105
3959: 2117,3760,573
4532: 1925,2002,4558,383
3961: 4483
3962: 4078,1034,229,4571,1086
3963: 2621,224,4790,4430
3964: 2953,1976,489,1327,3553
3965: 4610,1303,771,2423,3736
3966: 1864,3202,1851,4116
3967: 488
3968: 916,1103,4313,1455,615
4657: 3061,793,3787,4590
3970: 
3971: 2146,3360,4683,1408
3972: 1922,1422,2039,315,1771,532
3973: 1505,3424,1739
3974: 891,1583,3231
3975: 789,1112
4221: 2931,446
3977: 3296,1632,3412,4792
3978: 43
3979: 473,935,3816
4192: 4031,2503,2796,2662,3342
3981: 2649,2678
3982: 1885,1249,4490,618,4709
3983: 2630,71,4651,2172,3677
3984: 30,3605,201
3985: 4094,2159,1492
3986: 4041,544,788,3415,3936
3987: 2443,3217,709,492
3988: 2391,2068,4098,4076
3989: 2066,860,3097,3846,1018
4536: 677,3640,217,4270,4360
4602: 3589,562,4179
4324: 410,617
3993: 965,255,85
3994: 3033
3995: 2027
3996: 1440,2326
3997: 10,1341,1632,3328
3998: 895,356
3999: 1426
4000: 848,458
4001: 73,1987,3889
4002: 2851,1241,3156,2697
4003: 548,349,71,3645
4004: 1342,4404,32,3429
4005: 2872
4006: 3115,2980,3650
4007: 537,4022,1536
4008: 4732,2525,4352
4009: 1405,285,198,565,2208
4010: 962,3883,3935,832,110,4371
4716: 1163,1868,1546
4012: 3437,2289,3539
4013: 
4014: 
4296: 209,4713,2942
4016: 92,2154,2352,2440
4017: 1253,4121,3908,242,4751
4018: 29
4019: 4494,4773,4185,2496,3533
4020: 2349,3625,3874
4206: 4575
4022: 4007,1128
4023: 2216
4024: 3747,1742,1842,2734
4025: 
4026: 538,2663,3537,218
4622: 2176,3607,3392,1122,669
4028: 429,692,2497,1022
4029: 
4030: 947,836,2545,2257,3550
4031: 4192,2662
4398: 316,3728,2024,3508
4033: 1278,3597,2673,2506
4034: 2731,3521,262,3162
4035: 
4036: 943,3807,3428,2600,4803
4037: 257,564,4697,3115,3806
4038: 3709,3582
4039: 3098,2881,2226
4040: 
4041: 3986,3936
4697: 4037,257,479,3806,3125
4350: 3496,2664,2279,1927,4739
4044: 2318,3353,4671,1793,1138
4045: 3223,1100
4336: 
4047: 
4048: 1622,2080,2770,53,214
4049: 2636,1906,469,4439,1074
4050: 1649,2771
4051: 3618,1524,2455
4052: 327,1246
4053: 2029
4054: 2996,2029
4055: 2357,4660,1588,4789,4308,1020
4056: 
4057: 910,3932,1801
4058: 2437,230,3289
4059: 
4060: 3517,4288,2295,3901
4061: 2242,14,1282
4062: 3522,2632,561,4210
4063: 2094,4428,338,2889
4064: 1279
4065: 912,3186,2095,1508,1905
4066: 485
4067: 80,2602
4068: 3753,4468
4069: 4489,2927,4418
4745: 4603,2913
4071: 4243,2959,1201,210
4072: 2503,3365
4073: 2874,2472,998,3313
4074: 2258,1836,1882
4075: 4751,1678,1253,2047
4076: 4098,2068,3988,3308,2824
4077: 
4078: 1927,3962,2664,930
4079: 88,2391
4080: 2462
4081: 4463,2379
4082: 
4083: 4190,1743,1806,3332
4084: 1613,1781
4085: 4344,3017,2051,1424
4086: 4351,1228,2817,4438,726
4087: 
4088: 4514,2956
4687: 1279,4364,938
4090: 3744,1037,2137
4091: 272,2209,2149,1670
4092: 3947,4604
4093: 1499,978,3014,2102,2759
4094: 1917,1597,2159,3985
4095: 1973,1685,1581
4096: 497,3604,2623
4097: 2300,1603,4387,4362
4098: 4076,3988,1558
4821: 718,4359,333,894,2746,3825,2411,35,387
4705: 428,2616,510
4101: 1974,1532,427
4102: 2934,3405
4103: 
4104: 
4105: 2006
4106: 4343,2130,4686
4107: 810,3588
4108: 553
4109: 1949
4415: 4756,1027
4111: 36
4112: 1019,1136,1990,429,692
4113: 
4114: 2244,3000
4115: 1650,401,2892,1454,1310
4116: 3966,3202,3685,1851
4117: 3275,1923
4118: 2213,2015,846,459,705
4119: 2012,1391,186
4120: 4429
4121: 1253,4017,1836
4122: 3543,2034
4123: 1838,492,1609,556,924
4124: 2008,1308,1383
4125: 4196,1016,4589
4670: 4282,3046
4127: 
4199: 2293,2969,2120,628
4129: 1082,562,1611
4130: 757,2800,719
4131: 1915
4132: 3528,4484
4133: 2387,325
4134: 2779,4450,3109,1694
4185: 1326,3849,2496,1706,3533,4019
4136: 1269
4610: 3965,2423,3736