0: 4371,316,4369
1: 1362,96
2: 
3: 434,596,3187
4: 3072,3503,2388
4202: 800
6: 
7: 43,369
8: 
9: 1206,540,1175,3252
10: 914,2931,3088,3930,540
11: 402,1555
12: 1583,294,891,2545,1885
13: 2953,1976,1257,878,3191
14: 1823
15: 1674,1791,1726
16: 4470
17: 175,574,3932
18: 1819,190,2600,3899,1228,4680
19: 1727,3629,4098
4334: 1136,1241,3290
4820: 4008,1987,4512
22: 2649,978,3981,3832,3817
23: 4160,1854,3184
24: 
25: 75,1686,2095
26: 2301,1965,2813,732,3882
4624: 1889
4800: 2383,1481,3943,1462,2742,923
29: 4018
30: 
31: 1314,258,4322
32: 196,3605,201
33: 2772,1045
4767: 3818,949,1297,3307,2402
4097: 1486,2173,2897
36: 672,2792,4414,680
37: 
38: 390,1662,4667,3485,2660
39: 4529,946
40: 1503,2820,2230,3284
41: 955,646,2170
42: 1966,2461
43: 7,369
44: 1089,1233,1746
45: 1340,3329
46: 1535
4592: 763
48: 2561,4583,3014,3303
49: 2744,98,3155,1449,4399,4381
50: 3557,4754,2384
51: 3197,3489
4591: 2769,2549,610,358,953
53: 4595,1620,4455,214,1376
4341: 3859,3353,3351,1316,3065,3710
55: 3230,3855,4416
56: 
57: 2859,774,4388,2038
58: 3105,1223
59: 3903,4413
60: 985,2916,2457,339
61: 557,191,3429
62: 4244
4773: 4243,4734,4823
64: 3101,2850,4742,993,455
65: 2306,1783,1074
66: 2831,1958,4439
67: 3557,471
68: 2952,1034,922,3153
69: 2750,4213,668
4142: 366,1880,4700,4210
71: 875
4380: 2110,2513
73: 2288,4225,295
74: 2288,3860,2892
75: 25,2095,2025
76: 227,3251
4213: 2750,69,4259,1839
4721: 2988,4246,4603
79: 3402,4776
80: 443,1682
4609: 864,1637,3702,1268
82: 616,3477,3106,1301
83: 4694
84: 3952
85: 1484,1733,1411
86: 1084,352,1492,2545
87: 
88: 315
89: 775,3709,2070,2216
90: 2064
4709: 4408,1240,2934,1510
92: 184
93: 
94: 203
95: 4756,691,741
96: 1
4640: 2839,1840,3849,3012
98: 2744,3155,49,4235,3559
99: 1476,4285,1539,2241
100: 530,3830,2359,1079,1069,1393,550
101: 390,1662,2175,708,4497
4468: 1963
103: 3362,851,3452,3194
104: 
105: 
106: 2703,2848
107: 3786,1770,3195,1919,673
108: 364,1608,2366,2511,2391,3379
109: 2307
110: 1247,3935,4371
111: 3222,2674,219,2682,3152
112: 4156
113: 2257,1216,3550,4805
114: 
115: 
116: 2118,2708
117: 2458,4649
118: 2268,4666,3435,4699
119: 4266,1115,3258,3300,4373
120: 1088,4452,4233
121: 979,4001
122: 262,4396
123: 3872,4242,4786,4340
4365: 3569,2067
125: 2833,1765,2465,2942
126: 1107,2668,1983
4652: 
128: 4508,794
129: 867
130: 4319,967,2343
4811: 1220,1362
132: 
4280: 1103,3793,2853
134: 742,1332,2886,2478
135: 3359,1174,1860,1198,217
136: 2333,1111
4108: 4237
138: 3529
139: 
4095: 3622,1581
141: 829,2396,2720,934
4661: 1292
143: 160,2589,1302
144: 2420,4526,1524
145: 1288,1663,619,1653
146: 866,1350
147: 2621,3963,2470
148: 4454,2708
149: 
150: 3132,2989,437
151: 2031,3318,1580
152: 776,778
153: 2599,4488,1520
154: 2625,262,4013
155: 4549,3051,2203,521,1888
4683: 2874,559
157: 2955,843,1503,2820,1141
158: 2700,3254
159: 2861,2452,1850,4711
160: 4245,4587,143
161: 2305
4511: 
163: 4447,4428,2019
164: 555
165: 2506,2673,2847
166: 1715,915,2203,3923,4549
167: 3780,4180,2044
168: 3649,372,2623,3687
169: 758,355,1002
170: 2035,3322,3414,513
171: 2679,3222,313
172: 2370,3519,4817,4532,2723
173: 3935,4623
174: 1211,1141,3667,1503,3771
175: 574,17,442,4675
176: 
177: 2664,3044,1395
178: 
179: 2059,1521
180: 
181: 353,867
182: 3460,1436,3478,2075
183: 1689,4388,4256,1152,1740
184: 92
185: 3346
186: 1391,4597,4119
4776: 4420,3312,3489,3402,79
188: 2230,3071,4534,3582,3583
4684: 2287,631
190: 18,1819,3836,4036,3899
191: 557,2945,1199,1291,61
192: 
193: 1427
194: 1592,2923
195: 1508,2989,4491,912
196: 1691,32,780
197: 
4107: 3602,3588,810
199: 
200: 4005,2872,4542
201: 1036,1349,32
202: 4413,1929
203: 1131,94
4598: 3255,1837
205: 1177
206: 
4405: 257,4697
208: 2297
209: 1033,4307,3698,4810
210: 1201,3358,2210
211: 
212: 1357
213: 3993,2301,365
214: 3922,3434,4455,53
4651: 3677,3037
4483: 3633,1772,2745
217: 1198,2928,3881,135,1600
218: 778
219: 2682,111,3152,3413
220: 572,1310,4404,3765,1601
221: 939,2199,2928,3766
222: 1132
223: 1594
224: 4031,4364,4687,3493
4232: 852,2406
4606: 3221,3680,4620,341,1962,3770
227: 1598,730,76,2886
228: 3213,1559,3733,2355
229: 1040,2213,2952
230: 820,2737,2657
231: 3599
232: 2649,3832,3217,3411
233: 330,2289
234: 1169,1217
235: 3635
236: 3239
237: 1076,2012,1561
238: 2978
239: 2024,4010,2350
240: 3398
241: 318,3912,2610
242: 1678,2696,4075,4154,4818
243: 2358,1928,3779
244: 404,857,2272,4377
4512: 1987,592,4820
246: 292,2480,3438,3110,1116
4790: 2662,4279,938,4797,2621,480,448
248: 2591,3643,538
249: 2446,4148
250: 2550,3699
251: 2680,2954
252: 1473,2097,3394
4129: 2252,4662,4200,1611,4286,3761
254: 2121,4792,4399,1562
255: 4705,4383,2416,3344
256: 2776,4177,4617
257: 4276,4405,3806
258: 4322,3987,31
259: 1676,2666
260: 318,345,4822,4061
261: 2902
262: 154,122
263: 4086,570,2175,1762
264: 3597,2378,2439,1133
265: 2706,3080,4195,4795
266: 4515
4734: 4773,4823,2206
4256: 4325,183,1448,1898,1740
269: 1254,2979
270: 1079,2089,550,1638,975
271: 1390,3838,4218,3828
272: 2877,4473,4091,1670
273: 4310,1357,4293
274: 1238
275: 
276: 
277: 4423,2196,308,1911
278: 937,3993,3372,1145,3577
4654: 1140,2891
280: 3215,2974,1387,4794
281: 3792,3942,323,2231,3305
282: 3173,2241,1476,1016,4536
4177: 3579,4376,256
284: 1935,788,548,1265,1751
285: 474,961,3772,3001
286: 
287: 4315,408
4491: 912,195,387,4355
289: 
290: 632,4799,723,3807
4610: 643,1602,1303,3965,3477
292: 246,2480,304,3771,3110
293: 1778
294: 1583,12,1885,3974,4490
295: 2033,73,787
296: 4253,4642
297: 2858,2691,705
4582: 691,4706,345,810,4287
299: 3580,4745,4045
300: 1819,2293,2969,2817,2600
301: 1011,2833,669,2465
4595: 53,1620,3827,1091,1376
303: 1423,1295,2119,4209,2967
304: 3583,292,2480
305: 1433,4634,3571
306: 2228
307: 3001
308: 4761,1102,736,4423,277,4073,2938
309: 426,1541,4772,3716
4805: 1895,3550,113
311: 3739,4160,1369,1572
312: 2673,3600,2506
313: 3971,3222,171,2827
4642: 296,4253,4747
315: 1422,2512,88
316: 1397,0,1262
317: 3176,2773,725,1241,1191
318: 260,241,3140,4822
319: 1218,3195,2127,2922,3395
320: 
321: 2833,1458,1607,1621
322: 2353
323: 3942,281,2641,2231
324: 1098,3265
4123: 2204,1398,4810,1587,2900
326: 693,700,3240
327: 1213,2407
328: 3056,694,948,4537
4374: 3321,4641
330: 233
331: 4194,505,2404,3426,4353,4482
4413: 2449,3837,59,202
333: 4284,4359
334: 2325,1874,1893,3514,2136
4662: 2252,4129,3449
4625: 1985,845,4787,871,953
337: 1658,1071,689
338: 459,3793,2853,3822,1068
339: 1875,60,985,3220
4612: 1298
341: 1962,1363,3680,4606
342: 2822,1892,1252
343: 3108,4241
344: 3854,2772,4427,1599
345: 260,4582
4486: 2359,3139,1445
347: 525,4664
348: 1682
349: 1939,2611,2172
350: 3815,3536,4480
351: 
352: 3564,2106,86,1492
353: 181
354: 2623,3803,497,1560,1032,3064
355: 169,1002
356: 3172,2083,4764
357: 3280,2825
358: 3681,953,4591,610
359: 1625,2975
360: 3636,846,2015,2613
361: 
4490: 511,294
363: 4049,2826
364: 108,1608,2366,2842
365: 2823,213,766
366: 1880,4142,4210,561
4384: 2552,2089,1522,2709
368: 1530
369: 7,43
370: 2397,2222,2993,4366
4364: 224
372: 3687,168
4447: 163,1869,1570
374: 2308,2890,4638,4054
375: 4698,484,1432
376: 4124
377: 
378: 4037,564,541
4580: 1838,4741,2883,3898,4810
380: 1351,3377,3623
381: 382
382: 381,4599,1021
383: 4481,1256,2310,1630,2370
384: 4602,4067,4138
385: 2961,1352
386: 3797,642
387: 2095,4355,4491
388: 2994
389: 
390: 38,1662,101,4497
391: 1359,3671,2800
4605: 4228,1677,1134,2818,4551
4403: 
394: 1219,1855,3934
4267: 3272,1846
396: 1362
397: 2030
398: 1930,3277,1235
399: 3508,1459
400: 4487
401: 1607,1621,4613,3316
402: 882,1555,11,3545,1917
403: 3989,3828,660,4777
404: 1008,769,1165,244,2272,4377
405: 4295
406: 2000,3708
407: 1189,4499,2310
408: 2726,287,4315
409: 
410: 3059,1336,617
411: 3816,868,4574
412: 2671,3660,982
413: 2469,458,2027
414: 2638,1530,4058
415: 4596,1757,2272,1008
416: 3004
417: 692,3200,3747,3484,2857
418: 3354,535
419: 2098,2842,3112,2015,1884
420: 2188,1006
4533: 439,1109,4669,4146
422: 2262,4765
4722: 2651,1535,4045
424: 4109,1287,2640,722
425: 
426: 309,1621,4772,3716
427: 3436,843
428: 4526
429: 692,3087,491
430: 1066
431: 
432: 464,4146
4713: 4741,2883,3698,1001
434: 3,3943,2383
435: 1671,4170,2220,1101
436: 2275,4778,1594,2355
437: 1309,150
4233: 3368,3422,4452,120,4550,2023
439: 4533,2775,1680,1109,3323
440: 4424,1488,514
441: 2945,1291,995
442: 175,574,2063,664
443: 80
444: 3564,1767,947,889,1492
445: 1061,1807,1010,3688
446: 1425,1562,933
447: 2347,1281,2657
448: 3295,4790,4797,480
449: 2684,4290,3593,1007
450: 4433,3043,3427
4740: 3227,857,1103
452: 
453: 1384,777,3796
4733: 2722,2707
455: 993,4190,2850,64
456: 3766,1388,939,3881,2497,528
457: 679,784,2578,2796
458: 413
459: 338,1176,3822
460: 992
4665: 3434,4637,3202,4455
4450: 565,2130
463: 3783,3638
464: 4561,1800,2507,2699,432
4451: 3042,4560,1862,3758,3341
466: 4409,4357,1660,4051
467: 
468: 770,2330,4322
469: 785,2280,913,818
470: 2805
471: 67
472: 2060
473: 935,2866,4235,3531,2477
474: 285,2650,1992,3001
475: 2759,3981,3170,4768,3392,4093
476: 749,2166
4337: 3042,4560,2868,2116
4596: 2464,415,1068,1757,3793
479: 2659,1424,2051,2732,1382
480: 4790,448
481: 695,2077
482: 4764,3229,2879
483: 1155,1511,4716,1163
484: 3693,375
485: 
486: 4726,3069,3405,821
4574: 2707,2233,3816,411,868
488: 3967
489: 4312,2250,2885
490: 3314,3251,3447,1028
491: 1029,1860,429,1022
492: 2443,3898,924,579,4741
493: 1957,506,2888
494: 2361,2543,628,2969
495: 634,2920
4510: 829,1908
497: 354,2623,3687,1560,1839
498: 2419,2129,3883,2941,840
499: 2457,2295,4288,3006
500: 3871,2252,1513,1910
501: 3884,785
502: 3135,2926,3107
503: 4050,4185,2566,4494,3618
504: 1981,1721,4806,1803,2574
505: 331,4194,2522,3426
506: 956,1957,493
507: 4667,2842,3485,2366
508: 2055,3907,2781
509: 3234,996
510: 1938,972,3519,1162
511: 4490,723,652,4799
512: 2278
513: 1351,4750,170,3414
514: 1850,440,2114
515: 3683,1833
516: 
517: 2752,1587
518: 2522,1551,2209,1670
519: 
520: 1274
521: 1506,958,3665,155,888,1888
522: 4047
523: 2029,3386
524: 
525: 347
526: 2398,2276,2726,4187
527: 4705,4383,2416,1189,2683
528: 4270,1856,3881,1388,456,1600
529: 3645,3037,3983
530: 3830,2256,100,3267,3139
531: 2300,2103
532: 2511,4615,4278,2366
533: 1489
534: 4745
535: 3699,418,2840
536: 837,3650,770,1282,4441
537: 687,1365
538: 2591,248
539: 3425
540: 2547,10,3930,9,1175
541: 3806,378,2047
542: 
543: 2525,1953,2569,2917
544: 3787,4041
4410: 2913,3223,1605,4392
4327: 1915,4131,1400,3228
547: 2049,3533,4496
548: 1265,2225,896,284,1751
549: 1236,687,2299,1128
550: 1393,2089,100,1079,270,975
551: 2578,4090,679
552: 1826
553: 4603,4246
554: 706,4400
555: 164
556: 3987,1593,1999,2443,2204
557: 191,1700,3197,805,61
558: 4218,3158,2617,607,1390
559: 1097,4683
560: 3713,4816,2372
561: 1270,3826,366,3063,606
562: 1150,771,3589,898
563: 
564: 378
565: 4450,1139,1679
566: 4460,1350
4653: 1217,4373,1940,1115
568: 2852
569: 3463
570: 1849,3164,263
571: 
572: 220,1601,2110
573: 2034,3959,588,2117
574: 175,17,442,4502,3932
4803: 4199,2698,4055,3428
4093: 3392,475,3981,2649,3607,2176
4823: 1012,1706,4734,4773
578: 
579: 3048,2176,492,924
580: 1266,3709,4524,1031
581: 1559,2669
582: 3599
4699: 2058,2624,118
584: 4141
585: 
586: 2048,2168,4655
587: 3897,4076,2068,3819
588: 2279,4258,3959,3886,573,4350,2117
589: 2309,4361
590: 1496,710,3691
4397: 1135,4793,2222
592: 4512
4466: 1107,1286
594: 2017,2305
595: 748,1208,1121,3729
596: 4484,3187,3
597: 1872,4131
4566: 
4770: 3663
4383: 4705,255,527,3745
4570: 714,4264
602: 3672
603: 3374,830,3266
4552: 3090,2567,2469,644
4531: 3734,1732,2070
606: 3063,2632,561,1212
607: 2632,3158,558,1390
4514: 
4572: 
610: 1134,2818,2769,4591,358,3149
4161: 2888,3801,3781
612: 3190,2371
613: 
614: 2954,4279,2385,1279
615: 1412
616: 82,2764
617: 410
618: 1885,2596,3985
619: 954,3646,1653,145
620: 3940,3702
621: 3120,4248
622: 1699,1662,3485
623: 4139,4724,3788,2644
624: 
4276: 257,1435,3806,3125,2430,3628
4222: 4207,4710,1841
4155: 1064,1394,1610
628: 2361,2563,494
629: 4575
4477: 2565,1197
631: 3501,4684,1489
632: 290,4799,1712,865
4679: 1193,4718,2448
634: 495,2920
635: 
636: 1717
637: 2727,2517
638: 
639: 1019
640: 3334,777
4197: 4394,1412
642: 386
643: 4610,4462,2966,3345
644: 2372,4552
645: 3040
646: 1695,2170,3892,955,41
4480: 3616,4791,3815,350
648: 4558,1278,2171
4528: 
650: 
651: 3864
652: 3974,511,4799
653: 3068,1514,1579
654: 2403,3896,1965,2375
655: 2364,1122,4768,1636,3170
656: 2841,3342,2198
4245: 4587,160,4714
658: 2325,2422,2574
659: 3179
660: 2947,1042,1491,4777,403
661: 1286
662: 3880
663: 1341,3997,1194
664: 4502,442
665: 2971,1320,2881
666: 3425
667: 2221
668: 1433,2342,2750,69
669: 2465,1001,2942,301
670: 4215,3609,1629,904,1496,3691
671: 
672: 3718,36,4414
673: 4544,1218,107
674: 2448
4812: 3349,2631,757,1781
4530: 3546,854,3338,2263
677: 4219,2655,4616,1732
678: 3734,1732,3297,4360,1375
679: 457,2578,551,3337,2796
680: 2792,4414,36,2676
681: 1906
682: 4130,4431,757
4343: 3109,3879,2062,1694
684: 
685: 2392,4332,2151,2629
686: 4061
687: 549,537,1365
688: 1510,1170,1249,2934,2205
689: 1658,337,2768
690: 2154,2352
691: 4582,4706,1015,4287,95
692: 417,429,3087,3484
693: 700,326
694: 3056,328,1861,2974
695: 481,744,4444,2077
4347: 1495
4720: 
698: 1186,1975,1513,3111
4184: 2346,4703,2520,1880
700: 693,326
701: 4289,2746,4801
702: 2483,2865,3674
4414: 680,672,36,4578
4377: 2918,857,404,769,244
705: 930,1034,922,297,2691
706: 2473,554
707: 4192,3002,2582,4388
708: 2175,101,726,1762,4497
709: 3411,733,4806,1803,2678
710: 590,1496,3253,3609
4589: 3202
4146: 4669,432,4561,1109,4533
713: 3486
714: 4570
4669: 4146,4533,2756
716: 3270
717: 3901,3661,1810
718: 4821
719: 3349,1944,4431
4420: 4776,3312,1627,1166,3402
721: 762
722: 4789,2640,424,3370,1293
723: 943,511,290,4799,3807
724: 
725: 1019,1023,2151,317
726: 708,4497,2125,3543
727: 2298,3827,3102
4821: 2814,1440,894,2450,740,1905,2442,718,3825
729: 3878,3722,3156,4005
730: 1548,1429,1598,227
731: 3466,2093
732: 3669,3882,1965,26,2375
733: 2471,4806,709
734: 4766,4409
4554: 4208,2604,2039,2069
736: 4761,1102,308,1928
737: 3525,1138,1202,1596,4738
738: 
739: 832,3674,2813,3198,3882
740: 2450,1905,4801,2411,4821
741: 4555,95,4756,3579
742: 1332,134,3925,1548,1429
743: 
744: 695,839,4444,2066
745: 2433
4357: 4409,466,4051,3084,3283
4361: 589,2309
748: 595,3729
749: 476,2166,1360,4793
750: 1372,1175,2224,2866
751: 2424,1896,4259
752: 1326,1397,4050
753: 4283,4189,3166
754: 
4409: 466,4357,1660,734,3084
756: 4613,3316,1502,1454
757: 3349,682,4812
758: 169,967,3631
759: 4692,2228
4253: 296,4642,1081,1725
761: 
762: 721,2358
763: 4592,1403
764: 
765: 2084,1468,4795,3248
766: 1733,2823,365,1970,2616
4643: 1822,2827,2682,1949
768: 
769: 404,1165,4377
770: 468,1282,3410,536
771: 1150,562,3416,3589
772: 2598,796
773: 1724
774: 57,2859,3576,3150
775: 89,2070,956
776: 152,4026,2625
777: 1952,640,453
778: 218,152
779: 
780: 196,1654
781: 
782: 2882,2059,3808,1164
4753: 3652
784: 457,2796
785: 469,501,2831
786: 4563
787: 2033,295,3461
788: 1935,284,2630,4274,1265
789: 2787,3975,1482,4660,3299
4340: 2138,2158,2014,4786,123
791: 3307,2911,4565
792: 1385
793: 3888,4009,1373,2056
794: 2154,128
795: 3345,3803,1048,4788
796: 2598,772,3192
797: 
4502: 664,574
799: 4115,3461
800: 4202
801: 1984,2174
802: 1152,1740,1731
803: 4602,2315
804: 970,4594
805: 3197,2186,2548,1700,557
806: 
807: 
808: 3916,3684,1546
809: 3901,3637,2937
810: 4107,4582,4706
4583: 2561,48,4768,2094
4479: 3934,4633,2436,3183,4648
813: 3727,1743,4321
814: 
815: 1805,4304,3458,3015
816: 3183,3580,1855
817: 4618
818: 913,2722,2707,469
4475: 1354,1547,4122,3315
820: 3289,230,2737
821: 1573,4408,4726,486
822: 1242
823: 3361,2702,1332,3925
824: 3029
825: 
4167: 1361,3840
827: 3278,3457
828: 1158
829: 2396,141,4510,1832
830: 3374,603,3929,3266
831: 4080
832: 739,3674,2813,3577,2865,937
833: 3757,4782
834: 2184
835: 3439
836: 2257,3617,3160,1512
837: 3650,536,3331,4441
838: 1779,1431,2552
839: 860,3846,2066,744
840: 4272,2456,2941,498
841: 1078
842: 
843: 157,2955,3436,427,4708
4214: 2156
845: 1985,4625,935,2477,3816,868,4586
846: 3636,360,3657,1450,2213
847: 2086,3907
848: 4000
849: 
850: 
851: 103,3194
852: 2195,1531,4232,2406
853: 2669,3213,4778
854: 3492,3546,4530
855: 
856: 3440
857: 4740,4377,244
858: 2083
4250: 2433
860: 839,3846,3989,2991
861: 
862: 3778
863: 3236
864: 4609,3047,1637
865: 1712,632,4799,3534
866: 146
867: 129,181
868: 3816,411,4574,845,4586
4433: 450,3743,3043,2124
870: 1557
871: 3681,4625,4787,4215
872: 3017,2258,2659,1925
873: 3506,3245,4807
874: 2990,2245,2072,4212
875: 71
876: 
877: 4140,1016,4125,3640
878: 2871,3046,1871,1976,13,3191
879: 2658
880: 
881: 2162,3862
882: 402,3545
883: 2179,2783
4521: 4227
4794: 4581,280,4130
886: 1004
4255: 
888: 1888,958,521
889: 1020,444,947
890: 1454,3733,1559,3271,3812
891: 1492,2545,3985,12
892: 3814,4157,3518,1519
893: 1640,3232
894: 1905,4821
895: 3735,1687,3647,2766
896: 548,2225
4488: 153,2599,904,1539,4285
898: 3589,4286,562,2983
899: 
900: 2100,1067,3095,2508,1720
4695: 
4816: 560,2372
4264: 4570
904: 1629,670,4488,3691
4663: 1245,3846
4808: 2665
907: 2370,1697,1926,2723
4671: 3956,954
909: 3876
910: 1054,4675,3250
911: 2608,2809,3344
912: 4491,1613,195
913: 818,469,2280
914: 1194,10,2931,3403,3088,3020
915: 3704,166,1715,2203
916: 1378,3962,3057
917: 1228,4680,2715
4295: 405,4579
919: 4111,1558
920: 2899
921: 1593,1999,3750
922: 68,1034,705,2691
923: 4800
924: 492,579,4622,2176
925: 
926: 3797
4636: 1655,2959,4106,4019
928: 2602,1239,2396,2453
929: 1316,3065,3264,1255
930: 705,3465
931: 2245
4544: 673,2100,3471
933: 1562,4381,446,1425,1206,1449
934: 1832,141,1131
935: 473,3408,2477,3816,845
936: 1083,2683
937: 278,832,2813,3577,2301
938: 3493,4797,4790
939: 2872,4542,221,3766,456,2497
940: 4711,2452,3334
4104: 
4163: 3959,3543,3886,3760
943: 723,3982
944: 2904,2731,3542,1024
945: 3662
946: 3141,39
947: 3564,444,1767,889
948: 2930,4788,328,2977,4537
949: 2554,2537,2402,4767
950: 4789
951: 2247,1439,1538,2042
952: 1676,4423,2196
953: 358,3531,4591,4625
954: 619,4769,3956,4671
955: 41,646
956: 3138,506,775
4656: 3665,4456,3137,1506
958: 1506,521,888,1994,1888
959: 2468,2334,3116,3025
960: 
961: 3233,2779,285,3772
962: 
963: 3073,2448,4465
964: 3243,3319,3009
965: 2207,1722,2771,3955
966: 2592,4204
967: 130,3631,758
968: 1974,1528,3061,3787,4041,4693
969: 4815,2189
970: 804,995
4321: 813,1743
972: 1925,4577,2258,510,1938
973: 4645,3331,4020
4607: 1054,1646
975: 2284,2709,270,2089,550,1638
976: 3834,2373,1975
977: 1971,2152,3182,4779
978: 2094,4768,2759,22
979: 121,4001,4225
4714: 4245
981: 2317,3397,2446,4148,3060
982: 2960,412
983: 
984: 4030,2601,3617,3941
985: 60,2916,2614,339
986: 4621,3616,3815
987: 
988: 4815,2950,1219,1318
4550: 3043,2023,4233,997,3427
4150: 4096,4788,4421
4501: 
992: 2590,460
993: 455,1945,64,2688
4809: 1065,2910,2362,2421
995: 1407,970,441
996: 4181,509,1708
997: 3427,4516,4550,2023
998: 3313,1911
999: 4702
1000: 1329,1027,2686,1224,4617
1001: 669,2942,4672,4713
1002: 3453,169,1466,355
4525: 2943,2534
1004: 1585,886
1005: 3084,4180,2804,2568
1006: 1209,1848,2188,420
1007: 4290,449,2684
1008: 404,1165,2272,415,2889
4209: 2119,2362,303,2967
1010: 445,3688,1399
1011: 301,1609,3048
1012: 4823,1706,1326
1013: 
1014: 
1015: 691,4249
1016: 877,4140,1476,282,4536,3640
1017: 1576,1778,1568
1018: 2982,1920
1019: 2151,725,2629,639
1020: 889,2596
1021: 4599,382
1022: 2199,1860,491,1198
1023: 2151,725,2773
1024: 4034,944,2731
1025: 3692,4407,3732
1026: 3919
1027: 1000,2590
1028: 3447,3251,490
1029: 1860,491,3087,3287,1346,3785
1030: 2052,2611,1939
1031: 4524,1266,580,2535,3178
1032: 2930,1560,2852,354,4788,3064
1033: 4307,209,4672,3698
1034: 4739,68,922,705
1035: 
1036: 201
1037: 2500,1099,2137,4090
1038: 1153,3416
1039: 2586
1040: 229,2213,2952
1041: 4033,2378
1042: 660,2947,1245,3906
1043: 4354,2571,4305,3146,4774,4057
1044: 2674,3792,3225
1045: 2361,2563,2485,33
1046: 4456,1494,2191,3663
1047: 
1048: 4788,3064,3803,795
4109: 424,2161,1287
1050: 1586
4207: 4710,4222
1052: 2136,3948,3115
4487: 400
1054: 4607,910,3167,1646
4316: 1974,1528,4223
1056: 4504
4641: 3321,4374
4623: 173,3938
4290: 2349,449,1007
1060: 2003,1386,2922,1475
1061: 3075,445,4206,1807,3688
1062: 3296,3977,3405,2205
4313: 1176,3553
1064: 4155,4519,1610,3973
1065: 4809,2910,3074
1066: 430
1067: 2497,3095,900
1068: 2464,4596,338,1499
1069: 1079,2256,100,2456
1070: 4363,2021
1071: 3385,337
4704: 2588,2251
1073: 2493,2646
1074: 1556,3951,65,1783
1075: 3642
1076: 237,4379
1077: 2290,1453,4760,2518
1078: 841,2090
1079: 270,1069,100,4440,550,1638
4748: 1344,3270
1081: 4674,1725,4253
1082: 2784,4602
1083: 936,1835,2683
1084: 1895,86,2545
4454: 148,3174,2708
1086: 2853,3822,2858,1103
1087: 1616,4390,4799,1651
1088: 120,4452
1089: 1759,2556,1233,1746,44
4408: 4725,4709,821
1091: 2080,1376,4595,4183,1748,1532
1092: 2384,4754
1093: 3455,4224,4645
1094: 2217
1095: 3936,3787
1096: 1202,1596,3708
1097: 559,2158
1098: 324
1099: 1037,2321,4758
1100: 
1101: 3620,1671,435,2242
1102: 4761,308,736,4423
1103: 2858,2853,1086,4740,4280
1104: 
4444: 1697,2066,1926,695,744,2077
1106: 1380,3722,2127,2562,1386,2922
1107: 126,1286,4466
1108: 3281,4324
1109: 4561,1680,4146,439,4533
1110: 3449
1111: 2333,4311,136
1112: 3899,4659,2344,2392,2851
4673: 3776,4242,4786,1921,3343,2158
1114: 1836,1882
1115: 4266,119,4373,4653
1116: 1215,246,3438,3110
1117: 2145,2134
4223: 2116,2985,4316
1119: 1909,3465,2229,3496,1770,3746
4590: 1679
1121: 1208,595,3053
1122: 1636,655
4568: 4690
1124: 
1125: 4169
1126: 3921,4520,4716,1163,3277
1127: 3923
1128: 2299,2466,1536,3835,549
1129: 2294
1130: 3764
1131: 203,934
1132: 222,3914
1133: 2847,2439,264
1134: 610,2818,4228,4605,1677,4551
1135: 4397
1136: 1241,4334
1137: 3340
1138: 737,1596,1745
1139: 565,3888
1140: 4654,2891
1141: 174,1503,157,1405
4782: 2007,833,3757,3362
1143: 
1144: 3522,3103,1270,3482,3063,1792
1145: 3372,2303,4212,3577,278
1146: 3298,4102
1147: 2927
4692: 759,2092
1149: 2728
1150: 771,562,1961
4818: 3948,4154,242,4037
1152: 802,183,1689,2198,1740
1153: 1038,3416,3124,2515,4421
1154: 4220
1155: 483,3022
4333: 2044,4703
4506: 1728
1158: 828
4551: 2857,1879,4605,1134
1160: 2398,4187,3463
4495: 
1162: 4817,510,4577,3519
1163: 3277,4716,1126,483
1164: 782,1764
1165: 1008,404,769,2889,3500,2037
1166: 4309,1627,4420,3402,2798
1167: 2041,3185,2039,2593
4615: 4208,1771,4278,532
1169: 234,1682
1170: 688,1249,3697,1616
4484: 596
4597: 186
1173: 1986,2440,1805,3015
1174: 135,3359,3785,2599
1175: 750,1372,540,9,2224,3252
1176: 4313,1455,459
1177: 2701,205
1178: 1300,2699,1633,3821
1179: 1310,4309,2798,2835
1180: 2918,4655
1181: 4723,3877,4686,4134,3109
1182: 
4132: 
1184: 3081,3003,2421
1185: 1301,2748
1186: 3761,698,1910,1513
4400: 554
1188: 3858
1189: 4499,407,3745,527,2310
1190: 2378,4033,3628
1191: 1241,3176,317,1990,4426
1192: 2412,4248
1193: 4679
1194: 914,2931,663,3756
4393: 
1196: 1775,1618,3796
1197: 3260,4477
1198: 2928,217,1022,135
1199: 2945,191
4229: 2029
1201: 210,3358,2210,4071
1202: 1596,1096,3708,737
4424: 440,1488
1204: 2309
1205: 3665,3663
1206: 1425,9,1449,4381,933,3252
4439: 66,2339
1208: 595,1121
1209: 1006,1848,3919
1210: 
1211: 3667,174,3771,2078
1212: 4765,2597,606,1624
1213: 327,3696
1214: 3162,4807
1215: 4071,1116,3110,4023
1216: 2257,113
1217: 4653,1404,234
1218: 319,3195,673
1219: 394,3934,4815,988,2950
1220: 4811,3229
1221: 
4539: 3762
1223: 58,4101
1224: 2776,2951,2686,1000,4617
4187: 2912,1846,526,1160,3463
1226: 3483,1582,1649,2455
1227: 1741,3253,1985,4787,4586
1228: 917,1780,4680,18,3899
4681: 
1230: 2146,1579,3068,3727
4613: 756,3316,1454,1607,401
1232: 1708
1233: 4515,1759,1089,44
4391: 3781,1441,3801,1284
1235: 3277,398,2227
1236: 549,1536,2363
1237: 4087
1238: 274
1239: 928,2602,2315
1240: 4725,4709,1904,1895
1241: 1136,4334,1191,317
1242: 4314,1772,822
1243: 1506,3137
1244: 
1245: 3906,4663,2947,1042,3846
1246: 
1247: 3178,110,4398,3935
1248: 
1249: 688,1170,2934,1277,3974
1250: 1536,2363
4672: 4461,1001,2942,1033
1252: 2634,342,2822,4793
1253: 1836,1313,4085
1254: 269,3295
1255: 929,3065,3997,1341
1256: 4481,383,2310,1630
1257: 1976,2885,2619,3873,2953,13
1258: 4786
1259: 2433
1260: 2111
1261: 4417,4780,3679,3809
1262: 4369,1397,316,4619,4050
4685: 1406,1726,2001,2580,1674
1264: 
1265: 548,2225,2630,284,788
1266: 580,3709,2070,1031
4358: 
1268: 3940,4609
1269: 4136,3244
1270: 561,3826,3063,1792,1144
4234: 2695,3856,2981
1272: 1849,3214
1273: 4516,2740,1652,3078
1274: 520,2778
4362: 1603,2897,4244
1276: 2607,3372,4626,3693
1277: 1583,2934,1249,3974
1278: 3055,2171,648
1279: 3963,614
4354: 1043,2786
1281: 447,2347,1964
1282: 770,2399,4173,536,4441
1283: 1580,2544
1284: 1441,3685,2958,4116,4391,1851
1285: 
1286: 1107,2780,661,4466
1287: 3788,4109,424
1288: 145,1663,2647,3833,2551
4693: 3936,1373,968,3061,3409,3787
1290: 
1291: 2945,441,1407,1700,191
1292: 2177,4661
1293: 1713,3370,4789,722
1294: 1870,4139,3413
1295: 1423,303
1296: 4611
1297: 3307,3818,4767
1298: 4612,1790
4203: 2541
1300: 2699,4813,3973,1178
1301: 1185,3103,82,3106
1302: 2589,3137,143
1303: 4096,4610,3965
1304: 
1305: 1370,3375,3181
1306: 3321,1829
4505: 3786,1770,3746
1308: 2182,4436,1807
1309: 437,3188
1310: 1179,3765,1601,1430,220
4359: 4284,1686,333
1312: 3763,2391,2824,3379,2068
1313: 4751,2980,1836,1253
1314: 31,2900
4318: 
1316: 929,3065,3833,4341,3859,3710
1317: 2555,3309
1318: 4737,4815,988
4179: 4602
1320: 3098,2971,665
4160: 23,4307,1369,311
4725: 4408,1240,1904
1323: 2517,4022
4293: 1561,273
4620: 3221,4606,3770,4324
1326: 1706,752,2484,1012
1327: 2613,3964,4118
4182: 1992,2374,2746,2650,4289
1329: 1000,4297,2686
1330: 3424,4813
1331: 
1332: 742,134,823,2478
1333: 
1334: 2153,2043
1335: 2870
1336: 3059,410,3680
4171: 
1338: 
4815: 988,2950,1219,1318,4737,969,3130,1837
1340: 45
1341: 663,4044,1255
1342: 2046
4658: 2657,2830
1344: 4748
1345: 
1346: 3480,3800,3287,3484,1879,3087,1029
1347: 4113
1348: 1436,2035
1349: 201
1350: 146,566
1351: 513,4750,380,3377
1352: 385,2961
1353: 
1354: 3044,4475,3760,2034
1355: 
1356: 
1357: 4310,273,4646,212
4404: 2835,220
1359: 391,1944
1360: 3713,4793,749,2166
1361: 4167,2505
1362: 1,4811,396
1363: 341
1364: 
1365: 687,537,2122
4712: 3047,1655,3879
4694: 83,4288
4210: 2632,366,4142
1369: 4143,3184,4160,311,1572
1370: 1305,2648
1371: 2481,3837
1372: 750,1175,2547,1775
1373: 3325,3936,2056,4693,3409,793,4009
4154: 3948,4818,1874,2422,242,2696
1375: 3754,3775,4360,678,3297
1376: 1091,4595,53,4183
4523: 4718
1378: 916,3057,3153
1379: 
1380: 1106,3722,3156,2562
4804: 4754,3639,4532
1382: 3125,2732,2051,3806,479
1383: 
1384: 453,3712,3796
1385: 2706,792
1386: 1060,2922,1704,1106
1387: 280,2974
1388: 456,2497,4270,528
4356: 
1390: 271,2597,558,4218,607
1391: 186,2530
1392: 3820,2360,1961
1393: 2089,1522,550,100,2359
1394: 4155
1395: 2562,3044,177
4415: 4136,2592,2096
1397: 316,2484,1262,752,4050
1398: 4123,2204,4810,3292
1399: 2145,1010,2811
1400: 3228,4327,1946
4419: 3469
1402: 2067,3660,1428
1403: 763,2576
1404: 3104,4707,1217
1405: 3524,1141,1769
1406: 4685,1726,2001,2580
1407: 1700,995,1291
4106: 4686,2206,4134,4636,2959
1409: 
1410: 4549,3051
1411: 3908,3035,1859,85
1412: 615,4197,4394
4603: 553,4721,4246
4723: 1181,3877,1567,4686
4329: 2168,4655,3267,2908
1416: 3182
1417: 
4114: 3961,1578
1419: 4536,4196,3173
1420: 1544,3528
1421: 
1422: 315,4079,2512,3988
1423: 303,1295,3081,4540,2119
1424: 479,2659,2732
1425: 1206,1632,3930,446,933
1426: 
1427: 193,2956
1428: 1635,1402
1429: 1548,730,2984,4498,742,3925
1430: 1601,1541,2050,1310,3690
1431: 4562,1981,1721,838
1432: 375,4445
1433: 305,668,2342,1474
1434: 1938,2683
1435: 4276,4697,4006,2430
1436: 3460,182,1348,3478
1437: 1739,1984
4763: 1461,3263
1439: 2603,1538,2247,951
1440: 2814,4821,2442,3825
1441: 3102,3801,1284,3685,4391
4680: 1228,917,18,3259,2600
1443: 
1444: 2435
1445: 4486,1730
1446: 
4279: 2385,4687,614,2662,4790
1448: 3653,4256,4325,1898,2052
1449: 1206,4381,933,3252,3155,49
1450: 2279,4258,3657,3636,846
1451: 4026,2731
1452: 1951
1453: 2290,1077,4779
1454: 3733,890,756,4613
1455: 1176,1499,3968
1456: 
4706: 691,4582,810
1458: 2633,1607,321
1459: 4619,399,1524
1460: 2529,1545
1461: 4763
1462: 4315,4800
4278: 1699,4208,4615,532
4373: 1498,3300,1940,1115,119,4653
4339: 2664,1704,3875
1466: 2518,1002,3453
4325: 4256,2038,3653,1448,1898
1468: 3107,4795,765,2084
4169: 1125
1470: 2379
4628: 4125,4548,1856,3723,4219
1472: 
1473: 252,3394,4084
1474: 1433,2342,2424
1475: 1060,3844
1476: 99,4285,4140,1016,282,2241
1477: 3068,1646
1478: 
1479: 1861
4425: 
1481: 2383,3943,4800
1482: 4660,789,3299
4469: 1488,4535,2647
1484: 1967,85
1485: 2783
1486: 4097
1487: 3248,4795,3547,2148
1488: 4469,2114,4535,4424,440
1489: 533,631
4619: 1459,1262,4369,2566
1491: 660,4777
1492: 891,3564,444,352,86
1493: 2528,2990,3883
1494: 4456,2191,1046,2369,2589
1495: 4347
1496: 590,710,3609,670,3691
1497: 3568
1498: 3300,4373,1940
1499: 1455,2464,1068,4063
1500: 4635,2177
1501: 3759,2117,2664
1502: 756,3271
1503: 40,157,1141,174
4297: 2847,2439,2686,1329
1505: 3475,1610,3885
1506: 958,1243,521,3665,4656,3137
4411: 
1508: 195,3186
1509: 2752
1510: 688,4709,2934,2205
1511: 483
1512: 1745,836
1513: 3111,500,698,1186,1910
1514: 3028,2300,653,1579
1515: 4682,2148,3132
4430: 
1517: 3512,2678
4258: 2279,588,1450,3845,2125
1519: 1710,3518,2312,3814,892
1520: 3480,3287,153
1521: 3808,179
1522: 1393,2359,2167,4384
1523: 
1524: 1459,144
1525: 
1526: 4427
4294: 
1528: 968,1974,4316,2128,3061,4041
4537: 2977,2488,948,3056,328
1530: 2830,368,414
1531: 852,2406
1532: 4183,2080,1091
1533: 2559,2903,1558,2187
4156: 3491,112
1535: 46,4722
1536: 1250,2363,2466,1128,1236
1537: 
1538: 2223,1439,951,2042
1539: 3966,3691,4488,99,4285
1540: 2355,2633
1541: 1430,2110,309,4772
1542: 2165,4689
1543: 
1544: 1420,3528,3437
1545: 1460
1546: 2142,3916,808
1547: 3530,2408,4122,3315,4475
1548: 1429,730,742,2886
1549: 3236
1550: 2175
1551: 2522,518,4091
4105: 
4611: 1296,4031
1554: 
1555: 402,11,1917,1713
1556: 1074,2306
1557: 870
1558: 2187,1533,919
1559: 581,3812,228,3733,890
1560: 2852,1839,354,497,1032,3064
1561: 4293,237,2012
1562: 4399,4381,933,446,254
1563: 3136,3476,1622,2075,1950
1564: 1940
4766: 2496,1660,734
1566: 4762
1567: 2130,4723
1568: 2260,1017
4282: 2968,4291
1570: 4447
4503: 3684,3954,4707
1572: 2018,1369,311,3739,3567
1573: 4102,821,3203,4726
4534: 188,3071,2888,3582
4474: 4312,4670,2336,1871
1576: 1017,1778
1577: 4323,3066,1738,1844,3715,3619,4147
1578: 4114
1579: 2146,1230,1514,653
1580: 1283,151,2031
1581: 3622,4095
1582: 1226,3483,1649,1789,2215,3432
1583: 12,294,1277,3974
4542: 2872,939,2581,200
1585: 1004,2896
1586: 1050
1587: 4123,2900,517
1588: 2970,2108
4741: 4713,2883,492,3898,4580
4363: 2021,4758,1070
4307: 1033,209,4160
1592: 194,2923
1593: 1999,921,556,3750,2443
1594: 436,2275,223
4344: 2002,4271
1596: 1202,1096,1745,737,1138
1597: 4030,2601,1945,4678
1598: 1958,227,730
1599: 344,1849,2319,3164
1600: 4548,3881,217,528
1601: 1430,2110,1310,3765,572,220
1602: 1792,2609,4610,3477
1603: 2173,4362
1604: 3071
1605: 4410
1606: 3169,4308,2596
1607: 401,4613,2633,1458,321
1608: 108,364,3379
1609: 1011,2364,3048
1610: 1505,1064,4155,1739
1611: 4129,4286,3761,2983
1612: 
1613: 912,3263
1614: 4077
1615: 
1616: 1087,1170,4390,3697,4799
1617: 2330,3512,3514
1618: 3712,1642,1196,1775
4762: 1566,4237
1620: 4595,53,4455,3310,3827
1621: 401,426,321
1622: 4048,1563,1950
1623: 2042
1624: 3482,3063,4765,1212,1827
1625: 359,2975
1626: 
1627: 4420,3312,1166,3129
1628: 
1629: 904,3681,3333,670
1630: 2310,383,1256
4446: 
1632: 3756,3328,3930,1425
1633: 4561,1680,2699,1178,3821
1634: 2502,4785,2951
1635: 2716,1428
1636: 2102,4768,1122,655
1637: 3047,864,4609,3446,3702
1638: 4698,4440,1079,270,975
1639: 1799,3336
1640: 2914,893,4345
1641: 3887,3255,2041,3802
1642: 3712,1618,3088,2547
1643: 4143,2338,2743
1644: 
1645: 
1646: 3028,1054,4607,1477
1647: 2724,4112,2635,3747,4426
4134: 3109,1181,3877,4106,2959,3879
1649: 1226,3483,1582,2420,2455
1650: 3129
1651: 3231,4390,1087
1652: 1273,3078
1653: 3646,619,145
1654: 780
1655: 4636,2049,3047,4712
4584: 4188,2523,1779,1678
1657: 3158,2617,2804,3100,4700,2568
1658: 337,689
1659: 4700,2568,2044
1660: 4409,466,2496,1795,4766
1661: 3403,3088,1914,3712
1662: 390,38,101,622,3485
1663: 145,1288,4141
1664: 
1665: 2486
1666: 1790
4416: 4457,3230,55
4793: 1252,1360,4397,749,2166,2397,2222
1669: 
1670: 272,518
1671: 4170,435,1101,2242,3196
1672: 3573,4236
1673: 4504,3774
1674: 3689,15,4685,1726
1675: 2811,2271,2394,2134
1676: 259,952,2666,2196
1677: 4228,4605,4221,2549,2769,1134,2818
1678: 242,2696,4075,4584
1679: 4590,565,3877
1680: 1633,4561,1109,439,3323
1681: 2798,2835
1682: 80,1169,348
1683: 
4407: 3418,3032,1025
1685: 1973
1686: 4284,4359,3186,4355,25
1687: 1735,4798,895,3647,2766
4274: 1935,4158,788
1689: 183,2198,3342,1152
1690: 3931
1691: 196
1692: 
1693: 
1694: 2062,4634,3571,4343,3879
1695: 646,2170,1986,3892
1696: 2143,2096
1697: 4444,2066,1926,907
4273: 4281,4220
1699: 4278,3850,622,3485
1700: 1407,805,557,1291
1701: 3738,3995
1702: 3232,3175
1703: 1942,2074
1704: 2664,4339,2562,1386
1705: 2389,3686,4638,4054
1706: 1326,4823,1012
1707: 3648
1708: 1232,996
1709: 
1710: 3518,2312,1519,2807,2394
4567: 4112,2734,3230,3176,4426
1712: 4559,865,4627,632,3534
1713: 1293,1555
4575: 4743,629
1715: 3704,166,915,2203,3923
1716: 4087,3748
1717: 636
4664: 347,4743
1719: 
1720: 4323,3471,2100,900,2508
1721: 1981,504,1431
1722: 965,1835,2181
1723: 
1724: 773
1725: 1081,2896,4253
1726: 4685,1406,1674,15
1727: 19
1728: 4579,4506
1729: 2653
1730: 4746,2167,1445,3725
1731: 4470,802,3144
1732: 678,3734,677,4531
1733: 766,85,1970
1734: 2022,3389,4008
1735: 4798,1687,3647,4543
1736: 4434,3977,3412
1737: 2423,3820,3180
1738: 3066,4323,3471,1577,4147
1739: 1437,1610,4262
1740: 1898,183,4256,802,1152
1741: 1227,3253,4586,3280
1742: 2760,4024,2121,1842
1743: 813,4492,4321,3332
4417: 4780,1261,3809
1745: 1596,1138,1512
1746: 1089,2556,3594,44
1747: 4147,4573
1748: 2080,1091,2540,3499
4677: 2152
4091: 272,1551
1751: 548,284
4195: 3556,265
1753: 2778,2783
1754: 3630
1755: 
1756: 3749,4072
1757: 2464,415,4596,1869,4428,2889
4310: 1357,273,4646
1759: 1089,1233
1760: 
1761: 
1762: 4086,263,708,4351
4429: 4644
1764: 2177,1164,2972
1765: 4772,3716,125,4296
1766: 2184,2235
1767: 3564,444,947,4678
1768: 
1769: 3524,3737,1405
1770: 3786,4505,107,1919,1119,3746
1771: 2593,4615,2512
1772: 4483,1242
1773: 2000
1774: 
1775: 1196,1618,1372
1776: 
1777: 2513,2487,4772
1778: 293,1017,1576
1779: 838,2552,2523,4584
1780: 1228,4332,4438
1781: 3457,4812
4249: 3134,1015
1783: 1864,65,1074
1784: 4436,3040
4587: 4245,160,2369
4817: 3639,4532,1162,172
4225: 979,73,2288
1788: 2581
1789: 4476,2215,1968,1582
1790: 1666,1298
1791: 2150,15
1792: 1602,1270,1144,3103,3106
1793: 3203,3351,2239,3353,4102
1794: 2130,3667,2078
1795: 4494,2496,1660
4797: 938,4790,448
1797: 
4178: 3395,3722,4005
1799: 1639
1800: 2507,2699,4813,464
1801: 4742,4774
1802: 2887,3902
1803: 4806,709,504
1804: 2933
1805: 815,3366,3015,2440,1173
1806: 1822,2981,2827,3971
1807: 1061,445,4436,1308,4124
4635: 1500,4745
4183: 3105,1091,1376,1532
1810: 717
1811: 
1812: 3076
4578: 4414
1814: 2648,3387,2638
1815: 2881,3396,2137
4421: 2515,4788,4150,1153
1817: 2323
4309: 1166,2798,1179
1819: 18,190,3836,300,4199,2600
1820: 3194
1821: 
1822: 1806,4643,3016
1823: 2752,3692,14
4569: 4577,4558
1825: 4631,2214
1826: 552,2808
1827: 4231,3482,1624,4765,3522
1828: 
1829: 1306
1830: 3999
1831: 2468,2334,2588
1832: 934,829,1908
1833: 515,2479
1834: 
1835: 2207,1722,1083,4074
1836: 1114,1253,4751,1313
1837: 4598,4815,3492
1838: 4580,2443,3898,4810,2204
1839: 1560,2852,4213,4259,497
1840: 4640,3849,1841,4710
1841: 1840,3849,4222,2484
1842: 2121,1742,4149
4288: 2295,2282,4694,499
1844: 3715,1577,3619,2350
1845: 2142
1846: 2912,4187,3515,4267
1847: 
1848: 1006,1209
1849: 570,1272,1599,3164
1850: 514,2861,159
1851: 4116,3173,1284
1852: 
1853: 2754,4601
1854: 23
1855: 816,394,3934
1856: 4270,528,4628,3479
1857: 
1858: 
1859: 1411,3908,3035
1860: 1029,491,1022,135,3785
1861: 1479,2326,2974,694
1862: 4451,3042,3758
1863: 4353,3540,4482,2142
1864: 4637,1783
1865: 4081,4029
4760: 4779,1077
4698: 1638,375
1868: 3921,4520
1869: 4063,2464,1757,4428,4447
1870: 1294,4139,3285
1871: 2336,4312,4474,878,2871,3046
1872: 597
1873: 3217,3411,3626,2678
1874: 2325,334,2422,2136,3948,4154
1875: 2869,339,3220,2514
1876: 2194,3148
1877: 3109,3877,3233
1878: 2250,3379,3308
1879: 3484,2857,4551,3480,1346
1880: 366,4142,4184
4779: 4760,977,1453
1882: 1114,4074,1912
4366: 4796,370
1884: 2015,419
1885: 618,3985,12,294
4586: 868,1985,845,1741,1227
4445: 1967,2337,1432
1888: 888,1994,3051,155,958,521,3209
1889: 4624
1890: 
4305: 1043,2571,4774,4057
1892: 342
1893: 3410,3514,334,2136,3115
4102: 1573,1146,3203,1793
1895: 4805,1084,1240
1896: 751
4786: 3776,4673,4242,1258,3279,4340,123,3872,3108
1898: 1740,4256,4325,1448,2052
1899: 2400
4259: 2750,4213,751,1839
1901: 
4332: 2408,4438,1780,2392,685
4120: 3565,3633
1904: 4725,1240
1905: 2450,740,1918,894,4821
1906: 3979,681
1907: 3779,1928,3343,3279
1908: 2107,4510,1832
1909: 1119,3465,2229,3227
1910: 1186,500,2252,1513
1911: 1936,4073,277,998
1912: 3017,1882,2258
1913: 2832
1914: 1661,3403,3020,2353
1915: 4327,4131
4735: 3381,3369,4387
1917: 4308,4230,402,1555
1918: 1905
1919: 3844,3195,107,1770
1920: 1018
1921: 2938,3343,4073,4673
1922: 
1923: 3275
4516: 1273,997,2740
1925: 4577,972,2258,872
1926: 1697,4444,907,2723,2077
1927: 4350,2117,2213,2627
1928: 4761,736,243,2938,1907
1929: 4565,2554,2944,2751,202
1930: 398,1978,2441
4387: 3369,4735,3381
4494: 1795,503,4185
4191: 
1934: 2324
1935: 284,4158,788,4274
1936: 4073,1911
1937: 
1938: 510,1434,2258,972
1939: 349,1030,3719
1940: 1564,1498,4373,4653
4548: 4125,1600,4628
1942: 1703
4638: 1705,3686,4054,374
1944: 2025,4065,1359,719,4431
1945: 993,4190,2688,1597,4678
1946: 3368,3422,1400
4690: 4568
1948: 3069
1949: 4643
1950: 3608,2075,1563,3136,1622
1951: 1452,3189
1952: 3334,777,3003
1953: 2569,543
1954: 
1955: 2441
1956: 2411,3350
1957: 3781,506,2888,493
1958: 1598,66
1959: 4006
4143: 3184,2338,1369,1643
1961: 1392,1150
1962: 341,2781,3680,4606
1963: 3753,3330,4068,4468
1964: 3705,4747,1281
1965: 2809,26,732,2403,654
1966: 42
1967: 1484,4445,2337,2523
1968: 1789,4476,2215
4117: 3260
1970: 3955,2616,766,1733
1971: 977,3182
4112: 4567,2734,1647,4426
1973: 2506,1685,3544
1974: 968,1528,4316,2985,3061
1975: 698,2983,976
1976: 1257,2885,878,13
4637: 1864,4665
1978: 3062,2304,2441,1930
4180: 1005,167,2044
4190: 455,1945
1981: 1721,504,4562,4806,1431
1982: 4086,2393,3259
1983: 126
1984: 1437,4262,801
1985: 4625,845,4787,4586,1227
1986: 2440,1173,1695
1987: 4512,4820,2810
1988: 3010
4520: 3921,1126,1868
1990: 3747,4426,1191
1991: 4646,2721,3382
1992: 4182,2374,2730,474,2650
1993: 3685,2510,2958
1994: 3478,1888,3051,958,3209
1995: 4401,2644,3285
4675: 2063,3250,175,910
4743: 4664,4575
1998: 2128,4041
1999: 3987,1593,921,556,3750
2000: 1773,3821,406
2001: 4685,1406,2580
2002: 4344,4271
2003: 1060,2922
2004: 2024,2570
4660: 1482,4239,2120,2787,789
2006: 3926
2007: 4782
2008: 
2009: 2663,2335
2010: 3662,4666
4352: 2525,3397
2012: 3950,237,1561
2013: 3878,2697,3156
2014: 2158,4340
2015: 1884,2098,419,360,2613
2016: 
2017: 594,3464
2018: 1572
2019: 2037,2889,163
4200: 4129,4286
2021: 4363,2459,1070,2191
2022: 1734,3389,2389
2023: 4550,3368,4233,997
2024: 4010,239,2004
2025: 1944,75,4065
4710: 4038,4207,3012,4222,1840
2027: 413,2469
2028: 3542,3207
2029: 4229,523
2030: 397,3741,2782
2031: 151,1580,2544
4196: 1419,3138
2033: 295,787,3129
2034: 573,3959,3760,1354,3044
2035: 3322,3150,170,1348
4235: 3559,98,3155,473
2037: 2019,1165,2889,3500
2038: 4325,57,2859
2039: 2604,1167,4554,2593
4558: 648,4569
2041: 1167,3887,1641,3185
2042: 2223,1538,951,1623
2043: 1334,2153,3547,2340
2044: 1659,167,4180,4333
2045: 
2046: 1342
2047: 2051,4085,2980,541
2048: 586,4655
2049: 4019,3533,547,1655
2050: 4115,3690,1430
2051: 2047,4085,479,2659,1382
2052: 1030,3653,1448,1898
4116: 3173,2241,2958,1284,1851
4157: 3814,892,3683
2055: 508,3457
2056: 3325,3936,1373,793,4009
2057: 
2058: 2624,4699
2059: 782,2882,3498,179,3808
2060: 472
2061: 3739,4810,3292,4330
2062: 4634,3571,1694,4343,2758
2063: 4675,442
2064: 90,3435,3509
2065: 2200
2066: 1697,4444,839,744
2067: 3660,1402,4365
2068: 3897,587,1312,3819,3423,2824
2069: 3850,2493,4208,4554
2070: 89,775,4531,3734,1266
4802: 
2072: 2129,3883,874,2990,2303
2073: 2906
2074: 1703
2075: 3608,1950,1563,3136,182
4379: 3175,1076
2077: 4444,1926,481,695
2078: 3110,4023,1211,3667,1794
2079: 
2080: 1091,1748,3436,1532,3499
2081: 
4724: 3788,623,4401,4368,2644
2083: 4798,858,356
2084: 765,1468
2085: 
2086: 847,4581
2087: 
2088: 2418,4317,3454
2089: 1393,550,270,4384,2552,975,2284,2709
2090: 1078
4700: 1659,2568,1657,4142
2092: 4692
2093: 731
2094: 978,4583,4768
2095: 387,4355,75,25
2096: 4415,1696
2097: 252,3394,3401
2098: 2660,419,2015,3636
2099: 3965,3477,2764
2100: 900,4544,3471,1720
4152: 
2102: 4768,1636,3014
2103: 3695,531,4083
4540: 3081,1423
2105: 3560,2286
2106: 3550,2601,352
2107: 1908
2108: 2120,2970,1588,4239
2109: 2335
2110: 1601,1541,572,4380
2111: 3998,1260
2112: 3060,3389
2113: 4626,2419
2114: 1488,4535,514
4164: 
2116: 4223,2868,4560,4337
2117: 3759,4350,1927,1501,588,573
2118: 2708,116,2840
2119: 2362,4209,3081,1423,303
2120: 2108,4239,4660,3428
2121: 254,1842,4792,4024,1742
2122: 1365
2123: 
2124: 2345,4433,3743
2125: 3845,4497,726,4258
2126: 
2127: 1106,3722,2922,3395,319
2128: 1528,1998,4041
2129: 2419,498,3883,2072,2303
2130: 1567,1794,4450
4147: 3619,1747,1577,3066,1738
4201: 4101,2868
2133: 3083,4270
2134: 2394,1675,2271,1117
4703: 2346,4184,3940,4333
2136: 3948,1052,334,1874,1893,3115
2137: 1037,3023,2500,3396,1815
2138: 4340,2595
4702: 999,2243,3360
2140: 3231,4434
2141: 2470
2142: 1546,3540,3916,1863,1845
2143: 1696
4791: 4480,3684,3954
2145: 1399,2811,1117
2146: 1579,1230,4083
2147: 
2148: 4682,1515,1487,3248,2153
2149: 3616
2150: 1791
2151: 1019,1023,725,2629,685
2152: 3205,977,4677
2153: 1334,2043,3551,4682,2148
2154: 690,794
2155: 2738,2239,3353
2156: 4214
2157: 3819,3423
2158: 1097,2014,4673,4242,4340
2159: 4094,3545,4230
4807: 3162,1214,873
2161: 3016,4109
2162: 881
2163: 
4621: 986,3815
2165: 1542,3256
2166: 749,476,1360,3713,4793
2167: 1730,4562,4746,1522
2168: 4329,4655,586,2908
2169: 2218,3184
2170: 646,1695,2984,41
2171: 1278,648,4437
2172: 3645,349,3983
2173: 1603,2897,4097
2174: 2786,801,4151
2175: 1550,708,263,101
2176: 4622,3392,4093,579,924
2177: 1764,1292,1500
4737: 1318,4815
2179: 883
2180: 
2181: 3035,1722
2182: 1308
2183: 
2184: 1766,2529,834
2185: 
2186: 805
2187: 1558,1533
2188: 2474,420,1006
2189: 3694,969,3130
2190: 
2191: 1494,1046,2021,2459
4614: 
2193: 4058,2737
2194: 1876
2195: 852
2196: 277,1676,952,2666
4707: 1404,4503,3954
2198: 1689,3342,656,1152
2199: 1022,3777,221
2200: 4670,2065
4252: 4360
4124: 376,4436,3075,1807
2203: 166,1715,915,4549,155
2204: 4123,1398,1838,4810,556
2205: 688,1510,3296,1062
2206: 4686,4106,3358,4734
2207: 965,1835,2771,2608
2208: 4727,2730,3325,3415
2209: 2522,518,4194
2210: 210,1201,4071,2839
2211: 2251
4094: 2159
2213: 1040,229,3657,846,4350,1927
2214: 1825,4631
2215: 1789,1968,1582,3432
2216: 3755,89,3709
2217: 1094
2218: 2169
4103: 3581,3556
2220: 435,3620
2221: 667
2222: 370,2397,4397,4793,2993
2223: 1538,2042
2224: 3252,750,1175,2866
2225: 548,1265,896,2630
2226: 3162,3245,4396,2598
2227: 1235
2228: 306,759
2229: 1909,1119,3465,3227,2277,3746
2230: 188,3071,40,3284
2231: 2972,3367,281,323
2232: 3909
2233: 2707,3408,4574,3816
2234: 2743,3239
2235: 1766
2236: 
4376: 4177,3579,2410
2238: 
2239: 2155,3353,1793
2240: 
2241: 282,4116,3173,1476,99,2510
2242: 3196,1671,1101,4283
2243: 3360,4702
2244: 3462
2245: 874,2990,4010,931
4448: 3450
2247: 951,2603,1439,2287
2248: 
4230: 4308,1917,2159
2250: 1878,489,2885
2251: 2211,4704
2252: 4662,4129,3871,500,3761,1910
2253: 
4646: 1991,4310,1357
4319: 130,3371
2256: 530,2908,1069
2257: 836,1216,3617,3550,113
2258: 872,1912,1938,1925,972
4750: 513,1351
2260: 1568
2261: 
2262: 2982,3838,4765,422
2263: 3338,4530,2638
4148: 249,2446,3060,981,2317
4686: 2206,4106,1181,4723
4504: 1056,1673
2267: 3539
2268: 118,4666
4783: 2996,3664,2890
2270: 3375,4648,3387,3546
2271: 1675,2807,2394,2134
2272: 415,1008,404,244
2273: 2583,4711,2912,3272
2274: 
2275: 436,4778,3603,2761,1594
2276: 2398,526,2726
2277: 3746,2229,3227,2918
2278: 4814,512
2279: 4258,3657,588,1450,4350
2280: 469,913,2949
2281: 
2282: 2295,4288,4604,3947
2283: 
2284: 975,2337,2709,2089,2552
2285: 4138
2286: 3560,2105,2993
2287: 4684,2247
2288: 74,73,4225
2289: 233
2290: 3371,1077,3131,1453
2291: 
4251: 
2293: 3214,2969,300,2817
2294: 3843,1129
2295: 4288,2282,4604,499,3006
4442: 3540,4482,4194,3536
2297: 208
2298: 727,3827,3102,3801
2299: 1128,549
2300: 531,1514
2301: 26,2813,937,213
4645: 973,3331,4224,1093
2303: 2401,3372,4626,1145,2129,2072,4212
2304: 2441,3675,1978
2305: 161,594,4657
2306: 65,1556
2307: 109
2308: 374,2890,3676,4054
2309: 1204,589,4361
2310: 1630,1189,407,383,1256
4314: 1242,2745
2312: 1710,3518,1519,3635,2807,2914
4271: 2002,4344,3055
4141: 584,2738,1663
2315: 803,2602,1239
2316: 2985
2317: 981,3397,4148
2318: 4738,2654,3525,2738
2319: 3164,1599,3210
4401: 4368,2644,3285,1995,4724,4728
2321: 3818,3361,1099
4792: 3231,4024,254,2121
2323: 1817
2324: 3373,1934
2325: 658,334,1874,2422,2574
2326: 3996,1861,2974
4564: 3455,2557
4127: 
2329: 3979,2949,4049,3294
2330: 1617,468
2331: 
2332: 3445
2333: 1111,136
2334: 2468,959,1831
2335: 2352,2109,2009
2336: 1871,4670,4474
2337: 2284,1967,4445
2338: 4143,1643
2339: 4439,2878,2636
2340: 3917,2043
2341: 3521,4396
2342: 1433,668,1474,2424,2750
2343: 130
2344: 1112,4659,2851
2345: 2124
2346: 4184,4703,2520,3604,4553,2501
2347: 447,1281
2348: 
2349: 3912,3824,4290
2350: 3619,1844,239
4559: 1712,4627,2724,2734
2352: 2335,690
2353: 322,1914
4472: 
2355: 1540,3213,228,436
2356: 
4119: 186
2358: 243,762
2359: 4486,3830,100,1393,1522
2360: 3736,4784,1392
2361: 1045,2563,494,2485,2543,628
2362: 2119,4209,2421,3081,4809
2363: 1536,1250,1236
2364: 655,1609
4728: 4427,4401
2366: 108,364,532,2511,507
2367: 3537
4351: 1762,4608
2369: 1494,4587,2589
2370: 172,3519,383,907,2723
2371: 612,3190,2486
2372: 644,560,4816
2373: 3834,976,2620
2374: 4182,1992,4727,3644,4289
2375: 732,654
2376: 
2377: 
2378: 1190,4033,1041,264
2379: 1470
2380: 2675
2381: 3724
4423: 277,952,1102,308
2383: 3456,1481,434,3943,4800
2384: 1092,4754,3557,50
2385: 4279,4687,614
2386: 
2387: 3967
2388: 3594,4
2389: 1705,3686,2022
2390: 
2391: 2511,1312,3763,108,3379
2392: 2851,685,1112,4332
2393: 4086,1982,3214,2817
2394: 2134,1675,2271,1710
4795: 1468,3107,2706,265,3080,3547,3917,1487,765
2396: 829,141,2453,928
2397: 370,2222,4793
2398: 526,2276,1160
2399: 4322,1282
2400: 1899,3880,4460
2401: 2303,4626
2402: 2537,3744,949,4767
2403: 3896,3344,654,1965,2809
2404: 3426,331,4353,2905
4633: 4479,3183,2988,4648,3181
2406: 4232,852,1531
2407: 327
2408: 4332,3530,1547,3794,3315
2409: 2968
2410: 2502,4785,4376
2411: 1956,740,2814,2442
2412: 1192,4248
2413: 
2414: 3078
2415: 3646,2514
2416: 4705,255,527,2608
4392: 4410,3223
2418: 2088,3863,3454
2419: 2129,498,4272,2113,4626,2607
2420: 144,3483,1649
2421: 2362,3081,1184,4809,2910
2422: 2325,658,1874,2574,3335,2696,4154
2423: 1737,3820,2764
2424: 751,3350,1474,2342
2425: 
2426: 2581,4028,3777
4452: 3422,4233,120,1088
2428: 
2429: 3223
2430: 4033,3628,4276,1435,3125
4522: 2719,2676,3860,3799
2432: 4298
2433: 1259,4250,745
4478: 
2435: 1444
2436: 4479,4648,3492
2437: 3431
2438: 
2439: 2847,4297,1133,264,3597
2440: 1986,1173,1805,3366
2441: 2304,1978,1930,1955
2442: 2411,2814,4821,1440
2443: 492,3898,1838,1593,556
4507: 
2445: 3291
2446: 249,4148,3060,981
2447: 
2448: 674,4679,963
2449: 4413,3837,3542
2450: 740,1905,2814,4821
4443: 2920
2452: 159,4711,940,3334
2453: 2396,928
2454: 
2455: 2533,1226,1649
2456: 4440,4272,840,1069
2457: 499,60,2937,3006
2458: 117,3869,4649
2459: 2478,2021,2191
4616: 677,3138
2461: 42
2462: 2463,3516
2463: 2462,3058
2464: 1068,4596,1757,1499,4063,1869
2465: 669,2942,125,2833,301
2466: 1536,1128
2467: 
2468: 2334,959,1831
2469: 413,4552,2027
2470: 2141,147
2471: 733,3832
4098: 3629,19,2903
2473: 706
2474: 2188,3753,2729
4499: 1189,407,3745
4399: 1562,4381,254,2744,49
2477: 3531,473,935,845
2478: 1332,134,2459
2479: 1833
2480: 246,292,304
2481: 1371,3458
2482: 2628
2483: 702
2484: 1397,3849,1841,1326
2485: 2361,1045,2563,2772,3854
2486: 2371,1665
2487: 1777,2513,4772
2488: 2977,4537,3124,4788,2515
2489: 4069
2490: 
2491: 4066
2492: 3572,3247
2493: 1073,2604,2069
4133: 
4242: 3776,4673,4786,2158,123
2496: 1795,4766,1660
2497: 1067,2872,939,1388,456
2498: 3791
2499: 
2500: 1037,2137
2501: 4062,4553,3604,2346,2520,3649
2502: 2410,4785,1634
2503: 3336,3002,3365,3749,4072,4192
2504: 3624,3740
2505: 3840,1361
2506: 1973,165,312,3544
2507: 1800,464
2508: 3083,900,1720
2509: 
2510: 1993,2958,3966,2241
2511: 532,2391,3763,108,2366
2512: 315,1422,1771
2513: 1777,2487,4380
2514: 1875,2869,2415
2515: 4421,4788,2977,2488,3124,1153
2516: 
2517: 1323,2727,637
2518: 1466,1077
2519: 
2520: 2346,4184,4553,2501,3163
2521: 
2522: 1551,2209,518,4194,505
2523: 2717,4188,4584,1779,1967
2524: 
2525: 4352,543
2526: 3100
2527: 
2528: 1493,3883
2529: 1460,2184
2530: 1391
2531: 
4473: 2991,2877,272
2533: 2455,4051
2534: 4525
2535: 4398,3728,3775,1031,3178
4241: 3942,343
2537: 3744,2402,2554,949,2944
2538: 
4524: 1031,580,3755,4038
2540: 1748
2541: 4203
4151: 4701,2174
2543: 2361,494
2544: 1283,2031
2545: 891,1084,86,12
2546: 2614,2756
2547: 540,1642,1372
2548: 805
2549: 4221,2744,1677,3559,2769,4591
2550: 250,3699
2551: 1288,2647,3833,4535
2552: 4384,2089,2284,2709,1779,838
4436: 1784,1308,4124,1807
2554: 1929,4565,949,2944,2537
2555: 3309,1317
2556: 1089,3072,3594,1746
2557: 4822,4564,3140
2558: 2972
2559: 1533,2903
4476: 1789,1968,3745
2561: 4583,48,4063,3303
2562: 1395,1704,1106,1380
2563: 2361,1045,2485,3854,628
4224: 3331,4441,4173,3894,1093,4645
2565: 4477
2566: 503,4619,3700
2567: 4552,3090,3549
2568: 1659,4700,1005,1657
2569: 1953,2917,543
2570: 2736,2004
2571: 1043,4305
4467: 3326
4775: 2926,4003
2574: 3335,504,2325,658,2422
2575: 
2576: 1403
2577: 2594,2643
2578: 551,679,457
4322: 258,31,468,2399
2580: 3719,3144,4685,1406,2001
2581: 2426,1788,2697,4542
2582: 3342,3336,3002,707
2583: 4711,2273
4456: 1494,1046,3663,4656
4482: 4353,3540,4442,1863,331
2586: 1039
4813: 1300,2699,4348,4519,1330,1800,3973
2588: 4704,1831
2589: 1302,2369,1494,143
2590: 992,4617,1027
2591: 248,538
2592: 966,4136,4415
2593: 1771,2039,1167
2594: 2577,2643
2595: 2138
2596: 3985,1020,1606,3169,618
2597: 1390,3838,4765,1212
2598: 772,796,3245,3192,2226
2599: 153,4488,1174,4285
2600: 2817,3259,18,1819,300,4680
2601: 1597,984,2106
2602: 928,1239,2315
2603: 1439,3317,2247
2604: 3185,3601,2039,2493,4554
4705: 255,4383,2416,527
4508: 128
2607: 1276,2419,4272,4626
2608: 911,2207,2416
2609: 4462,3826,1602
2610: 4287,241
2611: 1030,3510,349
4460: 566,3880,2400
2613: 1327,2015,360
2614: 2546,985,2916
4418: 2927
2616: 3955,1970,766,2823,2771
2617: 3158,1657,3100,558
4388: 183,707,57
2619: 3964,1257,3873
2620: 2983,2373
2621: 147,4790
4111: 2903,919
2623: 354,3803,3687,497,168
2624: 2058,4699,4666,3662
2625: 154,776
4648: 3375,2270,4633,2436,4479
2627: 4739,1927
2628: 3511,2482,3643
2629: 1019,2151,685,3794
2630: 1265,2225,788
2631: 2690,4812
2632: 607,4210,606
2633: 1458,1540,1607
2634: 1252
2635: 3200,1647
2636: 4049,2826,2339,2878
4243: 4773,4019,3533
2638: 414,1814,2263
4774: 3269,4057,1043,4305,1801,4701,3146,3160,3273,3941
2640: 4789,722,424
2641: 3367,2714,323
4390: 3697,1087,1616,1651
2643: 2594,2577
2644: 4401,4368,3285,1995,623,4139,4724
2645: 2838,3433
2646: 1073
2647: 1288,4469,4535,2551
2648: 1814,1370
2649: 232,22,3981,4093,3584,3607
2650: 474,4182,1992,2746
2651: 4722,4819
4470: 16,1731
2653: 4206,1729
2654: 2318
2655: 4360,3479,677
4708: 2985,2955,3737,843
2657: 4658,230,447
2658: 879,2718
2659: 479,1424,2051,4085,872,3017
2660: 2098,38,3112,3845
4746: 1730,4562,2167,3725
2662: 4790,4279
2663: 2009,3481
2664: 1704,4339,177,1501
2665: 4808
2666: 3313,1676,259,2196
2667: 4039,3741
2668: 126
2669: 853,581,3213
2670: 3066,3391
2671: 412,3660
2672: 
2673: 3600,312,165
2674: 111,1044
2675: 3679,2380,4780
2676: 4522,680,3799
4751: 4017,2980,1836,1313
2678: 1517,3512,1873,709,3626
2679: 171,3872
2680: 251,3753,2729
2681: 2925
2682: 219,3222,111,4643,2827,3152
2683: 527,936,1083,1434
2684: 449,1007,4785
2685: 
2686: 2951,4297,1224,1000,1329
4780: 4417,1261,2675,3679
2688: 993,1945,4030
2689: 4204
2690: 4084,2631
2691: 2858,297,3962,922,705
4118: 1327,3964
4769: 2756,954,3220
2694: 
2695: 4234,3971,2981
2696: 242,1678,3335,2422,4154
2697: 2581,3878,2013
2698: 4055,4803
2699: 1300,4813,1800,1178,1633,4561,464
2700: 158
2701: 1177
2702: 3361,823,4498,3925
2703: 106
2704: 4781
4778: 436,2275,853,2761
2706: 265,3080,1385,4795,3917
2707: 4733,2722,2233,4574,818
2708: 2118,116,4454,148
2709: 975,2284,2089,4384,2552
2710: 
4281: 4273
4355: 2095,387,3186,1686,4491
2713: 
2714: 3367,2641
2715: 917,3530,4438,4608
2716: 1635
2717: 4188,2523
2718: 2658,3573
2719: 4522,2792
2720: 141
2721: 1991,3551,4749
2722: 4733,2707,3884,818
2723: 907,172,2370,1926
2724: 1647,4559,2760
2725: 3426
2726: 408,3566,526,2276
2727: 637,2517,4022
2728: 1149
2729: 4064,2474,2680
2730: 2208,2779,1992
2731: 944,1451,4026,3521,1024
2732: 1382,479,1424
2733: 
2734: 4112,4567,4559,3230
4435: 
2736: 2570,3754,4398,3728
2737: 2193,820,230
2738: 2155,2318,4141
2739: 
2740: 2960,1273,4516
4787: 1985,4625,871,1227,4215
2742: 4800
2743: 2234,1643
2744: 98,49,4399,2549,3559
2745: 3565,3633,4483,4314
2746: 4182,2650,701,4289
2747: 4082
2748: 1185
4428: 2889,1757,1869,163
2750: 69,4213,4259,668,2342
2751: 3837,1929,4565
2752: 1509,517,1823,3692
4577: 1925,972,4569,1162
2754: 1853,4601,3497
2755: 3143,3456
2756: 4769,4669,2546
4579: 1728,4295
2758: 3772,3233,2062,3571
2759: 475,3981,4768,978
2760: 1742,4627,2724
2761: 2275,4778,3603
4441: 4224,1282,4173,837,536
4283: 4189,2242,753
2764: 3820,2099,616,2423
2765: 3376
2766: 3647,895,3735,1687
4173: 1282,4441,4224,3894
2768: 689,4298
2769: 4591,2549,1677,610,2818
2770: 4048,2995,3922
2771: 2823,3955,2616,2207,965
2772: 4427,33,2485,344,3854
2773: 3176,317,4457,1023
4189: 4283,753
2775: 439,3323
2776: 256,1224,2951,4617
2777: 3090,4000
2778: 1753,1274
2779: 2730,961
2780: 1286
2781: 1962,508,3907
2782: 3506,2030
2783: 883,1753,1485
2784: 1082
4666: 2268,118,2624,2010,3662
2786: 3146,2174,4354
2787: 3975,789,3428,4660,3836,4036
4345: 3175,1640
4561: 1633,1680,464,1109,2699,4146
4498: 1429,2702,3925
2791: 
2792: 680,36,3386,2719
4765: 1212,2597,2262,3482,1624,422,3522,1827,4231
2794: 4535,3264
2795: 
2796: 3337,3919,679,457,784
4588: 3486
2798: 3402,1681,4309,1166,1179,2835
2799: 
2800: 3825,3996,391,3671
2801: 3711
4631: 1825,2214
4338: 
2804: 3084,1005,3283,1657
2805: 470
2806: 
2807: 3635,2271,1710,2312
2808: 1826
2809: 1965,2403,911
2810: 1987
2811: 1675,1399,2145
4291: 4394,4282
2813: 739,832,937,3882,2301,26
2814: 4821,1440,2450,2411,2442
2815: 
4576: 3603
2817: 3259,2600,2293,3214,300,2393
2818: 1134,610,4228,4605,1677,2769
4275: 2854
2820: 40,3499,3436,157
2821: 
2822: 342,1252
2823: 365,2771,766,2616
2824: 3379,1312,3897,2068,3308
2825: 357
2826: 363,4049,2636,3314,3704
2827: 1806,4643,313,3222,2682
4268: 3952
2829: 3111
2830: 1530,4658
2831: 2967,66,785
2832: 1913,4336
2833: 125,321,301,2465
4369: 1262,0,3508,4619
2835: 4404,1681,2798,1179
4739: 2627,1034
2837: 
2838: 2645
2839: 4640,3849,2210
2840: 2118,535,3699
2841: 656
2842: 507,4667,3112,364,419
2843: 
2844: 4302
4701: 3146,4774,4151,3160,3273
2846: 
2847: 2439,4297,1133,165
2848: 106
4463: 3363,3288,4081
2850: 3101,64,455
2851: 2392,1112,2344
2852: 1560,1839,568,1032
2853: 3793,3822,1086,1103,338,4280
2854: 4275
2855: 3867
4758: 1099,4363
2857: 3484,4551,1879,3200,417
2858: 297,2691,1103,1086
2859: 57,774,3322,2038
4368: 4401,2644,4724,3788
2861: 159,1850
2862: 
2863: 
4711: 2583,2273,2452,159,940
2865: 4212,702,832,3674
2866: 473,750,2224
2867: 3498,2965,3421
2868: 4101,4201,4337,2116
2869: 1875,2937,2514
2870: 1335,3535
2871: 878,3046,1871,3191
2872: 4542,939,200,2497
4784: 4096,3736,2360
2874: 4683
2875: 
4563: 786
2877: 272,4473
2878: 3314,3251,2339,2636
2879: 482,3229
4121: 4017,4188
2881: 1815,665
2882: 782,2059
2883: 4713,4741,3698,4580,4810
4317: 3863,2088
2885: 1976,1257,2250,489
2886: 1548,227,134
2887: 1802,3016
2888: 4161,1957,493,4534
2889: 4428,1757,1008,1165,2019,2037
2890: 374,2308,4783,2996
2891: 4654,1140
2892: 74,3860
4138: 4067,384,2285
2894: 
4726: 486,3069,3203,1573,821
2896: 1585,1725
2897: 2173,4097,4362
4581: 4794,2086
2899: 920
2900: 1314,4123,1587
4560: 4451,3042,4337,2116,3341
2902: 261
2903: 2559,1533,4098,4111
2904: 944,3542,3207
2905: 2404,4353
2906: 2073
4440: 4272,2456,1079,1638
2908: 2941,2168,4329,2256
2909: 3445
2910: 1065,4809,3074,2421
2911: 791
2912: 1846,4187,3463,2273
2913: 4410
2914: 1640,3518,2312
4814: 2278
2916: 60,985,2614
2917: 2569,543
2918: 4377,1180,3227,2277
4284: 4359,3186,1686,333
2920: 4443,495,634
4272: 4440,2456,840,2419,2607
2922: 2003,1060,1386,1106,2127,319
2923: 1592,194
2924: 
2925: 2681
2926: 4775,4003,3581,3135,502
2927: 1147,4418
2928: 1198,3881,217,221,3766
2929: 
2930: 948,1032,4788,3064,2977
2931: 914,1194,10,3756,3930
2932: 
2933: 2976,1804
2934: 4709,1277,688,1510,1249
4434: 1736,3231,2140
2936: 3602
2937: 2457,2869,809
2938: 1921,3343,4761,308,1928,4073
2939: 
2940: 
2941: 2908,498,840
2942: 669,2465,1001,125,4461,4296,4672
2943: 4525,3174
2944: 1929,2554,2537
2945: 441,1199,1291,191
2946: 3491
2947: 660,1042,1245,3846
4212: 2865,874,2303,1145
2949: 2280,2329,4049
2950: 4815,988,1219,3492
2951: 2686,1634,2776,1224
2952: 68,1040,229
2953: 13,1257,3873
2954: 614,251
2955: 157,3524,3737,843,4708
2956: 1427
2957: 4604,4092
2958: 3685,2510,1993,4116,1284
2959: 4636,3879,4106,4134
2960: 982,2740
2961: 385,1352,3365,4192
4500: 
4555: 741
4535: 4469,2114,1488,2647,2794,2551
2965: 2867
2966: 3241,4062,4462,643
2967: 2831,4209,303
2968: 2409,4282,3046
2969: 2293,494,300
2970: 3169,1588,2108
2971: 665,3098,1320,4039
2972: 2231,3367,2558,1764
4228: 4605,4238,1677,4149,4221,1134,2818
2974: 280,3215,2326,1861,1387,694
2975: 1625,359,3627
2976: 2933
2977: 2488,4537,2930,948,4788,2515
2978: 238
2979: 269
2980: 4751,2047,1313
2981: 1806,4234,2695,3971
2982: 2262,1018
2983: 2620,1611,898,1975
2984: 3720,2170,1429
2985: 2316,4708,4223,1974
2986: 3481
2987: 
2988: 4721,4246,4633,3181
2989: 150,3132,195
2990: 874,2245,1493,3883,2072
2991: 4473,860,3989
2992: 
2993: 370,2222,2286
2994: 388
2995: 2770,3951,3434,3922
2996: 4783,3664,2890
4541: 3360,3811
4747: 3705,1964,4642
4594: 804
3000: 3327
3001: 3772,474,285,307
3002: 3336,2503,4192,707,2582
3003: 1184,1952
3004: 416
4819: 2651
3006: 2295,499,2457
3007: 
3008: 
3009: 964
3010: 1988
4771: 
3012: 3438,4710,4038,4640
3013: 
3014: 48,2102
3015: 3458,1805,815,1173
3016: 2161,1822,2887
3017: 872,1912,2659
4682: 2148,1515,2153,3551
3019: 3874,3824
3020: 3403,1914,3997,914
3021: 4599,4247
3022: 1155
3023: 2137,3744,3396
4139: 1870,1294,623,2644,3285
3025: 3116,959
3026: 
4717: 
3028: 1514,1646
3029: 3386,824
3030: 
4246: 4721,2988,553,4603,3181
3032: 4311,3567,3418,4407
3033: 
3034: 
3035: 1411,1859,2181
3036: 
3037: 3645,529,3510,3677,4651
4761: 1102,308,736,1928,2938
4096: 4784,1303,4150,3345
3040: 645,1784
4738: 2318,3525,737
3042: 4451,4560,4337,1862
3043: 4550,3427,450,4433
3044: 1354,2034,1395,177
4302: 2844
3046: 878,2871,1871,2968
3047: 4712,1637,1655,864
3048: 579,1011,1609
3049: 
4090: 551,1037
3051: 4549,155,1410,1994,1888,3209
3052: 
3053: 1121
4248: 2412,1192,3120,621
3055: 1278,4271
3056: 328,694,4537
3057: 3962,3153,916,1378
3058: 2463
3059: 410,1336,3221,3680
3060: 2112,2446,4148,981
3061: 3409,968,1974,1528,4693
3062: 1978,3675
3063: 3482,606,1624,1270,561,1144
3064: 1048,4788,1560,354,3803,2930,1032
3065: 929,1316,4341,3710,1255
3066: 2670,1738,1577,4147
4822: 2557,3140,4061,318,260
3068: 1477,653,1230
3069: 4726,486,3405,1948
3070: 
3071: 2230,188,4534,1604
3072: 4,2556
3073: 963
3074: 1065,2910
3075: 1061,4124
3076: 1812
3077: 
3078: 2414,1273,1652
4553: 4062,2501,3163,2346,2520
3080: 2706,265,4795
3081: 1184,4540,2119,2362,2421,1423
4149: 4228,4238,1842,4221
3083: 2133,2508
3084: 1005,2804,4409,4357,3283
3085: 3225,3792,3374
4231: 1827,4765,3522
3087: 692,429,3484,1346,1029
3088: 1661,3403,914,10,3712,1642
3089: 
3090: 4552,2777,2567
4462: 2609,643,2966,4062
3092: 
4543: 1735
3094: 3282
3095: 1067,900
3096: 
4670: 2200,4474,2336
3098: 3563,1320,2971
3099: 
3100: 2526,3158,1657,2617
3101: 2850,64
3102: 1441,3310,2298,727
3103: 1144,3522,1792,3106,1301
3104: 1404,3767
3105: 58,4183
3106: 82,1792,3103,1301
3107: 1468,4795,3135,502
3108: 4786,343
3109: 4134,4343,1877,1181,3877
3110: 2078,4023,246,292,1215,1116
3111: 2829,1513,698
3112: 4667,2842,2660,419
3113: 3920
3114: 3568
3115: 3410,1893,2136,1052
3116: 3025,959
4600: 
4764: 482,356
4777: 4218,1491,660,403,3828
3120: 621,4248
4810: 2883,3698,209,1838,4580,2061,4123,2204,1398,3292
4181: 996
3123: 3288
3124: 2488,2515,1153
3125: 1382,3806,4276,2430,3628
3126: 
4101: 2868,4201,1223
4801: 701,740
3129: 2033,1627,1650
3130: 3887,4815,2189
3131: 3371,2290
3132: 150,2989,1515
4396: 122,2341,2226
3134: 3548,4249
3135: 3581,3443,2926,3107,502
3136: 1563,3209,2075,1950
3137: 1302,4656,1506,1243
3138: 956,4196,4616
3139: 3500,530,3830,4486
3140: 4822,2557,318
3141: 3847,946
4626: 2113,2401,3372,2303,2419,2607,1276
3143: 2755,3456
3144: 2580,3719,1731
3145: 
3146: 4701,2786,1043,4774,4057
4481: 383,1256
3148: 1876
3149: 3333,610
3150: 2035,3576,774
4562: 4746,2167,1431,1981
3152: 3413,111,219,2682
3153: 3057,68,1378
4312: 489,4474,1871
3155: 98,49,1449,3252,4235
3156: 1380,3722,3878,729,2013
3157: 
3158: 1657,2617,3100,558,607
3159: 
3160: 3273,3941,4701,4774,836
4287: 2610,691,4582
3162: 1214,3245,2226,4807
3163: 4553,2520
3164: 2319,1599,1849,570
3165: 
3166: 4061,753,3588
3167: 1054
3168: 
3169: 1606,2970,2596
3170: 475,4768,655,3392
4115: 2050,799
3172: 356
3173: 282,4116,2241,4536,1419,1851
3174: 4454,2943
3175: 4345,1702,4379
3176: 317,2773,4457,4567,1191
3177: 4077
3178: 1247,4398,2535,1031
3179: 659
3180: 3258,1737
3181: 3375,2988,4246,4633,1305
3182: 1971,977,1416
3183: 816,3934,4633,4479
3184: 4143,1369,2169,23
3185: 3601,2604,1167,2041
3186: 4284,1686,1508,4355
3187: 596,3,3862
3188: 1309
3189: 4052,1951
3190: 612,2371
3191: 878,2871,13
3192: 3613,2598,796
4731: 
3194: 1820,103,851
3195: 319,1218,1919,107
3196: 2242,1671
3197: 805,51,557,3429
3198: 739,3674
4519: 1064,4813,3973
3200: 2635,3747,2857,417
4304: 815
3202: 4455,3310,4589,4665
3203: 1793,3351,1573,4102,4726
4806: 733,709,1981,504,1803
3205: 2152
3206: 
3207: 2028,3542,2904
3208: 
3209: 3136,3051,1994,1888
3210: 4618,2319
4348: 4813
4308: 4230,1917,1606
3213: 228,853,2669,2355
3214: 2293,1272,2817,2393
3215: 280,2974,3996,3671
3216: 
3217: 1873,3411,232,3584
4394: 4291,4197,1412
3219: 
3220: 4769,1875,339
3221: 3680,4620,4606,3059
3222: 171,111,313,2827,2682
3223: 4410,2429,4392
4335: 4204
3225: 3085,3792,1044
3226: 
3227: 4740,1909,2229,2277,2918
3228: 1400,3642,4131,4327
3229: 482,2879,1220
3230: 55,3855,4416,4457,4567,2734
3231: 4792,1651,2140,4434
3232: 1702,893
3233: 961,1877,2758
3234: 509,3544
4789: 2640,722,1293,950
3236: 863,1549
3237: 
4618: 817,3850,3210
3239: 236,2234
3240: 326
3241: 3649,2966
3242: 3338
3243: 964,3319
3244: 1269
3245: 3162,2226,873,2598
4323: 3471,1720,1577,1738,3715
3247: 3572,2492
3248: 1487,765,2148
4289: 701,4182,2374,2746
3250: 4244,4675,910
3251: 3314,2878,490,76,1028
3252: 2224,9,1206,1449,1175,3155
3253: 1741,1227,3280,710
3254: 158
3255: 4598,1641,3802
3256: 2165
3257: 
3258: 3300,3180,119
3259: 2817,2600,1982,4680
3260: 1197,4117
4215: 3609,670,4787,871
4529: 39
3263: 1613,4763
3264: 929,2794
3265: 324
3266: 3929,603,830,3302
3267: 4329,530
4772: 3716,1765,426,309,1541,1777,2487
3269: 4774,3273,3941
3270: 716,4748
3271: 3860,3799,3812,890,1502
3272: 4267,2273
3273: 3160,3941,4701,4774,3269
3274: 
3275: 1923
3276: 
3277: 1163,1235,1126,398
3278: 827
3279: 1907,3779,3776,4786
3280: 357,1741,3253
3281: 3770,3847,1108
3282: 3094
3283: 4357,3084,2804
3284: 3771,2230,40
3285: 4401,2644,1995,1870,4139
3286: 
3287: 3480,3800,1520,1346,1029,3785
3288: 3348,3123,4463
3289: 820,3629
3290: 4334
3291: 2445
3292: 4810,2061,1398
3293: 
3294: 2329
3295: 448,1254
3296: 1062,2205,3697
3297: 678,3734,1375,3775
3298: 3525,1146
3299: 3807,1482,789
3300: 1498,4373,3258,119
4573: 1747
3302: 3266
3303: 4063,2561,48
4798: 1735,1687,2083,3486
3305: 3591,281
4627: 1712,4559,3534,2760
3307: 791,1297,4565,4767
3308: 3897,4076,2824,1878
3309: 2555,1317,3407
3310: 3202,4455,3102,1620
4757: 
3312: 4420,4776,1627
3313: 2666,998
3314: 3251,2878,490,2826
3315: 3794,2408,1547,4475
3316: 756,4613,401
3317: 2603
3318: 4632,151
3319: 3243,964
3320: 
3321: 1306,4374,4641
3322: 2035,170,2859,3414
3323: 1680,439,2775
4649: 3885,117,2458
3325: 3936,1373,2056,2208
3326: 3789,4467
3327: 3000
3328: 1632,3756,3412
3329: 45
3330: 4068,1963
3331: 4224,837,4645,973
3332: 1743,3902
3333: 3149,3681,1629
3334: 1952,640,2452,940
3335: 2574,2422,2696
3336: 3002,2503,4072,1639,2582
3337: 3919,2796,679
3338: 2263,4530,3242
4220: 1154,4273
3340: 1137
3341: 4451,4560,3758
3342: 2582,1689,2198,656
3343: 2938,1921,1907,4673
3344: 2403,3896,911,255
3345: 795,643,4096
3346: 3920,185
4219: 677,4628,3479
3348: 3288,3548
3349: 719,4812,757
3350: 1956,2424
3351: 3203,1793,4341,3353,3710,4044
3352: 
3353: 4341,3859,2155,2239,1793,3351
3354: 418
4270: 1856,528,1388,2133
4170: 1671,435
4371: 110,0
3358: 210,1201,2206
3359: 135,1174,4140
3360: 2243,4702,4541
3361: 2702,823,3818,2321
3362: 103,4782
3363: 4463,4081
4565: 1929,2554,2751,791,3307
3365: 2961,2503,4192
3366: 1805,2440
3367: 2714,2641,2231,2972
3368: 1946,3422,4233,2023
3369: 4735,4387
3370: 1293,722
3371: 2290,3131,4319
3372: 2303,4626,1145,1276,278
3373: 2324
3374: 603,830,3085
3375: 4648,2270,3181,1305
3376: 2765
3377: 3510,1351,380
4647: 
3379: 2824,2391,1312,108,1608,1878
3380: 
3381: 4735,4387
3382: 1991
3383: 
4674: 1081,3676
3385: 3851,1071
3386: 3029,523,2792
3387: 3546,2270,1814
4730: 
3389: 2112,2022,1734
3390: 
3391: 3786,2670
3392: 4093,475,3170,2176
3393: 4622,3584,3607,3750
3394: 1473,252,2097
3395: 4178,2127,319
3396: 1815,3744,3023,2137
3397: 981,2317,4352
3398: 240
3399: 
3400: 
3401: 2097
3402: 79,2798,4420,4776,1166
3403: 1661,3088,3020,1914,914
4659: 1112,3899,4036,2344
3405: 486,3069,3977,1062
3406: 4756,3579
3407: 3309
3408: 935,2233,3816
3409: 3061,1373,4693
3410: 1893,3514,770,3115
3411: 3217,1873,709,232
3412: 1736,3328
3413: 3152,219,1294
3414: 3653,3322,170,513
3415: 3986,4727,2208
3416: 1038,1153,3736,771
4286: 3589,898,4129,4200,1611
3418: 4330,4407,3032,3567
4247: 3021
4617: 2590,256,2776,1224,1000
3421: 2867
3422: 3368,1946,4233,4452
3423: 3819,2157,3988,2068
3424: 3809,1330
3425: 666,539
3426: 2725,2404,331,505
3427: 997,3043,4550,450
3428: 2787,2120,4803,4199,3836
3429: 3489,3197,61
3430: 
3431: 4079,2437
3432: 1582,2215,3906
3433: 2645
3434: 4665,3951,4455,2995,214,3922
3435: 2064,118
3436: 427,2080,2820,3499,843
3437: 1544,3858,3528
3438: 3012,246,4038,1116
3439: 835
3440: 4013,856
3441: 
3442: 
3443: 3581,3135
4237: 4762,4108
3445: 2909,2332
3446: 3702,1637
3447: 1028,490
4125: 4548,4628,877,3640
3449: 3630,1110,4662
3450: 4448
4158: 1935,4274
3452: 103
3453: 1002,1466
3454: 3865,2418,2088
3455: 1093,4564
3456: 2383,2755,3143
3457: 1781,2055,827
3458: 3015,815,2481
4549: 3051,155,166,2203,1410
3460: 1436,182
3461: 787,799
3462: 2244
3463: 569,2912,4187,1160
3464: 3644,2017
3465: 1909,1119,2229,930,3496
3466: 731
4194: 331,505,2522,2209,4442
4634: 2062,3571,1694,305
3469: 4419
4239: 3982,2120,2108,4660
3471: 4323,1720,2100,4544,1738
3472: 
3473: 
3474: 
3475: 1505
3476: 1563
3477: 82,4610,1602,3965,2099
3478: 1994,1436,182
3479: 2655,1856,4219
3480: 1520,3287,1346,1879
3481: 2663,2986
3482: 3063,1624,4765,1144,3522,1827
3483: 1226,1582,1649,2420
3484: 2857,1879,692,417,3087,1346
3485: 507,4667,622,1699,38,1662
3486: 713,4588,4798
4298: 2432,3858,2768
4370: 
3489: 3429,51,4776
4330: 3418,2061
3491: 4156,2946
3492: 854,2436,2950,1837
3493: 938,4687,224
3494: 
4630: 
3496: 3844,4078,1119,3465
3497: 2754
3498: 2867,2059
3499: 2820,2080,1748,3436
3500: 3139,1165,2037
3501: 631
3502: 
3503: 4
3504: 
3505: 
3506: 873,4632,2782
4515: 266,1233
3508: 399,3938,4369
3509: 2064
3510: 3377,3677,2611,3037
3511: 2628,3643
3512: 1517,2678,3626,1617
3513: 
3514: 3410,1893,1617,334
3515: 3566,1846
3516: 3831,2462
3517: 4060
3518: 1710,2312,1519,2914,892
3519: 172,2370,510,1162
3520: 3614
3521: 2341,2731
3522: 1144,3103,3482,4765,1827,4231
4689: 1542
3524: 2955,3737,1405,1769
3525: 737,4738,2318,3298
3526: 
4457: 4416,3230,3176,2773
3528: 3858,1544,1420,3437
3529: 138
3530: 2408,4438,1547,2715,4122,4608
3531: 2477,473,953
3532: 
3533: 2049,4019,547,4243
3534: 1712,865,4627
3535: 2870,3944
3536: 350,3540,3916,4442
3537: 2367
4754: 4804,3639,1092,2384,50
3539: 2267
3540: 4482,3916,4442,1863,3536,2142
4113: 1347
3542: 2028,3207,2904,944,2449
3543: 4163,3886,726
3544: 1973,2506,3234
3545: 2159,402,882
3546: 3387,4530,2270,854
3547: 3917,4795,1487,2043
3548: 3134,3348
3549: 2567
3550: 2106,2257,113,4805
3551: 2153,4682,2721
3552: 
3553: 4313
4360: 2655,4252,678,1375
4218: 558,4777,3828,271,1390
3556: 4195,4103
3557: 67,50,2384
4496: 547,3780
3559: 4235,2744,98,2549
3560: 2105,2286,3620
3561: 
4426: 3747,1990,1647,4112,4567,1191
3563: 3098,3903
3564: 444,1767,947,352,1492
3565: 4120,2745,3633
3566: 3515,3661,2726
3567: 3032,1572,3418
3568: 1497,3114
3569: 4365
3570: 
3571: 2062,4634,1694,2758,305
3572: 3927,3247,2492
3573: 1672,2718,4236
4227: 4521
4437: 2171
3576: 774,3150
3577: 832,1145,278,937
4608: 4122,4351,2715,3530
3579: 4177,4376,741,4756,3406
3580: 299,4745,816
3581: 4103,3443,3135,2926,4003
3582: 3583,188,4534
3583: 3582,304,188
3584: 3393,4622,3607,2649,3217
3585: 
4655: 2168,4329,1180,2048,586
3587: 
3588: 3602,3166,4107
3589: 4286,898,771,562
4236: 3573,1672
3591: 3305,3929
4601: 1853,2754
3593: 449
3594: 2388,2556,1746
4140: 877,1016,3359,1476
4718: 4523,4679
3597: 264,3625,2439
3598: 3867
3599: 582,231
3600: 2673,312
3601: 3185,2604,3694
3602: 3588,2936,4107
3603: 2275,2761,4576
3604: 2346,3649,2501
3605: 32
4781: 2704
3607: 3393,3584,3981,4093,2649
3608: 2075,1950
3609: 4215,670,1496,710
4497: 2125,708,390,101,726
4315: 1462,287,408
4732: 3742
3613: 4034,3192
3614: 3520
4599: 1021,3021,382
3616: 4480,986,2149,3815
3617: 3941,984,836,2257
3618: 503,3700
3619: 2350,4147,1577,1844
3620: 1101,2220,3560
4122: 4608,3530,1547,4475
3622: 1581,4095
3623: 3758,380
3624: 2504,3740
3625: 3597
3626: 1873,3512,2678
3627: 2975
3628: 4033,2430,4276,3125,1190
3629: 4098,3289,19
3630: 1754,3449
3631: 967,758
4667: 507,2842,3485,3112,38
3633: 4483,3565,4120,2745
3634: 
3635: 2807,235,2312
3636: 846,360,2098,1450
3637: 809
3638: 463
3639: 4817,4532,4804,4754
3640: 4536,877,1016,4125
3641: 
3642: 1075,3228
3643: 3511,2628,248
3644: 3464,4657,4727,2374
3645: 3037,529,2172,3983
3646: 2415,1653,619
3647: 2766,895,1735,1687
3648: 1707
3649: 3241,168,3604,2501
3650: 837,536
4168: 
3652: 4753
3653: 3414,1448,4325,2052
3654: 4059
4301: 4644
3656: 
3657: 2279,1450,846,4350,2213
4244: 3250,62,4362
4461: 4296,4672,2942
3660: 2067,1402,2671,412
3661: 717,3901,3566
3662: 2010,2624,945,4666
3663: 4770,4456,1046,1205
3664: 4783,2996
3665: 1205,4656,1506,521
3666: 
3667: 1211,174,2078,1794
3668: 
3669: 732,3882
4136: 1269,4415,2592
3671: 391,2800,3996,3215
3672: 602
3673: 3774
3674: 739,832,702,2865,3198
3675: 3062,2304
3676: 4674,2308
3677: 3510,4651,3037
4526: 144,3896,428
3679: 2675,4780,1261
3680: 3221,4606,341,1962,3059,1336
3681: 358,871,3333,1629
4185: 503,4494
3683: 515,4157
3684: 4503,4791,808
3685: 1993,2958,1441,1284
3686: 2389,1705,4638
3687: 2623,497,372,168
3688: 1010,1061,445,4206
3689: 1674
3690: 2050,1430
3691: 1539,3966,670,904,590,1496
3692: 1025,1823,2752,3732
3693: 484,1276
3694: 2189,3601
3695: 2103
3696: 1213
3697: 4390,1170,3296,1616
3698: 4713,2883,1033,209,4810
3699: 535,2840,2550,250
3700: 2566,3618
4262: 1739,1984,3821
3702: 3446,1637,4609,620
3703: 
3704: 1715,915,2826
3705: 1964,4747
4788: 1048,3064,3803,2930,948,1032,795,2977,2488,2515,4421,4150
3707: 
3708: 406,1202,1096
3709: 89,1266,580,2216,3755
3710: 4044,4341,3351,1316,3065
3711: 2801
3712: 1642,1618,1661,3088,1384
3713: 560,1360,2166
4285: 1476,99,2599,4488,1539
3715: 1844,4323,1577
3716: 4772,1765,426,309
4208: 4554,4615,2069,3850,4278
3718: 672
3719: 2580,3144,1939
3720: 2984
4427: 2772,4728,1526,344
3722: 1106,1380,3156,2127,729,4178
3723: 4628
3724: 4018,2381
3725: 1730,4746
3726: 
3727: 813,1230
3728: 4398,2535,3754,3775,2736
3729: 748,595
4238: 4228,4149
4465: 963
3732: 1025,3692
3733: 1454,890,1559,228
3734: 678,1732,3297,4531,2070
3735: 895,2766
3736: 2360,4784,3416
3737: 2955,3524,4708,1769
3738: 1701
3739: 311,2061,1572
3740: 3624,2504
3741: 2667,2030
3742: 4732
3743: 4433,2124
3744: 2537,2402,3396,3023
3745: 1189,4499,4383,4476
3746: 2277,1119,2229,4505,1770
3747: 1990,4426,1647,3200,417
3748: 1716
3749: 1756,4072,2503
3750: 1593,1999,921,3393,4622
4130: 4431,682,4794
3752: 
3753: 1963,4068,2474,2680
3754: 1375,3728,2736
3755: 2216,3709,4524,4038
3756: 1632,3328,3930,1194,2931
3757: 833,4782
3758: 3623,1862,4451,3341
3759: 2117,1501
3760: 3959,4163,1354,2034
3761: 1186,2252,4129,1611
3762: 4539
3763: 1312,2511,2391
3764: 1130
3765: 1310,1601,220
3766: 456,221,939,2928,3881
3767: 3104
4727: 2208,3415,3644,2374
4768: 2102,1636,4583,655,978,2094,475,2759,3981,3170
3770: 3281,4620,4606
3771: 3284,292,1211,174
3772: 2758,3001,961,285
3773: 
3774: 1673,3673
3775: 1375,3297,3728,2535
3776: 4673,4242,4786,3279
3777: 4028,2426,2199
3778: 862
3779: 1907,243,3279
3780: 167,4496
3781: 4391,1957,3801,4161
4749: 2721
3783: 463
4678: 1945,1597,1767
3785: 1174,3287,1029,1860
3786: 4505,107,1770,3391
3787: 544,4041,968,1095,3936,4693
3788: 4724,1287,623,4368
3789: 3326
4742: 1801,64
3791: 2498
3792: 3942,281,1044,3225,3085
3793: 2853,3822,338,4280,4596
3794: 3315,2408,2629
4353: 4482,1863,331,2404,2905
3796: 1384,453,1196
3797: 386,926
4204: 2689,4335,966
3799: 3860,3271,3812,4522,2676
3800: 3287,1346
3801: 1441,4391,3781,2298,4161
3802: 1641,3255
3803: 354,2623,1048,4788,3064,795
3804: 
3805: 
3806: 541,4276,257,3125,1382
3807: 3299,723,290,4799
3808: 1521,782,2059
3809: 3424,4417,1261
4755: 
3811: 4541
3812: 3271,3799,1559,890
4489: 
3814: 892,4157,1519
3815: 350,986,4621,4480,3616
3816: 411,868,2233,3408,935,4574,845
3817: 3832,22
3818: 2321,4767,1297,3361
3819: 3423,2157,587,2068
3820: 1392,2764,2423,1737
3821: 2000,4262,1178,1633
3822: 3793,2853,1086,338,459
3823: 
3824: 3019,2349
3825: 2800,4821,1440
3826: 1270,561,2609
3827: 2298,727,4595,1620
3828: 403,4218,4777,271
4422: 
3830: 530,100,3139,2359
3831: 3516
3832: 3817,232,22,2471
3833: 1288,3859,2551,1316
3834: 2373,976
3835: 1128
3836: 1819,190,4199,2787,3975,3428,4036
3837: 4413,2449,1371,2751
3838: 271,2597,2262
4092: 2957
3840: 2505,4167
4644: 4429,4301
4266: 1115,119
3843: 2294
3844: 1919,3496,1475
3845: 2125,2660,4258
3846: 839,860,1245,4663,2947
3847: 3141,3281
4431: 4130,682,1944,719
3849: 2839,1840,4640,1841,2484
3850: 2069,4618,4208,1699
3851: 3385
4199: 4803,3428,1819,3836
3853: 
3854: 344,2772,2563,2485
3855: 3230,55
3856: 4234
3857: 
3858: 3528,1188,3437,4298
3859: 4341,3353,3833,1316
3860: 3271,3799,4522,74,2892
4492: 1743
3862: 3187,881
3863: 4317,2418
3864: 651
3865: 3454
3866: 
3867: 3598,2855
3868: 
3869: 2458
4438: 4332,3530,1780,2715
3871: 500,2252
3872: 123,4786,2679
3873: 2619,1257,2953
3874: 3019
3875: 4339
3876: 909
3877: 1181,4723,1679,4134,3109,1877
3878: 729,2013,2697,3156
3879: 2959,4134,4343,1694,4712
3880: 662,2400,4460
3881: 2928,217,3766,456,1600,528
3882: 3669,732,739,2813,26
3883: 2129,498,2072,1493,2528,2990
3884: 501,2722
3885: 4649,1505
3886: 3959,3543,4163,588
3887: 3130,1641,2041
3888: 793,4009,1139
3889: 
3890: 
4381: 4399,1562,933,1206,1449,49
3892: 646,1695
4188: 2717,2523,4584,4121,4017
3894: 4173,4224
3895: 
3896: 2403,3344,654,4526
3897: 4076,587,2068,3308,2824
3898: 2443,492,4741,1838,4580
3899: 1112,4659,18,190,4036,1228
3900: 
3901: 717,809,3661
3902: 1802,3332
3903: 59,3563
3904: 
4311: 3032,1111
3906: 1245,3432,1042
3907: 847,508,2781
3908: 1411,1859
3909: 2232
4799: 290,632,652,723,511,1087,1616,3807,865
4632: 3506,3318
3912: 2349,241
3913: 
3914: 1132
3915: 
3916: 3540,3536,808,2142,1546
3917: 3547,2340,2706,4795
4756: 95,741,3579,3406
3919: 3337,2796,1209,1026
3920: 3346,3113
3921: 1126,1868,4520
3922: 214,3434,2995,2770
3923: 1127,166,1715
4604: 2295,2282,3947,2957
3925: 742,4498,1429,2702,823
3926: 2006
3927: 3572
3928: 
3929: 3266,3591,830
3930: 1632,3756,10,2931,540,1425
3931: 1690
3932: 574,17
4455: 3202,3310,3434,4665,214,53,1620
3934: 4479,1855,3183,1219,394
3935: 173,4398,1247,110
3936: 3325,1095,1373,2056,4693,3787
3937: 
3938: 4623,3508
3939: 
3940: 1268,620,4703
3941: 3617,3160,3273,4774,3269,984
3942: 3792,4241,281,323
3943: 434,2383,1481,4800
3944: 3535
4785: 2410,2502,2684,1634
3946: 
3947: 2282,4604
3948: 2136,1052,4154,4818,1874
3949: 
3950: 2012
3951: 1074,3434,2995
3952: 84,4268
3953: 
3954: 4503,4791,4707
3955: 1970,2616,2771,965
3956: 954,4671
4261: 
4796: 4366
3959: 4163,3886,3760,588,573,2034
4532: 3639,4817,172,4804
3961: 4114
3962: 3057,916,2691
3963: 1279,147
3964: 2619,1327,4118
3965: 2099,4610,1303,3477
3966: 1539,3691,2510
3967: 2387,488
3968: 1455
4657: 3644,2305
3970: 
3971: 313,2695,1806,2981
3972: 
3973: 4519,1064,1300,4813
3974: 652,1583,294,1277,1249
3975: 2787,789,3836,4036
4221: 2549,4228,1677,4149
3977: 1736,1062,3405
3978: 
3979: 1906,2329
4192: 707,3365,2961,3002,2503
3981: 475,2759,4768,4093,2649,22,3607
3982: 4239,943
3983: 3645,529,2172
3984: 
3985: 2596,891,618,1885
3986: 3415
3987: 1999,556,258
3988: 1422,3423
3989: 403,860,2991
4536: 1419,3640,1016,282,3173
4602: 803,4179,1082,384
4324: 4620,1108
3993: 278,213
3994: 
3995: 1701
3996: 2326,2800,3671,3215
3997: 1255,663,3020
3998: 2111
3999: 1830
4000: 848,2777
4001: 979,121
4002: 
4003: 2926,4775,3581
4004: 
4005: 200,729,4178
4006: 1959,4697,1435
4007: 
4008: 1734,4820
4009: 793,3888,1373,2056
4010: 2024,239,2245
4716: 1126,483,1163
4012: 
4013: 3440,154
4014: 
4296: 4461,1765,2942
4016: 
4017: 4121,4751,4188,4075
4018: 3724,29
4019: 2049,3533,4243,4636
4020: 973
4206: 1061,3688,2653
4022: 1323,2727
4023: 2078,3110,4071,1215
4024: 4792,2121,1742
4025: 
4026: 1451,776,2731
4622: 3393,3584,2176,924,3750
4028: 3777,2426
4029: 1865
4030: 1597,984,2688
4031: 224,4611,4687
4398: 3728,2535,2736,1247,3178,3935
4033: 2430,3628,1041,2378,1190
4034: 1024,3613
4035: 
4036: 2787,3975,190,3836,3899,4659
4037: 378,4818
4038: 4710,3755,4524,3438,3012
4039: 2667,2971
4040: 
4041: 3787,544,968,1528,2128,1998
4697: 4405,1435,4006
4350: 2117,1927,2279,3657,588,2213
4044: 3710,3351,1341
4045: 4722,299
4336: 2832
4047: 522
4048: 2770,1622
4049: 363,2826,2636,2949,2329
4050: 503,1397,1262,752
4051: 2533,466,4357
4052: 3189
4131: 597,3228,1915,4327
4054: 1705,4638,374,2308
4055: 2698,4803
4056: 
4057: 4774,1043,4305,3146
4058: 2193,414
4059: 3654
4060: 3517
4061: 3166,686,4822,260
4062: 4553,2501,2966,4462
4063: 3303,1869,1499,2464,2561
4064: 2729
4065: 4084,1944,2025
4066: 2491
4067: 4138,384
4068: 3330,1963,3753
4069: 2489
4745: 299,534,3580,4635
4071: 1215,4023,1201,2210
4072: 1756,3749,3336,2503
4073: 1936,1911,308,2938,1921
4074: 1835,1882
4075: 242,1678,4017
4076: 3897,587,3308
4077: 3177,1614
4078: 3496
4079: 1422,3431
4080: 831
4081: 4463,3363,1865
4082: 2747
4083: 2103,2146
4084: 4065,1473,2690
4085: 2047,2051,1253,2659
4086: 1982,2393,263,1762
4087: 1716,1237
4088: 
4687: 4279,2385,224,4031,3493