0: 4512,498,4309,1999,3860
4486: 1090,974,2327,229,1180
2: 2884
3: 881,1548,218
4548: 3728,4209,1516
5: 66,774,4710
6: 
7: 2819,3519,2531,312
8: 
9: 1174,685,1604,4455
4717: 4614,3288,2348,4822
4739: 2964,1221,4583
12: 4242,2882,4719,2187
13: 729,3981,156,965
4792: 2177,2431,676,1837,2291,18,988,4642,2311,2711
4186: 3825,976
16: 3979,1613,1145,2959
17: 3788,3190,2120,2772
18: 3988,988,4792,4642
19: 1897,2317,4745
20: 4538,459,2512
4119: 3983,4345
22: 3079,3706
23: 
24: 1263,4545
25: 2435,146,1169
26: 1789,4821,4481,1992,3395
27: 3716,3301,4172,61
28: 
29: 
30: 1213,2838
31: 3725
32: 1634
33: 1103,4643,1241,1164,3259,494
34: 1780,1072
35: 2784,1186,1582
36: 4343,518,429,2167
37: 4519,2923,1692
38: 2641,4670,3066,922,1412
4433: 2587,4817,2673
40: 2051,4252,2915
41: 4367,4500,4279
42: 3134
43: 1187
4461: 4437,1863,3091,2136
45: 4823,4355,4491
46: 3454,4109
47: 
48: 3357,2422,921,4428,924
49: 1870,2175,3534,2558
4628: 3815,1270,744,3548,3326
51: 1011
52: 2794,4406
4319: 2510,1786,2503
54: 1411,4306,611,1253
55: 131,3546,3225,1388
56: 
57: 1848,1053,3192,265
4561: 2546,842,330
59: 3481
60: 794
61: 3578,27,3301,4172
62: 2183
4622: 854,2793,4713,3575
64: 2948
65: 1050,2450,1956,4333,161
66: 5,4587,774
67: 4189,1182,3912
4525: 132
69: 3737,1507,3951,3297,2137
70: 4483
71: 4487,4784,4084,3834
72: 3747
4651: 1901,2474
74: 
75: 4232,4114
76: 3220,2912,2778
77: 3897,3959,2646,3156
4378: 2154,4304
79: 533,1017,602
80: 210,3111,3158,4096,1474,3533
81: 4103,235,1494
82: 2430,3393
4354: 4092,1776
84: 
4172: 27,61,345,709,241
86: 4493,914,2205,1064
87: 4244,1599,2733
88: 543,1291
89: 939,4381,933
90: 3718
91: 1878,1167,683,2123,917
92: 4014,1353,4549
93: 2469,3874,3588
94: 280,3059
95: 
96: 4292,3043,470
97: 
98: 1683,1084,2477
99: 528,1973,144,3171,3685
100: 3173
101: 3206,4047,425,1989
102: 4575,4477
103: 807,4679,2010
104: 2663,850
4733: 4682,605,2553,3349
106: 3131,1805,1283
107: 3534,2563,3646
4087: 4259,1531,2095
4491: 802,284,1751,45
110: 4214,1835,4634
111: 4769,4178,871,1520,3855,2101
112: 
113: 4073,623
114: 
115: 
116: 1279
4626: 4276,3955,1382,1533,3195
4784: 4084,409,2466,1536,3527,71
119: 1130
120: 
121: 532,4658
122: 3884,2432,2005
123: 1867,297,4596,1275
124: 3171,1715,2127,528
125: 2169,3170,2638
126: 1773,3902,3369
127: 1484,2301
128: 4743,3396,2899,4790
129: 2867,1699
130: 
131: 55,1136,3225,4740,1272
132: 1237,4525
133: 1081,2010,1529,4001
134: 727
135: 2119,4251,4363
136: 261,3010,1700
137: 2400
138: 3720,849
139: 
140: 3643,3720
141: 2342,675,252,3394,2150
4314: 858,2453
143: 496,3251,4213,1702,1076,4823
144: 99,1973,692,3775,417
4702: 3809
146: 25,577
147: 4192,3606,4273
148: 1443,946
4576: 2562,3962,3353
150: 3883,4041,2342
151: 1461,3366,1816,1591
4072: 2510,1998,1065,3888
153: 4534,1067
154: 1234
155: 1756,1254,3260
156: 3908,2627,13,3981
157: 229,1180,958,4536,4329
158: 4259,2720
159: 4092,266,3463
160: 3193,3818,1002,4767
161: 174,4046,1956,65
162: 
163: 3417,3014,4015,1445,2712
164: 
4270: 4350,518,2823
166: 3531,3617,1418,4151,717,742,473
167: 956,1562,4071
168: 547,3522,1877,3180
169: 1894
4593: 3100,4231
171: 3167
4744: 3005
173: 2526,3105,3191,3198
174: 161,4556,3551
175: 2699
176: 1538
177: 3811,1062,3760,1844
178: 
179: 3810
180: 
181: 302,4786,2020
182: 4775,1091,3922
4477: 4421,102,3319
184: 3903,3631,1298,665
185: 
4732: 4407,2610,4313,1636
187: 3276,4755,1021,1611
188: 3262,1256,839,428
189: 511,1319,3351
190: 4187,3526,1688
191: 1364,3049
192: 1344,764
193: 3210,2675
194: 
195: 3254
4521: 348
197: 1229,1208
198: 3714,4384,2117,2607,729
199: 535,3215
4786: 3611,3595,302,181,2644,1826
4100: 1539,3188,1181,4518,1373,4323
202: 
203: 4579,3106
204: 1056,578,1374,2692,1882
205: 3184,241,3578,4672,2980
206: 1628
207: 2893,4814
208: 3435
4767: 160,1002,1629,3751,2789,908
210: 80,3111,3158,4180,941
211: 1317
4373: 4553,2501,4271
213: 1189,2330,492
214: 3366,2459,1315,2316,4157
215: 2477,2878,1084
216: 4714,1756,385,1254,2782
217: 1941,4078,4036
218: 3,2554,1037
219: 813,2090,4720
220: 820,3692
221: 962,3750,692,931,4272
222: 3282,1415
4618: 2999,3914
4397: 1765,4322,2909
225: 2067,2557,3244,2219
226: 3639,4463,3419,1735,4582
227: 3511,3539,4508
4780: 2783,2144,3503,4137,1408
229: 157,1180,927,958,4486
4441: 960,2710
231: 4612
232: 2709
233: 1158
234: 1363,1245,3300,4260
235: 1494,422,4103,3508,81
236: 3046,804,2548,4056
4520: 
4353: 
239: 
240: 2240
241: 3184,205,4172,3578
242: 3196
243: 3595
4330: 1517,3125
245: 3187
246: 4357,1859,4023
247: 1891,4438,3065,4616
248: 3977,1384,2369,2895,2831
249: 2147
4581: 2095,2930,1531,754
251: 2944,1931,2949,2329
252: 141,675,3571,4274,3394
253: 
254: 1742,2986,2749,1916,1070
255: 2528,4350,936
256: 3055,3411,4793
257: 4409,2414,3228,4558
4693: 1375,935,4710
259: 696
260: 4765
261: 1338,136,2925
4136: 2232,2939
263: 2313,4188,4741
4501: 3626
265: 896,3434,57,3192
266: 1222,159
267: 3335
268: 4434,2164,1134,4605,1563,2637
4691: 1762,891,1240,289,4640
270: 4796,2669,2822,4093,3514
271: 3967,1313,2210
272: 1367,2976
273: 3699,4082
274: 4227
4174: 466,4588,1511,1551
276: 1618
277: 2011,2300
278: 404,1992,366
279: 4168,462
280: 94
4612: 231
282: 1933,3499,1647
4633: 1819,683,4416,3929,917
284: 4491,1751,4801,2356,2052
285: 1082,3969,2278,3446
4470: 987,4101,827,2044,728
4377: 1382,4078,334,4505
288: 2376,3401
289: 678,1240,1380,1762,4691
290: 2850,2851
291: 
292: 2266,2442
293: 1719,327
294: 1822,487,3543,2161
295: 
296: 1590,1937,2448
297: 573,1119,4538,2512,123
298: 4799,1429
4371: 3422,2991,1551,4196,466
300: 653,1307
4813: 3554
302: 181,4786
303: 427,598,4009,3986
4150: 2533,1404,795,307,547
305: 3849,4243,2078,1706,1961
306: 4004
307: 795,4150,1975,547
308: 1277,424,2277
4307: 
4608: 4312,4449
311: 2018,3593
312: 7,2592
313: 909
4369: 4329,1722,429
315: 1486,1806,1202,1573
4306: 3584,1033,4816,3968,54,611
4554: 1949,4416,3929,2048
318: 770,3666
319: 3722,421,3886,1395,3087
320: 2988
321: 542,3621
322: 1087,1492
323: 1318,2395,3779
324: 
325: 1552,1472,470,2139,4292
326: 2440
327: 1142,3387,293
4096: 1032,1474,3533,80
4572: 3673
330: 4561
331: 4600,3462,606,4609,3204
332: 1262,702,2804
4356: 2852,2184
334: 1431,4447,2536,4078,4377,3987
335: 1233
336: 4006,2757,2877
337: 4424,1914,4647,2009
338: 699,4479,3164,1496,3897,459
4657: 4236,497,1444
340: 2311,4122,581
341: 834,2700
342: 3806,753
343: 1771,2259,367
344: 2477,2878,3617,871
345: 709,1678,3716,4172,3762
4665: 446,3941,933
347: 3576
348: 4521
349: 4597,2961
350: 624,1212,1664,4526
351: 3246,4802
352: 4443,444
353: 3362,4342,1258
354: 2055,3702,3474,551
4595: 2052,1751,548,4284
356: 1260,2997,3992
357: 515,4775,1405,3654
4210: 
359: 
4649: 1071,2246,3403
361: 763,2122
362: 
363: 2831,3609,3537,3704,3510,4656,3252
364: 919,1607,2186
365: 3173,580,3478,3349,1957
366: 2736,2865,2488,278,1465
367: 343,1771,3999
368: 4615,2687
369: 2136,2460,3620,3952
370: 3797
371: 
372: 4599,1967,2557
373: 1679,643,4450,4165
374: 2973,2268,3375
375: 1042
376: 4687
377: 
4794: 3906
379: 2096
4545: 2285,1263,24
381: 1337,2304
382: 4411
383: 3912,1809,2483
384: 4231,1268,2215,3100
385: 1740,3148,216
386: 
387: 1127,2339,1506
388: 613
4718: 708,4083
390: 4705,4112,3171,1441,3685
4637: 2744,3499
392: 784,1532
4339: 2442,3524,1012,3054
394: 4392,1148
395: 3382
396: 3244,3743,2156,806
397: 1462,873
398: 
399: 2279,3487
400: 1924,852,1301
401: 3418
402: 904,3351,4769,4178
403: 1362,3824,2757
404: 278,2812,2310,875,2865
405: 651
4381: 2853,933,1475,89
4113: 1838,572
408: 4396,3704,4498,3710
409: 4784,4084,2466,1443,1536
4252: 4450,40
411: 4363,4251
412: 2214,509,2378,4463
413: 
414: 4226,604,4188,1100
415: 2284,1874
416: 
417: 2535,692,931,144
418: 2235
419: 4803,2714,553
4382: 1094,2097,1242
421: 319,3722,3886,4038,1040
422: 235,1494,3218,3936
423: 
424: 308,4149,2724,569
425: 1989,4047,2640,101,4789
426: 2678,1667
427: 303,598,4760,1991
428: 839,1484,188
429: 3964,4369,2167,4343,36
430: 2428,1988
431: 2346,654,2207,1925,3824
432: 2911,540,2159,1255
433: 521,2630
434: 2863,2352,2264
435: 1253,3560,1424
436: 4111
437: 4355,4795,457
438: 3769,633,3185,3603
439: 2588
4631: 4425
441: 3303
442: 1948,2114,2295,1767
443: 635,2067
444: 1071,352
445: 4458
446: 4665,3941,1995
447: 2308,2275,2135
448: 3371
4103: 3508,81,235
4465: 4246,2344,2490,1312
451: 1647,1067
452: 3515,3117
4710: 935,5,774,4693
454: 920,932
455: 4094,3424,4443,1192
456: 2374,2549,711,930,2857,1449
457: 894,2035,4795,437
4493: 947,86,914,2205
459: 4538,20,2646,338,3897
460: 3812,2003,4123,1724
4176: 
462: 4145,279
463: 
464: 
465: 
466: 4174,4588,4754,1551,4371
4374: 
468: 1854,2176,2793
469: 2225,3677,1637,1423,1243
470: 1472,325,4292,96
4231: 384,1223,2047,4593
472: 3293,2429
473: 742,750,3617,166
474: 4703,4723
475: 2456,978,4276
476: 
477: 4139,4242,2882
478: 1688,4187,486
4725: 747,3910
4257: 2046,2513
481: 3326,3277
482: 1716
4715: 4774
484: 2664,2401,1414
485: 
486: 4187,478,2114
487: 3543,294,2161
488: 3383
489: 2968,2072
4425: 4631
491: 4274,2754
492: 1256,213,2439
4304: 4378,3862
494: 1676,1103,33,4803
495: 4105,762,2138
496: 143,4213,2576,1076,4823,4421
497: 4657,1444
498: 2858,854,0,4309
499: 910
4538: 459,20,2646,3897,2512,573,297
501: 1158,794
502: 3689,4059
503: 1961,3951,739
4457: 3657,4102,1104,3640,2715
505: 4814
4602: 898,2047,4621
507: 887,4258,1802,4217,3214
4290: 1273
509: 412,1873,4463
4227: 274
511: 189,1319
512: 
4544: 2275,2880,2287
514: 3521
515: 4183,357,4775,3917
516: 4239,3808,3152
517: 1859,4751
518: 36,3846,4350,4270
519: 1430,2633,4820
4288: 1222
521: 1406,433,2961,3709
522: 868,2159,1255,3447,4215
523: 1843,3621,990
524: 
525: 1077,657
526: 582,3638
527: 838,620
528: 99,1715,3171,124
529: 797,3377,2864,4775
4121: 733,2416,2889,4440
531: 2405,1080,2851
532: 121,1167
533: 79,3778
534: 4239,2948
535: 3215,199
536: 579
537: 4117
538: 3122,4192
539: 
540: 588,1109,432
4343: 36,3846,1722,429,3372,705
542: 321,2676,3621,1310
543: 1342,88,1667
4484: 4066,2341,2647
4570: 
546: 
547: 3522,168,4150,307,3618
548: 802,1751,4595
549: 1640,3205,1128
4625: 573,1119,2646,3156
551: 3702,354
4474: 2050,1621,1777,2202
553: 4603,1123,2098,419,2714,3769
4505: 3987,4377,1533
555: 
556: 2003
557: 3145,3060
558: 4158,879,3581,859
559: 4729
4394: 4197,4741,4229
4580: 2536,1431
4698: 4218
563: 2993,4017,3466
4724: 1891,3065,952,1558,4803,4490
4456: 3623,3144,4289
566: 4473,2932
567: 4097,1420
568: 2208,739,2078,1706
569: 2724,2788,1120,4149,424
570: 3214,708,1662
571: 2321,3643
572: 1834,4113
573: 1119,4625,297,4538,2646
4817: 4433
575: 1675
576: 2558,3290,2108,4140
577: 1947,146
578: 1056,204,2652,2692
579: 2110,536,4036,1941
580: 2959,4551,1022,365,3173,1957
581: 4217,340
582: 2036,526,3638
583: 3552,3916,1910
584: 1319,2108,4140
585: 
586: 3102,3559,2922,678
587: 2138,4742,762
588: 540,2009,3833,4424,1109
589: 2309
4783: 3129
591: 4673
592: 3338,916,3575
593: 989
594: 1536,2450
595: 3729
4766: 4003,1289,3054,2056,1060
4648: 3211,3085,3808
598: 303,427,4009,3347,4760
599: 4185,3097,3536,4503
600: 4420,4816,3860,3316,2568,3019
601: 1937,787,963
602: 4613,1017,79
603: 
604: 2872,4188,414
605: 2926,4682,4733,4531
606: 4791,3948,4609,1498,331
607: 2620,3565,1545
608: 2684
609: 3080,2411,948,1150
4331: 2611,745,719
611: 2610,4816,4306,54,1253
4795: 3251,656,4201,4823,4355,437,2035,457
613: 388
614: 3502,3665
615: 3392,3706,2660,3471,4170
616: 1218,4131,4032,3548
617: 4104
618: 1307,4567,913,4678
619: 
620: 527
621: 3160,4021
622: 2497,2759
623: 113,2601
624: 350,1212,3687
625: 2530
626: 1232,1612
627: 4059,1391,3689,1047
628: 2772,2913,4598,2657,4427
629: 1117,1339,2340
630: 1252,3376
631: 641
4764: 986,1709,3368,2763,1187
633: 438,2213,3313,3603
634: 2243,4502
635: 4120,443
4512: 0,2858,2660
637: 2299
638: 4737,1711,1483
4591: 1550
640: 1786,1958,4363
641: 631
642: 
643: 1679,373,1060,2056
4109: 46,3454,4762
645: 
646: 4488
647: 746,2848,4279
4245: 1296,3209
4390: 3136,1046,4524,2230
650: 
651: 405
652: 1084,3176,1904,1683
653: 1919,300,2405,1080
654: 2346,431,1925,2214
4242: 12,2882,477,2187
656: 4201,4795
657: 1323,525
4131: 616,2652
4187: 486,190,478
4802: 1105,351
4789: 722,2248,2640,425,1989,2803,1917,817,3525
662: 1761,4606
663: 3202,1886,2351
664: 1743,2026,1170
665: 4549,184,1298
666: 2834,995,756
667: 3743,2156,806,2947
668: 3268,1664,1479,3111,4019
669: 1572
4082: 273,3699,3900
671: 4005,3800,2191,3199,2101
672: 2935,3246
673: 3607,2659,2392,1031,2892
674: 1771
675: 141,2342,252,3820,3571,4274
676: 1837,4792,2177
4169: 3551,946,2750,831,2868
678: 1240,289,2922,586
4778: 1621,3905,1584,4020,2381
4365: 1978,2124
4414: 2785,3226,1398
4322: 4397,1765,3625,3090
683: 2123,2642,4083,4633,917,91
684: 
685: 9,4147
686: 2242,3444
4643: 1103,33,3496,4803
688: 1372,1451,2749
689: 1178,2246,3359,4535,2492
690: 737
691: 1517,4300,1635
692: 962,221,931,144,417
693: 2307
694: 3784,1108,4600,3826,1638
695: 2350,2359,3487
696: 3223,259
4289: 4611,4256,2582,3623,4456
698: 
699: 4479,338,3492
700: 2956
4776: 2355,4069,1909,1179
702: 332,2804,2181
703: 1122,4820,3696
704: 2996,2019,2409
705: 3372,4343,3846,2279
706: 2870,1035
707: 2339,1448,1127,957
708: 570,4718,1662
709: 345,1678,3731,1190,4172
710: 
711: 2374,2549,456,4391,4542,1449
712: 2221,3632
713: 2156,4553
714: 4543
4667: 1023,1803,2607,3836
716: 967
717: 1476,1418,166,742,2547
718: 3616,1668,1564
719: 4331
4809: 1328,1302
721: 
722: 4789,789,817
723: 4455,4238,3766,1174
724: 
4502: 634
4736: 3521
727: 4116,1474,134,3158
728: 3453,827,987,4470
729: 13,3981,198,965
730: 984,2861,1372
731: 4268,2998,2927
732: 3880,3600
733: 4121,2889,2797
4155: 2675,1064
735: 808,3208
736: 2058
737: 690
738: 2573,3018,817
739: 568,3951,1706,503
740: 
4118: 3497,2572,4734
742: 2547,473,750,166,717,1598
743: 3949
744: 3548,1270,4628
745: 1766,2611,4331
746: 2031,2848,4500,647,4279,2264
747: 4238,4725
748: 1597,2588
749: 
750: 742,2547,473,1598,2635
751: 1215,859,2841,2038,3012
752: 2127,2140,2100,1441
753: 3096,1612,342
754: 4581
4134: 3820,2137
756: 666,4018,4489
4122: 2311,4199,340
758: 4694
4418: 2847
760: 
761: 
762: 495,3332,587
763: 361
764: 192
765: 1323,3730,3430
766: 2408,971,1240,4640
4823: 45,4421,2576,1076,143,496,3251,4795,4355
768: 
4775: 182,1091,3922,529,797,1405,4750,3917,4183,357,515
770: 318
771: 3761,3482
772: 1931,3821
4220: 
774: 5,66,4710
775: 3785,1284,4682
776: 2992
777: 1793,2695,3412
778: 1931,4298
779: 2243
780: 
781: 4034,4364,4743,3396
782: 
783: 3659,3522,4360,2221,3618
784: 1653,3663,392
785: 1862,2126
786: 2998,4268
787: 601,1778
788: 2001,1473,3261
789: 3018,1989,2158,722
790: 835,2842,2619
791: 2233,2292,1775
792: 3319
793: 2424,4811
794: 60,501,1158
795: 941,4019,1404,4150,307
796: 
797: 529,2080,2864,4775,3917
4141: 3982,1192,2295,3517
799: 4747,804,4806,4225,3046
800: 1173
801: 1109,3081,1485
802: 4491,1751,548
803: 864,2149,3552,3916
804: 799,4747,3046,236
805: 4311,2218
806: 899,396,3743,667
807: 4530,103,3302,4679,2828,4054
808: 2806,2451,735
4753: 3023
810: 3288,4017,2023
811: 4707
812: 
813: 219,2827,4720,1396
814: 4506,2766
815: 1881,3137
816: 3601,3612,3230,4438
817: 3525,3926,722,4789,738
4763: 4007,2985
819: 
820: 1734,220
821: 
4772: 
823: 2702,1205,3460,3754
824: 4489,1890,4404,3402
825: 
826: 1970,4462,2256,1721
827: 3749,2044,728,4470
828: 
829: 
830: 1788,2213
831: 2811,2868,4801,4169
832: 2280,2572,2241,3497
4616: 2851,247,1927,3601
834: 2930,1531,341,4277
835: 790,1820,2022
836: 3899,2643,1195,1504
837: 
838: 527,4462
839: 3935,428,188
4311: 805,2218,3626
841: 3819
842: 4561
843: 1265,1841,1752
844: 4431,4277,2930
845: 1184
846: 4490,3200,3230
847: 1301
848: 3055,3411,3166
849: 138,2755
850: 3120,104
851: 2138,4742
852: 3457,961,3221,400
4661: 
854: 4622,2176,498
855: 2524,2972
856: 
857: 4226,4135,3292,1541
858: 4314,2262,4804,2453
859: 1215,751,879,4158,558
4787: 4388,1351,1898,3493,3653,4758,2500,2306
861: 4405
4726: 1604,3136,4455
4647: 1914,1632,4805,337
864: 803,4791,2404,2149
865: 877,2495,4198,3405
866: 3544
867: 
868: 2159,522,3081,3280
869: 3440,955
870: 1630
871: 1520,3855,344,111
872: 2692,1218
873: 2449,397,1348
4529: 
875: 2310,404,2865
876: 
877: 865
878: 
879: 4727,3581,558,1215,859
4267: 3901,1208
881: 3,3440
882: 4701,1826,1932
883: 2944,3511,3539
4345: 3983,2811,2868,4119
885: 2348,1938,4614
886: 
887: 4258,1123,2098,507,3496
888: 
4728: 2887,1044,1764
890: 3560,4793
891: 4691,1677,1034
4073: 2458,113
893: 2474,2043,3719,3076
894: 2035,1991,457,3702
895: 1868
896: 3434,265
897: 3730,3275
898: 4602,4065,4621
899: 1039,806,3647,3234
4555: 
901: 2039
4262: 1885,4202
4473: 566
904: 402,3728,4769,3800
905: 3412,4057
4480: 
4781: 2236
908: 4031,4767,2789
909: 313
910: 499
911: 2439
912: 1390,2484,1602,3216
913: 2068,618,4678
914: 4738,2675,4493,86
915: 4468,1998,1194
916: 2585,592
917: 3929,4633,683,2123,1878,91
918: 2332
919: 2089,364,1607
920: 454
921: 3512,4428,2422,48
922: 1072,3690,1412,3479,38
923: 2154
924: 1276,3553,2422,48,4796
925: 1903,3920,2352
926: 1400,982
927: 1040,958,229
4427: 4683,628,2913,4598,3413
929: 1711
930: 4734,2374,456
931: 3087,4272,221,692,417
932: 3683,454
933: 2734,3941,2853,4381,89,4665
934: 3573,2816
935: 2990,4710,4693,1191,1712
936: 4350,255,2528,2823,3115
937: 2496,4444,4481,3395
938: 1410
939: 89,3480,3461
940: 3753,1629
941: 795,210,4180,1754,1404
942: 3343,950,3083,1225
943: 2794,4002,3869,3708,1175
944: 
4650: 4020,1530
946: 4169,3551,2868,148
947: 4493,4385,1646,4389
948: 609,1469,3852
949: 2869,2362
950: 3044,3343,942,1225
4143: 2379,3620,3762,4085,1678
952: 2161,1386,4803,3065,4724
4720: 3591,2666,813,219
954: 2699,1277
955: 3440,3003,869,3837
956: 2266,167,1449,4542
957: 2128,707,1127
958: 927,157,229
959: 2237
960: 4441
961: 3457,852,3327,2534,3990
962: 2817,221,3750,692
963: 2485,2896,601,1937
964: 3263,4727
965: 3607,2659,3714,13,729,3981,4263
966: 4177
967: 716,1527
968: 4027,2795,3071
4679: 1281,2828,1521,807,103
970: 
971: 2249,3975,766
972: 3764
973: 2819,2379,1678,3731,2531
974: 1090,1522,4486,3964
975: 2364,2570,3607,2392
976: 2515,3825,4186
977: 3576
978: 2456,475,1325,3201,3732
979: 3914,2333,3389,4254
980: 1306
981: 
982: 1400,926
983: 
984: 3870,2861,730,1742,1372,3069
985: 2482
986: 4764,3078,3368,4081
987: 1833,4101,4470,728
988: 3988,18,4792
989: 593,1161,2959,4551
990: 2029,523,3621
991: 2805,1737
992: 4504
993: 2190,3360
994: 
995: 2834,666
996: 3398,3700,1865,4543,1829
997: 2709,2696
998: 2728
999: 3428
1000: 1624,1299
4317: 3876
1002: 160,4767
1003: 3216,2800,2484
1004: 2619,1758,2935
1005: 1638,2111,2049
1006: 4422,1053,1848
1007: 4810,2743
1008: 2771,4663,1079,2420
1009: 3148
1010: 
1011: 51
1012: 2442,4339,3054
1013: 4793,1177
1014: 4757
1015: 1027
1016: 2334,1062,2068,1870,3795
1017: 602,79
1018: 3632,3565
1019: 1386,3065
1020: 3956,1396,4683
1021: 3961,187
1022: 580,3310,1957
1023: 4667,1803,4670,3066,3836
4093: 1835,2822,4796,270,3514
1025: 2255
1026: 
1027: 1015
1028: 2770
4392: 394,3695
1030: 4413,2863,4677
1031: 2024,2892,673,2392,3109
1032: 4096,4211,1474
1033: 3584,4306,4816,3968
1034: 1715,4574,891,2817
1035: 706
1036: 
1037: 218,2554
4785: 3597,4532,2483
1039: 899,1126,2947
1040: 927,3722,421
1041: 2936
1042: 1189,4751,375
4215: 1184,522,3447
1044: 2887,4728,2860,3085
4393: 2040
1046: 4390,3136,2230
1047: 4203,627,1077
4439: 1463,4042,3753,1352
4527: 1820,2317
1050: 65,2450,1197,3541
4351: 1633,3777,3271,3169,1113
1052: 2716
1053: 1006,57,1848
1054: 4148,2808,1858
1055: 2634
1056: 204,578
4748: 
4181: 
1059: 2737,1802,4571,4761,4055,1164
1060: 1679,643,4766,1794,2056
1061: 
1062: 2334,1016,3811,177,3795
1063: 1993,4050,3582,2130,1185,1649
1064: 2205,4155,3939,86
1065: 3051,3325,4072,3888
1066: 3909,3569,2776,1409
1067: 3910,2199,153,451
4596: 4128,1119,123,1168
4481: 4821,937,2496,26,3395
1070: 1796,3456,254,2986
1071: 4649,444,1504,2246
1072: 922,3690,34,3479
4313: 2610,4732
1074: 2636,1145,3781,1161
1075: 
1076: 2576,3801,143,496,4213,4823
1077: 525,1047,4203
1078: 1129,3454
1079: 1226,1008,2804
1080: 2405,531,653
1081: 133,2963,2010,4001
1082: 3589,285
1083: 
1084: 652,3176,98,215
1085: 1582
1086: 2969,1293,2155,1230,2629,2665
1087: 322
4566: 3222,3971,3595
1089: 
1090: 974,1522,4486,3844,2327
1091: 3922,4775,182
1092: 4437,3048,1863,1455
4334: 1928,3266,4045
1094: 4382,1962
1095: 3232,1515
1096: 4800,3833,2778
1097: 2059
1098: 
4705: 4112,390,4391,3734
1100: 2113,414,4135
4489: 824,4018,1890,756
1102: 
1103: 4643,33,494,4803
1104: 1493,2545,4457,2715
1105: 4802,3861
1106: 1642,1683,2353,2861
1107: 
1108: 1926,1282,694
1109: 801,3081,4424,588,540
1110: 2700
1111: 
4112: 4705,390,1583,3685
1113: 2853,4351,1633,3169,3328
4562: 4707,4503
1115: 2315,3954
1116: 4746,4212,4634,2508
1117: 2299,629
1118: 
1119: 573,4625,297,4596
1120: 2788,2146,3068,1952,2724,569
4114: 4232,75
1122: 703,1734
1123: 887,2098,3496,2714,553
1124: 
1125: 2184
1126: 4539,2947,1039
1127: 387,2339,707,957
1128: 549,2735
1129: 1078,2472
1130: 119
1131: 3954
1132: 3303
1133: 
1134: 4605,1563,2164,268
1135: 
1136: 131,1272,1995,3164
1137: 2519,3889,3242
4340: 
1139: 3420
1140: 2963,2519,2485
1141: 3592,4064,3002,1898
1142: 3695,327,1976
1143: 
1144: 
1145: 2636,1074,2021,16,1613
1146: 1875,3370
1147: 
1148: 3887,394
1149: 4349
1150: 3263,3513,3080,609,2411
1151: 1437,3161
4182: 1969,3944,2650,1905
1153: 1303,1251,3630
4416: 4554,4633,1819,3929
4329: 4369,157,1180,4536,1503
1156: 1384,2421
1157: 4508,2770
1158: 501,233,3599,794
1159: 3237,2838
1160: 2009,3833,1658
1161: 989,3781,1074
1162: 2111,3980,3784
1163: 1217
1164: 3259,2737,1059,33
4504: 992,1828
1166: 1310,1601
1167: 1878,91,532,4229
1168: 1266,1974,1275,4596
1169: 2435,25
1170: 2319,3637,664,1514
1171: 4081,3229,1472
4811: 2424,793,3473,1686
1173: 800
1174: 9,4147,723,3766,2100
1175: 2318,3708,943,2794
4575: 102,1385,3322,2057
1177: 1013
1178: 2246,689,1297,2492
1179: 1909,4069,4776
1180: 157,229,4486,4329
1181: 1423,2540,4323,4100
1182: 67,4189,1617,1708
4686: 3227
1184: 4215,845,2869
1185: 3009,1649,2820,4050,1063,3582
1186: 35,1582
1187: 2763,4764,43
4730: 4757,2595,3308
1189: 1042,2330,213,4751
1190: 709,3731,3184
1191: 935,2990,1712
1192: 4443,455,3517,4141
4511: 4088,4689
1194: 915,1448
1195: 1504,2643,836
1196: 3117,3515
1197: 3420,1050,3541
1198: 2697,3727,2133,1471,3708
1199: 1306,2798
4429: 
4278: 2436
1202: 4492,2543,315
1203: 4051,1326,1877
1204: 
1205: 2967,3957,2826,823,2119
1206: 1875,3974,2654
4624: 1389
1208: 197,4267
4250: 2611
1210: 3783
1211: 3755,2690,2426
1212: 1664,624,350
1213: 2838,2569,30
1214: 3212
1215: 751,859,879,4727
1216: 1739,3016,2600
1217: 1163
1218: 616,872,3548
1219: 4261,1605,2427,3587
1220: 3078,3368,3234
1221: 4739,1584,2964,2835
1222: 4288,266,1300
1223: 2480,3001,2215,4231
1224: 3335,2936
1225: 3543,942,950
1226: 1079,1262
4810: 1007,3133,2777,2502,2925
1228: 1895,3424,4389,4094,2596
1229: 197,1692
1230: 3854,1514,1086,1293,2155
1231: 3931,2326
1232: 626,4822,1314
1233: 335,2000
1234: 1296,154
1235: 1299,3569
4495: 1814
1237: 132,3516,3804
1238: 1787
1239: 3965
1240: 678,289,766,4691,4640
1241: 3475,2521,3259,33
1242: 2097,1795,3798,4382
1243: 2225,469,1423,1840
1244: 2274
1245: 234
1246: 3289,4584,3036
4259: 158,4087
1248: 2626,2296
4446: 
1250: 3915
1251: 1303,1153,2386
1252: 1634,630
1253: 435,1411,54,611
1254: 2782,3260,155,1756,216
1255: 2159,522,432
1256: 3262,188,492,2439
1257: 3338,1458,1854
1258: 353
1259: 3076,2580,2071,3919
1260: 3647,3234,2997,356
1261: 2688
1262: 332,1226
1263: 24,1920,4545
1264: 
1265: 843,1841
1266: 1974,1168
1267: 3856,3637,1806,4752
1268: 4180,384,1754,3100
1269: 
1270: 4032,744,3548,3326,4628
1271: 2444,4513,2738
1272: 4740,4063,131,1136,3164
1273: 4290
1274: 4737,1711,3256,4735
1275: 1974,1168,1867,123
1276: 3553,924,3217,2391,2422
1277: 308,954,1651
4308: 4752,3240
1279: 116,2030
1280: 1335
1281: 4679,2828,2687,3509,1521
1282: 1926,1108,3784
1283: 106
1284: 775,3232
1285: 1716,3504
1286: 2022,1574,3865,2842
4188: 2313,263,604,414
1288: 2756,2329,2869
1289: 4003,4766,3438,3524
1290: 1791
1291: 1667,4254,88
1292: 1427
1293: 1086,2969,2155,1230,2753
1294: 2874,2657,2090,4598
1295: 2417,2224,2614,2944,3539
1296: 4245,1234
1297: 1178,4805
1298: 184,665
1299: 1000,1235
1300: 1222
1301: 400,1924,847
1302: 2751,1328,4809
1303: 3834,1251,1153
1304: 3104
4737: 1274,1711,4735,638
1306: 1199,2798,980
1307: 4567,300,618
4411: 3345,382
1309: 2312,2621,3205
1310: 1166,542
4436: 1549,4269
1312: 3733,2490,4465
1313: 4494,2373,4142,2210,3967,1968,271
1314: 4822,1232
1315: 2459,214,2316
1316: 4027
1317: 211
1318: 323,3779,4045
1319: 584,511,189,3155
1320: 
1321: 3989,2149,4791,3416
4238: 723,747,2241,2280
1323: 657,765,3730
1324: 2792,2570,2245,3391
1325: 3201,2229,978,2792
1326: 4051,3100,2533,1877,1203
1327: 3201,3217,2229,2419
1328: 4809,2751,1302
1329: 1851,2171,3196
4209: 4524,3728,4548,1516
1331: 2060
1332: 
1333: 3713,2240
1334: 
1335: 1280
4404: 3402,824,3363
1337: 381
1338: 261,2925,2105
1339: 629,2340
4171: 
1341: 1879,2478,2931,3754
1342: 543,1667,3605
4672: 2980,205
1344: 192
1345: 2983,2799,1669
4125: 3438
1347: 3197
1348: 873,3137,3903
1349: 
4558: 3228,4409,257,1792
1351: 4388,4787,2854,3653
1352: 3040,3753,4439,3751,3209
1353: 2491,4367,92
1354: 
1355: 
1356: 
1357: 
1358: 3352
4254: 1291,979
1360: 3344,3588
4335: 1808
1362: 1925,403,2652,2214
1363: 234,4260
1364: 3433,191
4269: 3354,4436
4571: 1059,1802,4761,4217
1367: 2766,272
1368: 
1369: 1609,4697,2638,3410
1370: 3676
4294: 2601
1372: 688,1742,2749,984,730
1373: 1840,4323,3188,4100,1556
1374: 3558,2692,1882,2375,204
1375: 3415,4693,4551,3173
1376: 3957,2826,2164
4463: 226,4067,412,509,3419
1378: 2685,2885,2642,4083
1379: 3840
1380: 289,1762
4070: 1951,1407,1502
1382: 4377,1533,4626
1383: 4668,4517,2043
1384: 3977,248,2369,1156,2421
1385: 2914,3322,3342,4575
1386: 2161,952,1019,3065
1387: 
1388: 2734,3941,55,1995
1389: 4624
1390: 3341,912,1905,2566,2484,1602,3216
1391: 627
1392: 3064,1498
4644: 3803,4476
1394: 3637,3829,2665,3240
1395: 3886,3962,3087,319
1396: 1020,813,2827,4683
1397: 2078,3284,2820,3849
1398: 3845,2759,3226,4414
4403: 3577,3536,2209,4503,4773
1400: 926,982
1401: 1872
4272: 931,3087,3962,221,3750
4129: 2400
1404: 1754,2533,4150,795,941
1405: 1950,4750,4775,357,3654,1944
1406: 521
1407: 1951,4070,1502,3725
1408: 4137,2783,4780
1409: 3909,1066
1410: 938
1411: 3968,4291,54,1253
1412: 922,3690,2641,38
1413: 4038,2327
1414: 4263,1980,3714,1522,484,2401
1415: 3282,222,2891
1416: 
1417: 3130
1418: 3851,4151,2637,166,717
1419: 4138,2915,4450
1420: 4137,4097,567
1421: 3194
1422: 2759,4585
1423: 2540,1181,469,1637,1243,4323
1424: 3560,435,4160,2065
1425: 3120,2257,1885
1426: 
1427: 1292
1428: 1882,2375,2732,4297
1429: 2514,298,3859,2132
1430: 519,2835,2903
1431: 334,4447,4580,2883,2536
1432: 1738,2898,4003,2062
1433: 1468
1434: 3669,1609,1685
1435: 3764,4814
1436: 3294,3653,2225,3677
1437: 1151,3161,3564
1438: 1617,4297,3993
1439: 4747,2719,2355
4708: 3659
1441: 3734,2140,752,390
1442: 
1443: 148,409,2466
1444: 2097,1795,4657,497
1445: 2883,163,1981
4749: 3401
4243: 305
1448: 2589,1194,707
1449: 956,456,711,4542
4711: 2596,2698,3747,2155
1451: 3408,1916,2749,688
4074: 1684,2597
4615: 368,2223,1928
1454: 
1455: 4437,1092,4796,2669,4617
1456: 4606,4266,1668
4185: 599,3432,3536,2209
1458: 1257
4599: 372,4798,2049
4685: 3243,2731,3719,2312
1461: 2316,151,3458,1816
1462: 1548,397
1463: 4042,3753,4439
1464: 3448,1499
1465: 1551,1511,366
1466: 2463,2565
1467: 
1468: 1433
1469: 3080,948,3852,2520
1470: 4582,4798,1735
1471: 2318,3708,2563,1198,2133
1472: 470,1171,325
1473: 1672,788,2001
1474: 4116,727,1032,4096,80,3158
1475: 1493,4381
1476: 717,4434,2547,2115,2121
1477: 2187,1704,2521
1478: 
1479: 3533,1494,3218,668
1480: 4770,2182
4428: 3512,921,48,3357,1643
1482: 
1483: 2626,3554,1831,638
1484: 127,428,3262
1485: 3456,3712,801,3280
1486: 315,3985,1573,1855
1487: 3261,3004,3937
1488: 1888,1647,1862
1489: 3340
1490: 
1491: 3455,4300
1492: 3220,322
1493: 1475,1104,4193,2928,2545
1494: 235,422,3218,81,1479
4138: 2812,2915,1419,4821,1992
1496: 338,3897,3959
1497: 1920
1498: 4791,3948,606,1392
1499: 1464
1500: 
4674: 2524
1502: 1407,4070
1503: 4536,1836,4329
1504: 1195,836,1071
1505: 2179,2583
1506: 2339,2589,4027,387
1507: 3737,2206,69
1508: 4419
4723: 474,4703,2955,2672
4277: 844,2515,2930,834
1511: 1789,1465,4174
1512: 3973
4165: 373
1514: 3854,1230,1170
1515: 3232,1095,4518,2888,1539
1516: 4548,4209
1517: 691,4300,4330
4568: 
1519: 2239,2388
1520: 871,111,2191,3768,2635,2101
1521: 3509,2679,4679,1281
1522: 1090,974,3844,1980,1414
4443: 1192,352,455
4080: 4592
1525: 2621,1689,2680,1971
1526: 4719,2254
1527: 967
1528: 3088,3199
1529: 4530,133,2069,4053,4001
1530: 1584,2964,4020,4650
1531: 2930,834,4581,2095,4087
1532: 2895,392
1533: 1382,4505,4276,4626
4421: 4823,4477,2576,496
4820: 703,3696,519
1536: 594,4784,409
1537: 2884
1538: 2988,176
1539: 3188,4100,4518,1515
1540: 3799,3465
1541: 4076,2830,857
4518: 2888,1539,4100,1515
1543: 
1544: 2984
1545: 607,4579
4510: 2083,2815
1547: 2679,2288,4745
1548: 3,3459,1462
1549: 4436,2575
1550: 4655,4591
1551: 1465,4196,466,4174,4371
1552: 325,3229,3070,3961
4132: 
1554: 2197
4224: 1968,2368,1687,3064
1556: 1950,1373,3188,3649
4475: 
1558: 4803,1891,4724,4490,3200
1559: 
1560: 4791
1561: 2852,4431
1562: 4375,167,4071
1563: 1134,4605,3074,3851,2637,268
1564: 2815,718
1565: 
1566: 
1567: 2812,2310
1568: 
1569: 4246,3817,4352,1953
1570: 3580
4503: 599,3536,4403,4562
1572: 669
1573: 4492,3108,2357,1486,315
1574: 1286,3865
1575: 3792
1576: 2069,4053,4079,3024,2344
4184: 3687,3513,3080
1578: 1825
1579: 1797,4432
1580: 
4543: 1829,3398,996,714
1582: 35,1186,2345,1085
1583: 3881,4112
1584: 1221,1530,4020,2381,4778
1585: 
1586: 2057,3175,4630
4449: 4076,2830,2938,4608,1727
4323: 1840,1373,1423,1181,4100
1589: 
1590: 3549,296
1591: 4256,151,1816
1592: 
1593: 1594
1594: 1593,4061
4189: 67,1182,1708
1596: 
1597: 748,2588,1646,2026
1598: 2931,742,2547,750,2115
1599: 87
4476: 4644
1601: 1166
1602: 4360,2221,912,1390,3216
1603: 
1604: 4726,4455,9
1605: 1219,2223,3038
4539: 1126
1607: 2089,919,364,4713
4240: 3638
1609: 1369,4697,4641,1685,3669,1434
1610: 3238,4012
1611: 187,3276
1612: 3096,753,626
1613: 16,3979,1145,1886
1614: 3398
1615: 
4610: 
1617: 1438,1182,1697,1708
1618: 276
1619: 2670,3650,3372,1732,2004
4553: 4373,4271,713,2156
1621: 4778,3905,4020,4474,1777
1622: 3051,3325,3681,2744
1623: 
1624: 1000,4814
1625: 
1626: 2862,2185
1627: 3397
1628: 206
1629: 940,4767,3751
1630: 870
1631: 3593
1632: 3006,4805,4647,3526,1688
1633: 4351,2178,3169,1113
1634: 1252,32
1635: 691,4300
1636: 2610,4816,4123,3812,4732
1637: 3677,469,3202,1423,2540
1638: 1005,694,3826
1639: 2028
1640: 3205,549
4453: 4497,2649
1642: 1106,2861
1643: 1724,4428,3035
1644: 4060,2591
1645: 1652
1646: 4385,947,1597,3794
1647: 451,282,1488,1862
1648: 2249,4285
1649: 1185,3882,4050,1063
4387: 
1651: 1277
1652: 1645
1653: 784,2751
1654: 
4217: 581,4571,507
4671: 2695,2688,3298,3370
1657: 
1658: 3833,1160
4492: 1202,1573,3108,2573
4556: 4046,3409,4284,174
1661: 2170,4498
1662: 1819,570,708
1663: 1776
1664: 668,1212,4019,350
1665: 1764,4401
4284: 2750,4595,4556
1667: 1291,543,1342,426
1668: 718,1456,2602
1669: 1345,2799
4168: 279,1785
4432: 1579,1797
1672: 1473
1673: 1866
4589: 3461,2129,3875,4285,3339
1675: 575
1676: 494,4803
1677: 3353,4640,891,3750
1678: 345,709,3731,2379,4143,3762,973
1679: 373,643,1060,1794
4170: 3512,615,3392,3471
1681: 
1682: 3906,3838
1683: 1106,98,2353,652
1684: 4074,3693
1685: 1609,4697,3669,1434
1686: 4811,3473
1687: 3604,4224,2441
1688: 3526,1632,3006,478,190
1689: 2145,2680,1525
1690: 
1691: 
1692: 1229,37
1693: 3585,2776
4617: 2669,4437,1455,3514
1695: 2594,2855,3034,4039
1696: 2942
1697: 3993,1617
1698: 4779,2172,2226,3960,3119
1699: 129
1700: 3039,136,3010
1701: 
1702: 2630,2989,143,3251
1703: 
1704: 1477,2231,2521
4455: 723,1604,4726,9
1706: 1961,568,739,2078,305
1707: 
1708: 3084,1617,4189,1182
1709: 3368,4764
1710: 
1711: 4737,1274,929,638
1712: 1747,935,1191
1713: 2291,4086
1714: 
1715: 4574,1034,2127,2817,124,528
1716: 482,3675,1285
4774: 1911,4715,2486,3498
1718: 
1719: 293
4419: 1508
1721: 2256,826
1722: 4369,3372,4343
1723: 3707,1833
1724: 1643,3035,4123,460
1725: 2935,3629
1726: 2008
1727: 4076,4449
4579: 203,3106,1545
1729: 3245,2580
4102: 3657,4457,3155,3640
4516: 2689
1732: 1972,2403,1619,2670,3650,2004
4208: 
1734: 820,1122,1843
1735: 2384,3419,226,1470,4582
1736: 3069,1742,2986
1737: 4260,2805,991
1738: 3723,2748,1432,2062,3715
1739: 1216,3016,2600,4815
1740: 2198,4157,385,3148
1741: 3537,1815,3318,2895,2831
1742: 254,2986,2749,1372,3069,1736,984
1743: 2026,3794,664
1744: 3741
4099: 
1746: 3859
1747: 1712,2955,2672
4076: 2830,4449,1727,1541
4584: 4166,2112,3036,3289,1246
1750: 4214,2813,4440
1751: 802,4491,284,548,4595
1752: 1841,843,3009
1753: 
1754: 2533,1404,4180,1268,941
1755: 3435
1756: 155,4601,2198,1254,216
1757: 3490
1758: 3629,1004,2935
4670: 38,3066,1023
1760: 4688,3523,3455,1912,2677
1761: 662,2083
1762: 4691,289,1380
1763: 1764,2328,3956
1764: 1763,4728,1665,4401
1765: 4397,4322,2286,3625
1766: 2611,2413,745
1767: 2295,3517,442
1768: 
4115: 
1770: 2125,4144
1771: 343,2259,367,674
1772: 4179,2438
1773: 126
1774: 
1775: 791
1776: 4092,4354,1663,2444
1777: 2160,4474,1621,3905
1778: 787,3705,3255
4721: 4144,2200,2497
1780: 34
4424: 337,2009,588,1109
1782: 
4229: 1878,1167,4197,4394
4623: 2245,2908
1785: 3566,4168
1786: 640,4363,4319
1787: 1238,2376
1788: 830,3225,4740
1789: 26,1511,3395
1790: 2971
1791: 2914,1290
1792: 4067,4409,4558
1793: 3068,777
1794: 2062,3873,3715,1679,1060
1795: 2097,1444,1242,3798,2142
1796: 3280,1070,3447,3456
1797: 1579,4432
1798: 1899,3540
4104: 3864,617
1800: 
1801: 
1802: 2737,1059,4571,4258,507
1803: 1023,4667
4678: 2334,618,4567,2068,913
1805: 3506,106
1806: 315,3985,1267
4124: 
1808: 4335
1809: 4688,383
1810: 3976,2106,3932
1811: 3090,2942
4680: 3530,4149,2629,3829
4641: 1609,3410,3669
1814: 4495
1815: 3537,1741,3318,3958,3818,3193
1816: 3592,3458,151,1461,1591
1817: 3364
1818: 
1819: 4633,1662,4416
1820: 4527,2022,835
1821: 
1822: 3083,3543,294
1823: 2050,3970
1824: 4173,4532,4037
1825: 1578,3675
1826: 4701,882,4786,3611
4482: 
1828: 4344,4504
1829: 4543,4695,996
1830: 
1831: 1483
1832: 4247
1833: 987,4101,2746,1723
1834: 572,3823,3402
1835: 4093,2889,4214,110
1836: 1503,3198
1837: 676,3211,4792,2177
1838: 4113,3984
1839: 
1840: 1373,4323,1243
1841: 2426,1752,843,1265
1842: 2724,1952,2760
1843: 523,3621,1734
1844: 3760,3470,177,2850
4336: 2166,3724
1846: 
4248: 
1848: 57,1006,1053
4534: 153
4198: 865,3405
1851: 1329,3196,3455,3523
1852: 2402,4807
4094: 455,1228,3424
1854: 468,3338,1257,2793
1855: 2357,2254,1486
1856: 3780,2455,4496,2480
4773: 4707,3577,4403
1858: 2808,1054
1859: 246,4357,517
4338: 
4530: 807,1529,4054,2612,2069
1862: 1864,1488,1647,785
1863: 4437,3048,1092,3091,4461
1864: 2615,1862
1865: 996
1866: 1673
1867: 123,2941,1275
1868: 895
4266: 1456,4606
1870: 49,1016,2175,3795
4178: 111,4769,2571,3855,402
1872: 3096,1401,2725
1873: 2214,509,4032
1874: 2391,415,2284,3732
1875: 1146,3253,3370,1206,3974
4496: 3780,2455,1856,2488,2480
1877: 168,1326,1203
1878: 1167,91,917,4229
1879: 2958,2478,1341
4389: 4385,947,1228,2596
1881: 815
1882: 1374,2692,2375,1428,204
1883: 2919,2102,3468
4442: 3228,3577
1885: 4262,1425
1886: 663,3202,1613
4225: 799,3046
1888: 1488,3476
4297: 1438,1428,3993
1890: 824,4018,4489,3363
1891: 3230,4438,3065,247,4724,1558,4490
1892: 2220,2902
4677: 1030
1894: 3599,169
1895: 1228,3703,2205
4743: 128,3396,781
1897: 19,2317,4745,2876
1898: 4388,4787,1141
1899: 3540,1798,4095,3114
1900: 2354
1901: 2995,4651,2474,2017
1902: 3489,2297,3194
1903: 925,3915
1904: 2654,652
1905: 3341,1390,2484,4182,1969
4355: 437,4795,45,4823
1907: 
1908: 4798
1909: 2389,1179,4776
1910: 583,2806,2451
1911: 4774
1912: 4445,1760,2677
1913: 
1914: 4647,2132,3859,4805,337
4286: 
1916: 1451,254,2749
1917: 2803,4789
4192: 147,538,3606
1919: 653,4815
1920: 1263,1497
1921: 3223,2965
4485: 3472,2203
1923: 3867
1924: 400,3126,1301
1925: 1362,3824,654,431,2214
1926: 1282,3911,1108
1927: 3777,2851,4616,3601
1928: 4334,3266,4615,2223
1929: 1963,2894,3162,4790
1930: 
1931: 772,778,251
1932: 2090,3381,882
1933: 282
1934: 3866
1935: 3319,2356
4137: 1420,1408,4780
1937: 601,296,963,2448
1938: 2348,885
1939: 3278
1940: 4180,2215
1941: 2536,217,579,4036
1942: 4326,3215,4788
1943: 3492,4655,2113
1944: 3654,3583,1405,3649
4799: 298,3238,2514
4244: 87
1947: 4200,577
1948: 442,2114,2295,2937
1949: 4554,3313
1950: 1405,4750,1556,3649
1951: 1407,4070,2018,2890
1952: 3412,3068,1120,2724,1842
1953: 3817,1569
1954: 2083,3589
4260: 1737,1363,234,2805,3300
1956: 4046,4333,161,65
1957: 2888,3478,3349,580,1022,365
1958: 2967,3460,640
4500: 746,4279,41,4273,2264
1960: 
1961: 1706,503,305
1962: 4771,1094
1963: 1929,3837,3162,4790
1964: 3928,2824,4635,2395
1965: 4462,2256,4444,2608
4361: 4704,2014
1967: 3921,372,2557
1968: 4224,3967,1313,4494
1969: 4182,2977,2650,1905
1970: 826
1971: 1525,3023,2473
1972: 2403,1732,2670,3723,2748
1973: 99,144,3775,3881,3685
1974: 1266,1168,1275,2117
1975: 4526,307,2566
1976: 3887,3695,1142
1977: 2095,3671
1978: 4365,4804,3114
4133: 4483
1980: 3714,4384,3844,1522,4263,1414
1981: 1445
4683: 4427,1020,1396,2882,3413
1983: 2157,2948,2472
1984: 
1985: 3102
1986: 2141,3075
1987: 4015,2761,3057,2072
1988: 2765,4695,2445,430
1989: 425,101,4789,789
1990: 4471
1991: 894,2035,427
1992: 278,4138,4821,26
1993: 1063,3582,4211,4116
1994: 3182,2647
1995: 3941,1388,1136,446
1996: 2921
1997: 2489,2355
1998: 2503,4072,915,4468
1999: 4309,0,3860,4420
2000: 3256,1233
2001: 788,1473
2002: 3674,4212,3978
2003: 460,556,2372
2004: 3358,1619,3822,2403,1732
2005: 2385,122,2432
2006: 
2007: 
2008: 1726,4068
2009: 1160,337,4424,588
2010: 133,1081,3889,103
2011: 277,4607,2282,2300
2012: 4333,2841
4805: 1632,3006,1297,1914,4647,2132
2014: 4361,4704
4202: 4362,2906,4262
2016: 
2017: 3801,4517,1901,2995
2018: 311,1951,2890,3953
2019: 704,3845,3226,2409
2020: 3161,181
2021: 4161,2636,1145
2022: 1286,1820,835
2023: 3288,810,4822
2024: 1031,2892,2664
4166: 2112,4584,3494
2026: 1743,1597,2588,664
2027: 2902
2028: 1639,4049
2029: 990
2030: 1279
2031: 746,2848,2264,2863,4413
4682: 2926,605,4733,4531,3785,775
4197: 2048,4394,4741,4229
2034: 2999
2035: 894,1991,457,4795,4201
2036: 582,3638,2335
2037: 2528
2038: 2841,751,3012
2039: 901,2125
2040: 4393
4479: 699,338,3164
2042: 
2043: 2474,893,3076,1383
2044: 827,4470
2045: 
2046: 4257
2047: 4602,4231
2048: 4197,4554,4111
2049: 1005,4599
2050: 3970,4474,1823,2202
2051: 3468,3771,40
2052: 4595,284,4801,2356
4464: 3799,3465,3079
2054: 
2055: 354,3474,3409
2056: 4766,643,1060
2057: 1586,3175,3322,4575
2058: 736,4347
2059: 4127,1097
2060: 1331,2834
2061: 2275,2880,2135,3878,2561
2062: 1794,1738,1432,3715
2063: 2874,4190,4701,3206
2064: 4666
2065: 1424,4000
2066: 4818,4173
2067: 225,2557,443,2219,2586
2068: 913,2334,1016,4678
2069: 1576,4053,4530,1529,2612
4123: 3019,4816,3316,3035,1636,1724,460,3812
2071: 3260,2731,1259
2072: 1987,489
4363: 411,135,4251,640,1786
2074: 2650,2520,3944
4347: 2058
2076: 
4300: 1517,691,1635,1491,4445
2078: 1397,568,1706,3849,305
2079: 4341,3120
2080: 2864,797,2859
2081: 
2082: 4435,4666
2083: 1954,1761,4510
2084: 4412
2085: 
2086: 4797,2639
4086: 4199,2291,1713,2189
2088: 2248,3809
2089: 919,1607,4713
2090: 1932,1294,219
4258: 887,507,2737,1802,3496
2092: 3738
2093: 
4160: 1424
2095: 1977,4581,1531,4087
2096: 379
2097: 1795,1444,1242,4382
2098: 887,1123,3214,553,4603,4557
2099: 
2100: 2140,3766,4147,1174,752
2101: 2191,3768,1520,111,4769,671
2102: 2608,1883
2103: 3887,3999
2104: 2286,4000,4793
2105: 1338
2106: 3976,1810
2107: 
2108: 2558,576,584,4140
2109: 
2110: 579,3690
2111: 1162,1005
2112: 4166,4584,3036,2996,3494
2113: 1100,1943
2114: 442,1948,3403,486
2115: 1476,2547,2931,1598
2116: 3749
2117: 4384,198,1974,2607,2347
4498: 2503,1661,408
2119: 135,3957,1205
2120: 17,3788,3190
2121: 2702,4434,1476,2826
2122: 361,2653
2123: 683,2642,917,91
2124: 4095,4365
2125: 1770,2039
2126: 2199,785
2127: 1715,4574,124,752
2128: 957
2129: 4589,3461,3875
2130: 1063
2131: 4754,3097
2132: 1914,1429,3859,4805
2133: 3727,1198,1471
4585: 2613,2759,1422
2135: 2275,2880,2061,447
2136: 369,3091,4461
2137: 69,3951,4134
2138: 587,495,851
2139: 325
2140: 2100,752,1441
2141: 1986
2142: 3633,3798,1795
2143: 
2144: 4780,3503,2507
2145: 1689,3243,2621,2312
2146: 2788,1120,2753,2969,3068
2147: 249,4435
2148: 
2149: 3989,1321,4791,803,864
2150: 2758,141,2342
4658: 121,3733,4098
2152: 4797,2618,3630
4804: 2262,2453,2370,1978,858
2154: 4378,923
2155: 1086,1293,4711,1230,3747,2753
2156: 3743,713,667,4553,396
2157: 1983,2595,3308
2158: 3206,789
2159: 868,522,1255,432
2160: 1777
2161: 1386,487,294,952
4466: 4782
2163: 
2164: 4434,268,1134,1376
2165: 2179
2166: 4336,3724
2167: 2401,3964,429,36
4788: 2875,3555,4326,1942
2169: 125,2461,2638
2170: 1661,3977,2369
2171: 3196,2686,1329
2172: 4779,1698,3119,3688
2173: 
2174: 
2175: 3795,3374,1870,49
2176: 854,2793,468
2177: 4792,2431,676,1837
2178: 1633,3470
2179: 2165,1505
4777: 2924
2181: 2823,3115,702,2804
2182: 1480,4770
2183: 62,3528
2184: 1125,4356
2185: 1626
2186: 3626,364
2187: 1477,4242,12,4719,3545
2188: 2577,2957,4281
2189: 4058,4761,4086
2190: 3332,993,3360
2191: 3768,3199,2101,1520,671
2192: 
2193: 2248,2640
4422: 1006,3365
4083: 683,2642,1378,4718
2196: 2358,3711
2197: 3381,1554
2198: 1740,4157,3472,4601,1756
2199: 3910,1067,2126
2200: 4721,2497,3845
2201: 
2202: 2050,4474
2203: 2518,2459,4485
4666: 2064,2082
2205: 1064,4493,86,1895
2206: 1507,3188
2207: 2346,431,4091,4765,2414
2208: 568,2730
2209: 3577,3536,4403,3432,4185
2210: 1313,4142,271,3841
2211: 2425
4207: 3882,4316
2213: 3313,3603,633,3792,830
2214: 412,654,1925,1362,1873
2215: 1940,3001,1223,384
2216: 
2217: 2466
2218: 3057,805,4311
2219: 2605,2586,225,2067
2220: 1892,3376
2221: 4360,1602,3618,783,712
2222: 
2223: 4615,1928,1605,3038
2224: 1295,2614
2225: 3677,469,1436,1243
2226: 1698,3960,3119
2227: 
2228: 
2229: 1325,3201,2792,2419,1327
2230: 4524,4005,3800,4390,1046
2231: 1704,4055
2232: 4136,3445
2233: 791
4273: 2264,147,4500
2235: 418
2236: 4781
2237: 2956,959
2238: 
2239: 1519
2240: 240,1333
2241: 3484,4238,832,2280,2572
2242: 3946,3444,686
2243: 779,634
2244: 3555,3215
2245: 4623,3391,1324
2246: 1178,689,4649,1071
4526: 1975,350,3341
2248: 2088,2640,2193,4789
2249: 971,4285,2408,1648
4309: 1999,498,0
2251: 
2252: 
2253: 
2254: 2357,1526,1855,3343
2255: 2489,1025,3431
2256: 4462,1965,1721,826
2257: 3120,1425
4239: 534,516,2978,3152
2259: 343,1771
4069: 2719,2355,4776,1179
2261: 
2262: 4804,2453,858
4634: 2508,110,1116
2264: 4273,746,2031,4500,434
2265: 
2266: 956,292,3438,2442,3524
2267: 
2268: 374,3375
2269: 3907,3616
4699: 
4535: 3899,3359,3250,4533,689
2272: 2822,3830,3610,4796
2273: 
2274: 1244
2275: 4544,2880,2061,2135,2287,447
4142: 1313,2373,2210,4295
2277: 2697,3869,308,2760
2278: 3969,3446,285
2279: 3358,399,705,3846
2280: 832,4238,3766,2241
2281: 
2282: 3729,2011,4607
2283: 
2284: 415,1874
2285: 4545
2286: 2104,4000,1765,3625
2287: 4544,2275
2288: 4745,2876,1547
4549: 665,92
2290: 
2291: 1713,4792,2431,4086
2292: 2770,791
4607: 2011,2282
2294: 
2295: 3517,1767,4141,442,1948
2296: 1248
2297: 3194,1902,3378
4312: 4098,4608,2308
2299: 3186,1117,637
2300: 277,2011
2301: 127,2330
4621: 898,4602
4352: 3817,2896,4079,3024,4246,1569
2304: 381
4819: 3848,1725,672
2306: 3377,4787,2500
2307: 693
2308: 4312,447
2309: 589
2310: 4316,875,1567,404
2311: 4642,4122,4792,2711,340
2312: 1309,2145,4685,2621
2313: 263,4188,4741,2830,2938
2314: 
2315: 1115,3954
2316: 1461,1315,214
2317: 19,1897,4527
2318: 1471,3708,2563,1175,3646
2319: 1170,3637,4305,3856
2320: 4694,4807
2321: 571,3643,3720
2322: 
2323: 
2324: 
4592: 4080
2326: 1231
2327: 3844,1413,1090,4486
2328: 2827,1763
2329: 2756,1288,2949,251
2330: 1189,213,2301,3262
2331: 2779
2332: 918
2333: 979,3389
2334: 1062,1016,4678,4567,2068
2335: 2036
4362: 4202,2906,2738
2337: 4386
2338: 3321
2339: 1506,707,387,1127
2340: 629,1339
2341: 4484,4066,3168
2342: 141,675,150,2150
2343: 2886,3243
2344: 3024,4246,4465,1576,2490
2345: 2784,1582
2346: 654,431,2207,2414,2378
2347: 3844,4384,2117
2348: 3288,1938,4614,4717,885
2349: 
2350: 695,3873,3715,2359
2351: 663
2352: 925,434
2353: 3974,2654,1106,1683
2354: 3371,3388,1900
2355: 2719,4069,4776,1997,1439
2356: 4801,1935,284,2052
2357: 2254,3788,1573,3108,1855
2358: 2196,4541,3971
2359: 695,2350,3715,2403,3487
4407: 4732,3301
2361: 
2362: 2756,2869,949
4092: 4354,159,1776
2364: 975,2570,3908
4384: 1980,3714,198,2117,3844,2347
2366: 2519,3549,3802,2649
4405: 4264,861
2368: 4224
2369: 3977,248,1384,2170,2831,3609,3704
2370: 4804
4727: 879,3581,3394,1215,964
2372: 4085,2003,3716,3301
2373: 1313,4494,4142,4295
2374: 2549,456,711,4734,930
2375: 1374,3558,1882,1428,2732
2376: 288,1787
2377: 
2378: 4409,2346,412
2379: 3620,4143,1678,2531,973
2380: 
2381: 1584,4778,3905
2382: 2982,4327
2383: 
2384: 3557,1735,3980,3419
2385: 2005,2432,2594,2855
2386: 4130,1251,3825
2387: 
2388: 1519
2389: 1909
2390: 3711,4011,4230
2391: 2422,1874,3217,1276
2392: 673,3607,975,1031,2892,3109
2393: 4305,3926,2573
2394: 3937,3261,2575,4359
2395: 3999,4635,1964,323
2396: 
2397: 3406
4261: 1219,3934,3587
2399: 2508,4386,3404,2723
2400: 137,4129
2401: 484,2167,1414,3964
2402: 1852,4034
2403: 1972,1732,3358,2004,2359
2404: 4791,4609,864
2405: 531,1080,653
2406: 4801
4532: 3597,4785,4037,1824
2408: 766,2249,3353
2409: 2785,3226,704,2996,2019,3494
4301: 
2411: 609,1150
2412: 3072,4681
2413: 1766,2611,3645
2414: 257,2430,2346,2207
4098: 4312,4658
2416: 4121,2797,4440
2417: 1295,3539
2418: 4127
2419: 2908,3391,2792,2229,1327
2420: 2771,1008,4663
2421: 1384,1156
2422: 2391,921,1276,924,48
4654: 
2424: 793,4811
2425: 2211
2426: 1841,1211
2427: 3988,1219
2428: 430,3134
2429: 472
2430: 3393,82,4765,2414
2431: 4792,2177,2291
2432: 122,2005,2385,2594
4600: 331,694,3826,3204
2434: 3344
2435: 25,1169
2436: 4278,2490
2437: 
2438: 4179,1772
2439: 911,1256,492
2440: 326
2441: 3803,1687
2442: 4339,3524,1012,292,2266
4494: 1313,2373,1968,3064
2444: 4513,1776,1271
2445: 1988
2446: 
2447: 3463,2467
2448: 296,1937
2449: 3207,873,3015
2450: 1050,65,594,3541
2451: 2806,808,1910
2452: 
2453: 2262,4804,3828,4314,858
2454: 
2455: 3780,1856,4496,2488,3422,4065
2456: 4578,475,978,3732
2457: 2583
2458: 4073,3161
2459: 1315,2203,214
2460: 369,3091
2461: 2723,2169,4697,2638
4126: 
2463: 1466,2565
4299: 
4271: 4553,4373
2466: 4784,4084,409,1443,2217
2467: 2447,2482
4396: 408,3704,3510,3710
2469: 2487,93,3874
4276: 4626,1533,475
4305: 2543,2393,2319
2472: 4423,1983,1129
2473: 2735,1971
2474: 893,2043,1901,4651
2475: 
4148: 1054
2477: 344,215,98,3617
2478: 1879,1341
4514: 
2480: 3001,1223,1856,4496
4745: 2288,19,1897,1547
2482: 2467,985
2483: 4785,383
2484: 912,1390,1905,1003,3216,2800
2485: 2963,1140,963
2486: 3498,4774
2487: 2469
2488: 2736,366,2455,4496
2489: 1997,2255
2490: 2436,2344,4465,1312
2491: 2729,1353,3631
2492: 2514,3359,1178,689
4349: 4604,1149
4450: 4252,373,1419
2495: 3646,865,3405
2496: 937,3771,4444,4481
2497: 622,4721,2200
4342: 353,3362
2499: 
2500: 4787,4758,2306,3377,2864
2501: 4373
2502: 3376,2777,4810
2503: 4498,1998,4319
4333: 2012,1956,65
2505: 
4084: 4784,409,2466,71,3834
2507: 4533,2144,3503,3238
2508: 4634,2399,1116,3404
4597: 349,2989
2510: 4319,4072,3681,3051
4814: 505,207,1435,1624
2512: 4538,20,297
2513: 4257
2514: 2492,1429,3359,4799
2515: 3825,976,4130,3278,4277
2516: 2903,4583
2517: 
2518: 3751,2789,2203,3040
2519: 2366,1137,2963,1140
2520: 2074,2650,1469
2521: 3475,1241,1477,1704,3259
2522: 
4487: 71
2524: 855,4674
2525: 
2526: 3105,173,4375
4564: 3486,4619
2528: 255,2037,936,2771
2529: 
2530: 625
2531: 2379,2819,7,973
2532: 
2533: 1754,1404,4150,1326
2534: 3505,961,3990
2535: 417,3746,3488
2536: 1941,4078,4580,1431,334
2537: 4206,3005
4779: 1698,2172
2539: 2567
2540: 1423,1181,3979,3310,1637
4757: 4730,2595,3308,1014
4761: 4055,2189,1059,4571
2543: 4305,1202,3856
4646: 4758,3144,3709
2545: 3657,3290,4193,1493,1104
2546: 4561
2547: 742,750,1476,717,2115,1598
2548: 4056,236,4583
2549: 2374,456,711,3734,4391
2550: 4156,3257
4350: 4270,936,518,255,2823
4139: 477,3956
2553: 2888,3478,3349,4733,3232
2554: 218,1037,3892,2729
2555: 
4341: 2079,4348
2557: 225,2067,372,1967
2558: 576,49,2108
4383: 
4206: 4090,2537
2561: 3878,2061
2562: 4576,3962
2563: 2318,1471,3646,3534,107
2564: 
2565: 1466,2463
2566: 3341,1390,1975
2567: 2539
2568: 3316,3035,3471,600
2569: 1213
2570: 975,2364,1324,3109
2571: 2878,3855,4178
2572: 832,2241,3484,4118
2573: 738,3926,2393,4492
4445: 1912,4300
2575: 3261,2394,1549
2576: 1076,496,4823,4421
2577: 2188,2957
4697: 1609,1369,1685,2638,2461
2579: 4689
2580: 3076,1259,3919,1729
4367: 41,3122,1353
2582: 3493,4256,4289,3623
2583: 2457,1505
4822: 1314,2023,3288,1232,4614,4717,2873
2585: 916
2586: 2605,2219,2067
2587: 4433
2588: 1597,748,2026,439
2589: 1448,1506,4027
2590: 3320,3684
2591: 1644,4060
2592: 312
2593: 3763
2594: 2855,1695,3034,2385,2432,3744
2595: 4730,4757,3308,2808,2157
2596: 4711,1228,4389
2597: 4074
4105: 495,3381,2666
4796: 2669,270,3830,3610,3553,924,2822,2272,1455,4093
2600: 4815,1739,1216
2601: 3210,4294,623
2602: 3504,1668
2603: 3769,4603,3972
4567: 1307,618,2334,4678
2605: 2219,2586
2606: 3744,3818
2607: 4667,198,2117
2608: 2102,1965
4091: 4765,2207,3824
2610: 611,4313,1636,4816,4732
2611: 1766,2413,745,4331,4250
2612: 4530,2069
2613: 4585,2648,3014
2614: 4298,2944,1295,2224
2615: 1864,4049
2616: 3062,2877,2757
4090: 4206,3209
2618: 4797,3630,2152
2619: 1004,3861,2842,790
2620: 607,3838
2621: 1525,2145,1309,2312
2622: 2824,3367
4226: 414,4135,857
4452: 
2625: 4426,3821,3858,2911
2626: 1483,1248
2627: 3195,156
4111: 436,2048
2629: 3829,2665,1086,2969,3530,4680
2630: 1702,433,4379
2631: 
4458: 445
2633: 2917,519
2634: 1055
2635: 3768,750,1520
2636: 1074,1145,3781,3042,2021,4161
2637: 1418,3851,1563,268
2638: 1369,4697,2169,125,2461
2639: 3645,2086
2640: 2248,2193,425,4789
2641: 38,1412
2642: 683,2123,4083,1378,2885,3112
2643: 3901,836,1195
2644: 4190,4786
2645: 3303,3970
2646: 4538,459,77,3897,3156,573,4625
2647: 4484,1994
2648: 2613,2953,3417,3014
2649: 3549,3802,4453,2366
2650: 2074,2520,4182,1969,3944
2651: 3757
2652: 578,1362,4131
2653: 2122
2654: 3974,2353,1206,1904
2655: 4471,3415
2656: 3893,4054,3302
2657: 2874,1294,628,4598
4279: 746,4500,647,41
2659: 673,965,3607,4263
2660: 3860,4512,615,3706
2661: 3520,4075
2662: 3831
2663: 2906,104
2664: 484,2024,2892
2665: 2629,3829,1394,1086
2666: 4105,4720
2667: 2971
4211: 1993,1032,4116
2669: 4796,270,1455,3514,4617
2670: 1619,3650,3723,1972,1732
4237: 
2672: 2955,1747,4723
2673: 4433
4298: 778,2614
2675: 914,193,4155
2676: 542
2677: 1912,4688,1760
2678: 3605,2917,426,2903
2679: 1547,3509,1521
2680: 1689,1525
4255: 3976,3939,3703,4216
4071: 2898,1562,4375,167
4735: 4737,1274
2684: 608
2685: 1378,3181,2885
2686: 2171,2877
2687: 1281,2828,368,3038,3302
2688: 1261,2937,2695,4671
2689: 4516,2982,4327
2690: 3755,1211,4499,4531,3785
4611: 4289
2692: 1374,1882,204,578,872
2693: 3684,3909
2694: 
2695: 4671,2688,777
2696: 2921,997
2697: 1198,3869,2277,3727
2698: 4711,3794,3854
2699: 175,954
2700: 1110,341,4232
2701: 
2702: 2121,823
2703: 3542,3396,2899
2704: 4513
4754: 466,4588,4023,2131
4144: 4721,1770
4506: 814,2766
4640: 3353,1677,1240,766,4691
2709: 997,232
2710: 4441
2711: 4792,4642,2311
2712: 3485,163,2883
2713: 
2714: 419,4803,3496,1123,553
2715: 2922,3975,4457,1104
2716: 1052
4509: 
2718: 
2719: 2355,4069,4806,4747,1439
2720: 158
2721: 
4281: 2188
2723: 2461,2399,4746
2724: 1842,569,1120,1952,424,2760
2725: 3084,1872,3880
4752: 4308,3240,1267,3016
2727: 3773
2728: 998
2729: 2491,2554,3892
2730: 3785,3755,2208
2731: 3243,4685,2071,2886
2732: 2375,1428
2733: 87
2734: 3328,3941,933,1388,2853
2735: 2473,1128
2736: 2865,2488,366,3451
2737: 1059,1802,1164,4258
2738: 4513,4362,1271
2739: 
2740: 3585
2741: 4120,3916
2742: 3179,3634
2743: 3739,1007
2744: 4637,3499,1622
2745: 4295,2814
2746: 3983,4801,1833,4101
4517: 4668,1383,4379,2017,3801
2748: 1738,3723,1972
2749: 254,1742,1916,1451,1372,688
2750: 4284,4169
2751: 3168,1328,1653,1302
2752: 3655,4793
2753: 1293,2155,2146
2754: 491,3443,3581
2755: 4426,849
2756: 2329,2362,1288
2757: 336,2616,403
2758: 2150
2759: 1398,622,4585,1422
2760: 4002,2724,1842,3869,2277
2761: 4015,1987,4459,3057
4483: 4133,70
2763: 1187,4764
2764: 3940,2814
2765: 1988
2766: 1367,4506,814
4079: 1576,4053,3024,4352
2768: 
4807: 1852,4731,4790,2320
2770: 2292,1157,1028
2771: 1008,2528,4663,3350,2420
2772: 628,2913,3018,17,3190
4295: 2745,2373,4142
2774: 
2775: 
2776: 3585,1693,1066
2777: 2502,4810
2778: 2912,1096,76
2779: 2331
2780: 
2781: 3224
2782: 1254,3919,216,4714
2783: 4780,1408,3901
2784: 35,2345
2785: 3226,4414,2409,3494
4360: 1602,2221,3618,783
4468: 915,1998
2788: 1120,2146,2969,3530,4149,569
2789: 3751,2518,4767,908
2790: 4706,3450
2791: 2809
2792: 1324,1325,2229,3391,2419
2793: 4622,2176,3575,3338,468,1854
2794: 943,52,4002,4406,1175
2795: 968
2796: 
2797: 4218,733,2416
2798: 1199,1306,3445
2799: 1345,1669
2800: 1003,2484
2801: 
4120: 635,2741
2803: 1917,4789
2804: 332,702,2181,1079
2805: 3300,4260,1737,991
2806: 2451,808,1910
4524: 2230,4209,3728,3800,4390
2808: 1858,1054,2595
2809: 2791
2810: 3060,3686
2811: 831,4801,3983,4345
2812: 4138,1567,404
2813: 4214,1750,3017
2814: 2745,2764
2815: 1564,4510,4812
2816: 3063,934,3573
2817: 962,1715,1034
4645: 
2819: 7,3519,973,3731,2531
2820: 3284,1397,1185,3009
4326: 1942,4788
2822: 2272,4796,270,4093
2823: 2181,3115,4350,4270,936
2824: 2622,3305,4635,3367,3928,1964
2825: 4488,4049,3667
2826: 3957,1376,2121,1205
2827: 3591,2328,813,1396
2828: 4679,1281,2687,3302,4054,807
4196: 1551,3422,4371
2830: 4076,4449,2938,2313,1541
2831: 363,3609,2895,248,2369,3537,1741
4741: 4197,4394,2313,263,2938
4420: 4816,600,1999,3860
2834: 666,995,2060
2835: 1430,1221
4130: 2386,2515,3825,3278
2837: 
2838: 1213,30,1159
4569: 3017,3674
4490: 846,3200,1558,3230,1891,4724
2841: 4158,751,2012,2038
2842: 3861,3865,1286,790,2619
4791: 3948,606,4609,1498,2404,1560,3416,3989,2149,1321,864
2844: 
2845: 3167
2846: 3843
2847: 4418
2848: 746,2031,647
2849: 
2850: 290,3777,1844,3470
2851: 4616,531,290,1927
2852: 1561,4356
2853: 1113,4381,3328,2734,933
2854: 3294,3653,1351
2855: 2594,1695,2385,4014
4806: 2719,799,4747
2857: 456,2990
2858: 498,4512
2859: 2080
2860: 3211,3085,1044
2861: 984,730,1106,1642
2862: 1626
2863: 434,2031,4413,1030
2864: 2080,2500,3377,529,797
2865: 2736,366,875,404,3451
4434: 2164,268,1476,2121
2867: 129
2868: 831,4169,946,4345
2869: 949,1184,2362,1288
2870: 706
2871: 
2872: 604
2873: 4822
2874: 2657,1294,2063,4701
2875: 4788
2876: 2288,1897
2877: 3062,2616,336,2686
2878: 344,215,2571,3855
4676: 
2880: 4544,2275,2061,2135,2953
4190: 2644,3206,2063
2882: 4242,12,3413,4683,477
2883: 1445,2712,3485,1431
2884: 2,1537
2885: 3181,1378,2685,2642,3112
2886: 2343,2731
2887: 4728,1044,3085
2888: 2553,3478,1957,4518,3232,1515
2889: 733,4121,1835
2890: 3655,1951,2018
2891: 1415
2892: 1031,2024,673,2392,2664
2893: 207,3993
2894: 1929,4790,3586
2895: 1532,248,1741,2831
2896: 3817,4352,963
4812: 2815,2966
2898: 4071,1432
2899: 128,3396,2703,3542,4790
4448: 2929
2901: 4762,3591
2902: 2027,1892
2903: 2516,2678,2917,1430
2904: 
4145: 462
2906: 2663,4362,4202
4157: 2198,1740,3472,3366,214
2908: 4623,3391,2419,3610
2909: 3578,4563,4397
4348: 4341
2911: 432,2625,3821,3858
2912: 2778,76
2913: 2772,628,4427,3190,3413
2914: 1385,3322,3342,1791
2915: 4138,1419,40,4821
2916: 
2917: 2678,3605,2903,2633
4760: 4201,427,598
2919: 3487,3468,1883
4663: 3350,2771,1008,2420
2921: 2696,1996
2922: 3975,2715,3559,586,678
2923: 4519,37
2924: 4777
2925: 1338,261,4810
2926: 4682,605,2955,4703,4531
2927: 731
2928: 4193,3550,1493
2929: 3866,4448
2930: 834,1531,4277,844,4581
2931: 1598,2115,1341
2932: 566,3656
2933: 
4444: 4462,1965,937,2496
2935: 1725,672,1004,1758,3629
2936: 1224,1041
2937: 1948,2688
2938: 2830,4449,4741,2313
2939: 3602,4136
4088: 4511
2941: 3479,1867,3066,3836
2942: 1696,1811
4376: 4692,3832
2944: 251,883,2614,1295
4797: 2086,2618,2152
2946: 3383
2947: 1126,667,1039
2948: 1983,64,534
2949: 251,2329
2950: 3591
4583: 2516,2548,4739
4734: 4118,930,2374
2953: 2880,2648,3417
4117: 537
2955: 2672,1747,2926,4703,4723
2956: 2237,700
2957: 2188,2577
2958: 1879
2959: 580,3310,989,16,3979
4275: 
2961: 3709,521,349,2989
2962: 4051
2963: 1081,2519,2485,4001,1140
2964: 4739,1221,1530
2965: 3223,1921
2966: 3030,4812
2967: 1205,3460,1958
2968: 489
2969: 1086,1293,2629,2788,2146,3530
4230: 2390
2971: 2667,1790
2972: 855
2973: 374
4413: 1030,2031,2863
4246: 2344,4465,4352,1569
2976: 272
2977: 1969
2978: 4660,3152,4239,3305,3928
4815: 2600,1739,1919
2980: 4672,3184,205,3490
4344: 1828
2982: 2382,4327,2689
2983: 1345
2984: 1544,3586
2985: 4007,4763
2986: 254,1742,1070,1736
4660: 2978,3152,3928,4808
2988: 1538,320
2989: 4597,2961,1702
2990: 935,1191,2857
2991: 3422,4371,4065
2992: 776
2993: 563,3466,3579
2994: 3797
2995: 1901,3342,2017
2996: 704,2112,2409,3494
2997: 1260,3234,356
2998: 786,731
2999: 4618,2034
3000: 3573
3001: 2480,1223,2215
3002: 1141
3003: 955
3004: 1487,3937
3005: 2537,4744
3006: 1632,4805,1688
3007: 3656
3008: 
3009: 1185,1752,2820
3010: 136,1700
4268: 731,786
3012: 751,2038
4541: 2358
3014: 3417,163,2613,2648,4015
3015: 3862,2449
3016: 1739,1216,4752
3017: 4569,2813
3018: 789,2772,738
3019: 4123,4816,600,3316
4135: 4226,3292,857,1100
3021: 
4400: 
3023: 1971,4753
3024: 2344,1576,4079,4352
3025: 
3026: 
4695: 1829,1988
4614: 4717,2348,4822,885,3991
3029: 
3030: 2966
3031: 
4193: 2928,3550,3290,2545,1493
4212: 4746,1116,2002,3978
3034: 2594,1695,3744
3035: 3316,2568,4123,1643,1724
3036: 2112,4584,3705,3289,1246
4216: 3976,4255
3038: 3302,2223,1605,2687
3039: 1700
3040: 1352,3751,2518
3041: 
3042: 3781,3233,4161,2636
3043: 96
3044: 3343,950,3545,3475
3045: 
3046: 236,799,804,4225
4454: 3624
3048: 1863,1092,3357,3312
3049: 191
4630: 3749,1586,3175
3051: 3325,1622,1065,3681,2510
3052: 4061,4291,3560
3053: 
3054: 4339,1012,4766
3055: 256,3411,848,3166,4793
4707: 4562,4773,811
3057: 2218,4459,2761,1987
3058: 
3059: 94
3060: 557,2810
3061: 3474
3062: 2877,2616
3063: 2816
3064: 1392,4224,4494
3065: 1891,247,4724,1386,952,1019
3066: 4670,38,2941,3836,1023
3067: 4173,3894,4818,3567
3068: 1793,1120,2146,3412,1952
3069: 1736,1742,984,3870,3074
3070: 3961,3229,1552
3071: 3710,968
3072: 2412
4613: 602
3074: 4605,1563,3069,3870,3851
3075: 3131,1986
3076: 2580,1259,3719,893,2043
3077: 
3078: 3368,1220,986
3079: 22,3153,3799,4464,3163
3080: 609,1469,1150,4184
3081: 801,1109,868,3280
3082: 3186
3083: 1822,942
3084: 1708,2725
3085: 3211,2860,4648,2887,1044
4315: 
3087: 931,4272,1395,319,3722
3088: 1528
4447: 1431,334,3987
3090: 1811,4322
3091: 1863,4461,2136,2460
3092: 
3093: 3876,4321
3094: 
4762: 2901,3454,4109
3096: 753,1612,1872
3097: 599,2131
3098: 3481
4703: 474,4531,4723,2955,2926
3100: 4593,1326,1268,384
3101: 
3102: 586,1985
3103: 
3104: 1304
3105: 2526,173,3198
3106: 203,4579
4264: 4405
3108: 4492,1573,3788,2357
3109: 2392,2570,1031
3110: 
3111: 210,80,3533,668,3268
3112: 2885,2642
3113: 
3114: 4095,1978,1899
3115: 2181,2823,936
3116: 
3117: 3566,452,3515,1196
4151: 1418,3851,3531,166
3119: 1698,2172,2226
3120: 1425,850,2079,2257
3121: 3810
3122: 538,4367
3123: 
3124: 3671
3125: 3894,4330,4768
3126: 1924
4292: 96,325,470
4147: 1174,685,4574,2100
3129: 4783
3130: 1417
3131: 106,3075
3132: 
3133: 4810
3134: 42,2428
4204: 
3136: 4390,1046,4726
3137: 3481,1348,3903,815
3138: 4128,3886,3227
4499: 2690
3140: 3738
4790: 4731,128,2899,1963,1929,2894,4807
4542: 4391,711,956,1449
4731: 4790,4807
3144: 4456,4758,4646,3709
3145: 557,3686
3146: 3876
4146: 
3148: 1009,4256,3366,1740,385
4233: 3921
4604: 3167,4349
4706: 2790,3450
3152: 2978,3808,4660,4239,516
3153: 3799,3163,3079
4605: 1134,3074,1563,268
3155: 1319,4102
3156: 3339,77,2646,4625
3157: 3857
3158: 210,80,1474,727
3159: 3308
3160: 621,4021
3161: 1437,1151,2458,2020
3162: 3837,1963,1929
3163: 3153,3079
3164: 4479,338,1136,1272
3165: 3778
3166: 3055,3411,848
3167: 2845,171,4604
3168: 2751,4066,2341
3169: 3271,4351,1633,1113,3328
3170: 3952,125
3171: 124,528,99,390,3685
4472: 
3173: 365,100,1375,580,4551
4296: 
3175: 2057,1586,4630
3176: 1084,652
3177: 
3178: 
3179: 2742,3634
3180: 168,3659
3181: 2885,3934,2685
3182: 1994
4214: 2813,1750,110,1835
3184: 241,205,1190,2980
3185: 3200,3769,438
3186: 2299,3082
3187: 245
3188: 1539,4100,1373,1556,2206
3189: 3431
3190: 17,2120,2772,2913
3191: 3775,173
3192: 57,3434,265
3193: 160,3537,1815,3818,3252
3194: 2297,1421,1902
3195: 2627,4626
3196: 242,2171,1329,1851
3197: 1347
3198: 1836,3105,173
3199: 2191,3768,671,1528
3200: 4490,3185,846,1558,4803
3201: 1325,3217,3732,2229,978,1327
3202: 663,1886,3677,1637
4232: 75,4114,2700
3204: 3826,4600,331,4609
3205: 1640,1309,549
3206: 2158,101,4190,2063
3207: 2449
3208: 735
3209: 4090,1352,4245
3210: 2601,193
3211: 2860,3085,4648,1837
3212: 1214
3213: 
3214: 570,2098,507,4557
3215: 535,199,2244,1942
3216: 1003,912,1390,2484,1602
3217: 3201,2391,1327,1276
3218: 1494,422,3936,1479
3219: 
3220: 76,1492
3221: 3327,852
3222: 4566,3971
3223: 696,2965,1921
3224: 2781
3225: 1788,55,131,4740
3226: 2785,4414,2409,2019,3845,1398
3227: 3886,4686,3138
3228: 4442,257,4558
3229: 1552,3070,4081,1171
3230: 1891,4438,4490,846,816
4391: 4705,3734,2549,711,4542
3232: 1095,1515,2888,2553,1284
3233: 3667,3042,4161
3234: 3647,1260,2997,899,1220
4158: 558,2841,859
4426: 2625,3821,2755
3237: 1159
3238: 1610,2507,4799
3239: 
3240: 4752,4308,1394,3829
4818: 3894,3602,3567,4173,3067,2066
3242: 4497,3304,3889,1137
3243: 4685,2731,2343,2145
3244: 396,225
3245: 1729,4714
3246: 351,672
4423: 2472,4742
4747: 799,804,1439,2719,4806
3249: 
3250: 3359,4533,3503,4535,3899
3251: 143,1702,4795,4823
3252: 4656,3537,363,3193
3253: 1875,3408,3974
3254: 3871,195
3255: 3705,3289,1778
3256: 2000,1274
3257: 2550
3258: 3931
3259: 1164,2521,1241,33
3260: 1254,155,2071
3261: 1487,788,2575,2394
3262: 188,1256,1484,2330
3263: 1150,964,3513
4437: 1863,1092,1455,4461,4617
4359: 2394,3937
3266: 3779,4045,1928,4334
4075: 2661
3268: 668,3111,4019
3269: 
4769: 111,4178,402,904,2101,3800
3271: 3169,3777,3612,4351
3272: 3298
4642: 2311,4792,18,2711
3274: 3927
3275: 897
3276: 187,3491,4755,1611
3277: 3639,481
3278: 1939,4130,2515
3279: 4401,4058,3379
3280: 1796,3081,1485,3456,868
4471: 1990,2655,3827
3282: 222,1415
4713: 3575,2089,1607,4622
3284: 1397,2820,3755
4669: 3805
3286: 
4719: 3545,1526,12,2187
3288: 810,2348,2023,4822,4717
3289: 3705,3255,1246,4584,3036
3290: 576,3550,4193,2545
4551: 580,989,1375,3173
3292: 4135,857
3293: 472
3294: 1436,2854,3653
3295: 3804
4488: 2825,646
3297: 3820,3737,3649,69
3298: 3272,4671,3370
4738: 914
3300: 2805,234,4260
3301: 3716,27,4407,2372,61
3302: 3038,2828,2687,2656,4054,807
3303: 2645,1132,441
3304: 3242,3889
3305: 2824,2978
4552: 
4097: 567,1420
3308: 4730,4757,2595,2157,3159
4406: 4002,4057,52,2794
3310: 2959,1022,3979,2540
3311: 
3312: 3357,3048
3313: 2213,633,1949
3314: 4587,3484
4740: 1272,3225,1788,131
3316: 3035,2568,4816,600,4123,3019
3317: 
3318: 1815,1741,3884,3958
3319: 1935,4477,792
3320: 2590,4467
3321: 2338
3322: 1385,2914,4575,2057
4236: 4657
3324: 3953
3325: 3051,1622,1065,3476
3326: 481,1270,4628,3815
3327: 3671,3221,961
3328: 2734,3169,2853,1113
4412: 2084
3330: 
4116: 1474,727,4211,1993
3332: 2190,3360,762
4164: 
4167: 
3335: 1224,267
4533: 3359,3250,2507,3503,4535
4694: 2320,758
3338: 592,1257,3575,2793,1854
3339: 4589,3875,4285,3156
3340: 1489
3341: 1390,1905,2566,4526
3342: 2995,1385,2914
3343: 3044,950,2254,942
3344: 2434,1360
3345: 4411
4742: 587,4423,851
3347: 4183,598,4009
4386: 3514,2337,2399
3349: 2553,3478,1957,365,4733
3350: 4663,4218,2771
3351: 402,3728,189
3352: 1358
3353: 1677,4640,2408,4576
3354: 4269
4078: 2536,217,334,4377
3356: 3634
3357: 48,4428,3312,3048
3358: 2279,2004,2403
3359: 3250,4533,4535,2492,2514,689
3360: 2190,3332,993
4536: 1503,157,4329
3362: 353,4342
3363: 1890,4404
3364: 1817
3365: 4422,3960
3366: 214,151,4157,3148
3367: 4635,2824,2622
3368: 3078,1220,1709,4764,986
3369: 3752,126
3370: 1146,1875,3298,4671,3408
3371: 2354,448
3372: 705,3822,1722,1619,4343
3373: 
3374: 2175,3795,3760
3375: 374,2268
3376: 630,2502,2220
3377: 2306,2500,2864,529
3378: 2297
3379: 4058,3279
4687: 376
3381: 2197,4105,1932
3382: 395
3383: 488,2946
3384: 
3385: 
4714: 216,3919,2782,3245
3387: 327
3388: 2354
3389: 979,2333
4213: 143,496,4379,1076,3801
3391: 2245,2908,2419,2792,1324
3392: 615,3471,4170,3512
3393: 2430,82
3394: 141,252,4727
3395: 4481,937,1789,26
3396: 128,4743,2899,2703,3542,781
3397: 1627
3398: 996,1614,4543
3399: 
4291: 3968,1411,3052,4061
3401: 4749,288
3402: 4404,824,3823,1834
3403: 4649,2114
3404: 2399,2508
3405: 865,2495,4198
3406: 2397
4755: 187,3276
3408: 1451,3253,3370
3409: 4556,4046,2055
3410: 1369,4641
3411: 256,3055,848,3166,4793
3412: 905,1952,3068,777
3413: 2882,2913,4427,4683
4606: 1456,662,4266
3415: 1375,2655
3416: 4791,3989,1321,4200
3417: 163,3014,2648,2953
3418: 401
3419: 226,4463,1735,2384
3420: 1139,1197
3421: 
3422: 4371,2991,4065,4196,2455
4149: 3530,4680,2788,569,424
3424: 1228,4094,455
3425: 
4750: 1950,1405,4775
3427: 
3428: 999,3564
3429: 3970
3430: 765
3431: 3189,2255,3718
3432: 4185,2209
3433: 1364
3434: 896,265,3192
3435: 208,1755
4256: 3148,1591,2582,4289
4816: 4420,600,3584,4306,1033,3316,4123,3019,2610,611,1636
3438: 4125,2266,3524,1289
4598: 628,2657,1294,4427
3440: 955,869,881
3441: 
3442: 
3443: 2754,3986,3581
3444: 2242,686
3445: 2232,2798
3446: 2278,285
3447: 1796,522,4215
3448: 1464
3449: 4156
3450: 2790,4706
3451: 2736,2865
4603: 553,2098,3972,4557,2603
3453: 728
3454: 46,4109,1078,4762
3455: 1491,1851,3523,1760
3456: 1485,3712,1796,3280,1070
3457: 961,852,3990
3458: 1461,1816,4064
3459: 1548
3460: 2967,1958,823,3754
3461: 4589,2129,939
3462: 331
3463: 2447,159
4578: 2456
3465: 3799,4464,1540
3466: 2993,563
3467: 
3468: 3771,2051,2919,1883
3469: 
3470: 1844,2850,2178
3471: 615,3392,4170,2568
3472: 4485,4601,2198,4157
3473: 4811,1686
3474: 3061,2055,354
3475: 2521,1241,3545,3044
3476: 3325,1888
4821: 4481,4138,2915,1992,26
3478: 2888,2553,3349,1957,365
3479: 2941,922,1072
3480: 939,3975
3481: 3098,59,3137
3482: 771
4379: 4668,4517,2630,3801,4213
3484: 2241,2572,3314
3485: 2712,2883
3486: 4564,4619
3487: 2919,399,695,2359
3488: 3746,2535
3489: 1902
3490: 1757,3933,2980
3491: 3276,4095
3492: 4655,1943,699
3493: 2582,4787,3623
3494: 2996,4166,2112,2785,2409
4758: 3623,4646,3144,4787,2500
3496: 4643,887,4258,1123,2714
3497: 4118,832
3498: 2486,4774
3499: 4637,2744,282
4478: 
4375: 1562,2526,4071
3502: 614
3503: 4780,2144,3250,4533,2507
3504: 2602,1285
3505: 2534
3506: 1805
4459: 2761,3057
3508: 4103,3883,235
3509: 2679,1281,1521
3510: 4656,363,4396
3511: 3539,227,883
3512: 4170,921,4428,3392
3513: 3263,1150,4184
3514: 4386,2669,270,4093,4617
3515: 452,3117,1196
3516: 1237
3517: 2295,1767,1192,4141
4388: 1351,4787,1898
3519: 2819,7,3933
3520: 2661
3521: 4736,514
3522: 547,168,3618,783
3523: 4688,1760,3455,1851
3524: 2442,4339,2266,3438,1289
3525: 817,3926,4789
3526: 1688,1632,190
3527: 4784
3528: 2183
3529: 
3530: 4149,4680,2969,2629,2788
3531: 3617,166,4151
3532: 
3533: 1479,4096,80,3111
3534: 107,2563,49
3535: 
3536: 2209,4403,4185,599,4503
3537: 1815,1741,2831,363,3193,3252
4327: 2982,2382,2689
3539: 3511,227,883,2417,1295
3540: 1899,1798
3541: 1050,2450,1197,3562
3542: 2703,3396,2899
3543: 487,1225,1822,294
3544: 866
3545: 4719,2187,3044,3475
3546: 3612,55
3547: 3615,3890
3548: 744,616,1218,1270,4032,4628
3549: 3802,2649,2366,1590
3550: 3290,4193,2928
3551: 4169,946,174
3552: 3916,583,803
3553: 1276,924,3830,4796
3554: 1483,4813
3555: 2244,4788
4440: 3693,4121,2416,1750
3557: 2384,3980
3558: 1374,2375
3559: 3640,2922,586
3560: 890,1424,3052,435
4668: 4517,1383,4379
3562: 3541
3563: 
3564: 3428,1437
3565: 1018,607,3838
3566: 1785,3117
3567: 4768,4818,3067
3568: 
3569: 3909,1066,1235
4431: 844,1561
3571: 3820,4274,675,252
3572: 3927,4040
3573: 934,2816,3000
4467: 3320
3575: 4713,592,3338,4622,2793
3576: 977,347
3577: 2209,4403,4442,4773
3578: 61,2909,241,205
3579: 2993
3580: 1570
3581: 879,4727,2754,3443,558
3582: 1993,4050,1063,1185,3849
3583: 3654,1944,4274
3584: 4306,1033,4816
3585: 2740,1693,2776
3586: 2984,2894
3587: 3934,4261,1219,3893
3588: 93,1360
3589: 1082,1954
3590: 
3591: 2827,4720,2950,2901
3592: 1816,1141,4064
3593: 311,1631,3953
4803: 419,2714,1676,494,1103,4643,952,1558,4724,3200
3595: 243,4566,4786
4385: 1646,4389,947,3794
3597: 4785,4532,4037,3806
3598: 3658
3599: 1894,1158
3600: 732
3601: 816,3612,4616,4438,1927
3602: 2939,4818
3603: 2213,633,438,3792
3604: 1687
3605: 2678,2917,1342
3606: 4770,4192,147
3607: 673,965,2659,2392,3981,975
4183: 515,4775,3347,4009
3609: 2831,363,2369,3704
3610: 3830,2908,2272,4796
3611: 4786,1826
3612: 3601,816,3271,3546
3613: 
3614: 
3615: 3547
3616: 718,2269
3617: 3531,166,344,2477,473
3618: 4360,2221,547,3522,783
4582: 1470,226,3639,1735
3620: 2379,4143,369,3952
3621: 1843,523,990,321,542
3622: 
3623: 4456,4758,2582,3493,4289
3624: 4454
3625: 2286,1765,4322
3626: 2186,4501,4311
3627: 
4101: 987,1833,4470,2746
3629: 1758,2935,1725
3630: 2618,1153,2152
3631: 184,2491
3632: 1018,712
3633: 3798,2142
3634: 3356,3179,2742
3635: 
4673: 591
3637: 1394,1170,2319,3856,1267
3638: 4240,526,582,2036
3639: 226,3277,4582
3640: 3559,3657,4457,4102
3641: 4409
4546: 
3643: 2321,571,3720,140
4508: 1157,227
3645: 2639,2413
3646: 2495,2318,2563,107
3647: 1260,3234,899
3648: 
3649: 3737,1950,1556,1944,3297
3650: 1619,2670,1732
3651: 
3652: 
3653: 3294,1436,2854,1351,4787
3654: 3583,1944,1405,357
3655: 2890,4793,2752
3656: 2932,3007
3657: 4140,2545,4457,4102,3640
3658: 3598
3659: 783,3180,4708
4688: 3523,1809,1760,2677
3661: 
3662: 
3663: 784
3664: 
3665: 3915,614
3666: 318
3667: 3233,2825,4161
4462: 1965,2256,4444,838,826
3669: 1434,1609,4641,1685
4199: 4086,4122
3671: 3327,1977,3124
3672: 
3673: 4572
3674: 2002,4569
3675: 1825,1716
3676: 1370
3677: 2225,469,1637,3202,1436
3678: 
3679: 
4619: 4564,3486
3681: 2510,3051,1622
3682: 4036
3683: 932,4022
3684: 2693,2590
3685: 3881,3171,99,1973,4112,390
3686: 2810,3145
3687: 4184,624
3688: 3741,2172
3689: 502,4059,627
3690: 922,1072,1412,2110
3691: 
3692: 3765,220
3693: 4440,1684,3935
4263: 1414,1980,3714,965,2659
3695: 1142,1976,4392
3696: 703,4820
4692: 4376,3832
4588: 466,4174,4754,4023
3699: 273,4082
3700: 996
4751: 1189,1042,517
3702: 894,551,354
3703: 3939,4255,1895
3704: 408,4396,2369,363,3609
3705: 3289,3255,1778,3036
3706: 615,22,2660
3707: 1723
3708: 2318,1471,1175,1198,943
3709: 2961,4646,3144,521
3710: 3071,408,4396
3711: 2390,4011,2196
3712: 1485,3456
3713: 1333
3714: 1980,4384,198,4263,1414,965
3715: 2350,3873,2359,1738,2062,1794
3716: 27,3301,4085,2372,3762,345
3717: 
3718: 90,3431
3719: 4685,3076,893
3720: 2321,3643,140,138
3721: 
3722: 319,421,3087,1040
3723: 1738,2748,2670,1972
3724: 2166,4336
3725: 31,1407
4601: 1756,3472,2198
3727: 2133,1198,2697
3728: 904,3351,4548,4524,4209
3729: 2282,595
3730: 1323,765,897
3731: 709,1678,1190,2819,973
3732: 3201,2456,978,1874
3733: 1312,4658
3734: 1441,4705,4391,2549
4800: 1096
4435: 2082,2147
3737: 3649,1507,69,3297
3738: 3140,2092
3739: 2743
4156: 2550,3449
3741: 3688,1744
3742: 
3743: 667,2156,396,806
3744: 2606,2594,3034
4620: 
3746: 3488,2535
3747: 72,4711,2155
3748: 
3749: 4630,827,2116
3750: 962,221,1677,4272
3751: 2518,2789,1629,4767,1352,3040
3752: 3369
3753: 940,1463,4439,1352
3754: 823,3460,1341
3755: 2690,1211,2730,3284
4574: 1715,1034,2127,4147
3757: 2651
4251: 135,4363,411
4274: 491,3583,3571,675,252
3760: 1844,177,3795,3374
3761: 771
3762: 4143,4085,3716,345,1678
3763: 2593
3764: 1435,972
3765: 3692
3766: 723,1174,2280,2100
4200: 1947,3416
3768: 2191,2635,3199,2101,1520
3769: 438,2603,553,3185
4497: 3242,4453
3771: 3468,2051,2496
3772: 
3773: 2727
4401: 3279,1764,1665
3775: 1973,144,3881,3191
4085: 2372,3716,4143,3762
3777: 1927,2850,4351,3271
3778: 533,3165
3779: 3266,1318,323
3780: 2455,1856,4496,4065
3781: 3042,2636,1074,1161
4218: 4698,2797,3350
3783: 1210
3784: 694,1282,1162
3785: 775,2730,4682,4531,2690
4180: 1940,1268,210,941,1754
4173: 3067,4818,2066,1824
3788: 17,2120,3108,2357
3789: 
3790: 3980
3791: 
3792: 1575,2213,3603
4513: 2444,2704,1271,2738
3794: 1743,4385,1646,2698
3795: 2175,3374,1062,1016,1870,3760
4704: 4361,2014
3797: 2994,370
3798: 3633,2142,1795,1242
3799: 4464,3465,1540,3153,3079
3800: 4005,671,4769,904,4524,2230
3801: 2017,1076,4517,4379,4213
3802: 3549,2649,2366
3803: 4644,2441
3804: 3295,1237
3805: 4669
3806: 342,3597
4531: 4703,2926,4682,605,3785,2690
3808: 3152,516,4648
3809: 2088,4702
3810: 3121,179
3811: 177,1062
3812: 460,4123,1636
3813: 
4161: 2021,3667,3233,3042,2636
3815: 4628,3326
4609: 4791,3948,606,331,2404,3204
3817: 2896,4352,1569,1953
3818: 2606,3958,1815,3193,160
3819: 841
3820: 3571,3297,4134,675
3821: 4426,2625,2911,772
3822: 3372,2004
3823: 1834,3402
3824: 1925,403,4091,431
3825: 2515,976,4186,2386,4130
3826: 3204,4600,694,1638
3827: 4471
3828: 2453
3829: 2629,2665,1394,3240,4680
3830: 3610,3553,2272,4796
3831: 2662
3832: 4692,4376
3833: 1160,1658,1096,588
3834: 1303,4084,71
3835: 
3836: 2941,3066,1023,4667
3837: 955,1963,3162
3838: 2620,3565,1682
4655: 3492,1943,1550
3840: 1379
3841: 2210
4438: 3230,1891,247,3601,816
3843: 2846
3844: 2347,2327,1980,4384,1090,1522
3845: 1398,2200,2019,3226
3846: 4343,518,705,2279
3847: 
3848: 4819
3849: 305,2078,1397,3582
4557: 3972,2098,3214,4603
3851: 1418,4151,2637,3870,3074,1563
3852: 948,1469
3853: 
3854: 1230,1514,2698
3855: 871,2878,2571,111,4178
3856: 1267,2543,2319,3637
3857: 3157
3858: 2625,2911
3859: 1746,1429,1914,2132
3860: 2660,0,1999,4420,600
3861: 2842,1105,2619
3862: 3015,4304
4587: 3314,66
3864: 3990,4104
3865: 2842,1574,1286
3866: 2929,1934
3867: 1923
4768: 3567,3125
3869: 2697,2277,4002,2760,943
3870: 984,3069,3074,3851
3871: 3254
4081: 986,1171,3229
3873: 2350,3715,1794
3874: 4004,2469,93
3875: 4589,2129,3339,3959
3876: 4317,3146,3093
4140: 3657,2108,576,584
3878: 2061,2561
4798: 1470,4599,1908
3880: 732,2725
3881: 1583,3685,1973,3775
3882: 4207,1649
3883: 150,4041,3508
3884: 122,3318
4321: 3093
3886: 3227,1395,3138,319,421
3887: 1148,1976,2103
3888: 4072,1065
3889: 3242,3304,2010,1137
3890: 3547
4203: 1047,1077
3892: 2554,2729
3893: 2656,3587
3894: 3125,4818,3067
3895: 
4127: 2059,2418
3897: 77,3959,1496,338,4538,459,2646
4782: 4466
3899: 4535,836,3901,3250
3900: 4082
3901: 4267,2783,2643,3899
3902: 126
3903: 184,1348,3137
3904: 
3905: 4778,1621,2381,1777
3906: 1682,4794
3907: 2269
3908: 156,3981,3955,2364
3909: 3569,1066,2693,1409
3910: 1067,2199,4725
3911: 1926
3912: 383,67
4770: 3606,1480,2182
3914: 979,4618
3915: 1250,3665,1903
3916: 3552,583,803,2741
3917: 797,4775,515
4793: 256,3055,3411,3655,890,1013,2752,2104
3919: 2782,4714,2580,1259
3920: 925
3921: 1967,4233
3922: 1091,4775,182
4696: 
4179: 1772,2438
4201: 656,4760,4795,2035
3926: 817,3525,2573,2393
3927: 3572,3274
3928: 1964,4808,2824,2978,4660
3929: 917,4633,4554,4416
4128: 3138,4038,4596
3931: 1231,3258
3932: 1810
3933: 3490,3519
3934: 3587,4261,3181
3935: 839,3693
3936: 422,3218
3937: 2394,1487,3004,4359
4808: 3928,4660
3939: 3703,1064,4255
3940: 2764
3941: 2734,933,1388,4665,446,1995
4519: 2923,37
3943: 
3944: 4182,2074,2650
4746: 1116,4212,2723
3946: 2242
3947: 
3948: 4791,606,4609,1498
3949: 743
4285: 4589,3339,2249,1648
3951: 69,739,2137,503
3952: 3170,369,3620
3953: 2018,3593,3324
3954: 1131,1115,2315
3955: 4626,3908
3956: 1020,1763,4139
3957: 2826,1376,2119,1205
3958: 1815,3318,3818
3959: 77,3897,1496,3875
3960: 1698,2226,3365
3961: 1021,3070,1552
3962: 4576,2562,1395,4272
3963: 
3964: 429,974,2401,2167
3965: 1239
4701: 882,1826,2874,2063
3967: 1968,271,1313
3968: 4291,1411,4306,1033
3969: 2278,285
3970: 2050,3429,2645,1823
3971: 4566,3222,2358
3972: 4557,4603,2603
3973: 1512,4021
3974: 2353,2654,1875,3253,1206
3975: 2922,2715,971,3480
3976: 1810,2106,4216,4255
3977: 248,1384,2369,2170
3978: 4212,2002
3979: 16,1613,2959,3310,2540
3980: 3790,1162,3557,2384
3981: 13,729,3908,156,965,3607
3982: 4141
3983: 2746,4801,2811,4119,4345
3984: 1838
3985: 1486,1806
3986: 303,4009,3443
3987: 4505,334,4447
3988: 18,988,4045,2427
3989: 2149,1321,4791,3416
3990: 3864,3457,961,2534
3991: 4614
3992: 356
3993: 1697,1438,4297,2893
4765: 4091,260,2430,2207
4328: 
4357: 246,1859
4656: 3510,3252,363
3998: 
3999: 2395,2103,367
4000: 2104,2286,2065
4001: 1529,133,2963,1081,4053
4002: 2760,4406,3869,943,2794
4003: 4766,1289,1432
4004: 3874,306
4005: 671,3800,2230
4006: 336
4007: 4763,2985
4681: 2412
4009: 303,598,3347,4183,3986
4563: 2909
4011: 3711,2390
4012: 1610
4177: 966
4014: 92,2855,4039
4015: 2761,1987,163,3014
4247: 1832
4017: 563,810
4018: 4489,1890,756
4019: 795,668,3268,1664
4020: 4650,1584,1530,4778,1621
4021: 621,3160,3973
4022: 3683
4023: 246,4588,4754
4523: 
4729: 559
4026: 
4027: 1316,968,1506,2589
4635: 3367,2824,1964,2395
4364: 4034,781
4409: 3641,2378,257,4558,1792
4031: 908
4032: 1270,1873,616,3548
4316: 2310,4207
4034: 4364,781,2402
4035: 
4036: 3682,579,217,1941
4037: 3597,4532,1824
4038: 4128,421,1413
4039: 4014,1695
4040: 3572
4041: 3883,150
4042: 1463,4439
4771: 1962
4689: 4511,2579
4045: 3988,1318,3266,4334
4046: 4556,3409,1956,161
4047: 425,101
4095: 2124,3114,3491,1899
4049: 2825,2028,2615
4050: 1063,3582,1185,1649
4051: 1326,2962,1203
4052: 4056
4053: 1576,2069,4079,1529,4001
4054: 2656,3302,2828,4530,807
4055: 4761,2231,1059
4056: 2548,4052,236
4057: 905,4406
4058: 3379,2189,3279
4059: 627,502,3689
4060: 1644,2591
4061: 3052,1594,4291
4801: 2356,284,2406,2052,2746,3983,2811,831
4063: 1272
4064: 3592,1141,3458
4065: 3422,2991,3780,2455,898
4066: 4484,2341,3168
4067: 1792,4463
4068: 2008