0: 173,832,3935,752
1: 137,3062,483
2: 2909
3: 1328,4484,3437
4: 2577
5: 3583
6: 763,355
7: 3978,3625,741
8: 520,1248
9: 1175,1196,2233
10: 4381,2866,4792,1948,3412
11: 2108,2970,424,4055
12: 3974,3550,1240,402
13: 489,581,916,4291
14: 3331,4405,517,1314
15: 2012,2479,792,4119
16: 3518,3635,938,3751,4064,656
17: 2211,738
18: 190,4659,1588,3259,2773
19: 2437,3819,4747,2638
4334: 3794,1780,1112,4438,3836
4820: 3145,4732,2548
22: 1981,1757,1499
23: 2743,644
24: 3743,3092
25: 2746,2852,4259,1905,3996
26: 3882,3483,4371,3993
4624: 96,1863
4800: 2276,4315,2937,3006,276
29: 
30: 32,2487,2835
31: 1838,1999,3981,1617
32: 30,2487,1342,3239,3984
33: 3413,1599,1526
4767: 4770,2702
35: 2424,2442,1956,2650
36: 2200,787,3271
37: 2425
38: 3760,622,360
39: 2438,1728,2933,2244
40: 1972,1215,3737,843,3110,174
41: 1986,2339,501,1958
42: 3602
43: 2557,3134
44: 1746
45: 1050
46: 4654,1107,2177
4592: 4275,3895,716
48: 655,2094,1176,2464,4583
49: 3930,1534
50: 518,1697,2262
51: 
4591: 4135,3534,2769,4605
53: 1127,1074,4586
4341: 4535,2415,3065
55: 4803,1112,1228,2629,3855
56: 
57: 3623,2961,1950,1436
58: 4337,1091,4048,3951,3284,2770
59: 202,4304,4781,1805,2449
60: 3651,3515,809,4288
61: 1407
62: 4502,1603,1683,4780
4773: 1262,3674,3012,2839,4526
64: 3028,947,4244,3545,1579
65: 958,3608,2075,155,4629
66: 411,3314,2949,227,915,303
67: 509,1581,1973
68: 3057,2336,3873,2885
69: 2623,3649,643,3687
70: 1578
71: 3677,788
4380: 990,309,4143
73: 2288,1650,3029,121
74: 4001,4512
75: 2442,1956,694,740,1440
76: 1070,2537
4668: 845
4721: 4045,4666
79: 1953,4522
80: 2453
4609: 620,547,3879,3241
82: 2404,986
83: 2457,1543,1857,1692,1485,1261
84: 
85: 1938,4085
86: 3985,113,1492,4030,1084,3564
87: 2007
88: 2436,587,1922,414,4079
89: 493,3178
90: 3662,4782,2519
4709: 3564,4094,3169,1277,1249
92: 4711,1184,3074,2421
93: 1829,435,2105
94: 1472,934
95: 4572,4081
96: 3368,4624
4640: 1211,1794,3347,2959
98: 1449,3252,2224
99: 3800,4589,1134,2857,1600
100: 1967,1750,2256,4440,213
101: 3794,1780,628,2715,4351,1819
4468: 4245,3122,3396
103: 2651
104: 
105: 4511,2294
106: 796,3162,1298,1214
107: 2627,2922,1475,2279,1040,673
108: 1049,3379,2842,3845
109: 4704
110: 1031,962,2508,832
111: 3374,344,3016
112: 3949,3834,2700,405,158
113: 86,1492,984,352,1084
114: 
115: 3748
116: 
117: 4519,1192
118: 3509,2010,2624,2064,4466
119: 3684
120: 2893,1075
121: 4778,73,1650,3213
122: 4039,397,3521
123: 4109,2595,4427
4365: 430,3078,4433
125: 1458,4461,2833,1540,1594
126: 841,3711,238,4347
4652: 661
128: 3034,776
129: 3159,4730
130: 4677,2518,4760
4811: 3062,4425
132: 
4280: 3968,857,1086,922,2528
134: 1297,1423,2478,2459
135: 3299,1742,3176
136: 3894,1509
137: 1,483,398
138: 2482
139: 
140: 3334,2726,2583
141: 381,934
4661: 1983
143: 4072,2503,679,551,2369
144: 3669,3674,3883,2736,173,832
145: 2647,4187,2452
146: 
147: 4068
148: 3699
149: 2107,1825
150: 1731,3547,1751
151: 764
152: 4304,218,3542
153: 1629,1647,3480,1879
154: 324,2591,4612
155: 4629,958,65,2995
4683: 3811,4720,1806
157: 1969,4734,1503,1957,2820
158: 405,1108,3949,112
159: 2109,1160,794
160: 774,4587,513,1352
161: 3188,2746,4359
4511: 105,2294
163: 978,769,2364
164: 1753,2778
165: 2439,4297,4095,1329,1402
166: 3434,4637,1074
167: 3047,366,4357,1795
168: 751,3940,864,1268
169: 2653,2134,3493
170: 1898,774,1352
171: 
172: 2077,2384,383,3172
173: 832,0,2736,144,3883
174: 1769,40,1215
175: 2106
176: 3999
177: 1704,3315,685
178: 
179: 3352
180: 
181: 909
182: 1563,1243,3136,4518
183: 1009,3414,3144,1898,1448,4750
184: 4016,2704,2341
185: 
186: 1340,3937,2565
4776: 4501,979,1627,3129
188: 2958,3755,292,2480,3451
4684: 1489,1221,2287
190: 4659,2787,18,1588
191: 3429,2835,3197
192: 2236
193: 
194: 
195: 1473,2989,2095
196: 1890,786,4167,650
197: 377,2923,1592
198: 4343,3109
199: 1975,2983,2829
200: 729,456,2562,1354,588
201: 4563,236,220,458
202: 59,3521,944
203: 1239,2396,2720
4598: 3591,3546,2558,2950
205: 2222,714,3762
206: 1644
4405: 3331,14,1893
208: 
209: 321,4580,492,3217
210: 4009,2208,2206
211: 4104
212: 3825,2989,2225,3132,1473
213: 2401,100
214: 1974,4451,2868,4201
4651: 1998,3677,1992
4483: 822
217: 2133,1022,580
218: 3837,152
219: 4241,2682,2641
220: 2567,236,201,458
221: 3484,3640,3766,1346,3359,1600
222: 995,3914,2112,3400
223: 3799,2669,579
224: 3396,3023
4232: 2509
4606: 3680,4581
227: 2949,2878,2707,3314,66
228: 3733
229: 1086,1327,2272,1412
230: 4679,1814
231: 
232: 3806,504,1874,4006,4751
233: 
234: 1682,3300,3536
235: 2979,4485
236: 4563,201,220
237: 1259,3443,1468,4646
238: 3843,4347,126
239: 2672,2918,1856,3138,3734,3297
240: 3445
241: 4756,264,3593,4555
242: 3035,1678,541,4751,1517
243: 2328,3779,3343
244: 1909,2229,2277,4655
4512: 4001,74
246: 3888,1405,1769,2078
4790: 2589,1209,3919,1026
248: 4013
249: 3282,1439,3060
250: 3699,2708,4454
251: 1279
252: 879,3394
253: 2546,2654,4146,2614
254: 1651,1062,4725,3976
255: 1638,766,3955,4371,1276,4705
256: 449,3625,3978
257: 4276,4822
258: 3898,3048,1609,921,2399
259: 867,4423
260: 2557,4706,741
261: 1828
262: 2971,1024,778
263: 2817,2773,4659,4803,1228,4438
264: 4756,241,2951,2684,992
265: 1791,4293,2914,2145
266: 1071,2556,4813,3072
4734: 1969,157,1972,1139,3667
4256: 2038,3337,2500,3749,4031
269: 1030,3556,2611
270: 3267,2456,1165,1008,3139
271: 2083,4091,2404
272: 1657,3700,3097,660
273: 1334,2148,745,1357
274: 1404,3258,803,384
275: 
276: 2937,4800
277: 2486,3026,1936
278: 2375,3938,739,1965,3896
4654: 46,1107,3711
280: 795,1513
281: 2714,603,1764
282: 845,904,1227,3149
283: 689
284: 4289,4727,4801,894
285: 4560,4590,1095
286: 
287: 499
4491: 416,3473,4084
289: 725,4475,1704,2851,3315
290: 4036,402,1418,1583,2596
291: 
292: 956,4207,3709,188
293: 
294: 4805,4390,4492,929
295: 2548,4008,1627
296: 3664,368,1725,3165
297: 319,3875,922
4582: 4249,4706,3166
299: 1219,1292,4745
300: 2563,917
301: 3316,1179,1310,756
4595: 4183,4337,1091,4451,4101
303: 3447,915,2949,1028,66
304: 4196
305: 307,3702,4450,793
306: 2902,4336
307: 3702,305,1877,3571
308: 998,1097,4541,2472
309: 990,4380,3698
4805: 294,4390,4492,3169,1249,1240,688
311: 4307,4772,2465,1001
312: 2506,1190,1959,2378
313: 2679,3305,1294
4642: 3073,3375
315: 2604,532
316: 1116,365,1459,1840,1031
317: 3299,3975,3176,1023,1842
318: 2610
319: 297,3962
320: 
321: 921,709,209,492,3217
322: 3003,3463,2647,4711
323: 4241,1928,3108
324: 154
325: 
326: 3703,2844
327: 1213
328: 4537,1560,4150
4374: 2324,1693
330: 3437
331: 1126,3916,4231
4413: 1429,2028
333: 894,961,3996
334: 2696,2574,1874
4662: 1038,3736,2423,4506
4625: 4215,845,576
337: 2643
338: 1176,2691
339: 4671,408,3646,2869
4612: 2591,776,154
341: 2800,3573,1545
342: 3894,3196
343: 3776,3279,3367
344: 722,1482,3854,4728,111
345: 3874,3140,4061
4486: 2889,1068
347: 3516,3688,3652,1923
348: 1350,2387,3743
349: 3415,3037,3341,4003
350: 2605,3916,2987
351: 
352: 984,836,3269,113,1492
353: 2490,3190
354: 1032,864,1474,1896,3001
355: 6
356: 482,1232,1088,2766
357: 1476,3785,1410,3310
358: 3979,3816,4209
359: 1143,631
360: 2034,1608,38
361: 
4490: 1885,4239,2108,652,1606
363: 3209,2306,3478
364: 419,2319
365: 316,1116,1031
366: 3047,167,4357,3163
4384: 3832,658,1730
368: 296,1081,4474,1725
369: 1306,759
370: 435,4793,4283
4364: 938,4064,3002,1756
372: 2130,2758,4636
4447: 4428,1803
374: 3718,787,2187,4670,4053
375: 2607,484,1432,2823,1638,4074
376: 
377: 197,2923,1592
378: 648,1278,1092
4580: 3607,4296,209
380: 1528,1223,3042
381: 141,3000,4114
382: 899
383: 2384,4588,172,2077
384: 562,274,1155
385: 774,4192,3365
386: 
387: 3551,4359,4821,2326
388: 
389: 2808,3863
390: 3543,2117,2660,4258
391: 4284,1110
4605: 891,4238,4591,3534
4403: 3104,2453
394: 4603,2622,3808
4267: 3566,3456,2109
396: 1845,450,4764,635
397: 4039,122,3521,3613
398: 3277,3921,137
399: 654,503,3669,4526
400: 617,3254
401: 3489,1777,2033
402: 290,3550,2600,1583,12
403: 2617,660,422
404: 2858,1165,2941,3822,4272
405: 976,1108,2700,112,158
406: 2318
407: 1083,1256,1245,2608
408: 954,4671,339,2514,2869,1653
409: 
410: 3004,2195
411: 3314,66,2329,915,1715,3839
412: 2740
413: 2902,3520
414: 4058,1922,2436,88
415: 655,4093
416: 2718,3473,4084,4491
417: 2549,4399,2744
418: 2534,2943
419: 4497,4217,507,2593,364
420: 1006,2474,3753
4533: 1663,4146,2756
422: 606,4062,4777,403
4722: 1983,1521
424: 1230,2970,4308,11
425: 
426: 572,4672,3399,1430
427: 1974,4201
428: 766,2072,4626,2823
429: 3530,2497,3156
430: 4365,3078
431: 1635,1774,460
432: 4155,2786,2174,1793,4151
4713: 3987,4622,3584,3392,3607
434: 
435: 370,4793,93
436: 3303,4063,1869,2409,1122,4768
437: 765,1385,2148
4233: 4452,4460
439: 801
440: 2114,1642,1384
441: 2917
442: 738
443: 4266,3767
444: 1895,3525,1138,2257
445: 2363
446: 4726,4221,3155,3930
447: 4225,2968,878
448: 3336
449: 2610,256
450: 396,1845,4764,1362
4740: 3844,4078
452: 3503
453: 2481,1488,2119
4733: 4049,3408,2280
455: 2850,3167,3941,4362
456: 1191,729,200,1380,1354,588,4005
457: 2500,1296
458: 4000,1349,201,220
459: 1034,4118,3886,3153
460: 2067,431,1635
4665: 2770,3071,3608
4450: 3702,305,793,1433
463: 3638
464: 1274,2380
4451: 4101,2868,4595,214
466: 4409,2520,3780,1005,4180
467: 
468: 4020,4441,2980
469: 3294,4637,4209,3839
470: 
471: 4327,3660
472: 4507
473: 4221,3531,2635
474: 3325,4041
475: 2678,1570,1636
476: 1360,3032
4337: 58,1091,3951,2770,4595,4183,1933
4596: 4272,1445,1119,1455
479: 2136,4006
480: 3751,2385
481: 876,3998,4754,1260
482: 356,1232,1088,3486,2905
483: 137,1
484: 2607,375,2072,2813,2823
485: 842
486: 1573
4574: 777,1295,818,4809,1175
488: 806
489: 2871,13,4291
490: 4656,4363,3251,4439,2826,4714
491: 1851,1993,4548,1016
492: 3217,321,709,209,3411
493: 89,2958
494: 817,3210,4618
495: 4735,2251
4510: 4314,4138,4301
497: 1896,1637,2374
498: 2552,550
499: 287,985
500: 3680,682,1186
501: 4498,2831,3081,41
502: 2084
503: 399,2566,4494
504: 232,3806,2422
505: 3557,858,518,895
506: 3734,4623
507: 4217,419,2593
508: 757,827,3671,2055,4581,4130
509: 67,597,1687
510: 4577,1083
511: 2600,1583,3727,1885
512: 3092
513: 1352,4587,3922,521,160
514: 923
515: 1640
516: 3863
517: 3732,14,3567
518: 858,50,2262,4091,3557,505
519: 1033,3014,1594,4741
520: 8,4681
521: 3922,1994,3576,4587,1243,513
522: 1857,3805,4561,4092
523: 672,2719,824
524: 
525: 2727
526: 1160,3796,1462
527: 1789,3993,2809,1968
528: 1375,2133,1856,3715
529: 3341,4750,3623,3322,3377
530: 3746,3267,2456,3391
531: 1054,3146
532: 3897,315,4079
533: 3904
534: 782
535: 
536: 709,2330,1593
537: 1979,4169
538: 3207
539: 
540: 1341,4381,2931
541: 3806,4017,4445,1517,242
542: 1890,786,4167
543: 1291,2446
544: 3787,4657,4560,4274
4410: 4718,674
4327: 471,3647,1220
547: 4096,620,4609,4106,3879,4634
548: 3080,1939,3547
549: 2394,4630
550: 4562,1079,498
551: 2369,143,3337,1799
552: 
553: 3664,3819,4474,4747
554: 
555: 1394,2783,1437,4262
556: 3620,3196,3184,1587
557: 1700,2838,4594
558: 3063,1390,561,3852,2748
559: 762,3695,4109
560: 2777
561: 558,3063,1582,4142
562: 384
563: 
564: 3115,4154,4037,4276,1382
565: 4316,2078,3524,2316,3325
566: 4509
4653: 803,1737,3482,1169,3258
568: 668,2750,4421,1032
569: 3997,3264,2452,2114
570: 3302,969,2039,1995
571: 
572: 426,4672,4160
573: 2660,2175,2125
574: 1984,910,4780,4502
4803: 2969,55,4659,263,1228
576: 1783,4215,4625,1906
4823: 2044,4766,2496,1524
578: 3641,1304
579: 853,3860,2561,223,4313
580: 4219,1720,1022,217
581: 2275,13,3191,615
582: 2016,3099
4699: 1137,1193
584: 1425,4141,1573,3323,914
585: 3244,2671,997
586: 2670,3775,2048,1493
587: 2436,88,3494
588: 2013,4005,1354,456,200,1380
589: 2211
590: 3979,4215,935,868
4397: 3418,2333,3560,3090
592: 824,4001
4466: 2064,1100,3662,118
594: 3243,718,3319,3188,961
595: 1753,2778
596: 
597: 4297,509,3600
4566: 2291
4770: 4767,4090,2578,2702
4383: 4663,3745,1245,4481
4570: 3373
602: 2042,1439
603: 2714,281,4241
4552: 2634,1135,2372
4531: 4360,3728,4222,2958
606: 422,4062,3522,1270
607: 3815,2947,4765
4514: 3381
4572: 95
610: 2477,4787,3149,2825
611: 2355,2633,1621
612: 4347,3421
613: 3853,3569
614: 1002,1815,1903
615: 3191,2952,4576,581
616: 4373,2784
617: 4620,946,400
618: 889,4230,1917,1945
619: 3661,3456,717
620: 4096,547,4609,3241,1880,4184
621: 
622: 3164,3959,3657,38
623: 4083,3332,2887,2644,2772
624: 
4276: 1382,257,564
626: 
627: 
628: 1780,4199,2698,2715,101
629: 831
4477: 4664,892,1710,4597
631: 2538,359
632: 1712
4679: 4718,230
634: 
635: 4425,396,4764
636: 4743
637: 
638: 
639: 3171,3836,4002,2344
640: 1449,1341,1372,2547
641: 
642: 1409,4695
643: 1880,3604,4184,69
644: 2743,23
645: 3157,1807
646: 3361,2886,2944,1423
4480: 4707,4791,3103,1624,1498
648: 3908,378,3125,1253,4697
4528: 
650: 1036,4594,2525,196
651: 2323
652: 2108,4490,1606
653: 4673,3360,1907
654: 399,3669,732,3938
655: 415,48,1068,1176
656: 2796,4064,1756,16
4245: 4468,3122,3818,1332,1099,2321
658: 838,2364,4384
659: 4417
660: 4777,272,2215,403
661: 4568,1244,4652
662: 3552,3764
663: 1341,1194,2794
664: 3250,1486,1477
665: 2188,955,3396,3122
666: 
667: 
668: 2750,2488,1861,568,4421
669: 3392,2037
670: 4116,3102,3723,4161,4455
671: 3447,915,4439,3665
672: 523,2288
673: 1218,2048,107,2627,1475,3195
674: 4410,4718,1370
4812: 1944,1781,1962
4530: 1837,3580,1368,3887,988
677: 2133,3287
678: 2655,2298,4616,2070
679: 4072,2503,143,1302,3137,2369
680: 2892,1502,1166,4309
681: 3088,1741,2722,2280,3816,4049
682: 3671,1387,3680,4130,500
4343: 198,1181,3109
684: 
685: 1386,177,3315,1106
686: 4793,1360
687: 1236
688: 4805,4390
689: 283,1658,985
690: 1846,2742
691: 4249
692: 3878,2392,1191,2426,1029
693: 
694: 1686,2852,4259,740,75
695: 1670,2947,2149
4347: 612,238,126
4720: 4683,3811,993
698: 3871,2930,3215
699: 4768,2561,3014
700: 2418,1826,4088
701: 3350,4182
702: 2908,2359,2129,1069,931,1104
4414: 4111,2761,3799,2542,3812
4377: 2019,4272
705: 3964,2619,3763,2613,1878
706: 3857,4419
707: 4470,2611
708: 3850,1849,1762,2175,2125
709: 321,921,2399,492,536
710: 1376,4586,1476,1622,3310
4589: 99,4551,1016
712: 2991,3838,1185,3522
713: 996,1973,4131,2766
714: 2222,205,3762
4669: 3517,4604,3947
716: 1344,3915,4592,3895
717: 4424,619,3334
718: 3243,594,3319,4775
719: 1723,1962,2097
4420: 2880,1430
721: 4568,3421
722: 344,1482,3854,4308
723: 3299,4332,3807
724: 764
725: 2151,4475,289,2851
726: 3794,1547,4086
727: 2888,3476
4571: 1501,4118,3886,846,3844
729: 1191,456,200,2392
730: 1695,1548,2831
731: 2093
732: 3669,3883,2375,3938,654
733: 838,770
734: 1268,4634,4636
4554: 2068,2604,4208
736: 4423,1665,1495
737: 2756,2775,1109
738: 1603,17,442
739: 278,2375,1145,4626,1965
740: 4359,2852,694,75
741: 3625,2557,260,7
742: 2878,785,1618,3884
743: 
744: 2877,3980,1926,2066
745: 2658,273,1357
746: 1963,4807,2667
4361: 2837
748: 1800
749: 3574
750: 3531,953,4235
751: 3649,3940,168,2750
752: 911,3935,2483,3198,0
753: 
754: 
4409: 2520,466,3780,4357,1795,1005
756: 1541,301,2880
757: 1359,1110,827,508,3671
758: 3040
759: 1306,369
4253: 1725,3676
761: 
762: 4340,559
763: 6
764: 724,151
765: 437,1309,1334
766: 428,255,2823,1638,3882,4371
4643: 1713,1949,4724
768: 3865
769: 3830,978,163
770: 733
771: 1082,2099,3064,4129,1038
772: 2474,1963,3192
773: 2505,1691
774: 160,385,1352,170
775: 1679,1503,4391,3709
776: 2591,4612,128
777: 4574,940,1295,4540,4809
778: 2904,3537,1024,262
779: 
780: 3605,3049
781: 
782: 835,534,1500
4753: 3688,4611,3516
784: 2321,3818
785: 2878,742,818,1618,913
786: 1890,542,196
787: 374,3718,4053,36
788: 4003,3677,3415,71
789: 3176,3200,2724
4340: 762,3856,4321
791: 2402,944,3744
792: 15,4119
793: 2779,305,4450,1694
794: 2273,159,3661
795: 280,4065,1359
796: 106,3162,3330,2848
797: 
4502: 1603,62,4780,574
799: 4111,3812,2355
800: 2183
801: 2282,1300,439
802: 875,4103,2706
803: 1115,4653,3258,274
804: 
805: 2186,1777
806: 488
807: 
808: 2522,4503,3106,1321
809: 2912,60,3651,4288
810: 1671,3666,4692,1829
4583: 2464,2759,1570,1869,48
4479: 3808,1855
813: 1514,4678,2850,3028,4244
814: 
815: 2341,1371,3015,923
816: 969,4737,3085,2039
817: 494,3210,4618,4615
818: 1775,4809,1618,4574,1175,785,913
4475: 2151,725,289,1704,2408
820: 4054,3629,2737,2065,4670,1727
821: 1202,3203,4647,3323
822: 1317,4483,2720,1239
823: 2944,2339,3663,1297,1423
824: 592,2719,523
825: 
826: 1276,4705,1722,2616
827: 757,1110,508,2055
828: 1264
829: 1317,3114
830: 3225,3694
831: 629
832: 173,0,2736,110,144
833: 
834: 3541
835: 782,3183
836: 352,3821
837: 3514,4330,1893,3410
838: 658,733
839: 1926,4444,4663,4481,3519
840: 1069,2168,2129,2303
841: 126,2965,3843,3648
842: 485,3528,2755
843: 3110,3105,40,3409
844: 2690
845: 282,4668,1227,4625,1562
846: 3962,4571,3496
847: 
848: 1654
849: 4694,2532
850: 
851: 2260,2624
852: 4084,3457
853: 579,3860,1122,2561,2409,4313
854: 3338,3387,2157,2193,3255
855: 
856: 1098,1154,1214
857: 3968,4280,2528,930
858: 518,876,505
4250: 4419,3931
860: 4085,1938,907,1630
861: 2909
862: 3397
863: 1791,4293,2340
864: 1474,354,168
865: 4627,3290,3333,2724,3747
866: 4814
867: 259,1102
868: 935,590
4433: 982,4365
870: 2689,4029,3123
871: 1206,953,4235
872: 4376,3234,2686,4437,2410
873: 1852,3192,4034,2474,3098
874: 4573,3471,3619,931
875: 2043,802,3645
876: 481,1735,858,2725
877: 1029,2872,3095
878: 2968,447
879: 2721,3394,252,1672
880: 2270,4108,3181,2648
881: 2432,2704
882: 3370,3068
883: 2546,2654,2457
4521: 2219
4794: 2631,1479,1440,3630
886: 951
4255: 
888: 3136
889: 618,4230,1945,3902,4789
890: 1621,1540,3316,2833
891: 4605,942
892: 1710,4477,4597
893: 
894: 333,284,4801,3555
895: 2725,2879,505,3422
896: 1508,2989,2095
4488: 3785,3966,4534,1441
898: 1611,3761,4200
899: 382
900: 4542,3722,1720
4695: 1409,642
4816: 3574
4264: 2902,4336
904: 4149,1227,2744,282,3149
4663: 4383,4481,2370,839
4808: 
907: 3639,860,2723,3846,1630
4671: 954,408,339,3646,4769
909: 181,3390
910: 574,1437,4780
911: 1145,3935,3372,752,3198
912: 3263,2095,3551,2690
913: 1952,818,1196,785
914: 3323,4044,1745,584,3353
915: 3447,671,303,2949,411,66,1715
916: 2691,4291,13,3621
917: 4608,300
4295: 2620,1150,4067
919: 2761,2200,3271,3889,4111
920: 
921: 321,2399,709,258,1609
922: 2528,297,3875,4280
923: 514,1371,815,1429
924: 3732
925: 
926: 
4636: 372,734
928: 
929: 1895,2257,4408,1146,294
930: 2528,857,3227,1909
931: 2350,1104,2129,4573,874,702
4544: 4147,1577,3195,4005
933: 4399,4426,2101,1206
934: 94,141
935: 4049,868,590
936: 1484,965,1722,1912
937: 1967,1750,1522,2607,1432
938: 3751,4064,4364,16
939: 1860,1520,3087,3480,1879
940: 777,3272,2352,4540
941: 4496,2049,2804
942: 2140,3930,891
943: 4559,3899
944: 3744,202,791
945: 1820
946: 3834,617
947: 64,3028,4678,1802
948: 1513,3056
949: 2402,2881,3892,3925
950: 1599
951: 2603,886
952: 4105
953: 3559,3531,750,4235,871,1206
954: 4671,408,2514
955: 3903,1332,665,3122
956: 292,4207,2480,3233
4656: 490,4363,1348,2354,4714
958: 65,3951,3608,155,1862,1933
959: 2063,2588,2173,2897,1676,2165
960: 1428,2694,1872,3570
961: 3188,3996,333,594
962: 110
963: 
964: 1265,4727
965: 1970,1836,2683,1484,936
966: 3010
967: 1876,3598,1446
968: 
969: 4737,816,2039,3266,1995,570
970: 
4321: 1907,4190,4340
972: 4558,1114,2051
973: 2325,4751,1678,4121
4607: 3811,1806
975: 3693,2284,4698,4584,2181
976: 405,1108,1363,4120,3111,2700
977: 3753,3741,4565,3396
978: 1721,163,1981,769
979: 1627,4776,3129
4714: 1348,2203,2354,490,4656
981: 995,3060
982: 4433,1652
983: 
984: 352,113,2934,1146
985: 1658,3594,689,499
986: 2404,3828,82
987: 1030,4485,3689
988: 2157,3887,4530,3802
4550: 3228,2414
990: 4380,309,4672
4501: 4776,3489,3129,1777
992: 2684,1774,264
993: 1486,4720
4809: 1775,818,1618,4540,4574,777
995: 981,222,3400
996: 713,1973,4131,1581
997: 585,2671
998: 4073,308,4541,2874
999: 2665,2248
1000: 3647,2067
1001: 3292,311,4307,3898
1002: 614
4525: 4355,3654,3174
1004: 4523,3340
1005: 4700,3100,4409,466
1006: 1453,420,3753,1848
1007: 4290
1008: 2167,3139,1165,270
1009: 3414,3144,3983,183
1010: 2621,1383,2312
1011: 1765,2218,4461
1012: 4723,4686
1013: 
1014: 2490,3928
1015: 
1016: 2477,4787,4551,4589,491
1017: 1143
1018: 2617,2533,2877
1019: 2697,3777,2392
1020: 2361,2493,2293,2640
1021: 2221
1022: 1720,217,580
1023: 2497,1842,317,3975
1024: 4240,2628,3537,778,262
1025: 3620,2338,2046
1026: 1209,4790
1027: 1557
1028: 2949,1598,3447,303
1029: 1788,2426,3722,877,4028,692,2872
1030: 269,987,3653,2611
1031: 1840,110,316,365
1032: 354,3001,2424,568
1033: 519,1594,1458,1607,4741
1034: 459,4118,3886,3759
1035: 
1036: 650,4594,2505
1037: 1332
1038: 4662,4129,3798,771
1039: 4543,2716
1040: 2279,3496,2003,107,2922
1041: 3824,4173,2494,4645
1042: 3513,4050
1043: 1646,4742,4701,3273
1044: 2882,4635
1045: 2393,1396,4163,2640,2361,4660
1046: 3051,2306,1127
1047: 1523
1048: 1082,1153,2373,4610
1049: 3112,108,2511,1312
1050: 45
4378: 
1052: 4785,2502,4822,4033
4487: 
1054: 3146,531
4316: 565,2078,3524,2985,3325
1056: 3569
4641: 2286,3762
4623: 506,4323
4290: 4107,1007
1060: 1386
1061: 2653,4436,3831
1062: 1087,1736,4725,3976,254
4313: 2409,579,853,1122
1064: 
1065: 1958,2170,3458,3366
1066: 
1067: 2100,1388,1577
1068: 2889,4486,655
1069: 840,2129,3746,2908,702
1070: 76
1071: 266
4704: 109
1073: 3185,2039,3972,1771
1074: 1376,4586,4637,166,53
1075: 120,1845
1076: 2001,2580,2841,3232
1077: 2134,1784
1078: 3595
1079: 550,4562,4440,1522,4746
1080: 3788,4724,1743,4234
1081: 2830,4658,4474,368
1082: 1048,771,1153,2099,4150
1083: 407,1245,510
1084: 4492,1146,86,113,4030,3564
4454: 250
1086: 229,3968,4280
1087: 1736,4434,1062,4725
1088: 356,482,2766,4131,3486
1089: 3529
4408: 2934,2257,1146,929
1091: 58,4337,4048,4595,3499
1092: 3628,378,1278,2732
1093: 4189,3140,4061,1823,1111
1094: 1942,2870
1095: 2926,4601,285,4560,4158
1096: 4151,1680,2000
1097: 3026,1911,2472,1936,308
1098: 856,1790
1099: 2321,1332,4090,4245
1100: 2064,4466,4045
1101: 1823,2242
1102: 867
1103: 3191,2853,2889,3603
1104: 931,2350,2359,702,4212,1393
4444: 1926,839,3519,3846,2066
1106: 3315,1386,685,2922
1107: 4654,46,3711,2867
1108: 405,976,1363,158
1109: 3515,1810,2756,737,4769
1110: 1359,757,827,391
1111: 1823,2752,1093,4189
1112: 1228,4438,55,4334,3836,4002,3855
4673: 653,3856,3313
1114: 4558,972,1278,1133
1115: 803,1682,3300,1404
1116: 316,365,3728,3582
1117: 2811
1118: 2048,1493
1119: 1455,4596
4590: 2985,1141,3524,285
1121: 2675
1122: 853,2409,4313,3303,436,4768
4568: 661,721
1124: 2925,1828
1125: 
1126: 331,3916,4231,1955
1127: 53,3294,1046
1128: 2413
1129: 4819,3223
1130: 
1131: 4114
1132: 1951,2739
1133: 3628,1114,1278
1134: 1879,2599,3800,99,2857
1135: 2372,4552,2634
1136: 2697,3878
1137: 4699,2268,3435
1138: 3710,2257,3351,444
1139: 3888,3667,1972,1215,4734,1769
1140: 
1141: 4590,4601
4782: 90,2519
1143: 359,1017
1144: 1792,3965,1827,3345,3820
1145: 911,3935,3372,4626,2375,739
1146: 4492,1084,984,2934,4408,929
1147: 2489
4692: 810,4717
1149: 2079
1150: 4506,4602,2784,4295
4818: 4441
1152: 2582,3342
1153: 1082,1048,2099,4150
1154: 1214,856
1155: 4138,384
4333: 3604,2346,2131,4184,2632
4506: 1150,4602,4662,3736,2423
1158: 
4551: 1539,1016,2477,4589
1160: 3796,526,2335,159
4495: 
1162: 4577,1938
1163: 4442
1164: 1258,1318,2882,1500,2177,2059
1165: 404,2941,270,3267,1008
1166: 1502,3024,680,4309
1167: 2041
4615: 2543,4217,817,3210,2069
1169: 4373,3258,1961,1737,4653
1170: 2140,1651,3977
4484: 3437,3
4597: 3814,4477,892
1173: 3074,2986
1174: 2241,3640,3766,4125,4270
1175: 9,4574,818
1176: 338,4063,48,655
1177: 3588,2228
1178: 4348,4155,1300,2174
1179: 301,3316,2892,1310
1180: 2168,3391,2858
1181: 2056,4343,2779,3109
1182: 2428
1183: 3685,4285,3173
1184: 2910,2440,3074,4711,92
1185: 2991,712,3063,2748
1186: 500,3907
4400: 2875
1188: 
1189: 3344,2608,4577
1190: 312,2378,4822
1191: 729,456,1380,692,2392,2426,4178
1192: 4780,1683,1505,117
1193: 4699
1194: 3833,3712,2794,1341,663,2547
4393: 
1196: 9,2233,913,3088
1197: 4345,4379,1561,2807
1198: 1879,2599,3087,4112,2199
1199: 2516
4229: 2347,4674,1281,3386,1705
1201: 1567,2210,4243
1202: 821,2318
4424: 717
1204: 4302,3729,1505
1205: 2035,1506,3576,1494
1206: 871,3559,953,2101,933
4439: 671,3251,490,3665,2826
1208: 3127,2020,3973,3679
1209: 3919,4790,1026
1210: 
1211: 3233,4640,1841,4023
1212: 2215,4777,4062
1213: 327
1214: 1154,856,106
1215: 40,1972,1769,174,1139
1216: 1596,2571
1217: 1832,3309
1218: 2048,673,2627,1844,2127
1219: 1292,299,1855,4745
1220: 4327
1221: 1489,2407,4684
4539: 2240
1223: 380,1528,4201,2868,3042
1224: 2379,3548,4617
1225: 
1226: 3513,1668
1227: 4149,904,3681,282,845
1228: 1112,4438,263,4803,55
4681: 520
1230: 2970,424
4613: 2892,1502,2355,2633
1232: 356,482,2879,2905
1233: 1420,2447
4391: 1503,775
1235: 2586,3921
1236: 2118,687
1237: 
1238: 
1239: 203,2720,822
1240: 3550,1249,3982,3169,4805,12
1241: 3176,1842
1242: 4266,4314
1243: 1563,182,1994,3922,521
1244: 661
1245: 407,1083,1256,4383,3745
1246: 1951,2147,2645
1247: 4686,4023,1397,2216,4619
1248: 8
1249: 3550,1240,3982,4709,3169,4805
1250: 
4672: 572,426,4160,990
1252: 2681
1253: 1835,4075,3125,648,4697,1435
1254: 3342,2662,4685
1255: 2415,3859,3065,3296,2239
1256: 407,1245,1789,2608,1491,4499
1257: 3553,4578,1871,2275
1258: 1164,1318,2882,2059
1259: 237,3443,2012,4646,1385
1260: 4798,4754,481,3998
1261: 1485,3526,1543,2380,83
1262: 4773,1459,2736,3674
4685: 1254,2662,1689
1264: 1544,828
1265: 964,2128
1266: 4010,3138,3297,4323
4358: 
1268: 734,3940,168
1269: 4617,2143,3853
1270: 4142,606,4062,3063
4234: 1293,2981,1555,1743,1080
1272: 2069,1762,1550,1849
1273: 1809,1635,2156
1274: 2380,4813,464
4362: 4675,3941,455,3101
1276: 826,4705,255,3955
1277: 2601,4030,3564,4709
1278: 378,1114,1092,1133
1279: 2680,251
4354: 3526,1773,2282
1281: 2308,2347,4229
1282: 4020,1314,3874,3824
1283: 2667
1284: 2230,4455,1620,1319,3436
1285: 
1286: 
1287: 4083,3695
1288: 2239,1316,3065
4693: 3042,3986,1998
1290: 1531,3030
1291: 543,2446
1292: 1219,299,3130
1293: 4234,1555
1294: 3694,4427,313
1295: 4574,777
1296: 2582,457
1297: 134,1423,3663,823
1298: 106,3162
1299: 4532,4804,4588
1300: 4155,1178,801
1301: 
1302: 3137,2369,679
1303: 3416,3446,3803,4788
1304: 578,2219
1305: 3181
1306: 759,369
4505: 1927,1919,3227,2277
1308: 2312,2271
1309: 3248,765,1334,1461
1310: 1541,3312,301,1179
4359: 740,161,2746,2852,387
1312: 1049,2511
1313: 4344,1424,4558
1314: 1282,4020,3331,14,3567
4318: 3135
1316: 1288,3328,2353,1661
1317: 822,3961,829
1318: 1164,1258,2882,1500
1319: 1620,1284,4455
1320: 3563,3613
1321: 3106,1546,1868,808,3616,1564
4725: 1087,1062,254
1323: 
4293: 1791,863,265
4620: 3281,617
1326: 1524,2566,4766,4494,4051,2526
1327: 2272,229,1412
1328: 3,3168
1329: 2590,1685,4095,165
1330: 3809
1331: 
1332: 955,3903,1037,4245,3122,1099
1333: 1913
1334: 273,765,2148,1309
1335: 2529,2087
1336: 4236,1531,3004
1337: 2066,4473
1338: 3952
4815: 3792,3225,2641,2189,4139
1340: 3937,186,4119,4310
1341: 540,663,1194,2547,640
1342: 2945,4004,32,3984
4658: 1964,1081,1605,4474
1344: 716,4191
1345: 3059
1346: 221,3359,3881,2928
1347: 
1348: 2191,2203,2354,4714,4656
1349: 458,3953
1350: 348
1351: 1950,1532,1888
1352: 513,774,160,170
1353: 3783
1354: 2562,456,200,588
1355: 
1356: 
1357: 273,1613,745
4404: 3984
1359: 757,1110,795,3671
1360: 3032,476,686
1361: 2838,2505
1362: 1946,450,4764
1363: 976,1108,3111
1364: 
1365: 
4712: 4243,2049,2062,3358,4213,3533
4694: 849,4060
1368: 3580,4530
1369: 2046,2822,2338
1370: 2448,4666,674
1371: 815,923
1372: 2547,640,1449
1373: 3936,4158,2305,1992
4736: 2755
1375: 528,1856,3715
1376: 1074,710,1476
4523: 1004,3501
1378: 1976,4282,2968,2366
1379: 
1380: 1191,456,588,4005,4178
4804: 4532,1299
1382: 4276,3115,564
1383: 1639,2621,1010
1384: 3272,2352,440,3712
1385: 437,2012,1259
1386: 3496,685,1060,1106,2922
1387: 682,1513,3056,3871
1388: 2100,4339,1067,2535
4356: 4203
1390: 558,3063,3852,4210,2748
1391: 3683,1675,2145,4575
1392: 1792,3965,1602,3798
1393: 2483,4212,2113,1104
1394: 555,1437,4262
1395: 3044,1547,4086,2408
1396: 1045,2361,2493,2563
1397: 1247,4023,2480,3771,3233
1398: 2061,4810,3048
1399: 4124,2782
1400: 
4419: 4250,1833,706
1402: 1798,4181,3600,4297,165
1403: 3707,2576
1404: 274,1115,1682,1511
1405: 3888,2955,246,4134,2206
1406: 3581,1487,1991
1407: 61,2569
1408: 4097,2014
1409: 642,4695
1410: 3310,357,1496
1411: 2047,2683,2523,1484,2207,1882
1412: 229,1327,2272,3968
4603: 394,2622,2972,1535
4723: 1012,3849,1841,4686
4329: 2256,3746,2908
1416: 
1417: 1623,1538
1418: 290,4416,3899
1419: 4196,2241,4628
1420: 1233,3634
1421: 1834
1422: 3308,4076,2824
1423: 134,1297,823,2944,2886,646
1424: 1313,4344,4558,3908
1425: 4141,584,3859
1426: 
1427: 
1428: 960,2694,2096,1872
1429: 4413,923
1430: 4420,1541,3399,426
1431: 1733,3335,1779,4188
1432: 2607,375,937,4698
1433: 3350,3702,4450
1434: 2051,1912,3344
1435: 4697,4271,1253
1436: 2754,3322,3758,1950,3623,57
1437: 910,1394,555
4763: 
1439: 2042,249,602
1440: 2631,4794,1956,75
1441: 4534,3173,1985,4488
4680: 4660,3214,3259,2773
1443: 
1444: 
1445: 4272,4596,1455,3500
1446: 967
4279: 2038,4072,3337
1448: 3510,1898,3623,3414,183,4750
1449: 640,98,1372,2233
1450: 3657,1884,2842,1608
1451: 2398
1452: 3094,3282
1453: 1006,4319
1454: 3402,3197,2050
1455: 1119,1445,4596,3500
1456: 
1457: 1781
1458: 125,4461,1033,1594
1459: 316,1840,4398,1262
1460: 3030
1461: 1613,1309,3248,3186
1462: 3796,526
4278: 1771,2860
4373: 1169,3258,1961,616
4339: 2100,1388,3066,3786
1466: 2290
4325: 2630,2172,3037
1468: 237,3443,3917
4629: 155,3478,3704,2075,65
1470: 1988
4628: 3202,2241,1419
1472: 94
1473: 195,2989,212
1474: 3571,864,354
1475: 107,2922,4144,2013,673
1476: 357,1376,710,3310
1477: 1801,3869,664
1478: 
1479: 4794,4065
4425: 635,4811,4764
1481: 2768,2388
1482: 344,722,2357
4469: 2551,1914,1653,3264
1484: 2207,936,1411,2683,965
1485: 3526,1261,83,2457
1486: 3250,664,2307,993
1487: 1406
1488: 2481,453,2362,4498
1489: 2407,1221,4684,3226,2287
4619: 3012,1247
1491: 4499,2403,3906,1256,3745
1492: 86,3985,113,1767,3269,352
1493: 1927,1844,2048,1118,586,1919
1494: 1853,1506,1205
1495: 736,4423,2358
1496: 3691,1410,1748
1497: 1578,3114,2244
1498: 3103,3989,1920,4480,4791
1499: 3750,3626,1757,4806,22
1500: 1164,1318,782
1501: 4571,4350
1502: 1166,2892,4613,680
1503: 1957,3781,2820,4391,157,775
4297: 2439,165,597,1402,3600
1505: 1683,1204,1192
1506: 2035,1205,2503,1494
4411: 2504
1508: 896,3243
1509: 3692,136,2169,1854
1510: 3617,3710,2934
1511: 3954,1682,1404,3180
1512: 2699,4305,2174
1513: 1387,280,948,3056
1514: 3101,813,4678,2688
1515: 4682,3107
4430: 3963
1517: 4445,541,3035,1678,242
4258: 390,2660
1519: 2653,3453,1729
1520: 1860,3087,939,4627,3333,3480,4228,4567
1521: 4722
1522: 2337,4746,4440,1079,1967,937
1523: 1047
1524: 1326,2566,2496,4823,4766
1525: 4422
1526: 2493,3016,1599,33
4294: 
1528: 380,1223,3758,2868
4537: 3449,328
1530: 2559,3494,2437,3629,2737
1531: 1954,1336,1290
1532: 1351,3497,4101
1533: 3629,2065,4282
1534: 2101,49
1535: 3183,4648,4603
1536: 
1537: 
1538: 1417
1539: 3253,4551,2477,3149
1540: 890,2792,1594,125,2833
1541: 1310,3312,756,3399,1430
1542: 
1543: 2380,1692,83,1261
1544: 1264
1545: 341,4771,2086
1546: 1868,1321,3616
1547: 3044,1395,4086,726
1548: 730,2831,2751
1549: 2001
1550: 1762,1272
1551: 3980,1670
1552: 2214,3641
4611: 4753
1554: 
1555: 2981,1822,3370,4234,1293
1556: 4549,3460
1557: 3774,1027
1558: 2559
1559: 2903,2669
1560: 2814,328
1561: 3683,4157,1197,4345,4379
1562: 845
1563: 182,1243,3922
1564: 3684,3616,1321
4766: 4823,1326,1524,4051,4476
1566: 4246
1567: 1201,3849,4185,2210
1568: 
4282: 1378,1976,3629,1533
1570: 2464,4583,2759,3817,475
4503: 808
1572: 1601,2487
1573: 4141,584,486,3323
4534: 4285,3173,1441,4488,1864
4474: 1605,4658,1081,553,368
1576: 2007
1577: 4147,4544,1752,1067
1578: 1497,70,4579,2244
1579: 3545,64
1580: 
1581: 67,4181,996,1973
1582: 2568,4180,561
1583: 2600,511,2596,4036,402,290
4542: 2535,900,1720
1585: 2223
1586: 3257
1587: 556,3196
1588: 3259,190,2787,18
4741: 1607,4622,4768,1033,519,3014
4363: 490,4656,4758,3251
4307: 311,1001,2018
1592: 377,197,2923
1593: 2061,536,4322
1594: 1033,519,2792,1540,125,1458
4344: 1313,1882,3017,1424
1596: 2000,2571,3475,1216
1597: 3370,3068,4789
1598: 2949,1028,3884
1599: 3374,950,1526,3016,33
1600: 2857,99,1993,3484,221
1601: 1572,3402
1602: 1392,3965,4129,2764,3798
1603: 4502,738,62
1604: 3178,1732
1605: 3819,4474,1964,4658,3289
1606: 652,4490
1607: 3987,4741,1033,2176
1608: 2034,360,3657,1450
1609: 3898,258,4772,921
1610: 2916,3805,3179,2179
1611: 898,2360
1612: 1673
1613: 1461,1357
1614: 4614
1615: 
1616: 4559,3230,2969,3807
1617: 4330,1838,31
1618: 1775,818,4809,742,785
4762: 
1620: 1319,3723,1284,4455,3436
1621: 890,611,2633,3316
1622: 2075,710,4586,3310
1623: 1417
1624: 3103,3477,4707,4480
1625: 
1626: 
1627: 979,295,4008,4776
1628: 
1629: 153,1647
1630: 4817,1925,907,860,2723
4446: 
1632: 3405,4024,2353
1633: 4146,2614,3298
1634: 4154,4441,4173,2980
1635: 431,460,1273,2156
1636: 3584,4768,3392,475
1637: 2342,2374,1896,497
1638: 255,2823,375,766,4074
1639: 1383,2621
1640: 515
1641: 3934
1642: 3403,2114,440
1643: 2338,2018
1644: 206
1645: 
1646: 1043,4742,4774,3273,2159
1647: 4228,2121,153,1629
4650: 4507
1649: 4051,2455,3283,1668
1650: 73,3029,4778,121
1651: 254,1170
1652: 982,2454
1653: 2869,408,4469
1654: 2469,848
1655: 1706
4584: 4698,975,1859,1836,2181
1657: 272,3084,2597,4218,3700
1658: 985,689,1875,3901
1659: 3241,3163,2346,2568
1660: 3100,4703,1795
1661: 4792,1316
1662: 2604,1699
1663: 4047,4533,2654
1664: 4460,4467,3326
1665: 2521,736
1666: 4013
4416: 2205,3231,3974,1418
1668: 1226,1649,2455
1669: 1766
1670: 3815,2947,695,2149,1551
1671: 810,3666,2461
1672: 4749,2721,879
1673: 2348,1612,3070
1674: 3556,2979,1689,2796
1675: 3683,1391,2145,1791
1676: 2897,959,2173
1677: 4399,3681,2495,4149
1678: 3035,242,4121,1517,973
1679: 4524,775,4207,3709
1680: 2786,3475,4151,1096
1681: 3024,3129,4115
1682: 234,3300,1115,1404,1511,3954
1683: 1505,1192,62
4407: 3166,3912,3140,4564
1685: 1329,4095,3234,3597,2673
1686: 3505,2374,694,4259
1687: 2171,509
4274: 3936,4158,4560,544,3787
1689: 4685,3556,1674
1690: 1833,2118,2575,2565
1691: 773
1692: 1857,3805,2179,1543,83
1693: 2324,4374
1694: 793,2758
1695: 730,2119,2831
1696: 1809,4415
1697: 50,4754
4273: 
1699: 4058,3601,1662
1700: 557,2525,4594
1701: 
1702: 3581,2043,3080,1939
1703: 1766,3541
1704: 177,2408,4475,289,3315
1705: 1987,3386,4229
1706: 4496,3468,1655,3283
1707: 
1708: 
1709: 
1710: 892,4477
4567: 3480,4228,2121,3747,3333,1520
1712: 3899,632,1742
1713: 4643,4728,3374
4575: 1391
1715: 3839,411,915,3051
1716: 
1717: 
4664: 4477,2150
1719: 2685
1720: 1022,4542,900,580
1721: 978,1981,2471,3725
1722: 826,936,2616,3344
1723: 3278,719,2097
1724: 3953
1725: 3165,4253,368,296
1726: 3236,1740,2580
1727: 2029,2187,4670,2638,4054,820
1728: 3633,39,2438
1729: 3831,1519
1730: 2709,4188,4384
1731: 150,3547,2017,4103
1732: 3178,4536,3202,1604
1733: 1431,4746,2284
1734: 
1735: 876,3998,2111,2725
1736: 1087,4434,1062
1737: 3482,1169,1961,4653
1738: 4573,2570,2350,2865
1739: 2783,3424,3679,3973
1740: 3236,1726,3175
1741: 681,2722,3816,2636
1742: 1712,4332,3299,135
1743: 2772,2644,2981,4234,1080
4417: 1821,659
1745: 4044,914,3353
1746: 44
1747: 2245,4128,3471,3479
1748: 3827,2080,3476,1496,3071
4677: 3867,4748,2518,130
1750: 1967,100,937,2607
1751: 2084,150,3547
1752: 4178,4147,1577
1753: 595,2778,164
1754: 3215,4200,2977
1755: 
1756: 4064,4364,656
1757: 3817,22,1499
4310: 1340,3382
1759: 3634
1760: 
1761: 
1762: 1550,2175,1272,4608,708
4429: 3589,3491,4529,3761
1764: 3546,2558,281,2189
1765: 1011,2218,2883,2465
1766: 1703,1669,2406
1767: 3273,3269,2159,3985,1492
1768: 
1769: 174,1215,3888,1139,246
1770: 2213,4394
1771: 4278,1073
1772: 3589,3491,3565,2285
1773: 4348,4354,2282
1774: 2684,992,431
1775: 818,4809,1618
1776: 
1777: 3489,4501,401,805
1778: 2975
1779: 1873,1431,4188
1780: 628,2817,4438,4334,101
1781: 1457,4431,4812,2800
4249: 4582,1966,4706,691
1783: 576,3923,1906
1784: 3493,1903,2134,1077
4587: 1853,521,160,513
4817: 1925,1630,2723,4473,3172
1787: 3349,2326
1788: 2426,1029
1789: 2403,527,1968,4499,1256
1790: 4632,1098
1791: 4293,863,265,2145,1675
1792: 1392,3965,1144
1793: 2155,432,4151
1794: 3438,4640
1795: 4357,167,1660,4409
4797: 3002
1797: 
1798: 1402,4181,3600
1799: 3337,2500,551
1800: 748
1801: 1477,4675
1802: 4678,947
1803: 4428,4447
1804: 
1805: 4304,59,3245,2449
1806: 3360,4683,3811,4607
1807: 2462,3157,645
4635: 1044,3108,2714
1809: 1696,1273
1810: 3515,1109,3517,4604
1811: 3115,4037
1812: 1901
4578: 1257,3636,3988
1814: 3255,3431,230
1815: 614,1903
4421: 668,1861,568,2974
1817: 
4309: 1166,3024,680
1819: 3543,2715,4351,3794,101
1820: 945
1821: 4417
1822: 2981,1555
1823: 1101,2242,1093,4061,1111
4569: 2776,4095,3019,4376,2439
1825: 2107,1908,149
1826: 2418,700,3116,2196
1827: 3158,3345,3965,1144
1828: 2925,261,1124
1829: 93,2105,810,3666
1830: 3226,2223
1831: 
1832: 1217,2107
1833: 1690,3857,4419
1834: 1421
1835: 1253,2325
1836: 1970,1859,4584,2683,2181,965
1837: 4530,3802
1838: 31,1999,1617,4224,3650,3514
1839: 3687,3649,2750,2488
1840: 1031,316,1459
1841: 1211,4686,4023,4723
1842: 1023,317,3176,1241
4288: 4769,60,3515,809
1844: 1493,1927,2127,2627,1218,2048
1845: 396,450,1075,2345
1846: 690,4298
1847: 
1848: 1006,3753,3741
1849: 3850,708,2069,1272,4497
1850: 4738,2514,4141,3220
1851: 1993,4548,491,3609
1852: 4565,873,2474,3098
1853: 1494,3150,4587
1854: 3032,1509,2169
1855: 1219,2972,4479
1856: 2672,239,4219,1375,528
1857: 3805,522,1692,83
1858: 
1859: 4074,1970,1836,4698,4584
1860: 1520,2818,3087,939,4627,3333
1861: 668,2488,4421,3449,2974,2966
1862: 4183,1933,958,2995,3497
1863: 2716,4624
1864: 4116,3102,4534,3691
1865: 
4760: 2518,130
4698: 4584,1432,975,1859
1868: 3106,1546,1321,1955,4231
1869: 436,4063,4768,4583,2759
1870: 
1871: 3733,1257,2871,2275
1872: 1428,960,3797
1873: 1779,2552
1874: 2136,4006,334,232
1875: 3901,1658
1876: 3598,967
1877: 307,3702,3350,2342
1878: 3553,2613,3636,2619,705
1879: 1198,2599,939,153,1134
1880: 643,4096,620,3940
4779: 2182
1882: 4344,1411,2523,3017
4366: 2681
1884: 2842,1450,4667
1885: 4490,4239,2108,511
4586: 1074,710,53,1622
4445: 4017,2717,541,1517,2523
1888: 2052,3922,1351,1950
1889: 
1890: 786,542,4167,196
4305: 4057,1512
1892: 2220,2397,3090,3713
1893: 4123,4322,4330,837,4405
1894: 
1895: 929,444,4390
1896: 3001,497,2424,1637,354
4786: 3872,2231
1898: 1448,170,3144,183
1899: 2124,3326,1978
4259: 2746,2852,25,3505,1686,694
1901: 1812
4332: 4559,1742,3299,723
1903: 3493,1784,614,1815
1904: 3296,3353,3020
1905: 25,1918,2730,3996
1906: 3434,4215,576,1783
1907: 4321,4190,653,2243
1908: 1825
1909: 244,3227,2229,2277,930
1910: 2829,2977
1911: 4105,3926,2088,1097
1912: 1434,2051,936
1913: 1333
1914: 4469,2551,3264
1915: 
1916: 
1917: 618,4230,4055
1918: 2450,3772,2730,3996,1905
1919: 1493,1927,4505,2277
1920: 3989,1498
1921: 3595
1922: 4465,3705,414,2436,88
1923: 3652,3075,3516,347
4516: 
1925: 4817,1630,2384,2659,3172
1926: 839,4444,2066,744,2877
1927: 1493,3875,1844,2127,4505,1919
1928: 2090,323
1929: 2881,2170
1930: 4621,2441,4353,3229
4387: 2588,2173
4494: 3618,503,1326,2566,2526
1933: 4183,1862,958,3951,4337
1934: 
1935: 4801,3464,3061,4289,2128
1936: 4761,3026,1097,277
1937: 3840
1938: 85,4577,1162,860
1939: 3080,548,2043,1702
1940: 3482,4784
4548: 1851,1993,491,4125
1942: 4472,2870,1094
4638: 2896,2389,2996,4783
1944: 1962,4812
1945: 3902,2146,2545,2601,889,618
1946: 1362
4690: 3219
1948: 3412,3756,3328,4792,10
1949: 4724,4643
1950: 3758,1351,1888,57,1436
1951: 1132,1246
1952: 2707,913,3088,2722
1953: 79
1954: 4236,1531
1955: 1868,1126,3675
1956: 2442,75,35,2631,1440,2650
1957: 1503,3781,2820,157
1958: 1065,3081,3458,41
1959: 312,4271,2378,3055
1960: 2412
1961: 1169,4373,1737
1962: 4431,2097,719,1944,4812
1963: 746,3192,2667,772
1964: 4658,3431,3289,1605
1965: 278,739,3882,3483
1966: 4249
1967: 1750,100,937,2256,4440,1522
1968: 2416,2809,2608,527,1789
1969: 4734,157
1970: 4074,1859,1836,3955,965
1971: 2544,3631,3182,3506
1972: 40,1215,3737,3801,4734,1139
1973: 996,713,67,1581
1974: 214,3105,427,3409
1975: 199,2983,4324,3221
1976: 1378,4282,3308
4637: 469,3434,166,1074
1978: 2124,1899
1979: 537,4007
4887: 2487
1981: 22,978,1721
1982: 3285,4368
1983: 4722,4661
1984: 574,2699
1985: 2510,3966,1441
1986: 41,2339,2911
1987: 1705,2719
1988: 1470
4520: 3422
1990: 4627,3290,2818
1991: 1406
1992: 2305,4651,1373
1993: 1851,4548,491,1600,3484
1994: 3576,2021,521,1243
1995: 3266,969,570,3302
4675: 4362,3941,1801
4743: 636
1998: 4651,3986,4693,3009
1999: 1838,31,3650
2000: 1596,2571,1096,3708
2001: 2580,1076,3232,1549
2002: 4085
2003: 3496,1040
2004: 3138,3479,3754,4010
4660: 4680,2120,3214,2640,2361,1045
2006: 2920
2007: 87,1576
2008: 3453
2009: 2742
2010: 118,3509,3317,4148
4352: 3672,3686
2012: 4646,2479,15,1259,1385
2013: 588,1475
2014: 2103,1408,4541
2015: 4739,3793,3153
2016: 582,2992
2017: 4103,1731
2018: 1643,4307,3292
2019: 4377,3830,2167
2020: 4519,3973,3053,3127,1208
2021: 1994,3576
2022: 3742,2446,3145,3389
2023: 3228
2024: 3198,3372,3577
2025: 4775,3243,3825
4710: 3508,4398,3771,2216
2027: 3052
2028: 3366,4413,3458
2029: 2187,4670,1727,2347,4674
2030: 2367
2031: 3205
2032: 3456
2033: 3765,4115,3489,401
2034: 360,1608,2098
2035: 1506,1205,2191,4549
4235: 750,953,871
2037: 2102,4806,669,2678,3626
2038: 4279,4256,3150,4031,4192
2039: 1073,3185,969,816,570
4558: 972,1114,1313,1424
2041: 2950,1167,3185
2042: 2287,1439,602
2043: 875,1702,1939
2044: 4823,4185,2484
2045: 4302,3256,2675
2046: 1369,2338,1025,3692
2047: 1411,2683,2181,2523
2048: 1218,1118,673,1493,1844,586,3775
2049: 4712,4019,941,4496,2804
2050: 3399,2798,3429,1454
2051: 1434,1912,972
2052: 1888,2961,3922,4388
2053: 
2054: 
2055: 4581,827,508
2056: 1181,2316,3644
2057: 
2058: 2685,3452,2891
2059: 2177,2867,3439,2978,1164,1258
2060: 3036
2061: 1398,4810,1593,4123
2062: 3877,3358,4712,2130,4213
2063: 959,2165,2300
2064: 4466,1100,118,3509
2065: 820,1533,4670,4225
2066: 3846,1926,4444,744,1337
2067: 460,1000,3622
2068: 4554,2485,2604,4208
2069: 1272,4615,4497,1849
2070: 3715,678,2655,4222
4802: 
2072: 3577,4626,2813,484,428,2823
2073: 
2074: 
2075: 1622,3704,4629,65
4379: 1197,4157,1561,2807
2077: 172,4798,383,4588,2171
2078: 565,4316,246,2316
2079: 1149
2080: 3827,2888,3476,1748,3284,3071
2081: 
4724: 3788,1080,1949,4643
2083: 4091,271,3557,3426
2084: 1751,4795,502
2085: 2743,4160
2086: 4771,1545
2087: 1335,2529
2088: 1911,2666
2089: 4017,2717,3335,2709
2090: 1928,3779,2573
4700: 1005,2215,3100,3700
2092: 2710
2093: 731,2234
2094: 48,2464,4093,3817
2095: 3263,912,896,195
2096: 2143,4463,1428,2694
2097: 4431,1962,3278,1723,719
2098: 4667,2034,3793
2099: 4150,3064,4788,1082,771,1153
2100: 1388,4339,1067,3775
2101: 1534,3559,2769,1206,4426,933
2102: 2037,3626,3512
2103: 2014,3971
4540: 2119,777,940,4809
2105: 93,1829,4283,3666
2106: 3475,175
2107: 1825,149,1832
2108: 11,652,4490,1885
2109: 159,3566,4267
2110: 3716,2880
2111: 4798,3998,1735
2112: 3400,222
2113: 2483,1393
2114: 3117,2452,440,3997,569,1642
2115: 2233
2116: 3409
2117: 390,4608,4351,2660
2118: 1236,2575,1690
2119: 4540,3472,453,1695
2120: 4660,3214,2293,2640
2121: 3747,1647,4228,4567
2122: 
2123: 2668
2124: 1978,1899
2125: 3164,3850,708,573
2126: 2918,4219,4252
2127: 3875,1927,1844,2627,2279,1218
2128: 4289,2305,1265,1935
2129: 2303,1069,840,931,702
2130: 4213,372,2758,2062,3877
2131: 3604,4333,2632,2609
2132: 2162
2133: 217,677,528
2134: 1077,1784,169
4703: 3100,1660,4218,3084
2136: 1874,4006,3948,479
2137: 2369
2138: 3360,3971
4702: 
2140: 1170,942
2141: 2185
2142: 2227,3104
2143: 2096,1269,3853,4204
4791: 4707,4480,1498
2145: 1791,265,1675,1391
2146: 3902,1945
2147: 1246,2645
2148: 437,3950,273,1334
2149: 3980,1670,695
2150: 4664
2151: 725,4475,2344
2152: 3631
2153: 4795
2154: 3081,2362
2155: 1793,3298,3956
2156: 4463,1635,1273
2157: 988,3802,854,3338
2158: 4242,3872,3856
2159: 3273,1767,1646,4774
4807: 746,4039
2161: 2595
2162: 2132,3143,3187
2163: 
4621: 1930,2441
2165: 2897,2063,959
2166: 
2167: 1008,2019,3830,2419
2168: 3391,1180,840
2169: 1509,1854
2170: 1065,3366,1929
2171: 4588,2077,1687
2172: 3415,3037,4325,2706
2173: 959,2588,1676,4387
2174: 2786,1178,1512,4155,432
2175: 1762,708,2660,573
2176: 3050,2942,1607
2177: 2867,2059,46,1164
4737: 969,816,2646,3266
2179: 1610,1692
2180: 3174,2840
2181: 2047,2683,4584,975,1836
2182: 4779
2183: 800
2184: 
2185: 2141
2186: 4522,805
2187: 2029,4670,1727,4674,374,4053
2188: 3098,665,2729,3903
2189: 2641,1764,4815,3792
2190: 3279,3595
2191: 1348,2035
4614: 1614
2193: 2648,854,3255
2194: 3867,2518,2863
2195: 410
2196: 2418,1826,3116
4707: 3536,4480,4791,1624
2198: 3502
2199: 3881,2857,1198,2599,4140
2200: 3046,36,3271,919
4252: 3083,2126
2202: 2222
2203: 1348,4714,4549
2204: 3292,3184,3048,4810
2205: 4416,3231
2206: 210,2208,1405,2955,3438,4134
2207: 1484,1411
2208: 210,2206,4134,3644
2209: 2982
2210: 4185,2484,4019,1201,1567,4243
2211: 17,2458,589
2212: 2224
2213: 4394,2885,1770,2853,2952
2214: 3921,3641,1552
2215: 4700,660,4777,1212,4062
2216: 3771,3508,4710,1247
2217: 4156
2218: 1011,1765,3170,2465
2219: 1304,4521
2220: 1892,2397
2221: 1021
2222: 714,2202,205
2223: 1585,1830
2224: 2212,3408,98,3252
2225: 3132,3825,212
2226: 2729,2554,3903
2227: 2142
2228: 1177,3588
2229: 244,1909,3822,2858
2230: 1284,4455,3781
2231: 4786,3942,2679
2232: 
2233: 2115,1449,9,1196
2234: 2372,2093
2235: 3329
2236: 192
4376: 872,3234,4437,4569,4095
2238: 3309
2239: 1288,3020,1255,3065,3296
2240: 4539
2241: 1174,1419,4628
2242: 1823,1101,3732
2243: 1907,4190,2695
2244: 4579,39,1578,1497
2245: 1747,2990,4128,3083,3786
4448: 3450
2247: 3317,2538,2603
2248: 999,2665
4230: 889,618,1917,3902,4789
2250: 2613,2391,3636,3423,2953,3763
2251: 3939,4735,495
2252: 2930
2253: 
4646: 2012,2479,3917,237,1259,3443
2255: 
2256: 4329,4440,1967,100
2257: 4408,1138,929,444
2258: 4085,2659
4750: 3341,2630,529,1448,3414,183
2260: 851
2261: 
2262: 518,50,4091
2263: 3601,3934
2264: 4632
4686: 1247,4023,1841,1012,4723
4504: 2348
2267: 
2268: 4148,3435,1137
4783: 2996,4638
2270: 880,4108
2271: 3688,1308
2272: 1327,229,3465,1412
2273: 794,3796
2274: 
2275: 2871,1257,1871,581
2276: 4800,4315,4060
2277: 244,3227,1909,4655,4505,1919
2278: 4133
2279: 1040,107,2627,2127
2280: 681,3088,3408,4049,4733
2281: 
2282: 801,1773,4354
2283: 
2284: 3693,975,2337,1733
2285: 3491,1772
2286: 4641
2287: 2042,3226,1489,4684
2288: 73,672
2289: 3356,3539
2290: 1466
2291: 4566
4251: 
2293: 2357,2640,1020,2120
2294: 4511,105
2295: 4060
4442: 1163
2297: 
2298: 678,4616,4270,3202
2299: 
2300: 2063
2301: 2771,4369,2420
4645: 2349,4173,1041
2303: 2129,3619,3395,840
2304: 3022
2305: 1992,1373,3936,3061,2128
2306: 1046,363
2307: 1486
2308: 1281,3664,3165
2309: 2468
2310: 4600,3745
4314: 4510,4138,1242
2312: 1308,1010
4271: 4697,1435,1959
4240: 2628,1024
2315: 2720
2316: 4134,3644,565,2078,2056
2317: 4052
2318: 3298,406,1202
2319: 3485,364
4401: 
2321: 1099,784,4245,3818
4792: 1661,3328,1948,10
2323: 651
2324: 1693,3398,4374
2325: 973,1835
2326: 387,3551,4821,1787,3349
4564: 4170,3166,4407
2328: 243
2329: 411,3314,2967,2636,3839
2330: 3411,3981,536
2331: 
2332: 
2333: 4397,3418,2513,3560
2334: 
2335: 4508,1160
2336: 3057,68,2619,3553,4576
2337: 1522,4746,2284
2338: 1643,2046,1369,3620,1025
2339: 41,1986,3663,2751,823
2340: 863,4195,2530
2341: 815,4016,184
2342: 4182,1877,1637
2343: 
2344: 3171,4002,639,3530,2151
2345: 4467,1845,4452
2346: 4333,4184,3241,1659,2632
2347: 4229,4674,1281,2029
2348: 4504,1673
2349: 4645
2350: 931,1104,4573,1738,4212
4559: 943,1616,4332
2352: 3272,1384,3712,940
2353: 3405,1632,1316,3020,3328
2354: 1348,4714,4656,3137
2355: 611,799,4613
2356: 
2357: 2293,1482
2358: 3279,3454,1495
2359: 2401,2908,702,1104
2360: 4610,4602,1611
2361: 1020,2493,2640,4660,1045,1396
2362: 2481,1488,2154,4498
2363: 445
2364: 163,658
4728: 3374,1713,344
2366: 3988,3682,4098,2953,1378,2391
2367: 2731,2030
4351: 4608,2715,101,1819,2117
2369: 551,2137,1302,679,143
2370: 3097,2533,4663
2371: 
2372: 2234,1135,4552
2373: 1048,4610
2374: 3505,1686,1637,497
2375: 278,3938,739,1145,732,3883
2376: 
2377: 
2378: 4822,312,1190,1959
2379: 1224,3548,4617
2380: 1543,1274,464,1261
2381: 
4423: 736,259,1495
2383: 3862,3943
2384: 383,2659,1925,172
2385: 3295,2621,480,3751,3635
2386: 
2387: 3743,4133,348
2388: 2507,2768,1481
2389: 4638,4435,2996
2390: 
2391: 2250,3636,2953,3988,3682,2366
2392: 692,3878,1019,1191,729
2393: 1045,4163,4199,2698
2394: 549
4795: 2153,2084
2396: 203
2397: 1892,2220
2398: 1451
2399: 921,709,258
2400: 2445
2401: 2359,213
2402: 791,3744,949
2403: 1789,2771,3906,1491,4499
2404: 986,271,82
4633: 3934,3802,3338
2406: 1766
2407: 1489,1221
2408: 1704,1395,4475
2409: 3621,4313,853,1122,3303,436
2410: 4555,2686,872,3234
2411: 4821
2412: 1960
2413: 1128,4630
2414: 3228,4550
2415: 1255,3859,3065,4341
2416: 2809,2608,2616,1968
4392: 3289,3242,3705
2418: 1826,700,2196
2419: 2552,3830,2167
2420: 2301,4369
2421: 2481,92
2422: 3832,3806,504
2423: 4662,4506
2424: 1896,3001,1032,35
2425: 37
2426: 1788,1029,3722,692,1191
4452: 4233,4467,2345,4460
2428: 2527,1182
2429: 4666
2430: 2776,3019,3735
4522: 79,2810,2186
2432: 881
2433: 3257,3931,3261
4478: 
2435: 
2436: 587,88,1922,3705,414
2437: 19,3494,1530,2737
2438: 39,1728
2439: 4297,165,2776,4569,3735
2440: 2910,1184
2441: 4621,1930,3229,4716
2442: 1956,75,35
2443: 3512,3393
4507: 472,4650
2445: 4509,2400
2446: 3742,2022,543,1291
2447: 1233
2448: 1370,3073
2449: 3245,1805,59
2450: 1918,3772,2730
4443: 3729
2452: 2114,569,145
2453: 80,4403
2454: 1652
2455: 4051,1649,2526,1668
2456: 3746,530,270,3267,3139
2457: 83,1485,883
2458: 2837,3932,2211
2459: 2478,3251,134,3447
4616: 4270,678,2298
2461: 1671
2462: 3895,1807,3157
2463: 3075
2464: 4583,2759,1570,48,2094,3817
2465: 4772,3170,1765,2218,311
2466: 4022
2467: 
2468: 2897,2309
2469: 1654
2470: 
2471: 3725,3750,1721
2472: 4541,3926,1097,308
2473: 3354
2474: 772,1852,873,420
4499: 1491,2403,1789,1256
4399: 1677,4426,933,417
2477: 1016,610,4787,3149,1539,4551
2478: 3251,2459,134,2886,4758
2479: 2012,4646,15
2480: 3771,3451,188,956,1397
2481: 2421,453,1488,2362
2482: 138
2483: 4212,3198,2113,1393,752
2484: 4185,2210,4019,2044
2485: 3492,2068
2486: 277,3206
2487: 4887,32,30,3239,1572
2488: 668,2750,1861,1839,2966
2489: 1147
2490: 353,3190,1014
2491: 3851,4066
2492: 
2493: 1020,2361,1526,3016,1396
2494: 3824,1041
2495: 4149,1677
2496: 2839,4823,1524,2566
2497: 1023,3975,4457,429
2498: 
2499: 
2500: 3337,1799,457,4256,3749,4031
2501: 4462,2515,3416,3158
2502: 4785,1052
2503: 4072,679,143,1506
2504: 4411
2505: 773,1361,1036
2506: 312,4437,3019
2507: 2388,2532
2508: 2865,110
2509: 4232
2510: 3609,2825,1985
2511: 1049,3112,1312
2512: 3546,3792
2513: 2822,2333
2514: 1850,954,408,2551,3220
2515: 2501,2609,3345
2516: 1199
2517: 4022
2518: 2863,4760,4677,2194,130
2519: 4782,3194,90
2520: 4409,466,3780,4357,3163
2521: 1665
2522: 808,4194
2523: 4445,1411,2047,1882
2524: 
2525: 1700,650,4594
2526: 4051,2455,1326,4494
2527: 2428
2528: 922,4280,857,3227,930
2529: 1335,2087
2530: 4195,2340
2531: 
2532: 2507,849
2533: 2370,3097,1018,2617,2877
2534: 418
2535: 4542,1388
4241: 323,603,219
2537: 3925,76
2538: 631,2247,2603
4524: 1679,4207
2540: 3583
2541: 
2542: 3812,4414
2543: 4615
2544: 1971,3182
2545: 2601,1945,3985
2546: 883,2654,253
2547: 1372,1194,3833,1341,640
2548: 295,4820
2549: 417,2744,3253
2550: 
2551: 4469,3220,1914,2514
2552: 2419,498,1873
4436: 1061,3831
2554: 2729,3563,3744,2226
2555: 
2556: 266
2557: 43,260,741,3134
2558: 3546,1764,3929,4598
2559: 1558,1530,3629
4476: 4051,4766,3468,3283
2561: 579,853,3860,3690,699
2562: 1354,2851,3777,200
2563: 300,1396,4163
4328: 
2565: 2575,3937,186,1690
2566: 1326,1524,2496,503,4494
2567: 220
2568: 1582,2632,1659,3780
2569: 1407
2570: 4573,1738,3754,2865
2571: 2000,1596,1216,3821
4467: 3326,2345,4452,4460,1664
2573: 3942,3343,3222,3779,2090
2574: 4224,3650,334,3948
2575: 2565,2118,1690
2576: 1403,4080
2577: 4,2643
2578: 2702,4770
4322: 4123,1893,1593,4330
2580: 2001,1076,1726,3236
2581: 2872,4112,4028
2582: 1296,3342,1152
2583: 2910,140,4187
4456: 2702
4482: 3229,3828
2586: 1235
4813: 266,3072,1274
2588: 959,2173,4387
2589: 4790
2590: 1329,3597,3544
2591: 4396,4612,776,154
2592: 3673
2593: 4208,507,419
2594: 
2595: 123,2161
2596: 1583,4239,4036,290
2597: 1657,3084,3432,4218
2598: 
2599: 1879,1198,1134,2857,2199
2600: 511,1583,3727,3550,3982,402
2601: 2545,1277,4030,1945,3985
2602: 3565,4644,4179
2603: 951,2247,2538,4757
2604: 1662,315,4554,2068
2605: 4716,350,3540
4508: 2335
2607: 484,1432,375,1750,937,2813
2608: 2416,1968,1189,407,1256
2609: 3826,2131,2515
2610: 318,449,3593
2611: 4470,3653,707,1030,269
4460: 1664,4452,4233,4467
2613: 2250,3636,3763,705,1878
2614: 4146,1633,253
4418: 4069
2616: 2416,2809,826,4705,1722
2617: 1018,403,3097,2533
4388: 2052,2961,3510
2619: 705,1878,3553,3057,2336
2620: 4295
2621: 2385,1010,1639,1383
2622: 4603,394
2623: 3446,69,4462,3416
2624: 851,118
2625: 2628
4648: 3183,4745,1535,2972
2627: 107,2279,1218,673,1844,2127
2628: 4240,1024,2625
2629: 3975,55,4457,3855
2630: 3341,4750,3414,4325,3037
2631: 4794,1440,1956,2650,3630
2632: 2568,2346,4333,2131
2633: 611,2892,4613,1621
2634: 4552,4000,1135
2635: 3559,3531,4221,3155,473
2636: 4209,1741,2329,2967
4243: 4712,1201,2210,3358
2638: 4747,19,4054,1727
4774: 2688,1646,2159
2640: 2293,1020,2361,2120,4660,1045
2641: 2189,3225,219,4815
4390: 294,4805,1895,688
2643: 337,2577
2644: 2981,623,1743,2772
2645: 1246,2147
2646: 3285,3152,4737
2647: 145,4187,2910,4711,322
2648: 880,4108,3181,2193
2649: 4296,2942,4772,3170
2650: 1956,35,2631
2651: 103
4470: 3653,2611,707,3144,3983
2653: 169,1519,1061,3453,3831
2654: 883,2546,253,1663
2655: 678,2070,4536,4222
4708: 2985
2657: 3255,3431
2658: 745,3474
2659: 2384,2258,1925
2660: 573,2175,390,2117,4258
4746: 2337,1522,1079,1733
2662: 4031,4192,1254,4685
2663: 3837,3207,3542
2664: 
2665: 999,2248,4317
2666: 3026,2088
2667: 1283,1963,746
2668: 2123
2669: 223,1559,4197
2670: 586,3775,3066,2990
2671: 2740,585,997
2672: 239,2918,1856
2673: 3597,3234,2951,1685
2674: 2874,4242,3313
2675: 1121,3256,2045,3053
2676: 3812,3799,3860
4751: 4006,232,242,973
2678: 3392,475,3817,4806,2037
2679: 313,3305,3942,3222,2231
2680: 1279,4068
2681: 4366,1252
2682: 3305,219
2683: 1411,2047,2181,1836,965,1484
2684: 992,1774,4756,264
2685: 2058,1719
2686: 872,2410
4780: 1192,4502,62,574,910
2688: 4774,3101,1514,4742
2689: 870,4029
2690: 844,912
2691: 916,3621,338
2692: 3597,3544
4769: 3646,4288,3515,1109,4671
2694: 1428,960,2096,4204,3570
2695: 3545,2243,4190
2696: 334,3832
2697: 1019,3156,1136,3878
2698: 628,4199,2393,2817
2699: 1512,1984
2700: 3834,3221,405,976,112
2701: 
2702: 2578,4767,4770,4456
2703: 
2704: 881,184
4778: 121,1650
2706: 2172,802
2707: 1952,2722,227,3314,2967
2708: 250
2709: 4188,1730,3335,2089
2710: 2092
4281: 
4355: 2781,4525,3654,3077
2713: 
2714: 603,281,3108,4635
2715: 628,4199,4351,101,1819
2716: 1863,4543,1039
2717: 4445,2089
2718: 416,4084
2719: 1987,523,824
2720: 2315,822,203,1239
2721: 879,3394,3077,4749,1672
2722: 681,3088,1741,1952,2707,2967
2723: 3846,4473,907,4817,1630
2724: 865,3176,789,3747,2734
2725: 2879,895,876,1735
2726: 3661,140
2727: 525
2728: 3247
2729: 2554,2226,2188,3903
2730: 1918,2450,3772,1905
2731: 2367,3034,2904
2732: 4532,1092,3628
2733: 
2734: 3747,4238,2724
4435: 2389,2996
2736: 173,832,1262,144,3674
2737: 4054,3629,820,2437,1530
2738: 2775
2739: 1132
2740: 2671,3244,412
4787: 1016,2477,610,2825,3609
2742: 690,2009
2743: 2085,23,644
2744: 4149,904,2549,417,3253
2745: 2933
2746: 2852,25,4259,161,4359
2747: 
2748: 4210,558,1390,1185
4428: 3500,4447,1803
2750: 668,2488,568,751,1839
2751: 3663,1548,2339
2752: 2900,1111
4577: 1162,510,1189,1938
2754: 1436,3322,3758
2755: 4736,842,3528
2756: 737,4047,4533,1109
4579: 2244,1578,3216
2758: 4071,3877,1694,2130,372
2759: 2464,4583,1570,1869,4768
2760: 3231
2761: 919,4111,4414,3799
4441: 4818,468,1634,2980
4283: 370,2105,3666
2764: 4129,4788,3965,1602
2765: 
2766: 713,4131,356,1088
4546: 
2768: 2388,3851,1481
2769: 4591,3534,2101,4426
2770: 3284,4665,3951,3608,58,4337
2771: 2301,4369,2403,3906
2772: 1743,4083,623,2644
2773: 263,2817,4680,3259,18
4485: 987,235
2775: 737,2738
2776: 4569,3019,2430,3735,2439
2777: 560
2778: 1753,595,164
2779: 793,1181
2780: 4237,3648,3843
2781: 4355
2782: 4124,2899,1399
2783: 1739,3424,555,4262
2784: 1150,616
4666: 2429,4721,1370
2786: 2174,1680,432,4151
2787: 190,1588
4345: 1197,3683,1561
4561: 4092,2916,3805,522
4498: 501,2831,2362,1488,3081
2791: 
2792: 3690,1540,1594
4765: 607,3815
2794: 1194,3833,3712,3403,663
2795: 2906,3356
2796: 656,2979,1674
4588: 2171,1299,383,2077
2798: 3765,3429,2050
2799: 3462,3561
2800: 341,1781,3126,3573
2801: 
4631: 3277
4338: 2978,3367,3498,3776
2804: 3879,3533,2049,941,3047
2805: 3092
2806: 
2807: 1197,4379
2808: 389
2809: 2416,2616,1968,4705,3993,527
2810: 4522
2811: 1117
4291: 916,489,13,3621
2813: 2072,3577,2607,484
2814: 3124,3630,1560
2815: 
4576: 2336,615,2952
2817: 263,2773,1780,2698
2818: 1860,4627,3290,1990
4275: 4592,3157
2820: 1503,1957,3801,157
2821: 3627
2822: 2513,4143,1369
2823: 1638,2072,484,375,428,766
2824: 1422,3308
2825: 610,4787,2510
2826: 3665,3460,4439,490
2827: 3942,3343,2938
4268: 
2829: 1910,199,4286
2830: 1081
2831: 4498,501,1695,730,1548
2832: 
2833: 125,4461,1540,890,3716
4369: 2771,2301,2420
2835: 191,30
4739: 2015,3153,4078
2837: 3885,3932,4361,2458
2838: 1361,557
2839: 2496,4773,3012
2840: 2180
2841: 3689,1076
2842: 1884,3845,108,1450
2843: 3254,3847
2844: 326
4701: 1043,3273,3269
2846: 
2847: 3593,4033
2848: 796,3330
4463: 2156,2096
2850: 455,3167,813
2851: 2562,3777,725,289
2852: 2746,25,4259,694,4359,740
2853: 1103,3191,2952,2213,2885,3603
2854: 3058
2855: 
4758: 3361,2886,2478,3251,4363
2857: 2199,1600,1134,2599,3800,99
2858: 404,2941,2229,3822,3391,1180
2859: 3645
2860: 3492,4278
2861: 
2862: 4013
2863: 2518,2194,3040
4711: 92,2910,1184,2647,322,3463
2865: 2508,2570,1738
2866: 4381,10,3412
2867: 2177,3439,2059,1107
2868: 4451,214,1528,1223,4201
2869: 1653,408,339
2870: 1942,1094
2871: 2275,489,1871,3733
2872: 4112,2581,4028,1029,877,3095
4784: 3477,1940
2874: 2674,4541,998,4073
2875: 4400
4563: 201,3549,236
2877: 744,2533,1926,1018
2878: 742,785,227
2879: 2725,895,1232
2880: 4420,756,2110
2881: 1929,3307,949,3892
2882: 1164,1258,1318,1044
2883: 3698,1765
4317: 2665
2885: 2213,4394,68,2853,2952
2886: 3361,4758,646,1423,2478
2887: 3332,3695,623
2888: 2080,3284,3071,4048,727
2889: 3603,3465,1068,4486,1103
2890: 3686
2891: 3452,2058
2892: 4613,680,1502,2633,1179
2893: 120
2894: 
4726: 446,4221,3412,3069
2896: 4638
2897: 2468,1676,2165,959
4581: 2055,508,3680,4130,4606
2899: 2782
2900: 2752,4793
4560: 285,1095,4274,4158,544
2902: 4264,413,306,4336
2903: 3046,1559
2904: 778,2731
2905: 482,1232
2906: 2795
4440: 2256,4562,1079,1967,100,1522
2908: 2359,702,1069,3746,4329
2909: 861,2
2910: 2440,2583,1184,2647,4187,4711
2911: 2984,1986
2912: 809,3637
2913: 2988,4246
2914: 3175,265
4814: 866
2916: 3805,1610,4561
2917: 441
2918: 2672,239,2126,3138
4284: 4065,3349,391
2920: 2006
4272: 1445,4596,404,4377
2922: 107,1475,1106,1386,1040
2923: 377,197,1592
2924: 
2925: 1828,1124
2926: 1095,4601,3986,4158
2927: 
2928: 1346,3359
2929: 
2930: 3056,3871,2252,698
2931: 540,4381,3252
2932: 
2933: 2745,39
2934: 4408,984,1510,1146
4434: 1087,1736,3525,4102
2936: 
2937: 3006,276,4800
2938: 2827
2939: 
2940: 
2941: 404,2858,1165,3391,3267
2942: 2176,2649,4296
2943: 418
2944: 823,1423,646
2945: 1342
2946: 3847,3949,3864,3624
2947: 3815,1670,695,607
2948: 4261
2949: 1598,1028,227,3314,66,915,303
2950: 2041,4598
2951: 264,2673
2952: 3191,2853,615,4576,2213,2885
2953: 4076,2250,2391,3423,2366
2954: 
2955: 3888,1405,3667,3438,2206
2956: 
2957: 3862,4132,4298
2958: 493,188,4531,4038,3582,3755
2959: 4640,4009
2960: 3244,4214,3660
2961: 2052,4388,3510,3623,57
4500: 
4555: 2410,241
4535: 4341,3997
2965: 841,3711,3648
2966: 3803,2488,1861,3449
2967: 3314,2329,2707,2722,2636
2968: 1378,447,4098,878
2969: 4803,3807,3230,4659,1616
2970: 1230,424,11
2971: 262,3521
2972: 4603,4648,4745,1855
4228: 1647,3480,4567,2121,3333,1520
2974: 3449,1861,4421,3124
2975: 1778
2976: 
2977: 4200,1754,3215,1910
2978: 4338,3498,3439,2059
2979: 3556,1674,2796,235
2980: 4173,4441,468,1634
2981: 2644,1822,1555,1743,4234
2982: 2209,3815
2983: 1975,199,4120,3221
2984: 2911
2985: 4590,4708,4316,3524
2986: 3015,1173
2987: 3916,350
2988: 4246,2913,3808
2989: 3825,212,896,195,1473
2990: 2245,4128,2670,3066,3786
2991: 712,3838,1185
2992: 2016
2993: 4189,4170
2994: 
2995: 4518,3497,155,1862
2996: 4783,2389,4638,4435
4541: 2472,998,308,2014,2874
4747: 2638,553,3664,19
4594: 1036,650,1700,557,2525
3000: 3441,4114,381
3001: 1896,2424,1032,354
3002: 4797,4364
3003: 322,3272,3472
3004: 410,1336
4819: 1129,3452
3006: 3637,2937,4800
3007: 
3008: 
3009: 4003,3677,4223,1998
3010: 966
4771: 1545,2086
3012: 4619,4773,2839
3013: 
3014: 519,4768,699,4741
3015: 2986,4016,815
3016: 1526,2493,1599,111,3374
3017: 3035,4344,1882
4682: 1515,3107
3019: 4437,2776,4569,2506,2430
3020: 2239,3296,1904,2353
3021: 
3022: 2304
3023: 224
3024: 1681,1166,4309
3025: 4689
3026: 2666,1097,277,1936
4717: 4692
3028: 64,947,4244,813,4678
3029: 73,1650
3030: 1290,1460
4246: 2988,2913,1566
3032: 1854,1360,3739,476
3033: 
3034: 128,2731
3035: 1678,242,1517,3017
3036: 2060
3037: 3415,349,2172,2630,4325
4761: 1936,4073
3039: 
3040: 758,2863
4738: 1850,4141
3042: 4693,380,1223
3043: 
3044: 1395,1547,4086
4302: 2045,1204,3256,3729
3046: 2200,2903
3047: 366,167,3879,2804
3048: 3898,258,2204,1398,4810
3049: 780
3050: 2176
3051: 1046,1715,3294
3052: 2027
3053: 2675,3127,2020
4248: 
3055: 1959
3056: 3871,2930,948,1387,1513
3057: 68,2336,2619,4312,3873
3058: 2854
3059: 1345
3060: 249,981
3061: 3936,2305,4289,1935,3464
3062: 4811,1
3063: 558,1390,561,4142,1270,1185
3064: 2099,4788,4129,771
3065: 2415,1255,4341,2239,1288
3066: 2670,3775,4339,3786,2990
4822: 2378,257,1052,1190
3068: 1597,3370,882,4789
3069: 4799,3756,4726
3070: 1673
3071: 3284,4665,2888,2080,1748
3072: 3179,266,4813
3073: 2448,3375,4642
3074: 1173,1184,92
3075: 3652,2463,1923
3076: 3638
3077: 4355,3654,2721,4749
3078: 430,4365
4553: 3852,4210
3080: 1939,548,1702
3081: 2154,3458,4498,501,1958
3082: 
3083: 3786,4252,2245
3084: 1657,2597,4218,3100,4703,3700
3085: 3792,816
4231: 331,1126,4194,3106,1868
3087: 1860,1520,939,1198
3088: 681,2722,2280,1196,1952
3089: 
3090: 4397,3713,1892
4462: 2501,3604,2623
3092: 24,2805,512
4543: 1039,3642,2716
3094: 3282,1452
3095: 4140,2872,4112,877
3096: 
3097: 2370,2533,272,2617
3098: 2188,4565,1852,873
3099: 582
3100: 4703,1660,3700,3084,1005,4700
3101: 1514,4362,4742,2688
3102: 1864,4116,670,3723,4285,3685
3103: 1624,3989,4480,1498
3104: 2142,4403
3105: 843,1974,3499,3409
3106: 1868,1321,808,4231
3107: 1515,4682
3108: 4635,323,2714
3109: 4071,1181,198,4343
3110: 843,40,3737
3111: 4120,3491,4529,976,1363
3112: 1049,2511,3485
3113: 
3114: 1497,3961,3441,829
3115: 1811,564,4037,1382
3116: 1826,2196
3117: 2114,3997
4764: 396,450,1362,635,4425
4777: 660,2215,1212,422,4062
3120: 3274
3121: 3369
3122: 4468,4245,665,955,1332
3123: 3288,870,4029
3124: 2814,2974
3125: 4075,1253,3908,648
3126: 4431,2800
3127: 1208,3053,2020
4801: 1935,4289,284,894
3129: 3489,979,4501,4776,1681
3130: 3591,1292
3131: 
3132: 2225,212
4396: 2591
3134: 4177,2557,43
3135: 4318
3136: 888,182
3137: 1302,2354,679
3138: 2004,239,2918,3297,4010,1266
3139: 1008,270,2456,4562
3140: 1093,4189,4061,345,4407
3141: 
4626: 2072,1145,3372,739,428
3143: 2162
3144: 1009,3983,183,1898,4470
3145: 3742,2022,4732,4820
3146: 1054,531
4481: 3519,4383,4663,839
3148: 
3149: 2477,610,904,1539,282
3150: 1853,2038,4192
4562: 550,1079,3139,4440
3152: 4139,2646
3153: 3793,459,4118,4739,2015
4312: 3964,4667,3873,3057
3155: 446,4221,3930,2635
3156: 429,2697
3157: 645,1807,4275,2462
3158: 1827,2501,3416
3159: 129,4730
3160: 3708,4647,3617
4287: 3602,3177
3162: 796,106,1298,3330
3163: 3241,1659,366,4357,2520
3164: 622,2125,3850,3959
3165: 1725,296,2308
3166: 4407,3912,4564,4582
3167: 455,2850
3168: 1328
3169: 4709,4492,4805,1249,1240
3170: 4772,2465,2218,2649
3171: 4457,4002,3855,2344,639,3530
3172: 4473,4817,1925,172
3173: 4534,4285,1441,1183
3174: 2180,4525,3654
3175: 2914,1740
3176: 789,1241,317,135,1842,2724
3177: 3363,4287
3178: 4536,1732,1604,89
3179: 3072,1610
3180: 1511
3181: 1305,880,2648
3182: 3205,2544,1971
3183: 4648,1535,835
3184: 3292,2204,556,3620
3185: 1073,2039,2041,3972
3186: 3248,1461
3187: 2162
3188: 961,161,594
3189: 3397,3293
3190: 353,2490
3191: 1103,2853,615,2952,581
3192: 1963,4034,772,873
4731: 
3194: 2519
3195: 4544,673
3196: 556,1587,342
3197: 1454,3402,191
3198: 2483,2024,911,3372,752
4519: 117,2020,3973
3200: 789
4304: 152,4781,1805,59
3202: 4628,2298,1732
3203: 821,4647,3323,4044,3351
4806: 3817,2678,1499,3626,2037
3205: 3182,2031
3206: 2486
3207: 538,2663,3837
3208: 
3209: 363,3478
3210: 817,494,4615
4348: 4262,1178,1773
4308: 424,722
3213: 4111,3889,121
3214: 4680,2120,4660,3259
3215: 1754,698,2977
3216: 4579
3217: 492,321,209
4394: 2213,2885,1770
3219: 4690
3220: 2551,1850,2514
3221: 3834,2700,1975,2983
3222: 3942,2573,2679
3223: 1129
4335: 
3225: 830,2641,4139,4815
3226: 1830,1489,2287
3227: 1909,2277,2528,4505,930
3228: 2414,4550,2023
3229: 4482,1930,2441,4716
3230: 1616,2969
3231: 4416,2205,2760
3232: 2001,1076,3581
3233: 1211,956,4207,4023,1397
3234: 4376,872,4095,2410,1685,2673
4789: 3902,1597,3068,889,4230
3236: 1740,1726,2580
3237: 
4618: 3413,817,494
3239: 3984,32,2487
3240: 
3241: 1659,3163,620,4609,2346
3242: 4392,3289,3494
3243: 718,594,2025,4775,1508
3244: 2960,4214,585,2740
3245: 2449,1805,3720
4323: 3297,1266,4623
3247: 2728
3248: 1309,1461,3186
4289: 2128,284,3061,1935,4801
3250: 664,1486
3251: 2478,2459,4758,4439,490,4363
3252: 2931,98,2224
3253: 1539,2549,2744
3254: 400,2843
3255: 3431,2657,1814,2193,854,3387
3256: 2675,2045,4302
3257: 2433,1586
3258: 1169,4373,803,4653,274
3259: 4680,3214,1588,18,2773
3260: 
3261: 3931,2433
4529: 3491,4429,3761,3111
3263: 2095,912
3264: 3997,569,4469,1914
3265: 
3266: 1995,4368,969,4737
3267: 530,270,2456,3391,1165,2941
4772: 3170,2465,2649,311,3898,1609
3269: 3273,1767,4701,352,1492
3270: 
3271: 3889,2200,36,919
3272: 2352,1384,3003,940
3273: 1767,3269,2159,1043,1646,4701
3274: 3120
3275: 3814,4206
3276: 
3277: 398,4631
3278: 1723,2097
3279: 2358,3454,2190,343
3280: 3923,3785,3966
3281: 3740,4620
3282: 249,3094,1452
3283: 3468,1649,4476,1706
3284: 2770,3071,2888,2080,58,4048
3285: 2646,1982
3286: 
3287: 4270,3766,3359,677
3288: 3123,3348
3289: 4392,3242,1964,1605
3290: 865,4627,1990,2818
3291: 
3292: 1001,3184,2204,2018
3293: 3189
3294: 469,3839,3051,1127
3295: 2385,3635
3296: 3353,1255,1904,2239,3020
3297: 3734,239,3138,1266,4323
3298: 2318,3956,2155,1633
3299: 317,723,135,4332,1742
3300: 1682,234,3536,1115
4573: 2570,1738,874,931,2350
3302: 570,1995
3303: 436,4063,3621,2409,1122
4798: 1260,2077,3998,2111
3305: 313,2679,2682
4627: 865,3290,3333,1990,1860,1520,2818
3307: 2881
3308: 1422,4076,2824,1976
3309: 2238,1217
3310: 1410,710,1476,357,1622
4757: 3435,3317,2603
3312: 1541,1310
3313: 4242,3856,2674,4673
3314: 411,66,2329,2967,2707,2949,227
3315: 1106,289,177,1704,685
3316: 301,1179,1621,890
3317: 2247,2010,4757
3318: 
3319: 4775,718,594
3320: 
3321: 3373,3398
3322: 1436,2754,3623,529,3377
3323: 4044,914,3203,821,584,1573
4649: 3869
3325: 474,565,4316,3524
3326: 4467,1664,1899
3327: 
3328: 1316,3405,2353,4792,1948
3329: 2235
3330: 796,3162,2848
3331: 3410,14,4405,4020,1314
3332: 2887,623
3333: 865,4627,3747,4228,4567,1860,1520
3334: 140,717
3335: 1431,2709,3693,2089
3336: 448
3337: 1799,2500,551,4279,4256
3338: 854,3802,2157,4633,3934
3339: 
3340: 1004
3341: 2630,4750,529,3377,349
3342: 3749,1254,2582,1152
3343: 3942,2827,2573,243,3779
3344: 1189,1722,1434
3345: 1827,2515,1144
3346: 
3347: 4640
3348: 4164,3602,3288
3349: 1787,2326,4284
3350: 701,1433,3702,1877,4182
3351: 3203,3710,1138
3352: 179
3353: 3296,1745,914,1904
3354: 2473
4270: 3287,4616,3766,1174,2298
3356: 2289,2795
4371: 26,3882,766,255,4705,3993
3358: 2062,3877,4243,4712
3359: 221,3766,1346,2928,3287
3360: 1806,2138,653
3361: 2886,4758,646
3362: 
3363: 3177,4077
4565: 1852,3098,977
3365: 385
3366: 2028,1065,2170
3367: 4338,343,3776
3368: 96
3369: 3121
3370: 1597,3068,882,1555
3371: 3532
3372: 1145,911,3198,2024,3577,4626
3373: 4570,3321
3374: 1599,4728,111,1713,3016
3375: 3073,4642
3376: 
3377: 3322,3341,529
4647: 3203,821,3160,3617
3379: 3959,108
3380: 
3381: 4514
3382: 3950,4310
3383: 
4674: 2347,4229,2029,2187
3385: 4515
3386: 4229,1705
3387: 854,3255,4465
4730: 3159,129
3389: 2022
3390: 909
3391: 2168,1180,2858,2941,530,3267
3392: 669,2678,1636,3584,4713,3607
3393: 3512,2443
3394: 2721,879,252
3395: 4128,2303
3396: 224,665,977,4468
3397: 862,3189
3398: 2324,3321
3399: 2050,1541,1430,426
3400: 2112,995,222
3401: 4059,4236
3402: 1454,3197,1601
3403: 1642,3712,2794
4659: 190,18,263,4803,2969
3405: 4024,2353,1632,3328,3756
3406: 4029
3407: 
3408: 2224,2280,4733
3409: 2116,1974,843,3105
3410: 3331,837,4020
3411: 2330,3981,492
3412: 1948,2866,10,4726
3413: 4618,33
3414: 1009,183,1448,2630,4750
3415: 349,2172,3037,4003,788
3416: 1303,3446,2623,2501,3158
4286: 2829
3418: 4397,2333,4311
4247: 
4617: 1269,1224,2379
3421: 721,612
3422: 4353,4520,895
3423: 2250,2953,3763
3424: 2783,1739
3425: 
3426: 2083,3557
3427: 4509
3428: 
3429: 191,3765,2798,2050
3430: 
3431: 3255,2657,1814,1964
3432: 4218,4600,2597
3433: 
3434: 166,1906,4209,4637
3435: 4757,2268,1137
3436: 3583,1620,1284
3437: 330,4484,3
3438: 1794,2955,3667,2206
3439: 2867,2059,2978
3440: 3511
3441: 3000,3114,3462
3442: 
3443: 237,1259,1468,3917,4646
4237: 2780,3648,3843
3445: 240
3446: 2623,3687,3803,1303,3416
3447: 671,915,303,1028,2459
3448: 
3449: 4537,2974,1861,2966
3450: 4448
3451: 2480,3771,188,4038,3755
3452: 2891,2058,4819
3453: 2008,2653,1519
3454: 2358,3279,3776
3455: 4107
3456: 2032,4267,619
3457: 852
3458: 3081,2028,1065,1958
4549: 1556,2203,2035
3460: 2826,1556
3461: 4008
3462: 4114,3441,2799
3463: 322,4711,3472
3464: 1935,3061,3787
3465: 2889,3603,2272
3466: 3560
4509: 2445,3427,566
3468: 4476,4496,1706,3283
3469: 
4239: 4490,1885,2596
3471: 3479,1747,3619,874
3472: 2119,3003,3463
3473: 3573,416,4491
3474: 2658
3475: 2106,1680,1596
3476: 3827,2080,1748,727
3477: 4784,1624
3478: 3704,363,3209,4629
3479: 3471,3754,1747,2004
3480: 4228,4567,1520,939,153
3481: 4026,4012
3482: 1940,1737,4653
3483: 26,3882,1965
3484: 221,1600,1993
3485: 2319,4208,3112
3486: 4131,482,1088
4298: 2957,1846
4370: 
3489: 3129,1777,4501,401,2033
4330: 1617,1893,4322,837,3514
3491: 3589,4429,4529,1772,3111,2285
3492: 2860,2485
3493: 1784,1903,169
3494: 3242,587,2437,1530
4630: 549,2413
3496: 1386,2003,846,1040
3497: 2995,4183,1862,1532,4101
3498: 4338,2978
3499: 1091,4048,3105
3500: 4428,1455,1445
3501: 4523
3502: 2198,3518
3503: 452
3504: 
3505: 1686,2374,4259
3506: 1971
4515: 3385
3508: 4710,4398,2216
3509: 118,2010,2064
3510: 1448,4388,2961
3511: 3440
3512: 3393,2102,2443
3513: 1226,1042,4218
3514: 837,1838,4330,4224
3515: 1810,1109,60,4288,4769
3516: 347,4753,1923
3517: 4669,4604,1810
3518: 3635,16,3502
3519: 4481,3639,839,4444
3520: 413
3521: 2971,202,122,397
3522: 606,712
4689: 3703,3025
3524: 565,4316,4590,2985,3325
3525: 444,4102,4434
3526: 1485,4354,1261
4457: 3171,4002,3855,2629,2497
3528: 842,2755
3529: 1089
3530: 429,3171,2344
3531: 953,2635,473,750
3532: 3371
3533: 4106,2804,4712,4213
3534: 4591,2769,4605
3535: 
3536: 4707,234,3300
3537: 1024,778
4754: 1260,1697,481
3539: 2289
3540: 2605,4716
3541: 1703,834
3542: 2663,152
3543: 390,1819,4086
3544: 2590,2692,3597
3545: 2695,1579,64
3546: 2558,1764,4598,2512
3547: 150,1731,548,1751
3548: 1224,2379
3549: 4563
3550: 1249,1240,3982,2600,12,402
3551: 387,912,2326
3552: 662,4227
3553: 1878,1257,2619,2336
4360: 4531,3728,4222
3555: 894
3556: 2979,1674,1689,269
3557: 505,518,2083,4091,3426
4496: 941,1706,4019,3468,2049
3559: 953,2635,2101,1206
3560: 3466,4397,2333
3561: 2799
4426: 4399,933,2101,2769
3563: 1320,2554,3744,3613
3564: 4709,86,1277,4030,1084
3565: 2602,4644,3589,1772
3566: 4267,2109
3567: 3874,517,1314,4061
3568: 
3569: 1056,613
3570: 4204,960,2694
3571: 1474,307
3572: 
3573: 3473,341,2800
3574: 749,4816
4437: 3019,2506,4376,872
3576: 1994,2021,1205,521
3577: 2072,2813,2024,3372
4608: 917,4351,1762,2117
3579: 4081
3580: 1368,3887,4530
3581: 1702,1406,3232
3582: 4038,3755,3728,2958,1116
3583: 5,3436,3801,2540,3737
3584: 1636,4768,4713,4622,3392
3585: 3656
4655: 244,2277
3587: 
3588: 1177,2228
3589: 3491,4429,1772,3565
4236: 1954,1336,3401
3591: 4598,3130
4601: 2926,1095,1141,3986
3593: 2847,2610,241
3594: 985
3595: 1921,2190,1078
4718: 4410,674,4108,4679
3597: 2692,2673,2590,1685,3544
3598: 1876,967
3599: 
3600: 1798,1402,4181,597,4297
3601: 2263,1699
3602: 4287,42,3348
3603: 2889,3465,1103,2853
3604: 4333,2131,4184,643,4462
3605: 780
4781: 4304,59
3607: 4580,3987,4713,3392
3608: 958,65,3951,4665,2770
3609: 2510,4787,1851
4497: 419,4217,2069,1849
4315: 2276,4800,4132
4732: 3742,3145,4820
3613: 4034,4039,397,3563,1320
3614: 
4599: 
3616: 3684,1564,1546,1321
3617: 3710,1510,3160,4647
3618: 4494
3619: 2303,3471,874
3620: 556,1025,3184,2338
3621: 2409,916,2691,4291,3303
3622: 2067
3623: 57,2961,1448,1436,3322,529
3624: 3864,2946
3625: 741,256,7
3626: 3750,1499,4806,2037,2102
3627: 2821
3628: 1092,1133,4532,2732
3629: 820,1533,2737,2559,1530,4282
3630: 2814,2631,4794
3631: 1971,2152
4667: 2098,1884,3964,4312
3633: 1728
3634: 1759,1420
3635: 3518,16,3751,2385,3295
3636: 2250,2613,2391,3988,1878,4578
3637: 3006,2912
3638: 463,3076
3639: 907,3519
3640: 221,3766,4125,1174
3641: 578,2214,1552
3642: 4543
3643: 
3644: 4134,2316,2208,2056
3645: 875,2859
3646: 4769,4671,339
3647: 1000,4327
3648: 4237,2780,3843,841,2965
3649: 751,3940,1839,69
3650: 4224,2574,1838,1999
3651: 60,809
3652: 3075,347,1923
3653: 4470,2611,1030,3689
3654: 4355,4525,3077,4749,3174
4301: 4510
3656: 3585
3657: 1450,3959,622,1608
4244: 64,3028,813
4461: 125,1458,2833,3716,1011
3660: 471,2960
3661: 619,2726,794
3662: 90,4466
3663: 2751,3884,2339,823,1297
3664: 553,296,4747,2308
3665: 2826,671,4439
3666: 810,1671,2105,1829,4283
3667: 3888,2955,1139,4734,3438
3668: 
3669: 144,3674,732,4526,654,399
4518: 2995,182
3671: 682,1359,757,508,4130
3672: 4352
3673: 2592
3674: 144,3669,2736,1262,4773,4526
3675: 1955
3676: 4253
3677: 3009,4003,788,4651,71
4526: 4773,3669,3674,399
3679: 1739,1208,3973,3809
3680: 4130,4606,500,682,4581
3681: 1677,4149,1227
3682: 3988,4098,2366,2391
3683: 1675,1391,1561,4345
3684: 3616,1564,119
3685: 1183,4285,3102
3686: 4352,2890
3687: 1839,3446,69
3688: 2271,347,4753
3689: 2841,987,3653
3690: 2792,2561
3691: 1496,1864,4116
3692: 1509,2046,4311
3693: 2284,975,3335
3694: 1294,830
3695: 4083,1287,559,2887
3696: 3778
3697: 4055,3727,4094
3698: 2883,309
3699: 250,148
3700: 3100,1657,272,3084,4700
4262: 4348,2783,1394,555
3702: 307,305,1877,4450,3350,1433
3703: 4689,326
3704: 3478,2075,4629
3705: 4465,1922,4392,2436
4788: 3803,1303,2099,4150,3064,4129,2764
3707: 1403
3708: 3160,2000
3709: 292,4207,1679,775
3710: 3617,1138,1510,3351
3711: 126,2965,4654,1107
3712: 1194,3833,2794,3403,2352,1384
3713: 3739,4311,3090,1892
4285: 4534,3173,3685,1183,3102
3715: 2070,1375,528
3716: 2110,4461,2833
3717: 
3718: 374,787,4225
3719: 3983
3720: 3245
4427: 1294,123,4109
3722: 2426,1029,900
3723: 4116,3102,670,3827,1620
3724: 
3725: 2471,1721
3726: 
3727: 3697,4094,2600,511
3728: 4531,4360,3582,1116
3729: 4443,3885,4302,1204
4238: 4605,2734
4465: 1922,3705,3387
3732: 517,924,2242
3733: 1871,228,2871
3734: 506,3297,239
3735: 2430,2776,2439
3736: 4662,4610,4506
3737: 40,1972,3801,3583,3110
3738: 
3739: 4311,3713,3032
3740: 3281
3741: 3753,977,1848
3742: 2446,2022,3145,4732
3743: 2387,348,24
3744: 944,791,2402,3563,2554
3745: 2310,4383,1491,1245
3746: 530,2456,1069,2908,4329
3747: 2121,2734,865,3333,2724,4567
3748: 115
3749: 3342,2500,4256,4031
3750: 1499,3626,2471
3751: 938,4064,480,2385,3635,16
3752: 
3753: 3741,977,1006,420,1848
3754: 3479,2004,4010,2570
3755: 4038,3582,188,2958,3451
3756: 1948,3405,4024,4799,3069
3757: 
3758: 1950,1436,2754,1528
3759: 4350,1034,3886
3760: 4122,38,4350
3761: 898,4429,4529
3762: 205,714,4641
3763: 2250,2613,3423,705
3764: 662
3765: 2798,4115,2033,3429
3766: 221,3640,3359,1174,3287,4270
3767: 443,4266
4727: 284,964
4768: 699,1122,436,1869,3014,2759,1636,3584,4622,4741
3770: 4324
3771: 2480,3451,2216,4710,1397
3772: 1918,2450,2730,4182
3773: 
3774: 1557
3775: 586,2670,3066,2048,2100
3776: 343,3454,4338,3367
3777: 2562,2851,1019
3778: 3696
3779: 243,3343,2573,2090
3780: 4409,2520,466,2568,4180
3781: 1503,1957,2230
4749: 1672,2721,3654,3077
3783: 1353
4678: 813,1514,3028,947,1802
3785: 4488,3966,3280,357
3786: 3083,4339,3066,2245,2990
3787: 544,4274,3464
3788: 4724,1080,3854
3789: 
4742: 1043,1646,3101,2688
3791: 
3792: 4815,3085,2189,2512
3793: 3873,3153,2098,2015
3794: 4334,101,1819,726
4353: 3422,1930
3796: 1160,526,2273,1462
3797: 1872
3798: 4129,1392,1602,1038
3799: 223,2761,4414,2676
3800: 99,1134,2857
3801: 3583,2820,1972,3737
3802: 1837,988,2157,4633,3338
3803: 2966,4788,3446,1303
3804: 
3805: 1857,2916,1610,522,1692,4561
3806: 232,504,541,2422,4017
3807: 2969,1616,723
3808: 4479,394,2988
3809: 1330,3679
4755: 
3811: 4683,4720,1806,4607
3812: 2676,2542,4414,799
4489: 
3814: 3275,4597
3815: 1670,2947,607,4765,2982
3816: 681,1741,4049,358,3979
3817: 4806,2094,2464,1570,1757,2678
3818: 4245,2321,784,3919
3819: 1605,553,19
3820: 1144
3821: 2571,836
3822: 2229,404,2858
3823: 
3824: 4173,1041,1282,2494
3825: 2989,212,2025,2225
3826: 3852,2609
3827: 2080,3476,1748,4116,3723
3828: 986,4482
4422: 1525
3830: 2019,2167,769,2419
3831: 1729,1061,2653,4436
3832: 4384,2422,2696
3833: 1194,3712,2794,2547
3834: 3221,2700,946,112
3835: 
3836: 4002,3855,1112,4334,639
3837: 2663,218,3207
3838: 2991,712
3839: 1715,411,2329,3294,469
3840: 1937
4644: 3565,2602,4179
4266: 1242,443,3767
3843: 238,4237,2780,3648,841
3844: 4740,4571,4118,3886,3962
3845: 2842,108
3846: 2723,2066,907,4444
3847: 2946,3949,2843
4431: 1781,1962,2097,3126
3849: 4723,1567,4185
3850: 708,1849,2125,3164
3851: 2491,4066,2768
3852: 3826,558,1390,4553,4210
3853: 613,4204,1269,2143
3854: 3788,344,722
3855: 4457,3171,3836,4002,55,1112,2629
3856: 4242,2158,3313,4673,4340
3857: 1833,706
3858: 3943
3859: 2415,1255,1425
3860: 579,853,2561,2676
4492: 1146,1084,3169,294,4805
3862: 2957,2383,3943
3863: 389,516
3864: 3624,2946
3865: 768
3866: 
3867: 4748,4677,2194
3868: 
3869: 4649,1477
4438: 1112,1228,263,1780,4334
3871: 3056,2930,1387,698
3872: 4242,2158,4786
3873: 3793,4312,3057,68
3874: 345,3567,1282
3875: 1927,2127,297,922
3876: 
3877: 2062,3358,4071,2758,2130
3878: 692,2392,2697,1136,4028
3879: 4106,2804,3047,547,4609
3880: 
3881: 2199,4140,1346
3882: 26,3483,4371,1965,766
3883: 144,732,173,3935,2375
3884: 3663,742,1598
3885: 2837,3932,3729
3886: 459,1034,4118,4571,3759,3844
3887: 3580,4530,988
3888: 1405,2955,1139,3667,246,1769
3889: 3271,919,4111,3213
3890: 
4381: 2866,10,540,2931
3892: 3925,2881,949
3893: 3964
3894: 342,136
3895: 4592,2462,3915,716
3896: 278,3938
3897: 532
3898: 258,3048,1609,4772,1001
3899: 1712,1418,943
3900: 
3901: 1875,1658
3902: 2146,4789,1945,889,4230
3903: 955,1332,2729,2226,2188
3904: 533
4311: 3739,3713,3418,3692
3906: 2771,2403,1491
3907: 1186
3908: 648,3125,1424
3909: 
4799: 3976,4024,3756,3977,3069
4632: 2264,1790
3912: 3166,4407,4107
3913: 
3914: 222
3915: 716,3895
3916: 331,1126,350,2987
3917: 4646,3443,1468
4756: 264,241,2684
3919: 1209,3818,4790
3920: 
3921: 398,2214,1235
3922: 521,1563,1243,513,2052,1888
3923: 1783,3280
4604: 4669,3517,1810
3925: 2537,3892,949
3926: 4105,1911,2472
3927: 
3928: 1014
3929: 2558
3930: 49,942,446,3155
3931: 3261,4250,2433
3932: 3885,2837,2458
4455: 1284,2230,670,4161,1620,1319
3934: 4633,1641,3338,2263
3935: 1145,911,752,0,3883
3936: 4274,1373,3061,4158,2305
3937: 1340,186,2565
3938: 278,2375,732,654,3896
3939: 2251
3940: 3649,751,168,1268,1880
3941: 455,4675,4362
3942: 3343,3222,2827,2573,2231,2679
3943: 3858,3862,2383
3944: 
4785: 1052,2502,4033
3946: 
3947: 4092,4669
3948: 2574,2136
3949: 112,158,2946,3847
3950: 3382,2148
3951: 958,3608,2770,1933,58,4337
3952: 1338
3953: 1724,1349
3954: 1511,1682
3955: 4074,1970,255,1276
3956: 3298,2155
4261: 2948
4796: 
3959: 3379,622,3164,3657
4532: 2732,4804,1299,3628
3961: 1317,3114
3962: 846,3844,319
3963: 4430,4687
3964: 3893,705,4312,4667
3965: 1792,1392,1144,1602,1827,2764
3966: 4488,3785,3280,1985
3967: 
3968: 4280,857,1086,1412
4657: 544
3970: 
3971: 2103,2138
3972: 1073,3185
3973: 4519,2020,1208,1739,3679
3974: 12,4416
3975: 2629,317,1023,2497
3976: 4799,1062,254,3977
3977: 4799,3976,1170
3978: 7,256
3979: 358,590,3816,4049
3980: 744,2149,1551
3981: 3411,2330,31
3982: 3550,1249,1240,2600
3983: 1009,3144,4470,3719
3984: 4404,3239,1342,32
3985: 86,1492,1767,2545,2601,4030
3986: 1998,4693,2926,4601
3987: 1607,4713,3607
3988: 3682,4098,2366,2391,3636,4578
3989: 3103,1920,1498
4536: 3178,1732,2655,4222
4602: 4506,1150,2360
4324: 3770,1975
3993: 4705,26,4371,527,2809
3994: 
3995: 
3996: 961,333,1918,25,1905
3997: 569,3264,4535,3117,2114
3998: 481,1735,1260,4798,2111
3999: 176
4000: 458,2634
4001: 74,4512,592
4002: 4457,3171,3836,3855,2344,1112,639
4003: 3009,3677,788,3415,349
4004: 1342
4005: 588,456,1380,4178,4147,4544
4006: 1874,2136,4751,232,479
4007: 1979
4008: 295,3461,1627
4009: 210,2959
4010: 1266,2004,3138,3754
4716: 2605,3229,2441,3540
4012: 3481
4013: 1666,248,2862
4014: 
4296: 2649,2942,4580
4016: 184,3015,2341
4017: 4445,2089,3806,541
4018: 
4019: 2210,2484,2049,4496
4020: 1282,468,1314,3331,3410
4021: 
4022: 2517,2466
4023: 4686,1247,1397,3233,1841,1211
4024: 3405,1632,4799,3756
4025: 
4026: 3481
4622: 4713,4741,4768,3584
4028: 3878,2872,2581,1029
4029: 870,2689,3123,3406
4030: 1277,2601,86,3985,1084,3564
4031: 2662,2500,2038,4256,3749
4398: 3508,4710,1459
4033: 4785,1052,2847
4034: 3613,3192,873
4035: 
4036: 290,1583,2596
4037: 3115,1811,564
4038: 3582,3755,2958,3451
4039: 122,397,4807,3613
4040: 
4041: 474
4697: 1435,4271,1253,648
4350: 3760,3759,1501
4044: 3323,1745,914,3203
4045: 4721,1100
4336: 2902,4264,306
4047: 1663,2756
4048: 58,1091,3284,2888,3499
4049: 935,4733,681,2280,3816,3979
4050: 1042
4051: 1649,4476,2455,2526,4766,1326
4052: 2317
4053: 2187,374,787
4054: 820,2737,2638,1727
4055: 3697,1917,11
4056: 
4057: 4305
4058: 1699,414
4059: 3401
4060: 4694,2295,2276
4061: 1093,3140,1823,345,3567
4062: 606,422,2215,4777,1270,1212
4063: 3303,436,1869,1176
4064: 938,3751,4364,1756,16,656
4065: 4284,1479,795
4066: 2491,3851
4067: 4295
4068: 147,2680
4069: 4418
4745: 4648,2972,1219,299
4071: 3109,2758,3877
4072: 2503,679,143,4279
4073: 998,4761,2874
4074: 1970,1859,3955,375,1638
4075: 3125,4121,1253
4076: 1422,3308,2953
4077: 3363
4078: 4740,4739
4079: 88,532
4080: 2576
4081: 3579,95
4082: 
4083: 1287,3695,623,2772
4084: 852,2718,416,4491
4085: 860,85,2002,2258
4086: 3044,1395,1547,3543,726
4087: 4472
4088: 700
4687: 3963
4090: 4770,1099
4091: 2083,271,2262,518,3557
4092: 4561,522,3947
4093: 415,2094
4094: 4709,3727,3697
4095: 4569,4376,3234,165,1685,1329
4096: 620,547,4634,1880
4097: 1408
4098: 3988,3682,2366,2968
4821: 387,2326,2411
4705: 826,1276,3993,255,4371,2809,2616
4101: 4451,3497,4595,4183,1532
4102: 3525,4434
4103: 2017,802,1731
4104: 211
4105: 3926,1911,952
4106: 3879,3533,4634,547
4107: 3912,3455,4290
4108: 2270,880,4718,2648
4109: 123,559,4427
4415: 4136,1696
4111: 4414,3213,799,3889,2761,919
4112: 2872,2581,1198,4140,3095
4113: 
4114: 1131,3462,3000,381
4115: 3765,2033,1681
4116: 1864,3102,670,3723,3691,3827
4117: 
4118: 459,1034,3886,4571,3153,3844
4119: 1340,792,15
4120: 3111,2983,976
4121: 1678,973,4075
4122: 3760
4123: 1893,4322,2061
4124: 2782,1399
4125: 4548,3640,1174
4670: 2029,2187,1727,820,2065,374
4127: 
4128: 1747,2245,2990,3395
4129: 2764,3798,4788,3064,1602,771,1038
4130: 3680,508,3671,682,4581
4131: 996,713,2766,1088,3486
4132: 2957,4315
4133: 2387,2278
4134: 2316,3644,1405,2208,2206
4135: 4591
4136: 4415
4610: 2360,2373,1048,3736
4138: 1155,4314,4510
4139: 3152,3225,4815
4140: 3095,4112,3881,2199
4141: 1425,584,1573,4738,1850
4142: 1270,3063,561
4143: 4380,2822
4144: 1475
4145: 
4146: 2614,1633,253,4533
4147: 1577,4544,4005,4178,1752
4148: 2268,2010
4149: 2495,904,1227,2744,1677,3681
4150: 2099,4788,328,1082,1153
4151: 1096,432,2786,1680,1793
4152: 
4748: 3867,4677
4154: 1634,564
4155: 1300,432,1178,2174
4156: 2217
4157: 1561,4379
4158: 4274,1373,3936,2926,1095,4560
4159: 
4160: 572,4672,2085
4161: 4196,670,4455
4368: 3266,1982
4163: 2393,1045,2563,4199
4164: 4177,3348
4242: 2158,3872,3856,3313,2674
4634: 734,4106,4096,547
4167: 1890,542,196
4168: 
4169: 537
4170: 4564,4189,2993
4171: 
4810: 1398,2061,3048,2204
4173: 3824,2980,1041,1634,4645
4793: 686,2900,370,435
4357: 1795,366,167,3163,4409,2520
4775: 2025,3319,3243,718
4177: 3134,4164
4178: 1752,1191,1380,4005,4147
4179: 2602,4644
4180: 466,3780,1582
4181: 1798,1402,3600,1581
4182: 2342,3350,701,3772
4183: 4595,1862,1933,3497,4337,4101
4184: 3604,2346,4333,620,643
4185: 2210,2484,3849,2044,1567
4473: 2723,4817,1337,3172
4187: 2647,145,2910,2583
4188: 2709,1730,1779,1431
4189: 1093,3140,2993,1111,4170
4190: 1907,4321,2243,2695
4191: 1344
4192: 2662,2038,3150,385
4342: 
4194: 2522,4231
4195: 2530,2340
4196: 4161,1419,304
4197: 2669
4319: 1453
4199: 628,2698,2715,2393,4163
4200: 2977,1754,898
4201: 1223,2868,214,427
4202: 
4203: 4356
4204: 3853,2143,2694,3570
4472: 1942,4087
4206: 3275
4207: 956,292,3709,4524,1679,3233
4208: 2593,4554,2068,3485
4209: 2636,358,469,3434
4210: 2748,3852,1390,4553
4735: 495,2251
4212: 2483,1393,2350,1104
4213: 2130,2062,4712,3533
4214: 2960,3244
4215: 590,4625,1906,576
4600: 2310,3432
4217: 4615,507,4497,419
4218: 3432,3513,4703,1657,3084,2597
4219: 580,2126,1856
4220: 
4221: 4726,446,3155,473,2635
4222: 4531,4360,2655,2070,4536
4223: 3009
4224: 3650,2574,1838,3514
4225: 447,2065,3718
4706: 4582,4249,260
4227: 3552