0: 22,3860
4486: 1980,2327,1090,1413
2: 3039,1700,2701
3: 1544,2554,3892
4548: 1354,3640,3559,2922,1240
5: 4710,4471,1990
6: 
7: 232,4330,2819,312
8: 
9: 586,1985
4717: 2873,4822
4739: 
12: 2882,2254,2357
13: 217,2627
4792: 2177,676,1318,2291,4642,988
4186: 2466,71,2326
16: 1145,2636,3233,4161
17: 4492,738,3190,3108
18: 2593,2311,988,4334,2711
19: 1004,2022,1820
20: 123,3836,2512,1867,573
4119: 2746,3983,4763
22: 2858,2660,0,3706
23: 2525
24: 1263,3568,1497
25: 3000,146
26: 278,3771,838,3395
27: 2372,2003,3716,3301
28: 3124,2720
29: 3721
30: 3237,1654,1347
4057: 905,1146
32: 861
33: 2521
34: 3690,2941,1550,1072
35: 1772,1186,280
36: 2804,2823,3115,2181
37: 1692
38: 1412,922,3682
4433: 
40: 2051,2915
41: 4500,4279
42: 4695,1988,2428
43: 2932,4764,1171
4461: 2136,3170,2169
45: 4355,3319,4801,1935
46: 4648
47: 4167,3664
48: 2391,3217
49: 1870,3727,3708
4628: 3326,207,1218,972
51: 1291,1011,2585
52: 1904,3176,1842
4319: 2967,1786,3325
54: 3411,4291,1411,435
55: 3164,1388,131,4740
56: 
57: 3434,2172,265,1053,1698,896
4561: 
59: 1994
60: 3599,2109
61: 3578,4172,3762,241
62: 
4622: 4309,498,2089,919,854
64: 3367,2978,1964
65: 1956,3527
66: 3415
67: 3597,753,342,626
4525: 2530
69: 3883,4041,3508,503
70: 2946
71: 4084,3630,4186
72: 1192,1228,4385,2698
4651: 3205,893,1791
4689: 4011
75: 2781,4811
76: 4800,1160,1096
77: 297,2646
4378: 3837
79: 602
80: 3533,81,4103,3158,3111
81: 80,1479,422,4103
4771: 4129,2966
4354: 114,1663
84: 
4172: 3301,3762,3578,61
86: 914,4155,3703,3939
87: 1911,3819,2486,4774
88: 1559,3399
89: 3640,3480,2715,4457,4381,939
90: 2964,3008,3189,3718
91: 1167,532,2123,4208
92: 3122,538
93: 3344,3588
94: 1085,3059
95: 2790
96: 3043
97: 3960,4422
98: 473,344,2477,871
99: 685,2100,2127,124
100: 365,1375
4037: 3806,3466,4173
102: 2057,3319,4421,1385
103: 1137,1081,4530,133
104: 2079,485
4733: 1515,1095
106: 3920
107: 3646,2563,584,189,1319,4140
4087: 2930,4277
4491: 284,1751,2356
110: 2399,4386,2337,4093
111: 2931,1598
112: 
113: 2601,623
114: 4354
115: 3345
116: 
4626: 1382,4078,4377
4784: 4487,2326,4084
119: 
120: 2590,2791
121: 2490,532,3733,4658,2039
122: 1881,3884,1815,3744,2432
123: 3836,20,2512,1168,1266,1275
124: 2127,99,528
125: 2531,4143,369,3410
126: 3752,4230
127: 428,839
128: 781,4275
129: 2867
130: 
131: 2872,3225,4740,55
132: 
133: 807,103,4054,4001
134: 4496,3001,2047,1856
135: 2119
136: 2925,3739,1007,1338
137: 4129,4610,3871
138: 849,3220,322,3858,4426
139: 
140: 1087,1196
141: 3571,3394,3581,3820
4314: 858,2262,4804,3828
143: 4213,4517,4575,3251
144: 3171,390,3198,3685,173
4702: 3809,2803,2675
146: 577,2816,25
147: 4731,4367,2182
148: 3630,1303,2217
4576: 1715,1677,3353
150: 4041,3571,675,235
151: 1461,1816,1591
4072: 1065
153: 3314,4587
154: 776,1629,4206,1296
155: 1259,3260,2537
156: 198,1023
157: 705,229,3650,1722
158: 4259,3671
159: 4288
160: 4767,3818,3193,3252
161: 2750,174,2055
162: 
163: 1981,2883,2072,4015
164: 4315,2076
4270: 3372,3846,4343,2279
166: 344,3531,1418
4064: 1351,888,3002,2854
168: 1754,1404,2533,1877
169: 4220,1894
4593: 4476,4224,3178,2441
171: 4155,3160,1149
4744: 2198,3005
173: 3488,3685,1973,3198,144
174: 2055,4556,161
175: 4149,2629,4308,3530,569
176: 
177: 3374,2850,2334,1062,3760,3795
178: 
179: 1204,3810
180: 
181: 425
182: 1091,529,1556,3917,4775,3922
4477: 1901,1385
184: 392,815
185: 
4732: 3716,3812,4407
187: 3276,3961,4365,1552
188: 839
189: 511,3646,107,1319,904
190: 337,4187,4649,1178,1632
191: 2569
192: 1279,3683,2030
193: 4738,4493,2675
194: 
195: 2192
4521: 
197: 
198: 2627,156,4670,1803
199: 3215,535,1924
4786: 3752,3369,2020,4047,3611
4100: 4323,1284,1507
202: 3542
203: 4579,3063,2435
204: 654,2616,2877,403
205: 241,2980
206: 1158
207: 3326,4628,713,866
208: 
4767: 3040,160,3818,4027,2789,2203,2459
210: 1940,307,795,4150,1975
211: 1798,1317
4373: 226,4463,2501
213: 3577,4558,2430,492
214: 1461,3366,2316
215: 1683,1084,2878,3855,3405
216: 2071,2043,1259,4685
217: 13,1941
218: 3440,2554
219: 4720,3591
220: 1502,3765,3692
221: 962,528
222: 3145
4618: 4613,994,760
4397: 3625,4563,2065,2286
225: 1908,2586
226: 4373,1735,3790
227: 2756,2949,949
4780: 3503,2257,1408
229: 927,3964,157
4441: 960
231: 4612
232: 4330,7,2709,691
233: 794
234: 4227,1285
235: 3571,150,2150,675
236: 1439,799,3046,2548
4520: 
4353: 1217
239: 3460,2958
240: 
241: 345,205,3762,61
242: 2171,1434,3558,3523
243: 
4330: 232,7,2709,2819
245: 1300,2577
246: 517,4481,4588,4357
247: 1558,1019,4724,952,3065,1891
248: 1302,1328,1156,4809
249: 
4581: 2930,3327,1977
251: 3821,772,2755,1931
252: 1944,4274,3820,3649,3394
253: 
254: 2749,1070
255: 2024,4218,4698,936,2771
256: 3055,3166,1951,1407,4793
257: 4185,4558,1792
4039: 746
259: 
260: 509,2214,431,4409,2414
261: 4307
4136: 2696,2232
263: 1541,4188
4501: 4311,2218,2186,1499,2996
265: 3434,57,1053,1006
266: 3463
267: 2936
268: 845,3851,3870,4605
4691: 1762,2817,891,1034,3750
270: 2822,2908,1835
271: 1560,1947,3841,2210,4295,1545
272: 4365
273: 3699
274: 1716,1131,381
4174: 1789,4371
276: 2362,3957,1618,845,1376
277: 
278: 26,2915,4138
279: 4145
280: 2345,35
4612: 1644,231
282: 3499,1622,2744
4633: 1662,436,4416,4554
284: 4491
285: 3589,2278,1954
4470: 3453
4377: 334,4447,1533,4078,4580,4626
288: 4788
289: 904,3102
290: 1062,2851,2334,4567
291: 3305,2978
292: 2442,2955,1747,4339,4766
293: 3387
294: 3543,1919,1080
295: 
296: 1937,3778,1140
297: 573,2646,77,2512
298: 3859,1429,1658,1746
4371: 4023,4174,2455
300: 1307,3811,2068,424,618
4813: 4349,4604,2626
302: 3902,1773,1151
303: 2035,894,3061,4201,427
4150: 795,1975,547,210,712
305: 1185,2078,1397,4211
306: 4257
307: 1212,210
308: 2277,1952,4149,2629,2788,4680
4307: 3738,2902,261
4608: 1727,3878,4312,2830
311: 4113,3823,2634,3593
312: 4641,2531,7
313: 909
4369: 4329,4343,4536,3372
315: 1267,1573
4306: 4313,611
4554: 917,3929,4633,1662
318: 
319: 1119,3886
320: 
321: 1594,1843
322: 3220,3515,138
323: 3999,4045
324: 
325: 
326: 2663
327: 2622
4096: 3158,1474,1993,1032,4103
4572: 2096
330: 4669,842
331: 694
332: 1262,2102
4356: 2550
334: 4377,4447,1533,3485,1445
335: 3274
336: 4564,3978,2686
337: 3526,4187,190,1632
338: 699,1496,459
4657: 2097,1444
340: 3214,2711,4122,708
341: 4232,834
342: 3597,67,3832
343: 3887,3695,1976,2259
344: 3617,166,98
345: 241,973,3184
4665: 446,3941,2129,3875,3959,3461
347: 3665,614
348: 4777
349: 2961,3347
350: 1664,668,4526
351: 1370,4802,2619,4819
352: 444,3517,1195,2106,2643
353: 3130,736
354: 3409,4158,427,4556,4201
4595: 831,4284,2750,2868
356: 3234,2219,2107
357: 1405,4750,4775,3583,4274
4210: 
359: 
4649: 1178,190,3006
361: 
362: 3257
363: 2369,2831
364: 
365: 100,3173,989
366: 2736,1511
367: 3928,4635,2395
368: 3352,1605,3509,4615,3893,2687
369: 1863,3170,125
370: 3134,3797
371: 1482,3387,855
372: 4599,2111,4798,3921
373: 4165,1419,3873,643
374: 2973
375: 4403
376: 2253
377: 2583,2179,2457
4794: 3906
379: 1027
4545: 4133
381: 1716,1825,274,743
382: 651
383: 2483,4688
384: 1940,3268,4019,941
385: 4256,3366
386: 1187,4473
387: 1315,1506,1461
388: 
4718: 708,570,4083,1819
390: 3881,3171,144
4637: 1879
392: 184
4339: 1747,2672,2857,2955,292
394: 1368
395: 897
396: 667,3647
397: 2491,1037
398: 3761
399: 3487,2279,3846,2004
400: 3864,1924,1301
401: 2567,2539
402: 4769,3102,4178
403: 2877,204
404: 1419,643
405: 
4381: 933,89,939,4589
4113: 3823,311,2505
408: 3510,4468,4656,4396,968
409: 4007
4252: 2051,3468,1965,695,4821
411: 640,1661
412: 4409,2378,2214,2346
413: 
414: 2437,3313,4188,4226,604
415: 475
416: 
417: 3087,3775,3685,1973
418: 2235
419: 4803,1103
4382: 3798,2252,1110,1094
421: 1266,1275,4596,1980
422: 3508,4103,1494,81
423: 
424: 4815,2405,1307,300
425: 181,2248,2874,4789
426: 2516,1342,1291,3605
427: 3409,354,303,894,4201
428: 127,839
429: 2528,1414,3115
430: 
431: 4765,3393,260
432: 2911,801,2625,522
433: 521,4611,4256,4456,4758
434: 925,1250,1903,4677
435: 3560,4160,1411,54
436: 4633,4416,4197
437: 2035,457,4795
438: 4803,3769,3185
439: 2543,2319,4305,3856
4631: 3104
441: 2834
442: 4141,2246,1767,1297,3403,2114
443: 4506,635,2557
444: 352,3517,1195,836,1504
445: 4753,4059
446: 4665,3941,1388,3959
447: 2061,3580,2275,2287,2880,2135
448: 3371
4103: 1032,422,3158,4096,80,81
4465: 2885,1312,2436
451: 3042,2615,2126,2199
452: 2388
4710: 5
454: 920,502
455: 1228,2205,4094
456: 935,2374,4734,1712,1191
457: 2989,437,2035,4795
4493: 193,1512,2675
459: 699,338,4479
460: 3312,1643,2568,4123
4176: 
462: 2188,2109
463: 
464: 
465: 3521
466: 2455,4196
4374: 4344
468: 4309,3338,3584
469: 1423,2225,3202
470: 4292
4231: 727,2215,4180,2480
472: 970
473: 98,717,1520,2637
474: 4766,3054
475: 2456,415
4056: 3046
477: 1020,4683
478: 3408,3712
4725: 3910
4257: 4672,306
481: 3277,3548
482: 1115
4715: 3421,4171,4774
484: 673,2167,4350,2401,3714,1522
485: 2179,4519,104,4097
486: 2937,2114,1688,2695
487: 1225,3083,3543
488: 2946,4133
489: 2186,2218,1607
4425: 
491: 4183,2754,558
492: 2330,3393,2430,213
4304: 1846
494: 4724,952,1676,4803
495: 2197,3332
496: 1076,548,4795
497: 3969,2142
498: 4622,2089,919
499: 910
4538: 4655,699,3492
501: 2273
502: 932,1047,454
503: 3508,2137,1961,1706,69
4457: 2715,3657,2545,3640,89,3559
505: 732,2716,4814,1000
4602: 1223,2047
507: 4258,553,570,581
4290: 
509: 260,2214,2414,4032
4227: 234,3208,1578
511: 189,4178,3646,2495
512: 2673,4335
4544: 3417,2883,2648
514: 
515: 3474,4775
516: 1078,4239,1129,4762
517: 4481,246,4357
518: 2823,936,1008
519: 4772,523,990
4288: 159
521: 1406,433,4611,4758,4668,3709
522: 432,801,540,1255
523: 4772,519,703,4820,990
524: 3520,4344
525: 1323,3730,3082
526: 737
527: 937,4462,2496,620
528: 221,124
529: 182,1091,2500,2864,3917,4775
4121: 4440
531: 3065,1891
532: 91,4229,121,1878
533: 994,760
534: 4347
535: 1924,199
536: 878,2110
537: 1433
538: 1353,3122,92
539: 
540: 868,801,522,1255
4343: 4369,2167,4270,3372,1414
542: 703,1122,3621
543: 979
4484: 1931,1295,2417
4061: 3052,1166
546: 
547: 795,4150,3618,783,712
548: 2576,4823,496,1076
549: 1640,1525,3205
4625: 3227,2562,2646,3886,3138
551: 1991,4556,4284
4474: 2050
553: 4258,507,570,2098,4603
4505: 2456
555: 
556: 3091,1678,3620
557: 
558: 491,1215
559: 909,4541
4394: 4197,4229
4580: 4078,4377,4447
4698: 2797,4218,255
563: 2066,1828,992,3602,1224
4724: 494,1676,1019,3543,247
4456: 3623,3592,3493,4256,1591,433
566: 
567: 1208,2257
568: 4682,2078,3951,739,1397,1706
569: 2699,175,2629
570: 507,553,4718,1819
571: 3643,1196
572: 4404,3402
573: 297,20,2512
4817: 
575: 
576: 2558,3290
577: 146,4200
578: 
579: 4036
580: 1957,1022,1095,4518,2888
581: 3214,507
582: 
583: 808,2451,2806
584: 3534,107,1319,4140
585: 
586: 2922,9,4640,1380
587: 4148,2190
588: 1914,2159
589: 
4783: 1681,3237,1347
591: 3130
592: 3696,2633,1458
593: 1161
594: 3527,3541
595: 3729
4766: 1747,292,474
4648: 46,4762,4728
598: 2035,3061
599: 3097
600: 1999,3035,4420
601: 3255,4584
602: 79,4819,3489
603: 
604: 4135,414,4226,1272
605: 1515,2926
606: 1498,3948
607: 1018
608: 2166,3373
609: 4333,1139,3012,2038
4331: 1766
611: 4306,4816
4795: 1751,496,2989,457,437,4355
613: 2454
614: 347,2226
615: 3860,3392,1874,3512,4170
616: 1873,1925,1362
617: 
618: 4678,954,300,2068
619: 1960
620: 3395,3771,2496,527,937,4481
621: 2296
622: 2275,2200,3845,1398,2497
623: 2601,3210,113,4738
624: 3513,2758,2150,2411
625: 3449
626: 1612,67,2725,753,1872
627: 3532
628: 3413,4427,2120,2882
629: 1586,2340
630: 
631: 
4764: 1709,1220,986,1652,43,1187
633: 3185,3603,3769,2714
634: 1596,2045
635: 443,4233
4512: 2858
637: 2721
638: 1711
4591: 3292
640: 411,4363,2967
641: 
642: 
643: 1679,373,1419,404
4109: 3454,2901
4053: 4054,2069,4278,2612
646: 4049,1864,3476,3667
647: 2848,4273,3606
4245: 1463,3751
4390: 3136,4534,1604
650: 4666,1244
651: 382
652: 1106,1904
4065: 2991,3422,4476
654: 204,2414,2616,1925
4242: 1665,1477,1526,2357,2187
656: 4009,3474,3347
657: 1280,3730
4131: 744,1362,2652,872
4187: 337,3526,190,3456
4802: 2619,1370,351
4789: 722,425,2248,2874,2913
662: 3106
663: 3002,2854,3202,3653,3677
664: 2665,1230,2588,2026,2319,3829
665: 1298,2385,3631,1353
666: 2060,995,2202
667: 396,3743
668: 1212,350
669: 
4082: 3257
671: 1520,2931
672: 2876,2288,4745
673: 484,4350,3714,3607,1031
674: 3352,1605
675: 2150,3263,2342,3571,150,235
676: 3266,4792
4169: 831,4345,3551
678: 3640,3480,1240,2408
4778: 1584,1777
4365: 187,272
4414: 3626,805,3226,1422,4459
4322: 1811
683: 2123,3929
684: 
685: 723,99,1034,2100
686: 3444,2743
4643: 1802,887
688: 3272,1372,2749
689: 836,4805
690: 
691: 4300,4641,232
692: 931,3722,1395,3962
693: 2307
694: 3204,331,1638
695: 2350,1965,2359,4450,4821,4252
696: 4546,4171,3223,4774,3843
4289: 3076,1406,1729,4714
698: 2192
699: 338,1943,459,4538
700: 2956
4776: 3282,2389,2034,1179,1997,4069,4699
702: 2004,2181,2804,2102,3358
703: 4820,523,542
704: 3845,3817,4721
705: 4536,157,1722,1619
706: 1466,2322
707: 2128,1639,2351
708: 4718,3763,340,4083
709: 4143,3952,3519
4052: 4747
711: 1562,4391,1583
712: 2566,1390,4150,547,783,3522
713: 866,207
714: 
4667: 1974,4384
716: 2653,2122
717: 2164,742,473,2637
718: 1564,1456,3616
719: 3831,3937,2611
4809: 3977,1532,3663,248
721: 
722: 4789,2874,1989,2913
723: 685,4726,4455,2100,2280
724: 
4502: 779,1596
4032: 1873,1925,509
727: 2215,4231,2130,3451,2480
728: 3453,792
729: 3607,3981,3714
730: 4151,2861,1106,2353,1642
731: 
732: 505,2716,3084,4814
733: 3350,1750,3830
4155: 3160,171,86,3939
735: 1245,3208,3300
736: 841,353
737: 526
738: 3190,2573,817,17,4492
739: 2137,3951,568,1706
740: 
4118: 2572,930,2241
742: 2164,717,1418,1134,4605
743: 3998,381,1337
744: 4131,3548,1218,872
745: 1766
746: 4039,2031,4439
747: 3910,3136,3088
748: 3525
749: 
750: 1520,2637,2931,2547,2115
751: 1150
752: 4574,2100,2127,3734,1441
753: 2725,1438,67,626
754: 1251,2466,3825
4134: 3820,3737,3883
756: 2160,1777,3905
4122: 340,3214,4642
758: 3661,1852,3212,2320,3131
4418: 3376
760: 3914,994,4618,533
761: 
762: 3332,2197,1932,4105
763: 
764: 
765: 1323,3730
766: 2408,1677,1762,2817
4823: 4597,4213,2961,2576,3251,548,2989
768: 4654,4511
4775: 3917,182,529,2864,357,4750,3922,515,3583
770: 
771: 
772: 3821,251,849,2778,2625
4220: 169,1894
774: 1712,930,2374
775: 1284,3785,2553
776: 154
777: 4671,1875
778: 2321
779: 4502,2243,1596
780: 
781: 128,4275,3783,2703
4055: 1059,1763,1704,3379
783: 3618,547,712,3522
784: 2341,1653
785: 2744,1888,1488,4049,1864
786: 1782
787: 2112,2896,963,2448,3705
788: 2463,3261
789: 2158,4190,3018
790: 1758,3861,1004
791: 3957,2770
792: 2406,4801,728,4101
793: 948,2424
794: 233
795: 4150,547,1940,210,941
796: 
797: 2864,2080,2859
4141: 442,2246,1767,3747,4443,3982
799: 2355,1439,236,3046
800: 2267
801: 432,2911,2159,540,522
4040: 4432,3572
4364: 
804: 2548,1621
805: 3626,4414,3226,4166
806: 2156
807: 133,4679,4530
808: 583
4753: 3023,445
810: 2936,1041,3288
811: 1792
812: 
813: 882,2666,1294,4598
814: 3300,2806,2741,2766
815: 3631,184
816: 3601,2178,4351
817: 2573,738
4763: 2985,2811,4119,2746,1443,1508,4007
819: 
820: 3984
821: 
4772: 523,519,2917,1011,1430,2633,4820
823: 3681,1476,3460,1341
824: 1890,4264
825: 
826: 2256,1262,4462
827: 4630,3322,1586,2044
828: 
829: 
830: 2872,3225,846,1788
831: 4169,4595,2868
832: 4455,4238,3766,2280
4616: 1927,1891
834: 4277,1531,341
835: 3629,1004,1758,2288
836: 689,4535,1195,444
837: 
838: 3771,2496,4444,2608,26
839: 188,127,428,2813
4311: 4501,2218,1607
841: 736
842: 4669,330
843: 4207,1841,2426,3284
844: 2095,1939
845: 268,2869,276,1134,4605
846: 3546,3271,830
847: 3555,4529
848: 1594,1593,3725
849: 138,2778,1264,772
850: 2663
851: 2472,2138
852: 3457,3221,961
4661: 1707
854: 3338,2793,4309,4622
855: 2972,3387,1482,371
856: 1580,3895
857: 878
858: 4314
859: 1150,3986,3409
4787: 1898,3377,2306
861: 1147,32
4726: 723,4147,4455,1174
4647: 2009,1429
864: 3948,3826,4791
865: 3405,2878,4005
866: 713,207
867: 3093
868: 540,1796
869: 923
870: 
871: 2571,98
872: 2652,4131,1218,744
873: 1548,3459,881,1462
4529: 847
875: 1567,1511,2865,2736
876: 2605,1363
877: 2794,3176,1198
878: 857,536
879: 1215,4727,2342
4267: 2783,1229,3901
881: 3459,873
882: 3381,4701,2666,2644,4598,813
883: 2292,3539,2224
4345: 1443,2217,4169,946,3551
885: 4327
886: 
887: 4557,4643
888: 2128,957,3458,4064,3002
4728: 1837,3085,4648
890: 4000,2513,3166
891: 4691,1762,1380,1034
4073: 3161
893: 2312,4651,3205
894: 3702,3061,303,427
895: 
896: 1971,1698,3434,57
897: 395,3275
898: 2991,3178
899: 3743,1260
4555: 1934,3738
901: 3580,4312,4144,1727
4262: 1425,3120,1885,4012
4473: 1645,386
904: 1319,3351,189,289
905: 4057,3412,4406,3068,2146
4480: 
4781: 2862
908: 4031,2459,1316
909: 559,313
910: 499
911: 2002,2723,4765
912: 3216,3341
913: 2277,4678,4680,1277
914: 86,1512
915: 4498,1998,2589
916: 1464
917: 4554,1167,4229
918: 
919: 4309,498,4622,2660
920: 1279,454,932
921: 2391,3471,2422
922: 1412,38,4670,2627
923: 1846,3651,869
924: 1276,1724,1092,1455,2669
925: 434,2352,1903
926: 
927: 229,3964,4128,4038,1040
4427: 3413,628,1396,2657,4683
929: 2000,3554
930: 2572,4118,774,2374,4734
931: 3722,692,4272
932: 1047,502,920
933: 4381,2853,3941
934: 2097,1444,3589
935: 456,4542,1191,2266
936: 2771,255,518
937: 527,2496,620,4481
938: 1234,1848,1410
939: 4589,4381,3480,89
940: 3751,2203
941: 1754,1404,1940,384,795
942: 1486,2161,3083
943: 3708,1471,1198,2318
944: 
4650: 1621,3429
946: 1536,3551,4345,2450
947: 1646,4389,1064
948: 2424,793
949: 2949,227,2362
950: 1526,3044,1855,3985
4143: 2531,709,125,2379,3519
952: 494,4803,1558,4490,247
4720: 219,2666
954: 2699,618
955: 3396,1963,1544
956: 2955,4542,2266
957: 2128,888,3458
958: 1040,4128
959: 983
960: 4441
961: 2534,3671,852,3457
962: 4272,221,1715,3750
963: 2896,1569,2485,2448,787
964: 2411,2150,3263
965: 2607,3908,3955
966: 
967: 
968: 2339,2795,4656,408,4468,3252
4679: 2010,2828,4530,807
970: 472,1589
971: 1677,3975,3156
972: 2893,1218,4628
973: 3519,1190,345
974: 3844,1503,1180,2327,1090
975: 3908,3109
976: 3473,2700
977: 3576,4458
978: 3163,3153
979: 543,4583,1342
980: 
981: 
982: 1435,1400
983: 959,3256
984: 1563,3074,1742,3069,2861
985: 2532,2482
986: 1220,4764
987: 1675,2779,3382
988: 4334,4792,18
989: 3478,3349,3310,3173,365
990: 523,519
991: 1578
992: 997,4504,4818,3602,563
993: 2190
994: 4618,533,760
995: 2060,666
996: 4543
997: 992,2939,4818
998: 3101
999: 3564,1151,1437
1000: 1299,1624,4814,505,2716
4317: 2211,2300
1002: 4656,4396,3193,3958
1003: 2800,2084
1004: 19,2022,790,835
1005: 3557,2111,3790,4599
1006: 4422,1053,265
1007: 2777,136,3739
1008: 1079,4074,518
1009: 
1010: 2478,2191,1528,1933,1067
1011: 2917,3605,51,1291,4772
1012: 4499,4531,4703
1013: 2487,4004
1014: 2595
1015: 3789,4645
1016: 2334,4567,2133
1017: 
1018: 607,4708,2221
1019: 4724,3065,1891,247
1020: 3591,2887,477,4683,3956
1021: 
1022: 580,3979,3349,1181,4518
1023: 2607,156
4093: 2461,2169,2399,110
1025: 3431,2255,1454,3189
1026: 1344
1027: 379
1028: 3977
4392: 1976
1030: 2992
1031: 2392,3607,673,4350
1032: 4103,1494,1993,4243,4096
1033: 3968,4816
1034: 3750,891,4691,685
1035: 1672
1036: 
1037: 397
4785: 3597,3567,3806
1039: 2997,3992,4081
1040: 2535,958,3775,927,4128
1041: 2936,810,3335
1042: 1859,4751,2216
4215: 1618,1184
1044: 3279,4086
4393: 
1046: 3199,1528,4534
1047: 932,502,3689
4439: 2031,746,1463
4527: 2317,1820,2842
1050: 1139,2012,4046,1956
4351: 3328,3612,816,3169,1633
1052: 4822,3096
1053: 4422,1006,57,2172,265
1054: 2157,4423,3454
1055: 3593,2890,4070,4793
4051: 3100,3180,1203,3659
4748: 
4181: 
1059: 4055,1763,4217,3379,2231
1060: 2056,4165
1061: 
1062: 290,3777,2851,2334,177,2850
1063: 3849,3582,3882,1185
1064: 3703,947,4389
1065: 4072,3888
1066: 2776,1235,1693,1409
1067: 1010,1528,1933,1647
4596: 1119,421,1275
4481: 517,246,937,620
1070: 3447,2986,3280,254
1071: 4805
1072: 1780,34
4313: 4306,2610,1253
1074: 3827
1075: 
1076: 496,548,4421,2995
1077: 1280
1078: 516,3159,2948,1129
1079: 4074,1484,1008,1262
1080: 1919,294
1081: 1137,103,3242,2366
1082: 1242,3969
1083: 4476
1084: 215,4198
1085: 94
1086: 2969,3530,1293
1087: 140
4566: 2197,1932,3360,3595,2090
1089: 
1090: 1980,4486,1974,2117,974
1091: 182,1243,529,1436,1556
1092: 924,1724,1455,3048
4334: 988,2427,3038,2311,18,4261
1094: 1110,4382
1095: 580,4733,2888
1096: 3858,4426,76,4424,2912
1097: 
1098: 
4705: 3881,1449
1100: 2313,2113,4135,4063
4489: 1834
1102: 
1103: 4803,419
1104: 2853,3470,1475,2734
1105: 1574,4666,1286
1106: 3253,652,2353,730,1642
1107: 3742
1108: 4707,4403,1926
1109: 3081,1796
1110: 1094,4382
1111: 
4112: 1441,2127
1113: 3169,1633,1475
4562: 3911,3784,4707
1115: 3573,482
1116: 4569,4634,2508
1117: 3186,3082
4068: 
1119: 4596,319,2646,3886
1120: 2146,2697,4406,2760,2724
4114: 4232
1122: 542,3621
4041: 150,69,3508
1124: 
1125: 3126
1126: 2947
1127: 1448,2589
1128: 1640,2735
1129: 3454,1078,516
1130: 
1131: 3675,1716,274
1132: 1823
1133: 2324,1865,3398
1134: 4605,845,2164,742
1135: 
1136: 1272,1943
1137: 1081,103,2366,2963,4001
4340: 
1139: 2841,1050,4333,609,2038
1140: 296,1778
1141: 3148,3458
1142: 3695,1976,4674
1143: 
1144: 
1145: 16
1146: 4057,4406,3974
1147: 1631,861
1148: 3887
1149: 171
1150: 859,751
1151: 999,302,3161
4182: 3944,3852,3687,2484
1153: 3834
4416: 4633,436,4197
4329: 4369,1180,2401
1156: 1384,1157,248
1157: 2292,2421,4508,1384,1156
1158: 206
1159: 
1160: 4800,76,1658,1746
1161: 593,3310,4551,2959
1162: 3980,1282,2384,3557
1163: 2387
1164: 1763,3259,2231,1241
4504: 992,1828
1166: 4061
1167: 91,4229,2123,917
1168: 123,3836,1266,3066
1169: 3940,2745
1170: 3854,4308,4752,1216
1171: 43,2932
4811: 3258,1231,3931,75,2781
1173: 
1174: 4455,4147,4726
1175: 3869,4002,2760,3708
4575: 4517,143,3251
1177: 3874
1178: 4649,1632,190
1179: 2034,2389,4776
1180: 3844,1503,974,2401,4329
1181: 2540,4518,3979,1022,1840
1182: 4297,1617,4189,2732,1438
4686: 3461,3897
1184: 3447,2986,1736,4215
1185: 305,2820,3849,1063
1186: 2345,35
1187: 386,4764,1652
4730: 1983,4742
1189: 1859,3262
1190: 2819,3519,973,3933,3184
1191: 2857,1712,456,935
1192: 1228,2698,3982,1948,72
4511: 4654,768
1194: 1998,3888,2028
1195: 3899,2106,4535,836,444,352
1196: 3720,140,571
1197: 2038
1198: 2563,2318,877,943
1199: 3321,3090,2921
4429: 
4278: 2612,2069,1529,3587,4053
1202: 4305,3926,2573,2393
1203: 3659,4051,1877
1204: 3810,179
1205: 4363,2826,2702
1206: 1742,1372,2353
4624: 1299,1389
1208: 1420,567,1692,2257
4250: 1237,2530
1210: 2040
1211: 4703,2690,3009,2730
1212: 3218,307,668
1213: 
1214: 2185
1215: 879,4727,558
1216: 3016,1806,4752,4308,1170
1217: 4353
1218: 744,872,4628,972
1219: 3302,3038
1220: 986,4764
1221: 1530
1222: 3463
1223: 4602,2047,1856
1224: 2993,3335,563,1828
1225: 1386,487,3343
1226: 1484,3935,1721
4810: 1634,2220,2502
1228: 1192,455,2698,1514,72
1229: 4267
1230: 664,2665,2588,2155
1231: 4811,3562
1232: 1314,4822,3832
1233: 
1234: 938,1848
1235: 1066,3569,2693
4495: 
1237: 2530,4250
1238: 1787
1239: 2522
1240: 4640,2408,4548,678,2922
1241: 2231,1164,2521
1242: 1082,3969
1243: 1091,1840,1556
1244: 2274,650
1245: 3208,735
1246: 4254
4259: 158,3327,3671
1248: 2626
4446: 1292,1427
1250: 2992,434,4677
1251: 3278,754,2466
1252: 3376,2027
1253: 4407,2909,2610,4313,4160
1254: 1740,2198,3919,3076
1255: 1288,540,522
1256: 2301,2330,3393,4765
1257: 1310,2029
1258: 
1259: 155,3260,4685,2731,216
1260: 899,2997
1261: 1793,2295,2753
1262: 332,1079,826
1263: 24,3568
1264: 849,2755
1265: 4165,1419,1752
1266: 421,1275,123,1168
1267: 1822,315,2543,3637
1268: 1754,2533
1269: 
1270: 2346,3639,4463
1271: 2704,2906,2444,2738
1272: 1136,604
1273: 
1274: 3554,4737
1275: 1266,421,123,2512,4596
1276: 4428,924,1724,3357,2669
1277: 3869,2277,913
4308: 3854,1170,3530,1216,175
1279: 192,920
1280: 657,1077,4203
1281: 1521,3304,2679
1282: 2384,3784,1162
1283: 2264,2352
1284: 775,3785,4100,1507,3297
1285: 234
1286: 1105
4188: 414,3313,4226,263
1288: 1255,3280,3447
1289: 3105,1432,1738,3715
1290: 2299,3186,2340
1291: 51,426,3605,1011
1292: 4446
1293: 1086,4149,2788
1294: 2158,4598,813,2657
1295: 3821,2944,4484,1931
1296: 1848,1756,154,4206
1297: 3403,442,2246
1298: 665,2594,2385,1353
1299: 3569,1624,1000,4624
1300: 245
1301: 3990,1924,400
1302: 248,1328
1303: 3630,148,3834
1304: 
4737: 3554,1274
1306: 2661,4075
1307: 300,3811,424,4438
4411: 
1309: 2621,2680,1525,2312,3205
1310: 1257,1843
4436: 1549
1312: 1378,3112,4465,2885
1313: 4295,3064,3180,2210
1314: 1232,4822,3832,4692,4376,2023
1315: 1506,387,1316
1316: 4027,2795,908,1315
1317: 211
1318: 3266,3779,4045,4792
1319: 904,3351,4140,3646,107,584,189
1320: 
1321: 4494,2814,4791
4238: 832,3910
1323: 525,3730,765
1324: 3201,3732
1325: 4796,3732,2792,2272
1326: 3100,2533,2962
1327: 4623,2792,2245,2570
1328: 2421,248,1302
1329: 3824,2171,2757
4209: 1516,4769,3102
1331: 
1332: 
1333: 
1334: 3449
1335: 4687
4404: 3402,572,3823
1337: 743
1338: 136,3739
1339: 
4171: 4546,696,3421,4715
1341: 3460,2115,1476,2547,823
1342: 1667,979,426
4672: 4257
1344: 1026,2226,3963
1345: 
4036: 3682,579,1941
1347: 3237,1654,30,4783
1348: 1462,1548,3481
1349: 3373
4558: 3641,213,3577,2378,257,1792
1351: 4064,3148,3458,4388
1352: 3751,3209
1353: 538,1298,665
1354: 4548
1355: 3179
1356: 3943,2775
1357: 
1358: 2259,1719,2103
4254: 2999,3389,3289,1246
1360: 
4335: 512
1362: 616,4131
1363: 876,2976
1364: 1627
4269: 
4571: 2189,4761
1367: 3916,4233,2766
1368: 2867,394
1369: 3410,4619
1370: 351,4802,3676
4294: 3167,2307,3210
1372: 3272,688,2749,1742,1206
1373: 2206,3188,1405,1950
1374: 2757,3062,1428,2375
1375: 2990,100
1376: 276,3957
4463: 4582,1270,4067,4373
1378: 4208,1312,2642,3112
1379: 
1380: 1762,586,4640,891
4070: 1407,1055,4793
1382: 4626
1383: 1729,2580,2630,4714,3801
1384: 1156,1157,1775,3609
1385: 4630,3322,4477,2057,102
1386: 1225,1676,3543
1387: 4788,1942
1388: 55,3164,4740,446,3959
1389: 4624
1390: 712,2566,1975,4360,3216
1391: 4059,3532
1392: 1968,2368,3967,2441
4644: 2441,4224,3604,3803,3462
1394: 3829,3856,2665,3854
1395: 3962,3138,692
1396: 3413,4427,3591,4683
1397: 1706,4211,568,2078,305
1398: 2497,622,2759,2613
4403: 4707,3228,1108,375
1400: 1709,982,1435,3544
1401: 2873,4822
4272: 962,931
4129: 4771,2966,137,3871
1404: 941,1754,3618,168
1405: 3188,1950,357,4750,3922,1373
1406: 521,4611,4289,4714,4668
1407: 4070,1951,256,4793
1408: 2783,4780
1409: 3909,1066,1693,3585
1410: 2886,938
1411: 3411,4291,54,435
1412: 922,38,4670,3479
1413: 2327,4486,4038
1414: 429,2664,4343,2167,4350
1415: 
1416: 
1417: 4757,3308
1418: 3531,3870,166,4605,742
1419: 373,4165,1265,643,404
1420: 1692,1208,2257
1421: 3194
1422: 2759,2761,4459,3226,4414
1423: 2225,469,1637,2540
1424: 2065,3560,2104
1425: 4262,3120
1426: 
1427: 4446
1428: 3062,1374,1809,2375,1882
1429: 3859,298,4647,2009,2132,1746
1430: 1530,2917,2678,4772,4820
1431: 1540,3799,3485
1432: 2062,1738,1289,4071
1433: 537,2253
1434: 1609,1635,242
1435: 982,3544,1400
1436: 2225,3294,1091
1437: 999
1438: 2725,753,2732,2483,1182
1439: 2355,799,4747,236
4708: 1018,3632,4142
1441: 4112,752,2127,3734
1442: 
1443: 4345,2217,4763,2985,4007
1444: 4657,934
1445: 3485,3014,334,4447
4749: 
4243: 1993,1961,4211,1032,1494
1448: 1127,3071
1449: 1562,2748,4705,3881,3171,4391
4711: 3794,2753
1451: 4671,3370
4074: 1079,1484,1008,2420,1684
4615: 3509,368
1454: 1025,2255
1455: 2669,4437,4617,924,1092
1456: 1564,718,4606
4185: 257,4773,3228
1458: 592
4599: 372,2111,1005,2049
4685: 3243,2731,1259,3260,216
1461: 151,214,387
1462: 1348,3459,873
1463: 4245,4439,3751
1464: 916,3575,3448
1465: 1789,4138,1511
1466: 706
1467: 
1468: 
1469: 3080,3852,3687,3513
1470: 2501,3277
1471: 943,2318,3534
1472: 3070
1473: 
1474: 4116,4096,1993,3849
1475: 3169,1113,3612,1104
1476: 4434,2115,2702,823,1341
1477: 1665,4242,2187
1478: 2694
1479: 81,3218
1480: 3162,4807,3586
4428: 1276,1724,3512,2422,4170
1482: 371,3317,855
1483: 1490,2296
1484: 1079,4074,3935,1721,1226
1485: 3081,1916,1796
1486: 3985,942,1573,1855
1487: 3004
1488: 1862,2744,785
1489: 3340
1490: 1483,2923
1491: 4818,3125
1492: 3220
1493: 4193,3550,2175,3470
1494: 1032,1961,4243,422
4138: 1465,2915,278,1992
1496: 3959,1995,3164,338
1497: 24
1498: 3967,606,1687
1499: 2996,3494,4501
1500: 
4674: 2972,1142
1502: 1593,220,1594,3692
1503: 1180,974,2327,3964,4038
1504: 444
1505: 
1506: 1315,387,3071
1507: 4100,1284,3297,3654
1508: 4763,2618
4723: 1747,2990
4277: 834,4087,2930
1511: 2865,875,1465,366,2736
1512: 914,4493
4165: 373,1419,1265,1060
1514: 2698,2155,2596,1228
1515: 4733,605,2553
1516: 4209,1985,2230,4524
1517: 2709
4568: 
1519: 2239
1520: 750,2637,2931,473,671
1521: 3304,1281,4530,2679,3242
1522: 2659,3844,2401,484
4443: 3747,4255,3517,4141,2246
4080: 
1525: 2680,1309,549,2735,3205
1526: 3044,950,2357,4242,2187
1527: 4592
1528: 3199,2191,1046,1010,1067
1529: 2069,2656,4278
1530: 1430,1221,2835
1531: 834
1532: 1741,4809,3663,2005
1533: 4377,334,4447
4421: 2995,1076,3319,102
4820: 703,2917,1430,1734,4772,523
1536: 946,2450,4084
1537: 
1538: 
1539: 4323,3188,1950
1540: 3799,3987,1431,4464
1541: 4741,263,4226,2113
4518: 1181,580,1022,2888
1543: 3256,2000
1544: 3,955,1963
1545: 4142,3841,271,3940
4510: 2815,1564
1547: 
1548: 873,1348,3481
1549: 4436
1550: 34,2941,1867,4655
1551: 4496,4621
1552: 187
4132: 3566
1554: 2063
4224: 4476,4593,3803,4644,2441
1556: 182,1091,1243,1950,3922
4475: 
1558: 1927,4490,247,952,4803,1891
1559: 4584,88
1560: 1947,2814,271,4295,3064
1561: 
1562: 1449,2748,711,4391
1563: 1736,984,3069,3851
1564: 1456,718,4510,2815
1565: 
1566: 
1567: 875,2812,2865
1568: 
1569: 2896,963,3024,4079
1570: 1770,2125,1953
4503: 4754
1572: 4405,4264,3363
1573: 1486,315,1855,3108
1574: 1105,4666
1575: 3546,3200,3230
1576: 4054,3024,2344
4184: 3936,3513
1578: 991,4227
1579: 3045
1580: 856,3598
4543: 2982,996
1582: 
1583: 3438,2898,711,3524
1584: 4020,4778
1585: 
1586: 2914,629,827
4449: 2830,4741,2938
4323: 2888,4100,1539,3188
1589: 2973,970
1590: 2963
1591: 151,1816,3592,4456
1592: 
1593: 1502,1594,848,3725
1594: 321,848,1502,1593
4189: 1617,1182,2725
1596: 634,779,4502
1597: 2026
1598: 2931,2547,111
1599: 3498,2486,4774
4476: 4224,4593,4065,1083,3178
1601: 3584,2176,4816
1602: 3838,4360,1905,2566,1682
1603: 
1604: 4524,2230,4390
1605: 3352,368,674,2223,3893
4539: 3544
1607: 4311,2218,489,4713
4240: 2036
1609: 2592,1434,1685,3196
1610: 4202
1611: 3491,1899
1612: 626,1872
1613: 3979,2959,1637
1614: 1630
1615: 
4610: 137,3871
1617: 4297,1182,4189,2692
1618: 4215,2869,276
1619: 1722,705,3746
4553: 3326,3815
1621: 804,3429,4650
1622: 3325,282,3051
1623: 3848,1625
1624: 1299,1000,2716,2776
1625: 2268,1623
1626: 
1627: 1364
1628: 1785
1629: 3753,4206,154
1630: 1614,2790
1631: 3324,1147
1632: 1178,337,190
1633: 3169,1113,2178,4351
1634: 3376,4810
1635: 1434
1636: 2610,3316,3812
1637: 1613,1423
1638: 4798,2404,3204,694
1639: 707
1640: 1128,549
4453: 3629,4819,4497
1642: 1106,4151,730
1643: 4170,4420,2568,460
1644: 4612
1645: 4473,2590,3320
1646: 947,4389
1647: 1933,1067,1862
4066: 4298,2647
1649: 3691,4207
4387: 
1651: 
1652: 2763,4764,1187
1653: 3137,2341,784
1654: 3237,1347,30
4217: 3379,1059,2231,1802
4671: 777,1451,3974,3370
1657: 
1658: 298,1160,1746
4492: 17,2573,738,3190
4556: 4158,354,551,4201,174
1661: 4251,411
1662: 4633,2098,4554
1663: 4354
1664: 350,3341,4526,1969
1665: 4242,3413,4683,1477
4284: 2750,551,4595
1667: 1342
1668: 
1669: 2983
4168: 1785
4432: 4040,1797
1672: 2565,1035
1673: 
4589: 939,3339,4381,2129
1675: 987,2779
1676: 1386,494,4724
1677: 971,766,4576
1678: 3620,3952,556
1679: 643,4821,3873,4450
4170: 1643,615,3512,4428
1681: 4783
1682: 3838,1602,3565
1683: 215,3855
1684: 3935,4214,2420,4074
1685: 4619,1609,3196,4564
1686: 3562,2700,4487
1687: 3967,1498,3064,4791
1688: 3298,3403,2114,486
1689: 2343,3192
1690: 
1691: 3433
1692: 1420,1208,37
1693: 1066,1409,3585
4617: 1455,3514
1695: 4549
1696: 1996,3490
1697: 2893,3764,4814,3993
1698: 57,3688,896
1699: 2524
1700: 3010,2
1701: 4018,3402
1702: 4646,3144
1703: 
1704: 4139,4055,1763
4455: 1174,832,723,4726,2280
1706: 1961,1397,4211,568,739,503
1707: 4661
1708: 2692,4814,3993
1709: 1400,4764
1710: 
1711: 1831,638
1712: 774,456,2374,1191
1713: 4199,4086,4058,2189
1714: 
1715: 4576,2817,3750,962
1716: 3675,1131,1825,274,381
4774: 2486,4715,696,1599,3843,87
1718: 
1719: 1964,2622,1358
4419: 3707,1833
1721: 1484,1226
1722: 705,157,3746,1619
1723: 2746,1833
1724: 4428,1276,924,1092
1725: 2649,2519
1726: 2008
1727: 4608,4312,901,2061
4579: 203,2435
1729: 1383,2580,4714,3076,4289
4102: 3351,4140,3155
4516: 3991,4614,2689
1732: 2403,3105
4208: 1378,2123,91
1734: 2835,4820
1735: 3980,3790,226
1736: 1563,1184,2986
1737: 2805
1738: 1432,3873,1289,3715
1739: 2161,4815,1919
1740: 4157,1254,2198,4601,3919
1741: 2895,1532,3884
1742: 1206,1372,2749,3074,984
1743: 2596,2588
1744: 3963
4099: 2529
1746: 2132,1658,298,1429,4800,1160
1747: 4723,4339,2990,292,4766
4046: 2055,2012,1050,1956
4584: 3255,3289,601,1559
1750: 4440,3830,733,2822
1751: 4795,4491
1752: 2310,4207,1265
1753: 
1754: 941,1404,1268,2533,168
1755: 
1756: 1848,1296
1757: 3490
1758: 790,3629,835
4670: 1412,922,3066,1803,2627,198
1760: 4688,1851,3912
1761: 3446
1762: 4691,2817,1380,766,4640,2408,891
1763: 1059,4055,1164,1704,4139,3259
1764: 2827,2860
1765: 2065
1766: 3831,745,4331
1767: 4141,442,3982,2295,2937
1768: 2976
4115: 3129
1770: 1570
1771: 2103,3999
1772: 35
1773: 302,3902
1774: 
1775: 4508,1384
1776: 
1777: 756,4778
1778: 1140
4721: 2125,704,3845
1780: 1072,2110
4424: 4800,1096
1782: 786
4229: 1167,532,917,4394
4623: 1327,2792,3391,2272
1785: 4168,1628
1786: 2967,4319,1958
1787: 1238
1788: 4111,830
1789: 1465,4174
1790: 
1791: 2474,4651,3342,1901
1792: 811,257,4558
1793: 1875,1261,3412
1794: 1841,3054
1795: 3224,2142
1796: 1109,1485,868
1797: 4432
1798: 211,3311
4104: 2534,3990
1800: 
1801: 3428
1802: 2737,4643,4217,2231
1803: 3066,4670,198,4384
4678: 4680,618,913
1805: 3506
1806: 1216,3240,3016,4752
4124: 
1808: 
1809: 2732,2375,3912,1428
1810: 1895,4216,3973,3424
1811: 4322,3090
4680: 4678,2277,308,913
4641: 312,3669,691
1814: 
1815: 122,3884,3744,3318
1816: 3148,151,1591,3592
1817: 
1818: 
1819: 570,4718
1820: 2842,4527,19,2022
1821: 
1822: 1267,3240
1823: 2050,1132
1824: 4376,2023
1825: 3675,1716,381
1826: 2644,2063,3360
4482: 
1828: 563,4504,1224
1829: 2445
1830: 
1831: 1711
1832: 
1833: 1723,4419,3707
1834: 4489
1835: 3514,3610,270,2337
1836: 3650,3488,2670
1837: 4728,3085,3808,2431
1838: 3984,3905
1839: 
1840: 1181,1243
1841: 2426,3054,1794,843
1842: 2794,3176,52
1843: 1310,321
1844: 3374,2850,2175
4336: 3724
1846: 3651,923,4304
4248: 
1848: 1756,1296,1234,938
4534: 1046,4390,3136
4198: 1084,2495
1851: 1912,1760
1852: 3661,758,2320
4094: 3424,1895,455
1854: 3584,2176,3338,2676
1855: 3108,950,3985,1486,1573
1856: 1223,2047,2480,134
4773: 2430,2209,4185
1858: 2808
1859: 1189,1042,3262,4751
4338: 
4530: 1521,4679,2010,807,103
1862: 1488,3499,1647
1863: 369,3170,2169
1864: 4049,646,785
1865: 1133,3398,2445,3700
1866: 
1867: 4655,2941,1550,3836,20
1868: 
4266: 2602
1870: 49,2108
4178: 511,4005,402
1872: 2725,1612,626,3084
1873: 616,1925,4032
1874: 3471,615
1875: 2688,1793,777
4496: 1551,3001,134,2047
1877: 3618,168,1203
1878: 4658,532
1879: 4637,2958,3754,2478
4389: 947,1646,1064
1881: 122,3884
1882: 1428,4297
1883: 1965,3358
4442: 3639,4067
1885: 4262
1886: 4161
4225: 2903,2333
1888: 2744,785,4049
4297: 1617,1182,2732,1882
1890: 824
1891: 3065,531,1019,1558,247,4616
1892: 2929
4677: 434,1250,3502
1894: 169,4220
1895: 4216,1810,3424,4094
4045: 323,1318,3266
1897: 
1898: 4388,2854,3677,4787
1899: 1611,3104
1900: 
1901: 4477,2474,1791
1902: 
1903: 3502,925,434
1904: 52,652
1905: 4360,3216,1969,1602
4355: 45,4795
1907: 
1908: 225
1909: 3145,3282
1910: 2149,4609,3552,2404
1911: 87,3819
1912: 1851,3455,3558,4532
1913: 4552
1914: 588,2159
4286: 
1916: 1485,3456
1917: 2675
4192: 4273,4367
1919: 1080,2405,1739,294
1920: 
1921: 
4485: 3753,4206,3005
1923: 
1924: 535,1301,199,400
1925: 1873,616,4032,654
1926: 3097,1108
1927: 1558,4490,4616,3200,3230
1928: 3266,2427,2223
1929: 2899,3396,4790,4807
1930: 3441
1931: 4484,251,2755,1295
1932: 2197,4566,762,3381,2090,4105
1933: 1647,1010,2478,1067
1934: 4555,3738,3866
1935: 2356,45,4801
4031: 908,2518
1937: 3778,296,3549
1938: 
1939: 3278,844,2095
1940: 384,210,4019,941,795
1941: 4036,4078,217
1942: 4788,1387
1943: 3492,1136,699
1944: 4274,252,2754
4799: 3238,2144,4533,2492
4244: 
1947: 1560,3841,2814,271
1948: 3982,2295,1192
1949: 2048,2714,3972
1950: 3188,1405,4750,3922,1556,1539,1373
1951: 3725,1407,3055,256,4793
1952: 2277,308,2697,2788
1953: 4246,1570
1954: 285,2278,2083
4260: 2805
1956: 4046,1050,65
1957: 580,3349
1958: 3710,1786
4500: 41,2848,2863
1960: 619
1961: 1706,4211,4243,503,1494
1962: 3624
1963: 955,1544
1964: 1719,2622,3367,64
1965: 2350,695,2919,4252,3468,1883
4361: 4607
1967: 3419,2501
1968: 1392,3180,2962,3100
1969: 2484,1664,1905,2800
1970: 3262,2597
1971: 896,3576
1972: 3715,2403,3487,2359
1973: 417,3775,3685,173,3488
1974: 1980,1090,4667,2117
1975: 4150,210,1390
1976: 1142,4392,3695,3887,343
1977: 3327,3221,4581
1978: 3114
4133: 4545,2946,488
1980: 1090,4486,1974,421
1981: 163,2648,3014
4683: 1020,3591,477,3413,4427,1396,1665
1983: 2948,4742,4730,3308,3159
1984: 2174
1985: 1516,9,4524
1986: 
1987: 2072,3057,4015,2761,4459
1988: 2428,3134,42,4695
1989: 3018,2913,2874,722
1990: 3415,5,4471
1991: 551,4201
1992: 2865,2915,2812,4138
1993: 4243,3849,1032,1474,4096
1994: 3207,59
1995: 1496,3959,3875
1996: 3933,3184,1696,3731
1997: 4069,2489,4776,4699
1998: 1194,915,2589,2028
1999: 600,4816
2000: 929,3256,1543
2001: 3547,3890
2002: 911,2723,4765
2003: 4085,3716,2372,27
2004: 702,3487,399,3358,2919
2005: 3663,1532
2006: 
2007: 
2008: 1726
2009: 4647,1429,2132,3833
2010: 4679,3304,4530
2011: 2282,4607
2012: 2841,1050,2055,4046
4805: 1071,689
2014: 4607,4704,3729
4202: 1610,4012
2016: 3385
2017: 2474
4049: 646,1864,3476,785,1888,2510
2019: 2785,2497
2020: 3752,3369,4047,4786
2021: 3042,2615,3781
2022: 19,1004,1820
2023: 4376,1824,1314
2024: 2528,2664,255
4166: 2785,3036,805
2026: 2588,1597,664
2027: 2220,1252
2028: 2589,1998,1194
2029: 2793,1257
2030: 192,3683
2031: 4439,746,4413
4682: 2208,568,2078,3785,3755
4197: 4394,436,4416
2034: 1179,2389,4613,4776
2035: 437,303,598,457,3061
2036: 4240
2037: 2392,2892
2038: 1139,609,1197
2039: 4144,121,3733,4246,4658
2040: 1210
4479: 459
2042: 
2043: 2071,4379,216,2580
2044: 3749,4630,827,3175,2406
2045: 634
2046: 
2047: 4602,1223,1856,134,4496
2048: 1949,3603
2049: 4599
2050: 1823,4474
2051: 4252,4821,40
2052: 3983,4801,2356
4464: 2968,1540,3987
2054: 
2055: 174,4046,2012,161
2056: 1060,4003
2057: 3175,102,4630,3322,1385
2058: 
2059: 
2060: 995,666
2061: 447,1727,2880
2062: 1432,3438,4071
2063: 1554,1826
2064: 
2065: 1424,2104,4397,1765
2066: 563,3466,3602
2067: 2557,4798
2068: 300,3811,618,2133
2069: 1529,4278,4053
4123: 2568,3019,3312,460
2071: 4379,216,2043
2072: 1987,163
4363: 1205,2826,640
2074: 2520,3420,3080,3852
4347: 534
2076: 4315,164
4300: 691
2078: 2208,568,4682,1397,305
2079: 104,4097
2080: 2859,4760,2306,797
2081: 2587
2082: 4435
2083: 1954
2084: 4412,1003
2085: 
2086: 4797,2631
4086: 4199,1713,3085,1044
2088: 2193,2640
2089: 3448,4713,498,4622
2090: 3381,4701,3360,4566,1932
4258: 507,553
2092: 3140
2093: 
4160: 3560,435,1253
2095: 844,1939
2096: 4572
2097: 4657,934
2098: 4603,3972,553,1662
2099: 2152
2100: 4574,752,2280,723,685,99
2101: 2635,3768,4769
2102: 3358,702,2804,332
2103: 1771,1358,2259
2104: 1424,2065
2105: 
2106: 3899,1195,4216,2643,352
2107: 2976,2605,2219,356
2108: 1870,3290,3534
2109: 462,60
2110: 1780,536,3682
2111: 3557,1005,2384,3921,4599,372
2112: 787,3705,3817
2113: 2313,1100,2938,4226,1541,4135
2114: 2937,486,3403,442,1688
2115: 4434,1476,750,2637,2547,1341
2116: 2340
2117: 4263,1090,1974,2659
4498: 915,3710,2503
2119: 135,2770
2120: 628,3788,2882
2121: 2702,2233,2826
2122: 2653,716
2123: 683,4208,91,1167
2124: 2370
2125: 1570,4721
2126: 451,4587,2199
2127: 124,99,752,4112,1441
2128: 707,888,957,3458
2129: 4665,3941,4589,3461
2130: 4316,3582,727
2131: 3432,3536
2132: 1746,1429,2009,3833
2133: 3727,2068,1016
4585: 2613,2883
2135: 447,2275,2880
2136: 4461,4386,2169
2137: 3737,3951,739,3883,503
2138: 2901,851
2139: 
2140: 2549,4734
2141: 3915
2142: 1795,497
2143: 2994,3789
2144: 4012,4799,3238
2145: 2473,3192,2680
2146: 1120,4406,905
2147: 
2148: 3249
2149: 4609,1910,3552
2150: 3263,675,235,2411,964,624
4658: 1878,4312,121,2039
2152: 2099,4797
4804: 2304,2453,3828,4314,2262
2154: 
2155: 4385,2698,1514,1230
2156: 806,2947
2157: 1054,4423,4742
2158: 789,1294,2657
2159: 588,1914,2911,801
2160: 756
2161: 942,1739,3083
4466: 
2163: 
2164: 717,742,1134,4434
2165: 4478,2583
2166: 608
2167: 484,4350,4343,1414
4788: 288,1387,1942
2169: 2461,4093,4461,2136,1863
2170: 3510,4468
2171: 242,1329,3523
2172: 57,1053
4034: 
2174: 1984
2175: 2928,1493,1844,3374,3470
2176: 1601,3584,1854,2676,3968,4816
2177: 3211,4792
2178: 3777,816,1633
2179: 4341,485,377
4777: 348
2181: 702,3115,3846,2804,36
2182: 147,2264
2183: 
2184: 3126,3847
2185: 1214,3041
2186: 3626,2996,489,4501,2218
2187: 4719,4242,1477,1526
2188: 4281,462
2189: 4571,4199,1713,2291,4642
2190: 993,587
2191: 3199,1528,1010
2192: 698,195
2193: 2088,3809
4422: 1053,97,1006
4083: 2685,708,4718,3763
2196: 2390,2358,3711
2197: 4566,1932,495,3332,762
2198: 4744,4601,3919,3005,2537,1740,1254
2199: 3827,4587,2126,3042,451
2200: 2308,3580,622,2287
2201: 
2202: 666
2203: 2789,940,4767
4666: 650,1105,1574
2205: 2596,455
2206: 1373,3649
2207: 4765,4006,4091
2208: 4682,2078,3755,2730
2209: 2216,4773
2210: 3659,1313,4295,271
2211: 4317
4207: 1752,2310,843,1649
2213: 3185,3603
2214: 260,509,4409,412,2346
2215: 727,4231,4116,4180
2216: 4751,1042,2209
2217: 1443,4345,4007,148
2218: 4311,4501,1607,2186,2996,489
2219: 3647,2605,2107,356
2220: 2027,4810
2221: 1018,3632
2222: 3288,2348
2223: 1928,1605,3893
2224: 3539,2614,2417,883
2225: 1423,469,1436,3202,3653
2226: 3963,3119,614,1344
2227: 
2228: 3813
2229: 4276,3195,2419,2456
2230: 1516,4524,1604
2231: 1241,1059,1164,4217,1802
2232: 4136,2798
2233: 2121,2826
4273: 4367,4192,647,3606
2235: 418
2236: 
2237: 2314
2238: 
2239: 1519
2240: 
2241: 4118,3497
2242: 2338,3133
2243: 779
2244: 3555
2245: 2892,3109,2570,1327
2246: 4141,442,4443,1297
4526: 2484,3687,1664,350
2248: 425,2640,2458,4789
2249: 3962,3353,4285,2562,3138
4309: 4622,919,3338,854,2660,468
2251: 4341
2252: 3633,4696,3798,4382
2253: 376,1433
2254: 3108,12
2255: 1025,3431,1454
2256: 826,4462
2257: 1420,567,1208,4780
4239: 516,3152
2259: 1358,343,2103
4069: 1997,4776,2719,4806
2261: 
2262: 4314,3540,4804
4634: 1116,4569,3486,4212
2264: 2182,1283
2265: 
2266: 2857,935,4542,956
2267: 800
2268: 1625,3246
2269: 2522
4699: 4776,1997,2489
4535: 1195,836
2272: 4623,1325,4796
2273: 501
2274: 1244
2275: 622,2287,447,2135
4142: 1545,2764,4708
2277: 1952,308,913,2697,4680,1277
2278: 285,1954
2279: 4270,3846,399
2280: 4574,2100,4455,832,723,3484,3766
2281: 
2282: 2011,3729
4063: 3492,4135,1100
2284: 3706,3079
2285: 
2286: 2909,4397
2287: 2275,2308,2200,447,3580
2288: 2876,672,835
4549: 2855,1695
2290: 
2291: 4642,4199,4792,2189
2292: 883,1157,4508
4607: 2014,4704,2011,4361
2294: 
2295: 1948,1767,1261
2296: 621,1483
2297: 3489,3378,3194
4312: 4658,1727,4608,901
2299: 1290,3186
2300: 4317
2301: 1256,2330
4621: 2991,1551,3422
4352: 4079,4001,4054,3024
2304: 4804,2453
4819: 4497,4453,3629,351,602
2306: 4787,2080
2307: 2601,3210,693,4294
2308: 2200,4144,3580,2287
2309: 
2310: 1752,4207
2311: 2593,18,4334,4261
2312: 893,2621,1309,3205
2313: 2113,1100,2938
2314: 2237
2315: 
2316: 2518,214,3366,4157
2317: 4527,3627
2318: 2563,1198,943,1471
2319: 664,3829,3856,439
2320: 4694,4790,1852,758
2321: 2647,778
2322: 2870,706
2323: 
2324: 1133,2740
4592: 1527
2326: 4784,4487,4186,3473
2327: 4486,1413,4038,1503,974
2328: 3956
2329: 3511
2330: 492,2301,1256,2430
2331: 2662,3831,2413
2332: 
2333: 4806,4225
2334: 1016,4567,1062,290,177
2335: 3634
4362: 
2337: 4386,1835,110
2338: 2242,3444
2339: 2795,968,3071
2340: 1290,629,2116
2341: 1653,784
2342: 3263,675,3571,3581,879
2343: 1689,2886,2731
2344: 2436,1576
2345: 3059,1186,280
2346: 1270,412,2214
2347: 4384,4263
2348: 2222,4327
2349: 4164
2350: 1965,695,2359,3487,2919
2351: 4161,4488,707
2352: 925,1283
2353: 3253,1106,1206,730
2354: 
2355: 1439,799,4806
2356: 1935,4801,4491,2052
2357: 1526,12,4242
2358: 2196,4729,3711
2359: 2350,695,3487,1972,4450,3715
4407: 1253,2909,4732,3578
4095: 
2362: 276,949
4092: 2383
2364: 2570,2792
4384: 2347,4263,1803,4667
2366: 3802,3242,1137,1081
4405: 1572
2368: 2962,1392
2369: 2831,363
2370: 2124
4727: 1215,879,3263
2372: 27,2003,4085
2373: 2451
2374: 456,4734,930,774,1712
2375: 1809,1374,1428
2376: 
2377: 2947
2378: 3641,4409,3577,4558,412
2379: 3620,3952,2460,4143
2380: 
2381: 4020
2382: 
2383: 4092
2384: 1282,1162,3557,2111,3921
2385: 1298,665,2594
2386: 4130
2387: 1163
2388: 452
2389: 3378,2034,1179,4776
2390: 2196,4230
2391: 921,48
2392: 1031,2037,3607,2892,3109
2393: 3926,1202
2394: 3937,2611,2575
2395: 367
2396: 3254
2397: 
4261: 3934,2656,4334,3038,2311
2399: 110,2508,4093
4060: 
2401: 3844,1180,1522,4329,484
2402: 4790
2403: 1732,3487,1972
2404: 4798,1638,3204,4120,1910
2405: 1919,4815,424,4438
2406: 792,4801,3175,2044
4532: 4445,3455,1912
2408: 766,4640,1240,678,1762
2409: 
4801: 792,2406,45,2356,1935,4101,2052
2411: 964,2150,624
2412: 3072
2413: 2331,2639
2414: 654,2616,260,509
4098: 
2416: 4663,3350,4218,3830
2417: 2614,4484,2224
2418: 
2419: 4276,3195,2229,2607,3955
2420: 4663,2771,4074,1684
2421: 1328,1157
2422: 3512,921,4428
4654: 768,4511
2424: 948,793
2425: 
2426: 1841,2690,3054,843,3284
2427: 4334,1928
2428: 1988,42
2429: 3742
2430: 4773,492,2330,213
2431: 1837,3085
2432: 3744,3034,122
4600: 
2434: 
2435: 203,4579
2436: 2344,4465
2437: 414,3313
2438: 
2439: 3674,2723,4212
2440: 
2441: 3967,4644,4224,3604,4593,1392
2442: 292,3524,2955
4494: 1321,2814,4791
2444: 4513,1271,2906
2445: 1829,1865
2446: 3686
2447: 2768
2448: 963,787,3705
2449: 3862,3182
2450: 3527,1536,946
2451: 2373,3416,583
2452: 
2453: 3998,2304,4804
2454: 613
2455: 466,4371,4023
2456: 475,4505,4276,2229
2457: 2583,377
2458: 2803,2640,3809,2248
2459: 908,4767,4027,2789
2460: 3170,3091,3620,2379
2461: 2169,4093,2638
4126: 4177
2463: 788,3261
4299: 
4271: 3815
2466: 3834,4186,1251,754,3825
2467: 4513
4396: 1002,4656,3510,408
2469: 4004
4276: 3195,2229,2419,2456
4305: 1202,2543,439,3637
2472: 851,4148
2473: 2145,2680,2735
2474: 1791,2017,1901
4054: 1576,4053,3024,133,4352
4148: 587,2472
2477: 2878,3855,98
2478: 1010,3754,1879,1933
4514: 
2480: 727,4231,1856
4745: 3889,2876,672
2482: 2532,985
2483: 383,2732,3912,1438
2484: 4526,1969,4182,2977,2800
2485: 4079,963
2486: 4774,1599,87
2487: 1013,3655,2890,3953
2488: 3001,4196
2489: 1997,4699
2490: 121,3733
2491: 397,3440
2492: 4799,2514
4349: 4813
4450: 3715,695,2359,4821,1679
2495: 3646,2563,4198,511
2496: 3771,838,2608,527,937,620
2497: 1398,3845,622,2785,2019
4342: 
2499: 
2500: 3294,529
2501: 1470,3419,4373,1967
2502: 4810
2503: 3710,3704,4498
4333: 609,2841,1139
2505: 4113
4084: 3630,71,1536,4784
2507: 3250,3503
2508: 2399,1116
4597: 4823,2961
2510: 3888,4049,3476
4814: 3993,1708,1697,505,732,2716,1000
2512: 123,20,573,297,1275
2513: 890
2514: 2492
2515: 3825
2516: 426,3605,2678
2517: 
2518: 2316,4031,3472,4090
2519: 3802,1725,2649,3549
2520: 3420,2074,3513,3080
2521: 1241,33
2522: 2269,1239
4487: 4784,2326,1686,3473
2524: 1699
2525: 23
2526: 3191,4375,2748
4564: 336,3196,1685,3978
2528: 429,2024,2823
2529: 4099
2530: 1237,4250,4525
2531: 4143,125,312
2532: 2768,985,2482
2533: 1754,1268,168,1326
2534: 961,4104
2535: 1040,3775,3650
2536: 2953,2561
2537: 2198,3919,3005,155,2782
4779: 3119
2539: 401
2540: 1181,3979,1423
4757: 1417,3130,2595
4761: 4571,2737
2543: 439,3637,4305,1267
4646: 3245,4668,1702,3144
2545: 3657,3550,4457
2546: 
2547: 750,2931,2115,1341,1598
2548: 804,236
2549: 4734,2140
2550: 4356
4350: 673,484,2167,1031,2664,1414
4139: 4719,1704,1763
2553: 775,3785,1515
2554: 3,3837,218,3440
2555: 
4341: 2179,2251,4519
2557: 2067,443
2558: 576,3290,3795,2928,3550
4383: 
4206: 3753,1629,154,1296,4485
2561: 2536,3417
2562: 3227,4625,2249,3138
2563: 3646,107,1198,2495,2318
2564: 
2565: 1672
2566: 712,1390,4360,1602
2567: 401
2568: 4420,3019,1643,460,4123
2569: 191
2570: 2245,2364,1327,2792
2571: 871,2635,3768
2572: 4118,930,3484,3734
2573: 3926,817,738,1202,4492
4445: 4532,3125
2575: 2394
2576: 3251,548,4823
2577: 245
4697: 3404,2638,4746
2579: 4088
2580: 1383,1729,4379,2043
4367: 4273,4192,147,3606
2582: 3623,3592,3148,4388
2583: 377,2165,2457
4822: 1232,1314,3832,1052,4717,1401
2585: 3696,2633,51
2586: 225
2587: 2081
2588: 2026,1743,664,1230
2589: 2028,915,1998,1127
2590: 120,1645
2591: 3563
2592: 1609,3669
2593: 2311,18,2711,3934
2594: 1298,2385,2855
2595: 1014,4757
2596: 1743,2205,1514
2597: 1970,3262
4105: 1932,762,3381,2666
4796: 1325,3357,3217,2272,2908,3514,3553,3610
2600: 3016,4815
2601: 2307,3210,623,113
2602: 4266,3482
4059: 1391,445
4567: 2334,1016,3811,290
2605: 876,2219,3647,2107
2606: 3744,3034,3040
2607: 1023,965,3195,2419,3955
2608: 838,2496
4091: 2616,4006,2207,4765
2610: 1636,4313,1253
2611: 3937,2394,719
2612: 4278,4053
2613: 2759,2761,1398,4585
2614: 2417,2224
2615: 3042,451,2021
2616: 4091,654,204,2414
4090: 3472,3209,2518
2618: 1508
2619: 4802,351
2620: 3565
2621: 2680,1309,2312
2622: 327,1964,1719
4226: 414,4188,1541,604,4135,2113
4452: 
2625: 2778,432,2911,3821,772
2626: 1248,4604,4813
2627: 198,922,4670,13
4111: 1788,3313
2629: 4149,175,3530,569,2788,308
2630: 1383,3245,3801
2631: 2086,4797,3645
4458: 977,3023
2633: 3696,592,2585,4772
2634: 3692,3823,311
2635: 2101,4005,3768,2571
2636: 3233,2825,4488,16
2637: 1520,750,717,473,2115
2638: 2461,3404,4697
2639: 2413
2640: 2088,2458,2248
4035: 
2642: 3587,3112,1378
2643: 2106,352,3517,4255
2644: 3206,1826,882,4701,4598
2645: 3970
2646: 297,77,4625,3886,1119
2647: 2321,4066
2648: 1981,2883,4544,2953,3417
2649: 1725,2519
2650: 3944,2977
2651: 
2652: 4131,872
2653: 2122,716
2654: 3974,3370,3253
2655: 4551
2656: 4261,3038,1529
2657: 2158,1294,4427
4279: 3606,41
2659: 1522,4263,2117,3844
2660: 22,919,4309
2661: 4075,1306
2662: 3615,2331
2663: 850,326
2664: 1414,2024,4350
2665: 664,1230,3829,1394
2666: 3381,882,4105,813,4720
2667: 
4211: 1961,1397,1706,4243,305
2669: 1455,3357,1276,924,3514,3553
2670: 3746,1836,3191,4375
4237: 4673
2672: 4339,2857,2990
2673: 512
4298: 4066,3168
2675: 1917,193,4702,4493
2676: 2176,1854
2677: 4688
2678: 2917,3605,2516,1430
2679: 3242,1521,1281
2680: 2621,1525,1309,2473,2145,2735
4255: 3747,4443,2643,3517
4071: 3723,3438,2898,1432,2062
4735: 
2684: 
2685: 4083,3181
2686: 3978,4006,336
2687: 2828,368,3509,3893
2688: 1875,2937,2695
2689: 4296,4327,4516
2690: 2426,3054,4703,1211
4611: 1406,433,521,4256
2692: 1708,1617
2693: 3909,3569,1235
2694: 1478
2695: 3408,486,2688
2696: 2939,4136,2942
2697: 1120,2277,1952,2760
2698: 4385,1514,2155,1192,1228,72
2699: 954,569
2700: 1686,3258,976
2701: 2
2702: 2121,4434,1476,1205,2826
2703: 2899,3396,3783,3003,781
2704: 1271,2906
4754: 4503,3422
4144: 2039,2308,901,3580
4506: 443
4640: 1240,2408,2922,586,1762,1380
2709: 232,4330,1517
2710: 3239
2711: 340,2593,18
2712: 2968
2713: 
2714: 3496,3769,3972,633,1949
2715: 4457,89
2716: 505,732,4814,1624,1000
4038: 927,3964,4128,1413,2327,1503
2718: 
2719: 4069,4806
2720: 4696,3124,28
2721: 3342,637,2914
4281: 3356,2742,2188
2723: 2439,2002,911
2724: 2760,4406,1120
2725: 753,1438,4189,626,1872
4752: 3856,1170,1216,1806
2727: 
2728: 4088,3810
2729: 3892,2894
2730: 3009,2820,1211,2208
2731: 4685,2886,1259,3260,2343
2732: 1809,3912,2483,4297,1182,1438
2733: 
2734: 3612,1104,2853
2735: 1128,2473,2680,1525
2736: 366,875,1511,2865
2737: 1802,4761
2738: 1271,4513
2739: 
2740: 2324
2741: 3552,3916,814
2742: 3356,4281
2743: 3444,686
2744: 785,1888,3499,282,1488
2745: 3940,3063,1169,2816
2746: 4119,1723,4763
4517: 3719,143,4575
2748: 1562,1449,3171,3198,2526
2749: 3074,254,688,1372,1742
2750: 4284,4595,161
2751: 
2752: 4793
2753: 3068,4711,1261
2754: 1944,491
2755: 251,1264,1931
2756: 227,3511,2949
2757: 1374,3824,2877,1329,3062
2758: 624,3936
2759: 2613,2761,1422,4459,1398
2760: 4002,2724,2697,1120,1175
2761: 2759,2613,1422,4459,1987,3057,4015
4483: 
2763: 1652
2764: 4142
2765: 2791
2766: 3916,1367,814
4079: 4352,2485,3024,1569
2768: 2532,2447
4807: 3162,1480,2899,1929,4790
2770: 791,2119
2771: 936,255,4218,2420,4663
2772: 3788
4295: 1313,3064,2210,1560,271
2774: 
2775: 1356
2776: 1066,3600,1624
2777: 1007,2925
2778: 2625,849,772
2779: 987,1675,3382
2780: 
2781: 75,4811,3931
2782: 3919,2537
2783: 1408,4267,3901,3899
2784: 
2785: 3226,4166,2019,2497
4360: 3216,1905,2566,1390,1602
4468: 3510,408,2170,968
2788: 1293,4149,2629,1952,308
2789: 2203,4767,2459
2790: 95,3450,1630
2791: 2765,120
2792: 1327,4623,2364,2570,1325,3732
2793: 854,2029
2794: 877,3176,1842,4002
2795: 2339,968,1316
2796: 3031
2797: 3350,4218,4698,3391
2798: 2232
2799: 
2800: 4412,2977,1969,2484,1003
2801: 
4120: 3826,3204,2404,4609
2803: 2458,4702,3809
2804: 36,2823,2181,702,2102
2805: 4260,1737
2806: 814,3300,583
4524: 1604,1516,1985,2230
2808: 1858
2809: 3684
2810: 
2811: 4763,2985,2868
2812: 2915,1567,2865,1992
2813: 4569,839,3674
2814: 1560,1947,4494,1321
2815: 4510,1564,3616
2816: 3063,2745,146
2817: 4691,1762,766,1715,3750
4645: 3789,1015
2819: 3519,1190,4330,7
2820: 3009,2730,1185
4326: 3215
2822: 270,1750,4440
2823: 2804,518,36,2528
2824: 3152,2978,4808
2825: 3476,2636
2826: 1205,4363,2121,2702,2233
2827: 1764,2887
2828: 4679,2687,3893,3302
4196: 3780,466,2488
2830: 4449,4608,3878
2831: 2369,2895,3977,3537,363
4741: 1541,4449,2938
4420: 2568,3035,600,1643
2834: 441
2835: 1734,1530
4130: 2386
2837: 3121
2838: 
4569: 1116,4634,3693,3017,2813
4490: 1927,1558,952,4803,3200
2841: 1139,2012,4333
2842: 1820,4527
4791: 1687,3948,864,4494,1321
2844: 
2845: 3167
2846: 
2847: 
2848: 647,4500
2849: 
2850: 1844,3374,177,1062,3777
2851: 1062,290,3777
2852: 
2853: 1104,2734,933
2854: 663,4064,1898,3677
2855: 4014,2594,4549
4806: 2333,2719,4069,2355
2857: 1191,2266,2672,4339
2858: 22,4512
2859: 2080,797
2860: 1764
2861: 3069,4151,730,984
2862: 4781
2863: 4413,4500
2864: 797,529,3917,4775
2865: 1511,1992,2812,1567,875,2736
4434: 2115,1476,2164,2702
2867: 129,1368
2868: 831,4595,2985,2811
2869: 845,1618
2870: 3157,2322
2871: 2880,3417
2872: 830,3225,131
2873: 4717,1401
2874: 425,4789,722,1989
2875: 
2876: 2288,672,4745,3889
2877: 3824,2757,204,403,3062
2878: 2477,3855,215,865,3405
4676: 
2880: 2871,447,2061,2135
4190: 3206,789
2882: 12,2120,628
2883: 163,2648,4544,4585,4015
2884: 
2885: 4465,3112,1312
2886: 1410,3260,2343,2731
2887: 1020,3591,2827,3956
2888: 4323,4518,580,1095
2889: 3693
2890: 3593,1055,3953,2487
2891: 3145
2892: 2245,3109,2392,2037
2893: 1697,3764,972
2894: 2729,4770
2895: 1741,3977,2831,3537
2896: 1569,963,787
4812: 3616
2898: 3438,1583,4071
2899: 1929,2703,4790,4807
4448: 
2901: 2138,4109
2902: 4307
2903: 4225
2904: 
4145: 2957,279
2906: 1271,2704,2444
4157: 1740,3472,2316
2908: 4796,3610,270
2909: 4407,1253,2286
4348: 4519
2911: 432,801,2159,2625,2912
2912: 1096,3858,2911
2913: 1989,4789,722
2914: 1586,2721
2915: 2812,278,40,1992,4138
2916: 
2917: 3605,1011,2678,1430,4772,4820
4760: 2080
2919: 3358,2004,2350,1965
4663: 2420,2416,4218,2771
2921: 1199,2942
2922: 586,4548,4640,1240
2923: 3072,1490
2924: 
2925: 136,2777
2926: 3232,605
2927: 3029
2928: 3550,2175,3795,3374,2558
2929: 1892
2930: 4087,4581,4277
2931: 1520,750,2547,111,671,1598
2932: 43,1171
2933: 4179
4444: 3468,838
4067: 4442,3639,4463
2936: 1041,810,267
2937: 2114,486,1767,2688
2938: 2313,2113,4741,4449
2939: 2696,4818,997
4088: 2579,2728
2941: 3690,34,1550,1867,3836
2942: 3445,2921,2696
4376: 4692,1824,2023,1314,3832
2944: 3821,1295
4797: 2086,2631,2152
2946: 488,70,4133
2947: 1126,2377,2156
2948: 1983,4742,1078,3159
2949: 949,3511,227,2756
2950: 
4583: 979
4734: 456,2549,2374,930,2140
2953: 2536,3417,2648
4117: 
2955: 956,4339,292,2442
2956: 700
2957: 4145
2958: 1879,239,3754,3460
2959: 1613,1161,3310,3478
4275: 3783,128,781
2961: 349,4823,4597
2962: 2368,1326,3100,1968
2963: 4001,1137,1590
2964: 90,3718
2965: 
2966: 4129,4771,3624,3030
2967: 4319,1786,640
2968: 2712,4464
2969: 1086,3854,3530
4230: 3752,126,2390
2971: 
2972: 3387,855,4674
2973: 1589,374
4413: 2863,2031
4246: 3733,1953,2039
2976: 2107,1363,1768
2977: 4412,2800,2484,2650
2978: 64,291,2824
4815: 424,2600,1739,2405
2980: 205,3731
4344: 4374,3520,524
2982: 4543
2983: 1669
2984: 3892,3162
2985: 4763,2811,2868,1443
2986: 1070,1184,3447,1736
4660: 3928,3211,3988
2988: 3742
2989: 457,4823,4795
2990: 1375,1747,2672,4723
2991: 4065,4621,898,3178
2992: 1250,1030
2993: 3335,1224,3579
2994: 2143
2995: 4421,1076
2996: 1499,2186,3626,4501,2218
2997: 3078,1039,1260,4081
2998: 3363
2999: 4254,3165,3289
3000: 25
3001: 4496,2488,134
3002: 663,888,4064
3003: 3396,2703
3004: 1487
3005: 4744,2198,3919,2537,4485
3006: 3456,4649,3298
3007: 
3008: 3189,4552,90
3009: 2820,2730,1211,3284
3010: 3739,1700
4268: 
3012: 3420,609
4541: 559
3014: 3485,1445,1981
3015: 3207
3016: 1216,3240,1806,2600
3017: 3693,4569
3018: 1989,789
3019: 3316,2568,4123
4135: 604,4226,2113,1100,4063
3021: 
4400: 
3023: 4753,4458
3024: 1576,4054,4079,4352,1569
3025: 
3026: 
4695: 42,1988,3134,3797
4614: 3991,4516
3029: 2927,3418
3030: 2966,3624
3031: 2796
4193: 1493,3550
4212: 3674,2439,4634,3486
3034: 3744,2606,2432
3035: 3392,600,4420
3036: 4166
4216: 1895,1810,3973,2106
3038: 4334,1219,4261,2656
3039: 2
3040: 4767,2606,3818
3041: 2185
3042: 2615,451,2021,3827,2199
3043: 96
3044: 1526,950
3045: 1579,4681
3046: 4056,799,236
4454: 
3048: 3312,1092
3049: 3433,3197
4630: 827,3322,1385,2057,3175,2044
3051: 1622,3325
3052: 4061
3053: 
3054: 1841,2426,2690,474,1794
3055: 256,3166,1951,4793
4707: 4403,1108,3911,4562
3057: 1987,2761,4459
3058: 
3059: 2345,94
3060: 3293
3061: 894,598,2035,303
3062: 1428,2877,2757,1374
3063: 2745,203,2816
3064: 1313,4295,1687,1560
3065: 531,1891,1019,247
3066: 1803,1168,3479,4670
4409: 3577,2378,412,260,2214
3068: 2753,3412,905
3069: 4151,2861,1563,984,3851
3070: 1472
3071: 2339,1448,1506
3072: 2412,2923
4613: 4618,2034
3074: 2749,1742,984
3075: 
3076: 4289,1254,1729,4714
3077: 3615
3078: 2997,4081
3079: 2284,4578,3163,3471
3080: 1469,3852,3513,2520,2074
3081: 1485,1109
3082: 1117,525
3083: 942,2161,487
3084: 3880,1872,732
3085: 1837,4728,4086,2431
4315: 2076,164
3087: 417,3775,3722
3088: 747,3136
4447: 4377,334,1533,1445,4580
3090: 1811,1199,3321
3091: 556,2460,3620
3092: 
3093: 867,3146
3094: 
4762: 516,4648
3096: 3880,1052,3600
3097: 1926,599
3098: 3903
4703: 1211,4531,1012,2690
3100: 1326,4051,2962,1968,3180
3101: 998
3102: 402,4769,289,4209
3103: 3106
3104: 4631,1899
3105: 1732,1289,3723
3106: 662,3103
4264: 1572,824,3363
3108: 1855,2254,17,1573
3109: 2892,2245,975,2392
4047: 3161,2020,4786
3111: 3268,3158,3533,80
3112: 3587,2642,1378,1312,2885
3113: 
3114: 1978
3115: 3846,429,2181,36
3116: 
3117: 3566
4151: 3069,2861,730,1642
3119: 2226,3963,4779
3120: 1425,4262,4012
3121: 2837
3122: 92,538
3123: 
3124: 2720,28
3125: 4768,1491,4445
3126: 2184,1125
4292: 470
4147: 1174,4726
3129: 4115
3130: 353,591,4757
3131: 758,3506
4042: 
3133: 2242
3134: 370,3797,1988,4695
4204: 
3136: 4390,747,3910,4534,3088
3137: 1653
3138: 3886,2562,4625,1395,2249
4499: 1012,4531
3140: 2092
4790: 2899,1929,2402,4807,2320
4542: 935,2266,956
4731: 4770,147,3586
3144: 3709,4646,1702
3145: 222,1909,2891
3146: 3876,3093
4146: 3634
3148: 1816,1141,3458,1351,2582,4388
4233: 3916,1367,635
4604: 2626,4813
4706: 3450
3152: 2824,4239,4808
3153: 4578,978
4605: 1134,268,845,3870,1418,742
3155: 3657,4102
3156: 4285,3339,971,3975
3157: 2870
3158: 4096,4103,80,3111
3159: 1078,2948,1983
3160: 4155,3932,171,4021
3161: 4047,4073,1151
3162: 4807,1480,2984
3163: 978,3079,3471
3164: 55,1388,1496
3165: 3255,3289,2999
3166: 3055,256,4793,890
3167: 2845,4294
3168: 4298
3169: 1633,1475,1113,4351,3612
3170: 2460,4461,369,1863
3171: 3881,390,3198,144,1449,2748
4472: 
3173: 3310,989,365
4296: 2689,4327
3175: 2057,4630,2044,2406
3176: 877,2794,1842,52
3177: 
3178: 898,2991,4476,4593
3179: 3356,1355
3180: 1968,4051,3100,1313
3181: 3587,3934,2685
3182: 2449
4214: 1684
3184: 1996,3933,345,1190
3185: 633,3603,438,2213
3186: 1117,2299,1290
3187: 
3188: 1405,1950,1539,4323,1373
3189: 3008,1025,90
3190: 738,17,4492
3191: 4375,2526,2670
3192: 1689,2145
3193: 1002,3958,3818,160
3194: 3378,2297,1421
3195: 4276,2229,2419,2607
3196: 4564,1685,1609
3197: 3049
3198: 3171,144,173,2748
3199: 2191,1528,1046,3800
3200: 4803,1927,4490,3230,1575
3201: 1324,3732
3202: 663,3653,2225,469
4232: 4114,341
3204: 4120,694,4798,1638,2404
3205: 4651,1525,1309,893,2312,549
3206: 2644,4190
3207: 3015,1994
3208: 1245,735,4227
3209: 1352,4090
3210: 2601,2307,623,4294
3211: 3808,2177,4660,3988
3212: 3661,758
3213: 
3214: 340,4122,581
3215: 199,4326
3216: 4360,912,1905,3341,1390
3217: 48,4796
3218: 1212,1479
3219: 4127
3220: 1492,322,4426,138
3221: 3327,1977,852
3222: 4729,3711,3971
3223: 4546,696,3843
3224: 1795
3225: 830,2872,131
3226: 2785,1422,4414,805
3227: 2562,4625,3897
3228: 4403,4185
3229: 
3230: 3601,1927,3200,1575
4391: 1562,1449,711
3232: 2926,4531
3233: 2636,3667,16
3234: 356,3992
4158: 354,4556
4426: 1096,3858,3220,138
3237: 1654,1347,30,4783
3238: 4799,2144,4533
3239: 2710,3853
3240: 3016,1806,1822
4818: 3894,2939,1491,997,992,3466,3602
3242: 2679,1521,1081,2366
3243: 4685
3244: 
3245: 4646,4668,2630
3246: 2268
4423: 1054,2157
4747: 4052,1439
3249: 2148
3250: 2507
3251: 2576,4213,143,4575,4823
3252: 4027,160,968
3253: 1106,2353,3370,2654
3254: 2396
3255: 4584,3289,3165,601
3256: 983,2000,1543
3257: 4082,362
3258: 4811,2700,3931
3259: 4719,1763,1164
3260: 155,1259,2886,4685,2731
3261: 788,2463
3262: 1970,2597,1859,1189
3263: 2150,675,2342,4727,964
4437: 1455
4359: 3890,3615,3937
3266: 676,1318,4045,1928
4075: 2661,1306
3268: 3111,3533,4019,384
3269: 
4769: 402,3102,2101,4209
3271: 3601,3546,846,3792
3272: 1372,3712,688
4642: 2291,4792,2189,4122
3274: 335
3275: 897
3276: 187,3961
3277: 481,4582,1470
3278: 1251,4431,1939
3279: 1044,3379
3280: 1288,1070,3447
4471: 5,1990
3282: 4776,1909
4713: 1607,2089,3448
3284: 2426,843,3009
4669: 842,330
3286: 
4719: 2187,4139,3259
3288: 2222,810
3289: 3255,4584,3165,4254,2999
3290: 3760,3795,2108,2558,576
4551: 2655,1161
3292: 4591
3293: 3060
3294: 2500,3653,3377,1436
3295: 
4488: 2351,4161,2636
3297: 3654,1284,1507
3298: 1688,3006
4738: 193,623
3300: 814,2806,735
3301: 4172,3716,27
3302: 3893,1219,2828
3303: 
3304: 1521,1281,2010
3305: 3308,291
4552: 3008,1913
4097: 485,4519,2079
3308: 3305,1417,1983
4406: 905,2146,1120,1146,2724
3310: 1161,3173,2959,3478,989
3311: 1798
3312: 460,4123,3048
3313: 2437,414,4188,4111
3314: 153,3415
4740: 131,55,1388
3316: 3019,4816,1636
3317: 1482
3318: 3958,3818,1815,3537
3319: 102,4421,45
3320: 1645
3321: 1199,3090
3322: 4630,827,1385,2057
4236: 
3324: 1631,3953
3325: 1622,4319,3051
3326: 207,4628,3548,4553
3327: 3221,1977,4581,4259
3328: 4351,3612,3792
4412: 2977,2800,2084
3330: 
4116: 4180,1474,3582,2215
3332: 762,495,2197
4164: 2349
4167: 47
3335: 2993,1224,4017,1041
4533: 4799,3238
4694: 2320,3506
3338: 854,4309,468,3584,1854
3339: 4589,3975,3156
3340: 1489
3341: 1664,912,3216
3342: 2721,1791
3343: 3475,3545,3985,1225
3344: 93
3345: 115
4742: 2948,1983,4730,2157
3347: 349,656
4386: 2337,2136,110
3349: 3478,989,1957,1022
3350: 2797,4218,3391,733,2416,3830
3351: 1319,904,4102,4140
3352: 1605,368,674
3353: 2249,3962,4285,4576
3354: 3717
4078: 4580,1941,4377,4626
3356: 4281,2742,3179
3357: 4796,1276,3553,2669
3358: 2102,2919,2004,702,1883
4058: 3379,1713
3360: 4566,1826,4701,2090
4536: 705,4369,3372
3362: 
3363: 2998,1572,4264
3364: 
3365: 3960
3366: 214,2316,385
3367: 64,4635,1964
3368: 
3369: 3752,2020,4786
3370: 3974,2654,4671,1451,3253
3371: 448,3388
3372: 4270,4536,4369,4343
3373: 608,1349
3374: 1844,177,2850,3795,2928,2175
3375: 
3376: 1252,4418,1634
3377: 3677,4787,3294
3378: 3194,2389,3489,2297
3379: 4058,4217,3279,1059,4055
4687: 1335
3381: 882,4701,2666,2090,1932,4105
3382: 987,2779
3383: 
3384: 
3385: 2016
4714: 1383,1729,3076,4289,1406,4668
3387: 2972,855,371,293
3388: 3371
3389: 4254
4213: 143,3251,4823
3391: 3350,2797,4623
3392: 3860,3035,615
3393: 492,1256,431,4765
3394: 141,3581,252,3820,3649
3395: 620,26,3771
3396: 1929,2703,3003,955
3397: 
3398: 1133,1865,3700
3399: 88
4291: 3411,1411,54
3401: 
3402: 4404,1701,572
3403: 1297,442,1688,2114
3404: 4697,2638
3405: 865,215,2878
3406: 
4755: 
3408: 2695,478,3712
3409: 354,427,3986,859
3410: 1369,125
3411: 4291,1411,54
3412: 905,1793,3068
3413: 4427,628,1396,4683,1665
4606: 1456
3415: 1990,66,3314
3416: 3989,2451
3417: 2953,2871,4544,2561,2648
3418: 3029,3724
3419: 2501,1967
3420: 3012,2520,2074
3421: 4715,4171
3422: 3780,4754,4065,4621
4149: 175,2629,3530,1293,2788,308
3424: 4094,1895,1810
3425: 
4750: 1405,1950,357,3922,4775
3427: 
3428: 1801,3902
3429: 1621,4650
3430: 
3431: 1025,2255
3432: 4588,2131
3433: 3049,1691
3434: 57,265,896
3435: 
4256: 385,4456,433,4611
4816: 1601,2176,1999,1033,3316,611
3438: 1583,2898,3524,4071,2062
4598: 1294,2644,882,4701,813
3440: 218,2554,2491
3441: 1930
3442: 
3443: 4183,4009,3702
3444: 2338,686,2743
3445: 2942
3446: 3573,1761
3447: 1070,1184,2986,3280,1288
3448: 3575,2089,1464,4713
3449: 1334,625
3450: 4706,2790
3451: 727
4603: 2098,3972,553,3496
3453: 728,4470
3454: 4109,1129,1054
3455: 3558,4532,1912
3456: 3006,4187,1916
3457: 852,961
3458: 1141,3148,957,2128,888,1351
3459: 881,1462,873
3460: 239,3754,1341,823,2958
3461: 4686,4665,2129,3875
3462: 3803,4644
3463: 266,1222
4578: 3153,3465,3079
3465: 3987,4578
3466: 4173,3602,4818,2066,4037
3467: 
3468: 4252,4444,1965
3469: 
3470: 1104,1493,2175
3471: 1874,3079,3163,921
3472: 4090,2518,4157
3473: 976,4487,2326
3474: 515,656
3475: 3343,3545
3476: 4049,646,2510,2825
4821: 1679,4450,695,2051,4252
3478: 989,3349,3310,2959
3479: 1412,3066
3480: 3640,89,678,939
3481: 1348,1548
3482: 2602
4379: 2071,2043,2580
3484: 3766,3497,4574,2280,2572,3734
3485: 1445,3014,334,1431
3486: 4634,4212,4746
3487: 399,2403,2004,1972,2350,2359
3488: 173,1973,3650,1836
3489: 2297,602,3378
3490: 1696,1757
3491: 1611
3492: 1943,4063,4538
3493: 3623,3592,4456
3494: 1499
4758: 433,521,3709
3496: 3769,2714,4557,4603,3972
3497: 3484,3766,2241
3498: 1599
3499: 282,2744,1862
4478: 2165
4375: 3191,2526,2670,3723
3502: 1903,4677,3665
3503: 4780,2507
3504: 
3505: 
3506: 1805,4694,3131
4459: 2759,2761,1422,4414,1987,3057
3508: 422,503,4041,69
3509: 4615,368,2687
3510: 408,4468,3704,4656,4396,2170
3511: 2329,2949,2756
3512: 2422,615,4170,4428
3513: 624,4184,2520,1469,3080
3514: 3553,1835,3610,4796,2669,4617
3515: 322
3516: 
3517: 444,352,2643,4443,4255
4388: 1898,3148,1351,2582
3519: 2819,1190,973,4143,709
3520: 524,4344
3521: 465
3522: 3632,3618,783,712
3523: 242,2171,3558
3524: 3438,1583,2442
3525: 748
3526: 337,4187
3527: 594,2450,65
3528: 
3529: 
3530: 4308,1086,2969,4149,175,2629
3531: 3870,1418,3617,166
3532: 1391,627
3533: 80,3268,3111,4019
3534: 584,1471,2108
3535: 
3536: 2131
3537: 2895,2831,3958,3318
4327: 885,2348,2689,4296
3539: 2224,883
3540: 2262
3541: 594
3542: 202
3543: 294,1386,487,4724
3544: 4539,1435,1400
3545: 3475,3343
3546: 1575,846,3271
3547: 2001
3548: 744,481,3326
3549: 3802,2519,1937
3550: 4193,2928,1493,2558,2545
3551: 946,4169,4345
3552: 2149,1910,2741
3553: 3514,3610,4796,3357,2669
3554: 4737,929,1274
3555: 847,2244
4440: 1750,2822,4121
3557: 2111,1005,3790,3980,1162,2384
3558: 3455,242,3523,1912
3559: 3640,3657,4457,4548
3560: 435,4160,4000,1424
4668: 4646,3245,1406,521,4714
3562: 1686,1231
3563: 2591
3564: 999
3565: 2620,1682,3838
3566: 4132,3117
3567: 3806,4785
3568: 1263,24
3569: 1299,1235,2693
4431: 3278
3571: 141,3581,150,675,2342,235
3572: 4040
3573: 3446,1115,3954
4316: 2130,3691
3575: 3448,1464
3576: 1971,977
3577: 3641,4409,213,4558,2378
3578: 61,4407,4172,3762
3579: 2993
3580: 447,901,4144,2308,2200,2287
3581: 141,3571,3394,2342
3582: 1063,2130,4116
3583: 4775,357,4274
3584: 1601,2176,1854,3338,468
3585: 1693,1409
3586: 1480,4770,4731
3587: 3181,2642,3112,4278
3588: 3946,93
3589: 285,934
3590: 
3591: 1020,2887,4683,219,1396
3592: 3623,2582,3493,4456,1816,1591
3593: 2890,1055,311
4803: 419,1103,494,952,3769,1558,4490,3200,438
3595: 4566
4385: 2698,2155,72,3794
3597: 4785,67,4692,342
3598: 3658,1580
3599: 60
3600: 3096,2776
3601: 3230,816,3792,3271
3602: 3466,4818,992,563,2066
3603: 3185,633,2048,2213
3604: 4644,2441
3605: 2917,1011,2678,2516,426,1291
3606: 4279,4273,4367,647
3607: 729,3981,3714,673,1031,2392
4183: 491,3443,4009
3609: 4251,1384
3610: 3514,3553,1835,4796,2908
3611: 4786
3612: 3328,4351,3169,1475,2734
3613: 
3614: 
3615: 2662,3077,4359
3616: 4812,2815,718
3617: 344,3531
3618: 783,1404,547,1877,3522
4582: 4463,3277
3620: 1678,3952,2379,3091,556,2460
3621: 3765,1122,542
3622: 
3623: 3592,2582,3493,4456
3624: 1962,2966,3030
3625: 4397,4563
3626: 2186,4414,805,2996
3627: 2317
4101: 792,4801
3629: 4453,835,1758,4819
3630: 4084,71,1303,148
3631: 815,665
3632: 3522,4708,2221
3633: 2252,4696
3634: 2335,4146
3635: 
4673: 4237
3637: 2543,4305,1267
3638: 
3639: 4442,1270,4067
3640: 3480,89,3559,678,4457,4548
3641: 3577,4558,2378
4546: 696,4171,3223
3643: 571
4508: 1775,2292,1157
3645: 2631
3646: 2563,107,2495,189,511,1319
3647: 2219,396,2605
3648: 
3649: 3820,2206,252,3394
3650: 1836,2535,3488,157
3651: 1846,923
3652: 
3653: 3677,663,3202,2225,3294
3654: 3297,1507,3737,3951
3655: 2487,4793
3656: 
3657: 3155,2545,4457,3559
3658: 3598
3659: 1203,2210,4051
4688: 1760,2677,383
3661: 1852,758,3212
3662: 
3663: 2005,4809,1532
3664: 47
3665: 347,3502
3666: 
3667: 3233,646
4462: 527,2256,826
3669: 4641,2592
4199: 4086,1713,2189,2291
3671: 961,158,4259
3672: 
3673: 
3674: 2439,4212,2813
3675: 1716,1131,1825
3676: 3848,1370
3677: 3653,3377,663,2854,1898
3678: 
3679: 
4619: 1369,1685
3681: 823
3682: 4036,2110,38
3683: 192,2030
3684: 2809,3909
3685: 417,1973,144,173
3686: 2446
3687: 1469,3852,4182,4526
3688: 3741,1698
3689: 1047
3690: 34,2941
3691: 1649,4316
3692: 2634,1502,220
3693: 2889,3017,4569
4263: 4384,2347,2117,2659
3695: 1142,1976,343
3696: 592,2633,2585
4692: 4376,3597,1314,3832
4588: 3432,4357,246
3699: 273
3700: 1865,3398
4751: 2216,1859,1042
3702: 894,3443,3986
3703: 1064,3939,86
3704: 2503,3510
3705: 2448,787,2112
3706: 2284,22,3860
3707: 4419,1833
3708: 943,3869,1175,49
3709: 3144,521,4758
3710: 2503,1958,4498
3711: 3222,4729,2196,2358
3712: 3272,478,3408
3713: 
3714: 3607,729,3981,673,484
3715: 1972,4450,1289,1738,2359
3716: 4732,3812,2003,27,3301
3717: 3354
3718: 2964,90
3719: 4517
3720: 1196
3721: 29
3722: 931,692,3087
3723: 4071,4375,3105
3724: 4336,3418
3725: 1951,848,1593
4601: 2198,1740
3727: 2133,49
4635: 3367,3928,4808,367
3729: 595,2282,2014
3730: 1323,525,657,765
3731: 2980,1996
3732: 1325,3201,1324,2792
3733: 4246,121,2490,2039
3734: 3484,4574,752,2572,1441
4800: 76,1160,1746,4424
4435: 2082
3737: 2137,3951,3654,4134,3883
3738: 4307,4555,1934
3739: 136,1007,3010,1338
4156: 
3741: 3688
3742: 2429,1107,2988
3743: 899,667
3744: 3034,2606,2432,122,1815
4620: 
3746: 2670,1722,1619
3747: 4443,4255,4141,3982
3748: 
3749: 2044
3750: 1034,4691,2817,1715,962
3751: 1352,940,1463,4245
3752: 3369,126,2020,4230,4786
3753: 1629,4206,4485
3754: 3460,2478,2958,1879
3755: 2208,4682
4574: 2100,752,2280,3484,3766,3734
3757: 
4251: 1661,3609
4274: 1944,252,357,3583
3760: 3290,3795,177
3761: 398
3762: 4172,3578,61,241
3763: 708,4083
3764: 1697,2893
3765: 3621,220
3766: 3484,3497,832,4574,2280
4200: 577
3768: 2101,2635,2571
3769: 3496,2714,4803,438,633
4497: 4819,4453
3771: 838,2496,26,3395,620
3772: 
3773: 
4401: 
3775: 3087,417,1973,1040,2535
4085: 2003,2372
3777: 1062,2851,2178,2850
3778: 1937,296
3779: 3988,1318
3780: 3422,4196
3781: 2021
4218: 3350,2797,4698,255,2771,4663,2416
3783: 4275,781,2703
3784: 4562,1282
3785: 775,1284,2553,4682
4180: 4116,2215,4231
4173: 3466,4037
3788: 2120,2772
3789: 4645,2143,1015
3790: 3557,1005,3980,1735,226
3791: 
3792: 3328,3601,3271
4513: 2444,2467,2738
3794: 4385,4711
3795: 3290,3760,3374,177,2558,2928
4704: 2014,4607
3797: 370,3134,4695
3798: 4382,2252
3799: 1540,3987,1431
3800: 3199
3801: 1383,2630
3802: 2366,2519,3549
3803: 4224,4644,3462
3804: 
3805: 
3806: 4037,3567,4785
4531: 3232,4499,1012,4703
3808: 3211,1837
3809: 4702,2193,2458,2803
3810: 1204,179,2728
3811: 1307,300,2068,4567
3812: 4732,3716,1636
3813: 2228
4161: 2351,4488,16,1886
3815: 4271,4553
4609: 2149,1910,3826,4120
3817: 704,3845,2112
3818: 3318,3193,3040,4767,160
3819: 87,1911
3820: 4134,3649,252,141,3394
3821: 251,772,2625,2944,1295
3822: 
3823: 4113,311,4404,2634
3824: 2877,1329,2757
3825: 2515,2466,754
3826: 4120,864,4609
3827: 4587,2199,3042,1074
3828: 4804,4314
3829: 3856,1394,2319,664,2665
3830: 1750,3350,733,2416
3831: 1766,719,2331
3832: 1232,1314,4822,4692,4376,342
3833: 2009,2132
3834: 2466,1303,1153
3835: 
3836: 123,20,1168,1867,2941
3837: 4378,2554
3838: 1602,1682,3565
4655: 1867,4538,1550
3840: 
3841: 1947,271,1545,3940
4438: 2405,1307
3843: 696,3223,4774
3844: 1180,974,2401,1522,2659
3845: 704,3817,4721,622,2497
3846: 3115,4270,2279,399,2181
3847: 2184
3848: 1623,3676
3849: 1063,1993,1185,1474
4557: 887,3496
3851: 3870,1563,3069,268
3852: 1469,3080,3687,2074,4182
3853: 3239
3854: 4308,1170,1394,2969
3855: 2878,2477,1683,215
3856: 3829,1394,4752,2319,439
3857: 
3858: 1096,4426,138,2912
3859: 298,1429
3860: 3392,615,3706,0
3861: 790
3862: 2449
4587: 3827,2199,2126,153
3864: 400
3865: 
3866: 1934
3867: 
4768: 3125
3869: 1277,1175,3708
3870: 3531,3851,1418,268,4605
3871: 137,4129,4610
4081: 1039,3078,2997,3992
3873: 1738,373,1679
3874: 1177
3875: 4665,3959,1995,3461
3876: 3146
4140: 1319,4102,3351,107,584
3878: 4608,2830
4798: 1638,2404,3921,3204,372,2067
3880: 3084,3096
3881: 3171,390,4705,1449
3882: 1063
3883: 69,4134,3737,2137
3884: 122,1881,1815,1741
4321: 
3886: 3138,4625,2646,1119,319
3887: 343,1976,1148
3888: 2510,1065,1194
3889: 4745,2876
3890: 4359,2001
4203: 1280
3892: 2984,3,2729
3893: 3302,1605,368,2223,2687,2828
3894: 4818
3895: 856
4127: 3219
3897: 3227,4686
4782: 
3899: 1195,2106,2783,3901
3900: 
3901: 4267,2783,3899
3902: 302,1773,3428
3903: 3098
3904: 
3905: 4018,756,1838
3906: 4794
3907: 
3908: 3981,965,3955,975
3909: 2693,1409,3684
3910: 747,3136,4238,4725
3911: 4562,4707
3912: 1809,2732,1760,2483
4770: 4731,2894,3586
3914: 760
3915: 2141
3916: 1367,4233,2741,2766
3917: 4775,182,529,2864
4793: 1951,4070,1407,1055,3055,256,3166,3655,2752
3919: 2198,3005,2537,1740,1254,2782
3920: 106
3921: 4798,2384,2111,372
3922: 1405,1950,4750,182,1556,4775
4696: 3633,2252,2720
4179: 2933
4201: 1991,303,354,427,4556
3926: 2573,2393,1202
3927: 
3928: 4808,367,4635,4660,3988
3929: 683,4554
4128: 927,4038,958,1040
3931: 4811,3258,2781
3932: 3160,4021
3933: 1996,3184,1190
3934: 4261,2593,3181
3935: 1684,1484,1226
3936: 4184,2758
3937: 2611,2394,4359,719
4808: 3928,2824,3152,4635
3939: 3703,4155,86
3940: 2745,1545,3841,1169
3941: 4665,446,2129,933
4519: 4348,4341,485,4097
3943: 1356
3944: 4182,2650
4746: 4697,3486
3946: 3588
3947: 
3948: 864,606,4791
3949: 3965
4285: 3156,2249,3353
3951: 3737,2137,739,3654,568
3952: 1678,3620,2379,709
3953: 2890,3324,2487
3954: 3573
3955: 965,2607,2419,3908
3956: 1020,2887,2328
3957: 276,791,1376
3958: 3318,3537,1002,3193
3959: 1496,1995,1388,4665,446,3875
3960: 97,3365
3961: 3276,187
3962: 1395,2249,3353,692
3963: 2226,3119,1344,1744
3964: 229,927,4038,1503
3965: 3949
4701: 3381,882,2090,3360,2644,4598
3967: 1498,2441,1392,1687
3968: 2176,1033
3969: 497,1242,1082
3970: 2645
3971: 3222
3972: 2098,4603,3496,2714,1949
3973: 3976,4216,1810
3974: 3370,2654,4671,1146
3975: 971,3339,3156
3976: 3973
3977: 2895,4809,2831,1028
3978: 2686,336,4564
3979: 1613,2540,1181,1022
3980: 1162,1735,3557,3790
3981: 3607,729,3908,3714
3982: 1948,3747,1192,4141,1767
3983: 2052,4119
3984: 820,1838
3985: 1486,1855,950,3343
3986: 3702,3409,859
3987: 1540,3799,4464,3465
3988: 3779,4660,3928,3211
3989: 3416
3990: 1301,4104
3991: 4516,4614
3992: 1039,3234,4081
3993: 4814,1708,1697
4765: 431,2207,1256,2002,911,4006,3393,4091
4328: 
4357: 4588,517,246
4656: 1002,4396,3510,408,968
3998: 743,2453
3999: 323,1771
4000: 890,3560
4001: 2963,4352,133,1137
4002: 2760,1175,2794
4003: 2056
4004: 2469,1013
4005: 2635,865,4178
4006: 2686,2207,4765,4091
4007: 409,4763,1443,2217
4681: 3045
4009: 656,4183,3443
4563: 4397,3625
4011: 4689,4729
4012: 4262,3120,2144,4202
4177: 4126
4014: 2855
4015: 1987,2761,163,2883
4247: 
4017: 3335
4018: 1701,3905
4019: 3533,3268,1940,384
4020: 1584,2381
4021: 3160,3932
4022: 
4023: 4371,2455
4523: 
4729: 3222,3711,4011,2358
4026: 
4027: 3252,1316,4767,2459