0: 2732,972,839
1: 1299,3228,3432,4023,1874
4450: 2131,1153,1910,4593
4812: 
4: 3542
5: 3109,3642
6: 4304,892,2290
4620: 4784,199,1942
8: 2783,1233
9: 282,2229,421
10: 2383,2320
11: 736,2158,1960
12: 4385
4264: 530,4061
4608: 2175
15: 4256,3726,1345
16: 358,1210,3346,4500,2663,3661
17: 3169,3977,1606
18: 456
19: 1997
20: 2734,3657,974
21: 304,4121
4015: 862,3690,3603
23: 857,4698,1981,655,4394
24: 810,3735,3277
25: 761,2877,4314
26: 1326,1494,4640
27: 1342,2505
28: 1035
29: 4000
30: 
31: 1671,2337
4108: 1378,553,1822
33: 628
34: 3292,3836,4569,1854,1829
35: 4791,4788
36: 2112,1838,3799
4088: 
38: 4542,2561,2981
39: 1954
40: 4539,753
41: 3388,3365
42: 
4669: 4251,1821,2895,3539
44: 
45: 3420,4750
46: 1665,2867,2801
47: 
48: 4569,1517,4271
49: 4208,3779,3185,2068
50: 1670,4609,85,4804,4785
4776: 3163,1636,4160,3678,673,4143
52: 2738,3958,3525,678,1985
53: 1575,421,157,1380
3775: 2787,4626
4306: 1803,1696
56: 886,612
57: 767,1532,2985,3510
58: 2848,1985,3888,392,3531
59: 2625,772,2854
60: 2778,2292,4769,522,2457
4539: 4804,40,3147
62: 2357,2295
63: 416,598,1991
4228: 3844,1295,3556
3769: 4028,1475
66: 3930,3173,390,640
67: 4029,4811,2002
4304: 6,2290
69: 4763,594,2424,3787
3787: 237,2424,2705,69
71: 2722,376,2134
72: 3982,3997
4103: 3382,2150,712,2650
74: 
75: 4573
76: 548,4206
77: 2199,404,1752
3819: 1221,1932
79: 4618,2094,4474,787,209,4783
80: 449
4367: 
82: 1582,1832,558
83: 4155
84: 2710,4136,509
85: 1670,50,4609,3607,2908,4785
86: 2728,2254
87: 
88: 351,587
3692: 4020
90: 4654
4821: 991,1350,607,1882,3172,3815,2590,3309
4616: 411,896,2857,3728
93: 
4041: 1127,2411
95: 
96: 3880
97: 
98: 3458,935,1181,843,170
3758: 2615,1028,298,402
100: 4617,2659
101: 1307,2596
102: 2226
103: 
104: 
105: 4786,495
106: 
107: 1011,3044,3494,1842
4768: 1360,543,498,1951,602,4291,4043,1765
4167: 1502,3340
110: 1600,475,4129,701
3908: 4236,328,3557,482
112: 3426,3557,2522,1882,2933
113: 3859,1204,2063,3712
3817: 2409,3724,820,2531,4461
3864: 554
4662: 
117: 218
118: 2490,3206
3725: 
120: 4194,4814
121: 2401,2293,1020
4097: 2675,243
4455: 4183,1341,3480,282
124: 4524,4333,4209
125: 2200,2263,3227
126: 
127: 2715,1646,4102,131
128: 
129: 
4668: 2062,1706,198,2456,2206
131: 127,4102,2695
132: 4259,4065,2618,4775
133: 2970,3718,2641
134: 1677,3202,3231,4712,4243
4665: 1278,1118,599,4773
136: 1634,3321
137: 1899
4325: 
4067: 803,1115,4184,1787,384
140: 3040,3396,1154
141: 2584,712
142: 3965,1962
143: 3037,4748
144: 292,1513,3645,549,654
145: 4790,1188
4802: 2548,3861,1379
147: 
148: 1205,2217,3839
4787: 2108,3539,1821
150: 4014,448,1399
3710: 1348
152: 1853,521
153: 1198,3626,3714,2072
3832: 1967
155: 3728,1712,4209,1134,4682
156: 4806,332
157: 1575,53,421,791,4159
4191: 1446,715,3119
4482: 2809,1946,1809,1733
4429: 3632
161: 463,1453,2859
162: 
4614: 
164: 2159,486,1683
165: 3607,3432,2908
4272: 670,795,2375
167: 605,1965,1841,1873,4050
168: 3540,4631,1655,2757,3980
169: 
170: 98
171: 
172: 
173: 3355,4174,1722,2140
174: 3532,2017,2680,3547,765,4779
175: 2637
4798: 
4715: 
178: 
179: 4127
4534: 4186,1969,4046,3071,2566,1933
181: 1300
4360: 3394,4709
183: 3071,2303,3009,1998
4286: 
185: 3330
186: 2541
3826: 1682,1337
188: 4271
3703: 
4052: 1452,557
191: 2828,228,2678
192: 715
193: 1948,1437,3788,2972
4054: 1607,3302,419,4762
195: 2700,4114
196: 
197: 2421,2577,486
198: 3583,2865,4668,2206
199: 4620
4558: 2873,4330
201: 4648
4337: 3009,1457,1998,3615,1469
4421: 
204: 3103,838
205: 1430,3163,2676,1093
206: 3472
4009: 2852,620,4517
208: 
209: 1049,787,4661,79,4783
3895: 
4753: 
212: 4471,2582
213: 1168,564,4663
214: 1476,1074
215: 2496,939,3513,3138
216: 3743,1732,3659,1567,739
217: 2714,494,2853
218: 4528,1736,117
219: 1514,4242,2476,2595
3712: 2063,113
221: 2272
222: 
223: 4405,3924,4163
224: 3867,4279,548
225: 668,1187,3204,1456,1038,2564
4485: 1061
227: 3336,1106
228: 2828,191,1395,1730
229: 1414,1471,652,4557,785
230: 685,1743
231: 
232: 2791,2163
3830: 4447,3771,4772
4394: 2419,23,655,2187
235: 2852,620,4382
236: 1913
237: 2424,3787,4138,4693
238: 1521,4730
4236: 3908,482,1075
240: 3411,3239,3303,301
4499: 1861,808,3911
3737: 2012,1231,4517,3144,864
243: 2808,4097
244: 4024,1459,4193,3977
245: 4426
246: 4390,752,1191,4447
247: 2161,2464
248: 4378,2621
4176: 290,4813,3011,671
250: 
251: 1786,3122,3193,4807
252: 2758,1622,4382
253: 
254: 4678,314,1753
255: 328,4445,1187
4469: 3385,1420,689
257: 4764
3939: 2837
259: 
260: 1253
261: 1282
262: 1894,2402,3920
263: 4576,581,3139,1116
4484: 
4292: 1027
266: 1109,849,2132
4586: 3623,2985,3825
3728: 155,1712,4209,411,4616
4184: 803,4067
270: 4188,429,756,2416
4684: 
272: 3446,3109,1419,4440,3882
273: 1440,2433,3218,3056
274: 
275: 2550
4207: 3465,1284
277: 623,1408
278: 4428,3139
279: 4026,3481
280: 3409,1063,1215
4373: 814,1313,3909,4033
282: 9,2229,4455,1341
3964: 2599,3734,1289,2817
4155: 4432,83,3809
285: 575,2252,3969
4637: 1583,2928,2062,679
287: 1283,3526,1109
4355: 2721,1992,3937
289: 2903,692,4278,3823,309
290: 1597,4176,3777,717
291: 3317,1755
292: 3232,1513,144,3645,2758,1622
293: 1842,708
294: 3795,4589,3875
295: 
296: 4705,2723
297: 1471,1647,652
298: 4221,1028,3758
299: 
4680: 3353,3546,340
301: 240
302: 3053,1087
303: 3915,1674,2264
304: 2024,332,21,4121
3966: 1161,4524,3458,935
306: 
307: 355,349,593
308: 697,3947
309: 1086,692,1871,2903,289
310: 3886,4783,680,1605
4523: 
4048: 1153,1012,3743
4279: 3478,548,224,2354
314: 254,2596,4230
4811: 4006,2574,67,4029,2002
4507: 2034
4057: 891
318: 
319: 590,1642,1202
320: 2838
321: 4697,4505,4188,429
322: 1796,3095,1485
323: 414
324: 
325: 3812,3032
326: 4230,2045,3225
327: 4658,1068,2648,649
328: 255,4445,3980,3908
329: 1777,4111,4654
4324: 616
331: 858,1359,734
332: 3959,156,4806,304
333: 544,1139
334: 2375,670,1381,2439,2540
335: 1014,3230
3969: 2690,2252,285
337: 849,4424,4767
338: 3823,4633,3701,2561,4580
3976: 905,4805,4002,1738
340: 930,4680
341: 3107,3740
342: 4397
343: 4786,1554
344: 3283,2496,1373
345: 720,1684,541,1803
346: 2269,2504
347: 554,4770
348: 1560,2590,1728
349: 307,3284,1880,3310
350: 2504
351: 88,851
352: 2601
353: 3435,1045
4017: 872,2610
355: 307,3877,4284,593
356: 3570
357: 3883,3644,3339
358: 16,1210,1544,3925
359: 
4682: 4333,155,1134,1879
361: 3058,1030
362: 844,4775
4202: 
4115: 4783,680
365: 2127,2570,2549,939,3513
366: 1970,4766
367: 
368: 1004,2975,1422
369: 1499
370: 4365,4707,2587
371: 
4313: 3227,2250
373: 2990,4028
374: 2333
375: 4081,2140,4174,4162,2732
376: 71
377: 2000
378: 2404,753
379: 407,2451,860,4029
380: 2707,3510,3453,843,3175
381: 
3899: 1141,3434,2510,1840,1738
383: 
384: 3828,1839,1115,4067
4194: 120,4814
4294: 4533,4780
387: 2672,3530,3202,4391
388: 
3873: 2918,2599,725,2100
390: 1343,66,3173
3708: 2583,3456,2637
392: 1196,3531,58,953
393: 
394: 3210,2476,3390
395: 1391,2474,1740,3516
396: 1709,2049
4398: 818,3310,3232
398: 1185,2345
4568: 3872,3811
4195: 2342,4436
4741: 4793
402: 3709,2178,2615,3758
403: 2209
404: 2199,4542,77,2660
405: 
406: 2563,2076,4221,1343,2266
407: 2451,379,2669
408: 1914,3334,1320,1160
409: 
410: 1498
411: 4616,896,580,4540,3728,1712
3687: 3186,1861,4412,2153,2484
413: 1031,4395
414: 323,1676
415: 576,1240,4589,3746
416: 63,1223,1991
4464: 4224,4582,3357,1845,3860
418: 
419: 4054,3302,917,4530,4762
420: 3037,1152,469
421: 53,157,9,1380
422: 3583
423: 3220,3238,1528
424: 3343,3794,1372
425: 4092,4255
3972: 2393
427: 3923,675
3774: 1411
429: 270,4188,4505,2856,321
430: 1912
431: 4437,1484,1226,4777
432: 4767
433: 3372,4587,3136,1406
4205: 676
4111: 329,4654
436: 2737,927,2117,1121
3733: 3793,3171,1501
438: 4239,4819
439: 4244,2395,531,2309
440: 1816,2021,949,4565,3592
3986: 4794,2116,802,675,1851
442: 
443: 1863
444: 755
445: 1323
446: 1375,3768,3754,2212,3136
447: 2889
448: 3270,1152,150
449: 1144,80,1645
450: 1915,2924,3656
451: 4381,4531,3415,1583
452: 2267,4341
453: 4763,3382
454: 2575
455: 1797,1891
456: 2787,2102,18
457: 
458: 
3776: 1858
460: 4224,4582
461: 3475,1860,3083
4396: 
463: 161,1453,2859,4293,2303
464: 3053,4719
465: 2906
4178: 3878,484,527
4271: 4705,3079,188,48
4122: 2849
469: 3037,420
470: 
4050: 565,1873,4746,4773,167,2370
472: 951
473: 2241,3167,1222
4006: 2574,4811
475: 110,4526,2847,1955,635
476: 
4234: 2311,4660,3266
4487: 1942,4096
479: 747,3350,2508,3842,2918,4312
480: 2470
481: 2716
482: 2933,1075,3557,4236,3908
483: 2379
484: 3878,4178,2657,527,3471
485: 815
486: 2159,164,2577,197
3880: 96
4719: 464
4699: 1623
490: 2001,4508,3518,4471
491: 4451,2818
492: 1684,2752
493: 1241
494: 993,3543,2853,217,2714
495: 1932,105
496: 1726
497: 987,3030
498: 990,1951,922,4768
4348: 4187,4055
500: 740,4537
501: 4800
502: 3278
503: 3842,2817,2599
504: 1868,4091
4619: 4587,2321
506: 4657,3675
507: 4752,3230,1318
508: 2360,4537,1238
509: 4136,2710,84,4796,4123
510: 1638
4387: 1044
512: 2242,2279
513: 
514: 4388,3884,3365,1405
515: 4319,1340
516: 2593,4465,3379
517: 4253,2136,2080
3979: 3640,4112,4159
519: 1415
520: 3074,1846,4720
521: 2185,152
522: 1109,1156,2457,60
523: 1941,1605,1681,2880
524: 2692
525: 3818,1786,1815,4807
526: 1958,3318
527: 3471,484,4178
4120: 4755,4788
529: 2115,4549
530: 4264,1111
531: 3454,2395,1486,439,2319
532: 901,4497,4658,1049
533: 539,2996
534: 1890,2824
535: 594,2306,1580,4763,3917
4461: 769,3650,3817,2743
4229: 1842,708,1445,3494,4208
4622: 1093,890,1324,1734
539: 2892,533
540: 913
541: 720,345,1232
542: 951,945
543: 4768
544: 4087,333,4700
545: 2173
3968: 4822,2364,2889
547: 3882,4440,2441
548: 4279,3478,224,76,4206
549: 3339,144
550: 2818,2080,2249,4142
551: 3081,3709,3042,4488
552: 2775,4216
553: 4108,1822,4527,2125
554: 3864,347,4770
555: 
556: 4512,1734,699
557: 1452,4052
558: 1795,82
559: 3256
560: 4380,3184
561: 
562: 
4262: 1229,4724,4789,1277,3788
564: 213,4663,2374,1859
565: 4050,1392,4746,2370,2764
566: 
567: 2000,2728
568: 4119,1556,3347
569: 1881,2986,3704,4298
3959: 2660,2327,332,4542,4806
571: 
572: 3189,4583,3845
573: 2813,2736,3523,3418
574: 4515
575: 2252,285,740
576: 415,1240,4183,1341
577: 819,4247,2555
578: 
579: 3705,2200,3008,2263
580: 411,896,4540,727,2553,1712
581: 263,4772,1993,2391
4013: 724,4379
4375: 1503,4657
584: 2121,4742,1793
585: 
586: 3272,3640,727
587: 88,3282
588: 1289,4165,2627
589: 
590: 319,1642,1084,1762,1354
591: 
592: 780,4380
593: 3877,307,355
594: 535,1580,2705,2639,69
595: 1895,2768,2120
596: 3651
4587: 2212,3136,433,1406,4619
598: 3056,63,2840
599: 4746,4773,4665,1118
600: 2160,4020,3866
601: 2685
602: 4768,1765
603: 867
604: 3279,736,2901,882
605: 167,1965,2370,1522,2501
4170: 3393,1593,1431,4287
607: 2522,2924,3656,1882,4821
608: 
609: 1832
610: 2493,4303
4570: 
612: 2964,56
613: 4817
614: 2747,1385,906,2680,3547
615: 1687,1829,1517,2712,911
616: 4324
617: 1578,3562
618: 
619: 3537,3074
620: 2852,235,4009,4382
621: 3120
622: 4352,2719,3392,1547
623: 277
624: 
625: 3945
626: 1434
627: 4779,3608
628: 33,4147,2559,2311
4526: 3849,2847,475,635
630: 1213
631: 1286
632: 2311,3956
633: 4172
634: 
635: 1874,2399,475,4526,3849
636: 3652,1901
637: 2195
638: 
3798: 3596,1238
640: 4605,663,66
641: 
642: 4093
643: 4621,1012
644: 3620
645: 1296
646: 4016
4626: 3066,3775,3285,1103
648: 2258
649: 3601,1068,327,3603
4179: 
3721: 973
652: 4557,297,1471,229
653: 3369,3727,2773,2688,1543
654: 3691,144,3645,4723
655: 1981,23,4394,2187
656: 1046
4702: 693
658: 2752
4439: 2462,3209,1051
4598: 2896,830,835,683
661: 
662: 
663: 640,4605,1113,3640
664: 2972,4513,3496
4002: 905,4805,1888,3976
4016: 646,873
667: 
668: 3916,225,1187,3204,1825
669: 1349
670: 4272,1577,4636,2375,334,2540
671: 3011,1216,4813,4176
672: 
673: 980,4776,4552
4761: 3498,2651,3159
675: 4794,3986,802,1851,427
676: 4205
4371: 4428,4212,4081
678: 1985,3958,52
679: 1494,3394,4637,2928
680: 4783,4115,310,1941
681: 3476,1423,1620
682: 
683: 2896,4598,2291
684: 1281,4405,3924,3400
685: 230,1743,4258
686: 3797
3726: 4256,15
688: 3869,954,3154,3359,3299
689: 4469
4393: 
691: 3912,1559,848
692: 1871,4166,3164,309,289
693: 4702,2775
694: 2209,2227
695: 3109,3188,3610,1419
4250: 
697: 308,3496,4513
698: 1139,3630,3573,2814
699: 4740,556,3213
4505: 2856,321,429
701: 2471,1955,110
702: 2868,4129,1577,3297
703: 4311
704: 2657,4185
4654: 4111,90,329
706: 4664,3730
707: 
708: 1842,4229,1445,293,3494
3828: 1787,384,3106
710: 2869,3371,2854
711: 3583,3936
712: 2650,4103,2584,141
4552: 4512,673,980
3744: 3414
715: 4191,192
716: 1901
717: 3777,290,1597,1775
718: 879
719: 1390,2800,3890
720: 345,541,1232,3052
721: 2622
722: 1949,1767,1372,1526,3343
4090: 3220
724: 4379,4013
725: 2670,2599,3873,2100
4004: 
727: 2553,3272,586,580,4540
4289: 2940
729: 4576
4177: 2494,861,2939,3090
4213: 4243,4343
732: 1638,3849,4600
4062: 3871
734: 331
3764: 4365,4707
736: 11,3279,604
737: 2699
4341: 452,2628
739: 1567,216,3659,3438
740: 500,575
741: 
742: 
743: 3473,3126
744: 4327,872,2980,3597
3839: 2217,148
746: 964,3341,1457,1091,3436
747: 2597,4038,479,3350,2918,3488
748: 2314
749: 1938,2234,3115
750: 4769,2954
4556: 4770,4156
752: 246,4390
753: 2533,40,378
4596: 1312,1713,4803,2436
755: 444
756: 270,2416
4500: 2663,3661,3858,16
3763: 
4788: 3504,4120,35
3753: 4288,2369,2774
761: 2877,25
762: 841
763: 892,2886,1026
4133: 
765: 2017,174,4779,2342
3732: 1311,4380,4397
767: 2351,57,1532,935
768: 
769: 3650,1177,4461,2743
3818: 525,1815
771: 
772: 2625,59
4460: 3906,3604,3540
774: 2129,3465,937
3835: 2886,1461
776: 977,4632
777: 1320,3334,3472
778: 3539,2895
779: 2243
780: 592,1122,3466
781: 3162,1618
782: 2211
783: 1476,2503
784: 3606
785: 1240,1943,1471,229
3884: 3801,2075,514,4388
787: 1049,209,79,3886,4783
4078: 3575,2275,3171,1501,2213,3014
3771: 1176,3830,4447,4772
4773: 4746,599,1381,2439,1278,4665,2540,1118,1841,1873,4050
791: 4159,1575,157,4805
792: 1548,4797,1506
793: 3820,808
4731: 
795: 4272,2868
4024: 244,1459,4118,4079
4101: 2500,2572,1405,2305,3436
4743: 2591
799: 3378
4688: 4467
3958: 4714,678,52
802: 4794,3986,675,2150
803: 1115,4067,4184
4160: 2022,4776
4244: 929,439,2309
806: 1863,4233
4532: 2228,1000
808: 4499,1861,793
809: 1178,1960
810: 1912,3735,24
3855: 3083,1919
812: 
4477: 3963,1726
814: 4373,4033
815: 485,4349
816: 2695
817: 2277,1072,4603
818: 4398,3310,4003
819: 577
820: 2409,3817,4043,2372
4386: 4095,1226
822: 2555,1285
3897: 3759,4282,3792,4280
824: 
825: 3730,1308
4260: 
827: 
828: 3270,3796
829: 1975,1792,1211
830: 2896,4598
4590: 4794,3004
832: 1263,2359,2078
833: 2900
834: 2989,3416
835: 3810,4598
4578: 1191,2102
837: 1458
838: 204
839: 3191,0,4384
4353: 
841: 762,1044
842: 
843: 3453,3800,1181,98,2707,380
844: 362,4775,2534,3077
4406: 1272,2535
846: 4361,2123
847: 
848: 3912,691,1654
849: 4424,2132,266,337
4042: 1933,2340,1385
851: 351
852: 
4805: 905,4002,791,2128,1888,3102,3756,3976
854: 3799,3605
3713: 1421,4739,3029
4655: 1183,4588,4144,1600
857: 23,1180,2785
858: 331
4557: 652,1174,4118,1459,229
860: 379
861: 2494,4177,2050
862: 4015,1650
863: 2264
864: 1127,2411,4517,3144,2012,3737
3795: 294,3875
866: 2993
867: 603
868: 1373,1388
869: 3040
4391: 3754,2672,387
3751: 3251,4468
872: 4017,2610,744,2980
873: 2881,2742,4016
3992: 2453
3949: 
876: 4617,3391
877: 4235,1080,3869,954,2015
3879: 
879: 718
880: 2624
881: 1717,4378
882: 3390,604,1490,4559
883: 2551,2850
884: 1715
885: 3134,3641,3229
886: 56
887: 1040,2190,3367
888: 1106,2224,1844
889: 4548,1058,2119
890: 1324,1177,2676,4622,1734
891: 4057,3480,2070,3930,3173
892: 763,6
4610: 2238
894: 2118
895: 1317,1883
896: 411,4616,580,4540
897: 
898: 2097,3616,3258,2083
4030: 1294
4708: 2411,2116,1851,4801
901: 532,4658
4573: 75
903: 2041,4762
904: 1862,3280,2005
905: 4805,4002,3102,3756,3976,962
906: 2680,614
3918: 
908: 3665,3414,2145,1410
909: 
910: 2934
911: 1145,1693,2712,615
912: 3670,3677,2118,3268
913: 540
914: 1206,1775,3199
4607: 2309
916: 2880,1650
917: 2291,3302,419
918: 
919: 2968,4166
4273: 4026,3481
921: 2375,1245
922: 2112,2890,1541,498
923: 2831,4288,2369,3015,2452
3824: 3133,1424,2759
4233: 806,1863
926: 1652
927: 436,2737,2117,1743
3985: 3210
929: 4244,4774
930: 340,3087
3925: 2971,358,1210,3783,1805
932: 2152,1399
933: 4316,1598,1141,2351,1532
4674: 4698,1981
935: 98,3458,1161,3966,767
936: 2156,4296
937: 3465,774,2129,2051
938: 1076,3581,4293,2566
939: 2549,365,3513,215
940: 1876
4333: 4524,124,4682,2510
4220: 1298
943: 3492,4058,3956,3328
944: 
945: 1621,542
946: 3551
947: 
948: 2210,4444,3940,1270
949: 2398,440
950: 
951: 472,542
4278: 1867,3164,3823,3893,289
953: 1881,1196,392,2182
954: 688,3869,1170,3359,877
4555: 
4664: 2565,706,1900
4144: 4655,2868,1600
4118: 4557,4024,1459,1414,4079
959: 3101,1477
960: 2143
4377: 1104,1001,2019,4459
962: 971,2426,905,3102
963: 2896
964: 1099,3341,746,1457,1998,1091
965: 2321,1706
966: 
4136: 509,84
4096: 4487
969: 2724,2174,1514
970: 
971: 2426,3582,962,2570
972: 2691,0,2392
973: 3721
974: 20
4554: 2603,4722
976: 2423
977: 776
4298: 3704,1418,2986,569
4123: 4796,2710,509
980: 673,1584,4512,4552,1938
981: 
982: 
983: 2837
984: 3381
4323: 1022,2818,3355,1183
986: 
987: 4231,497
988: 3627,2003
4055: 1850,4348,4305,4187
990: 498,1951,2531,2409,3724
991: 4821,1350,1882,2933
992: 1565,4814,4553
993: 2842,2313,494,3543,2714
994: 3060
995: 
996: 1182
3991: 
998: 
999: 4321
1000: 2301,2228,4532
1001: 1104,2213,2019,3014,4377
1002: 1200,4363
1003: 1804,3208,2396,3063
1004: 368,2963
1005: 1893,4462
1006: 2299,1781,3831
1007: 4300,3444,3602
1008: 2839,2961,2670
1009: 3401,3281
1010: 1862,1799
1011: 3044,107,3494,4571,3779
1012: 3142,4621,643,3743,4048
1013: 1499,1306
1014: 1826,335
4086: 1676,4334
1016: 4280
1017: 
1018: 2959
4107: 3213,2771
1020: 2293,121
1021: 3000
1022: 4323,3355,1183
4689: 
4742: 2121,584,3018,2967
4650: 4618,2094,4783,2218
1026: 763
1027: 4292,3288
1028: 2615,2826,3758,298
1029: 1245,2310,4238,3178
1030: 361
1031: 3716,4257,413,4395
3860: 1845,1252,3357,4464
1033: 
1034: 3335,1275,3584
1035: 28
3977: 4193,1619,1606,17,244
4403: 
1038: 2805,1456,1832,225,2564
1039: 3234,2163
1040: 2103,887,4340,2545
1041: 1182
1042: 
4542: 38,404,3959,2660,4806
1044: 841,1921,4387
1045: 353,4718
1046: 656
4763: 69,3917,535,2424,3382,3004,453
4319: 3919,4064,2544,515
1049: 787,209,532,4661
1050: 2055
1051: 3209,1986,4439
1052: 2234,1654
4293: 3581,938,463,2303
3923: 4065,427
1055: 2050
1056: 3933,4330,2669
1057: 
1058: 2664,889
1059: 1518,1493,2098,4809,3550
4666: 1286
1061: 4485,3080
1062: 4789,2788
1063: 3409,280
1064: 4799,3526,1736,1283
1065: 1302,2188
4785: 1809,1079,1670,50,85
1067: 2051,3465,1284,2865
1068: 2830,2648,327,3601,649
4483: 
1070: 
1071: 4267
1072: 2277,817,1616
1073: 2711,4639,4036
1074: 2518,3915,214,1476
1075: 482,2933,4236
1076: 3581,938,2038
4673: 4423
4166: 692,919,2968,1867,3164
1079: 2908,1299,4785
1080: 3869,1138,877,2015
1081: 3549
4327: 744,4075
4349: 4132,815
1084: 590,1354,2697
1085: 
1086: 1778,309,2903
1087: 4346,302,4780
1088: 1657,1313
4806: 156,38,4542,2561,2604,4580,3959,2660,332
1090: 4530
1091: 2305,2878,3436,964,746,1457,3615
3872: 2294,4568
1093: 4622,205
3800: 3453,843,1181,2726
1095: 4703,4125,1968,3936,4733
1096: 3809
1097: 4368
4588: 4655,3191,1600
1099: 964,3341
1100: 
1101: 4143,3678,2033,3912
1102: 1945,1408
1103: 3285,2535,3066,4626,4165
1104: 2213,1001,3014,4377,3331,3024
4326: 
1106: 888,2224,227,1844
1107: 
1108: 2632
1109: 522,2457,287,266
1110: 
1111: 3344,530
1112: 4282,3792
1113: 3930,663,3640,4112
3820: 793,3633
1115: 803,4067,384
1116: 263,2391,3846,2562
1117: 1334
1118: 3297,1278,4665,599,4773,3938
4142: 1722,4253,3846,550
1120: 3200,2155,1739
1121: 3854,3333,436,2737
1122: 4820,4739,780
1123: 
1124: 
1125: 
1126: 2564,2805
1127: 2411,864,4041,2852,3144
1128: 3717
1129: 
1130: 2905
1131: 3368,2428
1132: 
1133: 2608,2066,4716,2919,2142
1134: 2128,1879,155,1712,4682
1135: 
1136: 3102,3756,1575,1720
3811: 1495,4568,2874
1138: 1080,3869,3154,2164
1139: 698,3630,3573,4700,333
1140: 2255
1141: 3899,3434,4316,933
1142: 1771
1143: 
1144: 449
1145: 911,1693
1146: 1448,3559,2826
4609: 50,85,2523,3607,4804
1148: 
1149: 
4185: 704,2327
4399: 1573
1152: 3037,420,3270,448
1153: 4048,1910,3743,4450
1154: 140
1155: 2745
1156: 522
1157: 2362,4790
4287: 3894,4170,3745,2077
1159: 1266,4778
1160: 1320,2954,408
1161: 3966,4524,935,2351
1162: 
1163: 
1164: 
3846: 2562,4253,1116,4142
3796: 3538,3270,828
1167: 1554
1168: 213
4311: 703,4740
1170: 2155,3359,954
4254: 2685,4585
4784: 4620,1942,3990,4599
4318: 3951
1174: 4557,2101,1459
1175: 3069,3437
1176: 3771,3685,4772
1177: 769,3650,1430,2676,890
1178: 809,2775
4320: 4154,3326
1180: 857,4698
1181: 2866,98,1620,843,3800
1182: 1041,996
1183: 4384,4655,1022,4323,3355
1184: 2658,2518,2495
1185: 398
1186: 
1187: 3916,225,668,2564,255
1188: 145,2239
4790: 1157,145
1190: 4810
1191: 4544,4578,2102,246,4447
1192: 
1193: 3304
4281: 2621
4592: 2705,2639,3420
1196: 392,953
1197: 1591,3464,3532,2611
1198: 2535,153,3066
1199: 
1200: 1002,4363,3951
1201: 1522,2370,2815,2764
1202: 4548,1228,319
1203: 2210,3624
1204: 3859,2601,113
1205: 148
1206: 914,1597,1775
1207: 4109,2248
1208: 
4390: 246,752,3285,2330
1210: 358,16,2663,3783,3925
1211: 3349,1827,829
1212: 
1213: 630,2929,3197
4512: 556,4552,980
1215: 3691,280
1216: 3011,671,2028,3155
1217: 
4635: 3352
4679: 3722,4726
3789: 
1221: 1427,3819
1222: 1255,2742,473,2241
1223: 3061,416
1224: 4290
1225: 3927
1226: 3043,4386,431
1227: 1742,3974,3447
1228: 1202
1229: 4262,4724
4221: 298,2076,406,2266
1231: 2012,3737,1556
1232: 2709,3217,3836,720,541
1233: 8,2783
4119: 4203,568
1235: 3326,3913,4644
1236: 
4296: 2337,936,2819
1238: 3798,508
4770: 4556,4575,347,554,4156
1240: 785,415,576,4589
1241: 493,1747,1388
1242: 3568
4463: 4716,2608
1244: 
1245: 1029,3178,921,2375
1246: 2853
4754: 2523
4433: 
1249: 
1250: 
4703: 1095,3536,4733,4621
1252: 3860
1253: 4796,260,1678
1254: 2354,3478
1255: 3318,1222,2241
1256: 2156,2355,3055,3548
1257: 2736,3523,4576
1258: 
4737: 1919,4047
1260: 4765
4339: 2526
4479: 
1263: 832,2359,4733
1264: 
1265: 4538
1266: 1159,4778
1267: 2773,3727
4240: 
4493: 2183
1270: 2623,1507,948,3940
1271: 
1272: 4406,4165,4591,2535,3556
1273: 
1274: 
1275: 2646,3471,1034,3584
1276: 4663,2374,4414,3731
1277: 4789,4262,3788
1278: 4665,2540,4636,1118,3297,4773
1279: 2290,4064
4604: 2753,2749
1281: 684,3924,3400
1282: 261
1283: 287,4528,1064
1284: 3465,4207,1067,2865
1285: 1498,822
1286: 631,4666
1287: 
1288: 3476,2635
1289: 588,3734,3964
4653: 2805
3727: 3369,653,1267,3120,2773
1292: 
4585: 4254
1294: 4030
1295: 2272,4228
1296: 645,3076,4795
4095: 4386
1298: 4220
1299: 3228,1,3432,2908,1079,3097
1300: 181
1301: 
1302: 1065
3890: 719,1390
1304: 
1305: 2900
1306: 1013,1601
1307: 101,1982,1885
1308: 3613,825,2565
4263: 2242,4777,2215
1310: 4818
1311: 3732
1312: 4596,1713,3379,2593
1313: 3909,1088,4373
1314: 1609,2443,1803,3393
1315: 3502
1316: 4712,4458
1317: 1883,895
1318: 507,4792,4815
4444: 2210,948,3940,3124
1320: 1160,3334,408,777
1321: 4411,2987
4693: 4138,237,3132
1323: 3814,445
1324: 890,4622,1734
1325: 4350,3024,1752
1326: 2086,26,3394,1494
1327: 1681,1605
4492: 1394,2098,4574,1928
1329: 
4322: 3052,1687,3292,1374
1331: 4522
4253: 517,3846,4142
1333: 3166,2927
1334: 1117
4047: 2629,4737
1336: 2153,2814,2095,4775
1337: 3826,1682
1338: 
4218: 2100,2918,3488
1340: 515
1341: 4455,4183,576,282
1342: 27
1343: 2266,390,2563,406
4758: 2979,1352,2134,3831
1345: 2413,2474,15
3980: 328,168
3965: 142
1348: 3710,3167
1349: 669
1350: 991,4821,2933
1351: 2198,2043,4823,4203,3150
1352: 4758
1353: 
1354: 1762,590,1084
1355: 
1356: 
3730: 825,706
1358: 
1359: 331
1360: 4768
4091: 504,4214,1946,2809
1362: 2404,4804
1363: 
4537: 508,500
1365: 
3765: 
4186: 4534,1969,4046,4685,4823
3938: 3419,1118,2471
1369: 2451
4163: 223,3690
1371: 3652
1372: 1526,722,3343,424
1373: 868,2496,344
1374: 1687,3410,4322
1375: 2225,4691,446,3754
1376: 1562,3110,4135
1377: 4350,3024
1378: 4108,1822
1379: 4802,3861
1380: 2208,53,421,1720
1381: 2439,334,2540,4773
4028: 3769,373,1475,3108
1383: 
1384: 4137
1385: 2747,614,2340,4042
1386: 1595,4443,2174
4530: 1090,419,4762
1388: 868,1241,1406
1389: 
1390: 719,2800,2875,4646,3890
1391: 395
1392: 565,4746,4071,2764,3468
4531: 3415,4381,451
1394: 4492,2098,2121
1395: 1999,228,1730
1396: 1662,3266,2593,4465
4372: 4704,4574,1916
1398: 2856,2785
1399: 932,150
1400: 
4459: 4377
4300: 1007,3588,3602,4816
1403: 3449
1404: 4295
1405: 3365,514,4388,3436,4101
1406: 433,1388,4587
1407: 
1408: 1102,277
1409: 1434
1410: 2145,3182,3665,908
1411: 3774,2067
1412: 1558,2431,2298
1413: 1649
1414: 229,4118,4079
1415: 519
1416: 1876,3521
1417: 2917,1707
1418: 4298,2986
1419: 4440,3109,695,272,2441
1420: 3554,4469
1421: 4739,3713,4820
1422: 368
1423: 2866,1661,681
1424: 4369,1967,3824
1425: 4780,2421
3943: 4676,4799
1427: 3313,1221
4769: 2292,2318,2778,60,2954,750
4696: 
1430: 2372,205,2676,1177
1431: 1724,2443,1696,4170,3393
4061: 4264,3344
4197: 3605
1434: 626,1409
3870: 1840,1738,2426
1436: 3586,3034
1437: 1948,193,3941
1438: 4504
1439: 
1440: 273,2433,3056
4151: 2357,2295
1442: 
3891: 
1444: 
1445: 708,4229,2313,2714
1446: 4191
1447: 3387
1448: 1146
3807: 2697,1943
4075: 4467,4327
1451: 
1452: 4052,557
1453: 3502,161,463
4018: 
4471: 212,3518,490
1456: 1832,225,1038
1457: 4337,1998,3615,964,746,1091
1458: 1587,837
1459: 244,4024,4193,1174,4557,4118
3951: 1799,4318,1200
1461: 2886,3835,3034
4818: 1310,3321
3756: 3102,1136,1575,905,4805
1464: 
1465: 2099,1545
1466: 
1467: 3435
1468: 3430,1690
1469: 4337,3615,2878,3670
1470: 
1471: 297,652,785,1943,229
1472: 1531,3990
1473: 4779
4109: 3982,1207
1475: 3108,3769,4028
1476: 783,214,1074
1477: 4241,1907,959
4099: 
4183: 4455,1341,576
1480: 3245,3356
4510: 4644,2765
1482: 3810
1483: 
1484: 431,1581
1485: 1742,3374,322
1486: 2395,531
4685: 3135,4186,1969,4823
3717: 1128
3954: 
1490: 2901,3390,882
1491: 3731,3487,4297
1492: 4789
1493: 1518,1059,4809
1494: 679,1326,26,4766
1495: 3811,4340,2103
4291: 4043,1765,1951,4768,2409
4005: 2655,3314,3513,2225
1498: 410,1285
1499: 1013,1673,369
1500: 4722,1806,2147
1501: 3171,3733,4078,2213
1502: 4167,3340
1503: 4375,4657
1504: 
1505: 
1506: 2861,2744,4797,792
1507: 2623,1270
1508: 
1509: 3067,4793
3845: 572,3189,4076,2890
4174: 3355,173,2140,375,2732,4384
1512: 1875
1513: 3232,292,144
1514: 219,2174,969
1515: 
1516: 3359,1573,3299
1517: 48,2712,615
1518: 1059,1493,4809,3550,1520,2760
4704: 2788,4372
1520: 2760,4809,1518
1521: 238,1820,4730
1522: 2501,1201,1789,605,2370
1523: 2755
4079: 4118,4024,1414
4782: 3165
1526: 1372,722,1949
1527: 
1528: 2532,423
1529: 
3809: 1096,4155
1531: 1472
1532: 2351,57,767,933,1694
1533: 3303
4528: 218,1283
4712: 1316,1677,134,4458
1536: 
1537: 
3790: 2823,3103
4214: 3097,4085,4634,4476,1946,1868,4091
1540: 1854,1550,2256,4569
1541: 4076,922
3825: 2137,3175,4586,3623
1543: 3045,3369,653,2688
1544: 358
1545: 1465,2099,2056,4087
1546: 
1547: 622,3392
1548: 3193,1729,792
1549: 3814
1550: 1854,1540,2256,3089
1551: 4314,3544
1552: 
1553: 2708,1887
1554: 4786,1167,343
1555: 2133
1556: 3347,568,1231
1557: 4153,3578
1558: 1412,2497
1559: 3912,691,2033,1701
1560: 348,3309
4354: 3973
1562: 1376,1788,2560
4624: 
1564: 1581,2776
1565: 992,4814,2557
1566: 3375
1567: 2520,216,3438,739
3810: 4527,1482,835
4162: 2732,375,4081
1570: 1588
4690: 
4448: 1823
1573: 2415,4399,2967,1516
1574: 
1575: 53,157,791,1136,3756
3709: 2178,3042,402,4605,551
1577: 670,4636,702,2868
1578: 4169,617
3988: 2657,3471,2646,3636
1580: 594,535,2306,3347,2639
1581: 1564,1484
1582: 82,3286,4019
1583: 4637,3415,451
1584: 980,1938
1585: 
4076: 3845,2890,1541
1587: 1458,2487
1588: 1570,2603,4815
4633: 4732,3701,338,2561,4580
1590: 3304,2569
1591: 1197
4772: 3198,1993,1176,3771,3830,4447,1973,3685,581,2391
1593: 3133,4170,3393,3745
1594: 3782,3620
1595: 1826,1386,4443
4724: 1229,4262,3788
1597: 290,717,1775,1206
1598: 4316,933,1694,4518,4458
3731: 1276,1491
1600: 110,4144,4588,4655
1601: 1306
1602: 2652,3204
1603: 
1604: 4274,2748
1605: 1941,523,1327,310,1681
1606: 1619,3977,17
1607: 4054,3302,2842
3894: 4287,2077,2669
1609: 1314,3052,3410
1610: 2230
1611: 2745
1612: 
3854: 1121,4571,3779
4815: 4792,1318,2603,1588
1615: 
1616: 2133,2013,2277,1072
1617: 
1618: 3371,3643,781
1619: 4193,3977,1606,2101
1620: 3458,681,3476,1181
1621: 1902,945
1622: 2758,252,292,4382
1623: 4699
4201: 1784,3719
1625: 4466
1626: 3080,3275
1627: 4822
1628: 3920,3741,1929
4793: 4741,1509,3593
4038: 2597,747
1631: 4820,2338
4274: 1905,1604
1633: 3252,4251,2032
1634: 2487,136
4295: 2932,3180,1404
1636: 3163,4776
1637: 
1638: 732,510,4600
1639: 2398
1640: 2194
1641: 3785,4538
1642: 590,319,2563,1762
4412: 2153,2814,1861,3687
1644: 
1645: 1657,449,2587
1646: 127,2803,4102
1647: 297,2697,1943
4276: 3411,3239,2284
1649: 3156,3488,2597,1413,4451
1650: 3312,862,916
1651: 2233,3437
1652: 926
1653: 
1654: 848,1052
1655: 1825,2757,2976,168
4817: 613
1657: 1645,1088,2587
4582: 4224,4464,460
3777: 717,2353,290
4794: 3986,2116,802,675,2012,2411,4590,1851,2150
1661: 2751,1423
1662: 1396,2687,2280,3360
3816: 3582,4691
1664: 
1665: 46
1666: 
3906: 4460,1930,3540
1668: 2815,2764,3468,3647,1792
1669: 
1670: 50,85,4804,1809,2763,4785
1671: 31
1672: 3945,3937,2721
1673: 1499
1674: 3414,303
4227: 
1676: 4086,414,4639,4036
1677: 134,4725,3202,4316,4712
1678: 4796,1253
4135: 3283,1376
1680: 
1681: 2880,1327,523,1605
1682: 3258,1896,3826,1337
1683: 164
1684: 345,492,1803
4603: 817
1686: 
1687: 615,1829,3292,1374,4322
4290: 4695,1224
1689: 
1690: 3430,1468,3075
1691: 
4404: 2284,3411
1693: 1145,911,2836
1694: 3337,1532,1598,4518
3869: 1080,688,954,1138,877
1696: 4306,2443,1431
1697: 2776
1698: 
1699: 4001,3676,2950
1700: 
1701: 2033,3995,1559
1702: 3128,2473
1703: 
1704: 4416,1743,2497
1705: 1838,3799,3029
1706: 4668,2062,965
1707: 1417
1708: 
1709: 4344,4211,396
1710: 3257
3874: 3782
1712: 3728,155,411,580,2553,1134
1713: 4596,1312,3360
4472: 
1715: 884
4029: 67,379,2574,4811
1717: 881
1718: 1766
4316: 933,1598,1141,1677
1720: 2127,1380,2208,1136
3871: 4062
1722: 2140,4142,2562,173
4640: 26,4766
1724: 1431,2245,3600
1725: 2039,4453
1726: 3963,4477,496
1727: 3865
1728: 2590,3441,348
1729: 1548,4797
1730: 228,1999,1395
1731: 1817
1732: 216,4223,3142,2520
1733: 4482
1734: 890,1324,4622,556
4093: 642,2222
1736: 218,1064
1737: 3457
1738: 1840,3870,3976,3899
1739: 4044,1120,3200,3252
1740: 4007,395
1741: 3034,3538,3586
1742: 1227,1485,3447
1743: 230,685,927,4416,1704
4513: 664,3496,697
1745: 2637
1746: 
1747: 1241,4538,3785
4418: 
1749: 1815
4105: 
4757: 
1752: 1325,77
1753: 2596,254
1754: 
1755: 291
1756: 
1757: 2793,2860
4544: 1191,4447,3335
4424: 849,2132,337,4767
4243: 4213,134,3202,3231
1761: 
1762: 1354,590,1642
1763: 
1764: 3794,2603
1765: 4291,4043,4768,602
1766: 1718,2025,4419
1767: 722,1949,3259
1768: 3091,2506
1769: 3199,2881
1770: 2581,2019
1771: 1142
1772: 2074
1773: 2173
4611: 
1775: 717,1597,1206,914
1776: 
1777: 329,4237,1909
1778: 1086,2981,2903
1779: 2557,2400
4071: 3896,4746,1392,3468
1781: 1006,2789
3768: 3754,446,2212,3136,4381
3793: 3733,4475,3171
1784: 4201,3377,4823,3150
1785: 2155
1786: 251,3122,4632,525,4807
1787: 3828,4067
1788: 1562,4538
1789: 1522,2501,2131
4169: 1578
3930: 1113,66,3173,891,2070
1792: 1975,829,2815,1668
1793: 584
4660: 2311,4234,2147,4627,3266
1795: 558
1796: 322,3095
1797: 455,2282
1798: 2278
1799: 3951,1010
1800: 4342,2380
1801: 
3878: 484,4178,4350
1803: 4306,345,1684,1314
1804: 1839,1003
1805: 3783,2971,3925
1806: 2147,4627,4722,1500
1807: 
4040: 
1809: 2763,4785,1670,4482
1810: 4681
4515: 574
1812: 
1813: 4547
1814: 
1815: 1903,3818,525,1749
1816: 440,2021,4565,3592
1817: 1731
4764: 2557,2023,257
4364: 
1820: 2260,1521
1821: 4251,4669,3539,4787,3366
1822: 1378,4108,553
1823: 2222,4448
3912: 691,1559,848,2033,1101
1825: 1655,2976,668
1826: 1595,1014
1827: 1211,3349,2812
4792: 4815,2938,1318
1829: 615,1687,4569,34
4173: 3812,2234,3115
1831: 
1832: 1456,82,609,1038
1833: 
1834: 3742,4648
4504: 1438
1836: 1859
4720: 520,3074
1838: 1705,3799,36
1839: 1804,384
1840: 3870,1738,3899
1841: 1873,4773,167,1965
1842: 708,4229,293,107,3494
3806: 2051
1844: 888,1106,2857
1845: 3860,4224,4464
1846: 520
3862: 
4762: 4530,4054,419,3676,3543,903,2041
1849: 3353,4258
1850: 4055,4305
1851: 4708,4794,3986,2116,675,4801
1852: 
1853: 152,3464
1854: 1550,1540,4569,34,3836
1855: 4147,2559,4722,4627
4363: 1200,1002
1857: 
1858: 3776
1859: 564,1836
1860: 461
1861: 4499,808,3630,4412,2814,3687
1862: 904,1010,2005,2751
1863: 443,806,4233
4807: 525,1786,251,3193,3586
4736: 
4000: 29
1867: 3164,4278,2968,4166
1868: 504,4476,4214
1869: 3418
3699: 
1871: 692,309
4154: 4320,3569,3909
1873: 1841,4773,167,4050
1874: 4023,2399,635,1
1875: 1512
1876: 940,1416
1877: 
4732: 4633,3701,4580
1879: 2128,1134,1888,4682
1880: 2118,2572,3284,349,3310
1881: 2986,569,953,3609
1882: 607,2522,112,2933,991,4821
1883: 4247,1317,895
1884: 2950,2792,2519
1885: 2756,1307
4417: 
1887: 1553
1888: 2128,1879,4805,4002
1889: 3007
1890: 534
1891: 2773,455
4231: 987
1893: 4462,1005,3419
1894: 2402,262
1895: 595
1896: 1682,3258,2083
4676: 2183,3943,4799
1898: 2172
1899: 137
1900: 3205,4664
1901: 636,716
1902: 1621
1903: 1815,3076
3690: 4163,4015
1905: 4274,2181
4775: 2095,4259,132,3573,844,362,1336,3077
1907: 2808,4241,1477
1908: 
1909: 3591,3423,1777
1910: 1153,2131,4450,2501
1911: 3865
1912: 810,430
1913: 236
1914: 3334,408
1915: 450
1916: 4574,4372
1917: 
4546: 2146
1919: 3855,4737,3190,2175
4701: 3225
1921: 1044
3852: 
4574: 1916,1928,4372,4492
1924: 2983,2099
4503: 2142
1926: 2898,3047,4801
1927: 3201
1928: 4574,4492,2098,3550
1929: 3356,1628,3741
1930: 3906
3883: 357,3149
1932: 495,3819
1933: 4042,4534,4046
1934: 
4681: 1810
4423: 4673
4436: 4779,4195
1938: 2771,749,1584,980
1939: 
4080: 
1941: 523,1605,680,3392
1942: 4487,4620,4784
1943: 785,1471,1647,3807,2697
4408: 4514
1945: 1102
1946: 4214,3097,4091,2809,4482
1947: 
1948: 1437,193,3941,3788,4789
1949: 722,1767,3259,1526
1950: 3631
1951: 990,498,4768,2409,3724,4291
4536: 3706,2560,3734
1953: 
1954: 39
1955: 2471,701,475
4698: 23,1180,4674,1981
4247: 577,2555,1883
1958: 526,3318
1959: 
1960: 809,11,4361
1961: 2893
1962: 142,2055
1963: 4767,3634,2449,3957
1964: 
1965: 605,167,1841
1966: 3444
1967: 3832,1424
1968: 3936,1095,4125
1969: 4186,4534,3071,4685
1970: 366,2955,2456
1971: 
4648: 201,3742,1834
1973: 3685,4772,3198
4809: 1518,1059,1493,1520,3374,2760
1975: 829,1792,2962
1976: 
4077: 2382
4434: 2170,4044
1979: 
3888: 1985,58,3531
1981: 2531,655,4674,4698,23
1982: 1307
1983: 
4259: 132,3573,4775
1985: 2848,678,58,52,3888
1986: 2021,1051
1987: 3073
1988: 
1989: 
1990: 3714,4726
1991: 3107,416,63,2840
1992: 4355,3772
1993: 4772,581
1994: 
1995: 2003,3046,2429
1996: 
1997: 19,3778,2838
1998: 3009,1457,4337,964,183
1999: 1395,2256,1730
2000: 2728,377,567
2001: 4748,490
2002: 67,4811
2003: 1995,3046,3627,988,2429
4462: 1893,1005,3419
2005: 904,1862
3788: 1948,193,4262,4724,1277
3739: 
2008: 
4632: 776,1786,3122
4445: 255,328
4388: 514,3884,1405
2012: 1231,3737,864,4794
2013: 2277,1616
2014: 
2015: 3253,877,1080
2016: 
2017: 3532,174,2611,765,4779
4215: 2257
2019: 1001,3014,4377,2581,1770
2020: 2803
2021: 440,1816,1986
2022: 4160
2023: 3597,4764
2024: 304
2025: 1766
2026: 4011
4489: 4820,3866
2028: 3559,3155,1216
2029: 4615,2389
2030: 3396
4187: 4305,4348,4055
2032: 1633,3252,4235
2033: 1701,1101,3912,1559
2034: 4507
4547: 3608,1813
3865: 3387,1911,1727
4518: 3005,4458,1598,1694,3337
2038: 3922,1076
2039: 4453,1725
2040: 
2041: 903,4762,3543
3842: 2918,503,2508,479
2043: 2198,1351,4823,3505,4203
4065: 3923,2618,132
2045: 4230,326
2046: 3376
2047: 3838,4686
4440: 1419,272,2441,547,3882
2049: 396,3913
2050: 1055,2494,861
2051: 3806,1067,2168,937
3797: 686
4621: 643,4703,1012
2054: 
2055: 1050,1962
2056: 4801,1545,4087
2057: 
3857: 
4209: 3728,155,124
2060: 
4729: 
2062: 4668,1706,4637,2928,2456
2063: 3712,3859,113
2064: 4063,2446,3189
2065: 2502
2066: 2608,1133,2919
2067: 1411,2671
2068: 4280,49,2737
3920: 1628,3741,262
2070: 891,3480,3930,4010
4777: 2215,2791,4437,431,4263,2378,3522,2947
2072: 3844,3626,153
4049: 4549
2074: 1772
2075: 3884,3801
2076: 406,4221
2077: 3745,3894,4287,2669
2078: 2206,2955,832
4257: 3213,1031
2080: 550,2249,517
4143: 1101,4776,3678
2082: 2622
2083: 3258,1896,898
2084: 
3896: 4071,3524,3468
2086: 1326,2480
2087: 2184
2088: 
4405: 223,3924,2161,684
2090: 2595
4583: 572,3485
4196: 2359
2093: 
2094: 4618,79,4650,4474,4783
2095: 4775,1336,3077
2096: 
2097: 4771,3616,3258,898
2098: 4492,1394,1928,1059,3550
2099: 1465,1545,2983,1924,4801,3649
2100: 4218,725,3873
2101: 4193,1619,1174
2102: 456,1191,4578
2103: 1040,1495,4340
4467: 4075,4688
4211: 4344,1709
3746: 4589,3875,415
3922: 2038,3689,3251
2108: 4787
2109: 
2110: 3417,3363
2111: 2228,2776
2112: 36,2890,922
3990: 4784,1472
3882: 547,272,4440
2115: 529,4565,2731
2116: 4794,3986,2411,4708,1851
2117: 436,927,2485,3546,4258
2118: 894,1880,3677,2572,912
2119: 4548,889
2120: 595
2121: 584,4742,1394
2122: 
2123: 846
2124: 
2125: 553
3719: 4201,3295
2127: 1720,365,2570,2549
2128: 1134,1888,1879,2553,4805
2129: 774,3827,2168,937
2130: 2841,3911
2131: 4450,1910,1789
2132: 849,4424,266,4767
2133: 1616,1555
2134: 3831,71,4758
4627: 1806,2147,4722,1855,2559,4660
2136: 517
2137: 3175,3825,3388
2138: 
3913: 2049,1235
2140: 1722,375,4174,173
2141: 
2142: 1133,2919,4503
2143: 960
4639: 2711,1073,4036,1676,4615
2145: 1410,3493,3182,908,3689
2146: 4546
2147: 1806,4627,1500,4660,3266
4780: 4533,1087,4346,1425,4294,2421
4064: 4039,3919,4319,1279
2150: 4794,802,4103,2650
4733: 1263,1095,4703
2152: 932
2153: 4412,2814,1336,3687,2484
4466: 1625,4495
2155: 1170,1120,1785
2156: 1256,3055,4810,936
3911: 4499,2130,3675
2158: 11
2159: 164,486
2160: 600
2161: 247,4405
2162: 3025
2163: 1039,232
2164: 3154,1138,3463
4343: 4213,2191,4709
4146: 3554
3827: 4312,2168,2508,3451,2129
2168: 4312,3827,2129,3350,2051
4801: 2056,3649,3047,4708,1926,2898,1851,2099
2170: 4434,4305,2749
4058: 943,3492,3962,2640
2172: 1898,2735
2173: 1773,4342,545
2174: 1514,969,1386,4443
2175: 4608,1919
2176: 
4465: 2593,516,1396,3266
2178: 3709,402,3525,2615,2738
4521: 
2180: 2550
2181: 2915,1905,3438
2182: 3280,953,2224
2183: 4676,4493
2184: 2087
2185: 521
4517: 2852,3144,4009,3737,864
2187: 2743,655,4394
2188: 3137,1065,4797
4023: 1874,2399,1,3432
2190: 3367,887,2196
2191: 4343
2192: 
2193: 2282
2194: 1640,3442
2195: 637
2196: 2190,2524
4085: 4214,3097,3228,4634
2198: 1351,2043,3135,4823,3505
2199: 404,3338,77
2200: 3705,579,2512,2220,125
2201: 
4010: 2070,4112
4561: 2731,3592
3695: 2935
3861: 4802,1379
2206: 2078,4668,198,2955
2207: 
2208: 1380,3786,1720
2209: 403,694
2210: 948,4444,3624,1203
2211: 782,3829
2212: 4587,3136,4381,446,3768
2213: 1104,1001,3014,4078,1501,3331
4310: 3249
2215: 4777,2791,4263,2242,3234
4705: 4271,296,3079,2723
2217: 3839,148,3261
2218: 2250,4650
2219: 3276
2220: 4474,2200,2512,4618
2221: 2799
2222: 1823,4093
3982: 4109,72
2224: 888,1106,2182
2225: 1375,4005,3138
2226: 102
2227: 694
2228: 2111,4532,1000
2229: 282,9,3786
2230: 3974,1610
4545: 
3814: 1323,2299,1549
2233: 1651,4235
2234: 1052,749,3115,4173
4644: 4510,1235,2765
2236: 
4600: 3849,2691,732,1638
2238: 4610
2239: 2320,1188
2240: 2925
2241: 473,1255,1222
2242: 2279,512,4263,2215
2243: 779
4617: 876,100,3391
2245: 1724,3600,4810
4572: 
2247: 3433
2248: 1207
2249: 2818,550,2080,3156,4451
2250: 2218,3227,4313
2251: 
2252: 575,285,3969
4426: 245,3069
2254: 86
2255: 2739,1140
2256: 1999,1550,1540
2257: 4215
2258: 648
2259: 3206
2260: 4730,1820
2261: 
2262: 3311
2263: 2585,579,125
2264: 2859,303,863
4112: 3640,3979,1113,4010
2266: 1343,406,4221
2267: 452,3572
3974: 2230,1227
2269: 2484,346,2406
2270: 4239,4819
2271: 3257,3174,3082
2272: 221,1295
2273: 
2274: 
2275: 2497,2298,3575,4078
3989: 3124,3761
2277: 817,1072,2013,1616
2278: 1798
2279: 2242,512
2280: 3360,4571,2687,1662
2281: 
2282: 1797,2193,3020
4019: 3286,2991,1582
2284: 4404,3411,4276
4128: 4697
4102: 2629,1646,127,131,2695
3940: 948,4444,1270,3124
2288: 3501
2289: 
2290: 4304,6,1279
2291: 683,917
2292: 4769,2778,60
2293: 2401,121,1020
2294: 3872
2295: 2357,62,4151
2296: 
2297: 
2298: 1412,2275,3575
2299: 1006,3814
2300: 
2301: 1000
4661: 2448,2366,1049,209
2303: 183,463,4293
3840: 
2305: 1091,2878,3677,3436,2500,4101
2306: 535,1580
2307: 3829
4381: 2212,3768,4531,451
2309: 4244,439,4607
2310: 4238,1029
2311: 4660,4234,632,2559,628
4740: 699,4778,4311
2313: 2842,993,1445,2714
2314: 748
2315: 
4474: 2366,2512,4618,2094,79,2220
2317: 2390,3794
2318: 4769
2319: 531,3454,2772
2320: 2239,10
2321: 965,4619
2322: 
2323: 
3778: 2838,1997
3783: 1805,3162,2663,1210,3925
4307: 
2327: 3959,4185
2328: 
2329: 3609,2462
2330: 4390,2961
2331: 
3877: 4284,355,593
2333: 374
4697: 4128,321,4188
4369: 1424
4707: 4365,3764,370
2337: 4296,31,2819
2338: 3340,2953,1631
2339: 2589
2340: 4042,1385
2341: 2482
2342: 4195,765
2343: 
4256: 15,3726
2345: 398
3928: 
4358: 
4778: 3089,1266,1159,4740,2709
2349: 
4395: 1031,413
2351: 767,1532,1161,933
4553: 4814,992
2353: 3777,3069
2354: 4279,1254
2355: 4376,1256
4223: 3142,1732
2357: 62,4151,2295
4631: 168,3426
2359: 1263,832,4196
2360: 508
4280: 1016,2068,3897
2362: 1157
3761: 3124,3989
2364: 2793,2860,3968
2365: 2417
2366: 4474,2448,4661,2512
2367: 
2368: 2763,2404
2369: 3753,4288,4034,3015,923
2370: 605,565,4050,1522,1201,2764
4551: 3612
2372: 1430,820,4043
2373: 2652,3286,2991
2374: 4663,1276,2659,564
2375: 921,334,1245,4272,670
2376: 2576
4268: 
2378: 4777,3522,2947
2379: 483
2380: 1800
2381: 
2382: 4077
2383: 10
4540: 411,896,580,3081,3272,727,2553
2385: 
2386: 
4437: 431,4777
2388: 
2389: 2029
2390: 2317
2391: 4772,3198,581,1116
2392: 3487,4297,972
2393: 3259,3972
4549: 529,4049
2395: 1486,439,531
2396: 1003
2397: 
2398: 949,1639
2399: 4023,1874,635
2400: 1779
2401: 2293,121,4383
2402: 1894,262,2606
4799: 1064,3526,3943,4676
2404: 1362,378,2368
2405: 4011
2406: 3254,2269
3851: 
2408: 3176,2715,2664
2409: 3817,3724,820,990,1951,4291,4043
3729: 2573
2411: 1127,864,4041,4708,4794,2116
3742: 3664,4648,1834
2413: 1345,4575
2414: 2765
2415: 1573,3299
2416: 756,270
2417: 2365
2418: 
2419: 4394,2785
4063: 2064,3189,3799
2421: 2577,4780,1425,197
4748: 2001,143
2423: 976
2424: 237,3787,4763,69
2425: 
2426: 971,3582,962,3870
3952: 4407
2428: 1131
2429: 3008,1995,2003,3705
4419: 1766
2431: 2990,1412
2432: 4192
2433: 1440,273,3061
3716: 1031,3115
4376: 4037,2752,2355
2436: 2641,4803,4596
4350: 1325,1377,3878
4427: 
2439: 1381,334,4125,4773
2440: 
2441: 1419,4440,547
4441: 4796
2443: 1314,1696,3393,1431
4222: 3584,2813,3153
2445: 
2446: 3605,2064
3741: 1628,3920,1929
2448: 4661,2366
2449: 3117,3858,3957,1963,4767
4789: 1277,4262,1948,3941,1062,1492
2451: 407,379,1369
2452: 3015,923,2831
2453: 3992
2454: 
4659: 4219
2456: 1970,2955,2928,4668,2062
2457: 522,1109,60
4576: 263,729,1257,3139
2459: 2589
3829: 2307,2211
2461: 3373
2462: 4439,3209,3609,2329
4340: 1495,2103,1040,2545
2464: 247,4282
3917: 4763,535,3004
2466: 3319,3295
2467: 3250
2468: 
4267: 1071
2470: 480
2471: 701,1955,3938
2472: 
2473: 2870,1702
2474: 395,1345
2475: 3942
2476: 3210,394,4242,219,2595
4158: 2748
2478: 
4188: 270,429,4697,321
2480: 3644,2086
4495: 4466
2482: 3041,2341
4796: 4123,509,4441,1678,1253
2484: 2269,2153,3687
2485: 2117,3546
4127: 179
2487: 1587,1634
4114: 195
4663: 1276,2374,213,4414,564
2490: 118
3867: 224
2492: 
2493: 610,4303
2494: 861,4177,3090,2050
2495: 2518,3915,1184
2496: 215,344,1373
2497: 2275,1704,1558
4533: 4780,4294
4718: 1045
2500: 2572,3284,4101,2305
2501: 1522,1789,1910,605
2502: 2065,4113
2503: 783
2504: 346,350
2505: 3953,27
2506: 1768
4508: 490
2508: 3451,3842,4312,3827,479
3900: 2586,3561
2510: 4333,3899,3434
3858: 2449,2911,4500,3661
2512: 3705,2200,2366,4474,2220
4725: 1677,3202
2514: 2895,2753
3859: 1204,3211,2063,113
2516: 
2517: 
2518: 2495,1074,3915,1184
2519: 1884,4497
2520: 1567,1732
4425: 
2522: 607,2924,1882,3426,112
2523: 3607,4754,4609
2524: 2196
2525: 3672
2526: 4339
2527: 
3801: 3884,3337,2075
4730: 2260,238,1521
2530: 
2531: 1981,990,3817,3724
2532: 1528,3651
2533: 753
2534: 3281,844
2535: 1198,4591,3066,1272,4406,4165,1103
3997: 72
4275: 
4516: 2960
2539: 
2540: 1278,334,670,4636,1381,4773
2541: 186
2542: 4171
4175: 4765
2544: 2789,4319
2545: 4340,1040
2546: 
4346: 1087,4780,2916
2548: 3378,4802
2549: 939,2127,365
2550: 275,2180
2551: 883,2850
4193: 1619,3977,2101,244,1459
2553: 727,580,4540,1712,2128
4636: 670,1577,1278,2540
2555: 822,577,4247
4368: 2844,1097
2557: 1779,1565,4764
4172: 633
2559: 4147,1855,4627,628,2311
2560: 3706,4536,3110,1562
2561: 38,338,2981,4633,2604,4580
2562: 3846,1116,1722
2563: 3447,406,1642,1343
2564: 1126,225,1187,2805,1038
2565: 4664,3613,1308,3205
2566: 938,4534
4580: 2604,338,4633,4732,2561
3745: 2077,3133,1593,4287
2569: 1590
2570: 2127,365,971
2571: 3403,3385,3072
2572: 2500,3284,4101,3677,2118,1880
2573: 3729
2574: 4006,4811,4029
2575: 454
2576: 4156,3257,2376
2577: 2421,197,486
4488: 3272,4605,551,3081
3941: 1948,1437,4789
4113: 2502
2581: 3575,1770,2019,3014
2582: 212,2770
2583: 3708,2637
2584: 712,3061,141
2585: 2263
2586: 3900
2587: 370,1657,1645
2588: 
2589: 2459,2339
2590: 1728,4821,348
2591: 4743
2592: 
2593: 516,4465,3379,1312,1396
2594: 
2595: 2090,2476,219
2596: 1753,314,101
2597: 4038,747,1649,3488
4447: 3830,246,1191,4544,3771,4772
2599: 3964,725,3873,503
4497: 532,2519
2601: 1204,352
2602: 3022,3134
2603: 4815,1764,4554,1588
2604: 4580,2561,4806
2605: 
2606: 2402
4003: 818,2989
2608: 2066,1133,4716,4463
3794: 2317,3343,424,1764
2610: 4017,872
2611: 3532,2017,1197,4779
2612: 3718,2641,4803,3362
2613: 3655,3363
4020: 3866,3324,3692,600
2615: 1028,2826,3758,2178,402
4687: 3960,2667
4092: 425,4255
2618: 2650,4065,132
2619: 3886
4538: 1265,1788,1641,1747
2621: 4281,248
2622: 721,2082
2623: 1507,1270
2624: 880
2625: 59,772,2971
3924: 4405,223,3400,1281,684
2627: 588,2961
2628: 2795,4341
2629: 4102,4047,2695
4746: 599,4773,565,4050,1392,4071
4766: 1494,366,4640
2632: 1108
3706: 2560,4536,3734
2634: 2828
2635: 1288
4714: 3958,3525
2637: 175,2583,3708,1745
3718: 2612,2641,3362,2644,133
2639: 2705,4592,3347,594,1580
2640: 3492,4058
2641: 2612,3718,4803,133,2436
2642: 3362,3452
2643: 3927
2644: 3452,3362,3718
2645: 4225
2646: 1275,3636,3988,3584
4338: 
2648: 1068,2830,327,4658
3689: 2145,3251,3922
2650: 712,2618,4103,2150
2651: 4761,3662
2652: 2373,3204,1602
4365: 3764,4707,370
2654: 2770
2655: 3314,3513,4005
4468: 3751,3493
2657: 3988,704,484
2658: 1184,2726,3002,3294
2659: 2374,100
2660: 3959,404,4542
2661: 
2662: 
2663: 4500,16,1210,3783
2664: 1058,2408
2665: 4541
4416: 1704,1743
2667: 4687,3960
4137: 1384
2669: 1056,2077,3894,407
2670: 3050,725,2839,1008
2671: 2067
2672: 387,4691,3754,4391
2673: 3376
2674: 
2675: 4097
2676: 1430,205,1177,890
4498: 
2678: 191
4297: 2392,3487,1491,2797
2680: 906,3464,614,3532,174,3547
3804: 4727
4385: 12,4752
2683: 3357,4810
3734: 3706,4536,1289,3964
2685: 4254,601,3942
4081: 4212,375,4371,4162
2687: 1662,2280,3962
2688: 4678,2773,653,1543
2689: 
2690: 3969
2691: 972,4600
2692: 524
3915: 2518,2495,1074,303
2694: 
2695: 816,2629,4102,131
4752: 507,3230,4385
2697: 3807,1084,1647,1943
4212: 4081,4371
2699: 737
2700: 195
2701: 2939
3791: 
4121: 21,304
2704: 
2705: 4592,2639,594,3787
4613: 
2707: 380,3453,843
2708: 1553
2709: 1232,3217,3089,4778,3836
2710: 84,509,4123
2711: 1073,4639
2712: 1517,615,911
2713: 
2714: 217,1445,993,2313,494
2715: 127,2803,3176,2408
2716: 481
3759: 4282,3897,3185
4132: 4349
2719: 622,3392
4210: 3647,2823,3349
2721: 4355,1672,3937
2722: 71
2723: 3195,296,4705
2724: 969,4774
4106: 3221
2726: 3800,2658,3294
2727: 
2728: 2000,567,86
4612: 
4037: 2752,4376,3548
2731: 4565,3592,4561,2115
2732: 4162,0,375,4174
2733: 
2734: 20,3657
2735: 2172
2736: 1257,3523,2813,573,3418
2737: 436,927,1121,2068
2738: 52,3525,2178,3042
2739: 2255
2740: 
4480: 4331,3565
2742: 873,2881,1222
2743: 2187,769,3650,4461
2744: 1506,2861,4797
2745: 1155,1611
4147: 1855,2559,628
2747: 614,1385,3547
2748: 4158,1604
2749: 4305,4604,2170
2750: 
2751: 1661,1862
2752: 4037,4376,492,658
2753: 4604,2514
2754: 3278,4750
2755: 1523
2756: 1885
2757: 1655,2976,3604,3540,168
2758: 252,1622,292,3645
2759: 3824
2760: 1520,3374,4809,1518
2761: 2880
2762: 
2763: 1809,2368,1670
2764: 2815,1668,2370,565,1392,1201
2765: 2414,4644,4510
4606: 
2767: 
2768: 595
4314: 1551,25
2770: 4781,2654,2582
2771: 1938,4107
2772: 2319,3947
2773: 1891,1267,653,3727,2688
2774: 3753
2775: 1178,552,693
2776: 2111,1564,1697
2777: 4739
2778: 60,2954,2292,4769
2779: 
4352: 622,4822
2781: 
2782: 4744,4797
2783: 8,1233
3853: 
2785: 857,1398,2419
2786: 
2787: 456,3775
2788: 4704,1062
2789: 2544,1781
4224: 4582,4464,1845,460
2791: 4777,2215,3234,232
2792: 3676,1884,2950
2793: 2860,2364,1757
3962: 2687,4058
2795: 2628
4522: 1331
2797: 4297
4781: 2770
2799: 2221
2800: 2875,719,1390
2801: 2867,46
2802: 3184
2803: 2715,1646,2020,3176,4303
3849: 4526,4600,732,635
2805: 1038,2564,1126,4653
3866: 4020,4489,600
4156: 2576,4770,4556
2808: 1907,243
2809: 4482,1946,4091
2810: 
4397: 3732,342
2812: 1827
2813: 4222,3153,573,2736
2814: 4412,2153,1336,698,3630,3573,1861
2815: 2764,1668,1201,1792
4744: 2782,3137
2817: 3785,3964,503
2818: 550,2249,491,4323
2819: 4296,2337
4822: 4352,3968,1627
4649: 
3937: 1672,2721,4355
2823: 3790,3647,4210
2824: 3282,534
4261: 
2826: 2615,1028,1146
2827: 
2828: 228,2634,191,3650
2829: 
2830: 1068,2648
2831: 923,2452,2992
2832: 3520
2833: 
4317: 
3947: 2772,308
2836: 1693
2837: 3939,983
2838: 320,3549,3778,1997
2839: 2961,1008,2670
2840: 598,1991,3107
2841: 2130,4087
2842: 993,2313,3543,1607
2843: 
2844: 4368
2845: 
2846: 
2847: 4526,475
2848: 1985,58,3704
2849: 4122
2850: 2551,883
4235: 877,2233,2032
2852: 3144,235,620,4009,4517,1127
2853: 1246,494,217
2854: 59,710
4380: 560,592,3184,3732
2856: 1398,4505,429
2857: 4616,1844
4011: 2405,2026,4511
2859: 2264,161,463,3581
2860: 2793,2364,1757
2861: 1506,2744
2862: 
2863: 
3754: 3768,4391,4691,1375,446,2672
2865: 3583,198,1284,1067
2866: 1181,1423
2867: 2801,46
2868: 702,795,4144,1577
2869: 710
2870: 2473,3322
2871: 2964
4219: 4659
2873: 4558
2874: 4559,3811
2875: 4646,2800,1390
4723: 3409,654
2877: 761,25
2878: 2305,1091,3677,3615,1469,3670
2879: 
2880: 1681,916,523,2761
2881: 873,2742,1769
2882: 3159
4046: 4186,4534,1933,3377,4823
2884: 
4605: 640,663,3709,4488
2886: 1461,3835,763
4208: 49,4229,3185
4411: 4716,1321
2889: 447,3968
2890: 2112,922,3845,4076
4575: 4770,2413
2892: 539
2893: 1961
2894: 
2895: 2514,778,3539,4669
2896: 963,830,4598,683
4168: 
2898: 1926,3047,4801
4383: 3626,2401
2900: 833,1305
2901: 4361,1490,604
2902: 4407
2903: 2981,289,1778,1086,309
2904: 3306
2905: 1130
2906: 465
4125: 1095,1968,2439
2908: 1079,165,1299,3432,85
2909: 
2910: 
2911: 3858
2912: 3403,3298
2913: 
2914: 
2915: 2181
2916: 4346
2917: 1417
2918: 3842,3873,4218,747,479
2919: 2066,1133,2142
4453: 2039,1725
2921: 3593
2922: 3545
2923: 
2924: 607,2522,3656,450
2925: 2240
2926: 
2927: 1333,3348
2928: 4637,2062,679,2456
2929: 3197,1213
2930: 3562
4599: 4784
2932: 3180,4295
2933: 482,1075,3557,112,1882,991,1350
2934: 4321,910
2935: 3181,3695
2936: 3067
2937: 
2938: 4792,4036
2939: 3090,2701,4177
2940: 4289
4657: 506,4375,1503
4569: 48,1854,1540,1829,34
3936: 1968,711,1095
4458: 4518,3005,1598,1316,4712
2945: 
4451: 491,3156,1649,2249
2947: 3522,2378,4777
3782: 3874,1594
4216: 552
2950: 1884,1699,2792
2951: 
4282: 3759,3792,3897,2464,1112
2953: 2338,3145,2996
2954: 2778,4769,750,1160
2955: 1970,2456,2206,2078
2956: 4362,4774
2957: 3599
2958: 3339
2959: 1018,3047
2960: 4516
2961: 2839,1008,2627,2330
2962: 1975
2963: 1004,3073
2964: 612,2871
2965: 
2966: 
2967: 3018,4742,1573
2968: 919,4166,1867
2969: 
2970: 133,3302
2971: 3925,1805,2625
2972: 664,193
3836: 3292,34,1854,1232,2709
4813: 4176,671
2975: 368
2976: 3604,1825,1655,2757
4258: 685,2117,3353,3546,1849
2978: 
2979: 4758
2980: 3597,3062,872,744
2981: 2903,1778,38,2561
3812: 4173,325,3032
2983: 1924,3649,2099
2984: 
2985: 57,3510,4586
2986: 1881,569,4298,1418
2987: 1321
2988: 
2989: 834,4003
2990: 373,2431
2991: 3286,4019,2373
2992: 4192,2831
2993: 866
3743: 216,3659,1012,1153,4048
3916: 668,1187
2996: 533,2953,3145
2997: 
2998: 
4476: 4634,4214,1868
3000: 1021
3813: 
3002: 3294,2658
4618: 2094,79,4650,4474,2220
3004: 3382,4590,4763,3917
3005: 4518,4458,3337
4589: 3746,1240,294,415
3007: 1889
3008: 2429,3705,579
3009: 4337,1998,3071,183
4284: 3877,355
3011: 1216,671,4176
4432: 4155
3013: 
3014: 1104,2213,1001,2019,2581,3575,4078
3015: 4034,2369,923,2452
3956: 632,943
4242: 2476,219
3018: 2967,4742
4628: 3178
3020: 2282
3021: 
3022: 2602,3134
3023: 
3024: 1325,1104,1377
3025: 2162
4446: 
3027: 
4159: 791,3979,157
3029: 3713,1705
3030: 3446,497
3031: 
3032: 3812,325
3033: 
3034: 1741,3538,1436,3586,1461
3724: 2409,3817,990,1951,2531
4238: 2310,1029
3037: 143,1152,420,469
3831: 2134,4758,1006
3039: 
3040: 140,3396,869
3041: 2482
3042: 3709,2738,551
3043: 1226
3044: 1011,107,3360,4571
3045: 1543,3454
3046: 1995,2003
3047: 2959,1926,2898,4801
4303: 3176,610,2493,2803
4192: 2992,2432,3634
3050: 2670
4344: 1709,3622,4211
3052: 3410,4322,720,1609
3053: 464,302
4249: 
3055: 3548,2156,1256,4810
3056: 598,1440,273
3785: 2817,1641,1747
3058: 361
3059: 
3060: 994,3194
3061: 1223,2584,2433
3062: 2980,3597
3063: 3208,1003
3064: 
3701: 4633,4732,3823,3893,3312,338
3066: 4626,1198,2535,1103
3067: 1509,2936
4678: 254,2688
3069: 1175,4426,2353
3070: 
3071: 183,3009,4534,1969
3072: 2571,3403
3073: 2963,1987
3074: 520,619,3537,4720
3075: 1690
3076: 1903,1296
3077: 3589,844,2095,4775
3995: 1701,3402
3079: 3195,4271,4705
3080: 1626,1061
3081: 551,4488,3272,4540
3082: 3174,2271
3083: 3855,461
4443: 1595,1386,2174
4330: 3933,1056,4558
4034: 3015,2369
3087: 3328,930
4012: 
3089: 4778,1550,2709
3090: 3348,2939,2494,4177
3091: 1768
4750: 2754,3278,45
4695: 4290
3094: 3433
3095: 3463,322,1796
3096: 
3097: 4214,4085,1299,3228,1946
3893: 3312,4278,3823,3701
3978: 
4709: 4343,4360
3101: 959
3102: 1136,3756,905,4805,962
3103: 204,3790
4565: 2731,3592,440,1816,2115
4527: 553,3810
3106: 3828
3107: 1991,2840,341
3108: 1475,4028
3109: 695,5,272,1419
3110: 1376,2560
4791: 35
3963: 1726,4477,4795
3113: 
3114: 
3115: 3716,749,2234,4173
3116: 
3117: 2449,3957,4767
4686: 4765,2047
3119: 4191
3120: 621,3727
3121: 
3122: 1786,251,4632
3123: 
3124: 3989,3761,4444,3940
3705: 2200,579,2512,3008,2429
3126: 743
4524: 4333,124,1161,3966
3128: 4727,1702
3129: 
3130: 3435
3131: 
3132: 4727,4138,4693
3133: 1593,3824,3745
3134: 885,3022,2602
3135: 4685,4823,2198
3136: 2212,4587,3372,446,433,3768
3137: 2188,4744,4797
3138: 3372,215,2225
3139: 263,4576,278
3140: 
3735: 810,24
3142: 1012,4223,1732
3143: 
3144: 2852,4517,3737,1127,864
3145: 4820,2953,2996
4820: 1631,3145,4489,1421,1122,3466
3147: 4539
4361: 2901,1960,846
3149: 3883
3150: 4203,4823,1351,1784
3740: 3401,341
4414: 4428,4663,1276
3153: 3655,4222,2813
3154: 688,1138,3299,2164
3155: 2028,3253,1216
3156: 1649,3488,2249,4451
3157: 
4087: 544,2056,1545,2841
3159: 4761,2882
4370: 
3161: 4559
3162: 3783,3651,781
3163: 205,1636,4776
3164: 1867,4278,692,4166
3165: 3293,4782
3166: 1333,3237
3167: 473,1348
3945: 1672,625
3169: 17
4026: 279,3481,4273
3171: 1501,3793,3733,4078
3172: 3656,4821,3815
3173: 3930,66,390,891
3174: 2271,3082
3175: 2137,3825,380,3510
3176: 4303,2715,2803,2408
3177: 
3178: 4628,1245,1029
4783: 4115,680,787,209,2094,79,4650,3886,310
3180: 2932,4295
3181: 2935
3182: 2145,1410,3493
3901: 
3184: 560,4380,2802
3185: 4208,49,3759
3186: 3687
3187: 3517
3188: 3610,695
3189: 572,3845,3485,4063,2064
3190: 1919
3191: 839,4588
4044: 4434,3200,1739
3193: 1548,251,4807
3194: 3060
3195: 3079,2723
4007: 1740
3197: 2929,1213,3490
3198: 4772,1973,2391
3199: 1769,914
3200: 1120,4044,1739
3201: 1927
3202: 1677,134,4725,3231,387,4243
3203: 
3204: 2652,1602,225,668
3205: 1900,2565
3206: 2259,118
3207: 
3208: 3063,1003
3209: 1051,2462,4439
3210: 2476,394,3985
3211: 3859
4153: 1557
3213: 4107,699,4257
3214: 
3215: 
3216: 
3217: 1232,2709
3218: 273
3219: 
3220: 4090,423
3221: 4106
4232: 
4382: 252,1622,235,620
4312: 3827,2168,2508,479,3350
3225: 4701,326
3226: 
3227: 125,4313,2250
3228: 1299,1,3097,4085
3229: 885
3230: 4752,507,335
3231: 134,3202,4243
3232: 292,1513,4398
3886: 310,2619,787,4783
3234: 1039,2215,2791
4786: 105,1554,343
3236: 
3237: 3166
3238: 423
3239: 240,3411,4276
3240: 
4615: 2029,4639
3875: 3746,294,3795
4001: 1699
4571: 2280,3360,1011,3044,3854,3779
3245: 3342,1480
3246: 3672
4810: 2245,3055,2156,3600,2683,3357,1190
4797: 2782,3137,2188,1506,2744,1729,792
3249: 4310,3551
3250: 2467
3251: 3751,3689,3922
3252: 1633,1739,2032
3253: 2015,3155
3254: 2406,3477
4362: 2956,4774
3256: 559
3257: 2271,2576,1710
3258: 1682,1896,2097,898,2083
3259: 2393,1949,1767
3848: 
3261: 2217
4225: 2645
4241: 1477,1907
4645: 
4251: 1821,4669,1633,3366
3266: 1396,2147,4465,4660,4234
4774: 3428,4362,2956,2724,929
3268: 3505,3416,912
4694: 
3270: 828,448,1152,3796
3960: 4687,2667
3272: 4488,586,3081,4540,727
3909: 1313,4373,4033,4154
4525: 
3275: 1626
3276: 2219
3277: 24
3278: 2754,502,4750
3279: 604,736
3280: 2182,904
3281: 2534,1009
3282: 2824,587
3283: 4135,344
3284: 2500,2572,349,1880
3285: 1103,4626,4390
3286: 4019,2991,2373,1582
3823: 4278,3893,338,289,3701
3288: 1027
4803: 2612,2641,4596,2436
3973: 4354
4342: 1800,2173
3292: 34,3836,1687,4322
3293: 3165
3294: 3002,2726,3453,2658
3295: 3319,2466,3719
3722: 4679
3297: 1118,702,4129,1278
3298: 3332,3403,2912
3299: 2415,1516,688,3154
3300: 
4722: 1500,4554,1855,1806,4627
3302: 4054,1607,419,2970,917
3303: 1533,240,3411
3304: 1193,1590
4475: 3793
3306: 2904
3815: 3172,4821
3942: 2475,2685
3309: 1560,4821
3310: 818,4398,349,1880
3311: 2262
3312: 3893,1650,3701
3313: 1427
3314: 2655,3513,4005
4036: 1073,4639,2938,1676
4726: 3714,1990,4679
3317: 291
3318: 1255,1958,526
3319: 2466,3295
3320: 
3321: 136,4818
3322: 3535,2870
3691: 654,3645,1215
3324: 4020
3738: 
3326: 1235,4033,4320
3933: 1056,4330
3328: 3087,943,3492
3329: 
3330: 185
3331: 3338,1104,2213
3332: 3298,3403
3333: 1121
3334: 1914,408,1320,777
3335: 1034,4544
3336: 227
3337: 1694,4518,3005,3801
3338: 3331,2199
3339: 2958,357,549
3340: 2338,1502,4167
3341: 964,1099,746
3342: 3245
3343: 424,722,3794,1372
3344: 1111,4061
3345: 
3346: 3661,16
3347: 1556,568,2639,1580
3348: 3090,2927
3349: 1211,1827,4210
3350: 747,479,4312,2168
4230: 326,314,2045
3352: 4635
3353: 3546,1849,4680,4258
3354: 
3355: 4174,173,1022,4323,4384,1183
3356: 1929,1480,3638
3357: 2683,4810,4464,3860
4129: 702,110,3297
3359: 1516,1170,688,954
3360: 2280,4571,1713,1662,3044
4800: 501
3362: 2642,2644,2612,3718
3363: 3417,3655,2613,2110
3364: 
3365: 1405,41,514
3366: 4251,1821
3367: 2190,887
3368: 1131
3369: 653,3727,1543
4378: 248,881
3371: 1618,710
3372: 3138,433,3136
3373: 2461
3374: 2760,4809,1485
3375: 1566
3376: 2673,2046
3377: 4823,4046,1784
3378: 799,2548
3379: 2593,516,1312
3380: 
3381: 984
3382: 4103,3004,4763,453
4056: 
4288: 3753,2369,923
3385: 4469,2571
3386: 3485
3387: 3865,1447
3388: 41,2137
3389: 
3390: 882,1490,394
3391: 876,4617
3392: 2719,622,1941,1547
3393: 4170,1314,2443,1593,1431
3394: 4360,1326,679
3395: 
3396: 3040,140,2030
3792: 4282,3897,1112
3398: 
4039: 3919,4064
3400: 3924,1281,684,3601
3401: 1009,3740
3402: 3995
3403: 2571,2912,3072,3332,3298
3704: 4298,2848,569
4237: 1777,3591
3406: 
4033: 3326,814,4373,3909
3863: 
3409: 280,1063,4723
3410: 3052,1374,1609
3411: 240,3239,4276,4404,3303,2284
3412: 
3805: 
3414: 3744,1674,3665,908
3415: 4531,451,1583
3416: 3505,3268,834
3417: 3363,2110
3418: 1869,573,2736,3523
3419: 3938,1893,4462
3420: 45,4592
4700: 1139,3630,544
4823: 3377,4186,4046,3135,4685,2198,1351,2043,1784,3150
3423: 1909
3904: 3448
4739: 1421,3713,1122,2777
3426: 3557,112,4631,2522
4470: 
3428: 4774
4771: 2097,3616
3430: 1690,1468,3576
3431: 
3432: 1299,1,4023,165,2908
3433: 3094,2247
3434: 3899,1141,2510
3435: 353,1467,3130
3436: 2305,1091,746,1405,4101
3437: 1651,1175
3438: 1567,2181,739
3439: 
3440: 
3441: 1728
3442: 2194
4334: 4086
3444: 1966,1007
3445: 
3446: 3030,272
3447: 2563,1227,1742
3448: 3904
3449: 1403
4239: 4819,2270,438
3451: 2508,3827
3452: 2644,2642
3453: 843,3800,2707,380,3294
3454: 531,3045,2319
4321: 999,2934
3456: 3708
3457: 1737
3458: 98,1620,935,3966
3459: 
4165: 1272,2535,1103,588
3885: 
4779: 4436,1473,3532,2017,174,2611,765,627
3463: 3095,2164
3464: 2680,1853,1197,3532
3465: 937,4207,1284,774,1067
3466: 4820,780
4591: 2535,1272
3468: 3647,1392,3896,4071,1668
3469: 
3470: 
3471: 527,484,3988,1275
3472: 206,777
3473: 3565,743
3474: 
3475: 461
3476: 1288,681,1620
3477: 3254
3478: 4279,548,4206,1254
4642: 
3480: 891,2070,4455
3481: 279,4026,4273
4203: 3150,4119,1351,2043
4428: 278,4414,4371
4745: 
3485: 3386,3189,4583
3486: 
3487: 2392,4297,1491
3488: 3156,1649,4218,2597,747
4138: 237,3132,4693
3490: 3197
3799: 854,1705,1838,4063,36
3492: 943,4058,3328,2640
3493: 2145,3182,4468
3494: 1011,107,1842,708,4229
4808: 
3496: 697,664,4513
3714: 4726,1990,153
3498: 4761
4559: 2874,882,3161
4765: 4686,4175,1260
3501: 2288
3502: 1453,1315
4384: 1183,3355,4174,839
3504: 4788
3505: 3416,3268,2198,2043
4014: 150
3772: 1992
4634: 4476,4214,4085
4816: 4300,3588
3510: 380,57,2985,3175
3511: 
4379: 724,4013
3513: 2655,3314,4005,365,939,215
4308: 
4819: 4239,2270,438
3516: 3654,395
3517: 3187
3518: 490,4471
4454: 
3520: 2832
3521: 1416
3522: 2947,2378,4777
3523: 2736,1257,573,3418
3524: 3896
3525: 4714,2738,52,2178
3526: 1064,4799,287
3927: 1225,2643
3696: 
3779: 49,4571,1011,3854
3530: 387
3531: 392,58,3888
3532: 2017,174,2611,3464,2680,1197,4779
4814: 4553,4194,120,992,1565
3957: 3117,2449,1963,4767
3535: 3322
3536: 4703
3537: 619,3074
3538: 3034,1741,3796
3539: 778,2895,1821,4669,4787
3540: 168,4460,3906,2757
3541: 
3542: 4
3543: 2842,993,494,4762,2041
3544: 1551
3545: 2922
3546: 3353,4680,2485,2117,4258
3547: 2680,2747,614,174
3548: 3055,4037,1256
3549: 2838,1081
3550: 2098,1928,1518,1059
3551: 946,3249
3552: 
3984: 
3554: 4146,1420
3555: 3576
3556: 4228,1272
3557: 3426,112,3908,482,2933
3844: 2072,4228,3626
3559: 2028,1146
3560: 
3561: 3900
3562: 2930,617
3563: 
3564: 
3565: 3473,4480
4511: 4011
4255: 425,4092
3568: 1242
3569: 4154
3570: 356
4749: 
3572: 2267
3573: 1139,698,4259,4775,2814
3574: 
3575: 4078,2275,2581,2298,3014
3576: 3555,3430
3931: 
3578: 1557
4245: 
3953: 2505
3581: 1076,938,4293,2859
3582: 971,2426,3816
3583: 2865,198,422,711
3584: 4222,2646,1275,1034
4269: 
3586: 1436,4807,3034,1741
4658: 327,901,532,2648
3588: 4300,4816
3589: 3077,4331
4691: 1375,3816,2672,3754
3591: 1909,4237
3592: 4565,2731,440,1816,4561
3593: 2921,4793
3594: 
3802: 
3596: 3798
3597: 2980,3062,744,2023
4514: 4408
3599: 2957
3600: 1724,2245,4810
3601: 649,1068,3400
3602: 4300,1007
3603: 649,4015
3604: 2976,4460,2757
3605: 4197,2446,854
3606: 784
3607: 2523,165,4609,85
3608: 4547,627
3609: 2329,1881,2462
3610: 3188,695
3611: 3629
3612: 4551
3613: 1308,2565
3614: 
3615: 1457,4337,1091,2878,1469,3670
3616: 2097,4771,3633,898
4217: 
3618: 
3786: 2208,2229
3620: 644,1594
3919: 4039,4064,4319
3622: 4344
3623: 4586,3825
3624: 2210,1203
3625: 
3626: 4383,2072,3844,153
3627: 2003,988
3628: 
3629: 3611
3630: 1139,698,4700,1861,2814
3631: 1950
3632: 4429
3633: 3820,3616
3634: 4192,1963
4593: 3659,4450,3642
3636: 2646,3988
4795: 1296,3963
3638: 3356
4407: 3952,2902
3640: 3979,4112,663,1113,586
3641: 885
3642: 4593,5
3643: 1618
3644: 2480,357
3645: 292,144,3691,654,2758
4548: 889,2119,1202
3647: 3468,4210,1668,2823
4767: 337,4424,2132,1963,432,3117,2449,3957
3649: 4801,2983,2099
3650: 769,1177,4461,2743,2828
3651: 596,2532,3162
3652: 1371,636
3653: 
3654: 3516
3655: 2613,3153,3363
3656: 607,2924,450,3172
3657: 2734,20
4804: 4539,1670,50,4609,1362
3659: 216,3743,4593,739
3838: 2047
3661: 4500,3858,3346,16
3662: 2651
3663: 
3664: 3742
3665: 908,3414,1410
3666: 
4716: 4463,4411,2608,1133
4755: 4120
4305: 2749,4187,4055,1850,2170
3670: 912,3615,2878,3677,1469
3671: 
3672: 2525,3246
4677: 
4043: 4291,1765,4768,2409,820,2372
3675: 506,3911
3676: 2792,1699,4762
3677: 2305,2878,2572,3670,912,2118
3678: 4776,1101,4143
4171: 2542
4727: 3132,3804,3128
4646: 2875,1390
4519: 
4331: 4480,3589
4206: 76,3478,548
3685: 1973,1176,4772
4541: 2665