0: 2455,4383
4324: 1940,4150,4784,2620,1578
2: 
3: 881,287,2628
4: 1543
4202: 2643
6: 
7: 4706
8: 
9: 2931,1632,2794
10: 322,3559
11: 2981,2682,1911,2545
12: 836,4725,4308,1020
13: 3817
14: 3455,753
15: 2841,1640
16: 987
17: 2412
18: 2013,1170,3200
19: 979,2029,1558
4334: 1885,789,4680,1712
4820: 296,3189,1734
22: 3032,3898,2349,4296
23: 2833,301,36,787
24: 
25: 2450,4284,3349,1944
26: 832,1721,3955,2865
4624: 3642
4800: 2726,569,440,2742,2768
3923: 3665,3951
30: 650
31: 3894,3032
32: 4772
33: 889,3299,722
4767: 1297,1494,2944,3925,1243,1320,3137,2578
4097: 
36: 799,301,309,23
37: 
38: 1380,917,1170
39: 3059
3979: 3472,1205,2911,4498
41: 1548,1127,3447,4049
42: 2410
43: 4572,3406,4365
44: 
45: 1050
3875: 300,2408,3530
4592: 3157,4206
48: 2892,1609,1412,2359,4063,4806
49: 2224,4792,491,1520
50: 518
51: 4776
4591: 904,4551,3484
53: 2955,2075,3922,2770
4341: 2984,3930
55: 2361,1819
56: 
57: 1994,3476,2459
58: 4101
59: 4779
60: 4060,2282,2457
61: 
62: 1683,3273,3160
4773: 2484,4494,4207,1841,399,2210,428,1459
64: 2418
65: 2306,2477,1496
66: 1429,411,1556,3294
67: 2404,1088
68: 4670,1871,3819,1559
69: 3879,2750,2758
4142: 3109,3780,3047,752,4553
71: 265,4103,4560
4380: 1601
73: 981,296
74: 447,4578,1705,1310
75: 1637,694,1387,2974
76: 3088,2866
4213: 354,2099,3063,3345,2488
4721: 4603,2638
79: 2835,201,1601
80: 1131
4609: 4600,860
82: 643,668,1150
83: 145
84: 
85: 2047,4532
86: 3985,1945,4678,2688
87: 1140
88: 1219,3492,854
89: 4536,3284,4196
90: 3435,299
4709: 663,1914
92: 1695,4540,2704,949,2137
93: 370,1360
94: 
95: 3166,3177
96: 2740
4640: 4693,188,4524
98: 1482,3899,2151,3231
99: 2535,1532,1375
100: 2759,270,3267,4445,2277,3725,1522
101: 1699,2069,4815
4468: 764,1626
103: 1017,1576,851
104: 850
4017: 2483,239,2072,1484,3955
106: 3920
107: 1638,2607
108: 1976,4058,680
109: 3809,4774,3729
110: 1012
111: 2965,1044
112: 651,3568
113: 3545,4647
114: 
115: 2504
116: 
117: 993,531
118: 
119: 384,3616,4621,4716
120: 1273
121: 2050
122: 330
123: 4241,4737,424,4648,3808,343,1764
4365: 4572,43,1696
125: 2046,4816,2743
126: 2521,2088
4652: 238,4338,1286
128: 154
129: 
130: 716
4811: 4503,2987,3062,2214
132: 3699,1586
4280: 1040,1704,2952
134: 227,3307,3884
135: 677
136: 4816
4108: 
138: 1628
139: 1858
4095: 482,2404,1232
141: 3961,2244,3407
4661: 4724,3255
143: 1740,3150
144: 3728,1459,1247
145: 83
146: 1664
147: 1923,920,3453,251
148: 
149: 4755,2238
150: 3654,3215,3132,4065
151: 2848,4632,3346
152: 1929,2335
153: 877,429
154: 791,1371,128,3537
155: 4549,1563
4683: 219,2874
157: 1567
158: 1611
159: 1194,4726,1647,1277
160: 490,2500
161: 3772,1992,2926,3325
4511: 374,945
163: 1803,3830,3832
164: 1274,3250
165: 479,1424,1581
166: 1853,2589,385,1994,4656
167: 4409,4496,354,168
168: 3241,4409,167,354
169: 3895
170: 513,4611
171: 634
172: 2723,1434
173: 1104,4010,2941,4505
174: 316,3734
175: 3167,4443,1514
176: 
4206: 3157,1002,4592
178: 1644
179: 
180: 
4013: 2481
182: 4637,3209,3051,1622,1985
3951: 1741,3923,3665,4770
184: 287
185: 
186: 2012
4776: 2719,51,824,2033
188: 1620,1528,282,4640
4684: 4732
190: 4438,628,1588,3543
191: 2945
192: 4612
193: 3752
194: 3572
195: 2374,4801,2800
196: 2822
4012: 
4107: 2379
4044: 954,737,821
200: 1019,2426,2928,4219,1386,1860
201: 3733,79,1601
202: 4396,4508,397
203: 
3971: 2103,2897
205: 686
206: 3805
4010: 173,2990,2922
208: 
209: 2883,3292,321,3461,4810
210: 3801,316,3734
211: 
212: 2433,3518,3107,2153
213: 4272,2403
214: 506,3608
4651: 2611,4560,3377
4052: 
217: 2497
218: 
219: 1949,4683,2874,2138
220: 3750,2487,1398,4713,1033,3690
221: 1136,2344,317
222: 3340,4352
223: 2200,4778,1594
224: 2971
4232: 3474
4606: 3825,2631,719,4682
227: 949,2137,134,1024
228: 492,4713,655
229: 4608,3878,3760
230: 1219
231: 2162
232: 3392,3626
4036: 1501,3975,4112
234: 4373,1392,1961,607
235: 1939,1640,3236
236: 3716,1777,4404
237: 2706,2530
238: 4652,3159,1286,3711
239: 2483,4272,4017
240: 3398,3762
241: 3806,3331
242: 334,1276,4075
243: 
244: 2528,2908,1165,1180
4512: 3389,3676,981
246: 3888,292,4222,466
4790: 3493,1729,4319,4124
248: 
249: 631,351
250: 4597,1460,3699
251: 2290,1923,147,1876
252: 4771
4129: 4084,682
254: 2760
255: 4476,1925
256: 4564,3035,2557
257: 536,3125,4006,4441
258: 3620,556
3984: 4420,4115
260: 2461
261: 2531
262: 3440,1812,2537
263: 1044,3591,3850,2041
264: 564,3874,449
265: 437,4103,71,2172
266: 2498
4734: 1844,4038,3882,3110
4256: 1935,1030,3497,4451
269: 1971,2954,480
270: 2759,3267,100,1522,4573
271: 1270,4231,366,3838
272: 312,4437,2877
273: 4250,1669
274: 382,3309,1021
275: 
276: 1462
277: 3240,1676
278: 3669,2570,702,1657,3198
4654: 4819,4347,4762,1129
280: 4429,3871
281: 4786,3343
282: 1620,188,3849
4177: 2502,741,4582
284: 2128,2017,305,3644,594
285: 1794,1503,3583
286: 
287: 3,2628,184
4491: 3349,1944,2974
3959: 3095,2664,3044,2660,3195
290: 865,3408,1191
4610: 2423,4765,4266
292: 246,3438,4371,4222
293: 2058,1830
294: 1647,1277,4381,3353
3920: 106
296: 3189,4820,73
297: 2284,1393,1008
4582: 3348,4177
299: 90,3223
300: 3875,4475
301: 309,4282,36,23
4595: 
303: 1958,868,1429,3294
304: 4161,1604,1266
305: 2820,284,3644,2746,1974
306: 1333
307: 565,2062,2758
308: 4073,3369,736,2190
309: 301,1502,36
4805: 882,2775,4533,1904
311: 
312: 4804,4437,272
313: 721,1665,1907,4234
4642: 2890,3676,2917
315: 1422,3210
316: 174,3734,3801,210,3888
317: 221,2344,1501,3722
318: 1973
319: 419,2034,4608,3395
4030: 2571,406,4151
321: 3461,3698,2752,209
322: 10,2280,4408,3559
323: 4401,1164,816
324: 3162
4123: 4224,3912,770
326: 2248,552
327: 4732,1452
328: 682,1110,3671,1479,1611
4374: 
330: 122
331: 858,2673
4413: 791,2449
333: 
334: 541,242
3916: 4353,3536,348
4625: 4285,2958,3609,2477,1851
337: 596,1462
338: 3844,2562,1909
339: 514,1984
4612: 192,2795
341: 3278
342: 2046,2469
343: 1806,4401,3808,424,123
344: 3214,494,2640,1802
345: 556,3588
4486: 475,1052
347: 2565,2463,3835,637
348: 3916,4353
349: 
350: 1920
351: 631,249
352: 4647,2257,2601
353: 
354: 4213,3063,167,168
355: 2182
356: 876,383,422
357: 4215
358: 4399,877,2599,2857,1134
359: 1566
360: 2391,3636,3760
361: 
4490: 3902,1588
363: 3042,888,2886,1853
364: 3164,1599,2817,2563
365: 3693,766,2129,1493,1649,937
366: 271,1827
4384: 3584,1432,498
368: 4674
369: 2286,3348,3666
370: 1111,1701,93
4364: 1399
372: 2099
4447: 579
374: 4511
375: 4440,2419,4377,1475
376: 4422
377: 3424
378: 2471,3335,1874,1779
4580: 3750,1398,1873,3115
380: 385,513,2459,1994
381: 743
382: 274,3309
383: 1042,422,356
384: 119,1772,4716,4791
385: 679,380,166,2589,2459,1994
386: 
387: 4195,1487
388: 
389: 
390: 3210,4815,1292
391: 4794,4236,508,3825
4605: 4235,3333,4551,4589
4403: 829,2784
394: 2558
4267: 940,777
396: 
397: 202
398: 4247
399: 4207,4371,4222,1844,4773
400: 
401: 1621,3303,1765
402: 1087,2734,3807
403: 4444,1434
404: 4655,2918,1180,4377
405: 2745,4529,1975,4579,2602
406: 439,4151,4262,2571,4030
407: 1912,510,2416
408: 3901,2155
409: 
410: 3949,4120
411: 2995,66,1556
412: 1889
413: 4336
414: 2022,2112
415: 4655,2941,1104,1919
416: 3740,2943
417: 1218,4270,1770,3290,4219
3867: 645
419: 3044,319,2034,2581,2125
420: 4797,1026
4533: 4805,2775,1904,2205
422: 1042,383,356
4722: 553
424: 4241,123,1806,343
425: 
426: 4093,2464,2359,2176
427: 1769,843
428: 2210,4494,4773
429: 3087,1879,153,877
430: 613
3907: 1781,2195
432: 589,2309,3053
4713: 228,492,1033,2364,220
434: 2482
435: 1111,1135
436: 2968
437: 265,4103
4233: 3368,2304
439: 406,1800,4151
440: 3006,4424,569,4800
441: 
442: 1739,1610,4720,574,3269
443: 
444: 3405,2140,1583
445: 2462,1525,2621
446: 1914,1194,4726
447: 74,2792,4578,1607,3386
448: 2914
449: 4074,1190,4037,564,264
450: 1946,4764,1126
4740: 2229,4329,1757
452: 595
453: 2119
4733: 4787,2233,935,1629
455: 738,2786,1096,1512
456: 4270,1770,673,2168
457: 1848,4072,551,3919
458: 3425,2516
459: 857,4596,4063,1609,4806
460: 1027,3622
4665: 3734,3849
4450: 4134,1567,2496,3755
463: 
464: 1485
4451: 3232,4256
466: 246,4222,4019
467: 2381
468: 3017,3874
469: 
470: 806,4247
471: 895,4577,2686,4121
472: 2407
473: 3484,1539,4399
474: 3409,4183,4316,2650
475: 3830,4486,3170,3411,1803
476: 3995,4793
4337: 2820,2056,1215,2017
4596: 459,857,1609,1636,2019,4806
479: 165,1162,2083,4569
480: 4319,269,1729
481: 911,3906,1491
482: 4095,1232
483: 4247
484: 1722,3674,1965,4272
485: 1355,2162
486: 4725,836
4574: 904,4551,3531,3155
488: 
489: 1559,4778
490: 160,4064
491: 3252,4792,4799,2549,49
492: 228,4713,655,2364
493: 670,1016,4488,1388
494: 3214,947,344
495: 2307,4780
4510: 
497: 1474,1153,3803,4788
498: 1069,1253,3584,4384
499: 1810,2614,2869
500: 894
501: 929,1196,1906,3997,1598
502: 3645,4775,1998,1726
503: 3700,2206,2420,1247,4703,2566,1262
504: 564,3874,1838,4584
505: 4798
506: 214,590
507: 3112,3886,2250
508: 3825,391
509: 4327
510: 1912,407,3896
511: 723,1819,2106,1293
512: 
513: 380,1506,170,2459,4611
514: 339,985
515: 912,1468,4795,2084
4079: 1327,3308,3046
517: 3912,3410,4697
518: 50,858
519: 4282,2275,1621
520: 
521: 2321,4498
522: 3526,659,4694,2916
523: 592,3686,2559,2288,3386
524: 966
525: 636
526: 
527: 4804,1245,1256,2982
528: 2872,4140,3777
529: 3556,1448
530: 1119,1103
531: 993,117,4742,3360
532: 4815,2069,2817,4122,1599,1450
3881: 1067,1600,2004,3178
534: 3934
535: 2875
536: 257,992
537: 2012,1340,4157
538: 3521
539: 
540: 2121,750,632,871
541: 334,4188,4154
542: 
543: 804
544: 2580,2926,4182,1998
4410: 3843,2429
4327: 1889,509,1400
547: 2044,4180,2623,4333,4210,3283
548: 4316,2001,896,3325,3772
549: 1690,2517,2463
550: 2649,2696,3584,1052
551: 3414,4714,457,1848,3919
552: 2588,326
553: 4722
554: 2180
3994: 
556: 258,770,345
557: 4802
558: 3745,1582,2207,1706,3483
559: 4242,2682,3695,2545
560: 2338,1643,3399
561: 4700,606,1697,1303
562: 1754,4429,3680,976
563: 
564: 3874,504,4584,449,264
565: 307,4723
566: 4227
4653: 1239,3300,4096,2315
568: 1433,1956,3001
569: 2726,4800,4424,440
570: 4659,1170
571: 
572: 3716,1777
573: 4339,1354
574: 1683,2045,4720,442
4803: 4497,726,830,2698
4093: 426,1730,2176,1458,4394
4823: 4496,3063
578: 1362,4764
579: 4447,2337
580: 3640,3754,3715
581: 2676,1540
4041: 3061
4699: 3452,4679,1566
4071: 3583,4343,2080,1141
585: 3234,4415,4029
586: 1475,1638,1722,2483
587: 3338,4479,2737
588: 1378,846,4313,4197
589: 432,1801,3053,3708
590: 4455,506
4397: 2397,1338
592: 523,1137,3386
4466: 
594: 3644,788,284,2128,4590
595: 1821,452
596: 337,1462
597: 1133,1774,3735
4566: 
4770: 3665,3951
4383: 3745,654,0
4570: 3425
602: 2645,2810
603: 4648,1318,4635,2231,3374
4552: 
4531: 2655,2199,4488,2535
606: 4700,561,3828
607: 1772,1961,234
4514: 1826,3026,2371
4572: 43,4365,1696
610: 1629,915,4586
4161: 304,3173
612: 3219
613: 430
614: 1010
615: 2871,1878,3603,916,3968
616: 1144,3616,1961,1392
617: 4506
618: 
619: 2861,4141
620: 4009
621: 748
622: 4618,4667,2593
623: 2674,1044,3591
624: 
4276: 1678,2051
4222: 4371,246,292,466,399
4155: 
628: 4438,190,2698,1073,3543
629: 687
4477: 
631: 249,351
632: 2121,540,750,933
4679: 3452,4699
634: 2300,171
635: 3913,3043,814
636: 831,525
637: 3835,347
638: 3072
639: 4559,4028,685
640: 2452,1488
4197: 4313,3873,588,3153,2098
642: 1635
643: 82,2501,1150,4286,3522
644: 3605
645: 3867
646: 955,2421,2170,2984,2831
4480: 734,3283,3084,4051
648: 1382,1630,1424,2683,1811
4528: 
650: 30,4000
651: 1728,112
652: 3974,1904,1084
653: 1917,4083,984
654: 4185,3513,4383
655: 4394,228,492,1011
656: 4470,1689,938,2796
4245: 4072,1037,665
658: 4818,2683,1630
659: 2415,4669,522
660: 3828,2066,2947
3995: 476,4793
662: 1350
663: 4141,4709,2551
664: 
665: 1399,4245
666: 
667: 3949
668: 1560,4765,1150,82
669: 2102,3303,1765,1458
670: 2655,493,2510,953,1016
671: 1429,868,2707,1028
672: 890,1499
673: 3057,456,1395,2168
674: 4666
4812: 2509,3059,3864
4530: 
677: 2127,3785,135
678: 1067,2736,4323,2922
679: 385,1506,2589
680: 2657,2669,3819,4058,3964,108
681: 3704,2949,2203
682: 328,1110,3056,4129
4343: 4071,1141,4023
684: 1937
685: 639,2426,2928
686: 1306,1101,205
687: 629
688: 3836,1742,2140,3697
689: 2491,4066
690: 3744
691: 1015,4249
3898: 3393,1593,22
693: 700
694: 3449,1387,2974,75,3671
695: 3229,3815,1220,1498
4347: 4762,4654
4720: 3146,574,1610,442
698: 3680,4620,976,847
4184: 1212,4180,734
700: 693,2291
4381: 294,1647
702: 3938,3669,278,3198
4414: 3718,979
4377: 1919,2419,404,375
3936: 2062,2442,3341
706: 
707: 1010,2807
708: 3886
709: 1432,2337,733,3650
710: 3685
4589: 3484,4235,4605
4146: 2318,4519
3871: 280
4745: 
4669: 659
716: 130
717: 940,777,4304,1642
718: 3341,2746,2779,2442
719: 3394,2781,2631,4606
4420: 3984,4115,2169
721: 4673,313,1665,4105
722: 3299,33
723: 511,1293,2543,1020,1249
724: 
725: 1651,2769,3156,3534
726: 4497,4803,2485
727: 1748,843,1405,1503,2208
4821: 1839,2750,864,1694,1440,3416,2346,3803
729: 3057,939,1218
730: 2961,2702
731: 1124,2634
732: 3372,1706,4185
733: 3830,1432,709
734: 4480,4180,4184,3283
4554: 816,3872
736: 1603,308
737: 4535,4044,821
738: 455,4502,3550,2850
739: 3775,1840,4323,4398
740: 4284,1686
741: 2502,4177
742: 2967,2744,1952,1618
743: 2924,381
744: 
3865: 2358,2882
4357: 2044,860,2526,1212
3930: 823,3003,4341
748: 621
749: 1829
750: 540,632,913,785
751: 4218,1880,1235
752: 2617,3100,3047,4142
753: 4170,1587,4189,14,3455
754: 1237
4409: 4210,167,3940,4333,4496,168
756: 2833,787
757: 3633
3873: 2853,4197,2098,2627
759: 
4253: 
761: 3585
4604: 4769,809
763: 3895,1061
764: 4468
765: 1487,3581,2225
766: 3693,365,4698,937,3344
4643: 4340,2640,3214,947
768: 
769: 4178
770: 4173,4330,4123,556
771: 3680,1754
772: 1077,2341,2729
773: 4802,4507
774: 958,3510,3150,4192
775: 2535,2497
776: 
777: 940,717,4267,2440,4304
778: 1666
779: 
780: 
3902: 4490,3332
782: 2088,3421
4687: 1279,1466
784: 4587,2961
785: 3328,4586,750,913
786: 4000,4501
787: 799,2833,23,756
788: 2001,2650,2128,4590,594
789: 4334,1885,4680,3975
4340: 4643,947
791: 4413,154,1371,3537,2449
792: 4031,3135,1674
793: 2770,3922
794: 1481,4809
795: 4259,1560,2423,4765
3896: 510
4060: 60,2457,2276
4502: 738,2257,2601,2850
799: 36,787,3213
800: 
801: 4057,891
802: 2035,3365
803: 1304
804: 543
805: 2739,3840
806: 470
807: 820,2022,4008
808: 1018,4473,1863,1737
809: 4769,4604
810: 3019
4583: 2892,4741,4806
4479: 587,3338,3802,2193
813: 1579,4362,1936,1646
814: 3043,635
815: 2398
816: 4554,323
817: 1995,3788,2604,2319
818: 4787,2233,1906,2995,1598
4475: 2715,2408,300
820: 807,2022,3389,3029
821: 3564,4044,737
822: 
823: 3003,3930,2984
824: 2033,4776
825: 
4167: 
827: 3221
828: 
829: 4403
830: 4497,4803,1713,1995,2319
831: 636
832: 26,1721,874
833: 1820
834: 
835: 1286
836: 12,4725,486
837: 4074,1190,1678
838: 2277,2272,2889
839: 4636,2533,1262,2206,4777
840: 975,4212,2284,4576
841: 1535
842: 
843: 1748,727,427
4214: 4081,2506
4050: 2617,4777,2566,1262
846: 2015,588,4163
847: 3141,3254,698,4620
4716: 119,384,4791
849: 
850: 104
851: 1576,103
852: 1473
853: 4778
854: 1641,3492,88
855: 1014
856: 4565,944,1451
857: 459,4596,2019
858: 518,331
4250: 273
860: 2526,4609,4357,1212
861: 
862: 
4622: 1011,2443,2364,3217,1282
864: 4821,2346
865: 2600,4238,290,4799,3408
866: 
867: 3219
868: 1184,303,671
4433: 
870: 
871: 1449,2121,540,914
872: 4817,4663,911
873: 1852
874: 2616,2823,832
875: 2225,4775,1726
876: 356,2982,2804
877: 153,1346,429,358
878: 2200,2968
879: 
4022: 2575
881: 3,2009,3943
882: 4805,4057,1492
883: 4649,3973,4541,1680,3065
4521: 
4794: 391,4236,3457
886: 2317,1246
3903: 2667
888: 363
889: 33,1917,3299,4190
890: 672,2669,1499,4778
891: 1492,4057,801
892: 3175,1939,2150
893: 4525,3917
894: 500,3263
895: 471,4577,1926,4754,907
896: 3758,4274,548,3325
4488: 1388,493,4531,2535
898: 948,3736,2966,4138,4130,4784
899: 1242,3216
900: 3777,1022,3785,2199
3948: 4444,1245
4816: 2743,125,2085,136
4264: 4793
904: 4551,4574,1677,4591
4663: 4817,1733,872,911
4808: 
907: 3557,895,1926,4754
4671: 923,3956
909: 2733
3926: 1646,3085,3856
911: 481,3906,4663,872
912: 3518,515,2084,2043,2433
913: 935,1175,914,750,785
914: 871,4456,913,1175
915: 1629,610
916: 3603,615
917: 1023,1762,38
4295: 3624
919: 2263,3664
920: 3453,2152,147
921: 1314,4697
922: 3760,3395,4339,4258
923: 4671
924: 1765
3931: 2473
926: 
4636: 2533,839,4777,4619
4088: 3863,2978
929: 501,2707,1028
930: 3786,2100,3883,1060
931: 2048,2004,2133,4360
4544: 1145,3471,1395,4548
933: 2549,632
934: 4791
935: 913,1175,4733,1629
4064: 2702,3137,3478,3663,490
937: 1649,4698,2129,365,766
938: 2796,1689,656
939: 3290,3766,1218,729
940: 717,777,4267
4104: 3013
4163: 1354,4258,846,4313
943: 1555,2596,3855
944: 1451,856
945: 4511
946: 
947: 3214,494,4340,4643
948: 898,3736,4138,1896,4784
949: 227,2137,92,4540,1024
950: 3941,2934,3974
951: 4237,2042
952: 
953: 2510,670
954: 4044,1663
955: 2421,646,2170,1332,1024
956: 1074,4534
4656: 1994,1853,166
958: 774,3510
3942: 3454
960: 3123,2143,1056
961: 968,2080,1141
962: 4398
963: 1246,2896,2223
964: 3677,3232,2611
965: 4476,2523,4154
966: 524
967: 
968: 961,1748,2208,2056
969: 2270,2772
970: 
4321: 4230,4368,3016
972: 1551,2310
973: 1581,2439,1424,4181,1811
4607: 4742,3360,1064,2458
975: 840,2456,4212,3725
976: 2620,4620,562,3680,698
977: 3453,3182
978: 4741,2037,4806,2167,4562
979: 19,1312,3718,4414
4714: 3414,551,1352,1848
981: 73,4512,3676
982: 1428,2694
4062: 3954,1564,1624
984: 653
985: 514,1984,2318
986: 1301,1772,1217
987: 1351,16,1833
988: 3302,4246
4550: 2304,2740,1635
4150: 1940,4324,4784,1186,1578,4644
4501: 2505,786
992: 3579,536,3625
993: 531,2666,3885,2251,117
4809: 794,3366,4781
4007: 3719
996: 2454,1092
997: 2345,1232
998: 
4438: 190,628,2698,1588
1000: 2710
1001: 3316,2792,1310,3733
1002: 3270,4206
4525: 893,3917,4103
3883: 1060,3083,930,1106
3864: 4812
1006: 3506,3245,4396
1007: 2204,4224
1008: 2918,1165,297
4209: 1958,3307,3472
1010: 707,614
1011: 2443,4622,655,4394,2364
1012: 3669,2570,110
1013: 2689
1014: 855
1015: 691,2242
1016: 3280,3297,2510,493,670,1388
1017: 1305,1576,3648,103
1018: 1737,1390,808
1019: 2426,200,2851,4219,1386
1020: 4308,3982,2543,12,4725,1293,723
1021: 1131,274,3309,1908
1022: 900,3777,3391
1023: 1762,917,4416,3601
1024: 3307,955,227,949
1025: 2993,3692,4311
1026: 2653,420
1027: 460,3288
1028: 2707,929,671
1029: 2599
1030: 3497,4256
1031: 3754,3715
1032: 2800,3415,4801
1033: 3690,4713,220
1034: 1354,2627
1035: 
1036: 1691,3429,2169,1342
1037: 4245,4072,1209
1038: 4259,2488,2099
1039: 4631,1163
1040: 2627,4280,1704
1041: 4564,2557,3019
1042: 383,422
1043: 2458
1044: 3591,263,623,111
1045: 3266
1046: 3986,3042
1047: 
1048: 1474,2515,3064,2930
4109: 2827,3854,3428
1050: 1545,45,1991
4207: 1841,399,4773
1052: 3584,4486,550
4487: 
1054: 1064,3273
4316: 2001,2650,548,1091,474
1056: 960,2143,3234
4641: 4164
4623: 1657
4290: 3331,3588,1587
1060: 3883,930,3227,3844
1061: 3895,763
1062: 3353,2205,1510
4313: 4197,588,4163
1064: 3360,1054,3273,4607
1065: 2119,1952,1618
1066: 
1067: 3881,1600,2350,678,2736
1068: 3822,2691,1704,1869
1069: 498,1253,3335
1070: 3361,3663,2191
1071: 3661,3529,1746
4704: 
1073: 3601,3543,628,2485
1074: 1563,2825,956
1075: 2378
1076: 1365
1077: 772,2703
1078: 3808,1318,3779,1164
1079: 3170
4748: 4275,2855
1081: 1585,2112
1082: 
1083: 4154,1925,4532
1084: 1510,652,3756
4454: 3174,2708
4311: 1025,4796,3692
1087: 402,2393,2108,3807
1088: 4131,67
1089: 
4408: 3559,1948,2280,1425,322
1091: 3409,4316
1092: 2378,2454,996,3519
1093: 4407,3739,4822,3894,1617
1094: 1290
4350: 3812,2366
1096: 2738,2786,455
1097: 
1098: 2625
1099: 2402,2751,1423,2944
1100: 3181,1623
1101: 686
1102: 
1103: 2952,3500,4178,530
1104: 173,2941,415,1919
4444: 3948,403,1434
1106: 3883
1107: 
1108: 4156
4026: 
1110: 1861,3056,3671,328,682
1111: 435,370
1112: 2319,4497,4208
4673: 3279,2882,721
1114: 1733,4344
1115: 3180,2784
1116: 3827,2868,1266,1856,2298,2480
1117: 2517,1710,3295,2008
4223: 1769,4048
1119: 530,2562,2528
4590: 3772,1992,788,2001,594
1121: 1274
1122: 4322,3014,3392,1730,2443
3904: 
1124: 2634,731
1125: 3773
1126: 1946,450
1127: 1548,41,1741
1128: 
1129: 4762,4654
1130: 2586
1131: 1021,80
4796: 2372,4307,4311,2902
1133: 2671,597
1134: 358
1135: 435
1136: 221,2344,1780,2697,4559
1137: 4578,2917,592
3876: 2165
1139: 2130,3446,4009,4634
1140: 87
1141: 4023,2080,4071,4343,961
4782: 3662,2260
1143: 
1144: 616,1268,3258,1392
1145: 4544,2133,4548
1146: 1633,2654,1596
1147: 1364
4692: 3946,3548
1149: 3791
1150: 4602,2501,3124,2515,3064,668,82,643
4818: 658,2709,4075
1152: 3652,4664,3688
1153: 1474,497,3416,3803,4788,2488
1154: 1812,2848,3162
1155: 1511,1404,1920
4333: 3940,2623,547,4210,4409
4506: 1728,617
1158: 
4551: 904,4574,3155,4591,4605
1160: 3566,4781,2273
4495: 
1162: 1382,1630,2083,479
1163: 1039,2124,2163
1164: 4401,323,3779,1078,3808
1165: 244,1008
3955: 1484,1721,4573,4017,26
1167: 3494
4615: 1771,2824,2157
1169: 1845,1930
1170: 18,570,38
4484: 3006
4597: 250,3950
4296: 2220,4822,3032,22
1174: 1993,1783
1175: 935,913,914,4456
1176: 4474,2885,4768
1177: 2228
1178: 4262,2571
1179: 2186,3489
1180: 2918,244,404,4655
1181: 1877,3233,1201
1182: 
4132: 1901
1184: 2636,868,2170,1332
4014: 
1186: 1682,1940,4150,3761
4400: 2122
1188: 4393,4251
1189: 2077,2732,1411,1938
1190: 4074,837,449,2980,4037
1191: 2151,4112,290,2787
1192: 4248,2844
1193: 1585
1194: 159,4726,1240,446,1647,1277
4393: 1188,4251
1196: 4439,501
1197: 3719,2394
1198: 1990,1346,4399
1199: 2810
4229: 2029
1201: 1181,1877,3233,4106,3571
1202: 4649,3065
4424: 2282,440,569
1204: 4675,4443,1394
1205: 2369,3979,2826
1206: 4799,1842,1372,1736,3252
4439: 2967,1196,2722
1208: 
1209: 3963,1037,4797
1210: 
1211: 1375,3284
1212: 4184,2991,860,4357
1213: 
1214: 2904
1215: 4337,4708
3895: 763,1061,169
1217: 3180,1772,986,4791
1218: 417,4270,3290,939,3057,729
1219: 88,230,3492
1220: 4482,1498,3229,695,4798
1221: 1778
4539: 
1223: 4750,2985,3037
1224: 1999,3140
3950: 4597
1226: 4499
1227: 3609,2477
1228: 2108,2887
4681: 1274
1230: 3727,2161
4613: 2102,3303
1232: 2345,997,482,4095
1233: 
4391: 3499,2888
1235: 1268,751
1236: 3688
1237: 754
1238: 4096,2764,3300
1239: 4653,2315,1301
1240: 3069,3859,1194,1277
1241: 2851,4002,3794,3315
1242: 2107,899,2976
1243: 3925,4363,4767,2578
1244: 
1245: 1256,3948,527
1246: 963,2896,886
1247: 2210,144,4703,503
1248: 
1249: 3982,2543,723,1819,3941,4660
1250: 1807
4672: 4810,2883,3393,1509
1252: 2902,2105
1253: 1069,498,3335,1893
1254: 2914,1519,2198,4388
3887: 2436,1370
1256: 1245,527
1257: 3308,4118
1258: 3779,4786,2972
1259: 3900,1954
1260: 2215,2370
1261: 3179
1262: 4703,2566,503,2206,4050,4777,839
4685: 
1264: 
1265: 3443,1731,2035,3150
1266: 3827,1116,304,1604,3359,1856
3997: 2233,4456,1906,501
1268: 1235,3258,1144
1269: 3055
1270: 271,3106
4234: 313,1665
1272: 3259
1273: 120
1274: 1121,4681,164
4362: 4387,3101,1936,813
1276: 1836,242
1277: 294,1647,1240,159,1194
1278: 1687,1926,3628,2686
1279: 4687
4354: 2174,1597
1281: 2389,4098,2029
1282: 2422,4622,3217,1981
1283: 2782,2474
1284: 2480,3849,3734
1285: 
1286: 835,4652,238
1287: 3016,3222,1294,2595
1288: 2647,1810,2614
4693: 4640,1405
1290: 1766,1094
1291: 2186,2945
1292: 4815,1837,3210,390
1293: 4725,1020,723,511
1294: 2714,1287,3152
1295: 3816,4221
1296: 1756
1297: 4767,3137
1298: 3511
4203: 
4040: 
1301: 986,1239
1302: 
1303: 561
1304: 1908,803
1305: 1017,1576
1306: 686,4287,1671,2242
4505: 2941,173
1308: 2462
1309: 1613,4801,2690,4359
1310: 74,1001,3733
4359: 3630,1309,1613,2148
1312: 3763,979,2029
4066: 3858,2577,689,2491
1314: 2330,921
3906: 911,481
3996: 2450,1944
1317: 3092
1318: 1078,4648,3808,603
4179: 2720,3641
1320: 3396,3741,4767,1494
4160: 2465,2349,2633
4725: 486,836,12,1293,1020
1323: 
4293: 2043,2433
4620: 976,698,3141,847
1326: 2070,3438,2959,4125
1327: 4079,1608
4182: 4775,1998,544,2926
1329: 3422,2590
1330: 3167,1514
1331: 
1332: 3307,955,2170,1184
1333: 1913,306
1334: 3107,3248,4795
1335: 
1336: 1578,1363,3141,3847
4171: 
1338: 2397,4397
4815: 1292,532,101,2069,2817,390,4122,1450,4278
1340: 537
4657: 4795,3248
1342: 1691,1036
4658: 3145,3029,4054
1344: 4220,1626
1345: 
1346: 1990,1198,1879,4399,877
1347: 2838
1348: 2038
1349: 
1350: 662,2227
1351: 987,1406,1833,3556
1352: 4587,4714
1353: 2894
1354: 4163,573,1034
1355: 485
1356: 3437
1357: 4157
4404: 236,1681
1359: 2814,3263
1360: 93
1361: 2822
1362: 578,4442,4543
1363: 1578,1336,4644,3847,4529
1364: 1147
1365: 2811,2134,1076
4712: 3477,1880,3163,3084
4694: 522,2916
4210: 4409,4333,547
1369: 2942,2093,3698
1370: 2436,3887
1371: 791,154
1372: 1736,3412,1206,1842
1373: 3533,4766,4634,4686
4154: 1083,2523,4188,965,541
1375: 1211,3781,99
1376: 4455
4523: 2042
1378: 588,3153,4739,1884
1379: 
1380: 38,2715,3845
4804: 312,527,2982,4437
1382: 648,1630,1424,1162
1383: 3493
1384: 3366,3481,4781
1385: 4379,3075,3814,3635
1386: 3290,4219,3766,2851,1019,200
1387: 3449,694,2852,2974,75,2086
1388: 4488,493,3297,1016
4356: 
1390: 1737,2632,1018,1602
1391: 2479
1392: 4373,616,1144,1961,234
1393: 297,4576,2889
1394: 4675,1204,4780,4774
1395: 3471,2168,673,1747,4544
4415: 1696,3123,585
1397: 2375,3432
1398: 220,3750,4580
1399: 665,4039,4364
1400: 4327
3949: 667,4120,410
1402: 2765,1915
1403: 3915
1404: 1511,1155,3767
1405: 3667,4693,727
1406: 2340,1351,3556
1407: 3840
4106: 1679,3737,1877,1201,4766
1409: 
1410: 
1411: 1859,1189,1938
1412: 4768,2359,48,2892
4603: 4721
4723: 3341,3877,565
4329: 3793,3962,4740,1757
1416: 4779,2729
1417: 1439
4114: 3180,4791
1419: 1993,3173,3280
1420: 3539,2183
1421: 3866,3049
1422: 315,2593
1423: 2402,3720,1099
1424: 1382,648,1811,165,973
1425: 2280,4408
1426: 2913
1427: 
1428: 982
1429: 671,66,303,3294
4074: 1190,837,449
4055: 2965,1870
1432: 2337,709,733,4384
1433: 568,2442,1956
1434: 2723,3600,4444,403,172
1435: 2430,2776
1436: 2754,3105,3144
4072: 4245,1037,1852,457
4763: 2097,1443,3474
1439: 1417
1440: 1694,1839,4821,4788
1441: 4750,2985
4680: 4334,1885,789
1443: 1991,4763
1444: 
1445: 3411,2167
1446: 2598
4279: 1519,2503,3135,4031
1448: 1833,529,3342
1449: 3088,871,2121
1450: 4278,4815,532,4122,3485
1451: 944,856
1452: 327
1453: 2290
1454: 2336,1878
1455: 2942,3690,2487,4810
1456: 
4706: 7,3445
1458: 4394,2102,2176,669,4093
1459: 4773,144
1460: 250,3699,1586
1461: 
1462: 276,337,596
4278: 1450,2511,4815,3897
4373: 1392,3300,234
4339: 3395,573,922,4258
1466: 4687,1799
4325: 4601,1935
1468: 4795,515
4169: 
1470: 1614
4628: 1860,4140,2928
1472: 4814
1473: 852,1954
1474: 497,1048,1153,4788,2488
1475: 586,375,4440,1638
1476: 1783
1477: 1831,3381
1478: 1652
1479: 1611,3449,3671,328
4425: 4467
1481: 3943,3143,794
1482: 98,2151,4434,4149
4469: 2440,4304
1484: 3955,4573,2072,4017
1485: 2000,1800,464
1486: 3028
1487: 3581,765,387
1488: 2551,640
1489: 1937
4619: 4636
1491: 481
1492: 891,4057,882
1493: 3935,2129,365
1494: 4767,1320
3863: 4088
1496: 1985,3102,65,2306
1497: 2805
1498: 1220,4482,695,4353,4798
1499: 4778,672,890
1500: 2638,2270
1501: 4036,3899,3722,3231,317
1502: 4291,309
1503: 285,727,2208
4297: 2384,2156
4049: 3136,1556,3447,1548,41
1506: 2859,679,513
4411: 
1508: 3174,2097
1509: 2349,4810,4672,2883,3292,2465
1510: 1084,1062,3296,3756
1511: 1155,1404
1512: 1895,1596,2654,455
1513: 4084,3056
1514: 175,1330
1515: 4195,2153
4430: 2899,3532,1689,2653,4470
4083: 1917,653,4094,3370
4258: 4163,922,4339
1519: 4279,1254,4031,2198
1520: 3149,49,3531
1521: 2685
1522: 4626,2456,2072,270,100
1523: 
1524: 2129,2303,1577
1525: 445,2621
1526: 1713,4199
4294: 
1528: 1620,3436,188,4455
4537: 2977,2342
1530: 2436,2039
1531: 4236
1532: 99
1533: 1976,4058,3964,2065
4156: 1108,3254
1535: 841
1536: 
1537: 1557
1538: 3627
1539: 3484,473,4399,3480,2857
1540: 1987,581,1607
1541: 3690,2942
1542: 3679
1543: 4,2507
1544: 3661
1545: 1050
1546: 2209
1547: 1849,2392
1548: 1127,41,4049
1549: 3547,1702
1550: 
1551: 2111,972
4105: 1665,721,2668
4611: 3476,2459,513,170
1554: 
1555: 943,2106,3855
1556: 3447,66,411,4049
1557: 1537
1558: 19,1976
1559: 489,3819,68
1560: 668,4259,795,2515,4765
1561: 3382
1562: 2635,2724,4792,4567,3534
1563: 1074,155
1564: 4062,3954,1624
4766: 3533,1373,4106
1566: 4699,2294,359
1567: 157,4450,4134
1568: 2010
4282: 519,2275,301,1621
1570: 2858,1869
4503: 4811
1572: 2218,4143
1573: 1895,4701,2699,3298
4534: 956,3499
4474: 1176,2953,3817
1576: 1305,1017,851,103
1577: 2303,1524,3674,3935
1578: 1336,1363,4150,4324,4644
1579: 813,2666
1580: 3148
1581: 973,2439,165
1582: 3745,558
1583: 2140,3974,3756,444
4542: 4228,1780
1585: 1081,1193
1586: 3699,1460,132
1587: 4170,753,4189,4290
1588: 4490,4438,190
4741: 978,2037,4806,4583,4322
4363: 2321,3925,2021,1243
4307: 4796
1592: 
1593: 3115,3898,3393,2330
1594: 3603,223
4344: 1114,2077
1596: 1895,4701,1512,2654,1146
1597: 3617,2174,4354
1598: 2995,501,2233,1906,818,4787
1599: 3164,4122,3485,364,2817,532
1600: 3881,1067
1601: 4380,79,201
1602: 3482,2632,1624,1390
1603: 736
1604: 3253,304,3359,1266
1605: 3627
1606: 2120
1607: 3386,447,1540
1608: 4076,1327,2366
1609: 48,2892,459,4596,4063,4806
1610: 1739,442,4720
1611: 1479,328,158
1612: 2377,2499
1613: 1309,4775,3319,2148,4359
1614: 2096,1470
1615: 3070
1616: 1742,3412,1842
1617: 3692,4407,1093
1618: 3081,1065,2744,1952,2967,742
4762: 4347,4654,1129
1620: 3436,1528,188,282
1621: 519,4282,401
1622: 3691,3136,4637,3209,182
1623: 1100
1624: 3482,1659,4062,1564,1602
1625: 
1626: 4468,1344,4220
1627: 
1628: 138,2432,4251
1629: 915,610,935,4733,4787
1630: 1382,648,658,2683,1162
4446: 
1632: 2931,4711,9,1775,3264
1633: 1146,1680,4738
1634: 4463,4756,2410
1635: 642,4550
1636: 2019,2167,4596,4806
1637: 75
1638: 107,1475,586,1722
1639: 3075
1640: 235,15
1641: 854
1642: 4304,717
1643: 2338,560
1644: 178
1645: 
1646: 3926,813,3856
1647: 294,1277,4381,159,1194
4134: 4450,1567
1649: 4698,937,2129,365
1650: 4772,4309
1651: 725,2769
1652: 1478
4029: 585
1654: 2822
1655: 2049,1679,2484,4710
4584: 4037,564,504
1657: 4623,3198,278
1658: 
1659: 3482,1624,4051
1660: 4686,4009
1661: 2912,2869
1662: 3308,2117,2250
1663: 1793,954
1664: 146
1665: 4105,721,313,4234
1666: 778,3034
4416: 1023,1762,3601,2485,3657,4789
4793: 3995,476,4264
1669: 273
1670: 4051,1880
1671: 2242,1693,1306
4073: 308,2190
1673: 
1674: 3135,3653,792
1675: 2394
1676: 277
1677: 2635,2724,4792,2224,904
1678: 4276,837,2181
1679: 2049,4106,1655,3737,1877
1680: 3065,4561,883,1633,4738
1681: 3184,4404
1682: 3965,1186
1683: 574,62
4407: 1093,3739,1617
1685: 1774
1686: 740,4284,3505
1687: 1278,3628,4617
4274: 896,3758,3061,2580
1689: 2653,4430,656,4470,938
1690: 549
1691: 1036,1342
1692: 
1693: 3593,4170,4287,1671
1694: 1440,4821,4788
1695: 92,4540,2704,4315
1696: 4415,4365,4572
1697: 1789,561
4273: 
1699: 2950,101,2069
1700: 3340
1701: 4366,370
1702: 1549
1703: 2550
1704: 1040,4280,1068,2691,1869
1705: 3889,74,3129
1706: 3846,3372,732,3745,558
1707: 
1708: 3228,1872,4617
1709: 4504
1710: 2517,1117,2312
4567: 4434,4627,4792,3534,2635,1562
1712: 2013,4334
1713: 1526,1995,3788,830
4575: 2565
1715: 3704,2878
1716: 
1717: 
4664: 3075,1152,3652,3688
1719: 
1720: 4002
1721: 3955,1882,2256,832,26
1722: 484,1638,586
1723: 2184,3473
1724: 2548
1725: 
1726: 2630,3581,3645,502,4775,875,2225
1727: 3629,4522
1728: 4506,651,1804
1729: 480,4319,4790
1730: 4093,4394,4322,1122
1731: 1265,3443,2035,3322,1898
1732: 3178,3715,3619
1733: 4817,4663,1114
1734: 3400,4820
1735: 3519,2378
1736: 1372,1206,2549
1737: 1863,1390,1018,808
1738: 2670,1747,3083
1739: 2571,1610,442,3269
1740: 2035,143
1741: 3951,1127,2949
1742: 3836,688,1616,1842
1743: 2243,3016
4417: 2388,4813,2000
1745: 3160
1746: 1071
1747: 1738,2670,1395
1748: 843,727,2208,968
4677: 4508,3542,2341
4091: 2262,3486
4080: 
4195: 387,2153,1515,3009
1753: 
1754: 4431,562,3680,771
1755: 
1756: 1296,2979
1757: 4329,3191,4740
4310: 2530,3683,3080
1759: 
1760: 2332
1761: 
1762: 1023,917,4416,4789,2392
4429: 280,1896,562
1764: 4648,2231,4737,123
1765: 924,401,3303,669
1766: 1290
1767: 3298
1768: 
1769: 4223,4048,427
1770: 417,4270,2241,456
1771: 4615
1772: 607,384,986,1217
4065: 3132,150
1774: 597,3544,1685
1775: 2931,1632
1776: 2079
1777: 572,3716,236
1778: 2913,1221
1779: 1967,378
1780: 2697,4542,1136
1781: 3907
4249: 4081,691
1783: 1476,3310,1993,1174
1784: 3157
4587: 784,1352,2859
4817: 4663,1733,872
3934: 534
3967: 1825
1789: 1697
1790: 4396,3245
1791: 2473
3998: 2877
1793: 1663,3710,4535
1794: 285
1795: 
4797: 420,3919,1209
4492: 2161
4178: 769,2952,1103
1799: 1963,2680,1466
1800: 439,1485
1801: 589,3708
1802: 2640,2159,344,1822
1803: 3411,4562,163,3830,475
1804: 3462,1728
4016: 
1806: 2674,343,4401,424
1807: 1250
4635: 2641,603,3374
4183: 474,3409,2017
1810: 2614,499,3515,2647,1288
1811: 4181,648,1424,973
1812: 1154,2537,262
4578: 1137,3386,74,447
1814: 3338,3494,2187
1815: 
4421: 3084
1817: 2843
4309: 4772,1650
1819: 511,1249,55,4660
1820: 2010,833
1821: 595
1822: 2293,2596,2159,1802
4038: 3508,2959,3882,4734
4569: 2083,479,2258
1825: 3967
1826: 4514,2371,3240
1827: 3838,3684,1863,366
1828: 3978,4283
1829: 749
1830: 2058,293
1831: 3028,1477
1832: 
1833: 1448,1351,987
1834: 
1835: 2649
1836: 4785,1874,1276
1837: 3185,2644,1292
1838: 2325,2678,504,3017
1839: 4821,2750,1440
1840: 739,3709,3577
1841: 4207,2484,4773
1842: 1206,4799,1616,3836,1742,1372
4288: 
1844: 4734,3882,399
1845: 1169,3104
1846: 2910
1847: 
1848: 457,4714,551
1849: 1547,3845,3878
1850: 4304,2452
1851: 3251,4285,4625,2818
1852: 873,4072
1853: 166,2886,363,4656
3868: 2441
3899: 2151,4112,1501,98,3231
1856: 4196,2298,3359,1116,1266
1857: 4348
1858: 139
1859: 1411,2047
1860: 2241,4628,200,4219
1861: 1110,3056,3687
1862: 2052,4750
1863: 1737,808,1827,3684,2522
1864: 3202,3608,2770
1865: 3406,4136,2592
4760: 2662,3058
4698: 1649,937,766,2207,3846,3344
1868: 3647,4798
1869: 2858,1570,1704,1068
1870: 3367,3108,4055
1871: 3972,4312,4670,68
1872: 1708,2671,3544
1873: 4580,3115,4461
1874: 1967,378,1836
1875: 3833,4141
1876: 3598,251,2290,1923
1877: 1181,1201,3737,4106,1679
1878: 3603,2336,1454,2871,615
1879: 429,3087,4024,1990,1346
1880: 4712,3163,1670,751,4218
4779: 59,1416,2554
1882: 2256,1721,2552
4366: 1701,3713
1884: 2279,4118,1378,3153
1885: 4334,789,4680
4586: 3328,785,610
4445: 2759,100,2277,3725,2649,4428
1888: 
1889: 412,4327,4131
4048: 4223,1769
4305: 3068,3545
1892: 2018,3466
1893: 2471,1253,3335
3983: 3061,2116
1895: 4701,1596,1573,1512,2699,2850
1896: 2829,948,4429,4784
4786: 281,2668,1928,2972,1258
1898: 3365,1731,3322,3623
1899: 
4259: 1038,795,1560
1901: 4132
4332: 1927,3878,3530,2034
4120: 3949,410,2815
1904: 4805,4533,652
4085: 2732
1906: 2233,3997,501,1598,818
1907: 2418,313
1908: 1304,1021,3309
1909: 2528,338,2562
3963: 1209,3532
1911: 11,2243
1912: 510,407,2416,4705
1913: 1333
1914: 446,2861,4709
1915: 2765,1402
4735: 
1917: 4678,4083,653,3370,889
1918: 3319,4801
1919: 2419,4377,415,1104
1920: 350,2748,1155
4056: 
1922: 4638
1923: 147,251,1876,3131
3927: 
1925: 255,1083
1926: 895,2686,907,1278
1927: 4332,3845,2408,3878,3530
1928: 4786,2972
1929: 152
1930: 1169
4387: 4362
4494: 2484,4773,428,4710
3884: 134,3307
1934: 3089
1935: 3377,4256,4201,4601,4325
1936: 2211,3101,4362,813
1937: 684,1489
1938: 2171,1189,1411
1939: 235,892
1940: 4150,3761,4324,4784,1186
4548: 2133,4360,1145,4544
1942: 2541
4638: 3145,1922
1944: 3349,4491,2450,25,3996
1945: 3545,4678,86
1946: 450,1126
4690: 4045
1948: 4408,4221,3412
1949: 219
3987: 3626,3607,3832,3650
1951: 2525
1952: 3264,2744,1065,1618,742
1953: 2569
1954: 1473,1259
4086: 2015,2391,3636
1956: 3001,2062,1433,568
1957: 3781,2048,3640
1958: 303,4209
1959: 2847,3363,1973,4463
4143: 3292,1572
1961: 616,3616,1392,234,607
3879: 69,2758
1963: 1799,2680,2954
1964: 3165,2512,4783
1965: 2607,484,3674
1966: 
1967: 1970,1874,1779
1968: 2597,3486
4117: 
1970: 1967,2552,4751,2659
1971: 269
4112: 3899,2151,1191,2787,4036
1973: 318,1959
1974: 2820,305,3787,4708
1975: 4529,405
1976: 4058,1533,3718,108,1558
4637: 182,3051,1622
3956: 3901,4671
4180: 2044,547,4184,3283,734
4190: 2688,4678,889
1981: 3626,3607,2422,1282
1982: 3130
1983: 4392
1984: 339,985
1985: 1496,3209,182
3939: 2412,2334
1987: 1540,3316
1988: 3548
4520: 
1990: 1198,1346,2769,1879,4024
1991: 1443,1050
1992: 3772,161,4590
1993: 3173,1419,1174,1783
1994: 57,4656,385,380,166,3476,2459
1995: 3788,817,1713,830,2319
4675: 4443,1204,1394,4774,3869
4743: 
1998: 4775,4182,544,502
1999: 3514,1224
2000: 1485,4417
2001: 788,4316,2650,548,3772,4590
2002: 4020
3946: 4692,2379,2681
2004: 931,2133,3881,3178
4660: 1249,1819,3941
2006: 2173,2211
2007: 
2008: 2145,3295,1117
2009: 881,3943
2010: 1820,1568
4352: 222,3705
2012: 537,186,2721,4157
2013: 18,1712,3200,4228
2014: 2679,2173
2015: 4086,3112,3636,846,3379,4739
2016: 3207,3192
2017: 284,2128,4183,2056,4337
2018: 1892,2218,3466
2019: 1636,857,4596,2094,4806
3909: 
2021: 3925,4363
2022: 820,807,2112,414
2023: 2740
2024: 2350
2025: 4771,2658
4710: 2839,4494,2049,1655
2027: 2469,2234
2028: 4090
2029: 19,1312,1281,4229
2030: 3330
2031: 
4196: 1856,3012,2298,89,4536
2033: 824,4776,2835
2034: 419,319,4332,4608,2125
2035: 1740,1265,1731,802
4235: 3333,4605,4589,3681,4215
2037: 978,4741,4806,4322,3014,4562
2038: 1348,4116
2039: 1530,2436,2830
3970: 
2041: 2695,3929,263
2042: 4523,951,4237
2043: 4293,3080,2084,912,2433
2044: 4357,4180,547,2623
2045: 3167,3869,4774,3809,574
2046: 125,342
2047: 85,1859
2048: 931,1957
2049: 1679,1655,4710,2839
2050: 121
2051: 2683,4276,2951
2052: 1862,4750
4116: 4101,2038
4157: 1357,2012,537
2055: 
2056: 968,2017,4337
4045: 4690
2058: 293,1830
2059: 2651
2060: 
4018: 3866
2062: 3936,307,1956
4221: 3816,1948,3412,1295
2064: 2780,2846
2065: 2366,3431,3964,1533
2066: 3828,660,2947
2067: 3735
2068: 2187,2824,3812
2069: 2817,4208,1699,101,4815,532
2070: 1326,2216,3138
4802: 4507,557,773
2072: 4626,1522,4017,1484
2073: 
2074: 3126,3329
2075: 53,3922
4379: 1385,2662,3058,3635
2077: 1189,2732,4344
2078: 3100,4243,3358,2839
2079: 3572,1776
2080: 2208,4071,961,1141
2081: 
4724: 4661,3255,2644
2083: 4569,1162,479
2084: 3080,912,515,2043
2085: 4816
2086: 2852,1387,2974
2087: 
2088: 782,126
2089: 2608,3693
2090: 2972,3776
4700: 606,3158,561
2092: 4164
2093: 2110,3271,2942,1369
2094: 2019,3139
2095: 
2096: 1614
2097: 1508,4763
2098: 2213,3153,2853,3873,4197
2099: 4213,1038,2488,372
2100: 3465,930
4152: 
2102: 3303,2176,669,4613,1458
2103: 3971,2897,4242
4540: 92,1695,949
2105: 2333,2902,1252
2106: 1555,511
2107: 1242
2108: 1228,1087,2393
2109: 4298,3637
2110: 2093
2111: 2723,1551
2112: 2022,1081,414
4063: 459,48,1609,4806
3973: 4649,883,4151,4541
4164: 4641,2092
2116: 3061,3983,4560
2117: 2250,1662
2118: 
2119: 1065,453
2120: 1606
2121: 540,632,1449,871
2122: 4400
2123: 2524,4730
2124: 1163,3880
2125: 3530,419,2034,2581
3888: 246,316
2127: 677,3785,4140
2128: 284,2017,788,2650,594
2129: 1524,1493,3935,1649,937,365
2130: 1139,3446,3877
3862: 3192
4201: 3037,4601,1935
2133: 4360,4548,1145,931,2004
2134: 4345,3814,1365
4703: 2566,1262,2210,1247,503
2136: 
2137: 227,949,92,3720
2138: 2682,219
4702: 3085
2140: 1583,3697,444,3405,688
2141: 
2142: 
2143: 960,1056
4791: 934,384,4716,3180,1217,4114
2145: 2621,3295,2008
2146: 
2147: 2317
2148: 3186,1613,3630,4359
2149: 2522,3684,2209
2150: 3236,892
2151: 3899,1191,4112,98,1482
2152: 920
2153: 4195,1515,212
2154: 3833,2551
2155: 2647,408
2156: 4297,4033
2157: 2824,4615
2158: 
2159: 1802,1822
4807: 
2161: 3856,3727,4492,1230
2162: 485,231
2163: 1163,3277
4621: 3022,3540,119
2165: 3876
2166: 3321,2701
2167: 1636,978,4806,1445
2168: 1395,673,456
2169: 3429,1036,4420
2170: 955,646,2831,2636,1184,1332
2171: 1938,3600
2172: 2580,4560,265
2173: 2006,2014
2174: 3273,1597,4354
2175: 2391,3130,2773
2176: 2102,426,4093,1458
2177: 2867,3343
4737: 4241,123,4648,1764
2179: 2675
2180: 3773,554
2181: 1678
2182: 3131,355,2863
2183: 1420,3539,3528
2184: 1723
3915: 1403
2186: 1179,1291,2505,3489
2187: 2068,1814,3338
2188: 2474
2189: 4718
2190: 4423,4073,308
2191: 1070,2500
4614: 
2193: 2903,2512,2648,4479
4057: 801,891,1492,882
2195: 3907
2196: 3313,2837
4707: 2453
2198: 4388,1519,1254
2199: 3391,900,2655,4531
2200: 223,878
4252: 
4124: 4790
2203: 681
2204: 1007,3017
2205: 2775,4533,1062
2206: 503,3700,2420,1262,4777,839
2207: 3846,4698,3483,3344,558
2208: 2080,1503,1748,727,968
2209: 2748,1546,2149
2210: 428,1247,4773,4703
2211: 1936,2006
4094: 4083,3370
2213: 2098,2619,2613,2691
2214: 3062,4811
2215: 1260,4499
2216: 3138,2070
2217: 
2218: 1572,2018,3239
4103: 437,265,71,4525
2220: 4296,4822,2633,2993
2221: 
2222: 4287,4283
2223: 2287,3060,963
2224: 3149,49,4792,2635,1677
2225: 875,4775,3581,765,1726
2226: 
2227: 1350
2228: 1177
2229: 4740
2230: 4158
2231: 3374,4648,603,1764,4246
2232: 3089
2233: 4456,1906,3997,1598,4733,818,4787
2234: 2027,2469,2338
2235: 
2236: 
4376: 
2238: 149
2239: 3220,3203
2240: 3445
2241: 1860,4219,1770
2242: 1671,1306,1015
2243: 1743,1911
2244: 141
2245: 2990
4448: 
2247: 
2248: 3026,326
4230: 4321
2250: 2117,507,3112,1662
2251: 3885,993,2666
2252: 3847
2253: 
4646: 3248,2630
4319: 480,1729,4790
2256: 1882,1721
2257: 4502,2601,4647,352
2258: 4569
4750: 1223,2985,1441,2052,1862
2260: 4782
2261: 
2262: 4091
2263: 919,3338,3802
4001: 3778
4686: 1660,2520,3533,1373
4504: 1709
2267: 
2268: 
4783: 2389,1964,3387
2270: 2772,969,1500
2271: 2807,3652
2272: 838,2277
2273: 1160
2274: 
2275: 519,4282,4291
2276: 2457,4060,2731
2277: 838,3725,2272,4445,100,4428
2278: 
2279: 1884,4118,3153
2280: 2547,1425,322,4408
2281: 
2282: 4424,60
2283: 
2284: 297,3746,840,4212
2285: 2360,3441
2286: 369,3666
2287: 3060,2223
2288: 2559,523
3919: 4797,457,551
2290: 251,1453,3598,1876
2291: 2665,700
4251: 4393,1188,1628
2293: 2596,1822
2294: 1566
2295: 3515
4442: 2716,1362
2297: 
2298: 1856,4196,3012,1116,2868
2299: 
2300: 634,3101
3993: 3125,3597
4645: 3739,4173
2303: 1524,1577
2304: 4550,4233
3943: 1481,881,2009
2306: 65,3209,1496
2307: 495
2308: 3860
2309: 432
2310: 3519,972,3557
4314: 
2312: 2394,1710
4271: 3228
4141: 663,1875,619,3833,2551
2315: 3965,4096,4653,1239
4024: 3087,1879,2769,3176,1990
2317: 886,2147
2318: 4146,985
2319: 1112,1995,817,4497,830
4401: 323,1164,1806,343
2321: 4363,521,2911
4792: 3252,491,4799,4434,4627,4567,2224,3149,49,2635,1562,2724,1677
2323: 3624
3869: 2045,3167,4774,4675,3809
2325: 1838,2399
2326: 4084,4602,3124,2966
4564: 1041,3035,3602,256,2557
4127: 
3947: 2507,2415
2330: 1314,1593
2331: 
2332: 1760
2333: 2105
2334: 3939,2412
2335: 152
2336: 3553,2355,1454,4670,2871,1878
2337: 1432,709,579
2338: 560,1643,3520,3399,2234
4058: 1976,3964,1533,108,680
2340: 1406,3556
2341: 4677,772
2342: 2977,3001,4537
2343: 4436
2344: 221,1136,317,2760
2345: 997,1232
2346: 3416,3345,4821,864
4054: 4658,3145,2890
2348: 
2349: 1509,4160,2465,22
2350: 2024,1067
4559: 3315,1136,2697,639
4006: 4181,257,3125,4441
2353: 2866,3712
4472: 
2355: 3553,2336,4670
2356: 
4119: 
2358: 3865,2882
2359: 2464,1412,4768,48,2892,426
2360: 2285,3965
2361: 3855,4239,55
2362: 3081,2831
2363: 
2364: 3217,492,4713,1011,4622
4728: 4239,2887
2366: 2065,3431,4350,1608
2367: 3643
4000: 786,650
2369: 1205,3294,2826
2370: 3989,1260
2371: 1826,4514
2372: 4796
2373: 4579
2374: 195,2779,4289
2375: 1397,3728,3618,4185
2376: 3944
2377: 1612
2378: 1092,1075,1735
2379: 3946,4107
4082: 
2381: 467
4423: 2679,2190
2383: 2731
2384: 4297,3228
2385: 3182
2386: 
2387: 3834
2388: 4417
2389: 4783,4098,1281
4398: 962,739,3775
2391: 360,2175,3636,4086
2392: 4789,1762,1547
2393: 1087,2108
2394: 1675,2312,1197
4795: 1468,3917,4657,515,1334,3248
2396: 3770
2397: 1338,4397
2398: 815
2399: 2325
2400: 4764
3937: 
2402: 2751,4090,3015,1423,3720,1099
2403: 2865,213
2404: 67,4095
4633: 2648,4435,2737
2406: 2843
2407: 3433,472
2408: 4475,1927,3845,3875,3530
2409: 
2410: 1634,42
2411: 4801,2690
2412: 17,3939,2334
2413: 
2414: 
2415: 659,3947
2416: 1912,407,4705,2813
4392: 1983,3242
2418: 1907,3776,64
2419: 1919,4377,375
2420: 503,3700,2206,2455
2421: 955,646
2422: 1282,1981,3607,3512,4461
2423: 4765,4610,795
3953: 2929
2425: 
2426: 1019,2928,200,685
4452: 3647,3675
2428: 
2429: 4410,3843
2430: 1435,3625
4522: 2559,3629,3686,1727
2432: 3529,1628
2433: 212,912,4293,2043,2989
4478: 
2435: 3000
2436: 1530,1370,2039,3887,4435
3944: 2376
4455: 1376,590,1528
2439: 1581,973
2440: 4469,777,4304
2441: 3868,3286
2442: 3936,3341,718,1433
2443: 1011,4622,1122,3392
4507: 4802,773
2445: 
2446: 3501
3938: 702,3110,3432
2448: 
2449: 3537,791,4413
2450: 25,3996,3349,1944
4443: 4675,1204,175
2452: 640,1850
2453: 2720,4707,3641
2454: 996,3557,1092
2455: 0,3513,3700,2420
2456: 975,4212,4626,1522
2457: 2276,4060,60,3006
2458: 1043,4742,4607
2459: 3476,4611,385,380,513,57,1994
4616: 3071,3827
2461: 260
2462: 445,1308,3275
2463: 2565,347,549
2464: 2359,4768,426
2465: 4160,3292,2349,1509
2466: 2727
2467: 3821
4031: 792,4279,1519
2469: 2027,342,2234
3986: 1046,3576
2471: 1893,378,3335
4098: 3763,2389,1281
2473: 1791,3931
2474: 1283,2188
4499: 2215,1226
4399: 358,1198,1346,1539,473
2477: 3609,1227,65,2958,4625
2478: 
2479: 1391
2480: 1284,3827,1116,2868,3436
2481: 4013,3511
2482: 434,3099
2483: 239,4272,4017,586
2484: 4494,4773,1841,1655
2485: 3657,726,1073,4416
2486: 
2487: 220,3750,3690,1455,4810
2488: 1038,3416,4213,2099,1474,1153
2489: 4489
2490: 4261
2491: 689,4066,3858
2492: 
4756: 1634,4463,4136
4133: 3208
4242: 2103,559,3695
2496: 3755,4450
2497: 217,3781,775
2498: 266
2499: 1612
2500: 2191,160
2501: 4602,3124,1150,4286,643
2502: 741,4177
2503: 2582,3135,4279
2504: 115
2505: 4501,2186,3489
2506: 4061,3035,3602,4214
2507: 3947,1543
3872: 4554
2509: 4812,3633
2510: 3310,953,670,1016
2511: 4278,3897,4667
2512: 3375,2648,1964,2903,2193
3890: 
2514: 2861,3710,3069,4535
2515: 3064,1048,1560,1150
2516: 4113,458
2517: 1117,1710,549
2518: 
2519: 4757
2520: 4686,3109,3780
2521: 126
2522: 2149,1863,3684
2523: 2616,965,4154
2524: 2123,4730
2525: 1951,3433
2526: 860,4357
2527: 
2528: 244,1909,1119,2908
2529: 3473
2530: 4310,3080,2706,237
2531: 261
4473: 808
2533: 4636,839
2534: 2708
2535: 99,775,4531,4488
4241: 4737,424,123,3694
2537: 1812,262,3440,3506
2538: 3627
4524: 3608,4640
4019: 466
2541: 1942
4151: 439,406,4030,3973,2738
2543: 3982,1020,1249,723
2544: 
2545: 559,2682,11
2546: 3637
2547: 2280,3020,3403
2548: 1724
2549: 933,1736,3252,491
2550: 1703
2551: 2154,3833,4141,663,1488
2552: 1882,1970,4751
4436: 2343
2554: 3818,4779
2555: 
2556: 
2557: 3331,1041,4564,256
2558: 394
2559: 4522,2288,523
4476: 965,255,2616,2813
3965: 2315,1682,2360
2562: 338,1119,1909
2563: 4427,364
4224: 4123,1007
2565: 2463,347,4575
2566: 4703,1262,503,4050
2567: 
4799: 1206,1842,3836,865,3408,3252,4792,491,4627,4149
2569: 1953
2570: 1012,3669,3577,278
2571: 1739,1178,4262,406,4030
4467: 4425
4775: 4182,1998,502,3524,3319,1726,875,2225,1613
2574: 2678
2575: 4022
2576: 
2577: 4066
2578: 3137,1243,4767,3478
4322: 3014,1122,1730,4741,2037
2580: 2172,544,4274
2581: 419,3044,2125
2582: 2503,3002,3135
4131: 1088,1889
4456: 2233,3997,914,1175
4482: 1220,1498,4798
2586: 1130
4813: 4417
2588: 552
2589: 166,679,385
2590: 1329
2591: 
2592: 1865,3406
2593: 3897,4667,1422,622
2594: 2643
2595: 1287,4368
2596: 2293,1822,943
2597: 2804,1968,3486
2598: 1446
2599: 1029,2857,358
2600: 4238,865,3169,3405
2601: 2699,2850,4502,2257,352
2602: 405
2603: 
2604: 3788,817,2950,3285,4208
4705: 2813,1912,2416
4508: 202,4034,3542,4677
2607: 107,1965
2608: 2089,3693
2609: 4765
2610: 
2611: 4651,3232,964
4460: 
2613: 2619,2213,3822,2691,3968
2614: 1810,499,1288
4418: 2832
2616: 874,2523,4476
2617: 752,4050,3100,3358
4388: 2198,1254
2619: 2871,2613,2213
2620: 976,2829,4324,4784
2621: 2145,1525,445
4261: 2490
2623: 4333,2044,547
2624: 
2625: 1098
4648: 3808,1318,603,2231,4737,123,1764
2627: 1040,3873,1034
2628: 3,287
2629: 2787,3807,3230
2630: 3581,1726,3645,4646
2631: 3573,719,4682,4606
2632: 3482,3826,1602,1390
2633: 2220,4160,2900,2993
2634: 1124,731
2635: 1562,2724,1677,4792,4567,2224
2636: 1184,2831,2170
4243: 3100,2078,3780,3047
2638: 1500,4721
4774: 4780,4675,1394,109,3809,2045,3869
2640: 1802,4643,3214,344
2641: 4635
4084: 1513,4129,2326
2643: 4202,2594
2644: 4724,1837
2645: 3914,602
2646: 
2647: 3515,2155,1810,1288
2648: 3375,2512,4633,2193
2649: 550,4428,2696,2759,4445,1835
2650: 788,4316,2001,474,2128
2651: 2059
4470: 656,2899,4430,1689
2653: 1689,1026,3532,4430
2654: 4541,1146,1596,1512
2655: 670,4531,3391,2199
4708: 3787,1215,2820,1974
2657: 680,3819,3964,3972
2658: 4771,2025
2659: 1970,4188
2660: 3044,3959,3195
4009: 1139,3446,1660,620
2662: 4760,4379
4008: 807
2664: 3095,3959,3195,3786
2665: 2291
2666: 993,2251,1579
2667: 3903,3458
2668: 4105,4786
2669: 680,3819,890,4778
2670: 1738,1747
2671: 3544,1872,1133
4075: 242,4818,2709
2673: 3675,331,3647
2674: 623,1806
2675: 3594,2179,2783
2676: 581
4751: 2552,1970
2678: 2574,1838
2679: 4423,2014
2680: 1963,1799,2899
2681: 3946
2682: 3695,2138,559,2545,11
2683: 2051,658,648,1630
2684: 
2685: 1521
2686: 3628,3055,4121,471,1926,1278
4780: 495,3708,4774,1394
2688: 4190,86
2689: 1013
2690: 4801,1309,2411
2691: 3822,1068,2213,2613,1704
4118: 1884,2279,1257,3553
4769: 4604,809
2694: 3288,982
2695: 3929,2041,3788
2696: 550,2649,4428
2697: 1780,1136,3315,4559
2698: 4438,628,4803
2699: 2601,2850,1895,1573
2700: 3633
2701: 3321,2166
2702: 4064,3137,730
2703: 1077
2704: 4315,92,1695,2986
4778: 1499,2669,890,489,223,853
2706: 237,2530
2707: 2722,929,671,1028
2708: 3174,4454,2534
2709: 4818,4075
2710: 1000
4281: 
4355: 
3964: 4058,1533,2065,2657,680
2714: 1294,3152
2715: 4475,1380,3845
2716: 4442
3892: 3720,2986,3015
2718: 3900
2719: 3742,4069,4776
2720: 2453,4179,3641
2721: 2012
2722: 2707,2967,4439
2723: 1434,2111,3600,172
2724: 2635,1562,1677,4792
2725: 4588,3172
2726: 569,4800,2768
2727: 2466
2728: 
2729: 772,1416
4003: 2989
2731: 2383,2276
2732: 4085,1189,2077
2733: 909
2734: 2934,402
4435: 2436,4633
2736: 3709,1067,678
2737: 4633,587,3494
2738: 4541,1096,4151
2739: 805,2810
2740: 96,2023,4550
4787: 4733,818,2233,2995,1598,1629,3136,3691
2742: 4800
2743: 4816,125
2744: 3264,1952,3712,1618,742
2745: 405,4579
2746: 3341,718,305,3644,2779
2747: 
2748: 2209,1920
4428: 2649,2277,2696,2759,4445
2750: 2977,2758,69,1839,4821
2751: 2402,4090,1099,2944
2752: 321
4577: 895,471
2754: 1436,4192
4002: 2851,1241,1720
2756: 4519,3065,4561
4579: 2373,2745,405
2758: 2750,2977,307,3879,69
2759: 270,3267,4445,100,2649,4428
2760: 254,2344
3901: 408,3956
4441: 3579,257,3125,4006
4283: 2222,1828
2764: 3589,3522,1238
2765: 3660,1915,1402
3941: 950,2934,1249,4660
4173: 770,4330,3894,3739,4645
2768: 2726,4800
2769: 725,1651,3176,1990,4024
2770: 793,3434,1864,53,3922
3985: 86
2772: 2270,969,3183
2773: 3130,2175
4189: 1587,753,3455,3588
2775: 4805,4533,3564,2205
2776: 4033,1435,3363
3952: 3450
2778: 3247
2779: 4289,2746,718,2374
2780: 2064
2781: 719
2782: 1283,4758
2783: 3526,2675
2784: 3441,1115,4403
4666: 674
2786: 1096,455
2787: 2629,3230,1191,4112
4345: 3688,2134,3814
4561: 1680,3065,2756,4738
4498: 2911,3979,521
2791: 4599
2792: 447,1001,3316
4765: 2423,4610,795,1560,668,3589,2609
2794: 3020,3351,9
2795: 2894,4612
2796: 938,656
4588: 3172,2725
2798: 3889
2799: 
2800: 1032,195,4801
2801: 
4631: 1039
4338: 3439,4652
2804: 2597,876
2805: 1497
2806: 
2807: 2271,707
4020: 3140,2002
4039: 1399
2810: 1199,602,2739
2811: 1365,3635,3058
4291: 1502,2275
2813: 4705,4476,2416
2814: 3263,3401,1359
2815: 4120
4576: 1393,2889,840
2817: 2069,4815,532,4122,1599,364
2818: 3685,1851,3251
4275: 4748
2820: 4337,305,4708,1974
2821: 3008
2822: 1654,196,1361
2823: 874,2865
2824: 2157,4615,2068,3812
2825: 3685,1074
2826: 3447,1205,2369
2827: 4109,3854,3225
4268: 
2829: 1896,4784,2620
2830: 2996,2039
2831: 2984,2362,646,2170,2636
2832: 4418
2833: 23,787,756
3954: 4062,1564,3106
2835: 79,2033
4739: 1378,2015,3112
2837: 2196
2838: 1347
2839: 4710,2049,2078,3358
2840: 
2841: 15
2842: 
2843: 1817,2406
2844: 1192,4248
4701: 1895,1596,1573
2846: 3362,2064
2847: 3363,1959,4033
2848: 151,1154
4463: 1634,4756,1959
2850: 2699,2601,738,4502,1895
2851: 1241,4002,1019,1386,3766
2852: 3449,1387,2086
2853: 3873,2098
2854: 
2855: 4748
4758: 2782
2857: 2599,1539,358,3480
2858: 1570,1869
2859: 1506,4587
4368: 4321,2595
2861: 2514,619,1914
3935: 1493,3674,2129,1577
2863: 2182
4711: 1632,3796,3264,3712
2865: 2403,26,2823
2866: 3712,2353,76
2867: 2177
2868: 1116,3012,2298,2480
2869: 2912,499,1661
2870: 
2871: 615,2619,3553,2336,1878
2872: 528,4426
4784: 1940,4150,3761,4324,948,898,4138,2983,2829,1896,2620
2874: 219,4683
2875: 535
4563: 
2877: 3998,272
2878: 1715,3704
2879: 
4121: 3055,2686,471
2881: 3318
2882: 3865,2358,4673
2883: 3292,209,4810,4672,1509
4317: 
2885: 4768,1176
2886: 1853,363
2887: 4728,1228
2888: 3071,4391
2889: 4576,1393,838
2890: 4642,3676,4054
2891: 3757,3662
2892: 48,1609,4583,1412,2359,4806
4138: 2983,4130,948,898,4784
2894: 2795,1353
4726: 159,1194,446
2896: 963,1246
2897: 4761,3971,2103
4061: 2506,3035,3602
2899: 4430,3532,2680,4470
2900: 2633
4560: 4651,2116,71,2172
2902: 1252,4796,2105
2903: 2193,2512,3289
2904: 1214
4051: 1670,4480,1659
2906: 
4440: 375,4626,1475
2908: 2528,244
2909: 
2910: 1846,4315
2911: 3472,3979,2321,4498
2912: 4092,2869,1661
2913: 1426,1778
2914: 1254,448
4814: 1472
2916: 522,4694
2917: 4642,1137
2918: 1008,1180,404,3746
4284: 740,1686,25,3349
3925: 2021,1243,4363,4767
4272: 2483,239,484,213
2922: 4323,678,4010
2923: 
2924: 743
2925: 3450,3738
2926: 3325,544,161,4182,3524
2927: 
2928: 2426,200,685,4628
2929: 3953
2930: 3064,4788,1048
2931: 1632,9,1775
2932: 
2933: 
2934: 3941,950,2734
4434: 4627,4567,4149,4792,1482,3534
2936: 4717
2937: 3220,3203
2938: 
2939: 
2940: 
2941: 4505,415,1104,173
2942: 1455,1369,2093,1541
2943: 416
2944: 2751,1099,4767
2945: 191,1291
2946: 
2947: 2066,660
4212: 975,840,2456,2284,3746,4626
2949: 681,1741
2950: 1699,3285,2604
2951: 2051
2952: 1103,4280,4178
2953: 3968,4474,3817
2954: 1963,269
2955: 53
2956: 
2957: 3526,4298
2958: 4285,4625,3609,2477
2959: 4038,3508,1326,3882,4125
2960: 
2961: 730,784
4500: 
4555: 
4535: 3069,737,1793,3710,2514
2965: 4055,111
2966: 4602,3124,2326,898,4130
2967: 742,4439,1618,2722
2968: 878,436,4768
2969: 4239
2970: 3601,3543,4659
2971: 224
2972: 2090,1928,4786,1258
4228: 3200,4542,2013
2974: 694,1387,4491,75,2086
2975: 
2976: 1242
2977: 2750,2342,2758,4537
2978: 4088
2979: 1756
2980: 1190,4037,4785
2981: 11,3222
2982: 876,4804,527
2983: 4138,4286,4784
2984: 4341,2831,823,646
2985: 4750,1223,1441,4158
2986: 3892,3744,2704
2987: 3062,4811
2988: 
2989: 4003,2433
2990: 2245,4010
2991: 1212
2992: 3638
2993: 1025,2220,4822,2633
2994: 4335
2995: 411,1598,818,4787
2996: 2830
4541: 2654,2738,883,3973
4747: 3073,3165,3375
4594: 
3000: 2435
3001: 1956,568,2342
3002: 2582
3003: 823,3930
3004: 
4819: 4654
3006: 440,2457,4484
3007: 
3008: 2821
3009: 4195
3010: 3373
4771: 2658,2025,252
3012: 4196,2298,2868,4536
3013: 4104
3014: 4322,1122,3392,2037,4562
3015: 2402,4090,3892
3016: 3222,1287,1743,4321
3017: 468,1838,2204
4682: 2631,3573,4606
3019: 810,1041
3020: 2794,3351,2547,3403
3021: 4755
3022: 4621,3540,3616
3023: 3502
4139: 3332,3428
3897: 4667,2593,4278,2511
3026: 4514,2248
4717: 2936
3028: 1486,1831
3029: 3389,820,4658
3030: 
4246: 988,2231
3032: 22,4296,31
3033: 
3034: 4565,1666
3035: 4564,3602,256,4061,2506
3036: 
3037: 3497,4201,1223
4761: 2897
4096: 2315,1238,3300,4653
3040: 
4738: 1680,4561,1633
3042: 363,1046
3043: 814,635
3044: 419,2581,2660,3959
4302: 
3046: 4312,4079,4076
3047: 3109,3780,4142,3100,4243,752
4069: 2719,3742
3049: 1421
4090: 2402,2751,3015,2028
3051: 4637,182
4532: 1083,85
3053: 589,432,3708
4248: 1192,2844
3055: 3628,2686,4121,1269,4617
3056: 1861,1110,1513,682
3057: 673,729,1218,4270
3058: 4760,4379,3635,2811
3059: 39,4812
3060: 2287,2223
3061: 2116,3983,4041,4274
3062: 2987,4811,2214
3063: 4823,3345,354,4213
3064: 2515,2930,1048,3124,1150
3065: 1680,4561,4649,1202,883,2756
3900: 1259,2718
4822: 4296,2220,2993,1093
3068: 4305,3545
3069: 1240,4535,2514
3070: 1615
3071: 4616,2888
3072: 638
3073: 4747
3074: 3272
3075: 4664,1385,1639,3814
3076: 
3077: 
3078: 
4553: 3109,4142
3080: 2084,2530,4310,2043
3081: 1618,2362
4149: 4434,4627,4799,1482
3083: 3883,3844,1738
3084: 3283,4480,4421,4712,3477
3085: 3926,4702
4231: 271,3838,3540,3103
3087: 429,1879,4024,3747
3088: 1449,76,3977
3089: 2232,1934
3090: 
4462: 
3092: 1317
4543: 1362
3094: 
3095: 3959,2664,3465
3096: 
4670: 68,4312,1871,2355,2336
3098: 3563
3099: 2482
3100: 2078,4243,3358,752,2617,3047
3101: 4362,2300,1936
3102: 1496
3103: 4231,3838
3104: 1845
3105: 3576,1436
3106: 3258,3954,1270
3107: 1334,3518,212
3108: 1870
3109: 3780,3047,4142,2520,4553
3110: 4734,3938,3432
3977: 3088
3112: 507,2015,2250,4739
3113: 
3114: 
3115: 1593,3750,4580,1873,3393
3116: 
4600: 4609
4764: 578,450,2400
4777: 4050,1262,2206,4636,839
3120: 3256
4810: 4672,3690,1455,3461,2487,2883,209,1509
4181: 4006,1811,973
3123: 960,4415
3124: 4602,2501,2966,1150,3064,2326
3125: 257,3993,3597,4006,4441
3126: 2074
4101: 4116,58
4801: 2690,1918,195,1309,1032,2800,3415,2411
3129: 1705,3889
3130: 3259,2773,1982,2175
3131: 2182,1923
3132: 4065,150
4396: 1790,202,1006,3245
3917: 4525,893,4795
3135: 1674,2503,2582,4279,792
3136: 4049,4787,3691,1622
3137: 2578,4767,1297,2702,4064
3138: 3438,2216,2070
3139: 2094
3140: 4020,1224
3141: 847,3254,4620,1336
4626: 4440,2456,4212,2072,1522
3143: 1481
3144: 1436
3145: 4658,4638,4054
3146: 4720,3729
4005: 
3148: 1580
3149: 2224,4792,1520,3531
3150: 143,3510,774,1265
4562: 1803,978,2037,3014
3152: 3367,2714,1294
3153: 1378,1884,2279,4197,2098
4312: 3046,1871,4670
3155: 4551,4574,3531,3328,3333
3156: 3231,725
3157: 1784,4592,4206
3158: 4700
3159: 238
3160: 3273,62,1745
4287: 2222,1693,1306
3162: 324,1154
3163: 4712,1880,4218
3164: 1599,3485,364
3165: 4747,1964
3166: 95
3167: 2045,3869,175,1330
3168: 
3169: 2600
3170: 1079,3411,475
4115: 3429,3984,4420
3172: 4588,2725,3639
3173: 1993,1419,4161
3174: 2708,1508,4454
3175: 892
3176: 2769,4024
3177: 95
3178: 2004,3881,1732
3179: 1261
3180: 1217,1115,4791,4114
3181: 1100,3397
3182: 2385,977
3183: 2772
3184: 1681
3185: 3255,1837
3186: 2148,3630
3187: 
3188: 3505,3215
3189: 296,4820
3190: 
3191: 3793,1757
3192: 3862,3207,2016
4731: 
3194: 
3195: 2660,3959,2664
3886: 708,507
3889: 1705,2798,3129
3198: 1657,278,702
4519: 2756,4146
3200: 4228,18,2013
4304: 1850,1642,2440,4469,717,777
3202: 1864,3434
3203: 2239,2937
4806: 978,4741,2037,459,4596,4063,48,2892,1609,4583,1636,2019,2167
4188: 2659,4154,541
4034: 3542,4508
3207: 2016,3192
3208: 4133
3209: 182,3691,1622,2306,1985
3210: 390,1292,315
4348: 1857
4308: 3982,1020,12
3213: 799,4772
3214: 494,947,344,4643,2640
3215: 150,3630,3188
3216: 899
3217: 2364,4622,1282
4394: 1458,655,1730,4093,1011
3219: 867,612
3220: 2239,2937
3221: 827
3222: 3016,1287,2981
3223: 299
4335: 2994
3225: 2827
3226: 4465
3227: 3844,1060
3228: 1708,4271,2384
3229: 695,1220
3230: 3807,2629,2787
3231: 3899,1501,98,3156
3232: 4451,964,3677,2611
3233: 1181,1201,4023,3571
3234: 585,1056
4789: 2392,3657,1762,4416
3236: 235,2150
3237: 
4618: 622
3239: 3466,2218
3240: 277,1826
3241: 168,3477
3242: 4392,3305
3968: 2953,615,2613,3822
3244: 3660
3245: 1006,3506,4396,1790
4323: 2922,678,3709,739
3247: 2778
3248: 4646,1334,4795,4657
4289: 2779,2374
3250: 164
3251: 1851,4285,2818,3685
3252: 4792,491,1206,4799,2549
3253: 1604,3297
3254: 3141,847,4156
3255: 3185,4661,4724
3256: 3120
3257: 
3258: 3106,3649,1268,1144
3259: 1272,3130
3914: 2645
4215: 3681,357,4235
4529: 405,1975,1363,3847
3263: 2814,894,1359
3264: 2744,1952,1632,4711,3712
3265: 
3266: 4199,1045
3267: 2759,270,100
4772: 4309,1650,32,3213
3269: 1739,442
3270: 1002
3271: 2093
3272: 3074
3273: 2174,3160,62,1054,1064
3874: 564,504,468,264
3275: 2462
3276: 
3277: 2163
3278: 341
3279: 4673
3280: 3297,1016,1419
3281: 3561
3282: 3696
3283: 3084,4180,547,4480,734
3284: 1211,3582,89
3285: 2950,2604
3286: 2441
4033: 2776,2847,2156
3288: 2694,1027
3289: 2903
3290: 4219,1386,3766,939,417,1218
3291: 
3292: 2883,209,1509,2465,4143
3293: 
3294: 303,1429,66,2369
3295: 2145,2008,1117
3296: 1510
3297: 3280,1016,1388,3253
3298: 1573,1767
3299: 3370,722,33,889
3300: 4373,4096,1238,4653
4573: 1484,3955,270
3302: 988
3303: 2102,669,4613,401,1765
4798: 1868,3647,1220,4482,1498,505
3305: 3242
4627: 4434,4567,4149,4799,4792
3307: 1332,1024,134,4209,3884
3308: 4079,1662,1257
3309: 382,274,1021,1908
3310: 2510,1783
4757: 2519
3312: 
3313: 2196
4336: 413
3315: 4559,4028,2697,3794,1241
3316: 1001,2792,1987
3894: 4330,31,1093,3739,4173
3318: 2881
3319: 3524,4775,1918,1613
3320: 
3321: 2701,2166,3978
3322: 4192,3443,1731,1898,3623
3323: 
4649: 1202,883,3973,3065
3325: 2926,896,548,3772,161
3326: 
3327: 
3328: 4586,785,3531,3155
3329: 3740,2074
3330: 2030
3331: 2557,4290,241,3806
3332: 4139,3902
3333: 4235,4605,3155
3334: 
3335: 1069,1253,1893,2471,378
3336: 3414
3989: 2370
3338: 1814,587,4479,3802,2187,2263
4220: 1344,1626
3340: 222,1700
3341: 2746,718,4723,3936,2442
3342: 3547,1448
3343: 281,2177
3344: 3483,4698,766,2207,3846
3345: 3416,2346,3063,4213
3346: 151
4219: 3290,1386,1019,200,2241,1860,417
3348: 4582,3666,369
3349: 4491,1944,2450,25,4284
4697: 921,517
3351: 3020,2794
3352: 
3353: 1062,294
3354: 
4270: 417,1218,1770,3057,456
4170: 1587,753,1693,3593,3732
4371: 3882,4125,4222,292,399
3358: 3100,2078,2839,2617
3359: 1604,1266,1856
3360: 4742,1064,531,4607
3361: 3478,3663,1070
3362: 3711,2846
3363: 2847,1959,2776
4565: 3034,856
3365: 1898,802
3366: 1384,4809,4781
3367: 1870,3152
3368: 4233
3369: 308
3370: 3299,4094,1917,4083
3371: 
3372: 732,3846,1706
3373: 3010
3374: 2231,4635,603
3375: 2512,2648,4747
3376: 
3377: 1935,4651
4647: 352,2257,113
3379: 3636,2015
3380: 
3381: 1477
3382: 1561
3383: 
4674: 368,3387
3385: 3456
3386: 1607,523,592,4578,447
3387: 4674,4783
4730: 2123,2524
3389: 4512,3029,820
3390: 
3391: 1022,2655,2199
3392: 3014,1122,2443,232
3393: 3898,4672,3115,1593
3394: 719,3401
3395: 4339,922,319
3396: 3613,1320,3741,3563
3397: 3181,4465
3398: 240
3399: 2338,560
3400: 1734
3401: 2814,3394
3929: 3850,2695,2041
3403: 3020,2547
4659: 570,2970
3405: 444,2140,2600,4238
3406: 1865,2592,43
3407: 141
3408: 865,290,4799
3409: 474,1091,4183
3410: 517,3912
3411: 1803,1445,3170,3830,475
3412: 1372,1616,4221,1948
3975: 4036,789,3722,4457
3414: 4714,551,3336
3415: 1032,4801
3416: 2346,3345,3803,4821,1153,2488
4286: 2501,643,2983,3522
3928: 
4247: 398,483,470
4617: 1708,3628,3055,1687
3421: 782
3422: 1329,3622
3999: 
3424: 377,3791
3425: 458,4570
3426: 3639
3427: 
3428: 4109,4139
3429: 4115,1036,2169
3430: 
3431: 2366,2065,4076
3432: 1397,3938,3110
3433: 2407,2525
3434: 3202,2770
3435: 90
3436: 1620,1528,2480
3437: 1356,3539
3438: 3138,1326,292
3439: 4338
3440: 262,2537
3441: 2285,2784
3442: 
3443: 4192,1265,1731,3322
4237: 951,2042
3445: 2240,4706
3446: 1139,2130,4009
3447: 1556,2826,4049,41
4125: 4371,3882,1326,2959
3449: 694,2852,1387,3671,1479
3450: 2925,3952
4158: 2985,2230
3452: 4679,4699
3453: 920,147,977
3454: 3942
3455: 14,753,4189
3456: 3385
3457: 4431,4794
3458: 2667
4549: 155
4035: 
3461: 321,3698,4810,209
3462: 1804
3463: 
4076: 1608,3431,3046
3465: 3095,2100
3466: 3239,1892,2018
4194: 
4634: 1373,1139
3469: 3857
4239: 2361,3855,2969,4728
3471: 1395,4544
3472: 3979,4209,2911
3473: 1723,2529
3474: 4763,4232
4081: 4214,4249
3476: 2459,4611,57,1994
3477: 4712,3084,3241
3478: 3361,3663,2578,4064
3922: 53,2075,2770,793
3480: 1539,2857
3481: 1384
3482: 1659,2632,3826,1624,1602
3483: 3344,2207,558
3484: 4589,1539,473,4591
3485: 3164,4122,1599,1450
3486: 2597,1968,4091
4298: 2109,2957
4370: 
3489: 1179,2186,2505
4330: 3894,3912,770,4173
3491: 
3492: 88,1219,854
3493: 4790,1383
3494: 1814,1167,2737
4630: 
3880: 2124
3497: 3037,1030,4256
3978: 1828,3321
3499: 4391,4534
3500: 1103
3501: 2446,4732
3502: 3023,3613
3503: 
3504: 
3505: 3188,1686
3506: 1006,3245,2537
3940: 4333,4496,4409
3508: 4038,2959
3509: 
3510: 958,774,3150
3511: 2481,1298
3512: 4461,3607,2422
3513: 654,4185,3618,2455
3514: 1999
3515: 2647,2295,1810
3516: 
3882: 4371,4125,4038,2959,4734,1844
3518: 912,3107,212
3519: 2310,1092,1735
3520: 2338
3521: 538
3522: 4286,643,2764
4689: 
3524: 3319,2926,4775
3982: 4308,2543,1020,1249
3526: 522,2783,2957
4457: 3722,3975
3528: 2183
3529: 2432,1071
3530: 2125,2408,1927,4332,3875
3531: 4574,3155,1520,3149,3328
3532: 3963,2899,4430,2653
3533: 1373,4766,4686
3534: 4434,4567,1562,725
3535: 
3536: 3916,4353
3537: 2449,791,154
4754: 895,907,3557
3539: 1420,2183,3437
3540: 3022,4621,4231
4113: 2516
3542: 4034,4508,4677
3543: 3601,1073,190,628,2970
3544: 2671,1872,1774
3545: 1945,4305,3068,113
3912: 517,3410,4330,4123
3547: 1549,3342
3548: 1988,4692
3913: 635
3550: 3617,738
3551: 
3552: 
3553: 2355,2336,4118,2871
4360: 2133,4548,931
4218: 751,1880,3163,4266
3556: 529,1351,2340,1406,3677
3557: 907,2454,4754,2310
4496: 4823,3940,4409,167
3559: 4408,3816,10,322
3560: 
3561: 3281,3565
4426: 2872
3563: 3098,3396
3564: 821,2775
3565: 3561
3566: 4781,1160
3567: 
3568: 112
3569: 
3885: 2251,993
3571: 3233,1201
3572: 194,2079
3573: 2631,4682
4227: 566
4437: 312,4804,272
3576: 3986,3105
3577: 3775,1840,2570
4608: 229,3760,319,2034
3579: 4441,992
3580: 
3581: 1487,2630,765,1726,3645,2225
3582: 3640,3284,3754
3583: 4071,285
3584: 4384,1052,550,498
3585: 761
4655: 415,404,1180
3587: 
3588: 345,3620,4189,4290
3589: 2764,4765
4236: 391,4794,1531
3591: 1044,263,623,3694,3850
4601: 4201,1935,4325
3593: 1693,4170
3594: 2675
4140: 4628,528,3777,2127
4718: 2189
3597: 3993,3125
3598: 1876,2290
3599: 
3600: 2723,1434,2171
3601: 1073,3543,2970,1023,4416
3602: 4564,3035,4061,2506
3603: 1878,916,1594,615
3866: 4018,1421
3605: 644
4781: 3366,1384,3566,4809,1160
3607: 3626,1981,2422,3987,3512
3608: 4524,214,1864
3609: 2477,1227,3681,2958,4625
4497: 4803,726,830,2319,1112
4315: 2704,2910,1695
4732: 327,4684,3501
3613: 3396,3502
3614: 
4599: 2791
3616: 616,1961,3022,119
3617: 1597,3550
3618: 2375,3728,4185,3513
3619: 1732
3620: 258,3588,3806
4122: 1599,3485,2817,4815,532,1450
3622: 460,3422
3623: 3322,1898
3624: 2323,4295
3625: 992,2430
3626: 1981,3607,232,3987
3627: 1538,2538,1605
3628: 3055,2686,4617,1278,1687
3629: 3686,1727,4522
3630: 4359,3186,2148,3215
4632: 151
4667: 3897,2593,2511,622
3633: 757,2700,2509
3634: 
3635: 3814,2811,1385,4379,3058
3636: 360,2391,4086,2015,3379
3637: 2546,2109
3638: 2992
3639: 3426,3172
3640: 3582,1957,580,3754
3641: 2453,2720,4179
3642: 4624
3643: 2367
3644: 594,284,305,2746
3645: 502,2630,3581,1726
3878: 229,1849,1927,4332
3647: 1868,2673,3675,4798,4452
3648: 1017
3649: 3258
3650: 3832,3987,709
4168: 
3652: 1152,2271,4664
3653: 1674
3654: 150
4301: 
3656: 
3657: 2485,4416,4789
4244: 
4461: 3512,1873,2422
3660: 2765,3244
3661: 1071,1544
3662: 2891,4782
3663: 3478,3361,1070,4064
3664: 919,3763
3665: 3923,4770,3951
3666: 3348,2286,369
3667: 1405
4602: 2501,3124,2966,1150,2326,4130
3669: 1012,2570,278,702
4136: 4756,1865
3671: 1110,3449,694,1479,328
3672: 
3673: 
3674: 484,1965,1577,3935
3675: 2673,3647,4452
3676: 4512,981,4642,2890
3677: 964,3232,3556
3877: 3787,4723,2130
3679: 1542
3680: 771,698,1754,562,976
3681: 4215,4235,3609
4185: 654,3513,2375,732,3618
3683: 4310
3684: 1827,3838,1863,2149,2522
3685: 2818,710,3251,2825
3686: 3629,4522,523
3687: 4788,1861
3688: 1236,4345,4664,1152
4087: 
3690: 1033,1541,1455,220,2487,4810
3691: 1622,4787,3136,3209
3692: 1617,1025,4311
3693: 365,766,2608,2089
3694: 4241,3591
3695: 2682,4242,559
3696: 3282
3697: 2140,3756,688
3698: 321,3461,1369
3699: 1586,250,1460,132
3700: 503,2206,2420,2455
4262: 1178,2571,406
3702: 
3703: 
3704: 1715,681,2878
3705: 4352
4788: 1694,1440,3803,3687,1474,497,1153,2930
3707: 
3708: 589,1801,4780,3053
3709: 2736,4323,1840
3710: 2514,1793,4535
3711: 3362,238
3712: 2866,2353,4711,3796,3264,2744
3713: 4366
4285: 2958,4625,1851,3251
3715: 580,1732,1031
3716: 572,1777,236
4208: 2069,2604,1112
3718: 4414,979,1976
3719: 1197,4007
3720: 3892,2137,2402,1423
4427: 2563
3722: 4457,1501,3975,317
4028: 3315,639
3724: 
3725: 2277,975,4445,100
3726: 
3727: 2161,1230
3728: 2375,144,3618
3729: 109,3146
4238: 2600,865,3405,3836
4465: 3397,3226
3732: 4170
3733: 201,1310,1001
3734: 174,316,4665,1284,210,3849
3735: 2067,597
3736: 948,898
3737: 3755,1877,4106,1679
3738: 2925
3739: 4407,1093,3894,4173,4645
3740: 416,3329
3741: 3396,1320
3742: 2719,4069
3743: 3789
3744: 690,3837,2986
3745: 558,4383,1582,1706
3746: 2918,2284,4212
3747: 3087
3748: 
4025: 
3750: 220,2487,1398,4580,3115
4130: 4138,4602,2966,898
3752: 193
4192: 3443,774,2754,3322
3754: 1031,3640,3582,580
3755: 3737,2496,4450
3756: 1084,1510,1583,3697
3757: 2891
3758: 896,4274
4023: 1141,4343,3233
3760: 922,360,229,4608
3761: 1940,4784,1186
3762: 240
3763: 4098,1312,3664
3764: 
4536: 89,4196,3012
3766: 3290,1386,2851,939
3767: 1404
3974: 652,950,1583
4768: 1412,2885,1176,2968,2464,2359
3770: 2396
3961: 141,3834
3772: 1992,161,4590,2001,548,3325
3773: 2180,1125
3774: 
3775: 739,3577,4398
3776: 2418,2090
3777: 900,1022,528,4140
3778: 4001
3779: 1258,1164,1078
3780: 3109,3047,4142,4243,2520
3781: 1957,2497,1375
3962: 4329
3783: 
4678: 1917,1945,86,4190
3785: 677,2127,900
3786: 930,2664
3787: 4708,1974,3877
3788: 1995,817,2604,2695,1713
3789: 3743
4742: 3360,531,4607,2458
3791: 1149,3424
3792: 
3793: 4329,3191
3794: 3315,1241
4353: 3916,3536,348,1498
3796: 4711,3712
3797: 
4204: 
3799: 
4785: 1836,2980
3801: 210,316
3802: 3338,4479,2263
3803: 3416,4821,4788,497,1153
3804: 
3805: 206
3806: 241,3620,3331
3807: 1087,402,2629,3230
3808: 1078,4648,1318,1164,343,123
3809: 109,4774,2045,3869
4755: 149,3021
3811: 
3812: 4350,2068,2824
4489: 2489
3814: 3635,1385,3075,4345,2134
3815: 695
3816: 3559,4221,1295
3817: 13,2953,4474
3818: 2554
3819: 2657,2669,680,68,1559
3972: 1871,2657
3821: 2467
3822: 1068,2691,2613,3968
3823: 
4077: 
3825: 4606,508,391
3826: 3482,2632
3827: 1116,1266,4616,2480
3828: 606,2066,660
4422: 376
3830: 475,733,3411,1803,163
4037: 4584,1190,449,2980
3832: 3650,163,3987
3833: 2154,2551,1875,4141
3834: 3961,2387
3835: 637,347
3836: 688,1742,4238,4799,1842
3837: 3744
3838: 1827,3684,271,4231,3103
4092: 2912
3840: 805,1407
4644: 4150,1578,1363
4266: 4218,4610
3843: 4410,2429
3844: 3227,338,1060,3083
3845: 1927,1380,1849,2715,2408
3846: 2207,1706,4698,3372,3344
3847: 2252,1336,1363,4529
4431: 3457,1754
3849: 282,1284,3734,4665
3850: 3929,3591,263
3851: 
4199: 3266,1526
3853: 
3854: 2827,4109
3855: 2361,4239,943,1555
3856: 2161,3926,1646
3857: 3469
3858: 4066,2491
3859: 1240
3860: 2308