0: 173,3935,752,911,3198,3883
1: 3062
2: 2909
3: 3539
4: 
5: 3436
6: 3260
7: 3625
8: 2728
9: 1449,2115,2233,1372
10: 540,1341,4381
11: 1885,2108,652
12: 3974,1240,3982,1062
13: 615,581,2871,916,4576
14: 517,3331
15: 3950,2012,1385,3382
16: 3751,1756
17: 62,1603
18: 2120,4660,2773,2787,3259,1588
19: 3819,4747,2638
4334: 3543,4351,4086,3836,1547
4820: 2548,3145,4732
22: 4093,1803
23: 2743,2822,3560
24: 3764,1350
25: 4259,2374,2730,3505,1686
26: 2403,3882,4705,3993
4624: 2716,3642,4550
4800: 2295,2276,4132,3637,690,2009,2937,3006
29: 4018
30: 4887,32,3239,3197,2487
31: 4330,4123,1617,709,536,3981
32: 30,3239
33: 2493,3210,1982,494
4767: 3137,2578
35: 4421,497,2631,1956
36: 672
37: 3927
38: 3657,622,360
39: 1497,2745,3961
40: 174
41: 2339,1986,823
42: 4287
43: 741,2936
44: 2556
45: 4084,1050,2840,2943,3329
46: 2177,4654,1318
4592: 3157,645
48: 2464,4063,2094
49: 3155,4726,1534
50: 1551,1697,518
51: 3086,557,804
4591: 4135,2769,891,4238
53: 1074
4341: 2415,2239,3264,4469,3065
55: 1228,1112,3855,3171
56: 
57: 1448,3623,1436,529,3322
58: 3284,3608,2888,3951
59: 202,4304
60: 809,1810,3517
61: 4802,1407
62: 17,1603,4780,910,4502
4773: 3896,3674,399,4526,2839
64: 1579,4190
65: 2770,1622,1862,155,3136
66: 3314,2967,2329
67: 3600,597,1973
68: 3873,615,2885,2853
69: 1268,3649,3687
70: 4579
71: 3677,4003,964
4380: 990,4307,4143
73: 3029,1502,3461,121
74: 4001,2890
75: 2631,1956,4821,1440
76: 3361
4668: 282,4625,1562
4721: 3509,2429,4045,1370
79: 1734
80: 3022,2453
4609: 3879,167,3047,366
82: 4503
83: 522
84: 
85: 4085,2258
86: 352,3985,2934
87: 
88: 532,4058,1922,3601
89: 3709,3178,4391,1679,3755
90: 2064,851,2010,3509
4709: 3564,3727,4492,1249,3169
92: 1184,2986,3463,2421
93: 810,2228,370
94: 1239,1472
95: 3406,4029
96: 3486
4640: 3233,4207,1794
98: 1449,2115,681
99: 491,4787,1600,2857,1993
100: 213,2908,937
101: 628,2393,3794,2698,1780,726
4468: 3818,3396,4245,3919,4790
103: 1820,3194
104: 
105: 2294
106: 1214,1298
107: 1040,673,4144,3195
108: 3423,3897
109: 2897
110: 1738,2508
111: 3016,344,4728
112: 405,3949,3624,1108
113: 3273,2601,4030
114: 1420
115: 
116: 1690,1833
117: 3053,2020,3127
118: 3317,2010,2624,2247
119: 1868,1321,1546,3616
120: 1075
121: 824,73,1502
122: 2030,3521,4807,746
123: 4427,2231,1287
4365: 4433,982
125: 2633,1540
126: 3843
4652: 1244,179
128: 2591,776
129: 3159
130: 4760,2518
4811: 3540,3916,4425
132: 
4280: 3968,4078,229
134: 303,2886
135: 3299,1742,1712,317
136: 3196,1509,3894
137: 2586
138: 3168,2482
139: 
140: 717,2583,619,2273
141: 381
4661: 835,1983
143: 2503,551,4072,4279,2500
144: 1459,3669,1262,832
145: 2861,4187
146: 
147: 2680
148: 4454
149: 1832,2107
150: 3547,4103,2017,1265,1731,3135
151: 4220
152: 3207,1451
153: 4228,2599,1134,3480
154: 2591,776,4396
155: 2075,3704,3136,65
4683: 3811,3360,2920,2006,4720
157: 4734,3438
158: 3847,2700,3949
159: 3566,794,526,1160
160: 1494,1853,1205,4192,1352,4587
161: 387,2852
4511: 1707,1286
163: 1873,2552,978,1730
164: 4294
165: 2439,2590,2430,2776,4297
166: 3294,1074,3280,1376
167: 2804,3047,1795,4609
168: 1268,4096,1032
169: 2134,3493,1061
170: 1352,774,4587,707
171: 1408,999,2665
172: 3998,383,2077
173: 0,3935,832,3883
174: 2985,40,565
175: 1514,3101,531,1043
176: 3627
177: 1704,725,289,1475,3315
178: 
179: 4652
180: 
181: 552,909
182: 1556,1563
183: 3414,513,4750,1448
184: 538
185: 3346
186: 1197,792,4345
4776: 1681,295,979
188: 2480,2958,4038,3755,956
4684: 862,2042,2407
190: 4239,2596,4659,1606
191: 2033,3197
192: 
193: 
194: 
195: 3263,912,2095
196: 2505,4167,3984
197: 
198: 2959,4009,1201,4343
199: 2983,4529,3221,3834
200: 1191,456,729,2562,1354,588
201: 4404,220,2567
202: 59,2628,4304,4781
203: 1239,822,829
4598: 1292,2512,3546
205: 476,3739,2202,2222
206: 
4405: 924,4322,3331
208: 3008
209: 2649,1609,921
210: 
211: 
212: 3132
213: 2813,100,2908,1750,2024
214: 4201,1091,4595
4651: 3009,4693,4223,3986,1373
4483: 1238,4301,2745
217: 1720,1022,1856
218: 1451,2625
219: 2682,4241,3305
220: 4404,201,3239,236
221: 2928,3881,1346,3359
222: 
223: 4291,3621
224: 3919,2954,3741,3396,3023
225: 858,505
4606: 3907,4581
227: 2878,2949,1598
228: 1559
229: 4740,1770,2272,4078,4280
230: 4679
231: 330
232: 242,4751
233: 
234: 3300,3684
235: 4485,3236
236: 2487,220,731
237: 437,765,1309,1334,2148
238: 4568,3352
239: 2126,2672,528,3138
240: 2925
241: 256
242: 232,4017,4751
243: 2328,2573,3779
244: 1919
4512: 592,523
246: 2206,2955,2078,1769,1405
4790: 1026,1209,4468,3818,3919
248: 
249: 1439,1585
250: 3699,4454
251: 1279,4797
252: 273,3248,1461
253: 801,2282,1485,2546,1300
254: 3976,1895,1736,1087,3525,688
255: 3955,1970,1638,766,1965,4371
256: 3134,241
257: 1052,1253,2502,564
258: 3898,3048,1609,2399,1593
259: 1102,2521,867
260: 4290,3625,691,4706
261: 4366,3738,753
262: 778,2030
263: 2969,3807,4803,4438,1228
264: 2410,2951,2692,992
265: 
266: 1610,3072
4734: 1969,1503,1139,775,157,3438
4256: 1296,2500,3749,3150
269: 4685,1254,1689,3556,1030
270: 3139,2941,3267,530,4562
271: 3828,2404,4091,2083
272: 4700,2370,660,3097
273: 252,1613,2658,1357
274: 1155,616,562,384,4138
275: 2195
276: 849,2295
277: 4541,998,3206
278: 428,739,1145,3938
4654: 2177,46
280: 1440,4794,1479,391,4065
281: 3929,1764,2558
282: 4668,904,3149,4215,4625,610
283: 849,3858,2532
284: 4318,4775,4727,3319
285: 2926,4158
286: 
287: 
4491: 416,2718,3473,3126
289: 1354,1704,2851,177,3315
290: 402,1583,3974,4416,4036
291: 
292: 3709,4207
293: 
294: 929,688,444,4408,984
295: 2810,4776
296: 3664,1281
297: 4078,3875,1086,319
4582: 4564,3166
299: 1292,534
300: 4618,2563,4608,4163,917
301: 1621,890,3316,1541,756
4595: 4451,4101,3497,2754,214
303: 2478,134,1028,2459
304: 1732,1604,4196,2230
305: 1694,2758
306: 3738
307: 3350,1694,1474
308: 2014
309: 2883,2110,311
4805: 1240,1146,688,1895,4390
311: 1001,309,4772
312: 2506,2378,1435
313: 1294,3942,2231,323
4642: 1137
315: 4058,1662
316: 365,2736,1116,3451
317: 3176,789,135,1842
318: 2847,2610,4785,2686,4033
319: 3496,3844,297
320: 3866
321: 3393,2330,709
322: 1184,4711,2910,3463,2452
323: 3942,3222,313,3305
324: 4013,3265,4396
325: 2124,3552
326: 1542
327: 
328: 1560,2252,1082
4374: 1693,4692,4717
330: 3528,231,2755
331: 1126,4194,2605
4413: 1371,2028,3366
333: 4289,3061,961,2450
334: 2696,504,2574,4384
4662: 1038,3736,4129,1602,3798
4625: 282,4668,4215,576,1562
337: 
338: 489,3621,3303,436
339: 4424,4671,3334,717,619
4612: 3643
341: 2800,1781
342: 3732,1587,3196
343: 3776,4338,3279
344: 3788,4234,4643,111
345: 3824,1282,4173
4486: 2889,3191,1103,3465
347: 4753,1923
348: 4227
349: 4003,4223,3341
350: 1126
351: 
352: 86,3269,3273,1510
353: 3190
354: 3940,864,1474,1637,1896
355: 
356: 482,4131,1088,2725
357: 4116,3691,4488,1496,1410,3785
358: 4049,590,3979,935
359: 631,1623
360: 3760,622,38,3759,1608
361: 3707
4490: 2108,2787,652,3259
363: 2021,2306,1127,3209,4629
364: 2593,507,1849,2319
365: 316,1840,3728,1116
366: 3241,3163,4409,4357,4609
4384: 770,2422,658,334,504
368: 3676,963,553,2830
369: 1306
370: 1111,435,810,93
4364: 1279,480,4687
372: 4634,4636,3533,734
4447: 3830,4093,4377
374: 787,3718
375: 936,1859,4074,4584,1970,1836
376: 3075
377: 1776
378: 4344,648,3908,1092,4271
4580: 3607,4622,3987,4713,4296
380: 3042,1528,1998
381: 934,141
382: 
383: 3172,2384,172
384: 1115,1242,803,274
385: 4031,774,2662
386: 
387: 161,3188,594
388: 
389: 3863,1014
390: 2117,4086,2175,2660,3044
391: 4284,1359,3349,1479,280,4065
4605: 3534,891,3200
4403: 3022,2304
394: 3808,2972,2622
4267: 3566,794,3661,2109
396: 450
397: 4039,944,4807
398: 4631,3277
399: 732,3674,3669,4773
400: 4620
401: 4501,805,4004,2945
402: 290,1583,943,4036
403: 695,660,1018
404: 4272,2858,1180,1165,2168,3139,2941
405: 976,3949,112,4120,1363
406: 821,3708,4647
407: 1083,1256,2416,1162
408: 4141,2514,2551
409: 
410: 2509,4232
411: 3314,2636
412: 3660,2960,3244,1708
413: 2027,1701
414: 854,3387,4465,3705
415: 3817,2094,4806
416: 2718,4491,4749
417: 3253,4149,4399
418: 4525
419: 2543,4217,1849
420: 772,4565,1848
4533: 4146,2775,2756,4738
422: 4062,3522,4777,1212
4722: 1983,2965,1521
424: 3370,3428
425: 
426: 1430,4672,572,1454
427: 3042,1223,968,4693
428: 278,766,1965,2072,2823
429: 1990,1019,3530,2497,2392
430: 982,3789
431: 2684,4756,3978,1774
432: 4155,439,2786,4151
4713: 4622,1636,4768,4580
434: 
435: 2286,1111,370
436: 1869,4063,338,3303,2691
437: 3382,237,2148
438: 1849,4497,2069
439: 4155,432,801,1300,4151
440: 1384,2352,3272,2114,3712
441: 2917,2525
442: 3869,3250
443: 4314,4266
444: 929,4434,294,4408,2257,3710
445: 2363,525
446: 942,1170,3069
447: 4282,2065,1533,1378,2968,4098
448: 3295,3336,1640,515
449: 2847
450: 396,4764,1946
4740: 1770,229,1086,4739
452: 3503,4681
453: 2119,3472,1488,2831
4733: 590,3681,871,1677
455: 3167
456: 1191,200,2013,588
457: 3002,4797
458: 4000
459: 3886,1034
460: 1273,1635
4665: 1410,3310,710,3284,3608,3071
4450: 3702,2779
463: 
464: 2380,1064
4451: 4595,4183,3497,2754,1532
466: 3100,1212,3780
467: 
468: 4020,3948
469: 1906,3979,4209,3816,4637
470: 4599
471: 1915,3660
472: 
473: 2931,2866,4235,3252
474: 4560,4041
475: 1570,1636,4768,4583,2678
476: 205,1360,3739
4337: 1933,1091,3951,4048
4596: 3500,2229,857
479: 4818
480: 4364,1279,4687
481: 876,3998,4798,1735
482: 356,2879,2725
483: 1163,4631
484: 2024,3577,2072
485: 2383
486: 584,2318,2775,1633
4574: 1775,4809,1618,742,1175,818
488: 
489: 338,4197,916,3621
490: 4363,4714,2478,2826
491: 3800,99,4787,2599,4551,2857
492: 2330,3217,3607,921
493: 3202,4536,3178,4360
494: 817,2493,33,4618
495: 3240,2251,2248
4510: 4179,1238
497: 2424,2374,35
498: 1779,2419,1873,4440,550
499: 3594,985
500: 3871,3630,1513
501: 2362,1488,2339,1986,1958,1548
502: 1515,3107,4682
503: 2526,3618,2566
504: 334,2696,4384,4006
505: 225,876
506: 3734,1375,4222,4623
507: 2485,4278,3492,4208,364
508: 4812
509: 4798,2111
510: 4577,3639,2659
511: 4055,1885,2600,4239
512: 3092
513: 183,1898,3510,1448
514: 923,1429,2154
515: 448,1640,1117,2811,893
516: 2668,736,3863
517: 14,1314
518: 858,1260,50,1697
519: 699,1033,4741,4768,3584
520: 2556,1248
521: 1205,1243,3576
522: 83,4092
523: 1987,4512
524: 4335
525: 2727,445
526: 4016,159,1160,3796
527: 3993,3906,2608,1789
528: 1856,3715,239,1375
529: 3322,57,3623,3377
530: 270,3267,3746,2401,4329
531: 175,2106,1043
532: 4058,1922,88
533: 1426
534: 299
535: 
536: 709,2061,31,4123
537: 4630,1979
538: 2398,184
539: 773
540: 10,1341,2547,3403
541: 4017,3693,1517,2523
542: 3239,4404
543: 4732,2022,3742
544: 4158,3936,4274
4410: 2270,4679
4327: 1220,1581,4181
547: 4184,620,4106,1880
548: 4795,2153,1702,3080
549: 4630,1250
550: 1522,4440,498,1779,1079
551: 3337,1302,143,2503,2500
552: 181,2196
553: 2830,3375,368,1081,1605
554: 2386
555: 4262,3424
556: 3620
557: 51,3840,2927
558: 2568,2520,561,1582
559: 4340,4109,3872,4242,2938
560: 3052
561: 3780,558,2520
562: 4373,3258,616,274
563: 
564: 2502,4276,257,1253
565: 2078,174,4316
566: 4509
4653: 1940,3536
568: 3001,751,2750
569: 1271,2114,3997,4187,3272,2647
570: 816,3302
571: 3440
572: 426,4672,1454
573: 622,708,4122,3760
574: 1984,4502
4803: 1588,4659,1606,4438,263,2969,1616
576: 3923,1985,1783,4625,3434
4823: 4723,1012,4686,4766
578: 3641,2214
579: 2669,3812,3799
580: 900,4219
581: 615,2275,13,2871
582: 
4699: 3435,1193,2223
584: 1202,2318,486,3323
585: 1872,2671
586: 2990,2048,1118,1493,2670
587: 2436,3242,1558,3308,3629
588: 2013,1106,200,456
589: 2165,1676,2468
590: 3681,4733,4049,2280,358
4397: 3560,2513,3418,2333
592: 4512,4001,2548
4466: 2064,4782,3662,1100
594: 3188,387
595: 1960,1753
596: 
597: 67,3600,4297,1687
4566: 
4770: 2321,4090
4383: 4481,4499,4600
4570: 3373
602: 4052,2042
603: 1044,4635
4552: 2372,3574
4531: 3728,4360,4222,3582
606: 4062,3522,1185,607
607: 4765,3522,606
4514: 3369
4572: 3579,3548
610: 1562,282,3149,845,2510
611: 2633,3316
612: 4347,3498
613: 1056,3853
614: 1383,3963,1639
615: 581,13,68,2853,4576
616: 1155,274,4373,562
617: 4324,4620,946
618: 1230,2970,889,4094
619: 717,140,339,3456
620: 4184,547,4106,3879
621: 2334
622: 708,573,2125,38,360
623: 3332
624: 
4276: 4075,564,1253
626: 
627: 
628: 101,2393,3794,4199,4680
629: 831,4275,4080
4477: 1710,3516,4575
631: 359,2538
632: 1712,3231
4679: 230,4410,674
634: 2837,2334,3120
635: 1235,3062,4425
636: 
637: 4007
638: 
639: 3171,2151,3777,2344
640: 2233,2224,1372,663,3833
641: 
642: 
643: 3649,3604
644: 2085,1135
645: 4422,4275,1807,4592
646: 1423,3361,4758,2886
4480: 1498,4503
648: 4344,378,1424,1278,1092
4528: 2844
650: 1700,2525
651: 2815,4487
652: 2787,11,3214,2108,4490
653: 4321,4673,3856,3313
654: 2420,3483,2375
655: 2094,1176,1068
656: 4064,1756,2582,2796
4245: 977,3122,2188,3903,4468
658: 2422,3806,2089,4384
659: 4417
660: 2215,4777,272,403,3097
661: 721,1244
662: 1899
663: 1341,2547,640,2224
664: 1477,3250
665: 3613,2188,3098,1320,3122
666: 1654,3995
667: 
668: 1861,2750,4421,2650,2488,2974
669: 2678,1636
670: 727,1319,1620,3827
671: 3447,1715,2478,1028,3251
672: 36,4229
673: 107,1040,2627,1218,3195
674: 3073,4718,4679
4812: 508
4530: 1837,2950,4633,3802
677: 2928,2133,3287,1022
678: 2655,2298,3715,2070
679: 2354,3137,1302,1506,2503
680: 3024,1310
681: 2115,98,2280,1741
682: 3680,4130,3671,1387
4343: 1201,198,4009,3109,1181
684: 
685: 1501,1475,1386
686: 2169,1509,4793,3032,2900
687: 1236
688: 929,3525,294,4805,1146,254,1895,4390
689: 985
690: 1846,4132,2957,4800
691: 4706,4290,2557,260
692: 3878,1990,1019,2562,729
693: 768
694: 740,1686,2852,2442
695: 403,3097,2617,2877
4347: 612,3843
4720: 993,3811,4683
698: 1186,2373
699: 519,1594,4741,3014,853,4768
700: 2418,4088,909
701: 1433,3787,1877,3571
702: 1069,874,2129,931,1104,2359
4414: 4111,3889,2542,3812,919
4377: 4447,3830,1008
705: 1878,2619,3636,2613
706: 3857,4250
707: 170,774,1898
708: 622,573,2125,4122
709: 536,321,31
710: 3310,4665,2075,1622,3608
4589: 1016,4551,845,4787,2510,3609
712: 2991
713: 996,4131
714: 2222,2701
4669: 4047
716: 1717,1344
717: 2861,140,619,339
718: 961,3319,894
719: 3278,1944
4420: 2883,3698,990
721: 661,1244,4261
722: 3854,3016,1482
723: 4559,3899,3299,1742
724: 
725: 1704,2151,4475,177
726: 1112,3543,101,3794,1780,1228
727: 1620,670,3827,2080
4571: 3886,846,3844,4118
729: 1191,200,2562,692,3878
730: 1548,2831,4540,1618,2637,2751
731: 2093,236
732: 399,3883,3669
733: 2053,3512
734: 372,864
4554: 3112,1662,2068,4208
736: 516,2668,1665
737: 954,3646,2738,4769
738: 
739: 911,4626,1145,278
740: 694,2442,4821,2411,1440
741: 4706,43
742: 1775,1618,4574,3663,818,2707
743: 3568,3967
744: 
745: 2658
746: 1963,1852,122,4807
4361: 2309,2837
748: 1330,1121,3127,4519,3973,1208
749: 2681
750: 3559,4221,2866
751: 1861,568,1839
752: 1738,2483,0,3935,911,3198
753: 261
754: 
4409: 366,3163,4357,1005
756: 2880,301,890,2833
757: 1110,1962
758: 2855
759: 3363,3177
4253: 1725,3676,3501
761: 4814
762: 3695,3332,4340,4109,2887,1287
763: 2576,4080
764: 2544,797,2152
765: 1309,3107,237,4682
766: 1965,428,2823,255,1638
4643: 4724,1713,3788,344
768: 693
769: 2552,3830,1721,978
770: 4384,1999,838
771: 2099,4610,1048,1754,1038
772: 3192,420,4565
773: 2927,539
774: 4192,170,385,707
775: 1503,4734,1957
776: 2591,154,128
777: 1295,1695,3003,940,4809
778: 262,2731,3537
779: 
780: 
781: 1355
782: 1500,1164
4753: 347
784: 1026,2589
785: 1952,3088,913,818
786: 
787: 374,2187,2719
788: 802,2706,2017
789: 3176,317,2734,2724
4340: 559,4109,2887,4242,2158,762
791: 3744
792: 4345,186,4646,2479
793: 3350,3702
794: 4267,159,3661,1160
795: 3671,1359,1110
796: 1971,3330,3182,3205
797: 764
4502: 4780,62,574
799: 3799,2676,3860,4111,2355,4613
800: 2183
801: 253,4155,439,1300
802: 788,2706,2172,4103,2017
803: 3258,3300,384,1115
804: 4507,3086,51
805: 4501,401,2945
806: 3092
807: 2975
808: 3106,1498
809: 60,3515,4288
810: 3666,93,370,1671
4583: 2759,475,1570,4768
4479: 3887,1855,3808,4108
813: 3028,3941,2850
814: 3291,2454,2527
815: 1462,1173
816: 1073,969,3266,570
817: 494,4615
818: 3663,2707,4574,742,1952,785
4475: 2408,1547,725
820: 1727,2187,4670,4053
821: 406,3298,2318,4647
822: 2315,2396,203,1239
823: 2751,2339,41
824: 121,2288
825: 
826: 1276,4705,965,2809
827: 2326,4284,1962
828: 
829: 1317,203
830: 2646,3152
831: 629,4275,4080
832: 1262,1031,173,144
833: 3757
834: 3004,3541
835: 4661,1500
836: 1096,3821,3708
837: 3410,4330
838: 2364,770
839: 3519,3846,1245
840: 3395,2129
841: 2965,4237
842: 2383
843: 3499,3110,3476,1972
844: 2690
845: 1016,4589,3149,610,2510
846: 3962,3844,4571,1060
847: 
848: 
849: 3858,283,276,4060,2276
850: 
851: 90
852: 4059,1443,3457
853: 3014,2561,699,4741,4768
854: 414,3387,3338,3255,4465
855: 
856: 1098,1790
857: 2229,3227,3822,1412,1119,4596,3500
858: 518,1260,225
4250: 1833,3857,706
860: 3519,3639,2659,907,2723
861: 2240
862: 4684,4052
863: 1791,4293,2530
864: 3940,354,1694,734
865: 3333,4627,2724,1241,3290,3087
866: 4814
867: 2088,1102,259
868: 1227,3681,935,904,4215
4433: 982,4365
870: 1865,3123
871: 953,3408,4733
872: 2410
873: 1320,4565,4039,3098
874: 2303,2129,702,931
875: 2172,2043,3232,4325
876: 481,1088,1735,505
877: 3095,2199,4140,1029
878: 3046,3733,4225,4098,4282,3988
879: 1723,1473,2721,2097
880: 2270,4108,1814
881: 2704
882: 947,1555,1802,4789,3068
883: 3947,2457,2654
4521: 1552,2219,2214,3641
4794: 280,948
886: 951,1830
4255: 
888: 3209
889: 3902,4230,1945,1230,618
890: 301,1621,756,2833
891: 4605,3200,2734,4591,4238
892: 1710,4597
893: 3658,1640,515,4611
894: 3996,961,3555,718,2746,3188
895: 3229,1930,4353
896: 2989,3825,2025,3243
4488: 3966,3785,357
898: 3761,2620,4286,4200,1611,3589,3565
899: 2555
900: 580,1029,1346
4695: 1409
4816: 3090,2166
4264: 2902,4268,4336
904: 282,3149,4215,2744,1227,868
4663: 4600,2310,2533,2597,3432,2370
4808: 2490,1014
907: 1337,3846,860
4671: 339,2036,954,3334
909: 4088,700,181
910: 4780,1204,1192,62,1603
911: 4626,739,3198,752,0
912: 2025,1508,195
913: 785,3088,2115,1196
914: 4044,3353,1425
915: 2949,3447,1715
916: 2871,4197,13,489
917: 4163,2715,300,4608
4295: 
919: 3812,3271,3213,3889,4414
920: 3058
921: 1609,2399,3607,209,492
922: 2528,4505,2279,3875,1927
923: 514
924: 4405,4322
925: 
926: 
4636: 2130,4634,372,2758
928: 1217
929: 3525,688,4434,294,444
930: 2528,1119,3227
931: 2350,874,2303,702,1104
4544: 1218,3195,4005,3775,2048
933: 1206,953,1677,4399
934: 1472,381
935: 1783,358,3681,868,4215
936: 375,1859,1836,965,1722
937: 1522,100
938: 3751,4687
939: 1860,3087,1879,2872
940: 1295,777,1695,3003
941: 4496,1706,1649,2804,1660,1795
942: 446,3155
943: 2596,402,4036,4559
944: 3521,4807,397
945: 
946: 3740,3770,617,4324
947: 882,1555,1822,1579
948: 4065,4794,3630
949: 2226,2554,2537
950: 3374,4401,1870
951: 886,1830
952: 3116,1911,4317,4105
953: 871,4235,3559,933
954: 737,2036,4671
955: 2729,3925,4090,1099
956: 3755,4207,2480,188,3233
4656: 1348,4714
958: 1862,3136,3478,4518,2995
959: 2300,2165
960: 3570
961: 3555,718,333,2450,894
962: 1031
963: 368,2830
964: 2128,71,1265,2305
965: 1722,3955,936,826,1276
966: 1470
967: 1876
968: 1223,427,4693,4601
969: 4368,4737,1073,816,3266
970: 
4321: 653,3856,2158
972: 1278,1114,1133,4558
973: 1678,4751,2325
4607: 4244,2243,3811
975: 3335,3693,2181,4584
976: 405,3949,4120,3834
977: 3396,4245,3122,3741
978: 3725,1730,1721,2552,769,163
979: 4008,4776
4714: 490,3665,2826,4656
981: 3060,995,3400
982: 430,4433,4365
983: 2314,1800
984: 4492,2934,1084,4408,294
985: 1658,689,499
986: 4482,3229,2522
987: 3236,3653,4485,4470,2841
988: 3181,3887,1368,1305,2648,2193
4550: 4624
990: 4380,3698,4420,4307
4501: 4522,805,401,2945
992: 2692,3597,264,4756
993: 2920,1486,4720
4809: 1775,2637,4574,1295,777,1695,1175
995: 3448,1452,981,3672
996: 713,1973,1581
997: 4516,3797
998: 4541,277
999: 2665,4387,171
1000: 3647,3622
1001: 311,4772,3048,1025
1002: 2470,2290,1784
4525: 2781,418
1004: 
1005: 3084,1657,4703,4409,3100
1006: 2474,1416
1007: 4290,3912,3166
1008: 2167,4562,1165,4377
1009: 3144
1010: 2621,3635,1308
1011: 4461,1458,1033,1607,2218
1012: 4823,1567,4766
1013: 
1014: 4808,389
1015: 1865,2710
1016: 845,4589,2744,3149
1017: 1623
1018: 403,2947
1019: 429,1990,2392,2562,692
1020: 2640,2293,1526,4660
1021: 3407,2555
1022: 2133,4616,1720,677,217
1023: 3975,3156,3290
1024: 4781,2971
1025: 3184,1001
1026: 4790,2369,784
1027: 
1028: 2478,303,2459,3447,671
1029: 900,877,4140
1030: 3556,3653,4485,3365,269
1031: 1262,832,962,1840
1032: 1896,3940,168
1033: 519,1458,1011,4768,3584,1607
1034: 3886,459
1035: 2940
1036: 2505
1037: 4090,1332
1038: 4662,3736,4129,771
1039: 4543,2893,1863,2716
1040: 107,2003,673,2627,2127,3496
1041: 2494,4645,4107
1042: 4050,3745,1491,3432,2310
1043: 1646,531,175,2106,4701
1044: 603,2882,4635
1045: 4680,1396,2393
1046: 3051,4439
1047: 
1048: 771,2099,4610,1754,1082
1049: 3485,2593,3112,2842
1050: 2840,2180,4084,45
4378: 
1052: 257,2378,4822
4487: 651
1054: 1801,3167,1477
4316: 2316,2078,565
1056: 613,3673,3569
4641: 2701,3588
4623: 506,3734,3728,4222
4290: 1007,3166,260,691
1060: 2664,846,3962
1061: 2185,2141,169
1062: 4390,1240,12
4313: 3690,2409,1122,2561
1064: 464,3526,1261,1739
1065: 3458,1986,1958,2911
1066: 
1067: 4542,3722,1752,2100
1068: 4428,1455,2889,655,2019
1069: 3746,702,2129,3267,2359
1070: 4758
1071: 
4704: 3939,1676
1073: 816,3085,969
1074: 3839,3294,166,53
1075: 120
1076: 3232,2859,2001
1077: 
1078: 3206,2486,2190
1079: 4746,1522,4440,550
1080: 1293,3854,2981
1081: 3819,1605,3664,553
1082: 2252,328,2099,1048
1083: 407,1256,4499,1968,1162
1084: 984,4492,2934,3985,1277
4454: 250,3699,148
1086: 3153,4739,297,4740
1087: 254,1736,1138,3525,1904
1088: 1735,2766,876,356,4131
1089: 3851
4408: 2257,984,294,444
1091: 1933,4337,3497,214
1092: 378,648,1278,1133
1093: 4061,3567,2752
1094: 
1095: 4708,4590,4601,2926
1096: 2000,3475,3821,1680,3708,836
1097: 3926,4105,4317,1936
1098: 856
1099: 3818,955
1100: 2064,4466,4045
1101: 3894,3732,3196
1102: 259,2521,867
1103: 4576,3191,2952,4486
1104: 2359,702,931
4444: 1245,3846,1337
1106: 3315,588
1107: 2867,2978,2177
1108: 3633,112
1109: 3517,4047
1110: 757,1359,795
1111: 370,435
1112: 726,3543,1228,55,3836
4673: 653
1114: 972,1133
1115: 384,1242,803,1682
1116: 3582,3728,316,365
1117: 1308,515,2811
1118: 1493,586
1119: 3968,1412,930,3227,857
4590: 1095,4708
1121: 748,1330,3809,2020,3127
1122: 3014,2561,4313
4568: 2780,3352,238,3843
1124: 2531
1125: 4035,3430
1126: 331,4231,1868,350
1127: 3051,363
1128: 2299
1129: 2973,1521
1130: 3320
1131: 3441,4114
1132: 2645,1951,1246,1291
1133: 1278,972,1114,1092
1134: 4228,1539,2599,153
1135: 644,2513,3466
1136: 3156,1990
1137: 2448,4642
1138: 3525,4434,1087
1139: 1969,1503,4734,2820,1215,3888,3667,3438
1140: 
1141: 3409,2985,2116
4782: 2064,4466
1143: 
1144: 1792,3965,1827,1602
1145: 2375,3938,739,278
1146: 1240,4805,1249,688,3169
1147: 
4692: 4374,3666,4717
1149: 2079,3247,4417
1150: 4067,2784,1961,4602,2423
4818: 479,1811,4441
1152: 3342,1674,1254,2662
1153: 4788,4150,1560,3064,2099
1154: 3205
1155: 616,274,2784
4333: 2609,3826,3604,2632,2131
4506: 4602
1158: 
4551: 4589,2477,491,4787
1160: 3796,794,159,526
4495: 
1162: 407,1083
1163: 2987,483
1164: 1500,1318,782
1165: 4272,404,3139,4562,1008
1166: 3461,4778
1167: 3972,2950,4633
4615: 4497,817
1169: 4373,3482,1301
1170: 3069,4799,446
4484: 3539,2289
4597: 4379,2807,892,4157
1173: 815
1174: 3640,3766,4270,3287
1175: 4809,4574
1176: 2691,655
1177: 2228
1178: 1394,2174
1179: 2892,4309,1541,1310
1180: 4272,2858,404,2229,3822
1181: 3109,4343
1182: 2445
1183: 3609,3173,1851,4548,4125
1184: 322,92,3074
1185: 1270,4142,606
1186: 698,3215,1387,3680
4400: 2541
1188: 2447
1189: 2616,1938,1434,2207
1190: 4033,4376
1191: 200,456,729,1380
1192: 1204,1683,910,1603
1193: 4699,2223
1194: 1384,2547
4393: 2906
1196: 2722,2967,2115,3088,913
1197: 4157,186,2807,2118,2575
1198: 3881,2857,4112,2199
1199: 
4585: 
1201: 3358,4343,198,2210
1202: 584,3323,1573,4044
4424: 339,2036,1916
1204: 3885,1192,910
1205: 4388,521,1494,160,4587
1206: 933,4426,2101,3531
4439: 3251,1046
1208: 3973,3679,748,1330
1209: 4790,3919
1210: 
1211: 3233,1841,3849,2959,3347
1212: 2215,4777,466,4180,3780,422
1213: 2274,1379,3189
1214: 2264,1790,106
1215: 3737,3888,1972,2820,1503,1139
1216: 2571,2000,3821
1217: 2238,3309,928
1218: 3195,4544,673,2627,1844
1219: 4745,3580
1220: 4327,1915
1221: 
4539: 3398
1223: 968,1974,427
1224: 4164,3406,2379,4415
1225: 2174
1226: 2455,1655,3084,4703
1227: 2495,4149,2744,4399,868,3681,904
1228: 1780,55,4438,263,726,1112
4681: 2467,452
1230: 618,2970,889,4230,1597
4613: 2355,799,3860
1232: 3642
1233: 4515
4391: 1679,1732,3178,89
1235: 635,3062
1236: 687
1237: 
1238: 4483,4179,4510,4644
1239: 203,822,94,1472
1240: 4805,1146,3982,4390,1062,12
1241: 865,3087,2818
1242: 384,1115,1404,4138
1243: 4388,521,1994
1244: 4652,4261,661,721
1245: 4481,839,3846,4444
1246: 2147,1951,1132
1247: 4619,4165,4686,1397
1248: 520,2556
1249: 1146,4492,4709,3169
1250: 3275,2413,549
4672: 426,572
1252: 2681
1253: 257,2378,4276,564,4697
1254: 1674,1689,1152,2662,4685,269
1255: 2415,2239,1425,3859
1256: 407,1083,2416,2608,1968
1257: 1878,4578,2275,1871
1258: 2882,3367,3439
1259: 1385,3917,3443,1991
1260: 518,858
1261: 2380,1064,3526
1262: 832,1031,2736,1840,144
4685: 2662,3365,269,1254
1264: 
1265: 150,2017,1731,964
1266: 4323,3734
4358: 1804
1268: 168,69,4096
1269: 4204,3853,4617,4081
1270: 3063,1185,4142,4210,1582
1271: 2114,569
1272: 3850,3164,2319,3959
1273: 1809,460
1274: 4813,2179
4362: 1514
1276: 826,4705,4371,3955,965
1277: 4030,2545,3985,1084,3564
1278: 972,1133,648,1092
1279: 4364,480,4797,251
4354: 2282,3526,4348
1281: 2347,4435,296
1282: 3874,3140,345
1283: 2367,1298,2667,3162
1284: 1957,3781,4455,2820,3583,3801
1285: 
1286: 1707,4511
1287: 4109,3695,762,4427,123
1288: 4535,2353,1661
4693: 4651,3009,427,968,3986
1290: 3281
1291: 1132,2645,2569
1292: 4598,299
1293: 1080,3854,2981,3068
1294: 313,3305
1295: 777,940,4809
1296: 4256,1799,3749
1297: 3884,1423
1298: 1283,106,3162
1299: 2002,3628,4588
1300: 2546,253,801,439,1793
1301: 1961,1392,1169,4373
1302: 551,679,1506,2503
1303: 3687
1304: 
1305: 1368,988
1306: 369,1966
4505: 922,2528,2277,1927
1308: 1117,2621,1010,3453
1309: 765,1334,3248,237,3186,4682
1310: 1179,4309,680
4359: 3551
1312: 3112,3897
1313: 1484,1882,4558
1314: 3824,517
4318: 284,2084,4775,4727,3135
1316: 3296,3020
1317: 3961,829,3441,3000
1318: 46,1164
1319: 1620,670,4455
1320: 873,665
1321: 119,4231,1868,3106,1564
4725: 1651,3976,3977
1323: 4422,1525
4293: 1791,863
4620: 400,617
1326: 1524,4494,2566
1327: 3465,2213,2272
1328: 3143,2132,4736
1329: 3234,4095,1685,2439
1330: 748,3809,1121,1208
1331: 
1332: 1037
1333: 1913
1334: 1309,3248,237,2148
1335: 3890
1336: 
1337: 907,4444
1338: 
4815: 4737,3085,2189
1340: 2479,2565
1341: 10,540,2547,663
1342: 4004
4658: 4474,1964
1344: 1717,716
1345: 
1346: 4140,900,221,1720,2928
1347: 
1348: 4656,4549,2191,2354
1349: 2777,4000
1350: 24
1351: 4183,4518,2052,3758,1532
1352: 4192,170,160,1853,4587
1353: 3783
1354: 2562,289,2851,200
1355: 781
1356: 
1357: 2658,4355,273
4404: 220,201,542,3239
1359: 4284,391,4065,1110,795
1360: 476,1854
1361: 2838,2927
1362: 1946,1845
1363: 2285,3111,4429,405,4120
1364: 
1365: 
4712: 2484
4694: 4132,4060,2957,3858,4298
1368: 1305,988
1369: 2046,2333
1370: 4721,2429,4718
1371: 4413,2028,2341,1429
1372: 640,2233,9
1373: 4651,3677,3936
4736: 2162,2755,1328
1375: 2070,528,506,4222
1376: 3280,4586,166,1476
4523: 3501,3094
1378: 2968,2366,4076,2559,1976,1533,447
1379: 3696,1213
1380: 4178,4147,1752,1191
4804: 2732,4532,2430,3628,3735
1382: 4075,4121
1383: 614,3963,1639
1384: 440,2794,1194
1385: 2012,1259,3443,15
1386: 2922,685,1475
1387: 3671,1513,682,3680,1186
1388: 4542,2535,4252
4356: 2122
1390: 4210,2515,3852
1391: 3683
1392: 1792,1737,3798,1301
1393: 1750,2024,3372
1394: 1178,2174,1984,4262
1395: 3044,2408
1396: 1045,2640,2563
1397: 4686,4710,4619,1247
1398: 1593,3292
1399: 4779,4068,4124,4430
1400: 3078
4419: 3261,2433
1402: 4181,2590,3647
1403: 
1404: 3180,1242
1405: 4134,2206,246,2316
1406: 1549,2001
1407: 1937,61
1408: 171
1409: 4695
1410: 3310,4665,3785,4116,357,3071
1411: 2523,4445,3035,3017
1412: 3968,1119,857
4603: 3183,4648,2972
4723: 4823,1567,1841,3849
4329: 2256,2908,530,2401
1416: 1006
1417: 2260
1418: 3899,4036,3231
1419: 2241,3685,4161,4196
1420: 3179,114
1421: 1834
1422: 2953,2824,2366,4076
1423: 646,2944,1297
1424: 1882,4344,648
1425: 1573,914,4044,1255
1426: 533
1427: 2521
1428: 2096,3797
1429: 514,2154,1371
1430: 426,3399,2050
1431: 2709,3806,2089
1432: 2607,2823,1967,1638
1433: 701,3787,4657
1434: 2207,1189,1938
1435: 1959,3055,4697,2378,2506,312
1436: 1888,1950,57
1437: 2783,1984,4262
4763: 2095,1473,3263,1723
1439: 249,1585
1440: 280,740,4821,75,1479,2411
1441: 2825,3173,4534
4680: 1045,2773,2698,628,2393
1443: 4059,4084,852
1444: 1817
1445: 3500,4428
1446: 
4279: 143,4072,1494,1853
1448: 4750,57,3623,183,513
1449: 9,2115,2233,98
1450: 3657,3379,2842
1451: 218,2398,152
1452: 3448,995
1453: 4319,3753
1454: 3429,426,572,1601
1455: 1068,2889
1456: 
1457: 
1458: 1011,1033,1594,1607
1459: 144,3508,4398,2216
1460: 
1461: 3248,252
1462: 815,4016,3796
4278: 2485,507,2860,3492
4373: 1169,562,1961,1301,616
4339: 2990,2048,3775,3066
1466: 3148
4325: 3645,3415,2706,2172,875
1468: 1515,3107
4629: 3478,363,3209
1470: 966,1614,2348
4628: 1604,2655,3202,4536
1472: 934,1239,94
1473: 4763,3394,879,1723
1474: 307,354
1475: 3315,177,685,1386
1476: 3280,1376
1477: 664,3869,3167,1054
1478: 
1479: 3349,2411,280,1440,391,4065
4425: 3916,3062,4811,3540,635
1481: 2388,3862
1482: 3016,722,2357
4469: 3264,4341,1914
1484: 1912,2683,4445,1313,3035
1485: 253,2282,3947
1486: 993
1487: 1702,2340
1488: 501,2362,453,1548,2831
1489: 3226,3778,3904
4619: 1247,4165,2216,3012,4710,1397
1491: 3745,1789,3906,1042,4050
1492: 3273,1646,1767
1493: 2277,1844,1118,586,2670
1494: 160,1853,4072,4279,1205
1495: 3454,3595,4423
1496: 4534,357,3691
1497: 39
1498: 4480,4791,808,3106,1564
1499: 3750,3626,1757,1981
1500: 1164,835,782
1501: 2664,685,2408,4350
1502: 73,3461,121
1503: 1969,1139,775,4734,2820,1957,1215
4297: 1687,3735,2430,165,597
1505: 2458,4302,3885,1683
1506: 2035,2503,2354,679,2191,1302
4411: 
1508: 2025,3243,912
1509: 2169,686,3692,136
1510: 3269,352
1511: 3954,2227
1512: 2699,2174
1513: 3671,1387,3630,500
1514: 175,3101,4362
1515: 1468,3107,502
4430: 4779,1399
1517: 2523,4445,3693,2181,541,2047
4258: 3760,4350
1519: 3688,2271,1729,3652
1520: 3747,3333,4627,1860
1521: 1129,4722
1522: 4440,550,2256,937,1079
1523: 2343
1524: 1326,4165,3012,2839,4494,2496
1525: 4422,1807,1323
1526: 2293,2357,1020,2361,2640
4294: 164
1528: 3322,1888,380
4537: 3449,3124,2814,4150
1530: 2437,3494,2638,4054
1531: 1954
1532: 1888,3758,2754,4183,1351,4451
1533: 4054,1976,1378,2065,447
1534: 2101,3531,49,2769
1535: 2622,2988
1536: 4169
1537: 2909
1538: 2519
1539: 4228,1134,1629,2477
1540: 2792,125,1594
1541: 2892,1179,301,3316
1542: 326
1543: 3072,1692,2380
1544: 
1545: 2086,1954
1546: 2227,119,1955
1547: 4475,4334,4086
1548: 730,2831,501,1488,2339
1549: 1406,2001
1550: 1762,2069,4608
1551: 50,1697,1670,2262,3557
1552: 2219,4521
4611: 2811,893
1554: 
1555: 882,947,1822,3068
1556: 182
1557: 3774
1558: 2436,587,3308
1559: 228,2761,2903
1560: 4150,328,1153
1561: 3683
1562: 2825,610,4625,4668,1985
1563: 1994,2052,182
1564: 4791,1498,3106,1321
4766: 4494,2496,4823,1012
1566: 2913
1567: 4723,1012,2210
1568: 
4282: 2065,447,4098,878,4225
1570: 475,1636,4768,4583
4503: 82,4480
1572: 2487,1601
1573: 1425,1202,1850,4044
4534: 1496,2825,1441,3966
4474: 4658,3289,1605
1576: 
1577: 4005,2100,2013,4147
1578: 3462,3114,4114
1579: 64,1802,947
1580: 4281
1581: 3600,4181,996,4327
1582: 4210,2131,558,4142,1270
1583: 290,402,2600,4239
4542: 1067,3722,1388,2535
1585: 249,1439
1586: 3257,2534
1587: 4810,342
1588: 1606,4803,3259,18,2817
4741: 699,519,3014,853,4768
4363: 490,4456,2702
4307: 2018,4143,990,4380
1592: 2079
1593: 1398,258,2061
1594: 699,1540,1458
4344: 378,648,3908,1424
1596: 3475
1597: 1230
1598: 3884,227,2878
1599: 3413
1600: 2857,99,1993
1601: 3402,1454,3429,1572
1602: 1144,4662,4129,3798
1603: 17,62,1192,910
1604: 1732,304,4628,4536,3178
1605: 1081,3819,4474,553
1606: 1588,4659,4803,3259,190
1607: 1033,1458,1011,3987,3584
1608: 3759,3657,360
1609: 921,2399,209,2649,258,3898
1610: 266,3179,1857
1611: 4200,2360,2620,898
1612: 2592
1613: 2148,273
1614: 1470
1615: 
1616: 2969,4659,4803,3230
1617: 4330,31,3981,3514
1618: 1775,2637,4574,742,730,2751,3663
4762: 
1620: 727,1319,670,2080,3801,3436
1621: 301,890,3316,2633
1622: 65,710,3608
1623: 1017,359
1624: 4707,3536,3477,3103,3989,1940
1625: 
1626: 
1627: 4008
1628: 3187,2162
1629: 1647,3253,4228,1539
1630: 2384,4588
4446: 
1632: 3977,3976,1736,3405,4024
1633: 2614,2775,486
1634: 4645,4173,2980,4154
1635: 460
1636: 475,1570,4768,4713,669,2678
1637: 3001,354,1896
1638: 255,1432,2823,766
1639: 2385,614,1383
1640: 448,3336,515,3658,893
1641: 1699,1771,3972
1642: 3117,3712,3997,1914,2794,1661
1643: 2018,4143
1644: 4731,2577
1645: 
1646: 1767,1043,4701,4742,1492
1647: 3253,1629,4567
4650: 
1649: 1655,1706,941,1660
1650: 4778,2355,2288,4111,3889
1651: 2140,4725
1652: 2454,2400
1653: 2551,2869
1654: 666,2469
1655: 1649,1226,1660,4703
4584: 4698,975,375,1859,4074
1657: 1005,3084,4700,3700,3100,2215
1658: 985,3901
1659: 2632,2346,3241,2568
1660: 4357,1795,941,1649,1655,4703
1661: 4535,1642,1288
1662: 4554,315,2068,2604
1663: 
1664: 3326
1665: 736
1666: 4013
4416: 3974,290
1668: 3513,2455
1669: 1766,2074
1670: 1551,2982,2262
1671: 2461,1829,810
1672: 4749,2718,3126
1673: 3010
1674: 1254,1689,2796,1152,2582
1675: 4195,2145
1676: 4704,589,2165
1677: 933,4733,4399
1678: 973,4751,3125
1679: 4391,2230,1732,89
1680: 3956,3160,3475,1096
1681: 3129,3489,4776
1682: 3300,1115,3954
1683: 3932,1505,1192
4407: 2494,3912
1685: 2673,4095,1329,3234
1686: 1905,2852,4259,25,694
1687: 4297,3735,2430,597
4274: 3986,2926,4158,544,3936
1689: 1674,1254,2796,269
1690: 116,2565,3937,1833
1691: 
1692: 3072,1543,1857,3805
1693: 4374,3321
1694: 305,2758,307,864
1695: 777,3003,940,4540,4809
1696: 2379,3579
1697: 1551,50,518,3557
4273: 
1699: 1641,1771
1700: 650,2838
1701: 413
1702: 1487,3581,548
1703: 
1704: 2851,725,177,289
1705: 1987,2029,4229
1706: 3468,4496,941,3283,1649
1707: 4511,1286
1708: 3228,3660,412
1709: 3291
1710: 892,4477,4575
4567: 3480,4135,2121,1647
1712: 632,3899,135,1742
1713: 4643,4724,3374
4575: 1710,4477,3683
1715: 3447,671,915
1716: 
1717: 1344,716
4664: 2150
1719: 2058
1720: 2928,1346,217,1022
1721: 1803,769,3725,978
1722: 3344,965,936,1836,2683
1723: 879,3278,1473,4763
1724: 3953,4152
1725: 4253,3386
1726: 3175
1727: 4674,820,2187,4670,2638
1728: 3624
1729: 2653,1519
1730: 978,163,3832
1731: 2128,1265,150,3135
1732: 304,1604,3178,4391,1679,2230
1733: 4188
1734: 79
1735: 1088,2111,2766,4798,481,876
1736: 3976,254,1087,1904,3977,1632
1737: 1792,1392,3820
1738: 110,752,2865,2483
1739: 1773,4348,3679,1064,3526
1740: 2580
1741: 4049,2722,681,3816
1742: 3299,135,3899,723,1712
1743: 2772,2595,1949
4417: 3247,1149,659
1745: 3617,4102
1746: 
1747: 3395,3479
1748: 4116,3691,3827,1864,3071
4677: 3867,2194,2863,2518
1750: 2024,1393,2908,213
1751: 3135
1752: 4178,4147,1380,2100,1067,3722
1753: 595,1821
1754: 771,4610,1048,2930,2977
1755: 
1756: 4064,656,3751,16
1757: 3626,4806,3817,1499
4310: 4119
1759: 3634
1760: 
1761: 
1762: 2069,1550,3850
4429: 3589,3111,4120,1363
1764: 2189,281,2558
1765: 2110,2176,2218,3170
1766: 1669
1767: 1646,4742,1492,4774
1768: 
1769: 2078,3888,3667,246
1770: 4740,229,2272,4739,2213
1771: 1641,1699
1772: 4179,3491
1773: 4348,1739,3424
1774: 4136,3978,431
1775: 4809,1618,2637,4574,742
1776: 377,3503
1777: 3765,2186,2033
1778: 
1779: 498,550
1780: 1228,2698,101,3794,726
1781: 4431,3473,3126,2800,341
4249: 2557
1783: 935,1906,3979,3434,576
1784: 1002
4587: 160,4388,1205,170,1352
4817: 3172,2723,1925
1787: 
1788: 2426
1789: 3745,1491,1968,3906,527
1790: 1214,2264,856
1791: 4293,863,2145
1792: 1392,1144,1737
1793: 4151,1300,2614
1794: 4524,4640
1795: 4357,1660,941,2804,167
4797: 1279,251,457,3002
1797: 3752
1798: 3600
1799: 2589,2137,3337,1296
1800: 2314,983,4813
1801: 3167,1054,4675,3101
1802: 2146,1579,882,4789
1803: 1721,1981,22
1804: 4358
1805: 2449,3720
1806: 3971,2103,1907
1807: 645,4422,1525
4635: 1044,603
1809: 1273
1810: 4604,3517,60
1811: 4818,4441
1812: 1901
4578: 3636,1257
1814: 2648,2193,3887,880
1815: 2008,2312,2653
4421: 35,2631,668,2650,2974
1817: 1444
4309: 2892,1179,1310
1819: 4163,2715,4199,4351,2117
1820: 103,2975
1821: 3256,1753
1822: 947,1555,2981,2644
1823: 2900,2169,3894
4569: 4437,2776,4095
1825: 3022
1826: 
1827: 3345,2501,1144
1828: 3738
1829: 2105,1671
1830: 951,886,2287
1831: 3381
1832: 149
1833: 3937,4250,116,1690
1834: 1421
1835: 4075,4121,3908
1836: 2047,375,936,1859,1722,2683
1837: 2950,4530
1838: 3981,3393,1999
1839: 1861,751,2966
1840: 365,1262,1031
1841: 4023,4686,1211,3849,4723
1842: 2629,317,3975
4288: 809,2036
1844: 1493,2627,1218
1845: 4233,1362
1846: 4315,690,2957
1847: 
1848: 2474,420
1849: 2319,438,419,364
1850: 4141,1573
1851: 3609,1183,4548,4125
1852: 1963,746,3192,4565
1853: 1494,160,4279,4192,1352
1854: 4793,1360,2286
1855: 3181,4479,3808
1856: 528,217,2672
1857: 1610,1692,3805
1858: 
1859: 375,936,4074,4584,1836
1860: 939,3087,1520,3333
1861: 751,2966,2750,668,1839,2488,2974
1862: 2770,65,958,3136,2995
1863: 1039,4543,2905
1864: 3827,3723,1748,3691
1865: 870,1015
4760: 130,2290
4698: 2337,4584,1967,4074
1868: 119,4231,1321,1126,3616
1869: 2759,4063,436
1870: 4724,4401,950
1871: 2871,4197,1257,2275
1872: 585
1873: 2552,163,2419,498
1874: 2325
1875: 3901,3515
1876: 967
1877: 701,3787,3571,4182,2342
1878: 705,3553,1257,2619,3636,2275
1879: 4112,939,2872
1880: 4184,547,4096,3649
4779: 2182,4124,4430,1399
1882: 4558,1424,1313
4366: 261
1884: 2098,4667
1885: 4055,11,511,2108
4586: 1376,3704,2075
4445: 1517,2523,1411,1484,3035
1888: 3758,1436,2754,1532,1528
1889: 3913
1890: 
4305: 
1892: 3713,2397
1893: 4322,4330,4123
1894: 
1895: 3976,254,688,4805,4390
1896: 1032,3940,354,1637,3001
4786: 2938,2827
1898: 3414,513,707,3144
1899: 662,1978
4259: 2374,25,1686,2442
1901: 1812,3783
4332: 2969,3807,2629
1903: 3493
1904: 3020,1736,1087
1905: 1686,2852,1918,2730
1906: 469,3979,1783,4637,3434
1907: 1806
1908: 2107
1909: 2858,3391
1910: 4286,4200,2829
1911: 952,4105
1912: 2683,1484
1913: 1333
1914: 3065,4535,4469,1642
1915: 3368,471,1220
1916: 2036,4424
1917: 2970,3697,4055
1918: 3996,2746,1905
1919: 2670,4655,2277,244
1920: 4765,2991
1921: 4338
1922: 532,88,4079
1923: 2463,347
4516: 997,2671
1925: 2659,2258,4817,2723
1926: 2066,2617
1927: 2277,2279,922,4505
1928: 2679,2714,2573,2090
1929: 2881,3307,2170
1930: 3229,895,4353,2441
4387: 2173,999
4494: 4766,2496,1326,1524,4476
1933: 4337,1091,3951,2770,3497
1934: 3946
1935: 3061,4801,3464,2450
1936: 3026,1097
1937: 1407,3433
1938: 1189,1434,4577
1939: 3080,3547,4103
1940: 4653,3477,1624,3536
4548: 1183,1851,4125,4285
1942: 4472
4638: 2896
1944: 719,1962
1945: 2601,889,4030,2545
1946: 1362,4764,450
4690: 
1948: 4381,3756,3412
1949: 1743
1950: 3922,1436
1951: 2317,1246,1132
1952: 785,3088,818,2707
1953: 2810
1954: 1531,2086,1545
1955: 3616,2987,1546
1956: 2442,2631,75,35
1957: 1284,3781,2820,3583,1503,775
1958: 501,1986,3458,3081,1065
1959: 3055,1435,2506,3019
1960: 4248,595
1961: 1301,4373,1150,2784
1962: 827,1944,757
1963: 2667,746,1852
1964: 4658
1965: 766,428,255,3882,4371
1966: 2461,1306
1967: 4698,2337,2607,1432
1968: 3745,4499,1789,1083,1256
1969: 1503,1139,4734
1970: 255,3955,375,4074
1971: 796,3506,3182,2544
1972: 1215,3737,3110,843,3583
1973: 996,67,2111,2766
1974: 2116,2868,1223
1975: 4529,3221
1976: 2559,3629,1533,1378
4637: 3294,1906,469,2636,3839
1978: 1899
1979: 4630,537
4887: 30
1981: 1803,3750,1499,3725
1982: 3470,3210,3285,33
1983: 4722,4661
1984: 574,1437,4262,1394
1985: 576,2825,1562,3966
1986: 501,2339,1958,1065,41
1987: 1705,2996,523
1988: 
4520: 4353,2879,2905
1990: 429,1019,1136,692
1991: 3443,2153,1259
1992: 3936,2305,3061
1993: 3484,99,4787,1600
1994: 1563,2052,1243,2961
1995: 3210,3285,2039,4217
4675: 1801,3101
4743: 
1998: 380,3042
1999: 770,1838,2574
2000: 3475,1096,3821,1216
2001: 1076,1549,1406
2002: 1299,3628,4532
2003: 1040
2004: 4010,3083,2126,3754
4660: 18,2120,2773,2293,1020
2006: 2920,2307,4683
2007: 
2008: 1815,2312,2621,2653,3453
2009: 4800,3006
2010: 3317,118,90,4757,4666
4352: 3686,4783
2012: 1385,3917,4646,15
2013: 4144,588,456,1577,3195
2014: 308,4541
2015: 4739,3793,4394,3153
2016: 
2017: 150,4103,788,802,1265
2018: 4307,4143,1643
2019: 4093,4428,1068
2020: 3053,117,1121,3127
2021: 2306,363,3209
2022: 543,4732
2023: 
2024: 1750,484,1393,213
2025: 3243,912,1508,896
4710: 4398,3771,1397,4619,2216
2027: 413
2028: 4413,1371
2029: 2308,4229,2347,1705
2030: 122,262
2031: 
2032: 2109
2033: 191,1777,2798
2034: 3759
2035: 1506,2503,2191,4072
2036: 1916,4288,954,4424,4671
2037: 2443,2102,3411,3392
2038: 2500,4031,3150
2039: 3266,3302,1995
4558: 1882,1313,2051,972
2041: 3792,3591
2042: 4684,602
2043: 2172,875
2044: 4185,3283,4476,3468
2045: 3729,4302,3053,3885
2046: 1369,2338
2047: 1836,2181,1517,2683
2048: 4339,586,4544,3775
2049: 4019,3358,4243,2062
2050: 3399,1430
2051: 4558
2052: 1563,1994,1351,3922
2053: 733
2054: 3380
2055: 
2056: 4071
2057: 
2058: 2891,1719
2059: 2867,3439
2060: 
2061: 536,1593,4123
2062: 2049,2130,4213
2063: 2300
2064: 90,4466,4782,1100,4045,3509
2065: 4282,447,1533,4053
2066: 1926,2617,2877
2067: 
2068: 2485,4208,4554,1662
2069: 1762,1550,4608,4497,438,3850
2070: 1375,3715,678,4222
4802: 61
2072: 484,2823,428
2073: 
2074: 2087,1669,2406
2075: 155,4586,710
4379: 2807,4597,3814
2077: 2384,2171,172
2078: 565,1769,246,2316,4316
2079: 1149,1592
2080: 2888,727,1620,3436
2081: 
4724: 1870,4643,1713
2083: 4091,3426,271,3828
2084: 4318,4775,3135
2085: 644,4160,2743
2086: 4236,1545,1954
2087: 2074,2406
2088: 867,2666
2089: 2422,3806,658,2709,1431
2090: 2573,3779,1928
4700: 272,3700,1657,2215
2092: 
2093: 731,4160
2094: 655,2464,48,415,4806
2095: 4763,3263,195
2096: 1428,2694
2097: 2721,3077,879
2098: 1884,3657
2099: 771,1048,1153,1082
2100: 4005,1577,4147,1752,1067
2101: 1534,3531,2549,4426,1206
2102: 2443,2037
2103: 3971,1806
4540: 1695,730,2831,2637
2105: 4283,2993,1829
2106: 531,3146,1043
2107: 2396,1908,149
2108: 4490,1885,11,652
2109: 3456,3661,2032,4267
2110: 1765,309,2465,3170
2111: 1735,2766,4798,509,1973
2112: 3672
2113: 3372
2114: 1271,3712,569,3997,3272,440
2115: 9,1449,98,913,1196,681
2116: 1974,2868,3409,1141
2117: 390,4351,1819,2715,2175,2660
2118: 3814,2807,1197,2575
2119: 453,3472,3003
2120: 18,4660,3214,2293
2121: 4238,3747,4135,4567
2122: 4356,3773
2123: 3454,3421
2124: 325
2125: 3850,3164,622,708
2126: 239,2004,3138
2127: 2279,3496,1040,2627
2128: 1731,964,4289,4727
2129: 874,840,1069,702
2130: 4634,4213,4636,2062,2758
2131: 4210,1582,2568,4333,3826
2132: 1328,2162
2133: 4270,3287,4616,1022,677
2134: 2141,169
4703: 1005,3084,1655,1226,1660
2136: 4224,3948
2137: 3337,1799,2589
2138: 4097
4702: 4317,3926,2472
2140: 1651
2141: 2185,1061,2134
2142: 3104,3767
2143: 4204
4791: 1498,3684,1564
2145: 1675,4195,1791,2530
2146: 1802,2688
2147: 1246
2148: 1613,437,237,1334
2149: 3980,2982,2947
2150: 4664
2151: 639,725
2152: 764
2153: 4795,548,1991
2154: 514,1429,4498
2155: 2786,3475
2156: 4214
2157: 2648,3802,3338
2158: 3332,4321,4340,2887
2159: 4774,3902
4807: 3521,944,122,746,397
2161: 3694,4139
2162: 4736,1628,2132
2163: 
4621: 
2165: 589,1676,2300,959
2166: 4816
2167: 4562,1008,2419,2456
2168: 2941,3267,2858,404,3391
2169: 686,1509,3894,1823,2900
2170: 2911,1929
2171: 2384,2077
2172: 2706,2043,875,4325,802
2173: 2248,4387,4735
2174: 1178,1394,1512,1225,2786
2175: 2715,390,2117,2660
2176: 3716,4461,1765
2177: 4654,1107,2867,46
4737: 4815,3085,3152,969
2179: 1274,3072
2180: 1050,2840,3174,4749
2181: 975,3335,3693,2047,1517
2182: 4779
2183: 800
2184: 
2185: 1061,2141
2186: 3489,1777
2187: 1727,4674,820,2719,787
2188: 3613,665,3903,4245,3122
2189: 1764,4815
2190: 3279,1078
2191: 1348,2354,1506,2035
4614: 3774
2193: 2648,1814,3887,988
2194: 3867,4677,2863
2195: 275,2509
2196: 552
4707: 1624,3989
2198: 2979
2199: 4112,877,3095,3881,1198
2200: 3718,3271,3046,4225,2903
4252: 3786,2918,1388,2535
2202: 3739,2220,205
2203: 3460,3665,4549
2204: 4810,3184
2205: 2760
2206: 2955,246,4524,1405
2207: 1434,3344,1189
2208: 3325,3644,4134
2209: 3815,4765
2210: 4243,1567,3358,1201
2211: 3932
2212: 3252,3408
2213: 1770,2272,1327
2214: 578,3641,4521
2215: 4777,1212,660,1657,4700
2216: 4619,3012,4398,4710,1459,3508
2217: 
2218: 1011,1765
2219: 1552,4521,3641
2220: 2202
2221: 
2222: 714,205
2223: 4699,1193
2224: 640,2233,663,2931
2225: 4775,3319,3825,3243
2226: 949,2554
2227: 3954,1546,1511
2228: 3762,93,1177
2229: 857,3822,4596,4272,1180
2230: 1679,1732,304,3781
2231: 313,123
2232: 
2233: 640,2224,1372,9,1449
2234: 2372
2235: 
2236: 
4376: 2673,1190
2238: 1217,3407
2239: 2415,1255,4341,3296,3065
2240: 861
2241: 1419,3640,3685
2242: 3732
2243: 3811,3360,3971,4607
2244: 2438,3633
2245: 3066,3786
4448: 
2247: 3317,118,2603
2248: 2173,4735,495
4257: 4322
2250: 3636,2613,2953,2391,3682
2251: 3240,495,3121,3939
2252: 2373,1082,328,3871
2253: 4203
4646: 2012,3917,4195,792
2255: 2645
2256: 4329,1522,2456,4440
2257: 4408,3710,444
2258: 2659,1925,85
4750: 1448,3623,183,2630
2260: 2519,2624,1417
2261: 
2262: 3557,4091,1551,1670
2263: 4633,3387,3934
2264: 1214,1790,4632
4686: 1841,1397,1247,4823
4504: 3070
2267: 
2268: 2448,4148
4783: 2389,4352
2270: 4108,880,4410
2271: 3688,1519,2811
2272: 1770,229,2213,1327
2273: 3661,2583,140,2440
2274: 1213,3189
2275: 581,1878,3553,1257,2871,1871
2276: 2295,4800,849,4132,4060
2277: 1493,1927,4505,1919,2670
2278: 4133,2387
2279: 2127,3875,1927,922
2280: 4049,3408,681,590
2281: 
2282: 253,4354,3526,1485
2283: 
2284: 4746,3335,2717
2285: 1363,3491,3111,3633
2286: 435,1854
2287: 1830
2288: 824,3889,1650
2289: 3356,4484
2290: 2470,4760,1002
2291: 
4251: 
2293: 2357,1526,3214,1020,2120,4660
2294: 105
2295: 2276,4800,276
4442: 3104
2297: 3627
2298: 4270,4616,3715,678
2299: 1128
2300: 959,2165,2063
2301: 2771,3906,4369,3993
4645: 4173,1634,1041,4107
2303: 874,3619,3471,2350,931
2304: 4403
2305: 4289,1992,964
2306: 2021,363,3051
2307: 2920,2006
2308: 2719,2029,4674
2309: 4361,2837
2310: 4600,4663,1042,3745,3432
4314: 443,4266
2312: 1815,2008,2621,3635
4271: 3055,378
2314: 1800,983
2315: 4266,822
2316: 4316,3644,2078,4134,1405
2317: 1951
2318: 584,486,821,3298
2319: 1849,2593,364,1272
4401: 1870,950
2321: 4770,2369
4792: 3328,4381
2323: 
2324: 
2325: 1874,973,4751
2326: 827,3349,4284
4564: 4283,4582
2328: 243,4761
2329: 4209,2722,2967,66,3314
2330: 3217,492,3411,321
2331: 3944
2332: 
2333: 1369,4397
2334: 621,634
2335: 4508,2742,3006,3566
2336: 3873,3057,3553
2337: 4698,1967,4746
2338: 3692,2046
2339: 501,1986,1548,41,823
2340: 2530,1487
2341: 3015,3542,1371
2342: 3505,1877,3571
2343: 1523
2344: 3777,3530,2497,639,4002
2345: 
2346: 4184,1659
2347: 1281,4435,2029
2348: 1470
2349: 3455,4107,2610
2350: 931,2303,4573
4559: 3230,723,2596,943
2352: 440,3272
2353: 4535,1288
2354: 679,1348,2191,1506
2355: 1650,4111,799,4613
2356: 
2357: 2293,1526,3016,1482
2358: 3595,4423,3279
2359: 2401,1104,1069,3746,702
2360: 2977,1611,2620
2361: 2640,3413,1526
2362: 501,1488,2481,4498
2363: 445,2727
2364: 2471,3832,838
4728: 111
2366: 1378,2968,4076,1422,2953,2391
2367: 1283
4351: 2117,1819,3543,4334
2369: 2321,1026
2370: 4663,2533,272
2371: 
2372: 2234,4552
2373: 2252,698,2930
2374: 4259,25,3505,497
2375: 1145,3938,654,3483
2376: 
2377: 
2378: 1052,1253,4697,1435,312
2379: 1696,4415,1224,3548
2380: 464,1261,1543
2381: 4113,3425
4423: 3454,1495,2358
2383: 485,842
2384: 1630,2077,4588,383,2171
2385: 4687,1639,3635
2386: 3257,554
2387: 2278,4133,3743
2388: 1481
2389: 3165,4783
2390: 
2391: 3988,3682,2953,2968,2366,4098,2250
2392: 3777,3530,2851,429,1019
2393: 101,628,4199,4680,1045
2394: 
4795: 548,2153
2396: 2720,2107,822
2397: 4311,1892,3739
2398: 538,1451
2399: 1609,921,258
2400: 1652
2401: 2359,3746,530,4329,2908
2402: 3744,2537,2554
2403: 3882,26,4369,3483
2404: 271,3828
4633: 2263,3802,4530,1167
2406: 2074,2087,2529
2407: 4684
2408: 4475,1395,1501
2409: 3621,3303,4291,4313
2410: 264,872,4756
2411: 3349,1479,740,1440
2412: 
2413: 1250,3275
2414: 
2415: 1255,2239,4341,3859,3264,3220
2416: 2608,2809,407,1256
4392: 3255,4465,2657,3705
2418: 700,3116
2419: 2167,1873,2456,4440,498
2420: 654,4369,2771
2421: 2481,2986,92
2422: 4006,3806,658,2089,4384
2423: 4602,3736,3798,1150
2424: 497,3001,2750
2425: 
2426: 1788,4028,4178
4452: 3326,4467,4460
2428: 
2429: 3509,4721,4666,1370
2430: 4804,2732,2776,4297,1687,3735,165
4522: 4501,3129
2432: 4508,2704
2433: 3261,3931,4419
4478: 
2435: 
2436: 3242,587,3705,1558
2437: 1530,3494,2737,3242
2438: 2933,3633,2244
2439: 165,2590,2776,4095,1329
2440: 4711,2273,2583,3074
2441: 4482,1930
2442: 1956,4821,4259,740,694
2443: 2037,2102,3512
4507: 804,4069
2445: 1182
2446: 2569,3742
2447: 1188
2448: 2268,1137
2449: 3720,3245,1805,3744
2450: 3996,333,3061,1935,961
4443: 3572,3274,4302
2452: 3463,4711,2910,2647,322
2453: 3767,80
2454: 1652,814
2455: 1226,1668
2456: 4440,2167,2419,2256
2457: 4047,2654,883
2458: 1505
2459: 3884,303,1028
4616: 4270,2133,1022,2298,3715
2461: 1671,1966
2462: 3157
2463: 1923
2464: 48,2094,4806
2465: 4772,3170,2649,2110
2466: 
2467: 4681
2468: 2897,589
2469: 1654
2470: 3371,2290,1002
2471: 2364,3750,3725
2472: 4702,3926
2473: 2875
2474: 1848,1006
4499: 3745,1968,1083,4600,4383
4399: 4149,1227,1677,933,417
2477: 1539,4551
2478: 303,1028,671,490,2826
2479: 1340,792
2480: 188,3771,956
2481: 2421,4498,2362
2482: 138
2483: 3577,4212,1738,752,3198
2484: 3468,4496,4712,4019,2804
2485: 507,2860,4278,3492,2068,4208
2486: 1078
2487: 1572,236,30
2488: 3449,3124,2974,1861,2966,668
2489: 
2490: 4808
2491: 
2492: 
2493: 33,3413,494,4618
2494: 1041,4407,3912
2495: 1227
2496: 4766,4494,4165,1524
2497: 3530,2344,3975,4002,3156,429
2498: 
2499: 
2500: 2038,551,143,4256,3150
2501: 1827,3345,4462,2609,3158
2502: 564,3115,257
2503: 1506,2035,143,679,1302,551
2504: 
2505: 1036,196
2506: 312,1959,1435,3019
2507: 
2508: 2865,110
2509: 410,2195
2510: 3609,3173,845,4589,610
2511: 2604,4079
2512: 2558,3929,4598,3546
2513: 3560,3466,4397,3418,1135
2514: 408
2515: 3852,2609,1390,3345
2516: 
2517: 2727
2518: 2863,4677,130
2519: 2260,1538
2520: 558,2568,3241,3163,561
2521: 1102,259,1427
2522: 4194,2605,4482,986
2523: 1517,1411,4445,541
2524: 
2525: 650,441
2526: 3618,503
2527: 814
2528: 922,4505,930
2529: 2406
2530: 2340,863,2145
2531: 4336,1124
2532: 283
2533: 4600,4663,4481,2370
2534: 1586,3257
2535: 4219,4542,1388,4252
2536: 
2537: 2402,2881,3892,949
2538: 631
4524: 1794,2206,2955
2540: 3436,3110,3476
2541: 4400,2550
2542: 4414,3812
2543: 419,4217,3302,3492
2544: 764,1971,3506
2545: 4030,1277,1945,4094
2546: 1300,253
2547: 540,1341,663,1194
2548: 4820,4001,3145,592
2549: 4135,2769,2101,4426
2550: 2541
2551: 3220,1653,408
2552: 1873,769,163,978
4436: 3075,3831
2554: 949,2226,2402,3563
2555: 1021,899
2556: 520,1248,44
2557: 4249,691
2558: 2512,281,3929,1764
2559: 3629,1976,3308,1378,4076
4476: 2044,3283,4494
2561: 1122,3014,853,4313
2562: 1354,1019,692,200,729
2563: 4618,300,1396
4328: 
2565: 1340,3937,1690
2566: 4051,1326,503
2567: 2634,201
2568: 558,2520,1659,2131
2569: 2446,1291
2570: 2865,3471,4010,3297
2571: 1216,4701
4467: 3326,4452
2573: 3779,2090,243,3343,2679,1928
2574: 334,2696,1999,3650
2575: 1197,2118
2576: 4080,763
2577: 1644
2578: 4456,3137,4767
4322: 4257,1893,3331,4405,924
2580: 1740,2859
2581: 3095,2872,2697,4028
2582: 4064,656,1674,2796
2583: 2861,140,2273,2440
4456: 2702,4363,2578
4482: 986,2441,2605,2522,4716
2586: 137,3921
4813: 1800,1274
2588: 
2589: 1799,2137,784
2590: 2439,165,1402
2591: 154,776,128
2592: 1612,3673,3070
2593: 4208,364,2319,1049
2594: 
2595: 3695,4427,1743
2596: 190,943,4659,3230,4559
2597: 3432,4218,4663,3700
2598: 3506
2599: 153,1134,4112,491
2600: 3550,511,1583
2601: 1945,4774,113,4030
2602: 
2603: 2247
2604: 2511,1662
2605: 4194,2522,4482,331,4716
4508: 2335,2742,2432,2704
2607: 1432,2813,1967
2608: 2416,2809,527,1256
2609: 4462,4333,3826,2501,2515
2610: 318,2847,2349,4785
2611: 4470,3983,3144
4460: 4233,4452
2613: 2619,3636,2250,3763,705
2614: 1633,1793,3298
4418: 4489
2616: 1189,3344
2617: 3097,695,2066,1926,2877
4388: 1205,1243,4587,3510,2961
2619: 2613,3763,3845,3964,1878,705
2620: 3761,898,2360,4200,1611
2621: 1010,3635,2008,2312,3453,1308
2622: 2972,1535,2988,394
2623: 3446,3604
2624: 2260,118
2625: 218
4648: 3183,4603,2972,4745
2627: 1040,673,2127,1218,1844
2628: 4240,4781,3537,202
2629: 3299,4332,1842
2630: 3037,3341,4750,3623
2631: 1956,75,4421,35
2632: 1659,3604,4333
2633: 125,611,1621,3316
2634: 2567
2635: 3069,3412,3930
2636: 3839,3314,4209,411,4637
2637: 1775,4809,1618,4540,730
2638: 4747,19,1530,1727,4670
4774: 2159,2601,1767
2640: 1020,2361,3413,1526,1396
2641: 4139,2682,3225
4390: 1062,688,1240,4805,1895
2643: 
2644: 2981,4083,1822
2645: 1132,2255,1291
2646: 830,3285
2647: 2910,4187,3272,569,2452
2648: 2193,2157,1814,988
2649: 2465,3170,209,1609,3898
2650: 2814,4421,668,3124,2974
2651: 
4470: 2611,3983,3653,987,2841
2653: 3493,1815,2008,1729
2654: 2457,883,4146
2655: 678,4628,3202
4708: 1095,4590,3524
2657: 3255,4392,3289,2737
2658: 1357,273,745
2659: 2258,1925,510,3639,860,2723
2660: 3044,4122,2175,390,2117
4746: 1079,2284,2337
2662: 4685,1152,385,1254
2663: 3015,3837,3207,3542
2664: 1501,4350,1060
2665: 999,171
2666: 2088
2667: 1963,1283,3192
2668: 516,736
2669: 579,2761
2670: 1919,4655,1493,2277,2990,586
2671: 585,4516
2672: 239,1856
2673: 4376,2951,1685,3234
2674: 3872,3313,2874
2675: 2778,3256,3053
2676: 3799,799,3860
4751: 973,1678,232,242,2325
2678: 669,475,1636,3626
2679: 1928,3222,2714,2573,3343
2680: 147,4068
2681: 749,1252
2682: 3225,219,4241,2641
2683: 1912,1484,1836,2047,1722
2684: 4756,3978,431
2685: 
2686: 4822,4785,318
4780: 910,4502,62
2688: 4678,4742,2146
2689: 
2690: 844
2691: 1176,4063,436
2692: 3597,992,2951,264,3234
4769: 2738,3646,737
2694: 3570,4204,2096
2695: 3545,4190
2696: 334,504,2574,4224
2697: 3878,2581,4028
2698: 2817,2773,4680,101,1780
2699: 1512,4057
2700: 158,3847
2701: 714,4641
2702: 4456,4758,4363
2703: 3076
2704: 881,2432,4508
4778: 1650,1166
2706: 2172,3415,4325,788,802
2707: 3663,818,742,1952,2878
2708: 
2709: 1431,4188,2089
2710: 1015
4281: 1580
4355: 1357,3394
2713: 
2714: 2679,1928,3108
2715: 4163,1819,917,2175,2117
2716: 4624,3642,1039
2717: 4017,2284,3335,3693
2718: 416,4491,3126,1672,4749
2719: 2308,4229,4674,2187,787
2720: 2396,4266
2721: 3394,3077,879,2097
2722: 1196,2967,1741,4209,2329,3816
2723: 4817,860,2659,1925
2724: 865,4627,3176,789,3290
2725: 356,482,2879
2726: 
2727: 2517,525,2363
2728: 8
2729: 3925,955,3903
2730: 1905,25
2731: 2904,3034,778
2732: 4804,3019,2430,4437,2776
2733: 
2734: 3200,891,789,4238
4435: 1281,2347,3386,3165
2736: 316,1262,4398
2737: 3289,2657,3242,2437
2738: 2756,4769,737
2739: 3036
2740: 
4787: 99,491,4551,4589,3609,1993
2742: 2335,4508,4315
2743: 23,2085
2744: 4149,1227,904,1016
2745: 39,4483
2746: 3188,3996,894,1918
2747: 
2748: 4784,3477,3063
4428: 1068,1445,2019
2750: 1861,668,2424,568
2751: 823,730,1618,3663
2752: 2993,1093,4189
4577: 510,1938,4085
2754: 1888,3758,1532,4451,4595,4101
2755: 3437,330,4736
2756: 2738,4533,4738
4579: 70,3216
2758: 1694,305,2130,4636
2759: 1869,4063,4583
2760: 2205,3231
2761: 3812,1559,2669
4441: 4037,1811,4818
4283: 4564,4170,2105,2993
2764: 3965,3416,4788
2765: 
2766: 1088,1735,2111,1973,4131
4546: 
2768: 3943,3851,3862
2769: 4591,2549,1534
2770: 1862,65,2995,1933
2771: 2301,2420,4369
2772: 1743,4083
2773: 18,4660,4680,2698
4485: 3556,3653,1030,235,987
2775: 4533,4146,1633,486
2776: 4437,4569,4095,2732,2430,2439,165
2777: 1349,3052
2778: 2675,3256
2779: 4657,4041,4450,3702
2780: 4568,3352,3843
2781: 3174,4525
2782: 4124,3753
2783: 1437,4519
2784: 1150,4067,1961,1155
4666: 4148,2010,3509,2429
2786: 2155,2174,432
2787: 652,3259,4490,18
4345: 792,186
4561: 2916
4498: 3081,2154,2481,2362
2791: 
2792: 1540
4765: 607,3815,2209,1920
2794: 3712,1642,1384
2795: 
2796: 1674,1689,656,2582
4588: 1299,2384,1630
2798: 2033
2799: 4114,3462
2800: 3573,341,1781,3473
2801: 
4631: 398,483
4338: 343,1921,3779
2804: 167,4496,2484,941,1795
2805: 3092
2806: 
2807: 4379,4597,4157,1197,2118,3814
2808: 2948
2809: 2416,2608,826
2810: 295,1953
2811: 4611,1117,515,2271
4291: 223,3621,2409
2813: 213,2607
2814: 2650,3124,4537,3056
2815: 651
4576: 3191,2952,1103,615,13,2853
2817: 2698,4438,1588
2818: 1241,3087
4275: 645,4422,629,831
2820: 3583,1284,1957,1215,3737,1503,1139
2821: 
2822: 23,4143,3560
2823: 1432,2072,766,428,1638
2824: 3308,1422
2825: 1441,1562,1985,4534
2826: 3665,3251,2478,490,4714
2827: 4786
4268: 4264,4336
2829: 4286,1910,4529
2830: 553,3375,368,963
2831: 1548,730,4540,453,1488
2832: 
2833: 3716,890,756
4369: 2420,3483,2403,2771,2301
2835: 4004
4739: 2015,3153,1086,4740,1770
2837: 634,2309,4361
2838: 1361,1700,2927
2839: 4526,3674,3508,3012,4773,1524
2840: 1050,2180,2943,45
2841: 3689,3653,4470,3983,987
2842: 3379,1049,1450
2843: 3864
2844: 4528
4701: 1646,1043,2571
2846: 
2847: 318,449,2610,4033
2848: 3162,3330
4463: 4214
2850: 4244,3941,813
2851: 1704,3777,2392,1354,289
2852: 1905,1686,161,694
2853: 3603,2885,68,615,4576,3191
2854: 3148
2855: 758
4758: 2886,646,3361,1070,2702
2857: 3881,1600,1198,99,491
2858: 1180,404,1909,3391,2168
2859: 2580,1076
2860: 2485,4278
2861: 717,2583,145
2862: 
2863: 2518,4677,2194
4711: 2440,3074,2910,322,2452
2865: 2570,4573,2508,1738
2866: 473,2931,4235,750
2867: 1107,2059,2978,2177
2868: 4201,1974,2116
2869: 3334,1653
2870: 
2871: 4197,916,1871,581,2275,13
2872: 3095,2581,939,1879
4784: 2748,3477,3063,4553
2874: 4073,2674
2875: 3354,2473
4563: 
2877: 2066,695,2617
2878: 227,2707,1598
2879: 482,2725,4520
2880: 3399,3312,756
2881: 1929,3892,3245,3307,2537
2882: 1258,3439,1044
2883: 309,3698,4420
4317: 4702,952,1097,3926,4105
2885: 2853,4394,68,3873
2886: 4758,646,134
2887: 4340,4109,3332,2158,762
2888: 3071,2080,3284,58
2889: 4486,1068,1455
2890: 3145,74,4001
2891: 2058
2892: 1179,4309,1541,3316
2893: 1039
2894: 
4726: 3930,49
2896: 4638,3282
2897: 2468,109
4581: 4606
2899: 
2900: 1823,2169,686,4793
4560: 474,4158
2902: 4264
2903: 3046,2200,3271,1559
2904: 2731
2905: 4543,4520,1863
2906: 4393
4440: 1522,2456,550,2419,2256,498,1079
2908: 4329,2401,1750,213,100
2909: 1537,2
2910: 4187,2647,4711,322,2452
2911: 2170,2984,1065,2944
2912: 3515,3637
2913: 1566
2914: 3502,3336
4814: 761,866
2916: 4561
2917: 441
2918: 4252,3786,3083
4284: 1359,391,3349,827,2326
2920: 2307,993,2006,4683
4272: 1180,404,2229,1165
2922: 1386
2923: 
2924: 
2925: 240
2926: 4274,4601,1095,285
2927: 773,557,1361,2838
2928: 221,1720,677,1346,3359
2929: 
2930: 2977,2373,1754
2931: 473,2866,2224
2932: 
2933: 2438,4644,3491
2934: 984,1084,86,3985
4434: 929,3525,444,1138,3617,3710
2936: 43
2937: 4800,3637
2938: 4786,3872,559
2939: 
2940: 1035
2941: 2168,3139,270,3267,404
2942: 4296,3170
2943: 2840,45
2944: 1423,2984,2911
2945: 4004,4501,805,401
2946: 3847,3864
2947: 2982,2149,1018,3815
2948: 4261,2808
2949: 227,3447,915
2950: 1837,4530,1167
2951: 2673,264,3234,2692
2952: 4576,1103
2953: 1422,2366,2250,2391
2954: 224,3023
2955: 3667,2206,246,3438,4524
2956: 3876,3390
2957: 4132,4694,4298,1846,690
2958: 4038,3755,188
2959: 198,3849,3347,4009,1211
2960: 3660,412,3244
2961: 3922,4388,1994,3510
4500: 
4555: 3593
4535: 1914,3065,2353,1661,1288
2965: 841,3711,4722
2966: 1861,1839,3449,2488,3803
2967: 2722,1196,3088,66,4209,2329
2968: 1378,2366,4076,4098,447,2391
2969: 263,1616,3807,4332,4803
2970: 1230,618,4094,1917
2971: 4781,1024,3521
2972: 2622,4603,4648,394
2973: 1129
2974: 3449,3124,2488,4421,1861,668,2650
2975: 807,1820
2976: 
2977: 2930,4610,1754,2360
2978: 3498,1107,2867
2979: 2198
2980: 4173,1634,3824
2981: 2644,1822,1293,1080
2982: 2149,2947,3815,1670
2983: 199,4529,3834
2984: 2911,2944,3361
2985: 3409,174,1141
2986: 92,2421
2987: 1955,1163,3675
2988: 2622,1535
2989: 896,3132
2990: 4339,586,2670,3066,4128
2991: 3103,3838,712,1920
2992: 
2993: 2752,4283,2105
2994: 
2995: 3497,2770,1862,958,4183,4518
2996: 1987,3686
4541: 277,998,2014
4747: 2638,19
4594: 
3000: 3441,1317
3001: 2424,1637,568,1896
3002: 457,4797,4064
3003: 777,1695,940,2119
3004: 834
4819: 
3006: 4800,2009,2335
3007: 
3008: 208
3009: 4651,4693,4223
3010: 1673
4771: 
3012: 4619,4165,2216,3508,2839,1524
3013: 4104
3014: 1122,2561,853,699,4741,4768
3015: 2663,2341
3016: 1482,111,722,2357
3017: 3035,1411,3125
4682: 3186,3107,502,765,1309
3019: 2732,1959,2506,4437
3020: 1904,4102,1316
3021: 4599
3022: 4403,80,1825
3023: 3741,224,2954
3024: 3461,680
3025: 3927
3026: 1936
4717: 4692,4374
3028: 813,4678
3029: 73,4008
3030: 
4246: 3808
3032: 4793,4311,686
3033: 
3034: 4012,2731
3035: 3017,1411,4445,1484
3036: 2739
3037: 3341,2630,3719
4761: 3206,4073,2328
3039: 
3040: 
4738: 4533,2756
3042: 380,427,1998
3043: 
3044: 2660,4122,390,1395
4302: 1505,2045,4443,3885
3046: 878,4225,2200,2903
3047: 167,4609,3879
3048: 258,3898,4772,1001
3049: 
3050: 3987,4296
3051: 1046,2306,1127
3052: 2777,560,3574
3053: 117,2045,2675,2020
4248: 1960
3055: 1959,1435,4271
3056: 3630,2814,3871
3057: 2336,3873,4312
3058: 920
3059: 
3060: 981
3061: 1935,1992,333,2450
3062: 3916,4425,635,1235,1
3063: 1270,4210,4784,2748
3064: 4788,1153,4129
3065: 1914,4535,2239,4341
3066: 2245,4339,2990,4128
4822: 4785,2686,1052
3068: 882,1555,4789,1293
3069: 1170,2635,4799,446
3070: 2592,4504
3071: 2888,1410,4665,1748,4116,3284
3072: 1543,2179,1692,266
3073: 674
3074: 4711,2440,1184
3075: 4436,376
3076: 3638,2703
3077: 2721,2097
3078: 3789,1400
4553: 3852,4784,3820
3080: 1939,3581,548
3081: 3458,4498,1958
3082: 3835
3083: 3786,2918,2004,3479
3084: 1005,1657,4703,1226,3700
3085: 4815,4737,1073
3086: 51,804
3087: 1860,939,865,3333,1241,2818
3088: 1952,785,913,1196,2967
3089: 
3090: 4816,3466,3418,3713
4462: 2609,3446,3158,2501
3092: 2805,512,806
4543: 1039,2905,1863
3094: 4523
3095: 877,2872,2581,2199
3096: 
3097: 695,2617,272,660
3098: 3613,665,4039,4034,873
3099: 
3100: 466,1005,1657
3101: 1514,175,1801,4675
3102: 3723,4161
3103: 3989,2991,3838,3477,1624
3104: 2142,4442
3105: 4048
3106: 808,1498,1564,1321
3107: 1515,1468,502,765,4682
3108: 2714
3109: 1181,4343,4071,3877
3110: 3499,3476,843,2540,3436,3737,1972
3111: 4429,1363,2285,3491
3112: 4554,1049,1312
3113: 3346
3114: 1578
3115: 2502
3116: 952,2418
3117: 1642,3997
4764: 3540,1946,450
4777: 2215,1212,660,422
3120: 3274,634
3121: 3939,2251
3122: 977,4245,2188,665,3903
3123: 3288,870
3124: 3449,2488,4537,2974,2650,2814
3125: 1678,3017
3126: 2718,4491,3473,4431,1672,1781
3127: 4519,2020,117,748,1121
4801: 3772,3464,1935
3129: 1681,3489,4522
3130: 3591,3546
3131: 3895
3132: 2989,212,3825
4396: 324,154,4632
3134: 256,4706
3135: 1751,150,1731,4318,2084
3136: 3478,155,1862,65,958
3137: 4767,679,2578
3138: 4323,2126,239
3139: 270,2941,404,1165,4562
3140: 3874,1282,4061
3141: 
4626: 911,739,3198,3577
3143: 1328
3144: 2611,3414,1898,1009
3145: 2890,4001,2548,4820
3146: 2106
4481: 4383,1245,4600,2533
3148: 1466,2854
3149: 282,904,1016,845,610
3150: 4031,4256,2038,2500,3342
4562: 2167,1008,1165,3139,270
3152: 4368,4737,830
3153: 4118,1086,2015,4739
4312: 3057
3155: 49,942,3534
3156: 1136,3290,1023,2497
3157: 4592,2462
3158: 3446,4462,2501
3159: 4730,129
3160: 3956,1680,3708
4287: 42,4177,3348
3162: 2848,1283,1298
3163: 3241,366,4409,2520
3164: 3850,2125,1272,3959
3165: 3386,4435,2389
3166: 4290,3912,1007,4582
3167: 1801,1054,1477,455
3168: 138
3169: 3982,4709,1249,1146
3170: 2465,2649,2110,1765,2942
3171: 639,55
3172: 4817,383,4754
3173: 2510,3609,1183,1441
3174: 2781,2180,4749
3175: 1726
3176: 317,789,2724,3290
3177: 3363,759,3602,4077
3178: 4536,493,1732,1604,4391,89
3179: 1420,1610
3180: 1404
3181: 3887,988,1855
3182: 3205,1971,796
3183: 4603,4648,4745
3184: 1025,2204
3185: 3972
3186: 4682,1309,3248
3187: 1628
3188: 2746,387,894,594
3189: 3397,3696,1213,2274,3293
3190: 353
3191: 4576,1103,3603,2853,4486
3192: 772,2667,1852,4565
4731: 1644
3194: 103
3195: 1218,4544,4144,2013,107,673,4005
3196: 136,342,3732,1101
3197: 3429,191,30
3198: 911,4626,752,2483,3577,0
4519: 3127,748,3973,2783
3200: 2734,891,4605
4304: 59,202
3202: 4536,493,2655,4628
3203: 3351,3617
4806: 3626,1757,2094,2464,3817,415
3205: 3182,1154,3330,796
3206: 1078,4761,277
3207: 3837,152,2663
3208: 
3209: 888,2021,363,4629
3210: 3470,1982,1995,33,4217
4348: 1773,1739,4354
4308: 3854,3370
3213: 3718,3271,919,3889
3214: 3428,2293,652,2120
3215: 1186
3216: 4579
3217: 2330,492,3411,3392,3607
4394: 3793,3873,2015,2885
3219: 
3220: 3264,2551,4141,3859,2415
3221: 3770,199,1975
3222: 2679,3942,323
3223: 
4335: 524
3225: 2682,4139,2641
3226: 1489,3904
3227: 857,3822,930,1119
3228: 1708
3229: 1930,895,3828,986
3230: 4559,2596,4659,1616
3231: 2760,1418,632
3232: 3689,3645,1076,875
3233: 1211,4640,4207,956,4023
3234: 1329,2673,2951,1685,2692
4789: 3902,4230,1802,882,3068
3236: 987,235
3237: 
4618: 2563,300,2493,494
3239: 542,32,30,4404,220
3240: 2251,495
3241: 366,3163,1659,2520
3242: 2436,587,2737,2437,3494
3243: 2025,1508,2225,896
3244: 2960,412
3245: 2449,3720,3307,2881
4323: 3138,3734,3297,1266
3247: 4417,1149
3248: 1309,1334,3186,252,1461
4289: 333,2305,2128,4727
3250: 442,664
3251: 3665,4439,2826,671
3252: 2212,3408,473,4235
3253: 1647,1629,417
3254: 
3255: 4465,4392,2657,854
3256: 1821,2778,2675
3257: 2386,1586,2534
3258: 803,562,3300
3259: 2787,4490,18,1588,1606
3260: 6
3261: 2433,4419
4529: 2983,199,1975,2829
3263: 195,4763,2095
3264: 3220,2415,4341,4469
3265: 4013,324
3266: 2039,4368,969,816
3267: 2168,270,2941,530,1069,3391,3746
4772: 2465,311,1001,3898,3048
3269: 3273,1510,352
3270: 4191
3271: 3718,2200,3213,919,2903
3272: 2647,2114,569,2352,440
3273: 1492,113,3269,352
3274: 3120,3572,4443
3275: 1250,2413,4206
3276: 
3277: 398
3278: 1723,719
3279: 2190,2358,343
3280: 1376,166,3923,1476
3281: 1290
3282: 2896
3283: 2044,4476,3468,1706
3284: 3608,58,4665,3071,2888
3285: 1982,1995,2646,4368
3286: 
3287: 4270,2133,677,1174
3288: 3123
3289: 2737,4474,2657
3290: 3156,3176,1023,865,2724
3291: 814,1709
3292: 4810,1398
3293: 3189
3294: 4637,166,3839,1074
3295: 448
3296: 2239,1316
3297: 4010,4323,2570
3298: 821,2614,2318
3299: 2629,135,1742,723
3300: 234,803,3258,1682
4573: 2865,2350
3302: 2039,570,2543,3492
3303: 2409,338,436
4798: 509,481,1735,2111
3305: 1294,323,219
4627: 865,3333,2724,3747,1520
3307: 3366,3245,2881,1929
3308: 2824,1558,587,2559
3309: 1217
3310: 1410,4665,3785,710
4757: 4148,3317,2010
3312: 2880,3399
3313: 3856,2674,653
3314: 66,2329,411,2636
3315: 1475,1106,177,289
3316: 301,1621,611,2892,1541,2633
3317: 118,2010,2247,4757
3318: 4026,4012
3319: 718,284,4775,2225
3320: 1130
3321: 1693
3322: 529,1528,57
3323: 584,1202,4044
4649: 3869
3325: 2208,3644
3326: 4452,4467,1664
3327: 
3328: 3405,4792,3756
3329: 45
3330: 2848,3205,796
3331: 4322,4405,14
3332: 2158,2887,623,762
3333: 865,4627,1520,1860,3087
3334: 2869,339,4671
3335: 975,3693,2181,2284,2717
3336: 448,1640,3502,2914
3337: 551,2137,1799
3338: 2157,854
3339: 3499,3476
3340: 
3341: 3037,2630,3377,349
3342: 3749,1152,3150
3343: 3942,2573,2679
3344: 1722,2616,2207
3345: 1827,2501,2515,3852
3346: 3113,185
3347: 2959,1211
3348: 4287,4177
3349: 1479,2411,2326,4284,391
3350: 793,3571,307
3351: 4647,3203,3617
3352: 2780,4568,238
3353: 914,4102
3354: 4169,2875
4270: 2133,3287,4616,2298,1174
3356: 2289
4371: 1276,1965,255,3882
3358: 1201,4243,2210,2049
3359: 221,2928,3766
3360: 2243,3811,4683,3971
3361: 76,2984,646,4758
3362: 
3363: 3177,759
4565: 873,1852,3192,420,772
3365: 4685,1030
3366: 3307,4413,3720
3367: 3439,3776,1258
3368: 1915,3486
3369: 4514
3370: 424,4308
3371: 2470,3532
3372: 1393,2113,4212
3373: 4570
3374: 950,1713
3375: 553,2830
3376: 
3377: 529,3341
4647: 3351,821,406
3379: 3485,3959,2842,1450
3380: 2054
3381: 1831
3382: 437,15,3950
3383: 
4674: 1727,2187,2719,2308
3385: 4515,3634
3386: 1725,3165,4435
3387: 2263,3934,414,854
4730: 3159
3389: 3448,3672
3390: 3876,2956
3391: 1909,2858,2168,3267
3392: 3217,3411,3607,2037
3393: 321,1838
3394: 2721,1473,4355
3395: 840,4128,1747
3396: 977,3741,4468,224,3919
3397: 3696,3189
3398: 4539
3399: 2880,3312,2050,1430
3400: 3672,981
3401: 3457,4236
3402: 1601
3403: 540
4659: 1606,4803,2596,190,3230,1616
3405: 3328,4024,1632,3756
3406: 4164,1224,95
3407: 1021,2238
3408: 2212,3252,871,2280
3409: 2985,1141,2116
3410: 837,4020
3411: 2330,3217,3392,2037
3412: 1948,3756,4799,2635
3413: 2361,2640,1599,2493
3414: 183,1898,3144
3415: 3719,4325,2706
3416: 3803,4788,2764
4286: 1910,4200,898,2829,3589
3418: 2513,3466,4397,3090,3713
4247: 
4617: 1269
3421: 2123
3422: 3426
3423: 3897,108
3424: 3973,3679,1773,555
3425: 2381
3426: 3557,3422,2083
3427: 
3428: 3214,424
3429: 3197,1454,1601
3430: 1125
3431: 
3432: 2597,4218,1042,4663,2310
3433: 1937
3434: 1906,1783,576,3923
3435: 4699
3436: 5,2540,3801,2080,1620,3110,3476
3437: 2755
3438: 3667,2955,1139,4734,157
3439: 3367,2059,1258,2882
3440: 571,3481
3441: 3000,1131,1317
3442: 
3443: 1991,1385,1259
3444: 
3445: 
3446: 2623,4462,3158
3447: 1715,671,2949,1028,915
3448: 995,3389,1452
3449: 3124,2488,4537,2974,2966,4150
3450: 
3451: 3771,4038,316
3452: 
3453: 2008,2621,1308
3454: 1495,2123,4423
3455: 4107,2349
3456: 2109,619
3457: 3401,852
3458: 3081,1958,1065
4549: 1348,2203
3460: 2203,3665
3461: 73,1502,1166,3024
3462: 1578,4114,2799
3463: 2452,322,92,3472
3464: 4801,3772,1935
3465: 1327,3603,4486
3466: 2513,3418,1135,3090
4509: 566
3468: 4496,2484,1706,4185,2044,3283,4019
3469: 
3470: 3210,1982
3471: 2570,4010,3619,3754,2303
3472: 453,2119,3463
3473: 4491,3126,1781,2800
3474: 3931
3475: 2000,1096,2155,1596,1680
3476: 3499,3110,3339,843,2540,3436
3477: 4784,2748,3103,1940,1624
3478: 3136,4629,958,4518
3479: 3619,3754,3083,1747
3480: 4567,4228,153
3481: 3440,3643
3482: 1169
3483: 654,4369,2375,3938,2403
3484: 1993,3766
3485: 3379,3959,1049
3486: 3368,96
4298: 4694,2957
4370: 
3489: 1681,3129,2186
4330: 31,4123,1617,1893,837
3491: 2285,3111,1772,2933
3492: 2485,507,4278,3302,2543
3493: 1903,169,2653
3494: 2437,1530,3242,3629
4630: 549,1979,537
3496: 319,2127,3962,1040
3497: 2995,4183,1933,1091,4451,4595
3498: 612,2978
3499: 3110,3476,3339,843,4048
3500: 4596,1445,857
3501: 4523,4253
3502: 2914,3336
3503: 1776,452
3504: 
3505: 2342,2374,25
3506: 1971,2544,2598
4515: 3634,3385,1233
3508: 1459,3674,2216,3012,2839
3509: 4721,2429,90,2064,4045,4666
3510: 4388,2961,513
3511: 
3512: 733,2443
3513: 1668,4218
3514: 3948,3650,1617
3515: 809,1875,2912
3516: 4477
3517: 1810,60,1109
3518: 3751
3519: 839,3639,3846,860
3520: 
3521: 944,4807,2971,122
3522: 4062,422,606,607
4689: 3703
3524: 4708
3525: 929,688,4434,1138,254,1087
3526: 1064,1261,1739,4354,2282
4457: 3855,3807,4002
3528: 330
3529: 
3530: 3777,2497,2344,2392,429
3531: 1534,2101,3559,1206
3532: 3371,4748
3533: 4106,4634,372,4213
3534: 4605,3155
3535: 
3536: 1624,4653,1940
3537: 4781,2628,778
4754: 3172,4473
3539: 4484,3
3540: 4764,4811,4425
3541: 834
3542: 2663,2341
3543: 726,1112,4334,3794,4351
3544: 3597
3545: 2695
3546: 3130,3591,4598,2512,3792
3547: 150,4103,1939
3548: 2379,4572
3549: 3953
3550: 2600,3727
3551: 4359
3552: 4227,325
3553: 1878,3964,2336,2275
4360: 4531,493,3582
3555: 961,894
3556: 4485,1030,269
3557: 2262,4091,1551,1697,3426
4496: 3468,2484,1706,941,2804
3559: 750,4235,3531,953
3560: 2513,4397,23,2822
3561: 
4426: 1206,2101,2549
3563: 4034,2554
3564: 4709,3727,1277
3565: 3589,3761,898
3566: 4267,159,2335
3567: 3874,1093,4061
3568: 743,3967
3569: 3774,1056
3570: 2694,960
3571: 3350,701,1877,2342
3572: 4443,3729,3274
3573: 2800
3574: 4552,3052
4437: 2776,4569,3019,2732
3576: 521
3577: 2483,484,4626,3198
4608: 4497,300,917,2069,1550
3579: 4572,1696
3580: 1219
3581: 1702,3080
3582: 1116,4531,3728,4360
3583: 2820,3801,1284,1957,3737,1972
3584: 4622,3987,519,1033,4768,1607
3585: 3656
4655: 1919,2670,4128
3587: 
3588: 4641
3589: 4429,3565,4286,4200,898
3590: 
3591: 3130,3546,3792,2041
4601: 2926,968,1095
3593: 4555
3594: 499
3595: 1495,2358
4718: 1370,674
3597: 2692,992,3544
3598: 
3599: 
3600: 67,1581,597,1798,4181
3601: 3934,4058,88
3602: 3177
3603: 2853,3191,3465
3604: 643,2632,2623,4333
3605: 3724
4781: 1024,2971,3537,2628,202
3607: 4580,3217,492,3392,921
3608: 3284,58,4665,710,1622
3609: 2510,3173,1183,4589,4787,1851
4497: 4608,4615,438,2069
4315: 1846,2742
4732: 543,2022,4820
3613: 2188,665,3098,4034
3614: 
4599: 3021,470
3616: 1955,119,1868
3617: 1745,3710,3351,3203,4434
3618: 2526,503,4526,3896
3619: 3754,3479,2303,3471
3620: 556
3621: 2409,223,4291,338,489
3622: 1000
3623: 4750,1448,57,529,2630
3624: 1728,3949,112,3847
3625: 260,7
3626: 1757,4806,2678,1499
3627: 176,2297
3628: 2002,1299,4804,4532
3629: 2559,1976,587,3494
3630: 3056,948,1513,500
3631: 
4667: 1884,3893
3633: 1108,2285,2438,2244
3634: 4515,1759,3385
3635: 2621,1010,2385,2312
3636: 2613,2250,1878,705,4578
3637: 4800,2912,2937
3638: 3076
3639: 3519,860,510,2659
3640: 1174,3766,4285,2241
3641: 578,2214,2219,4521
3642: 1232,2716,4624
3643: 3481,4612
3644: 2316,4134,3325,2208
3645: 4325,3689,3232
3646: 4769,737
3647: 1000,1402
3648: 4237
3649: 643,1880,4184,69
3650: 4224,3948,3514,2574
3651: 
3652: 3688,1519,3831
3653: 4485,1030,4470,987,2841
3654: 
4301: 4483
3656: 3585
3657: 38,1450,2098,1608
3658: 893,1640
4461: 1011,2176
3660: 2960,412,471,1708
3661: 2273,2109,4267,794
3662: 4466
3663: 818,2707,1618,742,2751
3664: 1081,3819,296
3665: 3251,2826,4714,2203,3460
3666: 810,4692
3667: 2955,3438,3888,1139,1769
3668: 
3669: 3674,144,732,399,3883
4518: 4183,1351,3478,958,2995
3671: 1513,795,1387,682,4130
3672: 3400,995,3389,2112
3673: 1056,2592
3674: 3669,3508,399,2839,4773
3675: 2987
3676: 368,4253
3677: 71,4003,1373
4526: 2839,4773,3896,3618
3679: 3973,1208,3424,1739
3680: 682,1387,1186
3681: 590,4733,1227,868,935
3682: 2391,2250
3683: 1561,4575,1391
3684: 4791,234
3685: 4161,4285,2241,1419
3686: 4352,2996
3687: 1303,69
3688: 2271,1519,3652
3689: 3232,2841,3983,3645
3690: 4313
3691: 1748,4116,357,1496,1864
3692: 2338,1509
3693: 975,3335,2181,541,2717,1517
3694: 2161
3695: 2595,762,4109,1287,4427
3696: 3397,3189,1379
3697: 4094,4055,1917
3698: 2883,4420,990
3699: 250,4454
3700: 4700,2597,3084,1657
4262: 555,1437,1984,1394
3702: 4450,2779,4657,793
3703: 4689
3704: 4586,155
3705: 4465,4392,414,2436
4788: 3416,3803,2764,3965,4150,1153,3064
3707: 361
3708: 406,3160,1096,836
3709: 89,292,3755
3710: 3617,2257,4434,444
3711: 2965
3712: 2114,1642,2794,440
3713: 3418,3090,1892
4285: 4125,4548,3640,3685
3715: 528,4616,2298,678,2070
3716: 2833,2176
3717: 
3718: 2200,3271,374,3213
3719: 3415,3037
3720: 2449,3245,1805,3366
4427: 123,1287,3695,2595
3722: 1067,4542,1752
3723: 3827,1864,3102
3724: 3605
3725: 978,1721,1981,2471
3726: 
3727: 3564,4709,3550
3728: 4531,4222,4623,1116,3582,365
3729: 3572,2045
3730: 
4465: 3255,4392,3705,414,854
3732: 342,3196,2242,1101
3733: 878,3988
3734: 506,4323,4623,1266
3735: 4297,1687,4804,2430
3736: 1038,4662,4602,2423
3737: 1215,1972,3110,2820,3583
3738: 306,261,1828
3739: 2202,2397,205,476
3740: 946,3770
3741: 3396,977,3023,224
3742: 2446,543
3743: 2387
3744: 2402,2449,791
3745: 4499,1491,1968,1789,1042,2310
3746: 1069,3267,530,2401,2359
3747: 4238,2121,1520,4627
3748: 
3749: 3342,4256,1296
3750: 1499,1981,2471
3751: 938,1756,3518,16
3752: 1797
3753: 4319,1453,2782
3754: 3619,3479,4010,2004,3471
3755: 956,3709,2958,89,188
3756: 1948,3412,3405,3328,4024,4799
3757: 833
3758: 1888,2754,1532,1351
3759: 2034,1608,360
3760: 360,4350,573,4258
3761: 2620,898,3565
3762: 2228
3763: 2619,2613,3845
3764: 24
3765: 1777
3766: 1174,3640,3484,3359
3767: 2142,2453
4727: 4318,284,2128,4289
4768: 475,1570,1636,3014,853,699,519,1033,4741,4583,4622,3987,3584,4713
3770: 3221,946,3740
3771: 2480,3451,4398,4710
3772: 4801,3464,3787,4182
3773: 2122
3774: 4614,1557,3569
3775: 4005,4544,4339,2048
3776: 343,3367
3777: 3530,2344,2392,639,2851
3778: 1489
3779: 2573,2090,4338,243
3780: 4180,561,466,1212
3781: 1284,1957,4455,2230
4749: 3174,1672,2180,416,2718
3783: 1901,1353
4678: 2688,3028
3785: 1410,3310,4488,4116,357
3786: 4252,2918,3083,2245
3787: 1433,701,1877,3772
3788: 4234,344,4643
3789: 3078,430
4742: 2688,1646,1767
3791: 
3792: 3591,3546,2041
3793: 4394,2015
3794: 101,628,1780,726,3543
4353: 4520,1930,895
3796: 1160,526,4016,1462
3797: 1428,997
3798: 1602,1392,4662,2423
3799: 799,2676,579
3800: 491
3801: 3583,3436,1620,1284
3802: 4633,4530,2157
3803: 3416,4788,2966
3804: 
3805: 4092,1692,1857
3806: 4006,2422,658,2089,1431
3807: 263,2969,4332,4457,3855
3808: 394,4246,4479,1855
3809: 1330,1121
4755: 
3811: 2243,4683,3360,4720,4607
3812: 2761,919,2542,4414,579
4489: 4418
3814: 2118,4379,2807
3815: 2982,2947,4765,2209
3816: 4209,2722,1741,469
3817: 415,1757,4806
3818: 4468,1099,4790
3819: 1081,1605,3664,19
3820: 4553,1737
3821: 2000,1096,1216,836
3822: 2229,3227,857,1180
3823: 
3824: 1314,4173,2980,345
3825: 2225,896,3132
3826: 2609,4333,2131
3827: 1864,3723,1748,727,670
3828: 271,2404,4091,3229,2083
4422: 645,4275,1807,1525,1323
3830: 4447,4377,769
3831: 3652,4436
3832: 1730,2364
3833: 640
3834: 2983,199,976
3835: 3082
3836: 1112,4334
3837: 3207,2663
3838: 3103,3989,2991
3839: 2636,1074,3294,4637
3840: 557
4644: 2933,4179,1238
4266: 2315,443,4314,2720
3843: 126,2780,4568,4347
3844: 846,3962,4571,4118,319
3845: 2619,3763
3846: 3519,839,1245,4444,907
3847: 158,2700,3624,2946
4431: 1781,3126
3849: 2959,1211,1841,4723
3850: 2125,3164,1272,1762,2069
3851: 1089,2768
3852: 2515,4553,1390,3345
3853: 4204,1269,613
3854: 1293,1080,722,4308
3855: 4457,3807,55
3856: 3872,4242,3313,653,4321
3857: 4250,706
3858: 849,283,4060,4694
3859: 4141,3220,2415,1255
3860: 799,2676,4613
4492: 984,1084,4709,1249
3862: 1481,3943,2768
3863: 389,516
3864: 2843,2946
3865: 
3866: 320
3867: 4677,2194
3868: 
3869: 442,1477,4649
4438: 2817,4803,263,1228
3871: 500,3056,2252
3872: 3856,4242,2674,2938,559
3873: 2336,68,3057,4394,2885
3874: 1282,3140,3567,4061
3875: 4078,297,2279,922
3876: 3390,2956
3877: 4071,3109
3878: 692,2697,729
3879: 4609,4106,3047,620
3880: 
3881: 2857,1198,2199,4140,221
3882: 2403,26,1965,4371
3883: 732,173,0,3669
3884: 2459,1297,1598
3885: 1204,2045,1505,4302
3886: 1034,459,4571,4118
3887: 3181,4479,988,2193,1814
3888: 1215,1139,1769,3667
3889: 4111,4414,2288,3213,919,1650
3890: 1335
4381: 1948,4792,10
3892: 2881,2537
3893: 4667
3894: 1101,136,2169,1823
3895: 3131
3896: 4773,4526,3618
3897: 3423,1312,108
3898: 258,3048,4772,2649,1609
3899: 1418,4036,723,1712,1742
3900: 4087
3901: 1875,1658
3902: 889,4230,4789,2159
3903: 2188,2729,4245,3122
3904: 3226,1489
4311: 2397,3032
3906: 2301,527,4050,1491,1789
3907: 4606
3908: 4344,378,1835
3909: 
4799: 4024,3756,3412,1170,3069
4632: 4396,2264
3912: 1007,3166,2494,4407
3913: 1889
3914: 
3915: 
3916: 3062,4425,4811
3917: 2012,1259,4646
4756: 2684,2410,992,431
3919: 224,3396,4468,4790,1209
3920: 
3921: 2586
3922: 1950,2961,2052
3923: 576,3434,3280
4604: 1810
3925: 2729,955
3926: 1097,4105,4702,4317,2472
3927: 3025,37
3928: 
3929: 281,2512,2558
3930: 4221,4726,2635
3931: 3474,2433
3932: 1683,2211
4455: 1319,1284,3781
3934: 3601,2263,3387
3935: 173,0,752
3936: 544,4274,3986,1373,1992
3937: 1833,2565,1690
3938: 1145,2375,278,3483
3939: 3121,2251,4704
3940: 864,354,1032,1896
3941: 2850,813
3942: 3343,3222,313,323
3943: 2768,3862
3944: 2331
4785: 4822,2686,318,2610
3946: 1934
3947: 883,1485
3948: 4224,3514,3650,2136,468
3949: 405,976,112,158,3624
3950: 15,3382,4119
3951: 1933,4337,58
3952: 
3953: 3549,1724
3954: 2227,1511,1682
3955: 255,1970,1276,965
3956: 1680,3160,4151
4261: 2948,1244,721
4796: 
3959: 3379,3485,3164,1272
4532: 4804,2002,3628
3961: 1317,39
3962: 846,3844,1060,3496
3963: 614,1383
3964: 2619,3553
3965: 2764,4788,1144
3966: 4488,1985,4534
3967: 743,3568
3968: 1412,1119,4280
4657: 2779,4041,3702,1433
3970: 
3971: 2103,1806,2243,3360
3972: 1167,3185,1641
3973: 1208,3679,3424,748,4519
3974: 12,4416,290
3975: 1023,4002,1842,2497
3976: 254,1895,1736,3977,1632,4725
3977: 1632,3976,1736,4725
3978: 2684,431,4136,1774
3979: 1906,469,4049,358,1783
3980: 2149
3981: 1838,31,1617
3982: 3169,1240,12
3983: 4470,2611,3689,2841
3984: 4167,196
3985: 86,4030,1277,2934,1084
3986: 4274,4651,4693,3936
3987: 4622,3584,4768,1607,3050,4580,4296
3988: 2391,4098,878,3733
3989: 3103,3838,4707,1624
4536: 3202,493,3178,1604,4628
4602: 4506,2423,3736,1150,4067
4324: 617,946
3993: 527,26,4705,2301
3994: 
3995: 666
3996: 2450,894,1918,2746
3997: 3117,2114,1642,569
3998: 172,481
3999: 
4000: 458,1349
4001: 74,3145,2890,592,2548
4002: 3975,4457,2497,2344
4003: 349,71,3677
4004: 1342,2945,2835,401
4005: 2100,1577,3195,4544,3775
4006: 2422,3806,504
4007: 637
4008: 979,1627,3029
4009: 198,2959,4343
4010: 2004,3754,3297,2570,3471
4716: 2605,4482
4012: 3034,3318,4026
4013: 1666,324,3265
4014: 
4296: 2942,3987,3050,4580
4016: 526,3796,1462
4017: 541,2717,242
4018: 29
4019: 2049,4243,4185,3468,2484
4020: 468,3410
4021: 
4022: 
4023: 1841,3233
4024: 3405,1632,4799,3756
4025: 
4026: 3318,4012
4622: 3987,3584,4713,4768,4580
4028: 2426,2697,2581
4029: 95
4030: 1277,2545,113,2601,1945,3985
4031: 385,3150,2038,4192
4398: 4710,2736,3771,1459,2216
4033: 318,2847,1190
4034: 3563,3613,3098
4035: 1125
4036: 1418,3899,290,402,943
4037: 4441,4154
4038: 2958,188,3451
4039: 397,873,3098
4040: 
4041: 2779,4657,474
4697: 2378,1253,1435
4350: 3760,4258,1501,2664
4044: 914,1202,3323,1573,1425
4045: 1100,2064,3509,4721
4336: 2531,4264,4268
4047: 2457,4669,1109
4048: 4337,3499,3105
4049: 2280,1741,358,590,3979
4050: 1042,3906,1491
4051: 2566
4052: 602,862
4053: 820,2065
4054: 1533,1530,4670
4055: 3697,1885,1917,511
4056: 
4057: 2699
4058: 532,88,3601,315
4059: 1443,4084,852
4060: 4132,4694,849,3858,2276
4061: 1093,3874,3140,3567
4062: 3522,422,606,4180
4063: 1869,2759,436,2691,48
4064: 656,1756,2582,3002
4065: 948,1479,280,1359,391
4066: 
4067: 1150,2784,4602
4068: 4124,2680,1399
4069: 4507
4745: 1219,3183,4648
4071: 3877,2056,3109
4072: 2035,143,4279,1494
4073: 4761,2874
4074: 375,1859,4698,4584,1970
4075: 4276,1835,1382,4121
4076: 1378,2968,2366,2559,1422
4077: 3177
4078: 3875,297,229,4280
4079: 1922,2511
4080: 2576,763,629,831
4081: 1269
4082: 
4083: 2644,2772
4084: 45,1050,4059,1443
4085: 85,4577
4086: 390,4334,1547
4087: 3900
4088: 909,700
4687: 2385,4364,480,938
4090: 1037,955,4770
4091: 2262,3557,271,3828,2083
4092: 3805,522
4093: 2019,22,4447
4094: 3697,2545,618,2970
4095: 2776,4569,1685,2439,1329
4096: 168,1268,1880
4097: 2138
4098: 2968,4282,447,3988,2391,878
4821: 2442,75,740,1440
4705: 826,1276,26,3993
4101: 4595,2754
4102: 3020,3353,1745
4103: 150,3547,2017,802,1939
4104: 3013
4105: 1097,3926,952,1911,4317
4106: 3533,547,620,3879
4107: 3455,4645,1041,2349
4108: 2270,880,4479
4109: 4340,559,2887,1287,3695,762
4415: 2379,1224
4111: 3889,4414,2355,1650,799
4112: 1879,2199,2599,1198
4113: 2381
4114: 2799,1131,1578,3462
4115: 
4116: 1748,357,3691,1410,3785,3071
4117: 
4118: 3153,4571,3886,3844
4119: 4310,3950
4120: 405,976,4429,1363
4121: 4075,1835,1382
4122: 2660,3044,708,573
4123: 4330,31,536,2061,1893
4124: 2782,4068,4779,1399
4125: 4285,1183,1851,4548
4670: 1727,820,2638,4054
4127: 
4128: 3395,2990,4655,3066
4129: 1038,4662,3064,1602
4130: 682,3671
4131: 356,1088,2766,713
4132: 4060,4694,2957,2276,4800,690
4133: 2278,2387
4134: 1405,2316,3644,2208
4135: 4591,2549,4238,2121,4567
4136: 1774,3978
4610: 771,1048,1754,2977
4138: 274,1242
4139: 2641,3225,2161
4140: 1346,877,3881,1029
4141: 408,1850,3859,3220
4142: 4180,1582,1270,1185
4143: 2018,4307,1643,4380,2822
4144: 2013,107,3195
4145: 
4146: 4533,2775,2654
4147: 4178,1752,1380,2100,1577
4148: 4757,4666,2268
4149: 2744,1227,4399,417
4150: 1560,3449,4537,4788,1153
4151: 1793,432,439,3956
4152: 1724
4748: 3532
4154: 4037,1634
4155: 432,439,801
4156: 
4157: 1197,2807,4597
4158: 544,4274,285,4560
4159: 
4160: 2093,2085
4161: 3685,3102,1419
4368: 3152,969,3285,3266
4163: 1819,2715,917,300,4199
4164: 3406,4177,1224
4165: 4619,1247,3012,2496,1524
4634: 2130,372,4213,4636,3533
4167: 3984,196
4168: 
4169: 1536,3354
4170: 4283,4189
4171: 
4810: 2204,3292,1587
4173: 4645,1634,2980,3824,345
4793: 3032,1854,686,2900
4357: 1660,1795,366,4409
4775: 4318,284,2084,3319,2225
4177: 4287,3348,4164
4178: 4147,1752,1380,2426
4179: 1772,4510,4644,1238
4180: 4142,3780,1212,4062
4181: 1402,3600,1581,4327
4182: 3772,1877
4183: 1351,4518,2995,3497,1532,4451
4184: 547,620,1880,2346,3649
4185: 2044,4243,4019,3468
4473: 4754
4187: 2910,2647,145,569
4188: 1733,2709
4189: 2752,4170
4190: 64,2695
4191: 3270
4192: 1352,774,160,1853,4031
4342: 
4194: 2605,2522,4231,331
4195: 1675,2145,4646
4196: 304,1419
4197: 2871,916,1871,489
4319: 3753,1453
4199: 628,2393,4163,1819
4200: 4286,1910,1611,2620,898,3589
4201: 214,2868
4202: 
4203: 2253
4204: 3853,1269,2143,2694
4472: 1942
4206: 3275
4207: 956,292,3233,4640
4208: 2593,2485,507,2068,4554
4209: 2329,3816,2722,2967,469,2636
4210: 1390,2131,1582,1270,3063
4735: 2248,2173
4212: 2483,3372
4213: 2130,4634,2062,3533
4214: 2156,4463
4215: 282,904,868,935,4625
4600: 4663,2310,2533,4499,4481,4383
4217: 2543,419,3210,1995
4218: 2597,3432,3513
4219: 2535,580
4220: 151
4221: 3930,750
4222: 4531,3728,1375,2070,506,4623
4223: 349,4651,3009
4224: 3948,3650,2696,2136
4225: 3046,878,4282,2200
4706: 691,741,260,3134
4227: 3552,348
4228: 1539,153,1134,1629,3480
4229: 2719,2029,1705,672
4230: 3902,889,4789,1230
4231: 1868,1321,4194,1126
4232: 410
4233: 1845,4460
4234: 3788,344
4235: 473,2866,3559,3252,953
4236: 2086,3401
4237: 3648,841
4238: 3747,2121,891,2734,4135,4591
4239: 190,511,1583
4240: 2628
4241: 2682,219
4242: 3856,3872,4340,559
4243: 2210,3358,4185,2049,4019
4244: 2850,4607