0: 1533,3153,2536,3392
4486: 3066,4670,1412
2: 1360,4307
3: 2554,4304
4548: 576,3646,1319,4005
5: 4455,2241,1888,2959
6: 
7: 2757
8: 850
9: 511,1240
4717: 4706
4739: 
12: 4401,813,1396
13: 4585,579,4015
4792: 2827,1837,1059,2824,2223,46,674
4186: 1150,1139
16: 663,1127,1998,2636
17: 748,2596,175
18: 3266,988,2431,4761
19: 3549,4053,1017
20: 3164,901,4538
4119: 4797
22: 3052,321,1999,1458,2029
23: 2634
24: 
25: 4233,2741,2067,2766
26: 3468,3715
27: 435,2909,3519
28: 3671,617
29: 
4523: 
3940: 2745,3064
32: 1055,4070,4489
33: 4334,438,2048,4258
34: 2313,2871
35: 718,4179
36: 4214,332,2804
37: 
38: 3417,2880,4015
4433: 1235,1409
40: 838,1008,4462,2915
41: 1903,1480,2848,538,1283
42: 1565
43: 
4461: 3620,3512,2669,1092
45: 3322,2735
46: 2223,4792,4762,3808,4642,2189
47: 1143
48: 3955,4170,270,709
49: 4198,2788,730,2794,4002,344
4628: 4553,1967,2377
51: 1439,4806,1291,3057
52: 3176,2495,877,1642
4319: 1476,1661,2967,4072
54: 4397,1166
55: 3492,4591,297
56: 
57: 4779
4561: 582
59: 1384,4066
60: 3542
61: 1369,2568,312
62: 2016
4622: 4512,2284,1533,2497,489
64: 2103,534,3387,2274
4128: 2715,3964,4038,4596
66: 1191,2374,3881
67: 1232,3991
4525: 3449,2184
69: 491,1961
70: 4482
71: 3327
72: 3901,1504,3747,1178
4651: 3342,4685,4646,2782,2043
4689: 
75: 2466
76: 
77: 1995,1496,123,3875,3156
4378: 1963,2449,1846
79: 1017,4453
80: 235,2758,1975
81: 1474,3849
4771: 4382
4354: 3599
84: 2105,3039,2884
4172: 4085
86: 2698,3412,1767,2246,1192
87: 696
88: 533,994,1590
89: 3351,511,4102,2230,891
90: 3970,3145,4699
91: 436,2123,917
92: 3915
93: 
94: 2815
95: 
96: 1187,3909,3684
97: 3753
98: 2654,1904,2861,4605,4151
99: 2100,2572,4238,3351,2140
100: 1515,2056,2888,1375,292
4037: 3806
102: 3251,2731
103: 4083,807,133
104: 2257
4733: 774,2857,2888,1375
106: 3867
107: 1016,4140,913,3155
4087: 
4491: 1935,2035,3409,457,2406
110: 2169
111: 1683,3855,2101,2547
112: 
113: 3210,193
114: 1271,2906,4669
115: 4749
116: 1026
4626: 2892,2607,3690,2419,4667,4796
4784: 2326,3562,4182,976
119: 
120: 4764,3320
121: 622,3929,4312
122: 392,3034
123: 1995,77,414,3875
4006: 1851,4765
125: 4330,1374,2638
126: 4011
127: 2686,2597,3358,3935
128: 1790
129: 841
130: 932
131: 3200,3941,338
132: 
133: 4745,3778,1897,103
134: 4207,4703,4231
135: 4215,3977,2826
136: 
137: 2534,4277
138: 949,868,2778
139: 
140: 
141: 598,2841,4775,1076
4314: 1260
143: 2630,551,2914
144: 1980,3488,4272
4702: 4752,1810
146: 
147: 1986,3388
148: 4763,2052,2746,4355,284
4576: 3910,4272,1441
150: 4750,1649,2206,1961,4180
151: 938,4090,4031
4072: 1958,1661,2967,4319,785
153: 2635
154: 1352
155: 3919,776,1352,1296
156: 3357,2908,975
157: 2670,2748
158: 4606
159: 
160: 2459,3209,1259
161: 1150,946,2038,4345,3834,3551
162: 1505
163: 1727,1570,1541
164: 4426
4270: 1289,2004,2403
166: 823,4434
4064: 1639,3377,1423
168: 3618,4476,3268
169: 
4593: 4602,4403,375
171: 1149,1597
4012: 3120,326
173: 3171,3484,4391
174: 3562,4794,3420
175: 1230,4305,17,2596
176: 
177: 933,3559
178: 
179: 
180: 1026,3915,2141
181: 4786,1554,1826
182: 2080,3677,2500
4477: 4169,2057,3175,792
184: 883,3720,3663
185: 
4732: 1092,1724,3184
187: 4365,1021
188: 1042,2002,2207
189: 3869,1952
190: 1914,2492,3526
191: 1025
192: 2145,3683
193: 113
194: 589,3947
4004: 4793,890
4521: 4777
197: 4348
198: 217,1974,878
199: 
4786: 181,3206,3222,1826,3788,2657,2458
4100: 859,252,1944,4274
202: 3661,2971,4807
203: 3063
204: 4131,4463
205: 3411,2610
206: 2491,233,3862,3837,397
207: 386
208: 2801
4767: 2606,746,3744,4413,4027,3510,1002,433,968
210: 1390,384,1469
211: 4095,3491
4373: 
213: 257,1970
214: 1461
215: 2688
3909: 1400,3320,96
217: 198,1974,1266,878,1168,536,4377
218: 4790,4273,3586
219: 4122,4058
220: 3324,1572,4793
221: 2990,3766,1174,3199,4147
3917: 1950,469,4134
4357: 4751,527,839,826,3262,1079,937,2330
4397: 54,4061,4313
225: 735,3557,4067
226: 1708,1967,982
227: 4800,949
4780: 1425,1692,1248
229: 1395,319,705
4441: 1774
231: 
232: 1369,1678,4818,1696,369
233: 206,3862
234: 2124
235: 80,3513
236: 523,756,1701
4520: 4473
4353: 
239: 3460
240: 
241: 3055,1757
242: 1760,4445,2677,1314
243: 
4330: 125,4532,2638
245: 464
3982: 2937,1192,4094,4805,4671,2695
247: 2600,952,3545,494
248: 1775,772,1931,2224
249: 1574,1489
4581: 3671,852,3030
251: 
252: 3702,3474,3951,1944,4100
253: 4432
254: 3370,3617,3074,1372
255: 4698,2664,3981
3957: 742,2547,1683
257: 213,1970,4754,3639
4039: 1695,3193,815,4413
259: 2965
260: 4189
261: 3738,2397,2539
4136: 2696,2709,1224,4257,3010,3520
263: 846,4633
4501: 4459,2903
4014: 815,1234
266: 
267: 413
268: 
4691: 1449,4536,1973,3746
270: 48
271: 912,4708,2566
272: 1578,3828,2805
273: 4250
274: 372,2149,2315,3106
4174: 517,2430,1970
276: 2417,640,1156
277: 4011,4340
278: 1511,1992,3422,606,2480,3097
279: 2742
280: 
3980: 2346,1470
282: 2115,3827,1647
4633: 263
284: 4801,4101,148,2746
285: 1115,1321,662
4470: 3430,4801,4101,3186
4377: 421,4384,217,1168
288: 
289: 904,4640,3102,2129
290: 2334,2699,2178,1822
291: 4239
292: 1375,100,2888
293: 2651
294: 3612,3065
295: 684
296: 4001,2448
297: 55,2941
298: 4647
4371: 1265,1684,3715,620
300: 2178,4678,1573
4813: 4348
302: 959,4701
303: 751
4150: 4811,3080,4232,2484
305: 580,3232,605
306: 1811,3560,1411,4672,980
307: 2758,3571,1649,1975,2130
308: 4680,2760,3811
4307: 1360,2,4555,1338
4608: 4246
311: 2505
312: 3125,2531,61
313: 2486,3332
4369: 1324,3391,2401,2037,2797,2420
315: 2543,569,1573
4306: 519,3338,3471,1999
4554: 3587
318: 2349
319: 4670,229,705
320: 3375
321: 3052,22,3584,854
322: 
323: 4728,3211,4635
324: 
325: 348,895
326: 4262,3120,4012,4362
327: 1707,2524
3904: 
4572: 4695
330: 1300,842
331: 
332: 36,838,1008,2919
4356: 2930
334: 1601
335: 
336: 2066,2725
337: 1297,1914,1485
338: 131
4657: 3589
340: 3367
341: 844
342: 1630
343: 1964,2978
344: 4002,49,730,2318
345: 2338,1996,3602,3445
4665: 2108,3102,2928,2817,2129
347: 1744,4677,1030,2031
348: 325,4777
349: 3922,894,2630,1991
350: 4412,2650,4811
351: 4453
352: 2246,1178,1688,2106,2937,1192
353: 2972
354: 4183,4727,2841
4595: 1939,3551,1536
356: 1899,1039,1304
357: 2411,2342
4210: 4804
359: 
4649: 3456,3298,1195,2114,4141,688
361: 
362: 400,1924,847
3993: 996,3569,3880
364: 3289,3448
365: 2442,3524,2672,456
366: 4003,4196,843,373
367: 3627,1148
368: 2828,676,3779
369: 1678,232,4818,4300
370: 
371: 736
372: 1367,443,274,2149
373: 4444,1752,366
374: 2082,3686
375: 2404,3803,1926,4593
376: 1279
377: 
4794: 2781,2450,174,2074,3420
379: 3673,2143,4126
4545: 1578,3828
381: 2262,858
382: 3864
383: 1052,4814,1617,4822
384: 795,3341,422,210,1469
385: 2886,2580
386: 207,1066,4764
387: 1532,3252
388: 
4718: 1953,1081,2685,1167,2830
390: 1836,4734,3484,1413
4019: 4041,1993
392: 3034,122
4339: 3310,3415,4455
394: 2147,1699
395: 1586
396: 1472,3790
397: 3837,869,206
398: 718,1239
399: 1289,3115,2327,1619
400: 362
401: 2847
402: 4005,3088,4769,4390,4534
3905: 1890,3593,523,3621
404: 2812,2496,1567
405: 
4381: 4188,3897
4113: 4404,4793
408: 1328,784,2292
409: 2095
4252: 1752,4196
411: 2421,1741,2339
412: 1792
413: 267
414: 1995,123
415: 4578,3109,1414
416: 
417: 4329,1119,1973
418: 
419: 4719,3379,4242
4382: 4771,3969,3633,2252
421: 4384,4377,1168,1090,1412
422: 2150,783,384,795
423: 
424: 2405,3343,2543
425: 3369,2088,3161,4789
426: 2381,756,2835
427: 3443,4046
428: 2597,4074,2508,3830
429: 1226,1189,2209
430: 3991
431: 911,2877,872
432: 2778,2132
433: 3209,1532,4767,2606,968
434: 1848,3502
435: 27,3519
436: 2714,581,1819,2123,91,1103
437: 558,4597,2989,1751
438: 33,4334,4803
439: 2573,1230,2543
4631: 
441: 2050
4656: 2589,3071,2510
443: 372,1367,4227
444: 905,3403,4094,3412,1767,4385,1793
445: 1689
446: 4479,3156,2347,692
447: 3292,1445
448: 2185
4103: 3849,1223,4041,1993
4465: 2490,2896,4079
451: 2351,2854,1141,3377
452: 4393,1894
4710: 1074,4147
454: 3576,3683
455: 
456: 2955,4118,4471,365,3524,774
457: 2914,4597,4491,3409
4493: 2640,4789,1437,4047,2158
459: 2646,939
460: 3163,3079,4505
4176: 2447,2742
462: 2452,2109
463: 1320,781,4220
464: 245,3187
465: 2335
466: 1789,3001,3618,3268
3922: 349,4256,3144,894
468: 3706,2858,1464,3471
469: 3917,3583,515
470: 3491
4231: 4703,4207,134,3395
472: 
473: 742
474: 3009,3691
4009: 4213,521
4056: 1246
477: 1477,3343,2665,3016
478: 1071,486,4805
4725: 1933,3136,2126,1862
4257: 3010,3520,4136
481: 3084,1872,1882
482: 583
4715: 
484: 1090,1503,3066,3844
485: 
486: 4443,478
487: 1477,1704,3016
488: 
489: 2497,1533,4622,2536
4425: 
491: 69,739,3297,4243
492: 2346,3419
4304: 881,3
494: 247,952,1386
495: 2157,1054,4730
3998: 
497: 1231,3969,3633
498: 4311,2793,916
499: 3943
4538: 536,699,3164,20
501: 
502: 3772
503: 1063,3284,3508
4457: 3290,2545,3102,904
505: 3764,2893
4602: 4593,3536,4403
507: 1763,4643,2737,3475
4290: 1615
509: 3228,2877,1873,872,4409
4227: 443
511: 4102,9,2230,1240,89
512: 
4544: 4078
514: 4145,3858
515: 3583,469,4775
516: 2948,3211,3352
517: 937,3780,4174
518: 4218,4821,2401,2797
519: 3312,3338,4306,1874
4288: 821
521: 2859,4213,4009
522: 2388,2912,3117,2625
523: 236,1701,3905
524: 3039
525: 3082,3749,827
526: 737
527: 4357,839,2686,3674,3393
528: 4705,2374,3524,4471
529: 2754,2961
4121: 1484,2245,936
3987: 2229,2456,4464
532: 4246
533: 88
534: 2103,64,841,3317
535: 2550
536: 699,4538,217,1266
537: 4269
538: 2848,41,1283,4206
539: 1379
3983: 2406,987,792,4284
4343: 2004,2279,4821
542: 2676,4747,1011
543: 
4484: 2778
4061: 4397,1407
3971: 3360,3121,998,1801
547: 3522,3632,3852
548: 1791,1385,1901
549: 1309,3023,4059,3192
4625: 1275,2512,1522
551: 2989,1991,143,2914,4597
4474: 3194
4563: 3166,3692,3411
4505: 3079,460,3163
555: 1960
556: 3512,2669,709,3048
557: 2389
558: 437,4597,1751
559: 
4394: 2098,3603
4580: 2186,3799,1540
4698: 921,255,978,3195,2664
563: 1491,3558
4724: 1822,2178,4678,1919
4456: 1406,3366,4787,656,3709
566: 2791,1565
567: 947,4349,3901
568: 3883,1507,3649
569: 315
570: 2714,708
571: 3459,2273
4026: 
573: 1100,2113,3886,604
4817: 
575: 1672
576: 4548,2495,584,586
577: 2816
578: 4032
579: 4585,13,922,3682
580: 1211,305
581: 2714,436,2123,4208
582: 4561
583: 482
584: 586,576,4005
585: 
586: 584,576,971
587: 3711
3986: 1215,948,3347
589: 194,3947
4783: 2834,2569,2838
591: 4774
592: 1854,916,1499
593: 
594: 831
595: 4321,3146
4766: 3438,1712,1583,4165
4648: 1294,2197
598: 141,2841,4775
599: 1108,3784,3536,2991,4496
3978: 1256,911
601: 2061,3817,4721,2200
602: 979,4069
603: 
604: 4591,573
605: 3232,305
606: 2480,1968,3097,278,4621
607: 1326,1392,2210
608: 
609: 1215,948,3820,2342
4331: 2530,4359,4797
611: 1464,3471,1999,3052
4795: 2985,2055,1050,1956
613: 
614: 1971
615: 4447,733,3732
616: 3062,4765,1925,4032,4189
617: 3990,28
618: 943,1558,942,4815
619: 2775
620: 2812,1265,4371,4481
621: 4267,3424,1149,4216
622: 121,4312,4449
623: 929,3161,3902
624: 964,3944,4184
625: 
626: 3597,4297,4814
627: 
628: 882,2197,2090
629: 1640
630: 1055,4489
631: 3840
4764: 2716,386,3992,120
633: 3230,4416,2175,3470,1113
634: 1233,3093
635: 3276,3743,1367,1768
4512: 2284,4622,4311
637: 2474
638: 2412,4681,3269
4591: 604,55
640: 2417,3851,276
641: 970
642: 
643: 4723
4109: 4423,2090,1764
4053: 19,1017
646: 2021,3888,1067,1864
647: 1214,2352
4245: 2316,4485
4390: 4534,3499,3088,402
650: 2288,2064
651: 1186,1787
652: 2861,1109,3617,3280,1372
4065: 3849,941
654: 2677,1428,3523
4242: 3379,4557,419
656: 4760,4456,4787,2306
657: 1077
4131: 1873,872,204
4187: 3833
4802: 3889,4392,2317,3304,4497,2649
4789: 1826,425,3369,4493,3809,1437,4148
662: 4812,1115,285,3446
663: 3476,16,2636,2854,3979
664: 1743,4711,4752
665: 1298,2594,2848
666: 3363
667: 1126,3961,1978,806
668: 3687,2012
669: 4268,3363
4082: 3516
671: 2931,4178
672: 1142
673: 2117,4263,1780,3714
674: 2189,4792
675: 1944,1479,4274
676: 4660,2828,368,1928
4169: 2057,2721,4477,3322,4801
678: 1762,3795,4640,4285
4778: 3303,1331,1777,786
4365: 187,1021,1363,1260
4414: 4278,3845
4322: 3762,3301,3091
683: 4261
684: 295
685: 3657,3499,4726,4209
686: 1634,1007,1700
4643: 507,2737
688: 3974,2114,4141,3456,4649
689: 4535,1658
690: 
691: 1374
692: 2659,3964,446
693: 2675,1151,4155
694: 2501,4791,3826,4224
695: 1583,956,4071,1060,1679,711
696: 87
4289: 4646,2782
698: 
699: 536,4538,3164,3682
700: 1274,4604
4776: 3094,3676,2988,1454,2255
702: 2359,3487
703: 
704: 2485,1559,2308,3494,2409,3255
705: 1180,319,3066,229
706: 4269
707: 3148,1506
708: 4571,4217,570
709: 48,4170,556
4052: 4699,3429,979,2719,4613
711: 1679,4165,1583,695
712: 3063,2977,2814
713: 1865,2740,1235
714: 2689
4667: 2419,2627,2110,1803,4626,4796
716: 3031
717: 1879
718: 4179,398,1239,35
719: 1766,2331,3707,3615
4809: 3663,2119,3539,873,784,2756,1156,3609,1328
721: 2006,2780
722: 2158
723: 3478,4161,3314
724: 
4502: 
4032: 578,3062,616
727: 843,1883
728: 3430,2044
729: 1974,878,2110
730: 49,4198,344
731: 2046
732: 3569,1617
733: 965,3732,4078,615
4155: 2675,693,1151
735: 225,2501,1910,1908
736: 4774,371
737: 526,1300
738: 3018,813,3956
739: 1507,3737,4243,491
740: 2244
4118: 2955,456,4471,3438
742: 3957,473
743: 1131
744: 3824,3084
745: 3453
746: 3318,3884,4767
747: 1598,1933,1528
748: 3856,3973,2596,17
749: 2499,2228
750: 3821,2949
751: 2750,303,1443,4556
752: 3685,4574,1191,3734
753: 996
754: 1303,3645
4134: 3917,1373
756: 426,1221,236
4122: 219,4217
758: 3920,3586,4790,3003
4418: 1782,4810
760: 994,3165,2448
761: 
762: 3413
763: 2653
764: 4439,1744,2264,1805
765: 3261
766: 1034,2562,2408,3339,962
4823: 3243,2198,3342,797,4685,4379,2312,2474,4517
768: 
4775: 3394,515,3649,141,598,2841,3061
770: 2982
771: 2435,3021
772: 4298,2911,248
4220: 2281,463
774: 4733,2955,456
775: 1950
776: 155,1461,2198,1296
777: 2695,4141,905,1206
778: 3720
779: 
780: 
781: 923,463,3651
4055: 3279,1020,1802,4557
783: 3216,4526,2520,422,795
784: 873,1156,4809,1328,408
785: 2744,1065,3051,1958,4072
786: 1147,4778,1331
787: 1569,4278
788: 2322
789: 3637,3611,4427
790: 1004,4819
791: 1205,1786,1741,2770
792: 4575,4284,3983,2057,4477
793: 2800
794: 1628,1087
795: 384,3852,3341,422,3216,783
796: 
797: 3342,4685,4714,4823
4141: 777,2114,4649,688,3974
3990: 617
800: 
801: 4424,3511,1255
4040: 
4364: 1790
804: 4552
805: 2409,2759
806: 667,2156,3234
807: 1281,103
808: 2816
4753: 3689
810: 
811: 2404,4791,2378
812: 
813: 738,1396,4401,12
814: 2451,3300
815: 3751,4039,4014
816: 1019,1949,1676
817: 2193,1216
4763: 148,2052,2746,4355,2356,2086,2811,1153,1833,2631
819: 
4808: 1771,1983,1976,3308,1964
821: 2440,4288
4772: 2678,3626,4820,2072,3696,1530,2676
823: 166,2164,2637,1618
824: 1147
825: 
826: 1079,1189,4357
827: 525,3261
828: 
829: 3482,1839
830: 3959
831: 594,2700
832: 2191,2280,1174
4616: 1943,4740,1062,3601
834: 4259,2720
835: 2649,3242
836: 2467,4202,2076,1429
837: 
838: 1008,40,332,2455,2919
839: 4751,527,4357,3393,2171,2330
4311: 2089,2858,498,4512,4309
841: 129,534
842: 2447,330,3634
843: 4003,366,1883,3882,727
844: 341
845: 2233,1157,1618
846: 263,1788
847: 362
848: 3968,2633
849: 2647,3903
850: 4341,8,4799
851: 2390,2657
852: 3030,4277,4581
4661: 
854: 2660,321
855: 4674,2058,4237
856: 
857: 4655,4197
858: 381
859: 4100,3012
4787: 1591,2582,1243,4758,1406,3366,4456,656,4760,2306
861: 2502,3376
4726: 3657,685,4102
4647: 4362,2467,298
864: 2373,3989,4798
865: 3870,3646,3855
866: 1882,4506
867: 4321
868: 949,138,2009
869: 3837,397,2554
870: 
871: 1341,2635,3768
872: 4131,1873,509,431
873: 784,2756,1156,3539,4809
4529: 3555
875: 3111,3100,2441,4051
876: 2557,2976,1363
877: 3176,52,1642
878: 198,217,1974,1168,729
879: 1423,1898,1243,4388
4267: 621,2251,1149
881: 4304,3207,4192
882: 1417,2197,628,3711,2090,1764
883: 184
4345: 1443,2038,2326,161
885: 1774
886: 1566
887: 1044,2177,1802,3496
888: 3148,4611,3071,1448
4728: 3211,323,3367
890: 4793,1593,3692,4004
891: 3339,962,2230,3351,2140,89
4073: 1274
893: 1640,3719
894: 2864,349,3922,4256,1991
895: 325
896: 2071
897: 2394,2611
898: 
899: 2156,3992,1126
4555: 1338,4307
901: 3878,3164,1878,20
4262: 1408,3120,326
4473: 4520
904: 289,4640,4457,1985
905: 444,3403,4094,777,1206
4480: 
4781: 3895,3598
908: 1998,3071,2510
909: 1102
910: 
911: 431,1256,3978
912: 4708,271
913: 3155,1952,4140,1891,107
914: 4738
915: 2770,2339,1661,2369,2795
916: 1854,592,2968,2284,498
917: 3929,3214,2123,91
918: 2332,4448
919: 2135,1422
920: 3023
921: 4698,2181,2908,975,3981
922: 4585,579,1974,1266
923: 781,3651
924: 2822,3170,2136
925: 2031,3960,2863,4677,2517
926: 2947,2809
927: 2401,2823,4821
4427: 789,3611,3018
929: 623,3161,4294
930: 2715,3488,1722,2127
3967: 3416
932: 130
933: 177,3225,3313,3941
934: 1003,4142
935: 4391,1836,3881,4112
936: 4121
937: 517,3262,4357,2330
938: 151
939: 4686,459,2646
940: 2992,2203
941: 2533,4065,3582
942: 2851,618,4815
943: 1277,618,1558,1307,1844,4815
944: 
4650: 1913
946: 1050,1956,2038,3834,161
947: 567,2643,4349
948: 609,1215,3986
949: 868,138,227,4800
950: 1396
4143: 2169,1116,1635,2399,1859
952: 1486,247,494
4720: 1020,1044
954: 3530,1064,1806
955: 1544,4273
956: 2062,695,3191,4071
957: 4611,2518
958: 3227,2535,3962
959: 302,999
960: 
961: 4472,2376,1669
962: 891,3339,1034,766
963: 1137,2785
964: 624,4526,4184,2520,2012
965: 733,3732,4078
966: 1111,4177
967: 1335
968: 4090,4767,3510,433,1532
4679: 4083,1219,3024
970: 641
971: 2878,586
972: 4822,3764,2893
973: 2531,1724,3716
974: 3846,2167,2279
975: 2181,2908,156,921
976: 4182,3473,1139,2326,4784
977: 3119
978: 3908,3195,4698
979: 3489,602,2719,4613,4052
980: 4672,3953,2661,2065,306
981: 
982: 4539,226
983: 2296,1711,1543
984: 
985: 
986: 1709,2997,4292
987: 2406,3983,3245
988: 3266,18,2431,3302
989: 1161,1095,2857
990: 1843,2752,1502,4160
991: 1285,1578
992: 997
993: 998,2844
994: 760,3165,88
995: 2548,2060
996: 3993,753,3880
997: 992,4173,2348
998: 993,3810,3121,3971
999: 4230,3902,959
1000: 2219
4317: 2011
1002: 4027,3510,2385,4767
1003: 934,1969,3659
1004: 790,4819,1105
1005: 1735,2049,3647
1006: 4042,2863
1007: 1634,686
1008: 838,4462,40,332,3468
3970: 90,4699,2489
1010: 2615,2028,2958,2702,4363,1065
1011: 1594,1951,2176,542,3575
1012: 1794,4003
1013: 2469
1014: 2472,2666,1764
1015: 1614
1016: 107,1870,2108,3374
1017: 79,19,3549,4053
1018: 
1019: 816,3972,1949,3769,2521
1020: 4720,4055,1802
1021: 187,4365,1363
1022: 1145,1405,1613,4323
1023: 3607,2392,4796,2024
4093: 3610,3693,2570
1025: 3008,191
1026: 180,116
1027: 
1028: 2491
4392: 2317,3887,3304,4802
1030: 4677,347,1986,1848
1031: 2455,2919,2272,4074
1032: 1706,4682,3508
1033: 4816
1034: 2562,766,3975,962
1035: 1473
1036: 2050
1037: 3168,3122
4785: 2222
1039: 1304,356
1040: 3746
1041: 2023
1042: 188,4697,4619
4215: 1376,1157,135
1044: 4720,1802,887
4393: 452,1894
1046: 2615,2028,2121
1047: 1468,1433
4439: 764
4527: 
1050: 946,1956,4795,2038
4351: 2213,4226,4135,2872
1052: 383,3832,4814
1053: 3741,3801
1054: 4730,2808,495
1055: 32,2505,630,4489
4051: 875,3111,1313
4748: 3330
4181: 
1059: 4792
1060: 4071,4375,2526,695
1061: 
1062: 1575,3328,4740,2850,4616,1943
1063: 503,2426,1474
1064: 3530,954,3794,1086,1293,3829
1065: 2744,785,4363,1010,2028
1066: 3070,2590,386
1067: 646
4596: 3138,3964,4128,4329
4481: 2256,620
1070: 3511,1288
1071: 478,2783
1072: 1727,2761,4111,4658,1541
4313: 4397,4407
1074: 4710,4455,2241
1075: 
1076: 2961,141,2841,1751
1077: 657
1078: 3988
1079: 826,3262,2209,1189,4357
1080: 1575,3328
1081: 4718,1953,2830
1082: 1110,1969,1231
1083: 2488,4503,3422,2480,3097
3973: 748,1743,3976
1085: 
1086: 1293,1793,3829,1064,2146
1087: 1628,794
4566: 
1089: 3459,3440
1090: 1503,484,1412,421
1091: 1373,4211,2553
1092: 4732,3512,4085,3184,4461
4334: 33,438,2048,4803,1819,1103
1094: 3589,1444
1095: 2857,4542,989
1096: 4513,3515,4315
1097: 1467
1098: 1332
4705: 3881,528,4112
1100: 3959,2113,573,3886,1550
4489: 1631,630,32,1055
1102: 3498,909,4244
1103: 1819,436,4334,2048,3587
1104: 3546,4490
1105: 2876,1004,4819
1106: 1471,1742
1107: 
1108: 599,3784,3536,4562,1270
1109: 652,2861,2749,3280,4605
1110: 1082,1969
1111: 966,2349
4112: 3191,935,4705
1113: 2175,3559,1575,633,1943
4562: 1270,4773,1108,3784
1115: 285,1321,1954,662
1116: 2169,4143,2399
1117: 3835
4068: 2565
1119: 417,4329,3138,1395
1120: 2697,1844
4114: 2142
1122: 2917,2835,1701,1584
4041: 1975,4103,4019
1124: 1654
1125: 4472
1126: 667,3961,2809,899
1127: 16,4488
1128: 
1129: 4347,3159,3085
1130: 
1131: 743
1132: 
1133: 2994,3398
1134: 1376,1205
1135: 3588
1136: 4135
1137: 963
4340: 277
1139: 976,3473,4186
1140: 1576,1778
1141: 2351,2854,451,2636,2170
1142: 672
1143: 3008,1415,47
1144: 
1145: 1022,1637,1405,3233
1146: 2277,3708,2760,2788
1147: 786,824
1148: 3627,367,1605
1149: 171,3424,4267,621
1150: 161,4186,3834,3551
1151: 693,4155
4182: 976,3473,4784
1153: 2086,2811,4763
4416: 3230,633,3792,3470
4329: 417,1119,4596
1156: 873,784,2756,4809,276
1157: 1376,4215,2329,845
1158: 
1159: 3197
1160: 1222
1161: 989,1284
1162: 1270,4754
1163: 
1164: 2521,1241,4139
4504: 4173,1828
1166: 2029,54
1167: 2612,2830,2685,4718
1168: 217,878,421,4377
1169: 1754,1877
1170: 2205,2155,3856,2588
1171: 3229
4811: 350,4412,4150,3080
1173: 3187
1174: 832,2191,3199,221,3766
1175: 2724,1842
4575: 792,2868,4284
1177: 
1178: 352,2246,1688,72,3939,3747
1179: 4069,1937,2999
1180: 705,4263,3066
1181: 1637,2225,1957,1840,1556
1182: 1190,3196,4746
4686: 939,2646,3480,4479
4179: 718,35
1185: 2736,1794,1972
1186: 651
1187: 96,3320
4730: 1054,2808,4757,495
1189: 2102,429,826,1079,2209
1190: 3196,1609,4386,1182
1191: 3734,752,66,2374
1192: 2937,3982,352,86,1767,4094
4511: 
1194: 
1195: 2114,4805,3298,4649
1196: 3440
1197: 4201,3263,4333
1198: 3708,3405,3869
1199: 1696
4429: 3427
4278: 787,1569,4079,3845,4414
1202: 2254,1225
1203: 
4793: 890,1593,4404,3593,4113,4004,220,1572
1205: 791,3977,1134
1206: 2753,905,3403,777
4624: 1617,4822
1208: 4533,3238
4250: 273,3126,1561
1210: 1320
1211: 4518,580
3946: 2921,1811
1213: 1654,3237
1214: 4770,647,3075
1215: 609,3986,948,4183,3347
1216: 817
1217: 
1218: 2111,1470,1735,3557,2049
1219: 3509,2687,1928,4679,4083
1220: 4292,3234
1221: 756
1222: 2532,1160
1223: 4103
1224: 1517,4136,2709,3010
1225: 1202,2254,3190,3108
1226: 2102,2455,429
4810: 2998,4418,3376,3724,2220
1228: 3939,2295,2698
1229: 3899
1230: 4305,175,439
1231: 497,1082
1232: 67
1233: 634
1234: 4014
1235: 4433,1409,713,2445
4495: 
1237: 1508,3077
1238: 
1239: 718,398
1240: 2230,1677,511,9
1241: 1164,2521,4139,4803,3763,3769
1242: 3327
1243: 1816,2582,1423,879,4787,1591
1244: 2259,1368
1245: 4260
1246: 1430,4056
4259: 834
1248: 1692,4780
4446: 
1250: 4731,1463
1251: 3473,3527
1252: 2925
1253: 3812,2909,4123,1757
1254: 2580,1702
1255: 801
1256: 3978,911
1257: 3725,3621,1593
1258: 4541,3819
1259: 3252,160,4157
1260: 4314,4365
1261: 2146,1451,3829
1262: 1684,2915,2256
1263: 3965
1264: 2321
1265: 1465,4371,620
1266: 217,1974,536,922
1267: 1989,3956,3018
1268: 1551,1326
1269: 
1270: 1162,4562,1108
1271: 114,2663,2179
3955: 48,4170,3201,4623
1273: 4017
1274: 700,4073
1275: 2512,3156,2347,1522,4625
1276: 3578
1277: 943,1558,2334,1307
4308: 2629,3068,4149
1279: 376,1726
1280: 
1281: 3779,807
1282: 4403,4600
1283: 3631,41,538
1284: 3314,3415,1161
1285: 991
1286: 
4188: 4381,4135,2872,1475
1288: 1736,1070,3821
1289: 4270,399,2528,1619,2004
1290: 2116,2680,2299
1291: 3057,1342,51
1292: 
1293: 1086,4385,1514,1064,3794
1294: 4648,4729,2772,2882
1295: 3447,2949,3833,3821
1296: 2198,155,776,1391
1297: 1746,337,1914
1298: 665,2729,2594
1299: 3096,1652,2324
1300: 330,3805,737
1301: 4431
1302: 3704,3137,3040,3537,3481
1303: 2631,3630,3645,754
1304: 1552,1039,1899,356
4328: 3425,3433
1306: 3739
1307: 2334,2133,943,1277
4411: 
1309: 549,2071
1310: 2072,2903
4436: 
1312: 4352,2612,2490
1313: 1404,4051,3111
1314: 242,2677,2483
1315: 2831,2385
1316: 1958,3051
1317: 2139,1798
1318: 3509,2069
1319: 4769,4548,3870,3646,1341
1320: 463,1210
1321: 1115,285
4238: 3351,2280,99,2100
1323: 3275
1324: 4369,3391,2823,2664,2037
1325: 2245,4663,2792
1326: 607,2368,1268,1392
1327: 3217
1328: 408,4809,784,3609
1329: 2375
4209: 3499,685,1622
1331: 2838,4778,786
1332: 1098
1333: 
1334: 2779
1335: 967
4404: 3593,4793,4113
1337: 1716,1456
1338: 4555,4307
3929: 917,121,4312
4171: 1814
1341: 871,1319,4769,3768
1342: 1291,2678,4820
4672: 1411,3953,980,306,3560
1344: 3365,3502,1698
1345: 1387
4036: 
1347: 
1348: 3207,3122
1349: 
4558: 4185,4409
1351: 3493,3592,3366
1352: 154,3005,3919,155
1353: 2182,2894,1929
4011: 126,277
1355: 3638
1356: 
1357: 
3974: 688,2353,4141,3253,1948
4254: 4584,1590
1360: 4307,2
4335: 
1362: 4814,1389,2732,4822
1363: 876,4365,1021
1364: 
4269: 706,2575,537,2662
4571: 708,4217
1367: 372,443,635,3276
1368: 2103,3387,1244
1369: 1678,232,61
1370: 1902
4294: 929
1372: 3447,3280,3074,254,652
1373: 1091,4134,2137
1374: 3455,4768,125,691
1375: 292,4733,100,2888
1376: 4215,1134,1157,2329
4463: 204,2414
1378: 3934,2642,3214
1379: 539,2042,3664
3958: 2385,4498
4070: 3324,1572,2505,32
1382: 1607,3799,1981
1383: 4668,4213,3251
1384: 4066,59,3182
1385: 548,4421,3205
1386: 1676,494,3972
1387: 1345
1388: 3897,4063,3959
1389: 3912,2692,2732,1362,4814
1390: 210,3218
1391: 1410,1296,3260,3243
1392: 3178,607,1326,2368
4644: 3178,4600
1394: 4389,4752
1395: 229,3138,1119
1396: 813,950,12
1397: 3232,3009,4682
1398: 3226
4403: 1282,1498,4593,4602
1400: 3909
1401: 4614
4272: 3488,3722,3910,4576,144
4129: 3505
1404: 1754,1313,2566
1405: 3233,2926,1145,1022
1406: 3366,4456,4787
1407: 4160,3584,4061
1408: 4262,2079,3250
1409: 1235,4433,2445
1410: 1391,3260
1411: 4672,2513,306,3560
1412: 1090,421,4486
1413: 1980,3484,1722,390
1414: 2892,415,3109
1415: 3008,1143
1416: 
1417: 882,2197,3711
1418: 1879,1742,3855
1419: 3723,1841,1432,4444
3947: 194,589
1421: 2619,2446
1422: 919
1423: 879,4064,3377,1898,1243
1424: 4000
1425: 4780
1426: 
1427: 
1428: 1809,654,2375
1429: 4362,2467,836
1430: 1246
1431: 4276,2456,1941
1432: 1679,1841,3873,1419,4444
1433: 4687,1047,1468
1434: 4688
1435: 
1436: 1950,3002,1539
1437: 4789,4493,2158
1438: 2725,3523,1809
1439: 51
4708: 1469,912,2566,3341,271
1441: 2572,4576
1442: 
1443: 4556,2038,4345,2750,2326,751
1444: 2252,1094
1445: 447,3878,3682
4749: 115
4243: 3297,3737,739,491
1448: 2170,3071,888,3148
1449: 4691,4536,2127
4711: 4752,664
1451: 1261,2753,3408
4074: 428,2597,3358,3830,2455,1031
4615: 3928
1454: 3431,2988,4776,3094
1455: 4170
1456: 1337
4185: 4558,2171
1458: 3035,22,2029
4599: 
4685: 3342,797,4651,4823,4379,4517
1461: 776,214
1462: 3783
1463: 1544,3396,1250
1464: 611,3471,468
1465: 1265,2496
1466: 2565
1467: 4704,1097
1468: 1047,1433
1469: 4708,210,384,3341
1470: 2111,1218,1735,3980
1471: 1106,1742
1472: 396,4271
1473: 1035,2796
1474: 2426,1063,81
1475: 4188,2872,3271
1476: 4319,4363,1488,2702,3710,2967
1477: 477,1704,487
1478: 
1479: 2758,3571,675
1480: 41,1903
4428: 4816,2003,2372
1482: 2651
1483: 1512,1711
1484: 3350,4121
1485: 3006,337
1486: 952,3044,3065
1487: 
1488: 4434,2826,1476
1489: 1574,249
1490: 
1491: 563
1492: 1796,2944
1493: 2068,4815,4567,3727,2558,3760
1494: 
4138: 2403,2350,2889
1496: 77,3836,2941
1497: 1920
1498: 4403,3948,4600
1499: 2712,2996,1854,592
1500: 
4674: 855,3305
1502: 4160,2752,990,3725,3692,3166
1503: 1090,484,3844
1504: 72,3747,4443
1505: 162
1506: 1639,707,3202
1507: 3737,2137,739,568
1508: 3707,1237,3615
4723: 643
4277: 2534,137,852
1511: 278,1992,2812,3422
1512: 1483,1711,3072
4165: 1679,711,1841,4766,1583,2820
1514: 4255,2155,1293,3794
1515: 100,2056
1516: 1622,3136
1517: 1224
4568: 
1519: 3862,2239,3837
3981: 921,255,2181
1521: 4001
1522: 3138,2347,1275,4625
4443: 3747,486,1504,1688
4080: 4124
1525: 4630,2735,3175,3322
1526: 3190,2357,3525,3108
1527: 
1528: 3667,2199,4587,747
1529: 4054,4745
1530: 3696,3626,4772,2072
1531: 
1532: 3209,433,387,4090,968
1533: 0,2284,4622,489
4421: 1385
4820: 2516,1342,2333,4772,2678,2381,4583
1536: 3527,4595,1939,4084
1537: 
1538: 
1539: 2500,4388,1436
1540: 2275,4580
1541: 4658,1072,163,2938
4518: 1211,3785
1543: 983
1544: 3396,955,2182,1463
1545: 3064,2210,3158,2962
4510: 2815
3928: 4615
1548: 2239
1549: 
1550: 4063,1100,3886,1995
1551: 3111,1268
1552: 1304
4132: 1785
1554: 2248,3206,181
4224: 3826,694,2373
1556: 3002,1181,1637
4475: 
1558: 943,1277,618,1919
1559: 2485,704,2308,2712,2996,2883
1560: 
1561: 3126,4250
1562: 4450,1732,3775,4375,2526
1563: 4508,2233
1564: 
1565: 42,566
1566: 886
1567: 4207,404,1992
1568: 
1569: 787,4278,3036
1570: 163,2613,1770
4503: 3422,3097,1083
1572: 4070,220,4793,2505
1573: 300,315
1574: 1489,249
1575: 1062,3328,1080,3230,1113
1576: 1140,4054
4184: 2520,3513,964,624
1578: 272,4545,991
1579: 4432
1580: 
4543: 2096
1582: 
1583: 2062,695,1712,4766,711,4165
1584: 1122,2917,1701
1585: 
1586: 395,2735
4449: 622
4323: 3188,1022
1589: 
1590: 4254,88
1591: 4787,2582,1243
1592: 
1593: 4793,890,3621,3593,1257
1594: 1011,1951,1843
4189: 260,616,1925
1596: 
1597: 171,2643
1598: 3827,1933,2478,747
1599: 4546
4476: 168,3618,1968
1601: 3465,334
1602: 1664,3224,3798,3906,3659
1603: 4774,4541
1604: 3657,3088,2922,3800
1605: 3893,1148,3627,3038
4539: 3244,982,2947
1607: 3799,2275,1382
4240: 
1609: 1190,2460,4386,3125
1610: 
1611: 
1612: 3466
1613: 2553,3785,1022
1614: 4645,1015
1615: 4290
4610: 3457
1617: 4624,4822,4814,383,732
1618: 845,2637,823
1619: 2528,1289,399
4553: 4628,1967
1621: 1838
1622: 1516,4209
1623: 2429,2268
1624: 1693
1625: 3861,2619
4015: 38,13
1627: 
1628: 1087,794
1629: 4157
1630: 2994,1866,342
1631: 4489
1632: 3712,1746
1633: 2853,3169
1634: 686,1007,1700
1635: 4143,1859,4697
1636: 
1637: 1181,1957,3233,1556,1145
1638: 4791,3557
1639: 1506,4064,2170
1640: 629,893
4453: 351,79,1758
1642: 877,52
3908: 978,2419,2892,4796
1644: 2402
1645: 
1646: 2193,2026,2307
1647: 4587,3827,282
4066: 1384,59
1649: 150,4180,3571,307,2130
4387: 
4021: 3517,4216
1652: 1299,1865
1653: 1994,2341
1654: 1124,1213
4217: 708,4571,4122
4671: 2695,3982,2114,4805
3962: 2528,3372,958,3227
1658: 689,4426,2482
4492: 3926
4556: 1443,2038,751
1661: 2967,2369,915,4319,4072
1662: 
1663: 2738
1664: 2484,1602,4236,3224
3903: 849
4284: 792,4575,2406,3983
1667: 2585
1668: 2238
1669: 2376,961,3555
4168: 
4432: 253,1579
1672: 575
4729: 2657,1294,2882
4589: 3353,1715,2408,3461
1675: 3730
1676: 3083,1386,816,3972
1677: 2230,1240,2408,3339
1678: 1369,232,4818,369
1679: 711,4165,1432,695
4170: 3955,48,709,1455
1681: 
1682: 3838
1683: 3531,111,4178,3957
1684: 1262,3715,4371
1685: 2757,3410,2616,4768
1686: 3278
1687: 3178
1688: 352,1178,3747,4443,2106
1689: 445
1690: 
1691: 
1692: 2923,4780,1248
1693: 1624,2324
4617: 3217
1695: 4039,3884,4413
1696: 4818,1199,232
1697: 2652
1698: 1344
1699: 2147,2867,394
1700: 1634,686
1701: 1122,236,523,1584
1702: 3493,1254
1703: 
1704: 2187,1477,487
4455: 5,2241,1074,4339
1706: 1032,3284,2736
1707: 327,2524
1708: 226,3764
1709: 986
1710: 
1711: 1512,1483,2296,983
1712: 3438,4766,1583,2062
1713: 2291
1714: 
1715: 4589,3461,2562,2249,2659
1716: 1337,1825,3504
4774: 736,591,4541,1603
1718: 
1719: 4237,3130,3362
4419: 2235
1721: 2216,1965,3771
1722: 2127,930,1980,1413
1723: 4355,4801
1724: 4732,973
1725: 4819,2010,2366
1726: 4022,1279
1727: 1072,163,4144,3733
3953: 4672,980,3874,2487,2065
1729: 4517,2043
4102: 511,4726,89
3963: 
1732: 3775,3115,4450,1562
4208: 2123,3266,581
1734: 
1735: 1470,1218,1005,2049
1736: 3833,1288
1737: 2315
1738: 4450,2350,2526
1739: 2969,1806
1740: 3801,3260,3243
1741: 411,791
1742: 1106,1471,1418
1743: 664,2319,3973
1744: 764,347,1805
4099: 2779
1746: 1297,3859,1632
1747: 
4046: 2985,427
4584: 2034,4254
1750: 2813,3610
1751: 1076,558,437
1752: 4444,373,4252,4196
1753: 
1754: 1404,1169,2566
1755: 3757
1756: 2459
1757: 3055,1253,241,4123,2819
1758: 4453
4670: 4486,2512,319
1760: 242,3567
1761: 4812
1762: 678,3795,4285
1763: 507,4139,4803,3763,3259
1764: 2090,1014,882,4109
1765: 2046,2661,4075
1766: 2331,719,3615,3831
1767: 3412,86,1192,444,4094
1768: 2370,635,3743
4115: 3029,4336,3129
1770: 2613,1570
1771: 4808,1983,1976
1772: 
1773: 2837
1774: 4441,885
1775: 248
1776: 2383
1777: 4778,2890
1778: 1140
4721: 3817,601
1780: 3844,4263,673
4424: 801
1782: 4418,1934,2567
4201: 1197,3562
4623: 3201,3217,3955
1785: 4132
1786: 791,3977,3681,2770,2369
1787: 651
1788: 846,1867
1789: 466,2865,2441,3100,3268
1790: 4364,128
1791: 548
1792: 412,3639
1793: 1086,3829,444,3403,2146
1794: 1012,1185,1972
1795: 3969
1796: 1492,2132
3968: 2176,2633,848
1798: 1317
4104: 3871,4326
3961: 1126,667,2219,4081
1801: 3121,3971
1802: 4557,3496,1020,1044,4055,887
1803: 2110,4667,2627
4678: 300,2178,2393,4724
1805: 2264,764,1744
1806: 1739,3530,954
4124: 4080
1808: 
1809: 1428,1438,3523
1810: 4702
1811: 306,3560,3946
4680: 308,4149,2760
3910: 4576,4272
1814: 4171
1815: 1994
1816: 2582,1243,4758,3202
1817: 
1818: 3652
1819: 2714,436,4334,1103
1820: 
1821: 
1822: 4724,2178,290
1823: 3402
1824: 4173,4376
1825: 1716
1826: 4789,4786,181
4482: 2285,70
1828: 4504
1829: 2873,2765,3585
1830: 
1831: 3167,2923
1832: 
1833: 4763,2631
1834: 2890
1835: 3693,2570
1836: 4734,390,3484,4391,935
1837: 2328,3988,2824,4792
1838: 1621,3765
1839: 829
1840: 3377,1898,1181
1841: 4165,1432,2820,3723,1419
1842: 1175
1843: 2752,990,3575,1594
1844: 4815,943,1120
4336: 2927,3129,4115,3418
1846: 1963,4378
4248: 3053
1848: 434,1030
4534: 4390,4769,402
4198: 49,730
1851: 3062,4765,4006
1852: 2154,3651
4094: 905,444,1767,1192,3982
1854: 592,916,2968,1499,2135
1855: 2187
1856: 4116,3395
4773: 4562,3784,4754
1858: 
1859: 2399,4143,1635,4697
4338: 
4530: 2039
1862: 4725,2126
1863: 3669,2379,4437
1864: 646,3888,3781
1865: 713,2740,1652
1866: 1630,2994,2873
1867: 2313,2871,1788,4197
1868: 2107
4266: 2435
1870: 3534,3727,2558,3777,1016,2108,3374
4178: 1683,671
1872: 481,3084
1873: 4131,872,4409,509
1874: 3465,3312,519
1875: 3976,2295,3854
4496: 2047,2991,599
1877: 2962,1169,3158
1878: 2313,901
1879: 1418,717,3531,3855
4389: 3703,1917,1394
1881: 2855,2005
1882: 2652,481,866
1883: 843,727
4442: 4707,3432,2384
1885: 2165
1886: 3233,2926
3919: 155,3005,1352
1888: 2959,3667,5
4297: 3912,2725,626
1890: 3905,3823
1891: 4140,913,1952
1892: 2902
4677: 1030,347,2031,925,2517
1894: 4393,452
1895: 2251
4045: 2431,3808,4086
1897: 4745,133,4497
1898: 3377,1840,1423,879
1899: 356,4755,1304
1900: 3131
1901: 3319,548,2995
1902: 1370,2268
1903: 41,1480,4731
1904: 2563,98,3272
1905: 4236
4355: 1723,2356,4763,148,2052
1907: 
1908: 1910,735
1909: 3282,3489
1910: 1908,2766,735,3921,2067
1911: 3729
1912: 3558,3567
1913: 4650
1914: 190,1297,337
4681: 638,2412
1916: 2388,2912
1917: 4389,2913,2307,2319
4192: 881,3207,2729
1919: 3612,4724,1558
1920: 1497
1921: 
4485: 3753,2316,4245
1923: 3867
1924: 362
1925: 616,4765,4189
1926: 3803,375,3204,3826
1927: 2851
1928: 3779,4660,676,1219
1929: 3892,2182,1353
1930: 
1931: 3539,248,2224
1932: 2063,3637,3611
1933: 2478,4725,3136,1598,747
1934: 2847,1782,2567
1935: 4491,2035,2406
4031: 4027,151,4090
1937: 4069,1179
1938: 3700,3288
1939: 3630,4595,1536
1940: 3632,2484
1941: 2456,4464,1431
1942: 3864
1943: 4616,1062,1113,3559
1944: 675,252,3951,4100,4274
4799: 2457,4097,850
4244: 2579,1102
1947: 4200,4494,2745,3841
1948: 3253,3974
1949: 1019,816,3769,3185
1950: 1436,3917,775
1951: 1594,1011,4747,2917
1952: 913,1891,189,3869
1953: 4718,1081,4312
1954: 1115
4260: 1245,2453
1956: 1050,946,4795
1957: 1181,1637,2225,3233
1958: 4072,785,1316
4500: 
1960: 555
1961: 69,150,2206
1962: 3624
1963: 4378,2449,1846,2703
1964: 343,4808,1976
1965: 2216,1721,2256,3771
4361: 3360,4190,3752
1967: 4628,4553,226
1968: 606,2480,4621,4476,2221
1969: 1003,1110,1082
1970: 257,213,2430,4174
1971: 614
1972: 1794,1185,2426
1973: 417,4691
1974: 198,217,1266,878,922,729
1975: 4041,2758,307,80
1976: 3317,1771,4808,1964
1977: 2720
1978: 4081,667
4133: 2946
1980: 144,3484,1413,3488,1722
1981: 2391,3799,1382,3392
4683: 3591
1983: 2395,1771,4808
1984: 
1985: 2571,3290,904
1986: 147,1030
1987: 3226,4166
1988: 4692,3585,3134
1989: 1267
1990: 3497,2266
1991: 2989,551,349,894,2864
1992: 278,1511,2812,1567,3422
1993: 3582,4103,4019
1994: 1653,1815
1995: 77,3836,123,1550,414
1996: 3055,3602,2921,345
1997: 3060
1998: 908,2636,16
1999: 611,4306,3052,22
2000: 
2001: 
2002: 188,2723
2003: 2422,4428,2372
2004: 2279,4343,1289,4270
2005: 2341,1881
2006: 2780,721
2007: 
2008: 4458
2009: 2944,868
2010: 2366,4819,1725
2011: 4317
2012: 3687,668,964,4526
4805: 1195,2114,478,2937,3982,2492,4671,2695
2014: 2425
4202: 2467,836
2016: 62
3972: 1019,2521,1676,1386
4049: 2021,2199
2019: 2785,3165
2020: 4148,2063
2021: 646,3888,4049,2199
3956: 1267,3018,738
2023: 1041,2798
2024: 4350,2364,2392,3607,1023
4166: 2061,1987,2218,2883
2026: 4047,2193,1646
4519: 
2028: 1010,1046,1065
2029: 1166,22,1458
2030: 
2031: 925,3960,347,4677
4682: 2078,1397,3009,1032
4197: 857,1867,2871
2034: 4584
2035: 1935,4491,3409
2036: 
2037: 4369,1324,3350
2038: 1443,4556,4345,1050,946,161
2039: 4530,3802,2896
2040: 
4479: 446,3156,4686,2646,3875
2042: 2988,1379,3431
2043: 4651,1729
2044: 3186,728
2045: 2713
2046: 2661,731,1765,4075
2047: 4496,3948,2488,2221
2048: 33,4334,1103,3587
2049: 4067,1218,1735,1005,3647
2050: 1036,441
2051: 3487
2052: 4763,148,4355,2356,2086
4464: 2456,1941,3987
2054: 
2055: 2868,4795
2056: 100,1515,2888
2057: 4169,2721,4477,792,4801
2058: 4342,4237,855
2059: 
2060: 995,3984,2548
2061: 3817,4166,601,2308
2062: 1583,956,1712
2063: 1932,2020
2064: 650
2065: 2661,2487,3953,980
2066: 3806,4327,336
2067: 3921,1910,2766,25
2068: 1493,4815,3727
2069: 3112,1318,3024
4123: 3301,3091,2819,1253,2909,1757
2071: 1309,896,3801
2072: 1310,4772,3696,1530,2676,2633
4363: 1476,2702,1010,2958,1065
2074: 4412,4794,2781,2424
4347: 1129,3085
2076: 2079,3503,836
4300: 4818,369
2078: 2730,4682,4750,2206
2079: 3250,1408,2076,3503
2080: 182,3677,3294,2306
2081: 3123
2082: 374,3686,3865
2083: 3103
2084: 
4765: 3062,616,1851,4006,1434,4688,2375,1925
2086: 2811,1153,2356,4763,2052
4086: 2189,4045
2088: 4701,3161,425,3369
2089: 2858,4311
2090: 1764,882,628,4109
4258: 2561,33,3603
2092: 2166
2093: 
4160: 1407,1502,990,3584
2095: 409
2096: 4543,2382
2097: 4142,4454
2098: 3603,4394,2561,4226
2099: 3126
2100: 99,3750,4238,2191,2280
2101: 3870,111,2547,3768
2102: 1226,1189,2455,3358,2686
2103: 534,64,3317,1368
2104: 4291
2105: 84,2884
2106: 352,1688,2937
2107: 1868,4292
2108: 4665,3102,2928,3374,1870,1016
2109: 462
2110: 1803,729,3690,4667
2111: 1470,1218,3432,2384
2112: 2830
2113: 1100,3959,573
2114: 1195,4805,4671,4141,4649,688
2115: 2477,282,3754,3827,2478
2116: 1290,2299,2253
2117: 673,2392,4796
4498: 2795,2128,3958
2119: 4809,3663,3609
2120: 3016,2393,3044
2121: 2615,1046,3460
2122: 
2123: 4208,581,436,91,917,3214
2124: 234
2125: 3580,2648
2126: 4725,3136,3199,1862
2127: 1722,930,1449
2128: 4498,2795
2129: 2817,4665,289,3640
2130: 1649,4180,3571,307
2131: 
2132: 3859,2482,432,1796
2133: 2334,2629,3811,1307
4585: 579,13,922,2953
2135: 919,1854,2968
2136: 4437,924,3170
2137: 1507,3737,1373
2138: 3381,2887,2644,4598
2139: 1317
2140: 3351,891,99
2141: 3915,180
2142: 2424,3258,4114
2143: 3622,4126,379
2144: 3526,4535
2145: 192,3683
2146: 1261,3403,1086,1793,3829
2147: 2867,394,1699
2148: 
2149: 4233,2741,4798,372,274
2150: 422,3513,3654
4658: 4111,4655,3014,1072,1541
4001: 1521,296,2448
4804: 4210
2154: 1852,2703
2155: 1170,2205,3856,1514,4255
2156: 899,3992,806,3234
2157: 495,2666,2595
2158: 4047,4493,1437,722
2159: 2911,3643
4017: 1273,2222,3467
2161: 
4466: 2294
4177: 3177,966,3450
2164: 823,2637,2986
2165: 1885,4478,2183
2166: 2092
2167: 4350,2364,2771,3846,974
4788: 4326
2169: 4143,1116,110,4634
2170: 1448,3148,1141,1639
2171: 3393,839,4185
2172: 4779
4034: 
2174: 
2175: 3470,3225,1113,3559,633
2176: 3968,3575,1011,2660
2177: 4058,887
2178: 300,4678,2699,290,1822,4724
2179: 1271,2663
4777: 348,4521
2181: 2908,975,921,3981
2182: 2894,1353,1929,1544,3396
2183: 2165,2514
2184: 4525,3257
2185: 448
2186: 4580,3799,2391
2187: 1704,1855,3279
2188: 4146
2189: 4086,674,2223,46,3808
2190: 
2191: 832,1174,3750,2100,3766
2192: 
2193: 1646,817,2026
4422: 
4083: 4679,103,1219
2196: 4604,2237,4735,4230
2197: 1417,882,628,4648
2198: 1296,776,4823
2199: 1528,4049,4587,2021
2200: 601
2201: 
2202: 
2203: 940
4666: 2849,3848
2205: 1170,2155,2588,3530,3794
2206: 150,4750,3297,2078,2730,1961
2207: 188,2723,3577
2208: 3394
2209: 1079,429,1189,2216
2210: 3064,1545,607
2211: 
4207: 1567,134,4231
2213: 4351
2214: 2384,4707,4791
2215: 4703,4316
2216: 1721,1965,2209,3780
2217: 3630,2811,2413
2218: 4166,2712,2883
2219: 1000,4081,3961
2220: 2902,3376,4810
2221: 1968,2047,3948
2222: 4017,4785
2223: 46,4792,2189
2224: 2417,248,1931
2225: 1181,1957
2226: 
2227: 
2228: 2499,749
2229: 3987
2230: 1240,1677,511,89,891,3339
2231: 3475
2232: 3444
2233: 845,4508,1563
4273: 955,218
2235: 2852,4419
2236: 2984,4694
2237: 4604,2196
2238: 1668
2239: 1519,1548
2240: 
2241: 5,4455,1074
2242: 4405
2243: 
2244: 740
2245: 1325,2792,4121
2246: 352,1178,3939,2698,86
4526: 2520,964,2012,783
2248: 1554
2249: 2562,3975,1715,2659,4038
4309: 3706,2858,4311
2251: 1895,4267
2252: 3633,1444,4382
2253: 3532,2116
2254: 1202,1225,3240,2573,3108
2255: 4776,3094
2256: 2915,1262,4481,1965
2257: 2457,104
4239: 3308,291
2259: 1244
4069: 1179,1937,602
2261: 2418
2262: 381
4634: 4569,2439,2169
2264: 1805,764
2265: 
2266: 2672,1990,4542
2267: 3563
2268: 1902,1623
2269: 2933
4699: 4052,3429,3145,2719,3970,90
4535: 689,2144
2272: 2337,3830,1031
2273: 571
2274: 64,3387
2275: 2953,1607,1540
4142: 2097,934
2277: 1146,3708
2278: 2602,3573,3616
2279: 2004,4343,974
2280: 832,4238,2100
2281: 4220
2282: 4607
4063: 1550,3897,1388,3959
2284: 4512,4622,916,2968,1533
2285: 4482
2286: 3716,3519
2287: 4144,3733
2288: 650
4549: 3751
2290: 
2291: 1713
2292: 408,4251
4607: 2282
2294: 4466
2295: 2698,3412,1228,1875,3854
2296: 983,1711
2297: 
4312: 3929,1953,622,121
2299: 2680,2116,1290
2300: 
2301: 3935,4619
4621: 3451,606,1968
4352: 2344,1312,2436
2304: 3114
4819: 1004,790,1105,2876,2010,2366,1725
2306: 3294,4787,656,4760,2080
2307: 2913,1917,1646
2308: 704,1559,3494,2061,2883
2309: 
3915: 2141,92,3371,180
3949: 3761
2312: 2474,4823
2313: 1867,34,1878
2314: 
2315: 3106,274,1737
2316: 4245,4485,4042
2317: 4392,4802,3889
2318: 3272,344
2319: 1743,1917,2913
2320: 
2321: 1264
2322: 788
2323: 
2324: 2765,1693,3096,1299
4592: 4022
2326: 2750,4784,1443,4345,976
2327: 3650,3115,399
2328: 3988,4742,1837
2329: 3851,2362,1376,1157
2330: 4751,4357,839,937
2331: 1766,719
2332: 918
2333: 4820,2516
2334: 290,2133,1307,1277
2335: 465
4362: 4533,1429,326,2467,4647
2337: 2272
2338: 345,3602,3490
2339: 2770,915,411,4468
2340: 3023
2341: 2005,1653
2342: 3820,357,609
2343: 
2344: 4352,2436
2345: 
2346: 3980,492
2347: 446,3156,1275,1522
2348: 997
2349: 318,1111
2350: 1738,4450,4138,2403
2351: 2854,451,3979,1141
2352: 4770,3606,647
2353: 3974,3253,3370
2354: 
2355: 2964
2356: 4355,4763,2052,2086
2357: 1526,2665
2358: 2728,4105
2359: 3487,2804,702,2608,4214
4407: 4313
4095: 211
2362: 3851,2329
4092: 2768
2364: 4350,2167,2024,3607,2823
4384: 421,4377
2366: 2010,4819,1725
4405: 2469,2242
2368: 1326,1392
2369: 3710,1661,2967,1786,3681,2770,915
2370: 1768,2976
4727: 354,2841
2372: 4428,4816,2003
2373: 864,3989,3552,4224,4798
2374: 2442,3524,1191,66,528
2375: 1329,4688,1428
2376: 1669,961
2377: 4628
2378: 4791,811,2404
2379: 3669,1863,4437,2439
2380: 
2381: 426,4820,2516,2835
2382: 2096
2383: 1776
2384: 2214,4442,4707,3432,2111
2385: 3958,2831,1315,1002
2386: 2515,2466,3931
2387: 
2388: 1916,522,2912
2389: 557,3378
2390: 851
2391: 1981,2186
2392: 4796,2117,2024,1023
2393: 3044,2120,4678
2394: 897
2395: 1983
2396: 
2397: 261
4261: 4762,683
2399: 1859,4212,4143,1116
4060: 2591
2401: 4369,3391,927,518,4821,2797,2420
2402: 1644
2403: 4138,4270,2350
2404: 3803,375,811,4791,2378
2405: 424,3343
2406: 987,3983,1935,4491,4284
4532: 4330,2638,4445
2408: 4589,1677,3339,766
2409: 805,3255,704,3494
4801: 4101,4169,2057,2721,3430,1723,284,4470
2411: 3061,3474,357
2412: 638,4681,3269
2413: 3834,3551,2811,2217
2414: 4463,3277
4098: 
2416: 4663,3514
2417: 640,2224,2756,276
2418: 2261
2419: 4667,4626,2892,4796,3908
2420: 2797,4369,2401
2421: 411,3704,2432,4468
2422: 2003
3960: 2031,925,2863,2992
2424: 2142,3258,2781,2074,4487
2425: 2014
2426: 1474,1972,1063
3944: 624,3541
2428: 3797
2429: 3742,1623
2430: 4174,1970
2431: 4045,18,988
2432: 2421,4468,4396
4600: 1282,1498,4644
4022: 4592,1726
2435: 771,4266
2436: 3112,4352,2344
4020: 3765,3823
2438: 2784
2439: 2379,4634
2440: 821
2441: 1789,3100,3268,875
2442: 365,2374,3524,2672
4494: 1947,4200,2745
2444: 3599
2445: 1235,1409,3684
2446: 1421
2447: 842,4176,2742
2448: 4001,296,760
2449: 1963,4378,2703
2450: 4794,2781,4487
2451: 3208,3300,814
2452: 462,3521
2453: 4260
2454: 3656
2455: 1031,2919,838,4074,1226,2102
2456: 1941,4464,1431,3987
2457: 4799,2257
2458: 4148,4786
2459: 160,1756
2460: 4386,1609
2461: 3184
4126: 2143,3622,379
2463: 3275
4299: 
4271: 1472
2466: 3931,2386,75
2467: 836,4202,1429,4362,4647
4396: 3744,2432
2469: 1013,4405
4276: 1431
4305: 1230,175,2596
2472: 2666,1014,3711
4696: 
2474: 4379,2312,637,4823,4517
4054: 3242,1529,1576
4148: 2458,4789,2020
2477: 2115,2635,3754
2478: 1933,2115,3754,3827,1598
4514: 
2480: 606,1968,3097,278,2488,1083
4745: 3778,1897,133,1529
2482: 4426,1658,2132
2483: 1314
2484: 1664,4236,4150,1940
2485: 704,1559,3255,3399
2486: 313
2487: 3874,3953,2065
2488: 1083,2480,3097,2047
2489: 3429,3970
2490: 3802,4465,1312,2612
2491: 206,1028
2492: 190,3526,4805
4349: 947,567,2643,3901
4450: 1738,2350,1562,1732
2495: 3176,52,576
2496: 2812,1465,404
2497: 489,4622
4342: 2058
2499: 2228,749
2500: 3677,4388,1539,182
2501: 694,4791,735,3921
2502: 861
2503: 2744,2825,4488
4333: 1197,3820,3581
2505: 311,4070,1572,1055
4084: 3527,1536
2507: 
2508: 428
4597: 558,437,551,2914,457
2510: 3071,2589,4656,908
4814: 1362,3912,2692,1389,3597,626,2732,1052,383,1617,4822
2512: 1275,2941,4625,4670
2513: 4000,3090,1411
2514: 2183
2515: 2386
2516: 4820,2333,2381
2517: 4677,925
2518: 957,3076,3592
2519: 
2520: 4526,4184,3513,964,783
2521: 1164,1241,1019,3972,3769
2522: 
4487: 2781,2450,2424
2524: 327,1707,3435
4247: 
2526: 4375,1060,1738,1562
4564: 2592
2528: 3372,3962,1619,1289
2529: 2639,3645
2530: 4331,4359
2531: 973,312,3125
2532: 1222
2533: 941,3100,3218
2534: 4277,137
2535: 3714,3479,958
2536: 3392,0,489
2537: 4714,2580
4779: 57,2172
2539: 261
3988: 2328,4742,1078,1837
4757: 4730
4761: 18
2543: 315,439,424
4646: 4289,2782,4651,4668
2545: 3290,4457,3155
2546: 
2547: 3957,111,2101
2548: 3984,995,2060
3948: 2047,2221,1498
2550: 535
4350: 2364,2167,2024,2771
4139: 4803,3763,1763,1164,1241
2553: 1613,3785,1091,4211
2554: 3,869
2555: 
4341: 4097,850
2557: 876,2586,2976
2558: 1870,3727,1493,3777,3760,3374
3976: 1875,3973
4206: 538
2561: 4258,2098,3603
2562: 1034,766,3975,2249,1715,4038
2563: 2654,1904,2688
2564: 
2565: 4068,1466
2566: 4708,1754,1404,271
2567: 1934,2847,1782
2568: 3716,61
2569: 4783,2838
2570: 1835,4093,4212
2571: 1985,2922,4524
2572: 99,3750,3685,1441
2573: 3240,439,2254,3108
4445: 242,4532,2638,2677
2575: 4269,2662
2576: 2914,3245
2577: 3599
4697: 1042,1859,1635
2579: 4244
2580: 1254,385,2537
4367: 2895,3884
2582: 1816,1243,4758,4787,1591
2583: 
4822: 4624,1617,1362,4814,383,972
2585: 4459,1667,2996
2586: 3368,2976,2557
2587: 2763
2588: 1170,2205
2589: 2831,4656,2510
2590: 3544,2776,1066,3070
2591: 4060,3542
2592: 4746,4564
2593: 2711,3302,3934,2642,3181
2594: 1298,665
2595: 2157,2860
2596: 3856,748,17,4305,175
2597: 428,4074,3358,127
4105: 3222,2358
4796: 2392,2419,4667,2627,4626,2892,2117,3908,3195,1023
2600: 247,3545,3044
2601: 
2602: 2278,3573
4059: 3192,549
4567: 4740,2850,1493,4815,3760
2605: 
2606: 4767,2789,4413,433
2607: 4626,3690,3109
2608: 4218,2359,4214
4027: 3510,1002,4767,4031
2610: 3411,205
2611: 897
2612: 1167,2830,1312,2490
2613: 1770,2648,1570
3951: 3702,252,3883,1944
2615: 1010,1046,2958,2121
2616: 1685,3455,4768
4090: 151,968,3510,1532,4031
3959: 1100,2113,830,1388,4063
2619: 1421,1625
2620: 
2621: 
2622: 4673
4226: 2098,4351,2872
3952: 3669,3170,3048
2625: 522,2912
2626: 3072
2627: 4667,1803,4796
4111: 4658,2761,4655,1072
2629: 4308,2133,4149,3811
2630: 143,349
2631: 1303,4763,1833,3645
4458: 2008
2633: 3968,2072,2676,848
2634: 23
2635: 871,2477,3754,153
2636: 1998,663,16,2854,1141
2637: 1618,823,2164
2638: 4330,125,4532,4445
2639: 2529
2640: 4493,3809,4047
4035: 
2642: 2685,3181,2593,1378,3934
2643: 947,1597,4349
2644: 4598,2138
2645: 
2646: 459,939,4686,4479
2647: 849,3643
2648: 2613,2125,3226
2649: 835,4802
2650: 3420,4412,350
2651: 1482,293
2652: 1882,1697
2653: 763
2654: 2563,98,2861
2655: 4161
2656: 
2657: 3788,4729,4786,851
4279: 
2659: 692,1715,3461,2249
2660: 854,2176,3575
2661: 2046,2065,980,1765
2662: 2575,4269
2663: 1271,3250,2179
2664: 3607,4698,255,1324
2665: 3343,3525,2357,477
2666: 2472,1014,2157
2667: 
4211: 1091,2553
2669: 556,3512,3048,3620,4461
2670: 3087,2748,157,3775
4237: 1719,2058,855
2672: 2266,365,2442
2673: 
4298: 2911,772
2675: 693,4155
2676: 3696,4772,2072,542,2633
2677: 654,242,4445,1314
2678: 4772,3389,1342,4820
4000: 2513,1424,3560
2680: 2299,1290
4255: 3854,1514,2155
4071: 4375,1060,956,695
4735: 3210,2196
2684: 
2685: 2642,3181,4718,1167
2686: 127,3674,3358,2102,527
2687: 3038,3509,1219
2688: 215,2563
2689: 3853,714
3992: 899,2156,4764,2997
4611: 888,3148,957
2692: 3912,1389,2732,4814
2693: 3544,2776
2694: 
2695: 4671,777,3982,4805
2696: 4136,2709,3520
2697: 1120
2698: 2295,3412,86,3939,1228,2246
2699: 2178,290
2700: 831,3931
2701: 3177,3467
2702: 4363,1476,1010,2958
2703: 2154,1963,2449
2704: 
4754: 257,1162,4773
4144: 1727,2287,3733
4506: 866
4640: 289,904,678
2709: 2696,4136,1224
2710: 
2711: 2593,3302
2712: 1499,2996,2883,1559,2218
2713: 2045
2714: 581,1819,570,436
2715: 930,4128,3975,4038
2716: 4764
4038: 2562,3975,2249,2715,4128
2718: 3871,3401
2719: 3145,979,3489,4052,4699
2720: 1977,834
2721: 4169,2057,4801
4281: 3634
2723: 3393,3577,2002,2207
2724: 1175,4406
2725: 1438,336,4297
4752: 4702,4711,1394,664
2727: 
2728: 2358,3206
2729: 1298,3207,4192
2730: 2078,3297,2206
2731: 2995,102
2732: 2692,1389,1362,4814
2733: 3223
2734: 4285,3353
2735: 4630,1525,1586,45
2736: 1185,1706
2737: 3475,4058,3496,507,4643
2738: 1663
2739: 
2740: 713,1865,3544,3070
2741: 4233,25,2149,4798
2742: 2447,4176,279
2743: 
2744: 1065,785,3051,2503
2745: 3940,1947,4494,3841
2746: 4763,148,284
4517: 1729,4823,4685,4379,2474
2748: 3087,2670,4734,157
2749: 3280,2949,1109
2750: 4158,2326,751,1443
4746: 2592,1182,3410
2752: 1843,990,3725,1502
2753: 1206,3403,1451
2754: 3623,529
2755: 
2756: 873,1156,3539,2417,4809
2757: 3410,1685,3196,7
2758: 3571,307,1479,1975,80
2759: 805,3255,3914
2760: 308,4680,2788,1146
2761: 4246,4111,1072
4483: 
2763: 2587
2764: 3063
2765: 3880,2324,1829,3096
2766: 1910,2067,25
4079: 4465,4278
2768: 4092
4807: 3661,202,4790
2770: 2339,915,791,1786,2369
2771: 4350,2167,3714,3479
2772: 2882,1294
4295: 
2774: 2957
2775: 619
2776: 3544,2693,2590
2777: 
2778: 432,4484,138
2779: 1334,4099
2780: 2006,721
2781: 4794,2450,2074,4487,2424
2782: 4646,4289,4714,3342,4651
2783: 3238,1071
2784: 2438
2785: 2019,963
3911: 
4468: 2795,2421,2339,2432
2788: 49,2760,1146,3708
2789: 4413,2606
2790: 3789
2791: 566
2792: 3350,1325,2245
2793: 2858,498
2794: 4002,49
2795: 4498,4468,915,2128
2796: 1473
2797: 2420,4369,2401,518
2798: 2023
2799: 
2800: 793,3263
2801: 208
4285: 2734,1762,678,3353
2803: 3926
2804: 2359,3487,36
2805: 272
2806: 3790
4524: 2922,2571
2808: 3332,1054,4730
2809: 926,1126
2810: 3676
2811: 2086,1153,4763,2413,2217
2812: 2496,620,404,1511,1992
2813: 4437,1750,3610,4569
2814: 712
2815: 3616,94,4510
2816: 808,577
2817: 2129,3601,4665,2928
4645: 1614
2819: 3091,4123,3055,1757,3602
2820: 4165,1841
4326: 4104,4788
2822: 924
2823: 1324,3391,2364,3607,927
2824: 1837,4792,2827
2825: 3051,2503,4488
2826: 3681,135,3977,1488
2827: 4792,2824
2828: 368,4660,676
4196: 366,1752,4252
2830: 2612,1167,4718,1081,2112
2831: 2385,1315,2589
3914: 2759
4420: 3312,3079,4816
2834: 4783
2835: 1122,426,2381
4130: 
2837: 1773,3428
2838: 1331,4783,2569
4569: 4634,2813,3610
4490: 1104
2841: 141,598,4775,1076,4727,354
2842: 
4791: 2378,811,2404,3803,1638,2214,3826,694,2501
2844: 993
3989: 2373,864,3552,4798
2846: 4782
2847: 401,1934,2567
2848: 538,665,41
2849: 4666,3848
2850: 4567,4740,2851,4815,1062,3328
2851: 942,1927,4815,2850
2852: 2235
2853: 1633,3640
2854: 2351,451,3979,1141,2636,663
2855: 3098,1881
4806: 51,3448,3057
2857: 1095,4733,989,2888
2858: 2089,4311,2793,468,4309
2859: 3144,3709,521
2860: 3159,2595
2861: 652,1109,2654,98,4605
2862: 2899
2863: 925,3960,1006
2864: 894,1991
2865: 1789,3100
4434: 166,1488
2867: 2147,1699
2868: 4575,2055
2869: 
2870: 
2871: 1867,4197,34
2872: 4188,4135,1475,4226,4351
2873: 1829,1866,3585
2874: 2882
2875: 
2876: 1105,4819
2877: 509,431
2878: 971,3155
4676: 
2880: 2938,38,3417
4190: 3752,4361
2882: 2772,2874,4729,1294
2883: 2712,4166,1559,2308,2218
2884: 84,2105
2885: 3024,3112
2886: 385,3472
2887: 2138,3381
2888: 100,2056,4733,2857,1375,292
2889: 4138
2890: 1834,1777
3991: 67,430
2892: 4626,2419,3109,4796,3908,1414
2893: 505,3764,972
2894: 2182,1353,3396
2895: 3537,3040,4367
2896: 3802,4465,2039
4812: 3573,662,1761
2898: 3191
2899: 4694,4790,2862,3003
4448: 3721,918
2901: 3332
2902: 2220,3738,1892
2903: 1310,4501,3626
3912: 2692,4297,1389,4814
4145: 514,3356,3858
2906: 114,4669
4157: 1259,1629
2908: 2181,975,156,921
2909: 1253,3812,27,3301,4123
4348: 197,4813
2911: 4298,2159,772
2912: 1916,2388,522,2625
2913: 2307,1917,2319
2914: 457,2576,143,551,4597
2915: 2256,4462,40,1262
2916: 
2917: 1122,1951,1584
4760: 3144,656,4787,3294,2306,4256
2919: 2455,1031,332,838
4663: 2416,1325,3514
2921: 3946,1996
2922: 4524,2571,3657,1604
2923: 1692,1831
2924: 
2925: 1252
2926: 1405,1886
2927: 4336,3418
2928: 2108,4665,3374,3777,3601,2817
2929: 3721
2930: 4356
2931: 671
2932: 3229
2933: 2269,3059
4444: 1752,373,1432,3873,1419
4067: 2049,3557,225
2936: 
2937: 1192,3982,352,2106,4805
2938: 2880,1541
2939: 3444
4088: 
2941: 2512,1496,297
2942: 3445,3321
4376: 4173,1824
2944: 3712,1492,2009
4797: 4119,4331
2946: 4133
2947: 926,3244,4539
2948: 516,4642
2949: 2749,3280,1295,3821,750
2950: 
4583: 4747,4820
4734: 1836,390,2748
2953: 2275,4585
4117: 
2955: 456,4118,774,4531
2956: 
2957: 2774
2958: 2615,1010,2702,4363
2959: 3781,1888,5
4275: 
2961: 1076,529,2989
2962: 1877,3158,1545
2963: 3887,3304
2964: 2355
2965: 259
2966: 3254
2967: 3710,1661,2369,4319,1476,4072
2968: 1854,916,2135,2284
2969: 1739
4230: 3902,999,2196
2971: 3661,202,2984
2972: 353
2973: 
4413: 2789,1695,4039,4767,2606
4246: 4608,532,2761
2976: 2370,2586,876,2557
2977: 3565,712,3063
2978: 343
4815: 2068,1844,1493,943,618,942,2851,4567,4740,2850,3760
2980: 3762,3490,4818
4344: 3239
2982: 770
2983: 
2984: 2236,2971,4694
2985: 4795,4046
2986: 2164
4660: 676,3038,2828,1928
2988: 2042,4776,1454,3431
2989: 1991,551,2961,437
2990: 221,3766,4574,3497
2991: 4588,4496,599,3784
2992: 940,3960
2993: 
2994: 1630,1866,3398,1133
2995: 2731,1901,3319
2996: 2712,1499,1559,4459,2585
2997: 4292,3234,3992,986
2998: 4810
2999: 1179
3979: 2351,2854,3476,663
3001: 3451,466,3618
3002: 1556,1436
3003: 2899,4790,758,3920
3004: 3157
3005: 1352,3919
3006: 1485,3069
3007: 
3008: 1143,1415,1025
3009: 474,3232,1397,4682
3010: 4257,1224,4136
4268: 669,3324
3012: 859
4541: 1258,4774,1603
3014: 4655,4658,3292
3965: 1263
3016: 2120,477,487
3984: 2548,2060
3018: 738,1267,3956,4427
3019: 3090,3655,4291
4135: 4188,2872,4351,1136
3021: 3907,771
4400: 
3023: 920,2340,549
3024: 2885,4679,3112,2069
3935: 2301,4440,127
3026: 
4695: 4572
4614: 1401
3029: 4115,3129
3030: 852,4581
3031: 716
3969: 1795,497,4382,3633
4212: 2399,2570
3034: 392,122
3035: 1458,4816
3036: 1569
4216: 3517,4021,621,3424
3038: 4660,2687,1605
3039: 84,524
3040: 3137,1302,3537,2895
3041: 
3042: 3478,4161,3781,4551
3043: 
3044: 2393,2120,1486,2600
3045: 3554
3046: 3189
4454: 2097
3048: 556,2669,3952
3049: 
4630: 2735,3205,1525
3051: 2744,785,1316,2825
3052: 321,22,611,1999
3053: 4248
3054: 
3055: 1996,1757,3602,241,2819
4707: 4442,2214,2384
3057: 1291,3389,4806,51
3058: 
3059: 2933
3060: 1997
3061: 2411,4775
3062: 616,1851,4765,4032
3063: 712,203,2977,3565,2764
3064: 2210,1545,3940
3065: 1486,294
3066: 4486,484,1180,705
4409: 1873,4558,509,3228
3068: 4308,4149
3069: 3456,3298,3006
3070: 1066,2590,2740
3071: 2510,4656,908,888,1448
3072: 2626,1512
4613: 979,4052
3074: 254,3447,1372
3075: 1214
3076: 3493,3592,2518
3077: 3707,1237
3078: 
3079: 4505,4420,460
3080: 4811,4150,4232
3081: 
3082: 3730,3749,525
3083: 1676
3084: 481,1872,744
3085: 4199,4347,1129
4315: 1096,4426
3087: 2670,2748
3088: 402,3800,4390,1604
4447: 3201,615,3732
3090: 3019,3655,2513
3091: 3301,4123,2819,3602,4322
3092: 
3093: 634
3094: 4776,1454,2255
4762: 3808,4642,4261,46
3096: 1299,2324,2765
3097: 606,2480,278,4503,3422,2488,1083
3098: 2855,3168
4703: 4231,4316,2215,134
3100: 2533,1789,2865,2441,875
3101: 3116
3102: 2108,4665,4457,289
3103: 2083
3104: 
3105: 
3106: 2315,4798,3180,274
3931: 2466,2700,2386
3108: 3525,2254,1225,3190,1526,2573
3109: 415,2892,2607,1414
4047: 2158,2026,4493,2640
3111: 875,1551,4051,1313
3112: 2069,2885,3024,2436
3113: 
3114: 2304
3115: 399,2327,1732
3116: 3101
3117: 522
4151: 4605,98
3119: 977
3120: 4012,4262,326
3121: 998,1801,3971
3122: 1037,1348
3123: 2081
4701: 2088,302,3369
3125: 312,2531,1609
3126: 2099,1561,4250
4292: 1220,2997,986,2107
4147: 221,4710
3129: 4336,3029,4115
3130: 1719,3362
3131: 1900
4042: 1006,2316,3688
3133: 
3134: 1988
4204: 4164
3136: 1933,4725,1516,2126
3137: 3040,1302,3537
3138: 1522,4596,1119,1395
3907: 3021
3140: 
4790: 4694,2899,4807,218,3003,758,3920,3586
4542: 3349,2266,1095
4731: 1250,1903
3144: 2859,4760,3922,4256
3145: 2719,4699,90
3146: 4321,595
4146: 2188
3148: 888,4611,1448,2170,707
4233: 2741,25,2149,3276
4604: 2196,2237,700
4706: 4717
3152: 3454
3153: 0
4605: 4151,2861,1109,98
3155: 913,107,2878,2545
3156: 446,4479,2347,3875,77,1275
3157: 3004
3158: 2962,1877,1545
3159: 2860,1129
3160: 3167
3161: 929,623,3902,2088,425
3977: 1205,1786,135,2826,3681
3163: 460,4505
3164: 3878,901,20,699,4538
3165: 760,994,2019
3166: 4563,3692,1502
3167: 1831,3160
3168: 1037,3098
3169: 1633
3170: 924,2136,3952
3171: 173,4391
4472: 961,1125
3932: 3703
4296: 3614
3175: 1525,4477
3176: 2495,877,52
3177: 2701,3450,4177
3178: 4644,1392,1687
3179: 
3180: 4798,3300,3106
3181: 2642,2685,2593
3182: 1384
4214: 36,4218,2608,2359
3184: 4085,2461,4732,1092
3185: 4803,1949,3769,4603
3186: 2044,4470
3187: 464,1173
3188: 4323
3189: 3046
3190: 1526,1225,3108
3191: 2898,4112,956
3192: 4059,549
3193: 3818,4039
3194: 4552,4474
3195: 978,4796,4698
3196: 1190,1182,2757,3410
3197: 1159
3943: 499
3199: 2126,1174,221
3200: 3941,131,3313
3201: 4447,3553,4623,3955
3202: 1816,4758,1506
4232: 3224,4150,3080,3798
3204: 1926
3205: 4630,1385
3206: 2728,1554,4786
3207: 1348,881,4192,2729
3208: 2451,4798,3300
3209: 433,1532,160,3252
3210: 4735,113
3211: 4728,3352,323,516
3212: 
3213: 
3214: 917,1378,2123
3215: 
3216: 783,795,3852
3217: 4617,1327,4623
3218: 1390,3582,2533
3219: 
3220: 
3221: 
3222: 4105,4786
3223: 2733
3224: 4232,1664,1602,3798,3906
3225: 2175,3470,3313,933
3226: 1398,1987,2648
3227: 958,3372,3962
3228: 509,4409
3229: 1171,2932
3230: 633,4416,3546,1575
4391: 935,3171,173,1836
3232: 605,1397,305,3009
3233: 1405,1886,1637,1957,1145
3234: 1220,2997,2156,806
4158: 2750
4426: 164,1658,4315,2482
3237: 1213
3238: 2783,1208
3239: 4344
3240: 2573,2254
4818: 1696,1678,232,3894,2980,369,4300
3242: 4054,835
3243: 4823,1391,1740,3260
3244: 4539,2947
3245: 2576,987
3246: 3861
4423: 4109
4747: 4583,542,1951
3249: 
3250: 2079,2663,1408
3251: 1383,102
3252: 1259,3209,387
3253: 3408,1948,2353,3974,4406
3254: 2966
3255: 2409,2759,2485,704,3399
3256: 
3257: 2184
3258: 2142,2424,4412
3259: 1763,4803
3260: 1740,1391,1410,3243
3261: 3382,765,827
3262: 1079,4357,937
3263: 1197,2800
4437: 2136,2813,3669,2379,1863
4359: 2530,4331,4156
3266: 18,988,3302,3934,4208
4075: 2046,1765
3268: 168,3618,1789,466,2441
3269: 638,2412
4769: 1319,4005,402,1341,4534
3271: 3792,1475
3272: 2318,1904
4642: 4762,2948,46
3274: 
3275: 1323,2463
3276: 635,4233,1367
3277: 2414
3278: 1686
3279: 2187,4055
3280: 2749,3447,2949,1372,652,1109
4471: 456,4118,3524,528
3282: 1909
4713: 3448,3389,3605
3284: 1706,503
4669: 2906,114
3286: 
4719: 3379,3545,419
3288: 1938
3289: 3399,364,3448
3290: 4457,2545,1985
4551: 3476,4161,3042
3292: 447,3014
3293: 
3294: 2306,4760,2080,4256
3295: 
4488: 2503,2825,1127
3297: 4243,2730,491,2206
3298: 3456,3069,4649,1195
4738: 914
3300: 4798,3180,3208,2451,814
3301: 3091,4123,2909,4322
3302: 2593,2711,3266,988,3934
3303: 4778
3304: 2963,4392,4802
3305: 4674
4552: 804,3194
4097: 4341,4799
3308: 4239,4808
4406: 2724,3253,3408
3310: 3415,4339
3311: 
3312: 519,3338,1874,4420
3313: 3225,933,3200,3941
3314: 1284,723,3415
4740: 4567,2850,4815,1062,3328,3760,4616
3316: 3812
3317: 1976,2103,534
3318: 746
3319: 1901,2995
3320: 120,3909,1187
3321: 2942
3322: 45,1525,4169
4236: 2484,1664,1905
3324: 4070,220,4268
3934: 1378,3266,2593,3302,2642
3326: 
3327: 71,1242
3328: 1575,1062,1080,4740,2850
4412: 2074,2650,350,4811,3258
3330: 4748
4116: 1856
3332: 2901,2808,313
4164: 4204
4167: 3664
3335: 
4533: 4362,1208
4694: 2899,4790,2236,2984
3338: 3312,519,4306
3339: 891,962,2230,1677,2408,766
3340: 
3341: 384,795,3852,1469,4708
3342: 797,4685,4651,4714,4823,2782
3343: 3525,2665,477,2405,424
3344: 3625
3345: 
4742: 2328,3988
3347: 3443,4183,1215,3986
4386: 2460,1190,1609
3349: 4542
3350: 1484,2792,2037
3351: 4238,2140,89,891,99
3352: 3211,516
3353: 4589,3461,2734,4285
3354: 
4078: 733,965,4544
3356: 4145
3357: 156,4578
3358: 2597,4074,2102,2686,127
4058: 2737,2177,219
3360: 3971,4361
4536: 4691,1449,3746
3362: 1719,3130
3363: 666,669
3364: 
3365: 1344
3366: 1406,4456,1351,4787,3709
3367: 340,4728
3368: 2586
3369: 425,2088,4701,4789
3370: 3617,254,2353
3371: 3915
3372: 2528,3962,3227
3373: 3418
3374: 2108,2928,1870,2558,3777,1016
3375: 320
3376: 4810,861,2220
3377: 1840,1898,451,4064,1423
3378: 2389
3379: 4719,4242,419
4687: 3635,1433
3381: 2138,2887
3382: 3261
3916: 
3384: 
3385: 
4714: 2537,3342,797,2782
3387: 64,2274,1368
3388: 3665,147
3389: 3057,4713,3605,2678
4213: 4009,4668,521,1383
3391: 4369,1324,2401,2823
3392: 2536,0,1981
3393: 2723,2171,3674,527,839
3394: 4775,2208
3395: 1856,4231
3396: 1544,2182,2894,1463
3397: 
3398: 2994,1133
3399: 3289,3255,2485
4291: 2104,3019,3655
3401: 2718
3402: 1823
3403: 905,444,1793,2753,1206,2146
3937: 
3405: 4002,1198
3406: 
4755: 1899
3408: 3253,1451,4406
3409: 4491,2035,457
3410: 2757,1685,3196,4746
3411: 4563,2610,205
3412: 2295,2698,86,1767,4385,444
3413: 4598,3591,762
4606: 158
3415: 3310,4339,1284,3314
3416: 3967
3417: 38,2880
3418: 4336,2927,3373
3419: 4582,492
3420: 2650,174,4794
3421: 
3422: 4503,278,1511,1992,3097,1083
4149: 4680,3811,3068,4308,2629
3424: 1149,621,4216
3425: 4328,3433
4750: 150,2206,2078,4180
3427: 4429
3428: 2837
3429: 4052,4699,2489
3430: 728,4801,4101,4470
3431: 1454,2988,2042
3432: 4442,2384,2111
3433: 4328,3425
3434: 
3435: 3695,2524
4256: 3922,3144,4760,3294,894
4816: 1033,4420,3035,4428,2372
3438: 1712,4766,4118
4598: 3413,3591,2644,2138
3440: 3459,1196,1089
3441: 
3442: 
3443: 3347,427
3444: 2939,2232
3445: 2942,345
3446: 662
3447: 3280,1295,1372,3074,3833
3448: 4713,364,4806,3289
3449: 4525
3450: 3177,4177
3451: 3001,4621
4603: 3603,3185
3453: 3890,745
3454: 4199,3152
3455: 4768,1374,2616
3456: 3298,3069,4649,688
3457: 4610
3941: 3200,131,3313,933
3459: 3440,571,1089
3460: 239,2121
3461: 3353,4589,1715,3480,2659
3462: 
3463: 
4578: 415,3357
3465: 1874,1601
3466: 1612
3467: 4017,2701
3468: 26,1008,4462
3469: 
3470: 2175,3225,633,4416,3792
3471: 611,1464,468,4306
3472: 2886
3473: 4182,976,1139,1251
3474: 3702,252,2411
3475: 2737,3496,2231,507
3476: 663,4551,3979
4821: 4218,518,4343,927,2401
3478: 4161,3042,723
3479: 3714,2535,2771
3480: 4686,3461
3481: 3537,3704,1302
3482: 829
4379: 2474,4823,4685,4517
3484: 1980,1413,173,1836,390
3485: 
3486: 
3487: 2359,2804,2051,702
3488: 3722,4272,930,1980,144
3489: 979,1909,2719
3490: 3762,2338,2980
3491: 470,211
3492: 55,3836
3493: 3076,3592,1351,1702
3494: 704,2308,2409,3817
4758: 1816,2582,3202,4787
3496: 1802,4557,2737,3475,887
3497: 1990,2990
3498: 1102
3499: 4390,685,4209
4478: 2165
4375: 4071,1060,2526,1562
3502: 1344,434
3503: 2079,2076
3504: 1716
3505: 4129
3506: 
4459: 4501,2585,2996
3508: 4180,1032,503
3509: 1318,1219,2687
3510: 4027,1002,4767,4090,968
3511: 1070,801
3512: 556,2669,3620,4461,1092
3513: 235,3654,4184,2520,2150
3514: 4663,2416
3515: 1096,4513
3516: 4082
3517: 4216,4021
4388: 2500,1539,879
3519: 27,435,2286
3520: 4257,2696,4136
3521: 2452
3522: 547,3632
3523: 1438,654,1809
3524: 365,2442,2374,528,456,4471
3525: 3343,3108,2665,1526
3526: 2144,2492,190
3527: 1536,1251,4084
3528: 
3529: 
3530: 1064,954,3794,2205,1806
3531: 1683,3855,1879
3532: 2253
3533: 
3534: 1870,3727,4140
3535: 
3536: 599,1108,4602
3537: 2895,3481,3137,3040,1302
4327: 3806,3558,2066
3539: 1931,4809,873,2756
3540: 
3541: 3944,3687
3542: 60,2591
3543: 3587
3544: 2776,2693,2590,2740
3545: 4719,2600,247
3546: 1104,3230
3547: 
3548: 3815,3647
3549: 19,1017
3921: 2067,2501,1910
3551: 3834,2413,1150,161,4595
3552: 2373,3989
3553: 3201
3554: 3045
3555: 1669,4529
4440: 3935,4619
3557: 225,1638,1218,4067
3558: 3567,1912,563,4327
3559: 2175,1113,1943,177
3560: 306,1811,4000,1411,4672
4668: 4646,1383,4213
3562: 174,4201,4784
3563: 2267
3564: 
3565: 2977,3063
3566: 
3567: 3558,1912,1760
3568: 
3569: 732,3993
4431: 1301
3571: 2758,307,1479,1649,2130
3572: 
3573: 4812,2278,2602
4316: 4703,2215
3575: 2176,1011,2660,1843
3576: 454
3577: 2723,2207
3578: 1276
3920: 758,3606,4790,3003
3580: 2125,3733
3581: 3820,4333
3582: 1993,941,3218
3583: 515,469
3584: 321,1407,4160
3585: 1988,1829,2873
3586: 758,4790,218
3587: 4554,3543,2048,1103
3588: 1135
3589: 1094,4657
3590: 
3591: 4598,3413,4683
3592: 3493,3076,2518,1351
3593: 3905,4404,3621,4793,1593
4803: 4139,3763,1763,1241,3259,3185,4334,438
3926: 2803,4492,3637
4385: 3412,444,1293
3597: 626,4814,3832
3598: 3895,4781
3599: 4354,2444,2577
3964: 692,4596,4128
3601: 3777,4616,2928,2817
3602: 1996,3055,3091,2819,2338,345
3603: 2098,4394,4603,2561,4258
4002: 2794,344,3405,49
3605: 3626,4713,3389
3606: 3920,4770,2352
3607: 2664,1023,2364,2024,2823
4183: 354,3347,1215
3609: 4809,2119,1328
3610: 4093,1750,2813,4569
3611: 3637,789,1932,4427
3612: 1919,294
3975: 1034,2562,2249,4038,3722,2715
3614: 4296
3615: 3831,3707,1508,1766,719
3616: 2815,2278
3617: 3370,254,652
3618: 168,4476,3268,3001,466
4582: 3419
3620: 4461,3512,2669
3621: 3905,3593,1257,1593
3622: 2143,4126
3623: 2754
3624: 1962
3625: 3344
3626: 3605,4772,2903,1530
3627: 367,1148,1605
4101: 4801,3430,284,4470
3629: 
3630: 1939,2217,1303
3631: 1283
3632: 547,3522,1940
3633: 2252,3969,497,4382
3634: 842,4281
3635: 4687
4673: 2622
3637: 789,3611,1932,3926
3638: 1355
3639: 257,1792
3640: 2129,2853
4003: 366,843,1012,3882
4546: 1599
3643: 2159,2647
4508: 1563,2233
3645: 2529,2631,1303,754
3646: 3870,865,4548,1319
3647: 3548,1005,2049
3648: 
3649: 4775,568
3650: 3746,2327
3651: 1852,781,923
3652: 1818
4770: 1214,2352,3606
3654: 3513,2150
3655: 3019,3090,4291
3656: 2454
3657: 685,1604,2922,4726
3658: 
3659: 1602,3906,1003
4688: 1434,2375
3661: 202,2971,4807
3662: 
3663: 4809,2119,184
3664: 1379,4167
3665: 3388
3666: 
3667: 1528,1888
4462: 1008,40,3468,2915
3669: 3952,2379,1863,4437
4199: 3085,3454
3671: 28,4581
3672: 
3673: 379
3674: 2686,527,3393
3939: 1228,2246,1178,2698
3676: 2810,4776
3677: 2500,182,2080
3678: 
3679: 
4619: 2301,4440,1042
3681: 2826,3977,1786,3710,2369
3682: 1445,699,579
3683: 192,2145,454
3684: 2445,96
3685: 4574,752,3750,2572,3766
3686: 2082,374
3687: 668,2012,3541
3688: 4042
3689: 4753
3690: 2110,4626,2607
3691: 474
3692: 3725,890,1502,3166,4563
3693: 4093,1835
4263: 1180,3844,1780,673
3695: 3435
3696: 1530,2676,4772,2072
4692: 1988
4588: 2991,3784
3699: 
3700: 1938
4751: 4357,839,2330
3702: 252,3474,3951,3883
3703: 4389,3932
3704: 1302,2421,4251,3481
3954: 
3706: 468,4309
3707: 1508,3077,719,3615
3708: 1146,2277,2788,1198
3709: 2859,3366,4456
3710: 2967,2369,3681,1476
3711: 587,2472,1417,882
3712: 2944,1632
3713: 
3714: 2535,3479,673,2771
3715: 1684,26,4371
3716: 2568,2286,973
3717: 
3718: 
3719: 893
3720: 778,184
3721: 2929,4448
3722: 3488,4272,3975
3723: 1419,1841
3724: 4810
3725: 3692,1257,2752,1502
4601: 
3727: 1870,3534,2558,2068,1493,3777
4635: 323
3729: 1911
3730: 3082,1675
3731: 3812
3732: 733,965,4447,615
3733: 3580,2287,1727,4144
3734: 1191,4574,752
4800: 227,949
4435: 
3737: 1507,2137,739,4243
3738: 261,2902
3739: 1306
4156: 4359
3741: 1053
3742: 2429
3743: 635,1768
3744: 4396,4767
4620: 
3746: 3650,4691,4536,1040
3747: 4443,72,1504,1178,1688
3748: 
3749: 3082,525
3750: 2100,2572,2191,3766,3685
3751: 815,4549
3752: 4190,4361
3753: 4485,97
3754: 2635,2477,2115,2478
3755: 4531
4574: 3685,752,2990,3734
3757: 1755
4251: 2292,3704
4274: 1944,675,4100
3760: 3777,1493,4815,4567,4740,2558
3761: 3949
3762: 4322,3490,2980
3763: 4139,4803,1763,1241
3764: 505,2893,972,1708
3765: 3823,4020,1838
3766: 221,2990,2191,1174,3750,3685
4200: 1947,4494
3768: 2101,871,1341
3769: 1019,1949,2521,1241,3185
4497: 4802,1897
3771: 1721,1965
3772: 502
3773: 
4401: 12,813
3775: 1732,2670,1562
4085: 4172,3184,1092
3777: 3760,3601,1870,3727,2558,2928,3374
3778: 4745,133
3779: 1281,1928,368
3780: 2216,517
3781: 2959,3888,1864,3042
4218: 2608,518,4821,4214
3783: 1462
3784: 599,1108,4588,2991,4562,4773
3785: 1613,2553,4518
4180: 3508,150,4750,1649,2130
4173: 4504,4376,997,1824
3788: 2657,4786
3789: 2790
3790: 2806,396
3791: 
3792: 4416,3470,3271
4513: 1096,3515
3794: 3530,1064,1514,2205,1293
3795: 1762,678
4704: 1467
3797: 2428
3798: 3906,3224,4232,1602
3799: 1607,1382,4580,2186,1981
3800: 3088,1604
3801: 1740,2071,1053
3802: 2490,2896,2039
3803: 2404,375,1926,4791,3826
3804: 
3805: 1300
3806: 4037,4327,2066
4531: 3755,2955
3808: 4762,46,2189,4045
3809: 2640,4789
3810: 998
3811: 308,4149,2629,2133
3812: 1253,2909,3316,3731
3813: 
4161: 3478,3042,723,4551,2655
3815: 3548
4609: 3841
3817: 2061,601,4721,3494
3818: 3193
3819: 1258
3820: 3581,2342,609,4333
3821: 750,2949,1295,1288
4005: 402,4548,584,4769
3823: 3765,4020,1890
3824: 744
3825: 
3826: 4224,3803,1926,4791,694
3827: 1647,1598,282,2115,2478
3828: 272,4545
3829: 1086,1793,1064,1261,2146
3830: 2272,428,4074
3831: 3615,1766
3832: 1052,3597
3833: 1736,4187,3447,1295
3834: 2413,3551,946,1150,161
3835: 1117
3836: 1995,1496,3886,3492
3837: 397,869,3862,1519,206
3838: 1682
4655: 857,3014,4111,4658
3840: 631
3841: 4609,2745,1947
3906: 3798,3224,1602,3659
3843: 
3844: 1780,1503,484,4263
3845: 4278,4414
3846: 974,2167
3847: 
3848: 4666,2849
3849: 4103,4065,81
4557: 1802,3496,4055,4242
3851: 2362,2329,640
3852: 795,3341,3216,547
3853: 2689
3854: 4255,1875,2295
3855: 3531,111,1879,1418,865
3856: 748,2596,1170,2155
3857: 
3858: 514,4145
3859: 2132,1746
3860: 
3861: 3246,1625
3862: 1519,3837,206,233
4587: 1647,1528,2199
3864: 1942,382
3865: 2082
3866: 
3867: 106,1923
4768: 3455,1374,1685,2616
3869: 189,1198,1952
3870: 2101,3646,865,1319
3871: 4104,2718
4081: 2219,3961,1978
3873: 1432,4444
3874: 2487,3953
3875: 77,123,4479,3156
3876: 
4140: 1891,3534,913,107
3878: 3164,901,1445
4798: 3180,3300,2373,864,3989,3208,2741,2149,3106
3880: 2765,3993,996
3881: 4705,66,935
3882: 4003,843
3883: 568,3702,3951
3884: 1695,4367,746
4321: 3146,595,867
3886: 1100,573,1550,3836
3887: 2963,4392
3888: 646,2021,1864,3781
3889: 4802,2317
3890: 3453
4203: 
3892: 1929
3893: 1605
3894: 4818
3895: 3598,4781
4127: 
3897: 4381,1388,4063
4782: 2846
3899: 1229
3900: 
3901: 72,4349,567
3902: 4230,999,623,3161