0: 4816,4306,498,3860
4486: 1974,962,3723,229
2: 
3: 1089,1037
4548: 1319,3728,904
5: 3310,3202,1067
6: 1744
7: 4818,4154,973
8: 3554,197
9: 1583,1862,2199,3136
4717: 3467
4739: 602,3145,4053,2516
12: 2657,4728,4199,4571
13: 3417,2275,3153,2712
4792: 4110,2291,4239
15: 535
16: 2021,646,2510,1629,385,1888,1316
17: 2588,2699,4702
18: 4728,3200,4571,340
19: 3423,2317,2619,4819
20: 3156,2817,459,2872,3612,4285
21: 1382,3908
22: 4311,1398,1981,579,4713
23: 
24: 1085,2265
25: 2441,3064,2451
26: 4462,2812,4703,1856,3178
27: 201,4732,600
28: 4259,4610
29: 
30: 
31: 3052,890,1253,1593
32: 2998,2469,306
33: 3083,3333,3926
34: 1072,1412,1501
35: 1772
36: 4329,2102,4573,1980,4263
37: 4255,4738,4097,3160
38: 1322,4625,2015,123
4433: 2445
40: 3009,1289,304,739,3524
41: 873,881,4367,1994,4304
42: 2673,4817
43: 4521
4461: 1609,242,3933,4641,2531
45: 1508,3707,4119,1117,4575
46: 628,2157,2177,2103
47: 4650,2202
48: 4300,1757,4330
49: 3550,1870,107
4628: 1362,509,1946,1428,744
51: 523,990,3905,2029
52: 3403,3982,2794
4319: 4027,4064,2503,1815,2203
54: 1253,4407,3090,3655,2065
55: 2646,1575,1113,4479,1780
56: 
57: 2731,97,1254
4561: 
59: 2321,1931,392
60: 3006,206,2532,322
61: 4313,3166
62: 
4622: 2186
64: 3595,4635,4730
65: 2466,1991,1050
66: 752,956,3499
67: 4297,1056
4525: 2235,3077
69: 3218,3583,751
70: 4545
71: 3263,3986,2566
72: 4141,4805,3176,2788
4651: 1254,3245
74: 3686,1538
75: 1110,2095
76: 3858,1109
77: 4740,123,2512,2015,3087
4378: 2188,1644,514
79: 1521,3242,3889
80: 795,712,2977
81: 4009,1961,1507
82: 1687,4403
4354: 1492,1300,2482,4168
84: 2228,1273
85: 3055,205
86: 2803,2063,4094
87: 2808,293,591
88: 3183,4584,426,2996,2409
89: 4576,3886,1180,4686
90: 1454,1997,1331
91: 2871,2061,2313,1412
92: 4192,2491
93: 4336
94: 4606,991,3482
95: 3853,3797
96: 566,926
97: 3665,57,2731
98: 1418,4002,2318,3408,3646
99: 930,1034,692
100: 3438,167,4705,4339,4071
101: 4493,755,3240,2063
102: 3654,987,3135
103: 835,4745,1140,3549
104: 555,464,1746
4733: 3149,4531,2426,3415,4518
106: 4781
107: 4457,49,3657
108: 4538
4491: 1076,1751,2316,216
110: 3693,188,1092,2813
111: 2744,3199,2478
112: 4480
113: 2296,638,4813
114: 159,3679
115: 698
116: 3772,1525,2914,1323
4626: 4655,2456,1168,3479
4784: 1956,1939,2852
119: 4631,3427
120: 2587,4764
121: 2685,3988
122: 2182,1695,2729,4039
123: 2941,77,2015,38,1023
124: 752,1583,775,1161,956
125: 4578,369,1643,3019,4563
126: 4230
127: 4270,1262,2416,838
128: 2881,794,1519
129: 2867,3130,3928,3387,1014
130: 1077
131: 4490,4643,1822,3020
132: 2529
133: 2366,3802,4585,2519,2842
134: 4065,4211,210
135: 2861,730,3617,1028
136: 
137: 405
138: 2881
139: 
140: 1109,2755,540
141: 3508,4041,3849,2078,3936,1940
4314: 1263,211,3828
143: 4775,284
144: 4038,3714,3372
4702: 1917,4789,17,789,2699
146: 497,991
147: 
148: 535
4576: 89,1395,3886,1040
150: 4019,3687,1215,3906
151: 3260,1234,3801,4206,2198
152: 
153: 3136,1058,2655
154: 776,4677,3075,2226
155: 968,2859,3458,3148
156: 429,2908,2245,4384
157: 705,3750,484,1413,927,3195
158: 3124,4487,2620,2930
159: 114
160: 647,3884,4090
161: 1153,2746,594
162: 2492,4348,3072
163: 3981,3955,4667,921
164: 4649,1209
165: 3523
166: 2547,1028,2121,2637
167: 3881,1738,4705,100,4003
168: 1404
169: 3137,1963
4593: 1032,4138,1063
171: 4190,2248,4720,4737
4744: 2172
173: 4705,456,2672,1562,4339
174: 1702,3474,1723
175: 1904,3069,3870,2794
176: 
177: 3169,1788,2545,511,2213,1844,2108
178: 
179: 1204,1287,3026
180: 1710,4080,716
181: 4011,243,3752
182: 1816,4758,469,3623
4477: 792,3749,216
184: 3510,4279,2385
185: 
4732: 201,27,611
187: 325,3540
188: 110,1092,4218,1276
189: 3480,2495,289,4140,3290
190: 3855,2191,1084
191: 4328
192: 
193: 4385,1064,621,4294
194: 910
195: 288,2192
4521: 43
197: 8
198: 1119,2327,1040,1090
199: 1942
4786: 1151,477,4683
201: 3560,4732,27,2793,3725
202: 1210
203: 1444,2816,4606,3589
204: 4437,2483,3978
205: 2065,1253,1593,3055,85
206: 3006,60,452
207: 1329,4032,509
208: 2975
4767: 3884,3586
210: 4316,134
211: 274,3998,1263,4314
4373: 3790,4081,3234,4271
213: 3262,1079,3404,1750
214: 1799,2580,3366,3005
215: 4390,747,4193,1174,4161
216: 792,4477,4491
217: 1266,3164,1803,3844,2117
218: 873,2954,3015,881
219: 3332
220: 468,3692
221: 2100,3734,3685
222: 4052,2489,672,4069,3489
4618: 3778,1909
4397: 4061,890,2104,3090
225: 3764,2766,3557,3147
226: 4688,4189
227: 2329,3663,392
4780: 2738,4362,1096
229: 1395,4486,3723
4441: 
231: 3638
232: 242,4641,3067,4300
233: 2971,2667
234: 2741
235: 2767,2690,3232,2137,3284
236: 3378,1997,799
4520: 370
4353: 1217,2924,1163
239: 3325,2967,2702,1647
240: 
241: 1882,4322,3514
242: 232,4154,3933,4641,4461
243: 2193,425,181,3752
4330: 48
245: 1628,4145
246: 2420,2608
247: 1927,3546,1388,2563
248: 2826,1065,3681,2119
249: 
4581: 2217,4186,1303,1956
251: 2239,1653,392
252: 1918,4046,2841,2038
253: 2079
254: 2155,3708,943,3976
255: 2823,2102,936,4440
256: 
257: 826,2430
4693: 1706,2758,3284,4050
259: 4774,353,2965
260: 2723,1484,2002
261: 
262: 3963
263: 857,4076,2347,447,2627
4501: 2828,1422,3304,2112,601
265: 3787,2658,2312
266: 4145
267: 1708,1635
268: 3081,868,2353,276,588,1742
4691: 3875,421,3975,1677
270: 2822,733,3262,2889
271: 2210,2373
272: 1456,4175,3416,808,2453
273: 4356,3449
274: 211,3998
275: 
276: 2353,2749,4605,868,268
277: 
278: 2051,3395,3468,4371,839
279: 2546,3187
280: 662
4612: 
282: 2121,1046,2547,823,2115
4633: 4199,1802,1665,4718
284: 4775,143
285: 2074,1513,4696
4470: 3322,1385
4377: 978,1325,489,4505,4420
288: 195
289: 3353,3480,189,3290
290: 4591,2175,2213,1019,511
291: 2622
292: 989,671,2266,1864
293: 1983,591,87
294: 2850,2558,424,3829,1086,1062,3794
295: 
296: 2448
297: 3156,2817,891,573,4709
298: 3932,1420,3901
4371: 3468,278,4462
300: 4492,3470,1919
4813: 638,113
302: 4701,3161,3210,2588
303: 4256,3801,3251
304: 1752,1972,739,40,1289
305: 3513,4103,3341,1649,2078,3936
306: 2469,3593,32
307: 2150,3820,879,1215,4019
308: 2596,2698,1743,664
4307: 2092
4608: 532,2490
311: 3692,4793
312: 3519,4037,1491,1374
313: 2190,1936,3971
4369: 399,2359,3054,2535,3771
315: 3206,950,813
316: 4412
4554: 3313,846,4557,3941
318: 2925,2242
319: 4589,3722,962
320: 684
321: 4778,1502
322: 60,4066,3858
323: 1219
324: 
325: 187
326: 2246,3359,3503,1810,2415
327: 1928,2978
4346: 464,485,2440
4572: 2143
330: 2577,2335,690
331: 1908,876,2384,4365,3229,1039
332: 2919,2350,3487
4356: 273,3449,4250,2244
334: 1869,3316,1533,615,2272
335: 1773,1831
336: 2171,4212,1835
337: 2507,777,2246,4362,3359,3307
338: 971,1677
4657: 1513,4182,1545,2781
340: 4055,4242,18,3543,952
341: 2852,3798,2620,1531,2930
342: 2725,4785
343: 3808,851,534,4762,736
344: 750,1595,717,4469,3531
345: 2942,4143,3170,3411,1190
4665: 2178,1496,2562,4228
347: 1279,1344
348: 3104,2139
349: 1461,2582,2305,387,1769
350: 3618,2130,1664,3422
351: 1489
352: 1178,3307,4235,3359,2415,2295
353: 4234,259
354: 859,2623
4595: 4760,480
356: 2605,3491
357: 1091,3737,2225,2342,2035,427
358: 2305,387,2339
359: 
4649: 164,1096,2009
361: 
362: 
363: 3681,2119,2967,4468,3754
364: 1559
365: 2553,4125,3881,2672
366: 2310,1268,4138
367: 3928,841,3367
368: 1964,4392
369: 4464,1643,3048,125,4578
370: 4520,2428,4695
371: 1258
372: 1245,654,2149
373: 3746,1441,2526,3488
374: 3282
375: 1657,2256
376: 4748
377: 
4794: 2142,4662,2221,1242
379: 2348,471
4545: 829,4483,70
381: 771,2815
382: 
383: 4692,2936
384: 4494,4231,3604,1169
385: 2510,16,2128,1488,1888,1316
386: 3134
387: 2305,358,349,1461
388: 2201
4718: 2427,1665,4633
390: 3328,4010,4228,1136
4637: 989,3476,402,710
392: 1931,251,59,2321,227
4339: 1619,4071,173,4705,1562,100
394: 2472,4045,1837
395: 4359,2152,4421,2721
396: 1367,3743
397: 2449,3862
398: 
399: 4369,2359,3771,2350
400: 3864,3221,754
401: 2834
402: 3476,1879,3136,4637,989,1862
403: 4765,2501,2111,4091
404: 2062,1679,3054,4375
405: 137
4381: 1985,4574,1783,939,1604,1933
407: 1470,2377,3062
408: 3472,2895
409: 946,4759,2052
410: 
411: 1998,1448,1295
412: 2219,4233
413: 3444,1338
414: 436,3897,438,1275
415: 2327,4670,705,2570
416: 
417: 3723,1180,2670
418: 2322
419: 2319,887,4598
4382: 2095,4259
421: 3875,4691,3722
422: 4207,3877,1992,1247,1479,727,3533
423: 
424: 942,1267,3829,4678,2558,294
425: 2193,243,1437,2237
426: 4254,1605,88,2409
427: 3702,3080,1515,357,2342
428: 2723,4697
429: 156,2908,2245,2181
430: 2445
431: 2723,4214,4698,2330
432: 1796,1087,522,3220,1485
433: 3260,4685,2198,1740
434: 1480,1353,4632
435: 3324,2018,3052,1593,4070
436: 414,2603,3112,3897,633
437: 548,3474,2985,802,2055
438: 3792,3897,414,1943,1275
439: 2020,1149,2026,4493
4631: 119
441: 1913,804,4020
442: 1043,4385,1064,444
443: 3826,1083,1638,3911,654,2149
444: 1064,1043,442,3517
445: 1640,1525
446: 2697,4228,3328
447: 2347,263,2536
448: 
449: 2763,2590
4465: 1569,1167,532,2125,4111
451: 3042,710,671,1622,3314,1957
452: 1666,985,3006,206
4710: 3438,1191,4003,1747,2730
454: 1718,2122
455: 1261,2665
456: 173,2672,2004
457: 551,3654
4493: 101,439,1149,2026,3240
459: 3156,20,2872,3271
460: 3035,4563,2980,1643,3716
461: 971
462: 3634,1158,2957
463: 4393
464: 4346,104,485
465: 
466: 4821,4602,3536
4374: 3140
468: 2634,220,2487,4313
469: 3377,182,3623
470: 814,1402,3276
471: 379,2348,2790,3398
472: 1017
473: 3640,3855,4002
474: 3508,3218,2150,879,1940
475: 2570,974,1522,673,2908,4384
476: 731
477: 4786,3369,4190
478: 4469,4151,3456,3253
4725: 1528,4005,3484
480: 3532,551,4595
481: 550,3880,1428,1946
482: 4227,2124
4715: 2965,2733
484: 705,157,2570,974,3138,2908
485: 1746,464,4346
486: 1767,1793,1192,2155,943
487: 1676,3475,3214,4598
488: 1130
489: 3485,4505,4377,4420
4425: 1868,1497,4482
491: 3232,3677,4551,4682
492: 3393,4074,826
4304: 1994,41,873,3168
494: 1241,3379,1676
495: 1495,3454,3332,2950
496: 4485,1309,1385,1791
497: 735,1201,3589,991,146
498: 4306,1999,3316,0
499: 3679
4538: 1275,108,1943,2872
501: 4016
502: 2001,3689
503: 4499,2206,4323,2888
4457: 107,2922
505: 4624,616,1865,1709
4602: 466,4821,2496,4481,4185
507: 3313,581
4290: 3797,3673,3853
509: 1362,4628,207,1329
510: 2066,4445,2936,753
511: 2545,4567,2213,290,1019,177
512: 
4544: 2456,2392,2113,4655
514: 4378
515: 4333,4727,751,3527
516: 3308,2395,3266
517: 1657,3536
518: 527,4329,4623
519: 2160,2050,1430,1584
4288: 3187
521: 4101,4611,4213
522: 432,1087,3238,2132,4484
523: 542,51,3226
524: 3140
525: 629,3082
526: 
527: 518,4623,1684,4663
528: 4542,4391,3102,3497,4734
529: 1944,1950,3608
530: 1636,4085,2372,4143,2286,3411
531: 4567,3657,618,3777
532: 4465,1167,4608
533: 4254,2516,2633
534: 1129,4762,736,343
535: 15,148
536: 1431,2072,4580,3066
537: 4117,3652
538: 4731,3122,1929
539: 
540: 4215,140
4343: 1973,1211,1012,1419
542: 523,1530,990
543: 3389,2516,3046
4484: 3220,4800,4012,3238,522
4570: 
546: 
547: 1682,1018,1150,2130,1664
548: 3061,437,3474
549: 2172,3835,1128
550: 481,2652,3277,972
551: 480,457,3654
4474: 3970,2333,4056
553: 3259,4803
4505: 3485,489,4772,4311,4377
555: 104,1746
556: 3762,3091
557: 
558: 2055,859,2466,3409,3474
559: 
4394: 1878,708,4063,2344
4580: 2072,536
4698: 2889,4214,3017,431
563: 4344,1612,2993,4075
4724: 3769,1676
4456: 4685,4714,4668
566: 926,96,4473
567: 4267,2165,3973,4021,4216
568: 4723,2758,4134,4041
569: 3068,1293,1216,1514,2146
570: 4261,2938,2882,2642
571: 772,2273,3162
572: 1499,4113,848
573: 891,3959,1493,2817,297
4817: 42
575: 3630,2235,3740
576: 2133,3405,1516,1520,3155
577: 1363,4200,3989,3244
578: 744,732,3993,2377,3062
579: 1871,4713,1398,22,4311,1325
580: 3294,1423,3478,2540,1284
581: 3972,3496,507
582: 
583: 2370,1285,2451,2745,3675
584: 3374,2108,3480,3962
585: 4645
586: 1136,1475,685
587: 1078,4423,4673,4347
588: 845,949,3081,268,1742
589: 
4783: 
591: 293,1983,87
592: 2676,3968,4778
593: 2126,2306
594: 1766,2700,2639,1723,2746,161
595: 1233
4766: 3882,1465,1032
4648: 4808,3308,3266
598: 2342,2035,1515,4046,2750
599: 734,4496,3780,2455
600: 1033,4309,27
601: 2200,4501,3036
602: 4739,4053,1605,4254
603: 
604: 1558,1727,2641
605: 3173,1265,2206
606: 3948,3911
607: 1795,2424
608: 
609: 1686,2566,2650,948
4331: 2322,2611
611: 4732
4795: 4646,4775,1359
613: 
614: 3925,2264
615: 3316,334,854,655
616: 505,1709
617: 847,4529,2534
618: 1739,933,531,3657
619: 
620: 2919,1567,2350,2359,4712
621: 4294,1229,4155,193
622: 4166,1778,4459
623: 1989,4389,2088,947
624: 2084,2977,2484,3258,1877
625: 1703
626: 1774
627: 
628: 46,4660,2157,4730,3591
629: 4630,525,2575
630: 2743,3866
631: 
4764: 982,3078,2809,1400,1389,2791,120,2587
633: 3897,3225,3185,2603,436
634: 2713
635: 1245
4512: 854,655,3706,2883,2858,1407
637: 2811,1672,2565
638: 1579,2296,113,4813
4591: 2175,2213,290,3230,3169,2129,4416
640: 1476,2241,1958,3154
641: 
642: 2332
643: 2609,2496,3097,2736
644: 3133,3344
645: 1006,3205
646: 2021,16,663,4534
647: 160
648: 2310,1268,2918,2865,4450
4390: 215,747,4769
650: 2082,2446
651: 
652: 3646,865,3323,905,4149
653: 2600,3108,1704,1822
654: 1005,443,2149,372,1245
655: 854,4512,3706,4414,615
656: 3144,2017
657: 1357
4399: 3074,3456,1146,3408,1418
659: 1821
4802: 807,4782
4789: 1917,4702,789,3530,1806,3343
662: 280,1825
663: 3754,4534,1629,646
664: 3856,1216,308,2698,1743
665: 1898,1352,3076,4439,2855
666: 
667: 1611
668: 2480,3158,1150,3659
669: 2890,1701
670: 3310
671: 451,710,292,1957
672: 4069,222,2255,2903
673: 1168,3479,1522,475,4384
674: 2259,3152,1219,4241
675: 1539,1494,3581,3702,1405
676: 2177
677: 4587,1010,3888,2021
678: 2857,723,2199,3827,4734
4778: 4291,321,592
4365: 2067,3229,1039,331
4414: 3079,3512,655,2272,3732
4322: 1882,241,3035,2379
683: 2490,2885,2593,3893
684: 320
685: 891,4709,586,1104
686: 3344,3133
4643: 131,4490,1822
688: 1120,905,865
689: 1785,1209,1658
690: 330,2335
691: 3125,2592,2461,3806
692: 2990,4272,1974,99,930
693: 2476,3428,2307
694: 3841,4621,4644,1083
695: 4252,1973,3358
696: 2846,4148
4289: 3366,1591,4256
698: 4771,115,4114
699: 4197,1819,4226,1123,4063
700: 4729,2196
4776: 3678
702: 1226,3395,4754,3355
703: 1122,1458,4820,756,1843
704: 2019,3799,2287,3014,1257
705: 3750,157,484,415,2570
706: 4400
707: 915,3458,1436,4031
708: 4188,4197,4394
709: 1828,2939,1765
710: 451,671,1622,4637
711: 935,4118,3781,2553,1738,3881
712: 795,80,4360,2424
713: 4599,1282,4798
714: 2023,1041,1673,4614
4667: 3682,921,163
716: 180
717: 3253,3974,3531,344
718: 
719: 3469
4809: 4298,2224,1184
721: 2006
722: 738,2026
723: 678,2857,4112,2549
724: 2185
4502: 4040
4736: 3463,2957,2036,1663,1158
727: 3533,422,1479,4316
728: 3831,2299,2340,1433
729: 965,3714,3822,1414
730: 3930,3531,3280,135,3617
731: 476
732: 578,3880,2652,3062
733: 2822,270
734: 4496,599,3432,4588,4051
735: 497,4579
736: 534,343
737: 
738: 722,3240,2699
739: 1752,304,40,3524,1973,1211
740: 1669,3555
741: 4061,1594
742: 3758,4005,1319,4769
743: 1564
744: 578,3993,4628,3880,1428
745: 
746: 2352,3631,4192,1986
747: 215,4390,4209,4193,3534
748: 1071,3932,1767
749: 
750: 1595,1134,344,3930,3531,2931
751: 1405,69,515,4727
752: 1375,124,66,3497,775
753: 2506,4017,510,2936
754: 961,400
755: 2644,101,2063
756: 4820,703
4460: 
758: 3235
4418: 4555
760: 3046
761: 
762: 2486
763: 2796,4203,1152
764: 1805,3388,2141
765: 920,1279
766: 2230,1762,1648,1604
4823: 1091,3737,1853,4201
768: 1102,2844
4775: 143,284,4646,4795
770: 3239,4296,3118
771: 381,1564
772: 571,2341
773: 
774: 2306,888,3202
775: 3497,3827,1583,752,124
776: 154,1053,3741
777: 2507,337,3307,4235
778: 1548,1264,923,2625
779: 
780: 2539
781: 1852,796
782: 3902,3101,3428
783: 3573,1223,2533,3940
784: 3751,3710,791,2831
785: 3667,3199,3800,1622,1010
786: 2929
787: 3817,1937
788: 2565,3430
789: 2699,4789,4702,3530
790: 
791: 3182,815,3710,1881,1157,784
792: 1076,4477,4101,3749,216
793: 2520,2566,1969,4150,4708
794: 128,2954,881
795: 80,712,4360,1877,1975
796: 1852,781
797: 3608,4787,1351
798: 
799: 3378,236,1452
800: 3651
801: 4012,3238,2704,2009
802: 4801,2985,4355,3409,3443,437,2055
803: 2107
804: 441,1913,4020
805: 2678,3399,3494
806: 2067,1220
807: 833,2849,4802,1707
808: 3989,3416,272,2453
4753: 3683
810: 1824
811: 3641
812: 2651
813: 315,3206,950,1486
814: 2139,470
815: 791,1157
816: 2178,1496,2068,2853
817: 3360,1294,1151,2393
4763: 1833,2779
819: 
820: 1584,1621
821: 3528
4772: 4311,3485,4505,2761
823: 1642,2547,282,2115,1958
824: 1890,1132,3823
825: 
826: 257,2430,492,3017,4074
827: 1433
828: 
829: 4545
830: 4197,1662,1819,3941
831: 2868,4345,1935
832: 3102,4726,3766,2857,4112
833: 807,2849
834: 1686,946
835: 103,3848,4745
836: 2205,3939,3045
837: 4249
838: 127,2416,1721
839: 4023,3395,278,3355
4311: 4772,22,579,4505
841: 1719,2622,367,3367
842: 
843: 2206,4243,3436
844: 2631,2087
845: 949,588,1742,2756
846: 2098,4761,3496,3313,4554
847: 617,961
848: 1843,1122,572
849: 3903,2594,1348
850: 
851: 343,3808,3308,988,2682
852: 1301,3590
4661: 3375
854: 655,4512,3706,1407,615
855: 3695
856: 
857: 263
858: 1304,1220,2605,1472
859: 2466,558,3409,354
4787: 797,1351,2582
861: 2567,1572,1349
4726: 3766,4112,832
4647: 3447,1916,1429,4424
864: 2533,1682,2215
865: 652,688,2753,905
866: 1126
867: 
868: 1288,3081,268,4605,276
869: 1250,925
870: 3398
871: 2101,2115,3088,1341,3154
872: 4189,2732,1617
873: 41,218,3168,881,4304
4529: 2534,617,1924
875: 1479,1465
876: 2741,2384,1908,331
877: 4308,1471,2212,1106
878: 1123,1727,1100,3112
879: 3687,1215,1940,474,2150,307
880: 3223,4342
881: 794,2954,41,873,218
882: 2573,1020,2913,2328,3956,2521
883: 3858,4066,2647,3859
4345: 4119,1935,831,2473,3983
885: 3673,2382
886: 1814
887: 3545,2161,419
888: 774,3233,4388
4728: 3044,2887,2657,12,18
890: 31,3052,4397,3090
891: 685,573,4709,1493,297,1104
892: 4157,3175
893: 4797,3831,2299
894: 4611,4213,2017,1751,2995,3917
895: 
896: 2731,1352,3814,2782,2630
897: 3890
898: 3780,3618,941
899: 2905
4555: 4418
901: 2759,3014,2561,2019
902: 
4473: 566
904: 2878,2191,1084,1598,4548
905: 2318,688,3646,652,865
4480: 112
4781: 106
908: 4039,4245
909: 4230,1826
910: 194
911: 3523,1218,3641,2131
912: 1602,4811,4236,3224
913: 3795,2133,2212
914: 3708,943,4533,4141
915: 707,4072,2170,1506
916: 4583,2585
917: 4229,2938,2642
918: 
919: 1981,2218,2953
920: 765,1279
921: 4667,163,1941
922: 3878,4741,1445,4144
923: 3720,1264,778
924: 2391,2229,4276,3830,3607
925: 1250,940,869,2462
926: 4467,2740,566,96
927: 3886,1413,157,3195
4427: 2573,993,2913
929: 
930: 99,2990,692
931: 4125,2004,1441,1449,3488
932: 4068
933: 3550,2334,2850,3016,618,1739
934: 4510,1082
935: 711,4118,3775,2553
936: 4329,2102,255,2804
937: 2216,4751,4444
938: 1971,4677
939: 4193,4381,4161,1933
940: 1250,925,4192,1986,2462
941: 3618,4096,2488,898
942: 424,2254,3869,4678
943: 2155,254,914,486,1330,1192,4533
944: 2899
4650: 3303,47,2050
946: 409,834,2411
947: 1408,623
948: 2084,2977,609,2520,2650
949: 845,4251,588,3081,3891
950: 315,813,3985,3333
951: 
952: 3972,3543,340,4242
4720: 3752,2193,171
954: 2277,1230,2724,2695
955: 
956: 124,66,2374,3499
957: 3071,1024,1074,2080
958: 1441,3685
959: 983
960: 
961: 754,847
962: 4486,1974,319,3722,4272
963: 1590,1725,2366,4585
964: 3394,3527,4333,3420
965: 1118,729,1414
966: 
967: 
968: 1127,155
4679: 1897,1368,3779,3242,1521
970: 
971: 338,461
972: 2893,550,2652
973: 1696,4154,992,7
974: 2570,475,484,3138,2908
975: 2272,3217,3732,2284,2792
976: 1531
977: 3919
978: 4377,1325,3465,4420
979: 2585,1011
980: 3628,3321,2460
981: 
982: 4764,3078
983: 959,2282
984: 2986,4434,2756,1618
985: 2768,2482,452,3006
986: 2905,3368
987: 102,3654
988: 1837,2682,851
989: 4637,292,3476,402,1862
990: 3448,542,51,2029
991: 94,3589,497,146
992: 4818,1696,973
993: 2197,2573,4427
994: 4053,1342,2112,1953,3304
995: 4404,1834,1213,1132
996: 4327,1133,3096
997: 2066,4376
998: 1936,1554
999: 4317
1000: 1232,2732,1299,1693
4317: 4607,999
1002: 3592,2043,2459,4601
1003: 4129
1004: 1976,3627,2069
1005: 654
1006: 645,1903,1848,3960
1007: 2661,1252,4810
1008: 3115,3935,3392,3830,2508,4093
1009: 4101,1740
1010: 3314,4587,677,3667,785,3888
1011: 1987,979
1012: 1211,4343,2442,1841,1419
1013: 4264,3055
1014: 3387,3928,129,3130,2824
1015: 2054
1016: 4680,1307,1175,1952,1471,4308
1017: 472
1018: 1150,1212,2130,547
1019: 2175,290,3777,2734,511
1020: 882,2573,2874,4719,3956
1021: 
1022: 1864,2636,2572,1990
1023: 1730,2941,123,3164
1024: 957,3071,2128,1436,2080
1025: 3448,1464
1026: 2141,3192
1027: 
1028: 3617,2164,135,166
4392: 4241,1897,368,3779
1030: 3365,3665
1031: 1577,4447,3201,3607
1032: 4593,4138,4766,3882
1033: 600,1724,3860
1034: 99,4048,4272
1035: 
1036: 2645,2834
1037: 2984,3
4785: 1708,1435,4692,342
1039: 4365,2067,1908,331
1040: 1413,1090,198,1119,4576
1041: 4504,4614,714
1042: 3846,1256,2378
1043: 442,1064,444
1044: 3587,3763,1318
4393: 463
1046: 2121,2477,282,3088,2101
1047: 
4439: 1410,3076,1898,665
4527: 
1050: 1991,65,2623
4351: 3230,4616,1575,2311,1995,1113
1052: 1224,2023
1053: 776,3741,3576
1054: 4774
1055: 1951,1621
1056: 4297,67,1362,2258
4748: 376
1058: 3910,2655,153
1059: 4199,1764,4401,4058,2657
1060: 4038,2664,3191
1061: 3058
1062: 2405,3108,3065,1086,294,3794
1063: 2455,4593,3451
1064: 193,4385,4738,444,1043,442
1065: 248,2826,1376,4508,3681
1066: 1401,2716
1067: 1990,3051,2636,5
4596: 2536,2113,2392,2627
4481: 4185,4602,3536
1070: 1563,2869,1451,1288
1071: 4535,3932,748,4711
1072: 34,1412
4313: 61,1601,468,2634
1074: 957,2080,2339,2351
1075: 
1076: 792,4101,4213,1751,4491
1077: 130,1391
1078: 587,4148,4673
1079: 213,2167,3674,1750
1080: 1919,3379,2600,1704
1081: 3024,4530
1082: 3838,934
1083: 3826,443,1638,2991,4644,694
1084: 3011,2191,904,190,3855
1085: 3021,24,2396,2265
1086: 3829,3065,1062,294,3794
1087: 1796,432,522,1429,2132
4566: 2190
1089: 3
1090: 1413,1040,198,3750
1091: 3737,4823,357,4274,2225
1092: 110,3693,4569,188,4617
4334: 2612,4122,4246
1094: 
1095: 1556,1613,3653,4009
1096: 2704,2009,4780,4649
1097: 
1098: 
4705: 173,2672,167,100,4339
1100: 3112,4226,1123,878
4489: 1213
1102: 768,2844
1103: 1386,4803,3546
1104: 3975,1677,891,685,4709
1105: 
1106: 1651,2212,877
1107: 
1108: 1967,4067,1270,4233
1109: 3858,2755,140,76
1110: 2095,75,4487
1111: 
4716: 
1113: 1995,4351,1575,55
4562: 2049,2991,4409,4476,1859,4503
1115: 2083,4606,4286
1116: 2419,2823,3674,3350
1117: 1586,4575,3707,45,2356
1118: 1836,965,4263,1732
1119: 198,1040
1120: 688,3412
1121: 1801,1543,2675
1122: 703,1458,1843,848
1123: 4063,1727,878,2344,699,1100,4226
1124: 
1125: 4099
1126: 866
1127: 968,4396,2589
1128: 549,2172,3719,4379,2735
1129: 534,4762,4347,3305
1130: 488
1131: 1456,4175
1132: 1890,824,995,1834
1133: 4822,1829,996,4327
1134: 750,1595,2931,2191
1135: 1782,2381
1136: 1475,586,4228,390,4010
1137: 1699,2475,4453,1625
4340: 
1139: 1969,4184,4708
1140: 103,3549
1141: 1816,1769,3493,3709,4758
1142: 1976,1707
1143: 4523
1144: 3961
1145: 3478
1146: 3456,3982,2571,3408,4399
1147: 
1148: 1547,2259
1149: 439,2020,4493
1150: 1018,2480,668,547
1151: 1294,4786,817,4683,2393
1152: 763,4203
1153: 1702,2746,1991,161
4416: 2068,1780,4591,1575,2129
4329: 36,2102,4573,4263,518,936
1156: 3609,3460,2329
1157: 1881,1786,815,791,3318
1158: 2957,4736,462
1159: 3129
1160: 1209,1658,2768
1161: 2266,1583,124
1162: 1735,2757
1163: 4181,4353,1217
1164: 4086,4401,1763,4058,1713
4504: 1041,4614
1166: 2858,1854,2091,3471
1167: 4465,1569,532,4721,4312
1168: 673,3479,4626
1169: 1560,4231,2210,384
1170: 1225,3637,1573,3525
1171: 1187
4811: 2974,4696,4236,912,2221
1173: 
1174: 4640,215
1175: 4198,1016,1952,1471
4575: 1117,1586,2116,1935,45
1177: 3335,1190,2798
1178: 4235,352,2295,1632
1179: 2333,3782,1439
1180: 4686,3723,89,417
1181: 3294,1243,2500,3002,4183
1182: 3544,2776,3700
4686: 1180,89,3886,2664
1184: 2224,1328,3891,2911,4809
1185: 4526,3513,3341,2480,1212
1186: 4812
1187: 1171,2997
4730: 64,628
1189: 1218,3641,2378
1190: 3335,1177,2942,345
1191: 4710,3438,4071,1747,2955,1289
1192: 1330,4533,1767,486,943
4511: 2837
1194: 4072,3252,1448
1195: 3403,1875
1196: 3015,1462,2614,2949,3511
1197: 1443,2044,4084
1198: 2760,4198,4680
1199: 3724,2513
4429: 
1201: 497
1202: 1855,1646,2357,3343
1203: 4463,2441,4506
1204: 179,3026
1205: 4534,1647,2241,3667,3888
1206: 3976,2937
4624: 505,2716,1865
1208: 1504,4443
1209: 1658,1160,689,164
1210: 202
1211: 1973,4343,1012,739,2442,3524
1212: 1018,1185,1326,2480
1213: 4489,995,1834
1214: 1626
1215: 879,3687,307,150,4019
1216: 569,1293,3856,664,2698
1217: 4353,2924,4181,1163
1218: 1189,3641,911,3228,2131
1219: 323,3152,674
1220: 3647,806,858,1472,3043
1221: 
1222: 2447
1223: 1795,4360,3852,783
1224: 1809,1052
1225: 4752,1170,3637,3829
1226: 702,4751,4634
4810: 1252,1007,2884
1228: 4047,4094,3856,3424
1229: 1543,4155,2675,621
1230: 3370,2724,3899,2695,1394,954
1231: 1457,4556,3541
1232: 2732,1299,1000,1693
1233: 595
1234: 4206,4685,2198,151
1235: 3544,2994,2716
4495: 3757,4674
1237: 2529
1238: 
1239: 4755,1263,4210
1240: 2127,2280
1241: 3769,494,3601
1242: 2221,4794,2142
1243: 3002,1181
1244: 1358
1245: 372,635,654
1246: 3289,1953,1422
1247: 1706,422,1992
1248: 
4446: 2294
1250: 925,940,2491,869
1251: 3257,2235,3740
1252: 1007,4810
1253: 54,1593,31,2065,205
1254: 4651,57,3434
1255: 1372,3712,3870
1256: 3846,1042,2216
1257: 704,3799,2759,3014
1258: 3776,371,2006
1259: 2886,3336,2630,2043,2580
1260: 3320,1768
1261: 455,3809,2803,1745
1262: 4270,4663,127,1965,2416
1263: 4314,211,1239
1264: 1548,778,923,4016
1265: 3173,1712,4531,2426,605
1266: 217,3164,4670,2117
1267: 424,2254,3637,3829
1268: 2310,648,2918,366,2736
1269: 
1270: 2219,4067,1108,4233
1271: 
1272: 1275,3492,3786
1273: 84
1274: 
1275: 4538,1272,438,414,3492
1276: 4564,188,4218
1277: 4678,2760,2850,2558,2334
4308: 877,1307,1016,1952,1471,2212
1279: 347,920,765
1280: 1466,2025
1281: 4642,4079,4278
1282: 2557,3815,4798,713,4599
1283: 2862,4743
1284: 1613,4682,580,1423,3951,1556,2540
1285: 2370,583,2451,1910
1286: 2317,3629
1287: 179
1288: 3081,868,1451,4605,1563,1070
1289: 40,3009,1191,4071,2955,304
1290: 
1291: 2996,4806,1667,2678
1292: 
1293: 3068,569,1216,2698,3899
1294: 1151,3360,817
1295: 1532,3252,1448,411
1296: 4770,2031
1297: 3447
1298: 3034,2729
1299: 1232,2732,1617,1000,1697
1300: 1785,1658,2482,4354
1301: 852
1302: 2831,1384,4363
1303: 1956,1939,4581,2217
1304: 1367,858
4737: 2248,171
1306: 
1307: 4680,1016,4308,1870
4411: 3590
1309: 4485,1385,496,3319
1310: 2660,3301,2793
4436: 
1312: 4530,4079,2656
1313: 2370
1314: 1938
1315: 3148,4031,3071
1316: 2795,1888,385,16,2128
1317: 3114,1978
1318: 1665,3934,3587,1044
1319: 4769,4548,3768,2070,742
1320: 2667
1321: 4804,3916,3743
1322: 38
1323: 1433,116,2914
1324: 3391,3987,2229
1325: 978,4377,579,1871
1326: 3111,4096,2488,1212
1327: 4655,4078,3682,3955
1328: 1184,4251
1329: 207,1362,509
1330: 1192,4533,943
1331: 3008,90
1332: 
1333: 
1334: 
1335: 3157
4404: 995,2645
1337: 3504
1338: 2902,1700,413,3444
1339: 4359,2152
1340: 3931
1341: 3768,3088,871,2070
1342: 994,2112,1605,3183
4672: 2921,1811
1344: 347,1903
1345: 
1346: 1715,2230,4455
1347: 
1348: 849,2848,2432
1349: 2539,861,2567
4558: 1851
1351: 797,4787,2854
1352: 1898,665,2855,3814,896,2731
1353: 434,1480
1354: 4140
1355: 3862
1356: 
1357: 3275,657
1358: 4674,1244
1359: 4646,3135,4795
1360: 3866
4335: 4695
1362: 4628,509,2258,1329,1056
1363: 3300,577
1364: 
1365: 3261,3516
4571: 2711,3543,12,4199,18
1367: 396,1304
1368: 1897,4679,1521
1369: 4212,1863,3196,1835
1370: 1590,3509
4294: 2675,621,193
1372: 1255,2654
1373: 3623,1840
1374: 4688,312,3519,4037
1375: 752,3497,4391,4118
1376: 4508,2635,1065
4463: 1203,3001,3948
1378: 3038,2685
1379: 
1380: 3910,2655,4640,2280
4759: 409
1382: 21,2245,2771,2892
1383: 1689,3787,2658
1384: 2831,1302,1881,2751,3472
1385: 4485,1309,496,4470
1386: 1103,4803,2714,1949
1387: 
1388: 2563,247,3811
1389: 2791,4764
1390: 2533,3216,3573,2764
1391: 1077
1392: 4442,4588,1511
4644: 2049,2991,4224,4621,4707,694,1083
1394: 1895,1948,3068,1230,3370,3899
1395: 229,4576
1396: 2187,2090
1397: 4211,4134,1706
1398: 2110,1981,579,4713,2712,22
4403: 4131,4106,82
1400: 2791,3078,4764
1401: 1066,1693,3600
1402: 470
4302: 3729
1404: 3940,168,4662,3224
1405: 751,675,3702,3080,4727
1406: 2841,2012,4355,3443
1407: 3312,3471,2858,854,4512
1408: 947
1409: 2765,3684
1410: 3076,4439
1411: 2104,4407,1424,4085,2372
1412: 1072,34,91
1413: 3886,1040,927,1090,3750,157
1414: 3372,3964,3714,965,729
1415: 2935,3246
1416: 2185
1417: 3362,3317,2867,3130
1418: 98,4002,4399,3074
1419: 4165,4343,1012,1841
1420: 1767,1793,3901,3932,298
1421: 4475
1422: 4501,2828,3304,3255,1246
1423: 3478,3951,580,1284,4682
1424: 1636,4085,1411
1425: 3045,4216
1426: 4475
1427: 
1428: 3880,481,1946,4628,744
1429: 1796,1087,2132,4647,1916,1914
1430: 2355,3696,2160,519
1431: 2072,536,3465,3682
1432: 4252,4712,1972
1433: 1323,827,728
1434: 3558,2483,3978
1435: 4785,1708,3519,1912
1436: 2128,1488,707,1024
1437: 2601,425
1438: 3700
1439: 2633,4747,3389,1179,3782
4708: 4184,4150,1969,1139,793
1441: 958,3685,373,931,3488
1442: 
1443: 1553,2386,1197,4084,3825
1444: 203,3838,2816
1445: 4721,1541,4741,922
4749: 2829
1447: 3591,2157
1448: 1998,3977,411,1295,3252,1194
1449: 2100,3685,4125,931
1450: 4079,1576
1451: 2869,3821,1070,1288
1452: 799,3970
4615: 2963,1529,3165,3914
1454: 90,1997
1455: 2659,2419,4383,2401,3935
1456: 1131,272,4175,2453,3208
1457: 4556,1231
1458: 1122,703,1502,2465
4599: 713,1282,3815
4685: 4456,2198,1234,433
1461: 349,2582,387
1462: 2614,2417,2949,1196
1463: 4396,3209,1815
1464: 3448,1025,3494
1465: 3882,4450,875,4165,4766
1466: 1280
1467: 
1468: 3635
1469: 3420,3012,3188
1470: 407,3600
1471: 1952,2212,4149,1175,1016,877,4308
1472: 2605,3320,3043,1220,858
1473: 3082,3275
1474: 4526,3111,4065,2962
1475: 1136,586,4010,2408
1476: 640,2744,3800
1477: 4109,3413
1478: 
1479: 2820,875,422,4207,727,4316
1480: 434,1353
4428: 3331,3553,2797,2089,2638
1482: 
1483: 2300
1484: 4386,4212,260
1485: 3859,4426,3220,432
1486: 4073,2357,3018,813,3083
1487: 1549,2413,3004
1488: 2128,1436,1506,385
1489: 351,3861,2973
1490: 3250,4738,2205
1491: 2677,312,4037
1492: 4354
1493: 3959,2853,1496,891,573
1494: 1539,675,3581,2864
1495: 495,3454,2950,4660
1496: 4665,2178,816,1493,2562
1497: 4425
1498: 
1499: 572,2487,1601,2634
1500: 
1501: 34
1502: 321,1458
1503: 4147,4048
1504: 1885,1208,4443
1505: 2906
1506: 2510,4072,915,1488
1507: 3649,2137,1961,81
1508: 45,4119,3645,1553
4723: 568,2208,2758,3883
4653: 
1511: 1551,1392,1968
1512: 4604,2314
1513: 2074,285,4657,1545
1514: 1745,2146,1597,569
1515: 427,3080,598,2750
1516: 3640,3405,576,3155
1517: 2531,2461
4568: 
1519: 128,2881,3481
1520: 2133,576
1521: 79,4679,1368,3242
1522: 2570,475,3690,673,3479
4443: 1208,1504
1524: 3967,4051,4180,4116
1525: 3772,116,445,2914
1526: 3926,1855,1573
1527: 
1528: 4725,4005,4640,3910
1529: 2649,3024,4497,3914,4615
1530: 542
1531: 2930,341,976
1532: 1295,2615,3252,1661
1533: 1869,3316,334,3584
4421: 4359,395,2152,2340,2299
4820: 756,703
1536: 2779,2331,3931
1537: 
1538: 3686,74
1539: 3297,1494,675
1540: 2186,4291,1607,2176
1541: 4449,4741,4721,1445
4518: 3349,3037,3415,4733,3149
1543: 1229,1121,2675
1544: 3396
1545: 3258,2074,1513,4657
4510: 934,3633
1547: 1148,2259
1548: 2417,1264,778
1549: 3004,1487
1550: 4076,2275
1551: 4357,3204,1511,1968
1552: 2564
1553: 1443,2706,4597,3645,1508
1554: 998,2666
1555: 
1556: 2540,4100,1284,1613,1095
4475: 1421,1426
1558: 604,4449,4741,3878
1559: 364,2409
1560: 1169,3522,3803,4295
1561: 2244
1562: 173,1619,4339
1563: 1070,2911,1288,3081,3891
1564: 771,743
1565: 
1566: 1814,2064
1567: 2919,620,4252,4712,3358
1568: 
1569: 4465,1167,2785,4111,4721,4312
1570: 3914,2123
4503: 1687,4562,4409
1572: 861
1573: 1855,1526,1170,4492
1574: 
1575: 4351,3230,1113,1780,4416,55
1576: 4079,3302,1450
1577: 4447,2528,3201,1031,2771,2892
1578: 4142,3106,2278,4609
1579: 638,3256
1580: 
4543: 3790
1582: 1772
1583: 2266,9,3827,775,1161,124
1584: 820,519,2050
1585: 4466
1586: 1117,4575,2116,2721
4449: 1541,4741,1558
4323: 503,3349,2888,3785,3110
1589: 
1590: 1370,963,2366
1591: 4289,4256
1592: 2296
1593: 1253,31,435,205
1594: 3621,3605,741
1595: 750,1134,344,4469
1596: 
1597: 3298,1514,1745,2665
1598: 2878,2191,904,4406
1599: 3454,4635
4476: 1859,1687,4562
1601: 1499,4313,2634
1602: 912,3940,3852,1975,3224
1603: 3872,4729
1604: 1933,4381,1783,2230,766
1605: 1342,602,4254,426
4539: 3647
1607: 3301,2176,1540,2186,1854
1608: 2357,3083
1609: 4461,2709,2531
1610: 2643,3385,2778
1611: 667,3007
1612: 2993,3032,563,4075
1613: 1284,4682,1556,1095
1614: 
1615: 
4610: 3327,4087,28
1617: 2732,1299,4297,872,1697
1618: 2861,984,2233
1619: 4339,4071,1562,2748
4553: 3147
1621: 1951,1055,820
1622: 3199,3800,785,451,710
1623: 3840
1624: 2893
1625: 2538,1137
1626: 1214
1627: 
1628: 4145,245,4669,2076
1629: 2510,663,16
1630: 1866
1631: 4793,1823
1632: 3976,2295,1178
1633: 1739,4438,3020
1634: 1892,2220,3376
1635: 1760,4688,267,4189
1636: 530,1424,4085,4464
1637: 1944,4750,1853
1638: 3826,1083,443,2991,4409
1639: 2503,3818,3252,2170,4064
1640: 445,2735,1675
4453: 2538,1137
1642: 823,3325
1643: 369,4464,125,460,4563,2980
1644: 2188,4378,3179
1645: 
1646: 1855,1202,3343
1647: 4534,1205,239,3754
1648: 3328,4010,1985,766,1762
1649: 3268,4065,305,3341,4526
4387: 
1651: 1106,3559,1842
1652: 
1653: 3539,2239,251
1654: 
1655: 
4671: 3712,2749,3272,3974
1657: 375,1789,2915,517
1658: 1785,1209,1160,1300,2482,689
4492: 3470,300,1573
4556: 1457,2450,1231
1661: 1532,2615,3193,3818
1662: 3759,4197,830,4188
1663: 2467,4736
1664: 2215,350,547,1682
1665: 1318,3934,1764,1802,4633,4718
1666: 452
1667: 2678,1291
1668: 
1669: 740
4469: 478,3074,1595,344
4432: 3053
1672: 2811,637
1673: 2023,714
4589: 319,2408,2140,1762
1675: 4059,2735,1640
1676: 3475,487,494,4724
1677: 3975,1104,338,4691
1678: 3812,2337,3486
1679: 3105,3873,3054,2062,404
1680: 1989
1681: 
1682: 547,1664,2215,864
1683: 4057,3412
1684: 4270,527
1685: 2439,2616,3558
1686: 609,834,2650
1687: 2209,82,4476,4503
1688: 2514,2654,3851,3069
1689: 3245,1383,3787
1690: 
1691: 
1692: 3256,4341
1693: 3600,1232,1000,1401
4617: 2337,3610,1092,3812
1695: 122,4039
1696: 973,2136,992
1697: 2377,4297,3993,1299,1617
1698: 4770,4042,2031,2606
1699: 1137,1820,2288
1700: 2502,3376,1338,2902
1701: 2381,2835,2890,669
1702: 1153,2746,174,1723,1991
1703: 625
1704: 3379,1080,653,2600
4455: 3171,1346
1706: 1247,4693,1397
1707: 807,2274,1142
1708: 4785,267,1435,4688
1709: 4292,505,616
1710: 180
1711: 2211
1712: 3173,1265,1738,2426,4003
1713: 4058,4239,4742,1164,1763
1714: 
1715: 2127,1346
1716: 4755,3568,4210
4774: 2780,1054,259
1718: 454,2122
1719: 3159,841,3367
4419: 3430,2870
1721: 2416,838
1722: 3195,3372,3964
1723: 2639,2530,1702,2746,174,594
1724: 2610,3860,1033
1725: 4585,963
1726: 4687
1727: 1123,878,2344,604
4579: 735,3446,1905,3063
1729: 2868,4157,3532
1730: 1023,2327
4516: 
1732: 1836,1118,4263,4623,2597,3715
4712: 1432,4252,620,1567
1734: 4152
1735: 1162,3784
1736: 2770,2986,4498
1737: 2304,3300,3767
1738: 711,167,3881,1712
1739: 618,1633,3016,933
1740: 4517,433,1009
1741: 2005,3586,3744
1742: 3280,268,2353,845,588
1743: 308,664
1744: 6
1745: 1514,2803,1261,1597
1746: 485,555,104
1747: 2730,2955,4710,3438,1191
1748: 3649,2137
4584: 2200,88,3183,3626,2996
1750: 3404,1965,1883,213,1079
1751: 2316,2995,894,1076,4491
1752: 1972,304,739,1973
1753: 
1754: 2368,4180,3967,3180,4231
1755: 
1756: 2203,2825,4656
1757: 3731,3335,4300,48
1758: 2010,4745
4670: 2327,415,1266
1760: 1635
1761: 3103,3106
1762: 2140,766,1648,4010,2408,4589
1763: 4086,1164,3085,2187,1713
1764: 1059,4199,1802,4058,1665
1765: 1996,709
1766: 2700,594
1767: 1420,1793,486,3932,748,1192
1768: 2227,3320,3043,1260
1769: 1816,1141,2305,349,2582
1770: 2436
1771: 1964,2189,2431
1772: 1582,35
1773: 335
1774: 626
1775: 4498
1776: 
1777: 2548
1778: 4166,622,2110,2218
1779: 4440
1780: 2068,4416,1575,55,2646,3612
4424: 2114,4647,2514
1782: 1135
1783: 4381,1604,1933
4623: 2597,1732,527,518,3109
1785: 1658,1300,689
1786: 3609,3460,1157,3318
1787: 
1788: 3169,2129,177,1844
1789: 1657,4754,3355,4023
1790: 3235
1791: 3719,2474,4485,496
1792: 1925,3577,2346,2131
1793: 1767,1420,3901,486,2295
1794: 2962,3691
1795: 1223,2424,607
1796: 432,1087,1429,1914,3821
1797: 4372,2845
1798: 3491,3104
1799: 214,4601,4396,2589,3366
1800: 
1801: 1121
1802: 4199,1764,1665,4633
1803: 217,3164
4678: 2760,1277,424,942,2558
1805: 764,3606,3388
1806: 3530,3343,4789,3525
4370: 2448,2896
1808: 3585,3569
1809: 1224,1824,1866
1810: 326,3503,2415
1811: 4672,2921
4680: 1307,1016,2760,1198,2334
4641: 232,242,4461
1814: 1566,2064,886
1815: 2203,4319,1463
1816: 182,1141,1769
1817: 
1818: 2008
1819: 2048,3941,699,830,4226
1820: 1699,2475,2288,2034
1821: 659
1822: 131,4643,653,3108,4438
1823: 2487,1631
1824: 810,1809
1825: 662
1826: 909
4482: 2932,1868,4425
1828: 2939,709,4173,2338,2046
1829: 2776,3700,1133,4822,4327
1830: 
1831: 335
1832: 
1833: 4763,3453,2779
1834: 995,1213,1132
1835: 1369,4212,336
1836: 1118,1732,2279,3715
1837: 988,4808,394
1838: 4018,2998,3418
1839: 3286
1840: 4750,1373
1841: 2820,1012,1419
1842: 2922,1651
1843: 848,1122,703
1844: 2108,3169,1788,177
4336: 93
1846: 3720
1847: 
1848: 3960,2145,1006
4534: 1647,1205,663,3754,3888,646
1850: 4438,3794,3016
1851: 4558,2616,4746,4006
1852: 781,796,2591,3122
1853: 4750,1944,1637,4201,4823
1854: 1166,2186,1607,3301
1855: 1202,1646,1573,1526
1856: 26,4462,4703
4773: 3536,3980
1858: 
1859: 4476,1926,3204,4707,4562,2049
4338: 
4530: 1312,1081,2308
1862: 2266,9,402,3136,989
1863: 1369,4532,3196
1864: 1022,292,2266,2572
1865: 2765,4624,505
1866: 1630,1938,1809
1867: 2313
1868: 4425,2932,4482
1869: 1533,334
1870: 2922,1307,49,3550
1871: 579,3153,4713,1325
1872: 4445,4692
1873: 3277,2692,2214,4814
1874: 3981,3987,3201,3391
1875: 2937,3176,1904,1195
4496: 734,599,3432
1877: 2097,624,795,3258,1975
1878: 4394,2344
1879: 3476,402,2478,3136
4389: 1989,623
1881: 1157,791,2751,1384
1882: 4322,241,3762,3410
1883: 2804,4663,1965,1750
4442: 1392,4224,1968,4621,3841
1885: 4681,1504
1886: 4488,4587,2028
4372: 1797,2845
1888: 2795,1316,2028,385,2021,16
4297: 1056,67,1697,1617
1890: 1132,824
1891: 4815,3545
1892: 1634,4000
4677: 3075,3506,938,154,2226
1894: 2449,3862
1895: 1394,1948,3370
4743: 1283,3041
1897: 4241,4392,4679,1368
1898: 1352,665,3076,4439,3592,3814
1899: 
1900: 3131
1901: 
1902: 2317,4819
1903: 2680,3119,3960,1344,1006
1904: 3069,175,1875
1905: 3565,2435,3446,4579,3063
4355: 2012,3409,3443,1406,802
1907: 4689
1908: 331,876,1039
1909: 3778,3676,4618,2719
1910: 2586,2370,1285
1911: 
1912: 3519,1435
1913: 441,804
1914: 1796,1429,3821
4286: 2083,1115,3624
1916: 3447,4647,2132,1429
1917: 4789,4702,2640
1918: 252,4046,2841
1919: 3214,1080,4598,300
1920: 
1921: 2780,2059
4485: 1309,1385,496,3319,2474,2057,1791
1923: 3330
1924: 3847,4529
1925: 1792,3577,2207
1926: 3204,3980,1859
1927: 247,3601,4803,3546
1928: 327
1929: 538
1930: 
1931: 3511,392,59
1932: 
1933: 1604,2127,939,4381,1783
1934: 3614,2847
1935: 4345,4119,831,2116,4575
1936: 998,313
1937: 2613,4098,2436,787
1938: 1314,1866
1939: 1303,1956,4784
1940: 879,3687,3936,141,474
1941: 2792,921
1942: 199
1943: 2646,4479,3792,438,4538
1944: 1950,529,1637,1853,4201
4799: 3117
1946: 3326,4628,481,1428
1947: 2745,3064
1948: 3298,2543,3068,1895,1394
1949: 2714,4083,1386,3185
1950: 1944,529,3922
1951: 1621,1055
1952: 1471,4149,1175,1016,4308
1953: 1246,994,4053
1954: 2515,3969
1955: 3803
1956: 1303,4784,1939,4581,4186,2852
1957: 3051,3042,451,671,2126
1958: 2115,823,3325,640
4500: 3542,3396,4694
1960: 
1961: 3649,1507,81,3571,3883
1962: 4454
1963: 2984,169,3137
1964: 368,1771,2431,2687
1965: 3404,2416,1750,1883,4663,1262
4361: 
1967: 1108,4067
1968: 4224,4707,1511,3204,1551,4442
1969: 1139,4019,793,4708
1970: 4821,2812,2915,3178
1971: 2264,938
1972: 1752,304,2748,1432
1973: 1211,4343,1752,739,695
1974: 4486,962,4272,692
1975: 1602,3852,795,4360,1877
1976: 1142,4666,1004
1977: 4431,2618,3126
1978: 1317,3114
1979: 
1980: 2181,3964,36,4573
1981: 919,2218,2110,1398,22
4683: 3190,1151,4786,2393
1983: 293,591
1984: 
1985: 4381,1648,3328
1986: 2462,3212,940,746,3631
1987: 1011,2953,2968
1988: 
1989: 623,4389,1680
1990: 1067,1022,2636,2572,2959
1991: 1050,65,1153,1702
1992: 422,4207,1247
1993: 2730,3436,3582
1994: 4304,41,2432
1995: 1113,3225,3760,2311,4351
1996: 4257,3874,4264,1765
1997: 236,1454,90
1998: 1448,3977,411,2119,4468
1999: 4306,498,3312,3316
2000: 3025,3274
2001: 502,3689,3772
2002: 2723,2171,4746,260
2003: 2364,3163,2669
2004: 4125,931,456
2005: 1741,4363,3744
2006: 3776,1258,721
2007: 2988
2008: 1818
2009: 1096,2704,4649,801
2010: 1758,3889
2011: 4541,3121
2012: 4355,3409,2841,1406
4805: 4141,72,2788
2014: 
2015: 4625,3227,3087,77,123,38
2016: 4478,2583
2017: 4611,894,656,3917
2018: 3324,435,4070
2019: 2648,4015,704,2287,901,3014
2020: 439,1149
2021: 646,16,4587,677,1888
2022: 3060
2023: 714,1673,1052
2024: 2597,3715,3771,3109
2025: 1280
2026: 439,4493,722
2027: 4448,4268
2028: 2795,1888,1886
2029: 3905,990,51
2030: 3502
2031: 4770,4042,1698,2789,1296,4245
4682: 1284,1613,1423,3951,3677,491
2033: 2836,3584,4172
2034: 2288,1820
2035: 2342,4284,598,3737,357
2036: 4736
2037: 4447,3201
2038: 252
2039: 4658,2642,4208,4122,4229
2040: 
4479: 3792,55,2646,1943
2042: 4523
2043: 3814,1002,2580,3336,2630,1259
2044: 3707,1197,3382
2045: 
2046: 1828,4173,2338
2047: 
2048: 1819,3941,2437,4083
2049: 4562,2991,4409,4644,1859,4707
2050: 4253,519,1584,4650
2051: 3395,278,3487,2608
2052: 409,3551
4464: 369,1643,1636,2980
2054: 1015
2055: 558,802,3409,437,3474
2056: 4243,2767,2690,3785,4551
2057: 2474,2621,4485,3319
2058: 
2059: 1921
2060: 2834
2061: 2871,91,2313,3603,3461
2062: 1679,404
2063: 755,101,86
2064: 1814,1566,3352
2065: 205,3490,1253,54,3655
2066: 997,4445,510
2067: 4365,1039,806
2068: 1780,4416,3612,816,2853,4285
2069: 3627,1004
2070: 1319,1341,3768
2071: 2576,2961,4517,2621
2072: 1431,536,4580,3465
4363: 1302,2005
2074: 1513,285,1545,4696,4236
4347: 1129,587
2076: 4168,1628
4300: 48,3067,3731,1757,232
2078: 3849,3268,141,3936,305
2079: 4513,253
2080: 4049,4471,957,1024,1074
2081: 
2082: 650
2083: 1115,4286
2084: 948,2977,624,2650,3473,2484
2085: 
2086: 
2087: 844,2631,3126
2088: 623
2089: 2552,4123,4428,2797
2090: 2901,2950,3591,4109,1396
2091: 2883,2761,1166,2858
2092: 3666,4307
2093: 4328
4358: 
2095: 1110,75,4382
2096: 
2097: 1877,3258,4236
2098: 846,4761,2714,4557
2099: 4186,2620,3798
2100: 221,1449
2101: 2115,871,1046,3088
2102: 36,4329,4573,255,936
2103: 4742,46,2157,2291
2104: 4407,3090,1411,4397
2105: 3445,3039
2106: 2626,3939
2107: 4260,4095,803
2108: 1844,3374,2545,584,177,3962
2109: 3566,2417
2110: 1398,1778,3417,1981,2218,2712
2111: 4091,2692,2414,403
2112: 994,1342,4501,3304,3183
2113: 4596,3066,2392,4544,4655
2114: 4424,2514,2654
2115: 2101,1958,871,282,823
2116: 3186,1935,1586,4575
2117: 217,1266,3844
4498: 1775,2986,1736
2119: 3681,363,248,1998,4468
2120: 3985,3381,2158
2121: 1046,2477,282,2164,166,2547
2122: 3652,454,1718
2123: 2308,3733,1570
2124: 4804,3916,482
2125: 4465,3893,4352,4111
2126: 593,4488,3042,1957
2127: 1715,1933,1240
2128: 1436,1488,385,2795,1316,1024
2129: 3169,1788,4591,2213,4416
2130: 350,1018,547
2131: 4106,3228,1218,911,1792
2132: 3238,1916,1087,522,1429
2133: 913,576,1520
4585: 2366,3802,133,3889,1725,963
2135: 3845,2785,2613
2136: 1696,3933,2531
2137: 1748,3649,1507,3232,235,2208
2138: 4148,3595
2139: 814,348
2140: 2230,1762,4589,3171
2141: 3192,764,1026
2142: 4794,3834,1242
2143: 4572
2144: 2783,3973,4267
2145: 3434,1848
2146: 3424,1514,569
2147: 
2148: 
2149: 3826,443,3911,654,372
2150: 307,3218,474,879
4658: 2039,2642,4208,3759,4188
2152: 4359,395,4421,2340,1339
4804: 1321,2124,3540
2154: 3179,2281
2155: 254,943,486,3976
2156: 
2157: 628,46,1447,3591,2103,4742
2158: 3956,2521,2120
2159: 4066,4315,2647,4800
2160: 519,1430
2161: 4139,3545,3044,887
2162: 
2163: 
2164: 3617,1028,2931,2121
2165: 567,4267
2166: 2234
2167: 3262,1079,2568,2822
4788: 
2169: 3514,4532,2422,2709
2170: 4072,1639,4064,915
2171: 4746,336,2002,2877,3669
2172: 549,1128,4744,3719
2173: 
2174: 
2175: 4591,290,1019,3230,4616
2176: 1607,1540,4291,2676
2177: 676,46
2178: 4665,1496,816,2249
2179: 3554
4777: 3070
2181: 1980,429,2245
2182: 4549,122,3510,3034,2729
2183: 
2184: 3630,2217
2185: 724,1416
2186: 1540,4622,1854,1607
2187: 1396,3085,1763
2188: 1644,4378
2189: 2737,1771,2431
2190: 313,2358,4566
2191: 3011,904,1084,1598,1134,190
2192: 195,2829
2193: 425,243,2237,3752,4720
4422: 4458,3919
2195: 3900
2196: 4729,700
2197: 2874,993
2198: 4685,1234,151,3260,433
2199: 9,3136,678,3827,4734
2200: 4584,601,3036,3626
2201: 388
2202: 47,3402
2203: 1815,1756,2825,4319
4666: 3865,1976
2205: 3939,836,3160,3250,1490
2206: 503,4499,843,605
2207: 4765,3577,2439,1925
2208: 2758,3284,3649,2137,3883,4723
2209: 1687,3784
2210: 4231,271,1169
2211: 1711
2212: 1471,877,4308,913,1106
2213: 4591,290,511,3169,2129,177
2214: 2692,4814,1873
2215: 1664,1682,864,2373
2216: 4751,937,4444,1256
2217: 4581,2184,1303
2218: 1981,919,1778,2110
2219: 1270,412,4233
2220: 1634,3376
2221: 4662,4811,1242,4794
2222: 3032
2223: 3266,2978,2395
2224: 1184,2911,4809
2225: 3581,2864,4274,1091,357
2226: 2680,4677,154
2227: 1768,2997
2228: 84,3813
2229: 1324,3267,2391,924
2230: 2140,766,1604,1346
2231: 3413,4086,3085,3279
2232: 2993,3466,3578
2233: 1618,2770,2635
2234: 2166
2235: 4525,575,1251,3740
2236: 4273
2237: 2193,425
2238: 
2239: 1653,3511,251
2240: 
2241: 640,3325,1205
2242: 2925,318,3321
2243: 
2244: 1561,4356,4250
2245: 4384,429,156,2181,1382
2246: 4362,3359,326,3503,337
4526: 1474,1185,1649,4065,3513,3341
2248: 3369,171,4737,3210
2249: 3353,3962,2178
4309: 600,3312,4306
2251: 4519
2252: 
2253: 4269
2254: 942,1267,3854,3869
2255: 4052,3718,672
2256: 3846,4634,375
2257: 
2258: 1362,1056,3993
2259: 674,1547,1148,4241
2260: 2651
2261: 
2262: 3767,2976
4634: 4751,1226,4754,3846,2256
2264: 2863,1971,614,3925
2265: 1085,24,2396
2266: 1583,1862,292,1864,1161
2267: 4240
2268: 
2269: 3949
4699: 3378,4225
4535: 1071,3932
2272: 3217,975,3732,4414,334
2273: 3162,2449,571
2274: 1707
2275: 3417,1550,13
2276: 
2277: 954,2596,3854,2724
2278: 1578,3106,4609,2315
2279: 3198,1836,3715
2280: 2549,1240,1380
2281: 3179,2154,3634
2282: 983
2283: 
2284: 2792,3987,975
2285: 2602,4179
2286: 3170,3411,3716,530,2980
2287: 3799,3626,2019,4015,704
2288: 3627,1699,1820,2034
4549: 2182,3892,3510,3034
2290: 
2291: 3211,2103,4792
2292: 2944,3539,4298
4607: 4317
2294: 4446
2295: 1793,3901,1178,352,1632
2296: 113,1592,638
2297: 3718,3194
4312: 4721,1569,1167,2785,2830
2299: 728,3831,2340,4421,893
2300: 1483,3572
2301: 3523,3577,2439
4621: 4224,4442,4644,694,3841
4352: 3893,2125,4111
2304: 2453,3208,1737
2305: 358,387,2339,349,1769
2306: 774,593
2307: 693,4190
2308: 2123,3733,4530,2593,4246
2309: 3120
2310: 1268,648,366,4450
2311: 3760,2563,4351,1995
2312: 3787,265,2576,2621
2313: 2641,1867,3461,91,2061
2314: 1512,3703,3167
2315: 3416,3106,2278,4175
2316: 1751,2995,2989,4491
2317: 1286,1902,4819,19
2318: 2571,3408,905,3646,98
2319: 419,3926
2320: 3212,4413,2992
2321: 59,392,3663,2594
2322: 4331,418
2323: 
2324: 4327
4592: 
2326: 2800,2411,2781
2327: 415,4670,1730,198
2328: 2827,2913,882,4109
2329: 227,3663,1156
2330: 2430,4214,3017,431,3639
2331: 3931,2406,1536,2779
2332: 642
2333: 1179,3782,4474,4056
2334: 3550,933,2760,1277,4680
2335: 2577,330,690
4362: 2246,4780,337
2337: 4617,3357,3610,3812,1678
2338: 2921,1828,2939,2046
2339: 2305,358,1074
2340: 728,2299,2152,4421
2341: 772
2342: 2035,598,3737,357,427
2343: 
2344: 1123,1727,1878,4394
2345: 3616,3761
2346: 4106,3228,1792
2347: 447,4076,263
2348: 379,471
2349: 
2350: 2919,620,332,399,2359
2351: 3493,1074,4471
2352: 746,3631,4770,4014
2353: 2749,276,268,3974,1742
2354: 
2355: 1430,3696
2356: 3107,1117,3453
2357: 4073,1608,1486,2640,3083,1202
2358: 2190
2359: 399,4369,620,2350
4407: 2104,3090,1411,54,3655,2372
2361: 2601
2362: 3958,3182,3903
2363: 
2364: 3267,2391,4093,2669,2003
4384: 2245,475,673,156
2366: 4585,133,1590,963,2842,3705
4405: 
2368: 3604,1754,4180,3967,4231
2369: 2751,3318
2370: 583,1285,2451,1313,1910
4727: 515,3080,751,1405
2372: 3655,3620,4143,4407,1411,530,4085
2373: 3216,2215,271
2374: 3037,956,3499,3415
2375: 3832
2376: 
2377: 1697,578,3993,3062,407
2378: 1042,1189
2379: 2696,3716,4322
2380: 3791
2381: 1701,3213,1135
2382: 2982,885
2383: 
2384: 2766,876,331,3229
2385: 3207,4279,3537,184
2386: 1443,2706,2639,2530,4084,3825
2387: 
2388: 4016
2389: 3282,3194
2390: 3222
2391: 3267,924,2364,2229,3830
2392: 2627,3844,4596,2113,4544
2393: 2772,1151,817,4683
2394: 2413
2395: 3999,516,2223
2396: 1085,3021,2265
2397: 
2398: 
2399: 3806,3824,4768
2400: 3482,3949
2401: 2419,2892,1455,2659
2402: 
2403: 3109
2404: 4260,4600
2405: 1062,2600,4752,3470,3065
2406: 3382,4007,2779,2331
4532: 2169,2709,1863,3196,3952
2408: 4589,4010,1475,1762
2409: 2996,88,426,1559
4301: 2997,2617
2411: 2800,946,2326
2412: 3947,3269
2413: 3004,3547,2394,1487
2414: 2111,4091,2692,4814
2415: 1810,3359,326,352
2416: 3404,1965,127,1262,838,1721
2417: 1548,2109,1462
2418: 
2419: 1116,2401,1455,2823
2420: 246,2608
2421: 3704,2895,2826
2422: 2169,3514
4654: 3116
2424: 1795,4360,607,712
2425: 3146
2426: 4733,4531,1712,1265
2427: 4718,3587,4603,4217
2428: 370
2429: 2891
2430: 2330,826,257,3639
2431: 2189,2737,1964,1771
2432: 2848,1348,1994
4600: 2404,4260,4095,2741
2434: 3039
2435: 3565,1905,3446
2436: 1770,1937
2437: 2048,4083,2603
2438: 
2439: 1685,2301,3577,2207
2440: 4346,4262
2441: 25,1203,4506
2442: 3524,1211,1012
4494: 384,3604,3100
2444: 2912,2738,3503
2445: 430,4433
2446: 650,4684
2447: 1222
2448: 2896,4370,296
2449: 3862,397,1894,2273
2450: 4556
2451: 2370,583,1285,25,2745
2452: 
2453: 2304,808,1456,272
2454: 
2455: 1063,3780,599
2456: 3690,4544,4655,4626,3479
2457: 
2458: 2956,2601
2459: 3209,3592,1002
2460: 980,3946
2461: 4768,3952,1517,3806,691
2462: 1986,3212,925,940
2463: 2727
4299: 
2465: 1458
2466: 859,558,65
2467: 1663,3463
4396: 1463,3209,2589,1127,1799,4601
2469: 306,32
2470: 4022
4305: 3018,3788,4701,2588
2472: 4045,394,3211
2473: 4760,4345,3983
2474: 2057,2621,1791,4485
2475: 1137,1820
2476: 3428,693,3101,3611,3360
2477: 2121,1046,4406
2478: 3476,1879,111
4514: 4088
2480: 3158,668,1185,1150,1212
4745: 1758,835,103
2482: 1658,1300,4354,4168,2768,985
2483: 2877,4006,204,1434
2484: 3473,2084,624,3944
2485: 3302
2486: 762
2487: 1499,1823,468
2488: 4096,3451,3691,1326,3111,941
2489: 4069,222,3489
2490: 683,4608
2491: 1250,4192,92
2492: 162,4348,2778
4349: 2923,2626
4450: 3882,1465,4165,2865,2310,648
2495: 189,4238,4140
2496: 3097,4602,643
2497: 3836,2561,4098,2648
4342: 3223,880
2499: 
2500: 3002,4758,4183,1181
2501: 4765,403,3084,4091,3326
2502: 1700,2661
2503: 1639,3818,2825,4319,4064
4333: 515,3527,3394,964
2505: 3363
2506: 753,4344,3597,4136
2507: 777,337,2704
2508: 4093,1008,3392,3693,4569
4597: 3983,3645,3061,1553
2510: 1506,1629,385,16
4814: 2692,2414,2214,1873
2512: 3603,4740,77
2513: 1199,3724
2514: 1688,2654,3851,4424,2114
2515: 1954,4087
2516: 543,4739,533
2517: 
2518: 2537,2606
2519: 133,3302,2649,2842
2520: 793,2566,4150,948,2977
2521: 3956,2158,882
2522: 4812
4487: 158,2930,1110
2524: 4423
2525: 
2526: 3650,3488,3746,373
4564: 1276,4697,4218,4796
2528: 1577,4447,2771
2529: 132,1237
2530: 2639,1723,2386,2706
2531: 1517,1609,4461,3933,2136
2532: 2625,60
2533: 864,1390,3573,783
2534: 4529,617
2535: 3105,3054,4369
2536: 4596,3066,447,2627
2537: 2518
2538: 4453,1625
2539: 1349,780
2540: 1556,4100,580,3294,1284
4757: 2948
4761: 2098,846,3259
2543: 1948,3298,3747,2665
4646: 3135,4775,1359,4795
2545: 511,4567,3374,2108,177
2546: 279,3187,3679
2547: 166,2121,282,2637,823
2548: 3189,1777,2917
2549: 2280,3766,723,4112
2550: 3804
4350: 4038,3822,3198
2552: 2089,4123,4170,4172
2553: 365,711,935,3881
2554: 3892,3098
2555: 
4341: 1692,3256,3554
2557: 1282,4233,3815
2558: 2850,294,424,4678,1277
4383: 1455,3935
2560: 
2561: 3836,2497,901
2562: 4228,4665,1496
2563: 1388,247,3760,2311
2564: 1552,2932
2565: 788,637
2566: 793,2520,71,609
2567: 861,1349
2568: 2813,4121,2167,2822
2569: 
2570: 974,1522,475,415,705,484
2571: 2318,3408,3982,1146
2572: 1864,1022,1990,2959
2573: 882,1020,4427,993,2913
4445: 2066,510,1872
2575: 4630,629
2576: 2961,2071,3787,2312,2621
2577: 330,2335
4697: 4564,4218,428
2579: 
2580: 214,2043,1259
4367: 41
2582: 349,1461,1769,4787
2583: 2016
4822: 1133,4614,1829
2585: 979,3399,916
2586: 1910,3552
2587: 120,4764
2588: 17,4701,302,4305
2589: 4396,1127,1799,4601
2590: 3909,449
2591: 1852
2592: 691,3832
2593: 2885,4246,2308,3733,683
2594: 849,3903,3168,2321
2595: 3305,4673,3595
2596: 308,2698,3854,2277
2597: 4623,3715,2024,1732,3109
4632: 3137,434
4796: 4564,4386
2600: 653,2405,3108,1080,1704
2601: 2361,1437,2956,2458
2602: 2285,4179,4266
2603: 3185,2437,633,436
4567: 2545,511,531,3657
2605: 3320,1472,858,356,3491
2606: 1698,2518
2607: 4128
2608: 3487,2420,246,2051
2609: 643,2736,3432
2610: 1724,3048
2611: 4156,4331
2612: 2656,4334
2613: 1937,4098,2135
2614: 1462,2949,1196,3015
2615: 1532,3252,1661,3818
2616: 1851,4006,1685
2617: 2997,4301,3368
2618: 4232,3126,1977,3457
2619: 4819,19,3509
2620: 2099,158,3798,341,2930
2621: 2474,2057,2312,2576,2071
2622: 291,841
2623: 354,3132,3188,1050
4452: 
2625: 2532,778
2626: 3160,4097,4349,2106
2627: 2392,263,4596,2536
2628: 
2629: 2851,4198
2630: 2782,2886,3336,1259,2043,3814,896
2631: 844,3278,2087
4458: 4422,3919,3835
2633: 1439,4747,3389,533
2634: 468,1601,1499,4313
2635: 1376,2770,2233
2636: 1022,3051,1990,1067
2637: 166,2547,3957
2638: 2819,3019,4428,3553,3091
2639: 2530,1723,2386,3825,2700,594
2640: 4073,2357,1917
2641: 2313,604,3878
2642: 4658,2039,2938,570,4229,917
2643: 2783,1610,3385
2644: 755
2645: 4404,1036
2646: 55,3612,1943,4479,1780,2872
2647: 3220,4800,2159,883,3859
2648: 2019,4015,3817,2497
2649: 3024,1529,3302,2519
2650: 3473,1686,609,2084,948
2651: 2260,812
2652: 550,3880,732,972
2653: 
2654: 1688,2514,2114,1372
2655: 1058,3910,1380,153
2656: 2612,4278,4079,1312
2657: 2887,12,4728,4401,1059
2658: 3787,265,1383
2659: 2892,1455,2401
2660: 1310,2676,2793
2661: 1007,2502
2662: 4084,3825,2700
2663: 2906,4348
2664: 4686,1060
2665: 455,3298,1597,2543
2666: 4105,1554
2667: 1320,233
2668: 
2669: 4093,2364,2003,3610,4569
2670: 3191,2990,417
2671: 3368
2672: 173,4705,456,365,4125
2673: 42
4298: 4809,3539,2292
2675: 4294,1121,1543,1229
2676: 592,3968,2176,2660
2677: 1491
2678: 1667,1291,805
2679: 3861,3629
2680: 1903,3119,2226
2681: 
2682: 988,3808,851
4735: 
2684: 
2685: 121,1378,3988
2686: 3084,4765
2687: 1964,3988
2688: 3747,4533
2689: 4296,3010
2690: 2767,235,2056,3785,3232,4551
4611: 4213,894,2017,3144,521
2692: 2111,4091,2414,2214,4814,1873
2693: 
2694: 
2695: 1230,3370,2724,954,2969
2696: 2379,3067,3170,3716
2697: 446,2928,3328
2698: 308,2596,664,1293,1216
2699: 789,738,17,4702
2700: 1766,594,2639,4084,2662,3825
2701: 
2702: 3681,2967,3957,4508,239
2703: 4220,4281
2704: 1096,2009,2507,801
4754: 1789,3355,702,4634
2706: 1553,2386,3061,2530
4506: 1203,2441
4640: 1174,4005,1528,3910,1380
2709: 2169,4532,1609,3952
2710: 3853
2711: 4571,3543
2712: 3153,4713,3417,2110,1398,13
2713: 634
2714: 4083,4557,1949,2098,1386
2715: 4209,3534,4574
2716: 1066,1235,4624
4509: 
2718: 3590,3671
2719: 1909,3676,3431
2720: 3633,3030
2721: 395,1586
2722: 4388
2723: 431,428,2002,260
2724: 1230,3899,2695,954,2277
2725: 342
4752: 1225,3470,3065,2405
2727: 2463
2728: 
2729: 1298,3034,2182,122
2730: 1747,4710,1993
2731: 57,896,2855,1352,97
2732: 1232,1299,1617,1000,872
2733: 4234,4715
2734: 3777,3811,3020,1019
2735: 4379,4059,1675,1128,1640
2736: 1268,643,2609
2737: 2189,2860,3763,2431
2738: 4780,2444,3503
2739: 
2740: 926
2741: 876,234,4600
2742: 
2743: 3029,2927,630
2744: 111,1476,3199,3800
2745: 1947,583,2451,3675
2746: 1153,1702,1723,594,161
4517: 1740,2961,2071
2748: 1619,1972
2749: 2353,276,4671
2750: 3527,2754,598,1515,4046
2751: 2369,2895,3318,1881,1384,3472
2752: 4070
2753: 3727,865
2754: 2750,3527
2755: 3859,4426,1109,140
2756: 4434,984,845,2861
2757: 1162
2758: 2208,3284,4693,4723,568
2759: 901,3014,1257
2760: 4678,1198,1277,4680,2334
2761: 2883,2091,4772,3338,3485
4483: 4545
2763: 449
2764: 2814,1390,3216,3573
2765: 1865,3909,1409
2766: 3764,225,2384,3462,3229
2767: 4243,2690,235,2056,3284,4050
2768: 985,1160,2482,3526
4807: 3661
2770: 1736,2233,2635
2771: 1577,2528,1382,2892
2772: 2393,4719,2874
4295: 1560,3522
2774: 
2775: 
2776: 1829,3700,4327,1182
2777: 2884
2778: 4515,1610,2492
2779: 1536,4007,2406,1833,4763,2331
2780: 1921,4774,4171
2781: 2326,2800,4182,4657
2782: 2886,2630,896
2783: 2144,2643,3385
2784: 
2785: 4111,1569,4312,2135
4360: 1223,2424,795,712,3852,1975
4468: 2119,363,1998,3977
2788: 4057,4805,72
2789: 4042,2031,4245
2790: 3398,471
2791: 1400,1389,4764
2792: 2284,1941,975
2793: 3725,1310,2660,201
2794: 4187,175,52,3982
2795: 1888,1316,2028,2128
2796: 763,4203
2797: 3331,4428,3553,3163,2089,3357
2798: 1177
2799: 
2800: 3944,4182,2411,2326,2781
2801: 
2802: 
2803: 86,3809,1261,1745
2804: 1883,936,4663
2805: 3504,4755
2806: 3244,4200
4524: 4102
2808: 87
2809: 4292,4764
2810: 
2811: 637,1672
2812: 26,4462,2915,3178,1970
2813: 2568,4121,110,3693
2814: 2764
2815: 3949,381
2816: 1444,203,3589
2817: 3156,20,3959,4285,573,297
4645: 585
2819: 3019,2638,3091,3410
2820: 1479,1841,4207
4326: 3401
2822: 270,733,2568,3262,2167
2823: 255,1116,2419,4440
2824: 3387,1014
2825: 3193,4656,2503,3818,2203,1756
2826: 248,1065,2421,3704
2827: 2328,2901,4109
2828: 4501,1422,3304,3255,3580
2829: 4749,2192
2830: 4312,4036
2831: 1384,1302,784
4741: 1541,4449,1558,1445,3878,922
4420: 3079,3512,978,4377,489
2834: 401,1036,2060
2835: 1701
2836: 2033,3267
2837: 4511
2838: 
4569: 3693,1092,2508,2669,3610
4490: 131,4643,3020,3811
2841: 1406,252,1918,2012
2842: 4497,3705,2366,133,2519
4791: 3419
2844: 1102,768
2845: 4604,4372,1797
2846: 696
2847: 1934
2848: 3510,2432,1348,4279
2849: 833,807
2850: 3016,2558,294,1277,3794,933
2851: 2629,3727
2852: 3798,341,1956,4784
2853: 3959,1493,4285,2068,3612,816
2854: 3144,3251,1351
2855: 3753,1352,665,2731
4806: 3799,3626,2996,1291
2857: 678,723,4112,3102,832,4734
2858: 1166,2883,2091,4512,1407,3471
2859: 155,3148
2860: 4045,2737,3763
2861: 135,1618,3095,2756
2862: 4364,1283,4034,3041
2863: 2264,3915
2864: 2225,3581,4009,1494
2865: 4196,4450,648
4434: 2986,984,2756,4251
2867: 129,3130,1417
2868: 1729,831
2869: 1451,1070
2870: 3430,4419
2871: 91,2061,3603,3461,4128
2872: 20,459,2646,4538
2873: 4136
2874: 2197,1020,2772
2875: 
2876: 3423
2877: 4006,2483,2171,3669
2878: 904,1598,4406
4676: 
2880: 4036,3845,3836,4166
2881: 128,138,1519
2882: 570
2883: 2761,2091,2858,4512,3706
2884: 2777,4810
2885: 2593,4246,4208,683
2886: 2782,2630,1259,4668
2887: 3044,2657,4728,3279
2888: 4531,3349,503,4323
2889: 4698,3017,270,3393
2890: 669,1701
2891: 2999,3246,2429
2892: 2659,2771,1577,1382,2401
2893: 972,1624
2894: 4694,3459
2895: 2751,2421,408,3472
2896: 2448,4370,4001
4812: 2522,3965,1186
2898: 3582,4207
2899: 944
4448: 2027,4268
2901: 2090,2950,2827,4109
2902: 1338,1700
2903: 4225,672
2904: 
2905: 899,986
2906: 2663,1505
4515: 2778
2908: 429,156,484,974,475,3138
2909: 4173,4257,3588
4348: 162,2492,2663
2911: 1563,2224,1184,3891
2912: 2444,4202
2913: 2328,882,2573,4427
2914: 1525,116,1323
2915: 4023,2812,1657,4821,1970
2916: 
2917: 4020,2964,3189,2548
2918: 1268,648,4703,3097
2919: 620,1567,2350,332
4663: 1262,527,1883,2804,1965
2921: 2338,4672,1811
2922: 1870,4457,1842
2923: 4349,4021
2924: 4353,1217
2925: 2242,318,3739
2926: 3349,3110
2927: 2743,3953
2928: 4140,3290,2697,3328
2929: 786
2930: 1531,2620,158,4487,341
2931: 4406,3930,750,1134,3617,2164
2932: 4482,2564,1868
2933: 
4444: 4074,2216,937
2935: 1415
2936: 383,510,4017,753
2937: 1875,1206,3851
2938: 4261,570,4229,917,2642
2939: 1828,709,2338
2940: 3630
2941: 123,1023,3164
2942: 345,4160,3620,4143,3184,1190
4376: 997
2944: 3460,2292
4797: 3615,893,3831,4630
2946: 3059
2947: 3557
2948: 4757
2949: 1462,2614,1196,3511
2950: 2901,2090,3591,1495,495,4660
4583: 3494,916,3399
4734: 3497,3827,678,2857,2199,528
2953: 1987,919,2968
2954: 3015,794,881,218
2955: 1747,1191,3009,1289
2956: 2458,2601
2957: 3463,4736,1158,462
2958: 3728
2959: 3037,2572,1990
2960: 
2961: 2576,2071,4517
2962: 4065,1794,1474,3111,3691
2963: 4615,3580,3181
2964: 4020,2917
2965: 4715,259
2966: 3990
2967: 3681,363,2702,239,3754
2968: 3575,1987,2953
2969: 3370,2695
2970: 
2971: 233,3783
2972: 4546
2973: 4684,1489
2974: 4696,4811,4236
2975: 208
2976: 2262,3998
2977: 2084,948,624,2520,80
2978: 2223,327
4815: 4139,3545,1891
2980: 460,4464,1643,2286,3716
4344: 563,3597,2506
2982: 2382
2983: 
2984: 1037,1963,3137
2985: 802,3061,437
2986: 4434,984,4498,1736
4660: 628,1495,2950,3591
2988: 2007
2989: 3917,2316,2995,3347
2990: 692,930,2670
2991: 4562,2049,4409,4644,4707,1083,1638
2992: 4413,2320
2993: 1612,2232,3579,563
2994: 3544,1235
2995: 1751,2316,894,2989,3917
2996: 2409,1291,4584,88,3626,4806
2997: 4301,2617,2227,1187
2998: 32,1838,3418
2999: 2891,3246
3000: 3208
3001: 3948,4463
3002: 2500,4758,3709,1243,1181
3003: 4220
3004: 2413,1549,1487
3005: 4206,214,3366
3006: 206,60,452,985,4315
3007: 1611
3008: 1331
3009: 40,1289,2955,3524
3010: 2689
3011: 2191,1084
3012: 4158,3188,1469,3420,3986
4541: 2011
3014: 901,2759,2019,704,1257
3015: 2954,1196,2614,218
3016: 2850,1850,3794,933,1739
3017: 2889,4214,4698,2330,826
3018: 4305,3788,4073,1486
3019: 2819,2638,125,4563
3020: 131,4490,1633,3811,2734
3021: 1085,2396
4400: 706
3023: 
3024: 2649,1081,1529,3302,3914
3025: 2000
3026: 1204,179
4695: 4335,370
4614: 4822,1041,4504,714
3029: 2743,3418
3030: 2720,3633
3031: 3635
3032: 2222,1612,4075
3033: 
3034: 1298,2729,2182,4549
3035: 460,4563,3410,4322
3036: 3817,2200,601,4015
3037: 2374,2959,3415,4518
3038: 3929,4217,3763,1378
3039: 2434,2105
3040: 3915,3665
3041: 2862,3661,4743
3042: 451,3314,4488,2126,1957
3043: 3320,1472,3647,1220,1768
3044: 2887,4728,4139,2161,3279
3045: 1425,3939,836
3046: 760,4613,543
4454: 4087,1962
3048: 2610,3860,4816,4578,369
3049: 
4630: 629,3615,4797,2575
3051: 1957,2636,1067
3052: 31,3166,890,435
3053: 4432
3054: 3105,1679,2535,404,4375,4369
3055: 85,205,1013
4707: 4224,1968,3204,1859,2049,2991,4644
3057: 3580,3181
3058: 1061
3059: 2946,3761
3060: 3861,3629,2022
3061: 548,2985,4597,2706
3062: 578,732,2377,407
3063: 1905,4579
3064: 25,1947
3065: 3829,1086,4752,1062,2405
3066: 2536,2113,536,4078,3682
3067: 2696,3731,232,4300
3068: 569,1293,1948,1394,3899
3069: 1904,175,1688,3851
3070: 3656,4777
3071: 957,1024,1315
3072: 162
4613: 3431,3046
3074: 4469,4399,1418
3075: 4677,3506,3192,154
3076: 1410,4439,1898,665,3592
3077: 4525
3078: 3234,982,4764,1400
3079: 4414,4420,3512
3080: 427,3702,1515,1405,4727
3081: 1288,868,268,1563,3891,949,588
3082: 1473,525
3083: 33,1608,2357,1486,3926
3084: 2686,4765,2501
3085: 4086,1763,2187,2231
4315: 2159,3526,3006
3087: 2015,3227,3271,77
3088: 1046,2101,871,1341,3768
4447: 1577,2528,3201,1031,2037
3090: 2104,4407,4397,890,54
3091: 3553,2819,2638,556
3092: 
3093: 
3094: 
3095: 3280,2861
3096: 996
3097: 2496,3178,2918,643
3098: 2554
4703: 26,1856,2918,3178
3100: 4494
3101: 3902,782,2476,3428,3611
3102: 832,2857,4112,528
3103: 1761
3104: 1798,348
3105: 1679,3873,3054,2535
3106: 1578,2278,2315,1761,4175
3107: 2356,3453
3108: 653,1062,2600,4438,3794,1822
3109: 2403,4623,2597,2024
3110: 2926,4323
3111: 1474,1326,2962,4096,2488,3691
3112: 1100,878,436
3113: 
3114: 1317,1978
3115: 3935,1008,3392,3350
3116: 4654
3117: 4799,3720
3118: 770
3119: 2680,1903,3365
3120: 2309
3121: 2011
3122: 4731,538,1852
3123: 
3124: 4412,158,3562
3125: 691
3126: 2618,4232,1977,2087
4292: 1709,2809
3128: 
3129: 1159
3130: 2867,129,1417,3928,1014
3131: 1900
3132: 4158,3188,2623
3133: 644,686,3724,4000
3134: 386
3135: 4646,3347,102,1359
3136: 153,402,1879,1862,9,2199
3137: 169,1963,2984,4632
3138: 484,974,2908
4499: 503,2206
3140: 4374,524
4790: 4275,3265
4542: 528,4391,3775
4731: 538,3122
3144: 2854,4611,656
3145: 4739
3146: 2425
3147: 225,4553
3148: 1315,155,2859
3149: 4733,4518
4604: 1512,2845
4706: 
3152: 3266,1219,674
3153: 1871,4713,2712,13
3154: 871,640
3155: 3351,576,3640,1516
3156: 20,2817,459,297
3157: 1335
3158: 2480,668,3906
3159: 1719,4423
3160: 2626,37,2205,3939
3161: 4701,302,3210,3369
3162: 2273,571,3440
3163: 2003,2797
3164: 217,1266,1803,2941,1023
3165: 4497,3705,4615
3166: 3052,61
3167: 2314,3703
3168: 873,4304,2594
3169: 1788,2129,177,4591,2213,1844
3170: 2286,3411,3716,345,2696
3171: 4455,4048,2140
4472: 3449
3173: 1712,1265,4003,605
4296: 3239,770,2689
3175: 3532,892
3176: 1875,72
3177: 4164,4177,3813
3178: 3097,26,2812,4703,1970
3179: 2154,2281,1644
3180: 4231,3422,4180,1754
3181: 3580,3057,2963
3182: 3958,3710,2362,791,3751
3183: 88,1342,2112,4584
3184: 3625,3490,2942,4160
3185: 2603,1949,3225,633
3186: 2116,4359
3187: 4288,2546,279
3188: 4158,3012,3132,1469,2623
3189: 2548,4020,2917,3696
3190: 4683,3788,3206
3191: 3339,2670,1060
3192: 2141,3075,1026
3193: 2825,4656,1661,3818
3194: 2389,3282,2297
3195: 1722,927,157
3196: 4768,3952,4532,1369,1863
3197: 3664,4552
3198: 2279,4350,3822
3199: 3800,1622,2744,111,785
3200: 18,3475,4055
3201: 1577,4447,1031,2037,1874,3391
3202: 3310,5,774,4388
4573: 36,4329,2102,1980,3908
3204: 1926,1551,1859,1968,4707
3205: 3919,645
3206: 315,813,3190,3788
3207: 4279,2385,3958,3751,3537
3208: 2304,1456,3000
3209: 4396,1463,2459
3210: 3161,302,2248
3211: 2291,2472
3212: 1986,2462,2320,4413
3213: 3984,2381
3214: 1919,3379,4598,487
3215: 
3216: 2373,1390,2764
3217: 2272,975
3218: 69,3508,474,2150
3219: 
3220: 2647,4484,4800,432,1485,3859
3221: 4232,3864,400
3222: 3872,2390
3223: 4342,880
3224: 4662,1602,912,3940,1404
3225: 3760,3185,1995,633
3226: 523
3227: 4625,2015,3087,4135
3228: 2346,4106,2131,1218,4131
3229: 4365,2766,2384,331
3230: 4351,4616,1575,4591,2175
4391: 4542,528,3497,1375,4118,3775
3232: 4551,491,2690,235,2137
3233: 3709,888,3493
3234: 4271,3078,4373
3235: 1790,758
4426: 1485,3859,2755
3237: 3614
3238: 801,4012,2132,4484,522
3239: 4296,770
3240: 738,4493,101,4047
4818: 992,7,3894
3242: 4054,3779,4679,79,1521
3243: 4379,4059,3342
3244: 2806,3989,577
3245: 1689,4651
3246: 2891,2999,1415
4423: 587,2524,3159
4747: 2633,1439
3249: 
3250: 4711,1490,2205
3251: 2854,3801,303
3252: 1532,1295,2615,1448,1639,1194
3253: 3272,3974,717,4151,478
3254: 4104
3255: 3289,2828,1422
3256: 1692,4341,1579
3257: 1251
3258: 1545,624,1877,2097
3259: 553,4242,4761
3260: 151,433,2198
3261: 1365,3516,3937
3262: 213,2167,2822,270,3393
3263: 3394,71
4437: 204,4619,3824
3265: 4790,4275
3266: 3152,2223,516,4648
3267: 2391,2364,2229,2836
3268: 1649,3849,2078,4211
3269: 3947,2412
4769: 1319,3728,4390,742
3271: 3786,459,3087
3272: 3253,3974,4671,4151,3712
4642: 1281,4054
3274: 3729,2000
3275: 1357,1473
3276: 3992,470
3277: 1873,550
3278: 2631
3279: 4139,2231,3044,2887
3280: 1742,3095,730
4471: 2080,4049,2351
3282: 2389,3194,374
4713: 579,3153,1871,2712,1398,22
3284: 2208,2758,4050,2767,235,4693
4669: 1628
3286: 1839
4719: 2772,1020,3956
3288: 
3289: 3255,1246,4001
3290: 4140,2928,3480,189,289
4551: 3232,3677,491,3785,2690,2056
3292: 4144
3293: 
3294: 580,1181,4183,2540,4100
3295: 3516,3354
4488: 1886,2126,3314,4587,3042
3297: 1539,3571,3583
3298: 1948,1597,2543,2665
4738: 4255,37,4155,1064,1490
3300: 1363,4227,1737,3767
3301: 1607,1854,3471,1310
3302: 2485,1576,2519,2649,3024
3303: 4650
3304: 4501,2828,1422,994,2112
3305: 2595,4673,1129
4552: 3664,3197
3307: 4235,352,3359,777,337
3308: 516,851,4648
4406: 2931,2878,1598,2477
3310: 5,3202,670
3311: 
3312: 1407,1999,4309
3313: 507,4554,3496,846
3314: 4587,1010,3042,451,4488
4740: 77,2512,3603,4128
3316: 1533,334,615,1999,498
3317: 1417,3887
3318: 2369,2751,1786,1157
3319: 4485,1309,2057
3320: 2605,1472,3043,1260,1768
3321: 4173,2242,980
3322: 4470
3323: 3646,652,4149,3795
3324: 2018,435,3692
3325: 239,1642,1958,2241
3326: 1946,2501,4091
3327: 4610,4087,4771
3328: 1648,390,2928,2697,446,1985
4412: 3124,316
3330: 1923
3331: 4428,3553,2797
3332: 219,495
3333: 33,950,3985
3334: 3599
3335: 3731,1190,1757,1177
3336: 2630,1259,2043
4694: 2894,4500,3542
3338: 3575,2761
3339: 3191,3746,4536
3340: 
3341: 3513,4103,305,1649,4526,1185
3342: 3243,4059
3343: 1806,4789,1202,1646
3344: 3953,686,644
3345: 3969,4771
4742: 2103,2157,4239,1713
3347: 3135,2989
4386: 4212,4796,1484
3349: 2926,4518,2888,4323
3350: 4121,1116,3115,3392
3351: 3155,4102
3352: 2064
3353: 2249,289,3962,3480
3354: 3295
3355: 1789,4754,3395,702,4023,839
3356: 4146
3357: 3553,2797,2337
3358: 3468,1567,695
3359: 2246,326,2415,337,3307,352
3360: 3611,2476,1294,817
4536: 3746,3339
3362: 1417
3363: 2505
3364: 
3365: 1030,3119
3366: 4289,214,1799,3005
3367: 3999,1719,841,367
3368: 2671,986,2617
3369: 4190,2248,477,3161
3370: 1230,2695,1895,1394,2969
3371: 
3372: 1414,3964,144,1722,3714
3373: 
3374: 2108,2545,584,3962
3375: 4661
3376: 1634,2220,1700
3377: 469,3608
3378: 236,4699,799
3379: 3214,1080,1704,494
4687: 1726
3381: 2120,3413
3382: 3453,4007,2406,2044
3383: 
3384: 
3385: 2643,2783,1610
4714: 4668,4456
3387: 1014,129,2824
3388: 3606,1805,764,3506
3389: 543,2633,1439
4662: 2221,3224,1404,4794
3391: 1324,1874,3201
3392: 3115,1008,2508,4121,3350,3693
3393: 492,3262,2889
3394: 964,4333,3820,3263
3395: 2051,278,702,839,3355
3396: 3542,4500,1544
3397: 
3398: 2790,870,471
3399: 2585,805,4583,3494
4291: 4152,4778,1540,2176
3401: 4326
3402: 2202
3403: 52,1195,3982,3412
3404: 1965,2416,1750,213
3405: 576,1516
3406: 
4755: 1239,2805,1716,4210
3408: 2571,2318,1146,4399,98
3409: 2012,4355,802,2055,859,558
3410: 3762,2819,3035,1882
3411: 2286,3170,530,4143,345
3412: 4057,1683,3403,1120
3413: 2231,1477,3381
4606: 94,3589,203,1115
3415: 3499,2374,3037,4518,4733
3416: 2315,808,3675,272,4175
3417: 2275,4459,2110,13,2712
3418: 4018,1838,2998,3029
3419: 4791
3420: 1469,964,3012,3986
3421: 
3422: 3180,3618,350
3423: 19,2876
3424: 2146,3856,1228,4094
3425: 3429
4750: 4274,1853,1840,1637
3427: 119
3428: 2476,693,782,3101
3429: 3425
3430: 4419,2870,788
3431: 2719,4613
3432: 734,4496,2609
3433: 
3434: 2145,1254
3435: 
3436: 843,1993
4816: 0,3048,3860
3438: 4710,100,1191,4003,4071,1747
4598: 1919,3214,419,487
3440: 3459,3162
3441: 
3442: 
3443: 4355,1406,4801,802
3444: 413,3739,1338
3445: 2105,3666
3446: 2435,1905,4579
3447: 4647,1916,1297
3448: 1025,990,1464
3449: 4356,273,4472
3450: 
3451: 2488,3691,1063
4603: 3929,2427,4261
3453: 3382,4007,3107,2356,1833
3454: 1495,495,1599,4635
3455: 4037
3456: 4187,1146,478,4399
3457: 3505,3990,2618
3458: 707,155,4031
3459: 3440,2894
3460: 2944,1786,3609,1156
3461: 3603,3492,2313,2871,2061
3462: 2766
3463: 2957,4736,2467
4578: 125,3048,369
3465: 978,1431,2072
3466: 3946,2232
3467: 4717
3468: 3358,4371,278
3469: 719
3470: 4492,300,4752,2405
3471: 1407,1166,2858,3301
3472: 408,2895,2751,1384
3473: 2650,2084,3944,2484
3474: 437,548,2055,558,174
3475: 1676,487,3200,4055
3476: 402,1879,2478,4637,989
4821: 466,4602,1970,2915
3478: 1423,3951,1145,580
3479: 1168,673,2456,3690,4626,1522
3480: 189,584,3353,289,3962,3290
3481: 1519
3482: 94,2400
4379: 3243,4059,2735,1128
3484: 4725
3485: 489,4505,4772,2761,3706
3486: 3812,1678
3487: 2608,332,2051
3488: 2526,1441,373,931
3489: 222,2489
3490: 2065,3655,3620,4160,3184
3491: 2605,1798,356
3492: 1275,1272,3461
3493: 2351,3709,3233,1141
3494: 4583,805,1464,3399
4758: 2500,3002,3709,182,1141
3496: 3972,581,846,3313
3497: 3827,4734,775,528,4391,752,1375
3498: 
3499: 3415,956,66,2374
4478: 2016
4375: 3054,404
3502: 2030
3503: 2246,326,2444,1810,2738
3504: 2805,1337
3505: 3457
3506: 4677,3075,3388
4459: 3417,622
3508: 141,4041,474,3218
3509: 2619,1370
3510: 2848,2182,4549,184
3511: 1931,2949,2239,1196
3512: 4414,3079,4420,3732
3513: 4103,305,3341,3906,4526,1185
3514: 2169,2422,241
3515: 3599,3643
3516: 3295,1365,3261,3937
3517: 444
4388: 2722,888,3202
3519: 312,1912,1374,1435
3520: 4004
3521: 
3522: 3632,3803,1560,4295
3523: 165,2301,911
3524: 2442,40,3009,739,1211
3525: 1806,1170
3526: 2768,4315
3527: 2750,2754,4333,515,964
3528: 821
3529: 4519
3530: 1806,789,4789
3531: 730,3930,717,750,344
3532: 480,3175,1729
3533: 727,422,4211
3534: 4193,4209,2715,747,4574
3535: 
3536: 4773,466,517,4481
3537: 3751,3207,2385,3586
4709: 891,685,297,1104
3539: 1653,4298,2292
3540: 187,4804
3541: 4130,1231
3542: 3396,4500,4694
3543: 2711,4571,340,952
3544: 1182,1235,2994
3545: 4815,2161,1891,887
3546: 1103,4803,1927,247
3547: 2413
3548: 4582
3549: 103,1140
3550: 49,933,2334,1870
3551: 2052
3552: 2586
3553: 3331,4428,2797,3091,3357,2638
3554: 2179,8,4341
3555: 740
4440: 1779,2823,255,3674
3557: 4582,3764,225,2947
3558: 1434,4006,1685
3559: 1651
3560: 201,3725,3621,4061
4668: 4714,2886,4456
3562: 4130,3124
3563: 4146
3564: 
3565: 2435,1905,3632
3566: 2109
3567: 
3568: 1716,4210
3569: 3684,1808,3585
4431: 1977
3571: 3883,3583,3649,1961,3297
3572: 2300
3573: 783,2533,1390,2764
4467: 926
3575: 2968,3338
3576: 3741,1053
3577: 2301,2439,1925,1792,2207
3578: 3894,2232
3579: 2993,3597
3580: 3057,3181,2963,2828
3581: 2225,2864,1494,675,3702
3582: 2898,1993
3583: 3571,3297,69
3584: 4170,4172,1533,2033
3585: 1808,3569
3586: 3537,1741,4767
3587: 1044,1318,2427,4217
3588: 4004,2909
3589: 4606,991,2816,497,203
3590: 852,2718,4411
3591: 2090,2950,1447,628,4660,2157
3592: 3814,1002,3076,2459,1898
3593: 4793,306
4803: 1103,1386,3546,553,1927,3601
3595: 64,4635,2138,2595
4385: 193,1064,442
3597: 4344,3579,2506
3598: 3867,4124
3599: 3334,3515
3600: 1693,1470,1401
3601: 1927,3769,1241,4803
3602: 
3603: 2512,3461,2871,2061,4740
3604: 2368,4231,384,4494
3605: 3968,3621,1594
3606: 3388,3925,1805
3607: 4276,1031,924
3608: 797,3377,529
3609: 1786,1156,3460
3610: 2669,4569,4617,2337
3611: 3360,3101,2476
3612: 2646,2068,1780,2853,4285,20
3613: 
3614: 3237,1934
3615: 4797,4630
3616: 2345
3617: 1028,2164,730,3930,135,2931
3618: 941,350,898,3422
4582: 3548,3557
3620: 3655,2372,4143,3490,2942,4160
3621: 1594,3605,3725,3560
3622: 
3623: 1373,182,469
3624: 4286
3625: 3184
3626: 3799,2287,4806,2200,4584,2996
3627: 2288,2069,1004
3628: 980,3946
3629: 3861,3060,1286,2679
3630: 575,2940,2184
3631: 2352,746,1986,4014
3632: 3522,3565
3633: 2720,4510,3030
3634: 462,2281,3643
3635: 1468,3031
4673: 1078,587,2595,3305
3637: 1225,1170,1267,3829
3638: 231
3639: 2330,2430
3640: 1516,473,3855,3155
3641: 1218,1189,811,911
4546: 2972
3643: 3634,3515
4508: 1376,3957,1065,3681,2702
3645: 3983,4597,4119,1508,1553
3646: 652,3323,2318,905,98
3647: 1220,4539,3043
3648: 
3649: 1748,2137,1961,1507,2208,3571,3883
3650: 2526
3651: 800,4281
3652: 2122,4117,537
3653: 4009,4274,1095
3654: 102,987,457,551
3655: 3620,2372,4407,54,2065,3490,4160
3656: 3070
3657: 4567,531,618,107
3658: 
3659: 668,4184
4688: 1374,226,1708,4189,1635
3661: 3041,4807
3662: 
3663: 227,2329,2321
3664: 3197,4552
3665: 97,3040,1030
3666: 2092,3445
3667: 785,3888,1205,1010
4462: 26,2812,1856,4371
3669: 4619,2171,2877
3670: 4118,3781
3671: 4104,2718,4277
3672: 
3673: 885,4290
3674: 1116,4440,1079
3675: 2745,583,3416
3676: 1909,2719
3677: 4551,491,3951,3785,4682
3678: 4776
3679: 499,2546,114
4619: 4437,3669
3681: 2119,2967,363,2702,4508,248,1065
3682: 4667,3066,1431,1327,4078
3683: 4753,4068
3684: 3569,1409
3685: 1441,958,221,1449
3686: 1538,74
3687: 879,3936,1215,1940,4103,3906,150
3688: 
3689: 502,2001
3690: 2456,1522,3479
3691: 3451,2488,2962,1794,3111
3692: 311,220,3324
3693: 110,4569,1092,3392,2508,2813,4121
3694: 3876
3695: 855
3696: 2355,1430,3189
4692: 383,1872,4785
4588: 734,4051,1392
3699: 
3700: 1829,2776,1438,1182
4751: 2216,937,4634,1226
3702: 427,3080,3581,675,1405
3703: 2314,3167
3704: 2421,2826
3705: 4497,2842,3165,2366
3706: 854,655,4512,3485,2883
3707: 45,2044,1117
3708: 254,914,4141
3709: 3233,3493,1141,3002,4758
3710: 3958,3182,791,3751,784
3711: 
3712: 4151,3870,1255,4671,3272
3713: 
3714: 4038,3822,144,3372,1414,729
3715: 2597,2024,2279,1836,1732
3716: 2286,3170,460,2980,2696,2379
3717: 
3718: 2297,2255
3719: 1791,2172,1128
3720: 923,3117,1846
3721: 
3722: 3875,421,319,962
3723: 4486,229,417,1180
3724: 1199,2513,3133,4000
3725: 2793,3621,3560,201
4601: 1799,4396,2589,1002
3727: 2753,2851
3728: 4769,4548,2958
3729: 4302,3274
3730: 
3731: 3335,1757,3067,4300
3732: 2272,975,4414,3512
3733: 2308,2123,2593,3893
3734: 221
4800: 2647,3220,4484,4012,2159
4435: 
3737: 1091,4823,357,2342,2035
3738: 
3739: 2925,3444
3740: 2235,575,1251
3741: 3576,1053,776
3742: 4523
3743: 396,1321
3744: 1741,2005,4656
4620: 
3746: 373,3339,2526,4536
3747: 2688,2543
3748: 
3749: 792,4477
3750: 705,157,1413,1090
3751: 784,3537,3958,3182,3710,3207
3752: 4720,181,2193,243
3753: 2855
3754: 663,2967,363,4534,1647
3755: 4050
4574: 4381,2715,3534
3757: 4108,4495
3758: 742
3759: 1662,4658
3760: 3225,2311,2563,1995
3761: 2345,3059
3762: 556,3410,1882
3763: 1044,2860,2737,3038
3764: 225,2766,3557
3765: 
3766: 4726,2549,4112,832
3767: 2262,3300,1737
3768: 1341,3088,1319,2070
3769: 1241,4724,3601
4497: 2842,3705,3165,1529
3771: 2024,399,4369
3772: 1525,116,2001
3773: 
4401: 4086,1164,4058,2657,1059
3775: 935,4118,4542,4391
3776: 1258,2006
3777: 2734,531,1019
3778: 1909,4618
3779: 4054,3242,4392,4679
3780: 2455,898,599,4116
3781: 3670,711,4118
3782: 1179,2333,1439,4056
3783: 2971
3784: 2209,1735
3785: 4323,3677,4551,2690,2056
3786: 3271,1272
3787: 265,2658,2312,1383,1689,2576
3788: 4305,3018,4701,3190,3206
3789: 
3790: 4373,4543
3791: 2380
3792: 3897,438,4479,1943
4513: 2079,4519
3794: 4438,1850,1086,1062,3108,2850,3016,294
3795: 913,3323,4149
4704: 
3797: 4290,95
3798: 2852,341,2099,4186,2620
3799: 2287,3626,4806,704,1257
3800: 3199,1622,1476,2744,785
3801: 4206,303,4256,151,3251
3802: 4585,133,3889
3803: 1955,3522,1560
3804: 2550
3805: 
3806: 2399,4768,2461,691
4531: 4733,2426,2888,1265
3808: 343,851,4762,2682
3809: 2803,1261
3810: 4011
3811: 2734,4490,3020,1388
3812: 1678,4617,2337,3486
3813: 4177,3177,2228
3814: 3592,2043,1898,1352,896,2630
3815: 2557,1282,4599
4609: 1578,4142,2278
3817: 3036,787,2648,4015
3818: 2503,1639,1661,2615,2825,3193
3819: 
3820: 307,3394
3821: 3833,1796,1914,1451
3822: 4038,3714,4350,3198,729
3823: 824
3824: 2399,4437
3825: 4084,2662,1443,2386,2639,2700
3826: 1083,443,1638,3911,2149
3827: 3497,4734,775,678,1583,2199
3828: 4314
3829: 3065,1086,1225,3637,424,1267,294
3830: 4276,2391,924,3935,1008,4093
3831: 728,2299,4797,893
3832: 2375,3912,2592
3833: 4605,3821
3834: 2142,3838
3835: 549,4458
3836: 2497,2561,3845,2880,4166
3837: 
3838: 1444,3834,1082
4655: 1327,4078,4626,2113,2456,4544
3840: 1623
3841: 694,3948,4442,4621
4438: 1850,3794,3108,1822,1633
3843: 
3844: 217,2392,2117
3845: 2135,3836,2880,4036
3846: 1042,1256,2256,4634
3847: 1924
3848: 835
3849: 2078,3268,4134,141,4041
4557: 2714,4083,2098,4554
3851: 1688,2514,2937,3069
3852: 1602,3940,1975,1223,4360
3853: 95,2710,4290
3854: 2596,2277,2254
3855: 3640,473,190,1084
3856: 3424,1228,664,1216
3857: 
3858: 883,1109,4066,322,76
3859: 1485,4426,2755,2647,3220,883
3860: 1724,3048,4306,1033,4816,0
3861: 3060,3629,1489,2679
3862: 2449,397,1355,1894
4587: 3314,1010,677,2021,1886,4488
3864: 400,3221
3865: 4666,4782
3866: 1360,630
3867: 3598,4124
4768: 3196,3952,2461,3806,2399
3869: 942,2254
3870: 3712,175,1255,4187
3871: 
3872: 1603,3222
3873: 3105,1679
3874: 4257,1996,4264
3875: 4691,3722,421,3975
3876: 3694
3877: 422
3878: 922,1558,4741,2641
4798: 1282,713
3880: 481,2652,1428,744,732
3881: 167,711,2553,365,1738
3882: 1465,4450,4766,1032,4138
3883: 3571,3649,1961,2208,4723
3884: 4767,160
4321: 
3886: 1413,927,89,4576,4686
3887: 3317
3888: 3667,4534,1205,1010,677
3889: 2010,79,3802,4585
3890: 897
3891: 1184,1563,2911,3081,949
3892: 2554,4549
3893: 4352,3733,683,2125
3894: 4818,3578
3895: 
4684: 2973,2446
3897: 3792,438,633,436,414
4782: 4802,3865
3899: 1230,2724,3068,1293,1394
3900: 2195
3901: 1420,1793,298,2295
3902: 3101,4244,782
3903: 849,2594,3958,2362
3904: 
3905: 2029,51
3906: 3513,4103,3687,150,3158
3907: 
3908: 21,4573
3909: 2590,2765
3910: 1058,2655,1380,4640,1528
3911: 3826,443,606,2149
3912: 3832
4770: 2031,1698,1296,2352
3914: 1570,3024,1529,4615
3915: 2863,3040
3916: 1321,2124
3917: 2989,894,2017,2995
4793: 1631,3593,311
3919: 3205,4458,4422,977
3920: 
3921: 
3922: 4201,1950
4696: 2974,4811,4236,2074,285
4417: 
3925: 3606,614,2264
3926: 1526,33,3083,2319
3927: 
3928: 367,129,3130,1014
3929: 4603,3038,4217
3930: 730,3531,750,3617,2931
3931: 2331,1536,1340
3932: 1071,4535,748,298,1767,1420
3933: 242,4154,4461,2531,2136
3934: 4110,1318,1665
3935: 3115,1008,1455,4276,3830,4383
3936: 3687,1940,141,2078,4103,305
3937: 3261,3516
4808: 4648,1837
3939: 2205,836,2106,3160,3045
3940: 1602,3852,783,3224,1404
3941: 2048,1819,4554,830
4519: 3529,4513,2251
3943: 
3944: 2800,4182,3473,2484
4746: 2171,2002,1851
3946: 3628,2460,3466
3947: 2412,3269
3948: 3841,606,3001,4463
3949: 2269,2815,2400
4285: 3959,2853,2068,3612,20,2817
3951: 1423,3478,1284,4682,3677
3952: 3196,4768,2461,4532,2709
3953: 3344,2927
3954: 
3955: 163,3981,1327
3956: 2521,2158,882,1020,4719
3957: 4508,2637,2702
3958: 3182,3710,2362,3903,3207,3751
3959: 1493,2853,4285,2817,573
3960: 1848,1903,1006
3961: 1144
3962: 3353,2249,584,3374,2108,3480
3963: 262
3964: 3372,1414,1722,1980
3965: 4812
4701: 3161,302,2588,4305,3788
3967: 1524,4180,2368,1754
3968: 592,2676,3605
3969: 1954,3345,4771
3970: 4474,1452
3971: 313
3972: 952,3496,581
3973: 2144,567,4267
3974: 3253,3272,717,4671,2353
3975: 1104,1677,3875,4691
3976: 1632,2155,254,1206
3977: 1998,1448,4468
3978: 204,1434
3979: 
3980: 4773,1926
3981: 163,1874,3955
3982: 52,3403,1146,2794,2571
3983: 4597,3645,2473,4760,4345
3984: 3213
3985: 2120,950,3333
3986: 3420,71,3012
3987: 1874,2284,1324
3988: 4278,2687,121,2685
3989: 808,3244,577
3990: 3457,2966
3991: 
3992: 3276
3993: 744,578,2258,2377,1697
4765: 2501,403,2207,2686,3084
3995: 
4357: 1551,4185
4656: 2825,3193,3744,1756
3998: 274,2976,211
3999: 2395,3367
4000: 1892,3133,3724
4001: 2896,3289
4002: 98,1418,473
4003: 4710,3438,167,3173,1712
4004: 3588,3520,4257
4005: 742,4640,4725,1528
4006: 2877,2483,1851,2616,3558
4007: 3382,3453,2406,2779
4681: 1885,4216
4009: 3653,1095,81,2864
4010: 1648,390,1136,1475,1762,2408
4011: 181,3810
4012: 801,3238,4484,4800
4013: 
4014: 2352,3631
4015: 2648,2019,3036,3817,2287
4016: 2388,501,1264
4017: 753,2936,4136
4018: 1838,3418
4019: 150,307,1215,1969
4020: 2964,2917,441,804,3189
4021: 4216,2923,567
4022: 2470
4023: 2915,839,1789,3355
4523: 1143,3742,2042
4729: 2196,700,1603
4026: 
4027: 4319,4064
4635: 3595,64,1599,3454
4364: 2862,4034
4409: 4562,2049,2991,4503,1638
4031: 1315,707,3458
4032: 207
4316: 1479,727,210
4034: 4364,2862
4035: 
4036: 2880,3845,2830
4037: 312,1491,3455,1374
4038: 1060,3714,4350,3822,144
4039: 908,122,1695
4040: 4502
4041: 141,3508,568,3849
4042: 2031,1698,2789,4245
4771: 698,4114,3969,3327,3345
4689: 1907
4045: 2472,2860,394
4046: 252,1918,598,2750
4047: 1228,3240
4048: 3171,1503,1034
4049: 2080,4471
4050: 3284,2767,3755,4693
4051: 1524,734,4588
4052: 222,2255
4053: 994,1953,4739,602
4054: 3779,3242,4642
4055: 340,4242,3200,3475
4056: 2333,3782,4474
4057: 1683,2788,3412
4058: 4239,1713,1164,4401,1059,1764
4059: 3243,4379,2735,3342,1675
4060: 
4061: 4397,741,3560
4801: 802,3443
4063: 1123,699,4394
4064: 4319,4027,2503,1639,2170
4065: 134,2962,1649,4526,1474
4066: 2159,322,3858,883
4067: 1270,1967,1108
4068: 932,3683
4069: 2489,672,222
4070: 2018,435,2752
4071: 1619,4339,3438,100,1191,1289
4072: 1194,2170,1506,915
4073: 2357,1486,2640,3018
4074: 4444,492,826
4075: 1612,3032,563
4076: 1550,263,2347
4306: 1999,498,4309,0,3860
4078: 4655,1327,3066,3682
4079: 1281,1576,2656,1450,1312
4080: 180
4081: 4373,4271
4082: 
4083: 2714,4557,1949,2048,2437
4084: 2662,3825,1443,2386,1197,2700
4085: 530,1424,1636,1411,2372
4086: 1164,3085,4401,1763,2231
4087: 4454,2515,3327,4610
4088: 4514
4533: 1330,1192,2688,914,943
4090: 160
4091: 2111,2692,2414,2501,403,3326
4092: 4137
4093: 2508,2669,3830,2364,1008
4094: 1228,86,3424
4095: 4260,4600,2107
4096: 2488,1326,3111,941
4097: 2626,4255,37
4098: 1937,2613,2497
4099: 1125
4100: 1556,2540,4183,3294
4101: 521,1009,4213,792,1076
4102: 4524,3351
4103: 3513,305,3341,3906,3687,3936
4104: 3671,3254
4105: 2666
4106: 2346,3228,2131,4131,4403
4563: 3035,460,125,1643,3019
4108: 3757
4109: 1477,2827,2328,2901,2090
4110: 3934,4792
4111: 2785,4352,4465,1569,2125
4112: 2857,723,2549,4726,3766,3102,832
4113: 572
4114: 4771,698
4115: 
4116: 4180,3780,1524
4117: 537,3652
4118: 3670,711,935,3781,3775,4391,1375
4119: 4345,1935,3645,1508,45
4120: 
4121: 2813,2568,3350,3392,3693
4122: 2039,4208,4229,4334
4123: 2552,2089,4172
4124: 3598,3867
4125: 2004,931,365,1449,2672
4126: 
4127: 
4128: 2607,2871,4740
4129: 1003
4130: 3541,3562
4131: 4403,4106,3228
4132: 
4133: 
4134: 1397,568,3849
4135: 4625,3227
4136: 2506,4017,2873
4137: 4092
4138: 1032,4593,3882,366
4139: 4815,2161,3279,3044
4140: 1354,2928,3290,2495,189,4238
4141: 4805,3708,914,72
4142: 1578,4609
4143: 3620,2372,530,3411,2942,345,4160
4144: 3292,922
4145: 1628,245,266
4146: 3356,3563
4147: 1503
4148: 2138,696,1078
4149: 1952,1471,652,3323,3795
4150: 4184,4708,793,2520
4151: 3712,4187,3253,3272,478
4152: 4291,1734
4819: 2619,1902,2317,19
4154: 242,3933,973,7
4155: 1229,621,4255,4738
4156: 2611
4157: 892,1729
4158: 3012,3132,3188
4625: 2015,3227,4135,38
4160: 2942,3655,3620,4143,3490,3184
4161: 215,4193,939
4327: 996,2324,1133,1829,2776
4760: 4595,2473,3983
4164: 3177
4165: 1419,1465,4450
4166: 1778,622,3836,2880
4167: 
4168: 2076,4354,2482
4169: 
4170: 3584,4172,2552
4171: 2780
4172: 4170,3584,2033,2552,4123
4173: 2909,1828,2046,3321
4174: 
4175: 1456,1131,272,3106,2315,3416
4176: 
4177: 3177,3813
4178: 4209,4238
4179: 4266,2602,2285
4180: 4116,1524,3967,3180,2368,1754
4181: 1163,1217
4182: 3944,2800,2781,4657
4183: 2500,3294,1181,4100
4184: 4150,4708,1139,3659
4185: 4481,4602,4357
4186: 2099,4581,1956,3798
4187: 3456,2794,4151,3870
4188: 708,1662,4658,4197
4189: 872,4688,226,1635
4190: 3369,171,2307,477
4466: 1585
4192: 92,940,2491,746
4193: 3534,939,215,747,4161
4328: 2093,191
4195: 
4196: 2865
4197: 699,830,1662,4188,708
4198: 1175,2629,1198
4199: 1059,1764,1802,12,4571,4633
4200: 577,2806
4201: 3922,1944,1853,4823
4202: 2912
4203: 2796,763,1152
4204: 
4721: 4312,1445,1569,1167,1541
4206: 3801,3005,1234,151
4207: 422,1992,2898,1479,2820
4208: 4658,2039,4122,2885
4209: 4178,2715,747,3534
4210: 1716,4755,1239,3568
4211: 1397,3533,3268,134
4212: 4386,1369,1484,336,1835
4213: 4611,894,521,4101,1076
4214: 4698,3017,431,2330
4215: 540
4216: 4021,567,4681,1425
4217: 3929,3038,3587,2427
4218: 188,1276,4564,4697
4711: 3250,1071
4220: 2703,3003
4762: 534,1129,343,3808
4359: 395,2152,4421,1339,3186
4779: 
4224: 1968,4621,4707,4442,4644
4225: 2903,4699
4226: 1100,1819,699,1123
4227: 3300,482
4228: 2562,4665,446,390,1136
4229: 917,2938,2039,2642,4122
4230: 909,126
4231: 3180,2210,2368,3604,1754,1169,384
4232: 2618,3126,3221
4233: 2557,1270,2219,412,1108
4234: 2733,353
4235: 1178,3307,352,777
4236: 2974,4696,4811,2097,912,2074
4237: 
4238: 4178,2495,4140
4239: 4058,1713,4742,4792
4240: 2267
4241: 1897,4392,2259,674
4242: 340,4055,952,3259
4243: 2767,2056,843
4244: 3902
4245: 2789,908,4042,2031
4246: 2885,2593,4334,2308
4247: 
4248: 
4249: 837
4250: 4356,2244
4251: 949,1328,4434
4252: 1432,4712,1567,695
4253: 2050
4254: 533,426,1605,602
4255: 4738,37,4097,4155
4256: 303,4289,1591,3801
4257: 3874,1996,2909,4004
4258: 
4259: 4382,28
4260: 2404,4095,4600,2107
4261: 2938,570,4603
4262: 2440
4263: 1118,1732,36,4329
4264: 1013,3874,1996
4605: 3833,1288,868,276
4266: 4179,2602
4267: 567,2165,2144,3973
4268: 4448,2027
4269: 2253
4270: 1684,127,1262
4271: 3234,4081,4373
4272: 1974,962,1034,692
4273: 2236
4274: 4750,3653,1091,2225
4275: 4790,3265
4276: 3830,3607,924,3935
4277: 3671
4278: 3988,1281,2656
4279: 3207,2385,2848,184
4674: 1358,4495
4281: 3651,2703
4616: 4351,3230,2175
4413: 2992,2320,3212
4284: 2035