0: 4081,1893,2776,4686
1: 3908,838,4462,3610
4450: 2608,1668,4095,838
4812: 562,3473,4696
4: 4393
5: 2814,4657,1018
6: 2979,2474,454
4620: 1737
8: 1543,1512,4092
9: 4548,2208,4659,586
10: 3903,4797
11: 243,1826
12: 952,2938,1802,78
4264: 1509,1938,3952
4608: 919,1305,3338,2157,2287
15: 3551
16: 2866,2005,1816
17: 722,4554
18: 931,4377,3968,3959,4383
19: 2988
20: 3779,3657,3171,121
21: 3418
22: 3822,278
23: 1981,4276
24: 483,996
25: 1670,1411
26: 956,134,3571,2480,1316
27: 3184,592
28: 362,4138,1669,2632
29: 3373,2835
30: 
31: 3089,703,4810,2461
4108: 1467
33: 1606,1555,3333
34: 213,3271,1116,173
35: 
36: 4172,1454,990,498
4088: 
38: 1730,228,1941,633
39: 
40: 1232,4576,4369,3607
41: 3951,2553
42: 
4669: 4434,2233
44: 
45: 1323
46: 
47: 
48: 673,978,530,3163,2822
49: 1608,4058,4815
50: 3228,3468,972
4776: 1101,1559,4622,4778
52: 1028,877,3155,111,3200,1633
53: 775,904,3800,344,3081
4060: 3481
4306: 1398,756
56: 2585,886,2218
57: 4524,380
58: 1620,2351,2321,896,4534
59: 2170,4767,145,1736
60: 2132,2341
4539: 3320,3522,3103,4482
62: 1683,4187
63: 2767,132,2095
4228: 1376,4005,3556,4343
65: 134,451,2075,956
66: 3173,1295,3974,3231
67: 2557
4304: 4758,4565
69: 598,3322,2150,3737
70: 2192
71: 2217
72: 2571,2934,750,1653,1192
4103: 2584,3056,4775,4693
74: 4594,2333
75: 948,3409,1851
76: 2589
77: 3968,930,2213,931,4258
78: 1121,1802,2938,12,2972
79: 2448,4642
80: 986,1039,1809
4367: 2862
82: 3632
83: 4515,2468,2675,162
84: 1306,1593,4741
85: 1685,3097,2375,475
86: 1300,2063
87: 2651
88: 2407,534
89: 1973,3731,4785,3335,2736,4174
90: 3705,1502,4479
4821: 3106,1883,1915,3852
4616: 4209,663,3899,2857
93: 1612
4041: 1924,1905,1545,4494
95: 2592,2994
96: 
97: 1061,763,1254
98: 1769,1010,2353,949,2224,529
99: 3014,3685,4185,4428
100: 1993
101: 4348,439,2415
102: 4471,2589,4014,1315
103: 3340,3008,2200
104: 
105: 1820,1521
106: 1876,4677
107: 3543,1607,3185
4768: 1617,1782,854,543
4167: 1631
110: 510,550,3391
111: 2021,3155,52,877
112: 
113: 2596,1512,164
114: 3346
115: 4120,4545,195,1460
4662: 4286,1896,4106,3124
117: 2904,423
118: 2935,367,2685
119: 1144,3980
120: 4136,4796
121: 3626,436,20
4097: 4729
4455: 1341,1642,1295,2266
124: 580,2478,411,4725
125: 780,4650
126: 4673
127: 3777,2738,640,2266,4805
128: 
129: 
4668: 3571,2958,2062,1215
131: 652,2563,3083
132: 2095,3107,63
133: 1137,835
134: 65,26,956,1316
4665: 3142,2958,4640,3149,2062
136: 658,936,1314
137: 1021
4325: 251,3994,977,4795,763,3613
4067: 3992,4295,4236
140: 1506,3137
141: 2269,2153,3573,4771,4412,544
142: 2800,1877
143: 4471,469,2854
144: 2225,3314,451,4159,2075,3136
145: 2911,1065,2170,1963,4767,59,1736
4802: 2060,951,3060
147: 4012,1971
148: 3653,2134
4787: 914,1914
150: 303,3002,3453
4301: 
152: 1950,1410,892
153: 3612,3746,2570
4449: 2519
155: 3609
156: 2889,4166,1730,1705,2018
157: 3855,3087,297,3480
4191: 
4482: 1133,1882,4539,1564
4429: 740,3064,3345
161: 2859,3665,3502
162: 83,4515,2675
4614: 
164: 999,113,2596
165: 213,3271,4384,2659,2471
4272: 839,1649,4371,1973
167: 739,3438,2370
168: 607,2764,4463
169: 4396,3076,4807
170: 3458,888,4534
171: 3829,442
172: 1131,2933,4320,2745
173: 4128,34
174: 3864,831,3261
175: 4055,1573,1207,3299,2514
4798: 
4715: 2274,591
178: 638,2749,3098,914
179: 
4534: 1184,58,170
181: 
4360: 1381,1095,4640,2181
183: 2306,4337,2118
4286: 4662,2841
185: 2667
186: 
187: 2232,260,1697
188: 3655,1550,2723
189: 766,2098,3412,3323,3374,1555
4052: 1426,2953,4782,4254,3705
191: 369,4395,3115
192: 
193: 1916,2309,4230
194: 4498
195: 4487,115,1460
196: 2050,861,4307
197: 1885,3947
198: 670,503,491,3513
199: 384,3216,3616
4558: 4006,1276,2669
201: 780,3664
4337: 1694,4009,183
203: 1832,743,3624
204: 1329,1212,1079,1226
205: 3213,4810,2502
206: 245,569
4706: 
208: 
209: 2619,3621,3603
210: 2609,2181,3644
4753: 2236
212: 656,3839,932,1205
213: 34,165,3271,1116,2659
214: 681,2635
215: 3775,2298
216: 3394,506
217: 3793,4596,1112,2860
218: 778,4215
219: 4244,3413,4559,1386
220: 1966
221: 1475,1241,3827,4002
222: 1142,4237,587
223: 4078,2860,2110,3164,2646
224: 2731,3182,1234,3925,2854
225: 4445,4091,2142
4485: 2299,1006
227: 3408,540,2459,1661
228: 38,655,3584,332
229: 2563,3083,4024,2101,2734
230: 919,1937,3962,3308,3676
231: 1157,2341,2482,3529
232: 2232,4029,4441,2279
233: 4315,2457
4394: 916,3485,3893,3690,4405
235: 3691,4382,3877
236: 1913
237: 4203,4750,3645
238: 2867
4236: 1825,4067,4295
240: 1654
4499: 3409,2130,1851
242: 770,1779
243: 2158,11
244: 4112,3290,1619
245: 3334,3167,206,4298
246: 1413
247: 2436,1180,3924,1112
248: 3960
4176: 1736
250: 2708
251: 1026,3342,4325,977,3613
252: 712,2012,535,1469,1659,1223
253: 2257,4155,4681,1810
254: 1492,3045,4789
255: 2764,4463,3001
4469: 1271,1071,4500,4215
257: 1220,370,4553,2587,2201
258: 3052,1499,369,2156
259: 
260: 187,2232,4136
261: 2909
262: 2030,3891,1154
263: 338,1778,4459,4121
4484: 582,4694
4292: 
266: 555,2183,4769
4586: 4316,2442
268: 3332
4184: 2396,1404,1472,3000
270: 429,573,3035,581
4684: 641,2838,1292,1143,2539
272: 1827,583,1392,3204
273: 3879,2767
274: 
275: 
4207: 4619,747,2426,479,2961,921
277: 487,2644,882
278: 3417,22
279: 777,4799,2954
280: 1926,1018
281: 
282: 3095,1136
283: 2467
4155: 2257,253,2850,4349
285: 2184,4454
4637: 2995,3337,307,4243
287: 
4355: 3236,2611,4195
289: 4405,4580
290: 298,2760,3463
291: 
292: 355,912,1099,818,4223
293: 2270,4722,2147,553
294: 2070,2101,2734,1475
295: 
296: 615,492
297: 1534,421,3480,157,785
298: 290,789,2760,1354,1518
299: 4786,2294,1045
4680: 2117,4660,1608,4058,3759
301: 3386,2250
302: 4719,3851,4137
303: 150
304: 2024,4447,2249,3417
305: 1827,583,1270,1114
306: 
307: 4637,2510,2480
308: 1394,1948
309: 3195,1001,338,527
310: 2761,4583,2187,4674
4523: 2645
4048: 2359,4125,3582,3350,1503,4339
4279: 4758
314: 2772,4362,4724,4443
4811: 1946,2919
4507: 320,3194
4057: 1471,1742,2629
318: 2634
319: 766,584,2098,1646
320: 4507
321: 4276,1636,848,820
322: 3708,884,717,4235
323: 1447,3629,3452,4722
324: 
325: 4374,3933
326: 
327: 2291,1137
328: 1038,331,2441,1498
329: 1167,3183,2088
4324: 735,2700
331: 1546,328,3906,1498
332: 4459,3584,228
333: 2870,4201,453,3615,3670,2424
334: 832,701,3534,1841,2374
335: 2319,1711,887
4652: 4598,1764
337: 4424,1544
338: 263,527,309,1778
339: 3708,2233
340: 2133,1743,3169,2485,4193
341: 4065,2534,3687,3061
342: 2880,2338,854
343: 762
344: 53,433
345: 3393,1721,2416,2256,1803
346: 675,793,2484,4259
347: 
348: 2324,3013
349: 3623,3436,4518
350: 3254,1896,3124
351: 3662,4666,1129
352: 2728,2045,1294,4294
353: 2014,4786
4564: 1276,4569,2416
355: 292,912,783,4009,1099
356: 
357: 4801,2086,3409
358: 2241
359: 1148
4682: 4725,2655
361: 
362: 28,1669,719
4202: 
4115: 3845,4739,2446,680,602
365: 4183,3746,939
366: 474,4231,4794
367: 118
368: 4762,441,4783
369: 980,4395,191,1499,258
370: 1220,257,2201
371: 
372: 1201,3536,1965,987,937
373: 4079,3285,816,930
374: 592,2033,2505
375: 3335,4628,1600,3487
376: 1453,938,3867
377: 4432,574
378: 1733,1079,3908,3790,4095
379: 4688,2077
380: 3530,1532,57
381: 4087,695,1910
382: 1611
383: 
384: 199,3286
4194: 2325,1190,2819,2242,460,876
4294: 1294,983,2063,2045,352
387: 1494,4284,4101,1969
388: 
389: 4757,4338
390: 4183,3287,1380,3976,2704
391: 3761,3916,3989
392: 2742,3728,3756
393: 
394: 2138
395: 1466,3082
396: 1930,3043
4398: 4691,4243,4101
398: 1337,3258
4568: 1490,4361
4195: 1473,2611,1197,3236,4355
4741: 3091,1306,1673,84
402: 1844,3777,2738
403: 1362,1638,1162
404: 3830,622,1871,1257
405: 3469
406: 2032,1354,2295,2760
407: 4214
408: 569,671,1775,4016
409: 4788,1163
410: 1317,3027
411: 4540,767,4725,124,580
4623: 2961,921,3723,503,3513
413: 1306,4123,3912,3213
414: 3811,3470,952,1500,4086
415: 3795,1241,3807,3875
416: 4310
4464: 2819,4376,876
418: 
419: 2968,3886,3485
420: 3182,1234
421: 297,3480,3795,1488
422: 2310,2374,1874,4023,517,4773
423: 2904,117
424: 3545,1806
425: 4030,3211
426: 1004,3866,2996
427: 4727,2346,3923
428: 2168,4162,1993
429: 4698,270,3133,581
430: 2163
431: 1424
432: 923
433: 344,3042,4540
4205: 3130
4111: 3423,835
436: 3626,121,2581,878,3171
437: 1515,2989,1351,687
438: 4530,2711,1040,2642
439: 101,1425
440: 
441: 1049,368
442: 171
443: 1709,4433
444: 1680,3747
445: 3270,4477,3689
446: 588,1275,2535,3233
447: 3955,4076,1869,1430,498,1999
448: 4470,3631,2474
449: 4754,4582
450: 4365,3980,4091,4543,4765
451: 144,2075,3136,956,65
452: 2916,1420,2778
453: 4201,834,333
454: 6,3835
455: 1917,4513,4789,1372,4443
456: 4038
457: 3031,3730
458: 3324
459: 3722,4024,1641
460: 2242,2819,4822,4194
461: 4571,3759,2687,2117,2640
4396: 1548,3193,3076,169
463: 2702,4049,1799,2582
464: 
465: 520
4178: 3685,3964,4626,4350
4271: 972,3846,481,599
4122: 2060
469: 4471,143,1639
470: 
4050: 4526,3391,3097,4071
472: 
473: 3408,1769,540,3280
474: 366,4794
475: 3468,1955,85,2691
476: 4307
4234: 3259,2311,4792,3545
4487: 195,4114
479: 1029,3156,2456,2426,4323,4207,747
480: 1383,3080
481: 4617,2776,3846,4271,1967
482: 1795,2142
483: 24,996,1085
484: 2627,3233,1388,3873,2818
485: 
486: 3869,3572,522
487: 277
4719: 302,3554
4699: 1953
490: 3318,781
491: 198,2129,4709
492: 2709,2723,296,4705
493: 1375
494: 1011,1849
495: 604
496: 4664,4779,1740,2290
497: 2414,3989,2083,2690
498: 1999,447,3955,36,1454
4348: 101,1739,1229
500: 4529
501: 2626,4528
502: 698,2150
503: 670,198,3513,4623,2961,1732
504: 2439,550,4773,1577,4023,1245
4619: 4207,747,2961,2140,1732,3785
506: 2568,4375,216,4657
507: 3956
508: 808,1804
509: 1056
510: 110,3178,3391
4387: 1858
512: 992
513: 4042,3319,4685,894,1076
514: 1074
515: 2172
516: 2175,1500,1802
517: 1873,3938,1183,2310,422,4023,3432,4773
518: 1874,1577
519: 
520: 465,571
521: 3414
522: 1651,3572,486,2637
523: 3392,4076,4638
524: 
525: 1744
526: 2449
527: 338,3195,309,2613,974
4120: 115,1939,4545
529: 1775,2224,949,98
530: 1609,978,48
531: 3454,3020,2174,836
532: 963,2853
533: 1379,3433
534: 88,2913
535: 712,252,1659,1556
4461: 3812
4229: 927
4622: 3782,4776,4778
539: 1347,4225
540: 3280,3408,473,227,1661
541: 4296,1499,3650,980
542: 672
543: 854,1533,4768
544: 844,4259,141,4771
545: 1885,3947
546: 
547: 2987,4210
548: 2789,3388,1950
549: 3497,2038,4517,964,614
550: 504,2439,4773,1577,110,4526,3391
551: 1677,2864
552: 2845,1895,1514,3428
553: 2511,4722,4530,293
554: 4419
555: 266,2916
556: 2167,3191,4369,3153,4697
557: 2833
558: 4644,4460,2976
559: 2296,2380
560: 3560,669
561: 
562: 4812,4696
4262: 1982,2357,2688
564: 1398,1431,2813,1684
565: 3349,3188,3936
566: 
567: 2601
568: 4119,3654,3547
569: 671,408,206
570: 3886,4015,1884
571: 520
572: 1765,3817
573: 2793,270,1034,3035
574: 377
575: 3633
576: 2013,1414,2408
577: 2829,3954
578: 
579: 2649,2366,1068
580: 124,767,411,2052,2128
581: 3133,270,429,3035,4322
582: 4694,4484
583: 1827,272,2623,305
584: 319,766,4492
585: 3078,3277
586: 3754,865,4659,9,2208
587: 4745,222
588: 446,4038,1752,2627,3233
589: 
590: 1493,4574,4492
591: 2274,4715
592: 1135,374,27
593: 2707,3251,3458
594: 1567,3923,4794
595: 2254
596: 3220
4587: 4381,774,4531,1373
598: 69,3322,4775
599: 2823,4271
600: 1311,2996,4020
601: 3400,2200
602: 680,2022,4739,4115
603: 
604: 495
605: 3188,2131,3524,1392
4170: 2759,4188
607: 168,3604,1975,1260
608: 4418
609: 2423
610: 2715,1084,4492,3016
4570: 
612: 2871,4474
613: 2506,1409
614: 964,2038,549
615: 1859,296
616: 1115,803
617: 
618: 1943,4742
619: 2114,3385,4346
620: 4573,3438,2206
621: 1793
622: 3830,404,4633
623: 1907
624: 3879
625: 1440,2639,2322
626: 
627: 2735
628: 2559,4028,1228
4526: 4050,3391,2439,550,2804,4071
630: 
631: 3094
632: 3759,2687,3353
633: 3363,38,2465,3724,1941
634: 2328
635: 4751,811,2797,2077
636: 4470,2299
637: 
638: 178,3617,3098
4602: 
640: 127,3777,3087,791,4805,3855
641: 4684,2838
642: 4816,1282
643: 2526,2597,1153,2915
644: 3197,2929
645: 3963,3749
646: 2744,1046,4318
4626: 729,3964,3715,4178,1103
648: 4496,3784,1005,4210,2608,1668
649: 4803,1090,1867,2161
4179: 
651: 2509,1334,3541
652: 131,4147,2563
653: 3712,3856
654: 3883,3284,4823,1231
655: 3584,1705,228
656: 212,3586
4702: 3729,2300
658: 3860,136,2156,2677,1310
4439: 2329,2971
4598: 4652,4334,1764,4217
661: 2039,1529
662: 
663: 4209,1051,4616,3899,1134
664: 1606,3323,3412
665: 1399,781
666: 1981
667: 
668: 1498,1321,3426,3106,1795,1883
669: 3560,560,2240
670: 198,503,1732,2496
671: 569,408,1448,4016
672: 542
673: 48,3217,2822
4761: 2260
675: 346,2099,4651,4259
676: 
4371: 3731,1649,3771,4272
678: 4221,905,2848,1134,2826
679: 1184,2321,681
680: 2022,602,4115,3312,2446
681: 2321,214,727,679
682: 1094,4784
683: 3629,2511
684: 2161,1867
685: 3794,2029,3259,3711
686: 1996,4717
687: 3615,3004,1351,2870,437
688: 1844,1058,1518
689: 2778,2756,2577,3869
4393: 4
691: 4113,4407
692: 1257,4486,1001
693: 
694: 4365
695: 4087,734,381,4019
4250: 2721,4169,3449
697: 3941,3856
698: 502,4775
699: 4311,4740,1859
4505: 2633,2761,2900
701: 334,832,4142,3534,1841
702: 4142,1706,839,2508,1968
703: 31,2461,1584
704: 1257,4542,3793,1871,2860
4654: 4001,3763
706: 1236
707: 4508,3720,2625,2188
708: 2842,3543,3494,3897,2714
4401: 
710: 1046,2731,2115
711: 2955,2607
712: 252,2012,535,2411
4552: 2998,3620,4160
714: 
715: 
716: 
717: 884,322
718: 
719: 362
720: 876,1190,4330
721: 4261
722: 17,2311,3854
4090: 2984
724: 
725: 3706,4312
4751: 635,4688
727: 3081,681,904,3530,935
4289: 
729: 4626,2599,1289,1103,2535
4177: 4717
731: 
732: 1245,4600,2804,4773,3647,2047
4062: 4233,3540
734: 1456,695,829,1203
735: 4324,3561
736: 1945,3279,2405
737: 4146
4341: 
739: 167,3882,2056,2130
740: 4429,3064,2360
741: 2222
742: 3958,877
743: 203,1832,2414,3989,3624,3063
744: 2201,4516,2400,3569
745: 
746: 2500,4333,1127,2442
747: 4619,4207,1029,479,3465,2140,3785
748: 1225,2783
749: 3032,4093
750: 72,1653,3299,1192
4556: 
752: 931,4377,4258,4219,2199
753: 1697,1424
4596: 1180,3924,3580,1445,217
755: 2108,1216,4434,1850
756: 3600,4306
4500: 4469,777,3526
758: 1416
759: 2065,1052,4810
4161: 1788,3786,4381
761: 2163
762: 2801,343
763: 4795,3613,4325,97,1254
4133: 
765: 
766: 319,189,584,3016
767: 775,411,935,580
768: 
769: 3303,1093
770: 4327,242,3998,4224
771: 2966
772: 2971,784
4460: 558,4411,2976,2345
774: 3110,1788,4005,4587,4381
775: 767,904,53,935
776: 1815,1399
777: 279,4500,4799
778: 218,1384,3617
779: 
780: 125,201,1951
781: 490,665
782: 2588
783: 355,4009,1091
784: 772
785: 4589,891,297,3709
786: 3129
787: 2448,2648,4642
4078: 223,3580,3164
789: 298,1354,2121,1518
4773: 504,2439,550,422,1577,4023,937,1873,3938,517,3647,732,1245,2804
791: 1227,1647,2119,640
792: 1296,2606
793: 346
4731: 1628,4220,3306
795: 3394,1326
4024: 3722,229,2734,459
4101: 4284,4398,1405,387
4743: 1548,2385
799: 1890
4688: 379,4751,2002
801: 4305,1138
802: 3670,2424,1556,3986,2584
803: 3671,616
4160: 837,3620,4552
4244: 219,3595,2190,4559
806: 1645,1664
4051: 1211,1789,3349
808: 508
809: 2179,2775,4780
810: 1092,4290,3824
811: 2797,4804,635
812: 
4477: 445,3270,2722,2914,3631
814: 3764,4777,4553,1220
815: 3862,1160
816: 1558,3626,373,930
817: 2393,2970,4704,943
818: 4223,3144,1513,292,1099
819: 1285,1560
820: 2410,321,848,4512
4386: 4376,1256
822: 3552,2924,2564,2586,2278
823: 2615,1448,913
824: 
825: 1807
4260: 4553,4777,3641
827: 1979,1186
828: 3356
829: 734,4444,1203
830: 917,2041,833,903
831: 3261,1992,174
832: 334,701,4142,1968,2374
833: 903,830
834: 3917,4590,453
835: 1137,133,4111
836: 531,4789
837: 3620,1159,4160,3995,1093
838: 3908,1,4095,4450
839: 4272,2508,1722,1649,702,1968
4353: 
841: 4752
842: 
843: 3071,3436,2726,4518,2500
844: 544,2484,4259,2534,2983
4406: 1922,2199,4185
846: 887,4368
847: 
848: 321,4276,820
849: 3098,3307,2362
4042: 513,3319,894
851: 
852: 3798,4784
4805: 2266,127,640,1418,3855
854: 543,342,1533,4768
855: 3942
4655: 3297,3283,3372
857: 1327,3605,1627,2889
858: 4444,2453
4557: 4102,1020,1860,2664
860: 1687,4686,2873,4804
861: 3984,196
862: 3792,3897,4615,3962
863: 4458,4685,1674
864: 3527
865: 4488,3816,3754,586
866: 
867: 3439,1427
868: 962,2127,2549,4548
869: 3960
4391: 1063,1457,2758,1419,4274
871: 1575,4589,891,1380,3976
872: 2379,2960
873: 1958,953,1715,949
874: 3769,3910,2990,4118,3844
4022: 
876: 720,2819,4464,4194
877: 1028,52,3155,111,742
878: 3171,3044,2431,436
879: 1737,4599
880: 2622
881: 1876,4378
882: 3367,277,2644
883: 954,2159,4701,1087
884: 3708,322,2795,717
885: 
886: 3073,2963,56
887: 4361,846,2307,335,2319
888: 170,1476
889: 3747,1170,3359
890: 1981
891: 4589,871,785,1488,3976
892: 152,1950,3922
4610: 
894: 4685,4042,513
895: 
896: 2321,58,2351
897: 4080
898: 1238
4030: 1891,425
4708: 3339,4723,3691,4801
901: 2409,3845,2446
4573: 4733,3268,4213,620
903: 833,2041,830
904: 775,53,3081,727,935
905: 4221,678,3559,1134
906: 3654,2264,2043
907: 3909
908: 1152,4760,4471,4014
909: 1554,1495
910: 2912,4346
911: 2836
912: 292,355,4009,4046,2926,3505
913: 823
914: 4787,1914,178,2749,3098
4607: 3369,2120,3020,4513
916: 4394,4405,4618,2094,4580
917: 4585,830,2896
918: 4796,973
919: 1305,1937,230,4608
4273: 2482
921: 4623,2961,2560,2426,4252,4207
922: 4475,4352,2094,2633
923: 432,4767
924: 2156,4296
4233: 4062,2924
926: 
927: 2830,4229
928: 
929: 4362,1767,1917,4443
930: 77,2213,816,3626,373
931: 4377,18,752,4258,3968,77
932: 1205,212,2658
933: 2864,4725,3102
4674: 310,2112
935: 2052,727,767,775,904
936: 1314,1724,136
937: 1873,3938,1965,4773,372,3647
938: 4781,2782,3744,376
939: 365,3746,1174,3325
940: 1994,3920
4333: 2500,746
4220: 4731,2402
943: 4704,817
944: 3137
945: 
946: 1766,4525,1962
947: 1483,1753
948: 75,4231
949: 4714,1715,1775,529,873,98
950: 1500,4086,2175
951: 4802
952: 12,414,1500,1802
953: 1958,873,1010
954: 2159,883,1739
4555: 4817,2921,4448
956: 3136,26,451,65,134
4144: 2818,2839,2080
4118: 874,2990,3977,1272,3844
959: 2045,4216,983
960: 4516
4377: 931,18,752,2199,4383
962: 868,2127,3556,4343
963: 532,1589,1884
964: 614,549
965: 1970,4703,2898,2359,2051
966: 2494
4136: 120,260,2279
4096: 2781,3221,3401
969: 3939
970: 
971: 1620,3458
972: 3846,4271,1967,50,4297
973: 918,3625
974: 2613,527,2828,2793
4554: 4416,3353,17
976: 
977: 2030,251,4325
978: 4311,1609,530,3163,48
4123: 1593,413,3894,3860,3912,1310
980: 369,541,1499
981: 
982: 3880
983: 2045,959,4294
984: 4514,1300
4323: 1029,3156,479
986: 80,3522,2209
987: 1965,3849,4339,2865,2868,372
988: 3843,2849
4055: 175,1573,3299,4305
990: 4172,36
991: 4653
992: 512,4290,3824
993: 2389,2641,3718,1073
994: 
995: 1132
996: 24,483
997: 
998: 
999: 164,4321
1000: 2919,2404,3558,3628
1001: 692,2604,309
1002: 4549,2462,1234
1003: 3446,1655
1004: 426
1005: 648,3784,4210
1006: 4485,1385
1007: 4818,1013,2286
1008: 1706,3488,2508
1009: 2852,3056,2153,2650
1010: 98,953,2339
1011: 1016,2117,494,1849
1012: 2814,4494
1013: 4816,1007
1014: 3629
4086: 1500,950,414,3470
1016: 2640,1011,1849,3044
1017: 3060
1018: 2520,280,5
4107: 1177,1166
1020: 4557,1616,2664
1021: 137
1022: 3395,1373,2928,2560,3723
4689: 
4742: 2803,618,3550
4650: 1951,125
1026: 251,3342,1480
1027: 
1028: 4809,52,877,2615
1029: 479,4323,747,3465
1030: 
1031: 4253,2785,1324,3292
1032: 1419,2078,4003
1033: 4810,2461,4257,1458,2502
1034: 3471,573,3035
1035: 3945
1036: 3145
4403: 
1038: 328,1260,1551,1321
1039: 1809,4154,80
1040: 1073,438,2642
1041: 3398
1042: 2716,4663,2908
4542: 704,2860,2646,2604
1044: 4718
1045: 299,2294
1046: 710,2744,646,2731
4763: 2322,2433,1731
4319: 1453
1049: 441,2792,4762
1050: 2800,2253
1051: 4209,663,1134
1052: 2065,759,2743,3716,1671,4810
4293: 2185
1054: 2948
1055: 1333
1056: 509
1057: 3890
1058: 1647,688,2697,1518,1597
1059: 2013,1414,4102
4666: 3662,351
1061: 1214,97,3994,1371
1062: 3496,2493,2020,3475,4047
1063: 4391,1457,3644,4274
1064: 3539,2292,1420
1065: 145,2911,1320,1695
4785: 2659,89,3731,2736
1067: 1406,3142,1316
1068: 3621,579
4483: 
1070: 1274,2626
1071: 1156,1271,4469
1072: 2280,2293
1073: 1040,3718,2389,993
1074: 3414,514,3581
1075: 
1076: 4119,1674,4685,513
4673: 126
4166: 2889,156,1705
1079: 378,1733,204
1080: 2788,1762,1437
1081: 2034,3696
4327: 770,3998,4796
4349: 1801,4155
1084: 2715,610,1414,3065,1240
1085: 3070,483
1086: 1704,2640
1087: 3072,4701,883,1875,1683
1088: 
4806: 2830,2968,3289
1090: 4803,649,3676
1091: 2145,3175,1694,783
1092: 4290,810
1093: 3995,3303,769,837
1094: 682
1095: 2129,4640,4360
1096: 3240
1097: 4368,2123,1595,4361
4588: 2375,3178
1099: 292,355,1513,818,4223
1100: 
1101: 4776,1617,1981
1102: 
1103: 4350,729,4626,2100
1104: 3988,1757,2024,4447
4326: 1578
1106: 2751,4426,3930,4221,2848
1107: 
1108: 4646
1109: 4528
1110: 
1111: 
1112: 1180,247,1412,3793,217
1113: 2229,2570,4238,4538
1114: 2815,1682,2501,1337,305
1115: 616,3616,3064
1116: 213,34,3731
1117: 4436
1118: 2368
4142: 1706,3534,702,832,701,1968
1120: 1516,4399,2230
1121: 3985,1802,78,2972
1122: 4489,2892,1667
1123: 2842,1855,1312,1842
1124: 
1125: 
1126: 2757
1127: 4316,2442,746,1513
1128: 1383,2122
1129: 3662,351,2988,1953
1130: 2997
1131: 2933,172
1132: 995
1133: 4482,1946,2258
1134: 905,678,663,1051
1135: 592
1136: 282,1227
1137: 835,133,327
1138: 801,4305,2967,1573,1516
1139: 3841,2841,3838,3030
1140: 2935,3498
1141: 2500,1265,2726,3801
1142: 222,2475
1143: 4453,4684,1292,2539
1144: 2227,119,4481
1145: 2419
1146: 4044,3200
4609: 3001,2764
1148: 1902,359
1149: 3901,4354
4185: 3685,4406,99,2497
4399: 1516,1120,1207,1216,3253
1152: 908,4760,4781,3744
1153: 4766,643,1263,2915,2962
1154: 1929,2030,262
1155: 3007,1908
1156: 4769,1071,1821
1157: 231,2341,3529,4034
4287: 4504
1159: 837,3995,3344
1160: 815
1161: 1888,1879,1284,3294
1162: 2215,3228,1638,403
1163: 4788,409
1164: 
1165: 1539,4536,3066,2272,4165,4538
1166: 2676,1734,1838,1177,4778,4107
1167: 329,2259,1482,2291,3183
1168: 4428,2660
4311: 978,699,1859,3163
1170: 4678,889,3359
4254: 4052
4784: 1954,2930,682,852
4318: 1862,1639,646,2744
1174: 2549,3979,939,2127,3325
1175: 4714,1715,3704
1176: 4165,4538,1720,1752
1177: 1838,1166,4107
1178: 4408,3120,4092
4320: 2933,172,3552,2745
1180: 4596,3924,1112,247
1181: 2198,4388,1200,2303
1182: 1708
1183: 4129,3350,2310,3432,3938,517
1184: 679,4534,2321,3476
1185: 1804,2252,3064
1186: 827
1187: 3815
1188: 1904
4790: 2383,2318
1190: 2325,4194,720,4330
1191: 4578,2670,4633,4486,1395
1192: 72,2934,750
1193: 
4281: 
4592: 3922,3915,3814
1196: 1769,2353,3280
1197: 3608,2680,3236,1591,1473,4195
1198: 3290
1199: 
1200: 3341,1181,2303
1201: 3536,372,3896,4593
1202: 2803
1203: 1456,734,829,3916
1204: 1745,2596,2775,4533,2179
1205: 932,212,3839
1206: 4245,3858,3199
1207: 175,4151,2514,1516,4399
1208: 
4390: 2298,1922
1210: 
1211: 4051,3349
1212: 1329,1670,204
1213: 
1214: 1061,1371
1215: 3149,2609,2062,4668,2758
1216: 2108,755,4151,4399,3253
1217: 4247
4635: 3498,2259,2291,2739
4679: 2981
1220: 370,257,4553,814
1221: 4171
1222: 2432,2954
1223: 4201,1659,1469,252
1224: 2592
1225: 748,2000
1226: 2215,1329,204
1227: 3087,791,2119,1136
1228: 4028,628,2664,2133
1229: 1739,4348
4221: 905,678,2848,3870,3559,3930,1106
1231: 3917,4823,654,1469
1232: 40,4369,4697,2245
1233: 3833
1234: 2462,420,224,1002
1235: 2947
1236: 706,4080
4296: 541,1499,924
1238: 2373,898
4770: 2979,1740,2290
1240: 3065,1927,4574,1084,1471
1241: 2704,3795,3827,415,3875,221
1242: 1728,3949,3504
4463: 255,2764,168
1244: 
1245: 732,4600,2804,504,2439,4773,3647
1246: 3485,2619
4754: 1735,449,1435
4433: 2522,1709,443
1249: 3982,3018,3747
1250: 2591
4703: 3583,1970,965,3355,2898
1252: 3445,1634
1253: 3625
1254: 97,4795,763
1255: 
1256: 2228,4386
1257: 692,704,1871,404,4486
1258: 
4737: 4199,2390,3343,3230
1260: 1038,607,3604,1551
4339: 3849,987,4048,3350,2865
4479: 90
1263: 2868,3536,1153,2962,4593
1264: 
1265: 1141,3801,4691
1266: 3163,2709
1267: 2956,2724
4240: 1356,2957
4493: 2421
1270: 305,2501
1271: 4469,1071,4215
1272: 2401,3977,4118,3775,3844
1273: 4336
1274: 1070,3250,3943
1275: 446,1289,3066,2535
1276: 4564,4569,4558,4376
1277: 3154,2969,1437,1520
1278: 1685,2776,3468,1967
1279: 1853,3653,2340,2008
4604: 2546,1307,2159
1281: 1541,3621,3701,3603
1282: 4816,642
1283: 3634,1618
1284: 1888,1161,2478
1285: 819,2323,3114
1286: 1621
1287: 4786,2014,2545
1288: 4049,2182
1289: 3066,729,2599,1275,2535
4653: 3852,991
1291: 3304,2638
1292: 2838,4684,1143
4585: 917,1529,4527,1699
1294: 4294,352
1295: 2266,3974,1341,4455,3173,66
1296: 792,2606,2354,3689,4064
4095: 2608,4450,3908,838,378,2987
1298: 3606,2667
1299: 3774,2227,4211
1300: 86,984,2063
1301: 3300
1302: 2459,1661
1303: 2639
1304: 1798,3441,2522
1305: 919,1937,4608
1306: 1593,413,84,4741
1307: 3298,1745,2546,4604
1308: 
4263: 2752,3393
1310: 3912,3716,2677,658,3860,4123
1311: 600,3029,3725
1312: 1713,1842,1123
1313: 4154,3628
1314: 936,1724,136,2574
1315: 2589,102
1316: 3142,2958,26,134,1067
1317: 410,2304
1318: 3972,3718,4334,2950
4444: 858,829
1320: 2369,1065
1321: 668,1498,1038,1551,1795
4693: 4775,4103,3056,3107
1323: 4779,45
1324: 4705,2785,1031
1325: 3823,2719,2110
1326: 2915,3675,795
1327: 2187,3605,857,4583,2561
4492: 2715,610,584,590
1329: 1670,1212,204,1226,1411
4322: 3035,3079,3133,581,2712
1331: 
4253: 1031,3079,2712,3153
1333: 3166,1055
1334: 1817,651
4047: 3956,3496,1062,2493,3190
1336: 3077,2618
1337: 398,1114
1338: 
4218: 2839,3873,4162
1340: 2413,2576
1341: 1642,4455,1295,4010
1342: 3866
1343: 1597,1493,1742
4758: 4304,4565,4279
1345: 1613
1346: 3816,3667
1347: 539,2884
1348: 3710,4245,3199
1349: 
1350: 3568,3180
1351: 2989,3787,437,687
1352: 2264,3814
1353: 3606
1354: 2032,406,298,789,2760
1355: 
1356: 4240
1357: 3257,2376
1358: 
1359: 1655
1360: 3732,1843,3725
4091: 3980,225,450,4543
1362: 403,4214,1946,2258
1363: 1686
4537: 
1365: 
1366: 2163
4186: 2653,2544
4181: 
1369: 2355,1678
4163: 2981,3657,1770
1371: 3741,1061,1214
1372: 4724,3727,4443,455,4789
1373: 2928,1022,4587
1374: 4441,1696,4224
1375: 3110,2560,493,4252
1376: 4228,4135,4005,1459,3706
1377: 2330,3139
1378: 4282,3360,2612,4239
1379: 533
1380: 4183,390,3976,871,3979
1381: 4360,2955
4028: 2069,2559,628,1228,2133,1743
1383: 480,3058,3080,1128
1384: 3015,778,2383,2318,3617
1385: 1580,2008,1006
1386: 1870,4559,219,3413,3470
4530: 438,553,2642
1388: 484,2627,3734,2818
1389: 1557
1390: 
1391: 1756
1392: 272,2131,605,3204
4531: 2075,3202,4587
1394: 308,2020,1943,1928
1395: 3195,4486,1191,2657
1396: 4571,2559,1743
4372: 3475,3273,1526
1398: 564,4306
1399: 665,776
1400: 
4459: 332,4121,263
4300: 4173
1403: 1553
1404: 1472,3027,2806,4184,2396
1405: 1513,4284,4101,3144
1406: 1067
1407: 3129,3246
1408: 2138
1409: 613
1410: 152
1411: 1491,1882,1329,1670,25
1412: 3793,1871,1112
1413: 246,3734,3156,2456
1414: 2013,576,1084,3065,3328,1059
1415: 
1416: 758
1417: 
1418: 3855,4805,3974
1419: 1032,2758,4391,1457
1420: 452,2916,2756,3539,1064
1421: 1987,1590,3448
1422: 3861,1725,1426,4782,3293
1423: 2459,2553,2351
1424: 431,753
1425: 1680,439
1426: 2953,4052,4782,1422
1427: 3439,867
4769: 1821,1156,266,2916
4696: 1686,562,4812
1430: 1869,447,2284,1999
1431: 1829,564,1684
1432: 2368,1868,2809
4197: 2890
1434: 
1435: 3978,1735,4754,1484
1436: 1741,2343
1437: 1277,3154,1762,1080
1438: 2382
1439: 3226
1440: 2433,3382,2639,625
4151: 2514,1207,2108,1216
1442: 
4345: 2463
1444: 
1445: 3580,2313,3893,4596,3924
1446: 
1447: 3629,323,3452
1448: 823,671,3336
4199: 4737,3343,3273
4075: 2202,2382
1451: 3025
1452: 1631,2585
1453: 376,4319,3538
1454: 3411,4172,36,498
4471: 143,469,102,908,4014
1456: 4087,734,1203
1457: 4391,1063,1419,4274
1458: 2487,4810,1033,4257
1459: 2212,1747,1376,3706
1460: 115,195
1461: 3518,3414
4818: 1007,2286
1463: 
1464: 3817,4309,3874
1465: 4231,1926,4794,1545
1466: 395,3082
1467: 4108
1468: 2271
1469: 1231,1223,252
1470: 2710,2980
1471: 1742,4057,1493,4574,1240
1472: 1404,3027,4184
1473: 4195,1992,1591,1197,1813,2779
4109: 2098,3550
1475: 221,3875,2070,294,3290
1476: 2137,888,3510
1477: 2837,4541
4099: 
4183: 3287,390,1380,365,3979
1480: 1026
4510: 3913,3852,2805
1482: 1167,3611,3183
1483: 947
1484: 1435
1485: 3531,2076,3525,3088
1486: 1492,2309,4230,3045,1793,4789
4685: 894,863,513,1076,1674
1488: 2704,3795,421,891,3976
4180: 1924,4158,1961
1490: 4242,4568
1491: 1411,1882,2258
1492: 1486,2309,3045,254,4789
1493: 590,4574,1343,1471
1494: 387,2995,3337,1969
1495: 1554,909,1932,3810
4291: 1999,2284,3724,3987
1497: 
1498: 668,1321,3426,331,328,2453
1499: 4296,541,980,369,258
1500: 950,4086,414,952,1802,516,2175
1501: 2817,2787,2272,3775
1502: 3165,3397,2247,90
1503: 2865,4125,4048,4766
1504: 
1505: 2594
1506: 2001,140,3137
1507: 4657,2568,3743
1508: 
1509: 4264,1634
1510: 
4174: 2717,2736,89,3335
1512: 1543,8,4092,113
1513: 1405,1127,1099,818
1514: 552,3428,1797
1515: 3132,437
1516: 4399,1120,1573,1207,1138
1517: 3650
1518: 1597,298,789,688,1058
4704: 943,2393,817,4792
1520: 1277,1646
1521: 105
1522: 4634,3610,1789,4440
1523: 2367
4079: 373,3285,3201,3769,3714
4782: 1426,2953,4052,1422,3293,3742
1526: 4372,3273,2772,3343
1527: 
1528: 1695,2398,4508
1529: 661,4585,4527
1530: 3664,4820,3713
1531: 
1532: 3530,3476,380
1533: 2160,854,543
1534: 297
4712: 4274,2086
1536: 
1537: 
1538: 
1539: 4536,3066,1165
1540: 3363,1650
1541: 1281,2900
1542: 2783,2173
1543: 8,1512,1891
1544: 2984,337,3634
1545: 1465,4041,4494
1546: 331,2441,2815,3642,3906
1547: 3227,2619
1548: 4743,4396
1549: 3205,3516,4007
1550: 3655,188,3292,4705,2723
1551: 1260,1038,1321,1795,2142
1552: 
1553: 1403
1554: 909,1495,1932
1555: 3374,2408,3323,33,189,3333
1556: 2116,3986,1659,535,3670,802
1557: 1389
1558: 816,4643,3492,3285
1559: 2460,1782,4776
1560: 819
4354: 3901,1149
1562: 3842,4544,2113,3451
4624: 4503,3622
1564: 2209,4482
1565: 4764
1566: 3302,1822
1567: 2411,3923,594,4794,3527
1568: 
4162: 428,1993,4218
1570: 3591,2896
4690: 1907,1921
4448: 2921,4555
1573: 4055,175,4305,1138,1516
1574: 
1575: 4589,871,2126,4659
1576: 3843
1577: 518,1874,4023,504,550,4773
1578: 4326,1817
1579: 
1580: 1385,2134
1581: 2919,2404,3147,3745
1582: 1910,2210,3596,2373
1583: 4451,4709,2496,3583,1970
1584: 3548,4257,1701,703,2461
1585: 
4076: 447,3955,523
1587: 3860,3894
1588: 3161,3266
1589: 963,4783
1590: 1987,1421
1591: 1197,1813,4611,1473
4772: 2828,3471,1757,4447
1593: 1306,4123,3894,84
1594: 4143,3466,3765
1595: 1826,1097
4724: 1372,3727,314,3941
1597: 1518,1343,1742,2697,1058
1598: 3476,3510,3623,2495
4643: 2431,1704,2581,4280,1558
1600: 375,3335
1601: 
1602: 1792,3838,3743,3826
1603: 3791
1604: 2758,2078
1605: 4658,1909
1606: 664,33
1607: 2737,4208,3543,107
1608: 49,4058,3379,4660,4680
1609: 530,978
1610: 4813,2753,2233
1611: 382
1612: 93
1613: 1345
4815: 49,1713,2603
1615: 
1616: 3333,2408,1020
1617: 1782,4768,1101
1618: 1283,3862
1619: 2401,3977,244,4591
1620: 58,971
1621: 1286,4370
1622: 2959,4284,4723
1623: 
4201: 1659,453,1223,333,3670
1625: 
1626: 3796
1627: 2561,857,2889
1628: 4731,3207,3356
4793: 4563,4056
4038: 456,588,2627
1631: 3742,1452,4167
4274: 4712,4391,1063,1457
1633: 1985,3155,3200,52
1634: 2925,1252,1509
4295: 4067,4236
1636: 321
1637: 3438,2056
1638: 1162,403,4214
1639: 4318,1862,2744,469,2654
1640: 
1641: 459
1642: 1341,4455,3758,3559
4412: 3702,141,2153,2650
1644: 
1645: 806
1646: 1520,319
1647: 1844,2697,1058,791
4276: 321,848,23
1649: 1722,3771,839,4272,4371
1650: 3363,1540
1651: 3456,522,3572,2637
1652: 3398
1653: 3299,2415,72,750
1654: 240
1655: 1359,1003,3761
4817: 4555,3578
1657: 2209
4582: 2067,449
1659: 4201,1223,252,535,3670,1556
4794: 474,366,4231,1567,3923,594,1905,1465,1861,3527
1661: 2459,1302,3408,540,227
1662: 2157,3338,4465
1663: 2421
1664: 3172,806
1665: 4466
1666: 
1667: 2892,3970,1122
1668: 2608,4450,4496,648
1669: 4138,3565,2750,362,28
1670: 1329,1212,1411,3774,25
1671: 3213,1052,4810
1672: 4421
1673: 3091,4741,2337
1674: 1076,2017,4685,863,3884
4227: 
1676: 2103,2006,2090,3595
1677: 4332,4548,2208,551
1678: 1369
4135: 1376,3706
1680: 1425,444
1681: 3378,3189
1682: 2815,1114,3642,4019
1683: 1875,1087,62
1684: 3410,564,1431
1685: 1278,85
1686: 4696,1363
1687: 860,4085,4804
4290: 1092,3824,810,992
1689: 
1690: 3205,4007
1691: 
4404: 3953,2460
1693: 2242,2355
1694: 4337,1091,1933,4009
1695: 2398,1528,2911,1065
1696: 4441,1374
1697: 753,187,2232
1698: 
1699: 2792,4527,4585,4762
1700: 3904,2176,3129
1701: 3344,1938,1584
1702: 3257,2376
1703: 
1704: 2431,4643,1086,4280
1705: 1730,4166,156,655
1706: 4142,1008,3534,702,2508
1707: 1763
1708: 1182,2879
1709: 443,3022,4433
1710: 1756,3576
1711: 335,2319,4190
1712: 3434,3801,2191,3071,2726
1713: 1312,1842,4815
4472: 
1715: 4714,1175,949,873
4029: 3055,2232,232
1717: 3741,1894,4275,1903
1718: 4007,2576
4316: 1127,2442,4586,2145
1720: 4312,1176
1721: 345,1803
1722: 2918,1649,839,2508
4640: 1095,3142,4665,3149,2181,4360
1724: 936,1314,3410,2256,2574
1725: 3861,1422,3705
1726: 3867
1727: 4427,4466
1728: 1242,3949
1729: 2152,3741
1730: 38,1705,156,2018,1941
1731: 2433,4763
1732: 2496,3785,4619,670,503
1733: 378,1079,1868
1734: 1166,1838,4778
1735: 4754,1435
1736: 2369,59,4176,145
1737: 4620,879
1738: 3786,2672,2655,4159
1739: 1229,954,4348
1740: 2290,3835,4770,4664,496
1741: 1436,2343
1742: 1471,4057,1343,1597,2697
1743: 2133,340,2069,4028,1396,3169
1744: 2236,525
1745: 1204,4533,1307,3298
1746: 
1747: 4312,3138,1459,2212
4418: 2884,608
1749: 4744,1994
4105: 
4757: 389
1752: 4165,1176,588
1753: 947,3829
1754: 
1755: 
1756: 1710,1391,3275
1757: 2613,1104,3988,4772,2828
1758: 4237,3501
4424: 337,2457
4243: 4398,4691,3005,3337,4637
1761: 
1762: 2788,4149,1080,1437
1763: 1707,3317
1764: 4217,4652,4598
1765: 572,3411
1766: 946,2057,3937
1767: 4362,929,2595
1768: 
1769: 98,2353,1196,473,3280
1770: 4163,3779,3657
1771: 4819,2542
1772: 
1773: 3211,4780
1774: 3393
1775: 4016,529,408,4714,949
1776: 
1777: 1995,2263,2519,2039,4497
1778: 3584,263,338
1779: 242
4071: 4526,4050,2804
1781: 1791,2342,4611
1782: 1617,4768,1559
1783: 2582,4363
1784: 2043,3814
1785: 4305,2967,4678,3359,4149
1786: 2621,3076
1787: 3992,1839
1788: 4161,4343,4005,4381,774
1789: 4051,2047,3109,4440,1522
4169: 3449,3890,4250
1791: 1781,3532
1792: 1602,3911,3826
1793: 621,1486,4230,3045,3225
4660: 3379,1608,3085,4680
1795: 3106,482,2142,1551,668,1321
1796: 3997,3472
1797: 3428,1514
1798: 1304
1799: 3951,2702,463,4363
1800: 3187,2447
1801: 3517,4349
1802: 1121,78,952,12,1500,516
1803: 1721,345,4822
1804: 1185,2252,508,3616
1805: 
1806: 424,2311
1807: 825
4040: 
1809: 1039,80
1810: 4681,253,3385
4515: 83,162
1812: 
1813: 4611,2779,1591,1473
1814: 3611
1815: 776
1816: 2866,2770,16
1817: 1334,1578
4764: 1565,3570
4364: 
1820: 105,3942
1821: 4769,1156,3539,2292
1822: 3302,1566,3848,3452
1823: 
4315: 233
1825: 4236
1826: 11,1595
1827: 272,583,305
4792: 4234,3259,4603,3545,4704
1829: 1431,3217
4173: 4300
1831: 3833,2296
1832: 203,743,3216
1833: 3726,2747
1834: 
4504: 4077,4287
1836: 3198,2102,2167,3191
4651: 1961,675
1838: 1177,1166,1734
1839: 2829,1787,3954
1840: 3294,4524
1841: 2540,334,701,3975
1842: 1312,1713,1123,2593
1843: 3732,1360,3953
1844: 1647,688,402,3777
1845: 4373,2378,4437
1846: 2289
1847: 3293
4762: 368,2792,1699,1049
1849: 494,1011,1016
1850: 2205,755,3253
1851: 1926,3409,4499,75
1852: 3238,3041,4034,3643
1853: 1279,3653,2340
1854: 2836,3600
1855: 2842,1123,4282,2737,3494
4363: 3951,1799,1783
1857: 2906,2257
1858: 4387,2674,3802
1859: 615,4311,699
1860: 2664,1990,4557,2280
1861: 3527,3659,4794
1862: 4318,1639,2005,2654
1863: 3022,2315,2671
4807: 2385,169,4275
4736: 4288,1904
4200: 
1867: 649,684,2161
1868: 1432,3790,1733
1869: 1430,447
1870: 3811,1386
1871: 1412,3793,404,1257,704
4154: 3628,1313,1039
1873: 937,3938,517,4023,4773
1874: 518,1577,4023,422
1875: 1683,3072,1087
1876: 881,106
1877: 142
4732: 2856,4740,2204
1879: 1888,1161,2225,2510,3415
1880: 4382,3416
1881: 
1882: 1411,1491,4482
1883: 668,3426,3106,4821
1884: 963,570,4015
1885: 2728,197,545,3947
4417: 3053,2850
1887: 3535
1888: 1879,1284,1161,2672,2225,3314
1889: 
1890: 799,4648
1891: 4030,1543
4231: 948,366,4794,1465
1893: 2716,0,4081,2776
1894: 1717,1903
1895: 2845,552,2193,3428
1896: 350,4662,3124
4676: 
1898: 
1899: 
1900: 
1901: 
1902: 1148
1903: 1894,1717
1904: 4799,4736,1188
1905: 4794,4041
4775: 4693,598,4103,698
1907: 4690,623
1908: 3013,1155
1909: 3889,1605,4658
1910: 1582,3258,381
1911: 4718
1912: 
1913: 2892,1997,236
1914: 914,4787,3069,4561
1915: 4411,4821
1916: 193
1917: 455,4513,3369,929,4443
4546: 
1919: 3546,4416
4701: 1087,2159,883
1921: 4690
1922: 4406,4390,2199
4574: 1493,590,1471,1240
1924: 4041,4180
4503: 4624,3622
1926: 1851,1465,280
1927: 3065,1240,2629,3095
1928: 1394,2493,2020,1943
1929: 1154,2886
1930: 4707,4716,3043,396
4494: 1545,1012,4041
1932: 1554,1495
1933: 4388,3175,1694
1934: 2939,3444
4681: 1810,253
4423: 
1937: 919,1305,230,2161
1938: 4093,3952,3032,1701,4264
1939: 4120
4080: 1236,897
1941: 2018,2465,38,1730,633
1942: 3457
1943: 618,1394,1928
4408: 4649,1178
1945: 736,3279,2405
1946: 4811,2258,1362,1133
1947: 3311
1948: 3856,308
1949: 2029
1950: 152,548,892
1951: 4650,780
4536: 1539,3066,1165,2817,2272
1953: 1129,2988,4699
1954: 4784
1955: 3468,475,2691,2368,2809
4698: 429,3418
4247: 1217,2602
1958: 873,953,2881
1959: 
1960: 2146
1961: 4651,4180
1962: 3249,946
1963: 2170,4767,2831,3783,145
1964: 4745,2288
1965: 3432,3849,987,937,3938,372
1966: 220
1967: 972,3846,1278,481,3468
1968: 3487,4142,702,839,832
1969: 4723,4003,1494,2078,387
1970: 3583,4703,965,1583,2051
1971: 147
4648: 1890,1987
1973: 89,3731,4272,3487,4628
4809: 1028,1985,2615
1975: 607
1976: 3423
4077: 4504,3196,2936
4434: 4669,2108,755
1979: 827
1980: 2100,3842,2562,4222,3451
1981: 23,890,666,1101
1982: 4262,3859
1983: 
4259: 844,544,4771,2099,675,346
1985: 1633,4809
1986: 2532,3318
1987: 1590,4648,3448,1421
1988: 
1989: 
1990: 1860,2133,2280,4193,2293
1991: 3864,2611,3261
1992: 1473,2611,2779,831
1993: 100,428,4162
1994: 1749,3920,940
1995: 2263,1777,2003,4497
1996: 4204,686
1997: 2892,1913
1998: 2118,2017
1999: 498,4291,1430,447,2284
2000: 1225
2001: 1506
2002: 3234,4688,3745
2003: 4819,1995
4462: 3419,3610,3908,1,3790
2005: 2866,16,1862
2006: 2090,1676
2007: 
2008: 1385,2340,1279,3653
4632: 
4445: 225,3980
4388: 3825,2198,1181,2303,3175,1933
2012: 712,252,4727,2411,3923
2013: 576,1414,4102,1059
2014: 3872,353,4786,1287
2015: 3011,3525,4605,3758
2016: 3143
2017: 4119,1674,3884,1998,3009
2018: 2465,2284,1941,156,1730
2019: 3733,2068,3968
2020: 1062,2493,3475,1394,1928
2021: 3155,111,2205,3997
2022: 680,602,2880
2023: 2791,2400
2024: 304,4447,1104
2025: 2055,2386
2026: 2146,3279
4489: 1122
2028: 2076,2178,3463,2164
2029: 1949,685,3259,3887,3711
2030: 3891,262,1154,977
4187: 62
2032: 406,1354,2922
2033: 2505,3239,374
2034: 1081,3696
4547: 3804,3719,3608
4638: 4063,523
4518: 349,3436,843
2038: 3497,549,614
2039: 661,2255,2519,2263,1777
2040: 
2041: 2058,903,830
2042: 
2043: 2705,1784,906
4065: 2534,341,2983,3186,3061
2045: 959,983,4294,352
2046: 2673
2047: 3896,732,1789,3109
4440: 3109,1789,1522,3610
2049: 3815,3622,2605
2050: 196,4307,2927
2051: 2359,4451,1970,965
2052: 935,2128,580
4621: 2623,2784,3911
2054: 
2055: 2025
2056: 2130,1637,2086,739
2057: 1766,2840
2058: 2041,2147,3302,2270
4209: 663,1051,4616
2060: 4122,4802
4729: 4097
2062: 3149,2609,1215,4668,4665,2958
2063: 1300,86,4294
2064: 2112,2890
2065: 759,1052,4395,2743
2066: 3404,4577,4175,3204,3001
2067: 4582
2068: 3733,2019,3779,2275
2069: 2559,4028,1743
2070: 294,3875,1475
4777: 3641,4260,4553,814
2072: 3492,4280,2485
4049: 2702,463,1288
2074: 
2075: 4531,3202,144,451,65
2076: 3531,2028,1485,2164
2077: 379,2797,2228,635
2078: 1604,1969,4003,1032
4257: 3548,1584,4810,1033,2461,1458
2080: 3488,4144,2839
4143: 1594,3184
2082: 2965
2083: 3916,2690,497
2084: 2331,2632,4646
4252: 2560,2426,1375,2456,921
2086: 4712,357,3409,2056
2087: 
2088: 3452,329
4405: 3893,916,4394,289,4580
2090: 2006,1676,3595
4583: 2761,310,4475,2187,1327
4196: 2496,3785,3297,3283,3583,3355
2093: 
2094: 2903,4580,916,4618,922
2095: 132,63,3630,2473
2096: 
2097: 4480,3687,3940
2098: 4109,3412,319,189
2099: 4771,4259,675
2100: 1980,3842,4350,1103,2327,2562
2101: 294,229,2563,2734
2102: 2136,1836,4212
2103: 1676,2211
4467: 2557
4211: 1299,4481
2106: 2794,2230
2107: 
2108: 755,1216,4151,4434
2109: 2267
2110: 3164,3024,223,2719,1325
2111: 3147,4532
2112: 2064,4674
2113: 1562
2114: 619,4346
2115: 2731,3182,710
2116: 1556,3986,2852
2117: 4680,461,1011
2118: 1998,2306,183
2119: 2629,791,1227
2120: 3369,4607,2724,3020
2121: 2922,789
2122: 1128,3080,3075
2123: 4368,1097,4241
2124: 
2125: 2882,2739
2126: 1575,4589,4488
2127: 868,962,3556,2549,1174
2128: 2052,580,4524
2129: 1095,491,4709
2130: 2056,4499,739,2520
2131: 3188,605,3404,3936,1392,3204
2132: 60,2457,2341
2133: 1743,340,1228,4028,1990
2134: 1580,148
4627: 3230,2972,2970
2136: 3198,2102,3271,4384
2137: 1476,2305,3251,2878
2138: 1408,394
2139: 4572
2140: 3465,3372,4619,747,3785
2141: 
2142: 1795,482,1551,225
2143: 2557
4639: 2317,2612,4208,4239
2145: 2303,1091,3175,4316
2146: 1960,2026,3279
2147: 4722,3302,3848,293,2270,2058
4780: 1773,809,2768
4064: 3689,1296,2354,2185
2150: 69,3737,502
4733: 2607,4573,3268
2152: 1729
2153: 2269,141,2852,1009,2650,4412
4466: 1665,1727
2155: 4813,2571,2934
2156: 924,3052,258,2677,658
2157: 1662,3338,4608
2158: 3428,243
2159: 954,883,4604,4701
2160: 1533,2250
2161: 684,649,1867,1937
2162: 
2163: 761,430,1366
2164: 2178,2076,2028
4343: 1788,962,3556,4228,4005
4146: 737
2167: 556,3191,4369,3198,1836
2168: 428,3619,2918
4801: 3339,4708,3649,3677,357
2170: 1963,4767,59,145
4058: 49,1608,2603,4680
2172: 515,3031
2173: 3120,2601,1542
2174: 2773,3454,531
2175: 516,1500,950,3972
2176: 1700,3129
4465: 1662
2178: 3463,2164,2028
2179: 809,2357,2775,1204
2180: 2195
2181: 210,3149,2609,4640,4360
2182: 1288
2183: 266
2184: 285,2360,3345
2185: 2354,4293,4064
4517: 3497,549,4823,3150,3917
2187: 1327,3605,310,4583
2188: 707,2625
4023: 1874,1577,422,1873,517,504,4773
2190: 4559,4190,4244
2191: 3071,2495,1712
2192: 70
2193: 1895,3101
2194: 
2195: 2180
2196: 3413,3595
4085: 2451,2669,2443,1687,4804
2198: 3825,4388,1181,2859
2199: 4377,752,4406,1922
2200: 103,601
2201: 744,2587,370,257
2202: 2382,4075
4561: 3252,3472,1914
2204: 4740,4732
2205: 1850,2021,4044
2206: 3438,620,3268
2207: 2678,2856
2208: 9,4548,1677,3754,586,2864
2209: 1564,986,1657
2210: 1582,3596,3258
2211: 2545,3367,2103
2212: 3325,1459,3556,1747
2213: 3968,77,930
4310: 416
2215: 1226,1162,3228
4705: 1324,492,2723,1550
2217: 4611,71,3278
2218: 56,4820
2219: 
2220: 2548
2221: 
2222: 741
4671: 
2224: 529,3336,98,2353
2225: 144,3314,1888,1879,3136
2226: 
2227: 1299,1144
2228: 1256,2797,2077
2229: 1113,2570,3138
2230: 2295,1120,2106
4545: 4114,115,4120
2232: 187,260,232,4029,1697
2233: 1610,3708,339,2795,4669
2234: 3466
4644: 558,2991,4411
2236: 1744,4753
4600: 732,1245,2804,4476
2238: 
2239: 3858
2240: 669
2241: 358,3592,2329
2242: 2683,460,1693,4822,4194
2243: 
4617: 2776,481,4686,2873
2245: 2759,4697,1232
4572: 2139
2247: 3397,3165,1502
2248: 2773,2282
2249: 2327,304,3417
2250: 301,2338,2160
2251: 3381
2252: 1804,1185
2253: 1050
2254: 2300,595
2255: 3423,2519,2039
2256: 345,2752,3410,1724
2257: 253,4155,1857
2258: 1946,1362,1491,1133
2259: 1167,2291,3611,3498,4635
2260: 4761
2261: 3187,3809
2262: 
2263: 1995,1777,2519,2039
2264: 1352,906
4112: 244,3290,3612,4002
2266: 1295,4805,127,4455
2267: 4192,2109
2268: 
2269: 141,2153,2852
2270: 293,2317,2147,2058
2271: 3082,1468
2272: 2817,1501,2787,4536,1165
2273: 
2274: 4715,591
2275: 3575,2068
2276: 
2277: 3546,3176,3108
2278: 2586,822,3552
2279: 3998,4224,4441,232,4136
2280: 1072,1860,1990,2293
2281: 
2282: 2248,2768
2283: 4017
2284: 2018,2465,3724,1430,1999,4291
4128: 3139,173
2286: 3486,4818,1007
2287: 4608
2288: 3662,1964
2289: 1846
2290: 1740,4770,496
2291: 1167,2259,4635,327
2292: 3539,1064,1821,2628
2293: 4308,4193,1990,1072,2280
2294: 299,4786,1045
2295: 2230,406
2296: 559,3833,1831
2297: 
2298: 215,3775,3844,4390
2299: 4485,636,4470
2300: 2254,4702
2301: 2523,2847,3832,2732
4661: 2429
2303: 2145,3175,1200,4388,1181
2304: 1317
2305: 2137,2878,3377,3341
2306: 183,2118
2307: 887,4361,2319
4381: 4587,4161,1788,3786,774
2309: 1486,1492,4230,4789,193
2310: 422,2374,4129,1183,517
2311: 4234,3545,1806,722
4740: 2204,4732,699
2313: 3289,3924,1445
2314: 
2315: 1863,2671,3326
4474: 2964,2871,612
2317: 4639,2270,4208
2318: 4790,2383,1384,3617
2319: 335,1711,2307,887
2320: 
2321: 896,681,58,679,1184
2322: 4763,625
2323: 1285
2324: 348
2325: 1190,4194,2683,4374
4307: 476,196,2050
2327: 2100,2562,2249
2328: 634
2329: 3592,4439,2971,2241
2330: 1377,2391
2331: 2084,2632
2332: 
2333: 74
4697: 556,4369,3153,1232,2245
4369: 2167,556,4697,1232,40
4707: 1930,4716,3544
2337: 1673,3091
2338: 2880,342,2250
2339: 1010
2340: 2008,1853,1279
2341: 1157,231,60,2132
2342: 3464,1781
2343: 3245,4748,1741,1436
4256: 3831
2345: 2806,2976,4460,3828
2346: 427,4727,3416
4358: 
4778: 3490,2531,4776,3782,4622,1166,2676,1734
2349: 2993
4395: 369,191,2743,2065
2351: 58,1423,896
4553: 4260,4777,814,1220,257
2353: 98,1769,2224,1196
2354: 3586,1296,4064,2185
2355: 3933,1369,2683,1693
4223: 818,292,1099,3505
2357: 2179,4262,3859
4631: 
2359: 2051,4048,3582,965,2898
2360: 740,2184
4280: 2485,1704,4643,2072
2362: 3307,3858,849
4594: 74
2364: 2604
2365: 2904,4498
2366: 3400,579
2367: 1523
2368: 1432,1118,1955
2369: 1736,1320,2895
2370: 2526,167
4551: 2695
2372: 
2373: 1238,1582,4106
2374: 2310,422,334,832
2375: 3097,4588,85
2376: 1702,3257,2747,1357
4268: 2661
2378: 3234,4437,1845
2379: 872
2380: 559,4649
2381: 
2382: 2202,1438,4075
2383: 4790,2318,1384,3015,3617
4540: 411,3042,433
2385: 4807,4743
2386: 2025
4437: 2378,4373,1845
2388: 
2389: 993,1073,3360
2390: 3788,4737,3230
2391: 3636,2330
2392: 2471,3806
2393: 817,2970,4603,4704
4549: 3925,1002,4781
2395: 
2396: 2893,4184,3624,1404
2397: 3406
2398: 1695,1528,3318
2399: 2533
2400: 3569,2023,744
2401: 3977,1272,1619,4591,2787
2402: 4744,4220
4799: 1904,777,279
2404: 1581,2919,3745,1000
2405: 1945,736
2406: 
2407: 88
2408: 3374,1555,3016,3333,1616,576
2409: 901,2890,3845
2410: 820,4512
2411: 1567,3923,712,2012
2412: 3564
2413: 2747,4575,1340
2414: 3989,497,743,3063
2415: 1653,101
2416: 3393,345,4569,4564
2417: 2491
2418: 3387,2651
2419: 4212,3822,1145
4063: 4638,3312,3799
2421: 4493,1663
4748: 2343,3245,3867
2423: 609
2424: 3670,802,3420,333,3615,3004
2425: 
2426: 4252,3156,2456,479,921,4207
4496: 648,1668
2428: 
2429: 4661,3431
4419: 554
2431: 1704,4643,2581,878,3044
2432: 1222
2433: 1440,4763,1731
2434: 3762
4376: 4386,1276,4464
2436: 247
4350: 1103,4178,2100
4427: 1727,4171
2439: 504,550,4773,4526,1245,2804
2440: 
2441: 1546,328
2442: 1127,4316,4586,746
2443: 4006,3836,4085
4222: 2562,1980,3451,3636
2445: 3134
2446: 3312,901,3845,4115,680
2447: 3187,1800
2448: 787,3227,79
2449: 526,3663,2532
4789: 254,836,455,4513,1486,1492,2309,1372,3727,3712
2451: 4085,2669,4804
2452: 2699
2453: 858,1498,3426,2991
2454: 2610
4659: 1575,586,9
2456: 3156,479,1413,2426,4252
2457: 2132,233,4424
4576: 40,3607,3357,2523
2459: 1661,1302,1423,227
2460: 1559,4404
2461: 4810,1033,31,703,1584,4257
2462: 1234,1002
2463: 3174,4345
2464: 3024,4278
2465: 2018,2284,3724,1941,633
2466: 2735,3551,4421
2467: 283,2626
2468: 83
4267: 4132
2470: 
2471: 2392,165,3806,2659
2472: 
2473: 3589,2095,3630
2474: 6,448,4470
2475: 3435,1142
2476: 
4158: 2748,4180
2478: 124,1284
4188: 4170
2480: 3571,2510,26,307
4495: 2733
2482: 4273,231
4796: 918,4327,120
2484: 844,346,2534,2983,3618
2485: 4280,3169,340,2072
4127: 
2487: 1458,2502
4114: 4545,4487
4663: 2908,1042
2490: 3313
2491: 2417
2492: 
2493: 1062,2020,4047,3190,1928
2494: 966
2495: 3071,1598,2191,3623
2496: 1732,4196,670,1583,3583
2497: 3964,3715,4185
4533: 2596,1204,1745
4718: 1911,1044
2500: 4333,1141,746,2726,843
2501: 2815,1114,1270
2502: 2487,4810,1033,205
2503: 2789,3388,2518,4206
2504: 
2505: 2033,374
2506: 613
4508: 707,1528
2508: 839,1722,1706,1008,702
2509: 651
2510: 3415,1879,307,2480
2511: 4722,553,683
2512: 2871,2649
4725: 933,411,124,4682
2514: 4151,175,1207
4189: 
2516: 3588
2517: 3576
2518: 3915,2789,2503,4206
2519: 4449,3375,2255,2039,2263,1777
2520: 1018,2130,3882
4425: 
2522: 4433,1304
2523: 2301,4576,2847
2524: 4511
2525: 
2526: 643,2597,3268,2370
2527: 3380
2528: 3575,3830
4730: 
2530: 
2531: 3490,4778,2634
2532: 1986,2449
2533: 2399
2534: 4065,341,2983,844,2484
2535: 4544,1289,729,446,1275
2536: 2660
4275: 4807,1717
4516: 744,960
2539: 4684,2917,1143,4453
2540: 3355,1841,3283
2541: 4646
2542: 1771,4819,3431
4175: 4577,2066
2544: 4186,2653
2545: 2211,3810,1287
2546: 4604,1307
4346: 4137,910,2114,619
2548: 2220
2549: 3979,1174,868,2127
2550: 
2551: 3332
4193: 2293,1990,340
2553: 41,1423
4636: 2812
2555: 4791
4368: 2123,1097,846,4241
2557: 2143,67,4467
4172: 3411,36,1454,990
2559: 2069,4028,628,1396
2560: 4252,1375,1022,921
2561: 1627,1327
2562: 4222,2327,1980,2100
2563: 229,3083,131,652,2101
2564: 3632,3557,822,2924
2565: 
2566: 4046,2926,3150,3310
4580: 2903,2094,4405,916,289
2568: 506,4375,2652,4657,1507
2569: 
2570: 2229,1113,153
2571: 72,2934,2155
2572: 3787,4590
2573: 
2574: 1314,1724
2575: 
2576: 1718,1340
2577: 689,3869
4488: 865,2126
2579: 2901,2938,3788
4113: 4645,691,4407
2581: 2431,4643,436
2582: 1783,463,2654
2583: 3424
2584: 4103,802,3420,3986
2585: 56,1452
2586: 822,2278
2587: 257,2201
2588: 782
2589: 4014,76,1315,102
2590: 3441
2591: 2667,3117,1250
2592: 95,1224,3096
2593: 2603,1842,4615
2594: 1505
2595: 4241,1767
2596: 113,164,4533,1204
2597: 2526,643,3268,4766
4447: 304,2024,1104,4772,3417
2599: 729,2817,3715,1289
4497: 1995,1777,4054
2601: 2173,567
2602: 4247
2603: 2593,4058,4815
2604: 2364,4542,1001
2605: 2049,3622
2606: 1296,792,4039,3689
2607: 4733,711,4125
2608: 1668,4095,4450,2987,648,4210
2609: 210,3149,2062,2181,1215
2610: 2454
2611: 4195,1992,3243,4355,3261,1991
2612: 2642,4639,1378,4239
2613: 1757,974,3195,3988,527
4332: 4548,1677
2615: 823,4809,1028
4687: 3122,3818
4092: 8,1512,1178
2618: 3589,1336,4331
2619: 209,1547,3227,1246
4538: 4165,1176,4238,1113,1165
2621: 1786,3076
2622: 880
2623: 2784,583,4621
2624: 4446
2625: 3720,707,2188
2626: 501,1070,2467
2627: 484,3233,3734,1388,4038,588
2628: 2292,3456
2629: 2119,4057,1927,3095
4746: 3675,2962
4766: 1153,1503,2865,2597,2868
2632: 4138,2331,2084,28
2633: 2761,4505,3701,4475,922
2634: 318,3490,2531
2635: 3800,3756,214
4714: 1175,1715,949,1775
2637: 1651,522,2795
2638: 1291,3304
2639: 1440,3382,1303,625
2640: 1016,461,1086
2641: 3972,3161,3718,993
2642: 2612,4530,438,1040
2643: 
2644: 277,882
2645: 4523
2646: 223,2860,4542
4338: 389
2648: 4783,787
2649: 579,2512,4313
2650: 1009,2153,4412
2651: 87,2418
2652: 2568
2653: 4186,2544
2654: 1862,1639,2582
2655: 1738,2672,4682
4468: 2861
2657: 3050,3988,4578,1395
2658: 3518,932
2659: 4785,3806,213,165,2471
2660: 2536,1168,3050
2661: 4268
2662: 
2663: 2869,3957
2664: 1860,1228,4557,1020
2665: 3390
4416: 4554,3353,1919
2667: 2591,1298,185
4137: 3554,4346,302
2669: 4085,2451,4558,4804
2670: 4578,1191,4633,3331
2671: 1863,2315
2672: 1738,2655,1888,3314,4159
2673: 2046
2674: 1858
2675: 83,162
2676: 1166,4778
2677: 3052,2156,658,1310
2678: 2207
4297: 972
2680: 3608,1197,2754,3804
4529: 3221,500
4385: 
2683: 2242,3933,2355,2325
2684: 
2685: 118
4081: 0,2716,1893
2687: 3759,632,4571,461
2688: 4342,4262
2689: 2980
2690: 2083,497
2691: 3097,475,1955
2692: 
2693: 3597
2694: 
2695: 4147,3328,4551
4752: 841,4340
2697: 1647,1058,1597,1742
4212: 2419,3822,2102
2699: 2452
2700: 3561,4324
2701: 3721
2702: 4049,463,1799
4121: 4459,263,2793
2704: 3795,1241,3827,1488,3287,390,3976
2705: 2043,2754
4613: 4020,3386
2707: 593,3251,3751
2708: 3555,250
2709: 492,2723,1266
2710: 1470
2711: 2950,438
2712: 4322,3079,4253
2713: 
2714: 3962,3676,708,3543
2715: 1084,610,4492
2716: 1042,1893,4081
2717: 2736,4174,3806
4132: 4267
2719: 3823,1325,2110,3024
4210: 648,1005,2608,2987,547
2721: 4250,3449
2722: 2914,4795,3270,4477
2723: 2709,492,4705,188,1550
2724: 1267,2120
4106: 3124,4662,2373
2726: 3071,3801,1712,843,2500,1141
2727: 
2728: 352,1885
4612: 
4037: 3091
2731: 2115,224,710,1046,2854
2732: 3832,2847,2301
2733: 4495,3865
2734: 229,4024,294,2101
2735: 2466,627
2736: 2717,4174,89,4785,3806
2737: 1607,4239,4282,1855
2738: 127,3777,402
2739: 2125,4635
2740: 
4480: 3687,3254,3940,2097
2742: 392,3756
2743: 3052,4395,2065,1052
2744: 1046,646,4318,1639
2745: 3552,4320,172
4147: 3328,2695,652
2747: 2413,1833,2376
2748: 3030,4158,3838,3841
2749: 3069,178,914
2750: 1669,3565
2751: 1106,3609,4426
2752: 3410,2813,4263,3393,2256
2753: 4813,1610
2754: 3804,2705,2680
2755: 
2756: 689,2778,1420
2757: 4543,1126,4765
2758: 1604,1215,1419,4391
2759: 2245,3655,4170
2760: 298,290,406,1354,3463
2761: 2633,310,4583,4505
2762: 
2763: 3978
2764: 255,4463,4609,3001,168
2765: 
4606: 3562
2767: 63,273,3879
2768: 4780,2282
4374: 325,2325,3055
2770: 2866,1816
2771: 
2772: 314,3343,4362,1526
2773: 2174,2248
2774: 3537,3481
2775: 1204,809,2179
2776: 4617,481,1893,0,1278
2777: 3782
2778: 689,2756,452
2779: 1813,1473,1992
4352: 3701,4618,3603,922
2781: 4096,3077,3221
2782: 4781,938,3245
2783: 748,1542
2784: 3047,2623,4621
2785: 3079,3133,1031,1324
2786: 
2787: 1501,2272,2401,3775
2788: 3359,4149,1762,1080
2789: 548,3388,2503,2518
4224: 3998,2279,4441,1374,770
2791: 2023
2792: 4054,4527,1699,4762,1049
2793: 573,974,4121
2794: 2106,4044
2795: 3708,884,2637,2233
4522: 4225
2797: 811,2228,635,2077
2798: 3324
2799: 
2800: 1050,142
2801: 762
2802: 3029,3725
2803: 4742,3018,1202
2804: 732,1245,4600,2439,4773,4526,4071
2805: 4510,3913
2806: 2976,2345,3828,1404
4156: 
2808: 
2809: 3228,1955,1432
2810: 
4397: 4020,3386,3732
2812: 3524,4636
2813: 2752,3600,564
2814: 5,4657,1012
2815: 1682,1114,3642,2501,1546
4744: 2402,3122,1749
2817: 1501,2272,3715,4536,2599
2818: 4144,484,1388,3873
2819: 4464,4822,460,876,4194
4822: 2819,2242,460,1803
4649: 4408,2380
2822: 3163,48,673
2823: 599,4532
2824: 3159
4261: 721,3819,3694
2826: 678,2848
2827: 
2828: 4772,3471,1757,974
2829: 1839,577,3954
2830: 927,4806,2968
2831: 1963,4767,3783
2832: 
2833: 557
4317: 3776
2835: 3373,29
2836: 911,1854,3600
2837: 4541,1477
2838: 4684,641,1292
2839: 4218,4144,2080
2840: 2057
2841: 3841,1139,3030,4286,3596
2842: 1855,1123,708,3494
2843: 
2844: 
2845: 1895,552,2874
2846: 
2847: 2523,2301,2732
2848: 4221,678,1106,3609,2826
2849: 988
2850: 4720,4417,4155
4235: 3437,3708,322,3069
2852: 3056,1009,2116,3986,2269,2153
2853: 2973,3601,3591,532
2854: 3925,2731,224,143
4380: 3970
2856: 4732,2207
2857: 4616
2858: 
2859: 161,3665,3825,2198,4458
2860: 223,3793,217,4542,704,2646
2861: 4468,3538,3493
2862: 4367
2863: 
2864: 933,3102,2208,551
2865: 1503,4339,987,4766
2866: 2005,1816,2770,16
2867: 238
2868: 3536,1263,987,4766
2869: 2663
2870: 3787,333,3615,687
2871: 4474,612,2512
4219: 3714,752,4258
2873: 860,4617,4686,4804
2874: 2845
2875: 3541
4723: 1969,4003,1622,4708
2877: 
2878: 2137,2305,3377,3453
2879: 1708
2880: 342,2338,2022
2881: 2986,1958
2882: 2125,2975
4046: 2566,2926,912,4009
2884: 4418,1347
4605: 3870,3888,3559,3011,2015,3758
2886: 1929
4208: 1607,4639,2317
4411: 1915,4644,4460
2889: 4166,156,1627,857
2890: 4197,4313,2064,2409
4575: 3772,2413
2892: 1913,1667,3970,1997,1122
2893: 2396,3364,3624
2894: 3895
2895: 2369,3720
2896: 1570,917
4168: 
2898: 4703,965,2359,3582
4383: 4377,18,3014,3331
2900: 4313,1541,4505
2901: 2938,2579
2902: 3593
2903: 2094,4580,4278
2904: 2365,117,423
2905: 
2906: 1857
4125: 4048,2607,1503
2908: 4663,1042
2909: 261
2910: 3643
2911: 145,1065,3783,1695
2912: 910
2913: 534
2914: 2722,3270,4477,3631
2915: 3675,643,1153,1326
2916: 452,1420,555,4769,3539
2917: 3778,2539
2918: 1722,2168
2919: 1581,2404,4811,1000,3103
2920: 2956
2921: 4448,4555
2922: 2121,2032
2923: 
2924: 822,3552,2564,4233
2925: 1634
2926: 2566,4046,912,3505,3310
2927: 2050,4645
2928: 3395,1373,1022
2929: 3197,644
2930: 4784
4599: 879
2932: 
2933: 1131,4320,172
2934: 2571,72,2155,1192
2935: 118,1140
2936: 3196,4077
2937: 
2938: 2901,2579,12,78
2939: 1934
2940: 
4657: 2814,5,506,2568,1507
4569: 2416,4564,1276
2943: 
4458: 863,2859,3665
2945: 
4451: 4709,1583,2955,2051
2947: 4033,4344,1235
2948: 1054
4216: 959
2950: 2711,4334,1318
2951: 3797
4282: 3360,1378,2737,4239,1855
2953: 1426,4052,4782
2954: 279,1222
2955: 711,4451,1381
2956: 2920,1267,4774
2957: 4240
2958: 3142,1316,4665,4668,3571,3149,2062
2959: 1622,4284,3144
2960: 872
2961: 4623,921,4619,4207,503
2962: 4746,1153,1263,4593
2963: 3073,886,3340,2964
2964: 4474,2963
2965: 2082
2966: 771,3215
2967: 1785,4305,1138,4149
2968: 419,3886,2830,4806
2969: 1277
2970: 2393,817,4627,3230
2971: 2329,4439,772
2972: 4627,1121,3985,78
2973: 2853,4015
4813: 2155,2753,1610
2975: 2882
2976: 2806,2345,558,4460
4258: 931,752,77,4219
2978: 
2979: 6,4770
2980: 2689,1470
2981: 4163,4679
4577: 3404,3936,2066,4175
2983: 4065,2534,844,2484
2984: 1544,3661,4090
2985: 3756
2986: 3710,2881
2987: 547,2608,4095,4210
2988: 19,1129,1953
2989: 1351,3135,437
2990: 3769,3910,874,4726,4118
2991: 2453,3491,4644
2992: 
2993: 2349
2994: 95
2995: 3337,4637,1494
2996: 600,3029,426
2997: 1130
2998: 3402,4552
4476: 3109,4600,3419
3000: 4184,3364
3001: 4609,2066,255,2764
3002: 3502,3453,150
4618: 4352,916,2094
3004: 3615,687,3420,2424,3322
3005: 3415,4243
4589: 1575,871,785,891,3709,2126
3007: 1155
3008: 3340,103,3889
3009: 4119,2017
4284: 4101,1405,387,3144,2959,1622
3011: 2015,3525,3888,4605
4432: 377
3013: 1908,348,3368
3014: 99,4383
3015: 1384,3526,2383
3016: 3374,2408,766,610
4242: 1490
3018: 3982,1249,2803
4628: 375,3335,1973,3487
3020: 3454,531,2120,4607
3021: 
3022: 1863,1709
3023: 
3024: 2110,2464,2719
3025: 1451
4446: 2624
3027: 1404,1472,410
4159: 144,3314,1738,2672,3202
3029: 1311,2996,2802
3030: 2748,3841,1139,2841
3031: 457,3730,2172
3032: 749,3620,3344,1938
3033: 
3034: 3209
3035: 4322,573,270,1034,581
4238: 4591,1113,4538
3037: 3493,3518
3038: 3819
3039: 
3040: 
3041: 3238,1852,4034,3529
3042: 3768,433,4540
3043: 3544,1930,396
3044: 878,1016,2431
3045: 1486,1492,254,1793
3046: 3378
3047: 2784,3524
4303: 3722,4308,3878
4192: 4288,2267
3050: 2657,2660
4344: 3660,2947,4033,3172
3052: 258,2677,2743,2156
3053: 4417
4249: 
3055: 4029,4374
3056: 2852,1009,4103,4693
4204: 1996,3602
3058: 1383
3059: 
3060: 1017,4802
3061: 3186,4065,341
3062: 4814
3063: 3624,2414,743
3064: 4429,740,1185,1115
3065: 1240,1927,1084,1414,3328
3066: 1539,4536,1289,1165,4165,1275
3067: 
4678: 1170,1785,4305
3069: 2749,4235,1914
3070: 1085
3071: 2495,3436,2726,2191,1712,843
3072: 1087,1875
3073: 886,2963,3189
3074: 
3075: 2122
3076: 3193,4396,169,1786,2621
3077: 1336,2781
3078: 585
3079: 3133,2785,4322,2712,4253
3080: 1383,480,2122,3652
3081: 727,3800,904,53
3082: 1466,395,2271
3083: 229,2563,131
4443: 1372,1917,455,929,314
3085: 3759,3379,4660
4034: 1852,3041,3529,1157
3087: 1227,640,157,3855
3088: 1485,3525
3089: 31,4810
3090: 
3091: 4741,1673,2337,4037
4750: 3719,237,4203
4695: 
3094: 631
3095: 282,1927,2629
3096: 2592
3097: 2375,4050,85,2691
3098: 849,638,178,914
3099: 
4709: 4451,1583,491,2129
3101: 2193
3102: 3754,3667,933,2864
3103: 3320,4539,2919
4565: 4758,4304
4527: 2792,4054,1699,1529,4585
3106: 1795,668,1883,4821
3107: 4693,132
3108: 2277,3546,3176
3109: 4440,4476,2047,1789
3110: 1375,774,4005
4791: 2555,3311
4309: 3817,3799,1464
3113: 
3114: 3568,1285
3115: 191
3116: 3694,4340,3999
3117: 2591
4686: 4617,0,860,2873
3119: 
3120: 2173,1178
3121: 
3122: 4687,4744
3123: 4814
3124: 4106,4662,350,1896
3125: 
3126: 3281
4524: 57,2128,1840
3128: 3218
3129: 786,1407,1700,2176
3130: 4205
3131: 
3132: 1515
3133: 3079,2785,581,429,4322
3134: 2445
3135: 2989
3136: 956,2225,144,451
3137: 944,1506,140
3138: 2229,3325,1747
3139: 4128,1377
3140: 
3141: 
3142: 1316,4665,2958,1067,4640
3143: 2016
3144: 818,1405,4284,2959
3145: 1036
4820: 3664,1530,2218,3713
3147: 2111,3745,4532,1581
4361: 887,4568,2307,1097
3149: 2609,2062,2181,1215,4665,2958,4640
3150: 4823,2566,3497,4517
4149: 2788,3359,1762,1785,2967
4414: 
3153: 556,4253,4697
3154: 1277,1437
3155: 2021,111,3200,52,877,1633
3156: 2456,479,1413,2426,4323
3157: 
4087: 1456,695,381
3159: 3928,2824
4370: 3181,1621
3161: 2641,3972,1588
3162: 3371
3163: 1266,2822,978,4311,48
3164: 2110,4278,223,4078
3165: 1502,2247
3166: 1333
3167: 245,3334,4298
4073: 3362,4217
3169: 2485,4571,1743,340
4026: 3440
3171: 878,436,20
3172: 1664,3909,3660,4344
3173: 66,1295,4010,3899
3174: 2463
3175: 2303,1091,2145,4388,1933
3176: 3333,2277,3108
3177: 
3178: 510,4588
4783: 2648,368,1589
3180: 1350
3181: 4370
3182: 2115,224,420
3183: 1167,329,1482
3184: 27,4143
3185: 107,4803
3186: 3630,4065,3061
3187: 2447,2261,1800,4321
3188: 2131,605,565,3936
3189: 1681,3073
3190: 2493,3956,4047
3191: 2167,556,1836
4044: 1146,2205,2794,3200
3193: 3818,3076,4396
3194: 4507
3195: 1395,309,2613,527
3196: 2936,4077
3197: 644,2929
3198: 2136,1836,2167,4384
3199: 3366,1206,4245,1348
3200: 3155,1146,4044,52,1633
3201: 4726,4079,3769,3714
3202: 2075,4531,4159
3203: 
3204: 2131,3404,2066,272,1392
3205: 1549,1690,4007
3206: 3313
3207: 3356,1628
3208: 3364
3209: 3371,3034
3210: 
3211: 1773,425
4153: 
3213: 1671,3912,3716,4810,413,205
3214: 
3215: 2966
3216: 199,1832
3217: 673,1829
3218: 3864,3128
3219: 
3220: 596
3221: 4529,2781,4096,3401
4232: 
4382: 235,1880
4312: 1747,1720,725
3225: 1793,4230
3226: 1439
3227: 2448,1547,2619
3228: 2809,50,1162,2215
3229: 
3230: 4627,2390,4737,2970
3231: 3709,3974,66
3232: 3649,3677
3233: 484,2627,446,588
3234: 2002,2378
4786: 299,1287,2014,353,2294
3236: 3608,1197,4195,4355
3237: 
3238: 1852,3041,3346
3239: 2033
3240: 1096
4615: 3897,2593,3792,862
3242: 
3243: 2611
4571: 1396,461,2687,3169
3245: 2343,4748,2782
3246: 1407
4810: 1033,2461,759,1052,3089,31,1671,3213,4257,205,1458,2502
4797: 10
3249: 1962
3250: 3943,1274
3251: 2707,593,2137
3252: 4561,3958,3334
3253: 1216,4399,1850
3254: 350,3940,4480
4362: 1767,929,314,2772
3256: 
3257: 1702,2376,1357
3258: 398,1910,2210
3259: 4234,4792,685,2029,3711,3854
3260: 
3261: 831,2611,1991,174
4225: 4522,539
4241: 2595,4368,2123
4645: 4113,2927
4251: 3456
3266: 1588,3794
4774: 2956
3268: 4733,4573,2206,2526,2597
3269: 3809
3270: 445,4477,4795,3919,2722,2914
3271: 213,34,165,2136,4384
3272: 
3273: 4372,1526,3343,4199
4525: 946
3275: 3430,1756
3276: 
3277: 585
3278: 2217
3279: 1945,736,2026,2146
3280: 540,1769,1196,3408,473
3281: 3126,3965
3282: 
3283: 4655,3297,4196,3355,2540
3284: 3883,654,4823,3310
3285: 373,4079,3492,1558
3286: 3446,3969,384
3287: 4183,390,3976,2704,3827
3288: 
3289: 2313,4806
3290: 4112,244,1198,1475
4342: 2688
3292: 3655,1550,1031
3293: 1847,1422,4782
3294: 1840,1161
3295: 3464
3296: 3550
3297: 4655,3283,4196,3785
3298: 1307,1745,3859
3299: 1653,750,4055,175
3300: 1301,3561
4722: 2511,2147,553,323,3848,293
3302: 1822,1566,3848,2147,2058
3303: 769,1093
3304: 1291,2638
4475: 922,2633,4583
3306: 4731
3307: 2362,3858,849
3308: 3962,3676,230
3309: 
3310: 4823,2566,2926,3284
3311: 1947,4791
3312: 2446,680,4063
3313: 3206,2490
3314: 2225,144,4159,2672,1888
4036: 3546
4726: 3201,2990
3317: 1763
3318: 2398,490,1986
3319: 4042,513,3547
3320: 3522,3558,3103,4539
3321: 
3322: 598,69,3004,3420
3323: 664,3412,189,1555
3324: 2798,458
3325: 2212,1174,3138,939
3326: 3735,2315
3327: 
3328: 4147,2695,1414,3065
3329: 
3330: 
3331: 4383,4578,2670
3332: 268,3554,2551
3333: 3176,1616,33,1555,2408
3334: 245,3167,3252
3335: 375,4628,1600,89,4174
3336: 4016,2224,1448
3337: 2995,4637,4243,1494
3338: 4608,2157,1662
3339: 4708,4801
3340: 103,3008,2963
3341: 2305,1200
3342: 251,1026,4795,3613
3343: 2772,4199,4737,3273,1526
3344: 1701,3620,1159,3032
3345: 4429,2184
3346: 3238,114
3347: 3645
3348: 
3349: 4051,1211,565
3350: 1183,4048,3582,3432,3849,4339
4230: 1486,2309,1793,3225,193
3352: 3435,3695
3353: 4554,4416,632
3354: 
3355: 2540,4196,3283,3583,4703
3356: 828,3207,1628
3357: 3607,4576
4129: 1183,2310
3359: 2788,4149,1170,889,1785
3360: 4282,1378,2389
4800: 
3362: 4073
3363: 633,1540,1650
3364: 2893,3208,3000
3365: 3825,3884
3366: 3199,3704,4298
3367: 882,2211
3368: 3013
3369: 2120,4607,1917
4378: 881
3371: 3162,3209
3372: 3465,2140,3488,4655
3373: 2835,29,3984
3374: 1555,2408,3016,189
3375: 2519,4001
3376: 3797
3377: 3453,2878,2305
3378: 1681,3046
3379: 4660,1608,3085
3380: 2527
3381: 3829,2251
3382: 1440,2639
4056: 4563,4793,3402
4288: 4192,4736
3385: 619,1810
3386: 301,4397,4613
3387: 2418
3388: 548,2789,2503
3389: 
3390: 2665
3391: 4526,4050,110,510,550
3392: 523
3393: 2416,345,1774,2752,4263
3394: 795,3882,216
3395: 2928,1022,3723,3513
3396: 
3397: 2247,1502
3398: 1652,1041
4039: 3919,2606,3689
3400: 2366,601
3401: 4096,3221
3402: 2998,4563,4056
3403: 
3404: 3936,4577,2066,2131,3204
4237: 222,1758
3406: 2397
4033: 2947,4344
3408: 473,540,3280,227,1661
3409: 4499,2086,357,75,1851
3410: 2752,1684,1724,2256
3411: 4172,1454,1765
3412: 2098,3323,664,189
3413: 2196,219,1386,3470
3414: 1074,1461,521
3415: 2510,1879,3005
3416: 2346,3883,1880
3417: 278,304,4447,2249
3418: 21,4698
3419: 4462,4476
3420: 2424,3004,3322,2584
4700: 3473
4823: 3150,3310,3497,4517,3883,3284,654,1231,3917
3423: 2255,4111,1976
3424: 2583
4739: 4115,602
3426: 668,1498,2453,1883
4470: 448,636,2299,2474
3428: 2158,1797,1895,552,1514
4771: 3573,2099,141,544,4259
3430: 3275
3431: 2542,2429
3432: 1965,3849,3350,1183,3938,517
3433: 533
3434: 3801,3966,1712
3435: 3352,3695,2475
3436: 3071,349,3623,4518,843
3437: 4235,3708
3438: 2206,620,1637,167
3439: 1427,867
3440: 4026
3441: 1304,2590
3442: 3963
4334: 4598,2950,1318
3444: 1934
3445: 1252
3446: 1003,3286
3447: 
3448: 1987,1421
3449: 4169,2721,4250
4239: 2737,2612,4639,4282,1378
3451: 1980,3842,1562,4222
3452: 2088,1447,323,1822
3453: 3002,3377,2878,150
3454: 531,3020,2174
4321: 3187,999
3456: 1651,2628,4251
3457: 1942
3458: 170,971,593
3459: 
4165: 4538,1176,3066,1165,1752
4190: 4559,2190,1711
4779: 496,1323
3463: 2178,290,2760,2028
3464: 3295,2342
3465: 3372,2140,1029,747
3466: 1594,2234
4591: 4238,2401,1619
3468: 475,1955,1278,1967,50
3469: 405
3470: 3413,1386,414,4086
3471: 4772,2828,1034
3472: 4561,1796
3473: 4700,4812
3474: 
3475: 4372,3496,1062,2020
3476: 1598,1184,1532
3477: 
3478: 3581,3665
4642: 787,79
3480: 297,421,3807,157,3795
3481: 4060,2774
4203: 3654,237,4750,3719
4428: 1168,99
4745: 587,1964
3485: 1246,419,4394
3486: 2286
3487: 1968,1973,375,4628
3488: 2080,3372,1008
4138: 1669,2632,3565,28
3490: 2531,4778,2634
3491: 2991
3492: 2072,1558,3285
3493: 3037,2861,3538
3494: 3543,2842,1855,708
4808: 
3496: 1062,3475,4047
3497: 2038,4517,549,4823,3150
3498: 1140,2259,4635
4559: 4190,2190,4244,219,1386
4765: 450,4365,4543,2757
3501: 1758
3502: 3002,161
4384: 3607,2136,3198,165,3271
3504: 1242,3900
3505: 912,4223,2926
3506: 
3507: 
4634: 1522,3610
4816: 3738,1282,642,1013
3510: 3623,1598,1476
3511: 
4379: 
3513: 198,503,3395,4623,3723
4308: 2293,4303,3878
4819: 2003,1771,2542
3516: 3831,1549
3517: 1801
3518: 3037,1461,2658
4454: 285
3520: 
3521: 
3522: 3320,4539,986
3523: 
3524: 2812,605,3047
3525: 3011,2015,3531,1485,3088
3526: 4215,3015,4500
3527: 1861,1567,4794,864
4336: 1273
3529: 1157,231,3041,4034
3530: 1532,727,380
3531: 2076,1485,3525
3532: 1791
4814: 3123,3062
3534: 4142,1706,334,701
3535: 1887
3536: 1201,2868,372,1263,4593
3537: 2774
3538: 1453,2861,3493
3539: 1064,2292,2916,1420,1821
3540: 3913,4062
3541: 2875,651
3542: 3805
3543: 3494,107,1607,708,2714
3544: 3043,4707
3545: 424,4234,2311,4792
3546: 1919,4036,2277,3108
3547: 3654,3319,568
3548: 1584,4257
3549: 
3550: 3296,4742,4109
3551: 15,2466
3552: 822,2924,4320,2278,2745
3553: 3605
3554: 4137,4719,3332
3555: 2708
3556: 962,2127,2212,4343,4228
3557: 3632,2564,3913
3558: 3320,1000,3628
3559: 3870,4605,1642,4221,905
3560: 669,560
3561: 2700,3300,735
3562: 4606
3563: 
3564: 2412
3565: 4138,1669,2750
4511: 2524
4255: 3901
3568: 3114,1350
3569: 2400,744
3570: 4764
3571: 4668,2480,26,2958
3572: 486,1651,522
3573: 4771,141
3574: 
3575: 2528,2275
3576: 2517,1710
4760: 1152,908,4014
3578: 4817
4245: 1206,3199,1348
3580: 1445,4596,4078
3581: 3478,1074
3582: 2359,4048,2898,3350
3583: 1970,4703,2496,4196,1583,3355
3584: 655,1778,228,332
4269: 
3586: 2354,3839,656
4658: 1605,1909
3588: 2516
3589: 2473,4331,2618
4691: 4398,4243,1265
3591: 1570,2853,3601
3592: 2329,2241
3593: 2902
3594: 3791
3595: 4244,2196,1676,2090
3596: 2841,1582,2210
3597: 2693
4514: 984
3599: 
3600: 756,2836,1854,2813
3601: 2853,3591,4803
3602: 4204
3603: 3701,4352,209,1281
3604: 607,1260
3605: 2187,3553,1327,857
3606: 1353,1298
3607: 4384,4576,40,3357
3608: 2680,1197,3236,3804,4547
3609: 2751,2848,155
3610: 1522,4634,4440,4462,1
3611: 1814,2259,1482
3612: 4002,4112,153
3613: 4795,763,251,3342,4325
3614: 
3615: 3004,687,2870,3787,333,2424
3616: 1115,199,1804
3617: 638,1384,778,2383,2318
3618: 2484
3619: 2168
3620: 837,4160,4552,3032,3344
3621: 1068,209,1281
3622: 2049,3815,2605,4624,4503
3623: 3510,349,1598,2495,3436
3624: 3063,203,743,2893,2396
3625: 1253,973
3626: 436,121,816,930
3627: 
3628: 4154,1313,1000,3558
3629: 1447,323,1014,683
3630: 3186,2095,2473
3631: 448,2914,4477
3632: 3557,2564,82
3633: 3820,575
3634: 1283,1544
4593: 1201,3536,1263,2962
3636: 4222,2391
4795: 763,3613,3342,4325,3919,1254,2722,3270
3638: 
4407: 691,4113
3640: 3800,3728
3641: 4777,4260
3642: 2815,1682,1546,3906
3643: 1852,2910
3644: 210,1063
3645: 3347,237
4548: 4332,9,2208,1677,868
3647: 3896,937,4773,732,1245
4767: 2170,1963,59,3651,923,2831,3783,145
3649: 3232,3677,4801
3650: 4043,1517,541
3651: 3661,4767
3652: 3080
3653: 1853,1279,2008,148
3654: 906,3547,568,4203
3655: 188,1550,3292,2759
3656: 4314
3657: 3779,20,4163,1770
4804: 811,1687,860,4085,2451,2669,2873
3659: 1861
3660: 4344,3172
3661: 3651,2984
3662: 4666,1129,2288,351
3663: 2449
3664: 4820,1530,201
3665: 2859,161,3478,4458
3666: 
3667: 3816,1346,3102
4755: 
4305: 801,1785,2967,1138,4678,4055,1573
3670: 802,2424,333,4201,1659,1556
3671: 803
3672: 
4677: 106
4043: 3650,3812
3675: 2915,4746,1326
3676: 3962,2714,3308,1090,230
3677: 3649,3232
3678: 3725
4171: 1221,4427
4727: 427,2346,2012,3923
4646: 2541,1108,2084
4519: 
4331: 3589,2618
4486: 1395,692,1257,1191
3685: 4178,4185,99,3964
4541: 2837,1477,4011
3687: 4480,341,2097
4330: 720,1190
3689: 4064,4039,1296,2606,445
3690: 3893,4394
3691: 235,4708
3692: 
4426: 3930,1106,2751
3694: 3819,4261,3116
3695: 3352,3435
3696: 2034,1081
4521: 
4803: 649,1090,3185,3601
3699: 
4421: 1672,2466
3701: 4352,3603,1281,2633
3702: 4412
3703: 
3704: 4298,3366,1175
3705: 90,1725,4052
3706: 725,1459,4135,1376
3707: 
3708: 339,884,322,2795,2233,4235,3437
3709: 3231,4589,785
3710: 2986,1348
3711: 685,2029,3259
3712: 653,4789,3727
3713: 4820,1530
3714: 4219,3201,4079,3769
3715: 3964,2497,2817,4626,2599
3716: 3912,1310,1052,3213
3717: 
3718: 2641,1318,1073,993
3719: 4750,4203,3804,4547
3720: 707,2895,2625
3721: 2701
3722: 4303,4024,459
3723: 4623,3395,1022,3513
3724: 2465,2284,4291,633,3987
3725: 3678,1311,1360,2802
3726: 1833,3772
3727: 1372,4724,4789,3712,3941
3728: 392,3640
3729: 4702
3730: 3031,457
3731: 89,4371,1973,1116,4785
3732: 1360,1843,4397
3733: 2068,2019,3968,3959
3734: 2627,1388,1413
3735: 3326
4278: 3164,2464,2903
3737: 69,2150
3738: 4816
3739: 
3740: 
3741: 1717,1729,1371
3742: 1631,4782
3743: 3826,1507,1602
3744: 4781,938,1152
3745: 3147,2002,1581,2404
3746: 365,153,939
3747: 889,444,1249
4313: 2900,2649,2890
3749: 3963,645
4102: 4557,2013,1059
3751: 2707
4788: 1163,409
3753: 
3754: 3816,3102,586,865,2208
4481: 4211,1144
3756: 2985,392,2742,2635
3757: 
3758: 1642,2015,4605
3759: 632,2687,3085,4680,461
4664: 496,1740,3835
3761: 391,1655
3762: 2434
3763: 4001,4654
3764: 814
3765: 1594
4436: 1117
4717: 4177,686
3768: 3042,3816
3769: 3910,874,2990,3201,4079,3714
4206: 2503,2518
3771: 1649,4371
3772: 4575,3726
4694: 582,4484
3774: 1299,1670
3775: 215,2298,1272,1501,2787
3776: 4317
3777: 127,2738,640,1844,402
3778: 2917
3779: 20,3657,1770,2068
4119: 1076,2017,3009,568
4563: 4793,3402,4056
3782: 4622,2777,4778
3783: 2831,1963,4767,2911
3784: 648,1005
3785: 1732,4196,4619,747,2140,3297
3786: 1738,4161,4381
3787: 2870,2572,1351,3615
3788: 2390,2579
3789: 
3790: 3908,4462,1868,378
3791: 3594,1603
3792: 862,4615
3793: 1412,1871,217,1112,2860,704
3794: 685,4603,3985,3266
3795: 2704,1241,1488,415,3807,421,3480
3796: 1626,3963
3797: 3376,2951
3798: 852
3799: 3817,4309,4063
3800: 3640,2635,3081,53
3801: 3434,1712,2726,1141,1265
3802: 1858
4340: 3999,4752,3116
3804: 2754,3719,3608,2680,4547
3805: 3542
3806: 2659,2392,2471,2717,2736
3807: 3480,3795,415
4314: 3656
3809: 3269,2261
3810: 1495,2545
3811: 1870,414
3812: 4461,4043
3813: 
3814: 1352,4592,1784
3815: 2049,3622,1187
3816: 3754,1346,3667,865,3768
3817: 3799,4309,1464,572
3818: 3193,4687
3819: 3694,3038,4261
3820: 3633
4633: 622,2670,1191
3822: 22,4212,2419
3823: 2719,1325
3824: 4290,810,992
3825: 2198,4388,2859,3365
3826: 3743,1792,1602,3911
3827: 2704,1241,221,3287,4002
3828: 2806,2345
3829: 171,1753,3381
3830: 622,404,2528
3831: 4256,3516
3832: 2732,2301
3833: 1831,2296,1233
4532: 2823,3147,2111
3835: 1740,454,4664
3836: 4006,2443
4578: 2670,1191,3331,2657
3838: 2748,3841,1139,1602
3839: 3586,212,1205
3840: 
3841: 1139,2841,3838,2748,3030
3842: 1980,2100,1562,4544,3451
3843: 988,1576
3844: 2298,4118,874,1272
3845: 4115,901,2409,2446
3846: 972,4271,1967,481
4590: 834,2572
3848: 3302,1822,4722,2147
3849: 1965,3432,4339,987,3350
4375: 506,2568
3851: 302
3852: 4653,4821,4510
3853: 
3854: 3887,3259,722
3855: 157,1418,640,3087,4805
3856: 1948,653,697
3857: 
3858: 3307,2362,2239,1206
3859: 1982,2357,3298
3860: 658,1310,1587,4123
3861: 1725,1422
3862: 1618,815
3863: 
3864: 1991,174,3218
3865: 2733
3866: 426,1342
3867: 1726,4748,376
4603: 3794,2393,4792
3869: 486,689,2577
3870: 3888,4605,3559,3930,4221
3871: 
3872: 2014
3873: 484,2818,4218
3874: 1464
3875: 2070,1241,415,1475
4061: 
3877: 235
3878: 4308,4303
3879: 273,2767,624
3880: 982
4373: 1845,4437
3882: 739,2520,3394
3883: 3284,654,4823,3416
3884: 3365,1674,2017
3885: 
3886: 570,419,2968
3887: 3854,2029
3888: 3870,4605,3930,3011
3889: 1909,3008
3890: 1057,4169
3891: 2030,262
4720: 2850
3893: 3690,4405,4394,1445
3894: 1593,4123,1587
3895: 2894
3896: 3647,2047,1201
3897: 4615,708,3962,862
4498: 194,2365
3899: 4010,3173,663,4616
3900: 3504
3901: 1149,4354,4255
4716: 4707,1930
3903: 10
3904: 1700
3905: 
3906: 3642,1546,331
4543: 2757,4091,450,4765
3908: 1,3790,838,4462,378,4095
3909: 3172,907
3910: 3769,874,2990
3911: 1792,3826,4621
3912: 3716,1310,3213,413,4123
3913: 4510,3540,3557,2805
3914: 
3915: 2518,4592
3916: 2083,1203,391
3917: 834,1231,4517,4823
3918: 
3919: 4039,4795,3270
3920: 1994,940
4453: 1143,2539
3922: 892,4592
3923: 2411,1567,594,427,4727,2012,4794
3924: 1180,4596,2313,247,1445
3925: 4549,2854,224
4749: 3949
3927: 
3928: 3159
4215: 3526,1271,4469,218
3930: 3870,3888,4426,1106,4221
3931: 
4441: 1696,1374,232,2279,4224
3933: 2355,2683,325
4365: 450,694,4765
4544: 2535,3842,1562
3936: 3404,4577,565,3188,2131
3937: 1766
3938: 937,1873,517,1183,1965,3432,4773
3939: 969
3940: 3254,4480,2097
3941: 697,4724,3727
3942: 855,1820
3943: 3250,1274
4781: 2782,3744,938,4549,1152
3945: 1035
4213: 4573
3947: 1885,197,545
4512: 820,2410
3949: 1728,1242,4749
3950: 
3951: 41,1799,4363
3952: 4093,1938,4264
3953: 4404,1843
3954: 577,2829,1839
3955: 447,4076,498
3956: 4047,3190,507
3957: 2663
3958: 3252,742
3959: 3968,3733,18
3960: 248,869
4528: 501,1109
3962: 2714,3308,3676,3897,862,230
3963: 645,3749,3796,3442
3964: 3715,2497,3685,4178,4626
3965: 3281
3966: 3434
4298: 3704,245,3167,3366
3968: 77,2213,3733,2019,931,18,3959
3969: 3286
3970: 2892,1667,4380
4513: 1917,455,4607,4789
3972: 2641,1318,3161,2175
3973: 
3974: 1295,1418,66,3231
3975: 1841
3976: 3287,390,1380,2704,1488,871,891
3977: 2401,1272,1619,4118
3978: 1435,2763
3979: 2549,1174,4183,1380
3980: 4091,4445,119,450
4093: 1938,3952,749
3982: 3018,1249
4611: 1813,2217,1781,1591
3984: 861,3373
3985: 1121,2972,3794
3986: 1556,2116,802,2584,2852
3987: 3724,4291
3988: 1104,2657,1757,2613
3989: 2414,497,391,743
3990: 
3991: 
3992: 4067,1787
4217: 1764,4073,4598
3994: 4325,1061
3995: 1093,837,1159
4054: 2792,4527,4497
3997: 1796,2021
3998: 2279,4224,770,4327
3999: 4340,3116
4000: 
4001: 3763,4654,3375
4002: 3612,3827,221,4112
4003: 1969,4723,2078,1032
4004: 
4005: 4228,1376,1788,4343,3110,774
4006: 2443,4558,3836
4007: 1718,1549,3205,1690
4214: 1362,1638,407
4009: 355,912,783,4337,1694,4046
4010: 3899,1341,3173
4011: 4541
4012: 147
4013: 
4014: 2589,4471,102,908,4760
4015: 570,2973,1884
4016: 1775,3336,671,408
4017: 2283
4018: 
4019: 1682,695
4020: 4397,4613,600