0: 1459,597,2523
1: 2652,274
2: 4395,4695,1253,1313,4641,972
3: 883,66,2109,4251
4: 465,1857
5: 593,3499,4750,4451
6: 2141
4620: 4286
8: 2267,2239,3563,2755
9: 2339,3663,3168
10: 1852,715,154,2621
11: 3727,193,289,4086,846
12: 4229,4242,1305
13: 1375,3844,297,4253,4383
4276: 3468,3908,3079,4626,4369
15: 4345,2225,719
4153: 240
17: 1797
18: 2204,2401,1981
4157: 4206
20: 3993,4384,4558
4585: 2427,3302,1312,2311
22: 4144,2560,1165,2455,2391
23: 3721,2998,1199
24: 
25: 71,3347
26: 4823,1841
4626: 3607,4276,3908,1001,4369
28: 168,976,834
29: 2169,3894
30: 
4553: 3673,3806,2047,1630
32: 2092,306
33: 1412,1450
34: 4322,3153,527,3746
35: 3541,2438,1373,793,2784
36: 2471,1324,2696
37: 86,3982
38: 3979,1604,2266,4125
39: 4277,1761
40: 4213,183,948,1694
41: 908,1598,411
42: 
43: 
44: 1416
45: 3322,427,1898,2989
46: 1167,1358,833
47: 924,4699,4291
48: 2502,4366
49: 238,1850,3169,4102
4807: 1174,3337
51: 
52: 3899,98,190
4476: 4599,3141
54: 3115,2469
55: 3169
56: 631,1143
57: 987,4223,284
58: 2866,2995,893,1647,128
59: 2967,665,1469
4333: 4194,2416
61: 1132,3626
62: 
63: 4581,4412,3491,2974,2438,1373
64: 2248,4808,2006
65: 4454,4595,3533,1339
66: 3,883,2109,4132
67: 
68: 1541,3760,3750,2990,2443
69: 1926
70: 694,4472
71: 3347,2540,4100,25,183,4213
4307: 
73: 1777,2810,3094,3701
74: 
75: 2017,3037,3350
76: 1077,2264,4714
77: 1080,2698,3759,3379
78: 2358,3313,1249,2006,4635,3206
79: 1976,919,1445,2308,236
80: 3216
81: 3188,1346,598,2359,1888
82: 518,1424,3125
4711: 1653,1028,717,1986
84: 435
85: 3055,4584,1636
86: 37,3982,755
87: 
88: 2833,426,2988,684
89: 2443,484,2712,3959,1322
90: 4370
91: 4526,4538,4623
92: 1775,2795,2825
93: 1111
94: 
95: 
96: 4645
97: 395,2650,3004
98: 190,4490,52,2596,2224,688
99: 3715,1165,4455
100: 2597,1289,4580,3355,965,1803
4134: 271,2439,479,3938
102: 3342,1323,1791
103: 3389,2838,4166
104: 
105: 1574,1140,557,2953
4355: 2057,4775,1807,4436
107: 1198,3873,3714
4220: 1812
109: 3028
110: 2280,884,1588,1583,1620
111: 3200,3985,1064,3328
112: 362,4179
4791: 1487,158,2184,1924,698,1363,1185
114: 3117,2894
115: 1682,1827,508
116: 3707,2473,2870
117: 
4429: 
119: 4181,4814
120: 986,3540,2149,1212
4232: 3699,3748
122: 1047,3081,4325,1037
123: 3201,4709,1029,1241,708
4680: 2642,2885,900,3601,2048
125: 311,2759,1823
4532: 2812,1432,1809,4619
127: 964,2359,2459,3881,1181
128: 893,2866,58
129: 
130: 3683,2503
131: 1904,569,3011,227,4424
4099: 416,1197
133: 2656
134: 4031,3950,2705,4651,3442,3983
4596: 1008,1246,2785,1499,1999,2344
136: 2890
137: 3216
138: 1096,4736,2532,2949
139: 
140: 2402,520,3463
141: 4462,517,1419,4496,4766
4361: 3028,3810,1230
143: 4611,2914,2517
144: 3619,962,1119,2607,3722,3855
145: 881
146: 1614,1428
4319: 4388,2362,1141,166,469
148: 2097,2662
149: 3383,607,3967
150: 734,503,2915,1841,4823
151: 1047,3081,3150,938
152: 2789,3235,596,3958,1156
153: 3195,936
154: 715,440,10
155: 3957,1194,4605
156: 1257,1897,523,916
157: 4450,2526,826,278
158: 2184,793,4791,1487,1363,1185
159: 4273
160: 1488,169,1010
161: 4289,3719,1139,4547,1853
162: 
163: 1636,498
4762: 4571,1305,4122,2293
165: 1722,2113,3553
166: 940,411,4319
167: 3267,2456,2536,1684
168: 28,976,698,2930,1507
169: 1488,160,772,1449,3034
4201: 2001,742
171: 
172: 4563,1190
173: 3935,4754,4703,4798,4091,1218
174: 4116,2478,871,3287
175: 221,4221
176: 1902
177: 681,914
178: 4478
179: 
180: 3260,1818
181: 4199,2103,4598
182: 3658,3232,4770,2926,3142,4795
183: 4100,71,4213,40
184: 2904,4367,1963,3396
185: 2194
186: 
187: 1400,4287
188: 4526,4544,2865,3267,2456,4447
4295: 4636,3820,4788
190: 98,4490,52,3957,2132
191: 2834
192: 1446
193: 11,4112,846,1080
4166: 1489,103
4771: 3248
196: 
197: 1505
198: 2955,4041
4796: 3905,2494
200: 4125
4634: 2523,3745,4409
202: 
203: 2192
4794: 210,1511,2618,3263,2750,771,2074,437
205: 4126
206: 3472,717,3306,4671
207: 3172,937
4785: 2002,1247,407,4798,4707
209: 1176,1393,2858
210: 3556,4794,3263
211: 
212: 2331,3248,774,4400
213: 4343,1851,4062
214: 1196,4256,2537
4507: 3400
216: 4062,3513,911,3395
4420: 415,2709,2250
218: 1661,4787,317,1255
219: 2600,3595,993,3611,1822
220: 3672
221: 3873,175,4221
222: 1105,3889,3387
223: 3461,4674,4512,228
224: 349,3460
4613: 
226: 4516,524,2372
227: 4424,1629,3710,4027,131,2318,451
228: 3461,223
229: 1980,4705,733,4580
230: 602,4043,4197,3423
231: 2114,3599
232: 4074,2501,2982,506
233: 
234: 3244,4765
235: 4101,1127,4103
236: 1445,919,79,4113
237: 3772,2868,4784,3107,1877
238: 1850,49,2543,1928
239: 4308,2119,1262,4161
240: 4153
4158: 2852
242: 2531,2471,3115
243: 683
244: 3318,3582,2888,4285,727
245: 2329
246: 1397,1657,4593
247: 4642,3338,3181,1547
4419: 
249: 4052
250: 420,2236,2575
251: 2744,3631,4014,3051
252: 1817,2843,2217,2195
4107: 334,669
254: 2637
255: 1168,2330,2181,3471
256: 885,810,471
257: 428,4371
258: 
4481: 739,1497,3561,4210
4693: 3339,2754,3737,3547
4126: 205,691,3410,3445
262: 2854,2863
263: 3792,1608,4118
264: 
265: 1076,2926,2080,3142
266: 3517,3120
267: 2201
268: 1785,302,4443
269: 3888,433,1775
270: 3079,1779,2649,1176,3468
271: 4134,2439,3938,4095,384
272: 2269,508,4259
273: 740,2099,3748
274: 1
275: 
276: 302,850,3529,4443
277: 4083,2674,2211
278: 826,157
279: 1425,2751,4780,2334
4323: 2898,1268
281: 1358
282: 2121,2934,290
4446: 
284: 3350,4223,3414,57
285: 675,2342
286: 3455,2701
287: 2205,1628,3997,3503
288: 
289: 1870,4086,2714,11,1597
290: 989,282,2934,933
291: 
292: 2749,3818,888,1265,2735
293: 4387,1442,3648
294: 2298,935,4049,3325
295: 2682,587,1078
296: 1627,995,1454
297: 615,4270,4253,13,2670
298: 432,3247,1307,1573,1261
299: 2808
300: 4417,464
301: 310,1398,4512,1643
302: 850,3870,276,4443,268
303: 3919,4439,1784,2859
304: 1752,2572,2526,4450,3623
305: 1687,1685,1789,4663,1362
306: 2092,32
307: 1139
4752: 1831,4127,335
309: 4115,4819,924
310: 301,1398,1643
311: 125,2709,1025,415
312: 
313: 1911,3146
314: 1802,1683,983,3918,499,4094
315: 3068,1064,3985
316: 3420,2958,3838,1397
317: 4787,1506,218,1255,3720
318: 476
4311: 1617,543,703,1360
320: 
321: 1705,1570
322: 2626,1429
323: 4237
324: 397
4113: 236,1777
326: 4011,3829,4805
327: 
328: 3989,4175,1242,1545,1792,1910
329: 1219,2950,3678
330: 
331: 1432,1809,3669,1882
332: 1732,2664,338,4465
333: 3552,2376,544,4494
334: 4107,601,669,4461
335: 2026,4127,4752
336: 4218,1041,345,3479,1965,853
337: 2365,392,2755
338: 1327,2175,4465,332
339: 755,2334,789
340: 1911,4729
341: 625
4580: 100,1289,4705,3355,4569,229
343: 507
344: 3069,1982,4675,4258,4102,3299
345: 1189,3479,336,3512
346: 643,2720,2602,577
347: 
348: 4365,2346,2877,3309
349: 224,3888,3460
4458: 1674,2299
351: 
352: 1178,2155,4216
353: 
4766: 660,1114,2370,1419,4496,141,4462,3149,2776,3618,3523,3687
355: 4124
356: 1865,996
357: 4795,1091,1423,1950
358: 2706
359: 
4570: 1734,3344,4020
361: 4775
362: 112
4348: 522,4498
364: 1386,4618,917,1814
365: 4196,1840,598,1211
366: 1223,544,606
367: 3627,2053,4806,1275,4803
368: 2274,4241
369: 1190,4563,1893,1434
370: 3427,1614
371: 3902
4093: 3048,2250,2019,1068
373: 4162,3312
374: 2042
375: 3948,992,3700,709
376: 1519,4485,1717
377: 
378: 4539,720,2499
379: 2166
380: 3737,2075,4734,4629,956
381: 3208,3416
4659: 2117,942,4149,2773
4452: 2252,3311,1163
384: 2823,271,3149,4703
4269: 
386: 
387: 3144,3342,2198,1323
388: 4292,2590,4089
389: 1932,4401,1312,2311
4120: 396
391: 2217,2394
392: 3563,2755,337
393: 1383,4797,521,3033
394: 1576
395: 97,3329,1549
396: 3736,4120
397: 324
398: 
4592: 3825
400: 
401: 
4114: 3383
4744: 2462,1626,1784,1613
404: 1720,4524,3612
4436: 2057,4355,1690
406: 408,425,2760
407: 3935,4754,4798,1967,4785
408: 406,985,4502,4305,425
4146: 2164,1736
410: 2700,474,4382
411: 166,41
412: 2047,1232,3062,2387
413: 3166,2743,1401
414: 2952,4615,4557,817,1073
415: 4420,1011,1025,311,2709
416: 4099,3132
417: 4534,4161,4308,3178,2426
418: 4200,3568
419: 1677,3854,4559,2178,4226
420: 250,1053,2575
421: 4536,3071,2052,1161,3974
422: 2557,2893
423: 
424: 4616,904,1739,1919
425: 1087,2760,1228,406,408
426: 2988,3495,88
427: 45,3322,2043,2479
428: 3693,2919,257
429: 3571,3164,3054,475,3252,4185
430: 3641,3558,3017
431: 2136,560,1757
432: 298,1307,3018,1989,1948
433: 269,3888,3366
434: 3440
435: 84
436: 2061,2968,2603,3271
437: 2074,4794,1511,771
438: 2249,1780
439: 4216
440: 3162,4066,1156,154
441: 3924,1599,721
442: 1579,2026
443: 1270,4104,1217
444: 2768,3101
445: 706,1214,3884
4621: 1657,3882,839
447: 604,4792,4638,3494
448: 
449: 4516
450: 2325,1162,4033,1226
451: 2318,3534,893,3710,227,1328,3617
452: 2398,4561
453: 2800,3677,4363
454: 3128
455: 2969,2233,4238,1742
456: 3734,3777,1376,3827
4691: 2857,4041,3438,1969
4213: 1448,40,71,183
459: 1112,3066,3775,2125
460: 673,2461,2460,4818
461: 1084,2121,1762,4135
462: 1353
463: 3361,2226
464: 2380,1477,4417,300
465: 4,1857
4142: 3596,654,1668,1851,4062,1215
467: 686,2338
4748: 4124,636,3598
469: 1205,1864,940,2362,4319,4758,3839
470: 4811,1390
471: 810,256,2372
472: 
4124: 4748,355
474: 3841,410,4382
475: 429,1183,3252,2403,4185
476: 642,318,3170,572
4810: 1252,2399,4189,918,4085
478: 1879,4678,953,2133
479: 1083,695,4134
4372: 1555,1680
481: 965,4447,1803,2213,2865
4755: 822
483: 3114
484: 89,2712,3959,4219,4270
485: 836,3943
486: 4132,3447,2861
487: 4724,674,1855,2177
488: 1564,4483
4299: 3422,3368
490: 3613,2367
491: 3499,4640,1769
492: 3905,4445,1829,4818
493: 826,1136
4358: 
495: 1858
496: 4565
497: 4046,1728,2784,4326,3208
498: 2113,2344,163
499: 1330,3273,4094,1683,314
500: 1686,3377,4009,4180,3505
4373: 2111,4327,1155
4305: 985,4408,3298,408
503: 734,150,2044,4823,1679
504: 673,2410,4257,4437
4298: 2992
506: 2258,232
507: 3352,343
508: 2269,1827,272,115
4492: 1842,1688
4663: 4506,1789,305,1362,1402
511: 3977,555,1120
4381: 2715,2508,3325,935,2028,4399,3930
513: 2859,957,2598
514: 3365,4064,2518,2954
515: 3730
516: 1467
517: 2167,2131,3241,1419,141,4462
518: 82
519: 1414,2068,1569
520: 2402,140
521: 3033,3245,4195,393
522: 4498,4348,777,4719,1618
523: 4583,4622,156,1897
524: 2372,226
525: 2463,1371
526: 4039,1749
527: 2004,3746,34,1503
528: 2553,3497,3182,4601,2426
529: 3966,2241,4685,873,4279,2351
530: 4170,2676,3411,2752
531: 1330,4094,664,3412,4151
532: 4394,2570,900,2853,4118
533: 1758,2010,4739,4523,790
4800: 2910,2267,4378,1544,2239
535: 4491
4518: 668,3105,2540,1474,1448
537: 3867
538: 2957,2194
539: 1589,3189
540: 3481,3220,2246
541: 2669,2355
542: 4404
543: 4311,4461,2333,2996,703
544: 1223,366,333,2376
545: 4737,1885,1949
4759: 1363,1185,4046,754
547: 1118,1245,3404,4329
548: 3080,2611,3950,792
549: 4491,1991
550: 1920,4723,701
4258: 1982,4675,344,3299,4140,3374
552: 1188,4199
4602: 991,3327,3084
554: 
555: 1651,1120,3247,511,3977
4636: 4295,4182,3820,3849
557: 2407,2953,105
4229: 4110,12,3601
4511: 
560: 1757,431
4216: 439,999,1178,352
562: 2636,3784,3671,1381,3047,2488
563: 4154
564: 1968,4222,3204
4814: 119
566: 
567: 4317,3708
568: 4708
569: 131,1904,1134,1629
4435: 4666
4494: 3883,2566,333,4337
572: 1892,4296,3170,476,642
573: 3807,4005,1860,1475,3156,4198
574: 
575: 2435
576: 2654
577: 346
4261: 1368,4402,2593,3897
4641: 1313,3824,2,1253,972
580: 2742,849,791,2212,3173
581: 1103,2896,2561,2493,1450
582: 3356
583: 4252,1063,2568
584: 3811,1688,3018,801,1989
585: 3070
4823: 26,795,503,150,2044,4130,1679,3552,2376,1223
587: 2682,295
4200: 1203,418,2632
589: 3072
590: 730,3088
591: 4730
592: 1060,990,3057,3860
593: 5,1886,4750
4438: 3836,1575,2581,4815
595: 
596: 152,3235,1156
597: 0
598: 3188,81,1888,365
599: 1242,1545
600: 3057,2218,2347
601: 334,669
602: 230,4043,4225
603: 2427,4148,903
604: 4792,447,3494,4679,4722
605: 4231,643,751,1975
606: 2529,2720,366
607: 3967,3383,149
608: 
609: 3989,1203
610: 2553,1958,2630,3233,818,4308,677
611: 
612: 2780,4410,3662,1719
613: 
614: 
615: 4219,297,4270
4767: 2663,2628,2904,4367,4315,2944,1298
617: 3556,4784,3670,2566
4155: 2281,1356,1658,1121
619: 
620: 2438,4662
621: 
622: 4670,4583,2648
623: 959,4097
624: 2747,3077,1586
625: 341,2148
626: 
627: 1833,3493
628: 1386,3223,4618
629: 3401
630: 3588
631: 56
632: 4544,4447
633: 2627
634: 3526,2314
635: 2149,3540
636: 2811,2855,1259,4748
637: 
638: 2289,2756,2452,1916
4806: 684,3145,4802,4803,3627,1727,367
640: 3203,877,1288,1195,3016
641: 862,1291
642: 476,572,4672
643: 346,605
644: 4584,1550,1607,756,1011
4530: 2685,3897,1368,1763
646: 772,2182
647: 3231,4769,3182,3497
648: 2908,1733,4573
4660: 1739,4024,4815,904
650: 
651: 1659
652: 4625,2098,4351,4010
653: 2654,3323
654: 4142,3596,1668,1215,2804,2131
4278: 3779,3763,2259,2570
656: 1296,4611,3453,788
657: 2394
658: 4214,1001,3607
659: 
660: 1114,2370,4766,1169,3687,3896
661: 3367,2913
4156: 3236,1508
663: 3785,1243,2080
664: 3412,1330,3160,531,2296
665: 59
666: 3605,3575
667: 3297,1350,1088,2741
668: 3105,4518,1474,3524
669: 2942,4107,334,601
670: 1377,3838,3659
671: 3306,3220,3155
672: 
673: 4006,2461,2410,504,2279,1056,460
674: 4073,1855,487,2177
675: 285,3457
4092: 
677: 4308,2119,3233,818,610,1958
678: 1227,1463
4228: 1396,3108,1739,887
680: 2169,3894,1612
681: 177,3530,4574
682: 4087
683: 3085,1495,243
684: 1621,3145,4806,2988,88
685: 2013,4571
686: 467,4692
687: 3583,3278,4289
688: 1471,1372,2596,98,4490
4675: 1982,344,4258,2101,2189
690: 
691: 4126,2777,3445
692: 3722,2495,2607,3646
693: 
694: 70
695: 1083,479,1215,3508,1668
696: 1707,3305
697: 3259,3756
698: 1924,2930,4791,168
699: 4527,3953,2085
700: 2197,4083,4702
701: 4723,550,1920
4457: 4591,1207,1806,865,3786
703: 3197,2996,4311,543
704: 3268,2597,2104,2609
705: 2422,1859,2430,3321
706: 1214,3521,445
707: 888,3801,4549,3753,1436
708: 1241,1388,123,4709,2419
709: 2324,4817,1314,4617,375
710: 2726,4192,1642
711: 3644,2044
712: 3838
4629: 783,1567,380,956,3012
4723: 701,550
715: 154,1852,10
716: 
717: 206,3472,1028,4711
718: 1896,4657,827
719: 3917,1423,1950,15,4345,2225
720: 972,2499,378
721: 807,2935,3924,441,4757
722: 3362
723: 4209,2866
724: 4651,3243,2705
725: 3312,2559,3580
726: 1388,2168,1493,2024,840
727: 2052,4159,244,4285
728: 
729: 3832,3500,878,4377
730: 590,3899,3088
731: 
4259: 272,1795
733: 3844,4128,1980,229,3793
734: 503,150,2044,2484
735: 1942
736: 3843
737: 789,2675
738: 1891,1592,1394
739: 4481,1497,3561,1687,4210,4550
740: 2099,4545,273
4561: 452
742: 2001,4201,4549,3753
4706: 4335
744: 996
745: 3767,1703
746: 3751,4632,2722
4377: 878,729,2528,4705,3355
748: 3795
749: 3952
4598: 1510,4088,181,2103
751: 4019,1571,605,1359,1975
752: 3349,3188,2420
753: 3007
754: 1924,4759,1185,1334
755: 339,3982,86,2675
756: 1011,1025,1361,644
4499: 2360,4727,3702,3061,3218,2342
758: 
4627: 3095,2969,1844
4702: 4083,700
4603: 4208,952
762: 3611,4774
763: 2236
764: 3137,2869,1037
765: 
766: 874,4665,3910,4391,2303,3202
767: 1775
4469: 1486,3381,3323,2571
769: 4263,2364,2574,973
770: 2761,2696,2110
771: 4794,2074,437
772: 169,646,3034
773: 4000
774: 3248,212
775: 1494,977,1783,2478
776: 
777: 2205,1628,522,4498,4719
778: 1154,1453
779: 
4346: 3298,3160,2296
781: 3586
782: 4248
783: 4629,1567,2017,3547
784: 
785: 905,3833,3307,2191
786: 
787: 3094,3701,2308
788: 1816,656
789: 737,2334,339,2751
790: 533,4739,919,4523
791: 2742,580,849,1194,4809,3173
792: 1365,3442,2611,548
793: 158,35,1363,2784
794: 3074
795: 4823,2746,1201,3552
796: 
4392: 3292,824,1778,4225
798: 1027,2081
799: 
800: 
801: 3018,1712,584,1688
802: 3772,4009,2360,4727,3358
803: 3684
804: 1890,2838
805: 2268
806: 4510,1115
807: 721,2935,1081
808: 2304,1664
809: 4508
810: 3123,2506,471,1774,256
4812: 1094,1817,2843,1345
812: 2446,2935,2651
813: 3545
814: 2445,1269,4287,1400
815: 1010,1653
816: 1086,3211,4162,4608
817: 4557,414,2952,2687
818: 2126,3233,610,677
819: 1660
820: 4309
821: 
822: 4755,4482
823: 4012,954
824: 3292,4392,4225
825: 2084
826: 493,157,278
827: 1515,718,4657
828: 
829: 3565,2814,3536,3244
4410: 612,2521
4288: 
832: 1058,3154,1227,1084
833: 46,1167
834: 3847,1507,28,2504
835: 3543,3850,851
836: 485,2775
837: 1859,3471,4437
4496: 1419,141,3618,4766
839: 3047,4700,4621
840: 2536,3185,726,2024
841: 2151,4615,1073
842: 3356
4542: 2483,4178,2495,3619
4556: 
845: 3408,3447
846: 11,193
847: 2195,1962
848: 4489
849: 2742,580,791,2212
850: 302,3870,276,2786
851: 3024,835
852: 3944,1766,4545
853: 4804,4558,1965,4218,4384,336
854: 1060,1897,2061,1310
855: 
856: 3212,2194,2848
857: 2712,2229,2813
4799: 4508,2076,3542,3511
859: 1511,3562,2074
4666: 3194,4435
861: 1734,3344
862: 641,3073,3686
863: 1473,4760
864: 2055,2852,3841
865: 3786,2922,4457,4726,1806
866: 2441
867: 2011,2472,2972
868: 4591,1207,953,3351,4235
869: 3925
870: 3544,3467
871: 4758,2500,174,4116,2478
872: 2905,2066,3874
873: 4685,2895,2351,529
874: 766,1136,4665,3202,1180
875: 1012,948,1515
876: 1693,2673,1432,3669,4619
877: 2212,640,3203
878: 4377,729,4128,2670
879: 3180,907,2623,2210
4117: 1525
881: 145
882: 2158
883: 3,66,1070,3511
884: 3777,4488,1648,1620,110
885: 256
886: 1078,2833
887: 1919,3108,4228,1739
888: 707,3801,292,2749
889: 4151,4028,1842,3296
4630: 1726
891: 2562,3156,2277,2629
892: 
893: 2318,3534,451,1647,3617,128,58
4286: 3030,4620
895: 2049,4644,1350
4125: 2266,200,2206,38,1604
897: 1979
4280: 
4127: 4752,335
900: 3601,2048,4680,532,3893
4356: 
902: 3285,4713,1713,2648
903: 1662,4148,2427,603
904: 4616,424,4660,1739
905: 785
906: 2744
907: 879,3180,2210,4065
908: 41,1598
909: 2395,2803
910: 1554
911: 3451,3395,216,4062
912: 4595,4491,4560
913: 3710,4027,1485,3800
914: 3405,2724,177
915: 2199,2934,4135,2121,4567
916: 2648,2828,156,1257,2941
917: 1814,4638,1164,2263,1386,364,3850
918: 4085,4810,4695,1409
919: 790,79,236
920: 2343
921: 2552,2559,3372,3655,1704
922: 2678
923: 2546
924: 47,4819,4475,309
925: 4677,3688
926: 
927: 4726,1806,4486,4616
4110: 4229,3601,2570
929: 3101,3428,4385,4028
930: 4162,3312
4488: 884,3975,4655,1588
932: 1717
933: 989,290,3640
4363: 4101,3677,4103,453,3689
935: 294,3325,4381,1262,2028
936: 3195,153
937: 2893,1329,207
938: 3884,151
4317: 567,2300
940: 166,4471,469,1205,1974
941: 4763,3630,2750,1578
942: 1151,2543,4659
943: 2646,984
4811: 1472,3965,1390,1404,2453,2718,470
945: 2260
946: 4310,1804
947: 2837,2901
948: 1012,875,40,1694
949: 4676
4148: 2913,603,903
951: 3308,3934,1140
952: 2830,1312,4774,4603
953: 1622,3351,478,868
954: 4393,823
4521: 
956: 3012,380,4734,4629
957: 513,1591,4421
958: 4048,2959,1769
959: 623
960: 
961: 
962: 3619,1119,144,3709,1750
963: 1538,1142,3863,1044
964: 2359,1175,127,2459,1346
965: 481,1803,2213,2865,100,2597
966: 
967: 
968: 3341,4657
969: 4338
4139: 1249
971: 2955,2137,2021
972: 720,2,1253,4641
973: 2574,4263,769,3700
974: 4306,2513,1871
4623: 91
976: 28,168,3770
977: 1494,3438,775,2478,3287
978: 1867,2999
979: 1502,3664
980: 
4182: 4636,2062,1655,3849
982: 986,1497
983: 3918,2161,314,2768
984: 1151,3065,943,2127
985: 4502,4305,408
986: 120,982,3540,1611
987: 57,4547,2706
4664: 
989: 290,4655,933
990: 1060,592,2347
991: 3327,4602,4662,3541
992: 3948,375,3700,2723
993: 2666,3595,219,2600
994: 4172,2737
995: 296,1627
996: 356,744
997: 
998: 2521
999: 4216,3127
4539: 378,2499,1959
1001: 1375,4626,3607,658
1002: 3453,2172,4485,2782
4792: 604,447,1814,4638,3941,3494,4679
1004: 
1005: 2167,2804,3111,2659,1419
1006: 4651,4517,4031,2807
4135: 1762,461,2878,915
1008: 4596,1246,3584,2344
1009: 3986,3341,3719,4243
1010: 815,3006,1488,160
1011: 756,1025,4584,644,415
1012: 948,875,3409
4516: 449,226
1014: 
1015: 3288,3544,3569
1016: 2125,2408,2822
1017: 
1018: 3172,3017
4565: 496
4720: 1579,1542,2063
1021: 
1022: 2459,1067,1405
4650: 2681,4793
1024: 1046,1469
1025: 756,1011,415,311
1026: 4042,4517,2653
1027: 798,2960,2997
1028: 717,1914,4711
1029: 123,1241,2836
4597: 1523
1031: 1079,3780,2496,3639
4227: 1868,3022
4243: 2868,3986,1009,4784
4739: 3226,533,790
1035: 
1036: 3970
1037: 764,4325,122
4704: 3116,2624,4302
4150: 3644,3604
4722: 3038,604,4679
1041: 3163,4218,336,3479
4235: 1919,3351,868,4591
1043: 1773
1044: 3863,1142,963
1045: 1286
1046: 1024,3251
1047: 151,3081,122
4670: 622,4713,4583
4764: 2659,3618,4194
1050: 3740,4400,3329
1051: 3011,2753,4769
1052: 1811,1325
1053: 4379,420,3922
4302: 3210,4704,2624,1447
1055: 4069
1056: 4772,673,2461,2410,4818
1057: 
1058: 3290,3154,832,1516
1059: 2646,1267,1891
1060: 990,592,854
1061: 
4383: 3468,3908,3842,4253,1375,13
1063: 583
1064: 315,111,3200
1065: 3155,2246
1066: 2710,1478
1067: 4451,2758,3499,4640,1405,1022
1068: 2761,4093,2019
1069: 3550,2408
1070: 3542,3511,883,4132
1071: 4681,1233
1072: 3328,2497,3169,2787,2146
1073: 1495,841,4615,414,2588
1074: 3919
1075: 3104
1076: 265,4795
1077: 76,4714,2782
1078: 1100,295,886
1079: 1031,2839,3780
1080: 77,2698,193,4112
1081: 807
1082: 3557,2766
1083: 479,695,1215,1668,2131,3241
1084: 461,3154,832,1762
1085: 
1086: 816,3315,3509,3211
1087: 425,2760,1228,2415,1895
1088: 2741,667
1089: 1810,2614,4604,1916
1090: 2419,3750,3760
1091: 4795,357
4689: 
1093: 1634,3593
1094: 4812,1817,2843
1095: 2898,1211,1794,4586
1096: 138,2032
1097: 4011,2000,2254
1098: 1929
1099: 3175,1729,3135,4682
1100: 1078,3024,1585
1101: 4582,2889,1431
1102: 1427
1103: 1412,581,2493,2091,1450
1104: 2015,3102,4144,4406
1105: 3489,222
1106: 1528,1441
1107: 4205,3802,4368
1108: 3761,4788,4065,1560
4604: 1810,1089
1110: 3401,1977,2322
1111: 93
1112: 459,1123,2711
1113: 3066,3964,2512,4728
1114: 660,4766,3618,3557,3687
1115: 806,4483
1116: 2545,4226,2581,2178,3872,4416
1117: 3157
1118: 3508,547,1245
1119: 962,144,3855,1750
1120: 1651,555,511,3821
1121: 2281,4155,1209
1122: 2046
1123: 1641,1927,1112
1124: 1701,3602
4241: 2519,4654,2274,368
1126: 4480,3906,3736
1127: 2680,4103,235
4717: 2232
4431: 1962
1130: 4287,4609
1131: 
1132: 61
1133: 3544,1635
1134: 2778,1736,4044,1904,569
1135: 3046
1136: 874,3138,1180,493
1137: 
1138: 
1139: 4289,3719,161,307
1140: 2876,951,1574,105
1141: 4388,4319,2961,3476
1142: 963,1044
1143: 56
1144: 1926,3921
4273: 159,3238
4554: 1711,4088,1394,2307
1147: 
1148: 1725
1149: 3703
1150: 2087,3061,4359
1151: 984,942,2127,2543
1152: 1887,1848,1254
4559: 2655,2928,2497,419,3854
1154: 3076,1446,778
1155: 2209,2105,4373
1156: 3162,440,4066,152,596
1157: 2076,4012,3481
4331: 3464,2086,2989
1159: 3466
1160: 
1161: 2052,4159,2021,421,3974
1162: 450,2325,4624
1163: 3311,3103,4452
1164: 917,4638,2263,2064,3850
1165: 99,2015,4144,22
4369: 4505,3163,4276,3079,4626
1167: 46,833
1168: 255,2330,2181,2676,3471,2430
1169: 3687,660,3896,3940
1170: 3876,2688,4190
1171: 4543,2214,3660
4335: 4706
1173: 1653,4671,3651
1174: 4807,4471,3337,1974
1175: 964,2758,4637,2459
1176: 2649,209,1570,270
4705: 2528,3355,4377,4580,229
1178: 352,4216
1179: 1414,1884
1180: 4193,874,1136,3577
1181: 2359,127,1888
1182: 1863,2905,3398,4520
1183: 3252,2568,475,2403
1184: 1963,4349,2449
1185: 4759,1363,4791,158,1924,754
1186: 
4207: 3523,2156,1925,4798,2002
1188: 552,3475,3794,2103
1189: 345
1190: 369,4563,172
1191: 2277,4726,2922
1192: 
1193: 2487,4820
1194: 3957,155,2132,2742,791
1195: 3016,1288,640,4055
1196: 1205,1864,214,4256,1783
1197: 4099
1198: 3975,107,3873
1199: 2998,3425,23
1200: 3604,1336
1201: 1880,2056,2746,795,4784
1202: 4432,2173
1203: 3989,4175,4200,609
4188: 1770,4242,3763
1205: 469,1864,1196,1974,940
1206: 2383
1207: 868,4591,4457,1879
1208: 
1209: 3529,2281,1121
4322: 3153,34,1968,3357
1211: 1095,365,4586
1212: 2149,120
1213: 2684,3448
1214: 706,445,3884
1215: 1083,695,1851,3508,4142,654,1668
1216: 4057,1573,3403,2551
1217: 4425,4104,443
1218: 4091,4409,173
1219: 329,2641,4747
1220: 4173,4520,1565
1221: 
1222: 3637,4294,3167
1223: 366,544,4823,4130,2376
4786: 2772,3708,1603
1225: 4789,2912
1226: 3812,4033,450
1227: 678,1463,832,1319
1228: 425,1087,4533,1895,3697
1229: 2447
1230: 1676,2788,4361,3810
1231: 3702,3061,4359,1686
1232: 412,3846,3980,3062
1233: 1071
1234: 1862,3704,1598,3966
4778: 1643
1236: 1302,2264,1279
1237: 2509
1238: 
1239: 2555,4442
4170: 530,1484
1241: 1388,708,2836,123,1029,3886
1242: 599,1545,1910,3084,328
1243: 3287,1284,663
1244: 3183,1442,4715
1245: 3404,4121,1118,547
1246: 1008,4596,1999,3584,2892
1247: 2002,4785,4798,1925,4707
4505: 3163,4369,3079,1779,2330,2181
1249: 4139,2006,78,3313
1250: 
4443: 4535,302,276,268
1252: 4617,2399,4810,3579
1253: 3450,4395,2,4641,972
1254: 1744,2580,1848,1152
1255: 1485,3720,4215,218,317
1256: 3204,4558,1836,3693,2919
1257: 156,916,4076,2061
1258: 2901
1259: 636,3502
1260: 3647,3558,3642
1261: 1573,298,4390
1262: 2028,935,239,2119
4451: 4750,1067,2758,5,3499
1264: 
1265: 3919,2735,292,3818,2635,2589
4233: 4606,3743,2632
1267: 1059,3819,3794,1592,1891
1268: 2350,4586,2520,4323
1269: 2445,814
1270: 3001,443
1271: 1857,2079
4526: 91,4544,188,3715
1273: 
1274: 
1275: 1878,4803,367,2053
1276: 4174,3916,3998
4411: 4314
1278: 2107,4104
1279: 1236,1302,3365,4064
1280: 3031
4204: 3952
4760: 4080,863
4734: 1465,2767,380,2075,956
1284: 1243,2959,3124
1285: 3803,1659
1286: 3591,2039,1045
1287: 4541
1288: 2695,640,1195
1289: 100,2597,4580,4569,3268
1290: 
1291: 3226,4466,641
1292: 
1293: 4635,1949
1294: 1960
1295: 3758,2266
1296: 656,2914,1556
4808: 4683,64
1298: 3958,4315,4767
1299: 2574,4773
1300: 4649,3869
4781: 3903,3251,1931
1302: 1236,2264,1279,3744
1303: 3218,3174
1304: 1362,1687,4550
1305: 4762,2293,12
1306: 
1307: 298,432,3403,3018,1712,1573
1308: 
1309: 3174
1310: 854,2061
1311: 3448
1312: 2830,952,4585,1932,389
1313: 3874,4641,2,4695,1409
1314: 3650,4617,2692,709
1315: 3518,3453,3434
1316: 1563
1317: 
1318: 2887
1319: 2313,1380,1227,1463
1320: 1355,2341
4210: 4129,3561,739,4481
1322: 3832,3959,89
1323: 2198,2582,387,102,3342
1324: 2471,36,3115
1325: 1941,1654,1052
4263: 769,1382,2364,973
1327: 2604,338,1577
1328: 3617,3710,451
1329: 1973,1411,937,3172
1330: 499,3160,531,4094,664
1331: 1834,2945
1332: 1563,3903,3280
1333: 3363
1334: 3573,754,3954
1335: 1508,2576
1336: 4211,2424,1200,3158,3604
4772: 2037,1056,2461,4445,1829,4818
1338: 3373
1339: 2450,4454,65,4560
4209: 723,3231
1341: 1496,4589,1648,1620,4440,3294
4557: 1370,817,414
1343: 1646
1344: 
1345: 4812
1346: 3188,81,964,2359
1347: 1559
1348: 1661,4605,4215
1349: 
1350: 3522,667,895
4535: 4443
4817: 2324,709,3948,4386
1353: 4676,462
4378: 4800,4349
1355: 1320,2341
1356: 4155,1658
4776: 4098,2579
1358: 281,46
1359: 2690,1975,751,4599
1360: 4311
1361: 2102,756
1362: 1304,4663,1687,305
1363: 4759,1185,4791,158,793
1364: 
1365: 792,2363
1366: 1865
4685: 2722,873,4279,529
1368: 3705,4261,4530
1369: 2686,1382,3650,2692
1370: 4557,2437
1371: 2463,525
1372: 688,1471,2647
1373: 2184,4412,63,2438,35
4466: 2247,3678,1291
1375: 13,3844,4383,3908,1001
1376: 3827,456,4589,2245
1377: 670,1397,2520,2730
1378: 4172,1878
1379: 3621
1380: 1319,2313,1463,3786
1381: 2636,562,4184
1382: 4263,1369,2686,2692
1383: 393,2413,3652
1384: 2353,3859
1385: 1807,4687
1386: 2263,628,364,4618,917
1387: 
1388: 1241,708,2419,3886,726,1493
4098: 3217,4776
1390: 1404,4811,3100,470
1391: 
1392: 2210,3826,2623,1655
1393: 2892,4428,2858,209
1394: 4088,4554,738,2307
4563: 172,1190,369,1893
1396: 4228,3374,4109
1397: 1377,246,316
1398: 310,301,2176,2719
4090: 1805,2869,3510
1400: 187,814,4287
1401: 2792,3177,413,3166
1402: 4506,4663
4339: 2931,2245,1479
1404: 1390,4811
1405: 3645,4640,1067,1022
4552: 
1407: 3603,3008,4115,3303,4674
1408: 3810,1676,4354,2309
1409: 2066,918,3874,1313
4784: 1896,2056,4243,1880,3670,1201,237,3107,1877,617
1411: 1973,3419,1329
1412: 1103,33,1450
1413: 3227,4625,2483,4178
1414: 1713,1179,4576,519
1415: 2876,2585
1416: 44
4510: 806,4606,4765
4287: 1130,814,1400,187
1419: 4496,1005,517,141,4766
4692: 1724,686
4520: 3398,1182,1220,2671
4578: 1607,2603
1423: 3917,1950,719,2071,3923,357
1424: 82,2608
1425: 279,4780,1785
1426: 
1427: 1102,1483
1428: 146
1429: 322
1430: 3490,1550
1431: 1874,3335,2889,1101
1432: 331,1809,3669,876,4619,4532
1433: 2433,2225,2800
1434: 1893,3140,369
4251: 3679,2916,3
1436: 4439,2462,707,4549,2735
1437: 3381,3697,2551,2571
4176: 2944
1439: 1631,3742,4820
4388: 2362,4319,1141,4758,2500
1441: 2137,4534,1106
1442: 3183,4387,293,1244
4162: 373,816,3315,930
1444: 
1445: 2308,236,1777,79,3094
1446: 192,1154,1453
1447: 3928,4302
1448: 4213,3105,4518,2915
1449: 2707,1488,169,3034
1450: 2561,1103,1412,581,33
1451: 
1452: 1599,4205
1453: 1446,778
1454: 4684,3840,296
4133: 
1456: 
1457: 2148
1458: 2378,4569,1980,3139
1459: 1638,0,3745,2523
1460: 
4729: 1911,340
1462: 2702
1463: 1227,678,3786,1319,1380
1464: 3776,3627
1465: 3881,2767,4734,2075
4536: 421,3071,4285,1479,3758
1467: 516,2138
4442: 2555,1239
1469: 59,1024
1470: 
1471: 688,1372,4390,2596,2647
1472: 4811,2718
1473: 863
1474: 668,4518
1475: 1860,4815,1575,573,3807
4606: 4233,4765,4510
1477: 2380,464,4341
1478: 2710,1066
1479: 4339,4536,3758
4205: 1107,1452
4647: 2647
1482: 
1483: 3093,1427
1484: 3716,4170,4063
1485: 1255,3720,913,4027
1486: 3167,4469,4030
1487: 4791,3215,158,2184
1488: 169,160,3006,1010,1449
1489: 4166,1627
1490: 3053
1491: 
4573: 2104,2609,1733,2272,648
1493: 2168,1388,2419,3750,726
1494: 3438,3209,977,1783,775
1495: 1073,2588,2595,683
1496: 1341,4589,1648,3827
1497: 739,4481,4550,982
1498: 4756
1499: 2785,1981,4596,2344
1500: 2824
1501: 3878,2563,3509
1502: 979
1503: 2100,2839,527,3153
4297: 1959
1505: 197,2468
1506: 4787,317,2005,2881
1507: 834,3847,168,2930,3573
1508: 1335,4156
1509: 
1510: 4088,4598,1592,2103
1511: 2618,4794,1731,2074,437,859
1512: 4137
4816: 3418,3392
1514: 3206,3112,4635,3545,3332
1515: 827,3005,875
1516: 1990,3470,4678,1058,3154
4625: 652,2483,1413
1518: 2861,3408
1519: 376,4456,3744
1520: 2695,4574
1521: 3044
4653: 2368,2924
1523: 4597
4608: 4709,816,3201
1525: 3388,4117
4793: 4650
4179: 3990,112
1528: 1106
1529: 2407,1820,2641
1530: 2759,1823,4075
4412: 4581,63,4801,1373,2184
4253: 2858,3842,297,13,4383
1533: 3664
4252: 2455,583,4455,2568
1535: 4001,3701,2633,3036,2638
1536: 2779,4560
4396: 
1538: 2651,963,3863,2446
4801: 4581,4412,2184
1540: 3698,2939
1541: 3372,3760,68,1704,2443
1542: 1579,1907,4720
1543: 
1544: 2239,4800,3346
1545: 1242,599,4444,1582,328
1546: 2051,2814
1547: 1608,3338,247,3792
4175: 3989,328,1203,1792
1549: 395,3329,3740,1561
1550: 1607,1430,2102,644
4237: 323
4802: 2833,2569,4806,1878,4803
1553: 2541,1690,4687,4575
1554: 910
1555: 4372,3829
1556: 2474,1296,2914
4384: 4218,20,4558,853
4399: 3930,4381
1559: 1347
1560: 2269,4065,3761,1108
1561: 1549
4132: 486,66,1070
1563: 1332,1316
1564: 488,2323,4765,4480
1565: 3288,1220,4173
1566: 2581,3759,4416
1567: 4629,783,3012
1568: 3934
1569: 2068,4312,519
1570: 321,2649,1176,2752
1571: 751,4019
1572: 3090,2065
1573: 1216,1261,3403,298,1307
1574: 105,1140
1575: 3836,4438,4815,3807,1475
1576: 394
1577: 2512,1327
1578: 941,3630,2750,3911
1579: 1542,442,4720
1580: 4612,4694
1581: 4716,4292,3978
1582: 1792,2522,1545
1583: 1993,2280,110
1584: 4418,3970
1585: 3546,3024,1100
1586: 3077,3707,624,2870
4154: 563,4265
1588: 4488,110
1589: 539,2917
1590: 1820,2446,3417
1591: 957
1592: 3794,1510,1267,1891,738
4658: 4501
1594: 
4260: 
1596: 3929
1597: 2655,2928,289,4086,2714
1598: 908,41,3704,1234
1599: 3924,441,1452
4581: 4412,63,4801,3491
4242: 2393,4188,12,3763
1602: 
1603: 3708,4786
1604: 38,4125
4538: 91
4421: 957,1944,2128
1607: 1550,4578,3055,644
1608: 1547,3988,263
1609: 
4644: 895
1611: 3536,1664,986,3540,4628
1612: 680
1613: 1784,2565,1626,4744
1614: 146,3427,370
1615: 
1616: 1632,3176,2133,4055
1617: 4311,4461,3762,2465
1618: 3679,522
4478: 178
1620: 1341,1648,884,110
1621: 684,3145,2988,1725
1622: 953,3530,3353,1632
1623: 4661
1624: 2252,3477
1625: 
1626: 4744,2462,1613
1627: 296,995,1489
1628: 2205,287,777,2594,4498
1629: 227,2164,3710,4027,569
1630: 2111,4327,3673,4553,3600
1631: 3742,1439
1632: 1616,3176,4574,3530,1622
1633: 2654
1634: 2921,1093,3514
1635: 1133
1636: 1987,163,85,1869
4256: 2537,214,1196,3209,1783
1638: 1459,3745,4344,3125,4074,2501
1639: 
4193: 1180,2526,3577,2572
1641: 1123,1927,2885
1642: 4192,3800,710
1643: 310,301,4778
1644: 2162
1645: 
1646: 1343,3240,3190
1647: 3534,893,58,2995,4769
1648: 1496,1341,4589,1620,884,3777,3827
1649: 2823,2776,4703,4798,3523
1650: 4405
1651: 555,1120,3247,4390,3821
4390: 2596,1261,1651,1471
1653: 1173,4711,815
1654: 1325
1655: 2062,4360,3826,1392,4182
4770: 2500,3476,3199,3787,4116,3336,182,3658
1657: 4621,246,4593
1658: 3634,4155,1356
1659: 3803,1285,651
1660: 3114,819
1661: 2637,1348,218,4215
1662: 903,4058
1663: 2440,3424
1664: 1611,4628,808
1665: 
1666: 
1667: 
1668: 4142,654,1083,695,1215,2131
1669: 1979
4788: 1108,4295
1671: 1724,2884
1672: 2012,3834,2940
1673: 
1674: 3131,4753,4458
1675: 
1676: 2788,1230,1408
1677: 419,3854,1767,4815
1678: 2936,4177,3450
1679: 4130,503,2044,4823
1680: 4372
1681: 3799
1682: 115,3761,1827
1683: 3918,499,314
1684: 2528,3355,2865,2456,167,1803
1685: 3561,1687,305,4129,3940
1686: 500,4009,3505,1231
1687: 3561,1685,305,1304,1362,739
1688: 584,4492,801
1689: 3835,3726,4775,2470
1690: 1553,4687,4436
1691: 2046,3765
1692: 
1693: 876,2673,4371,3669
1694: 1841,40,948
1695: 1717
1696: 3656
4328: 
1698: 2621,2911,3122,2703
1699: 3390
1700: 
1701: 1124
1702: 2331,2747
1703: 3767,745
1704: 3655,2552,921,1541,3372
1705: 321,4428,3553
4430: 
1707: 696,4340
1708: 
1709: 2081,4136,4181
1710: 
1711: 4554,3240,4088
1712: 3018,801,2415,1895,1307
1713: 1414,3285,902,4576,2648
1714: 
1715: 2607,3646,4221
4617: 1314,1252,2324,709
1717: 932,376,1695
1718: 
1719: 612,2780,2622
1720: 404,4524,3185
4528: 3454,4805,1945
1722: 165,1869,3316
4172: 994,1378,2737,1878
1724: 1671,2884,4692
1725: 2988,1621,1148
1726: 4630
1727: 3627,3145,4806,2029,2793
1728: 497
1729: 3175,1099,2582,2086
4700: 3047,839,4096,2488
1731: 3649,1511
1732: 332,2664,3492
1733: 2272,4573,2403,648
1734: 861,4570,3344
1735: 4051,4506,2404
1736: 2778,1134,4146
4403: 
1738: 3349,4637
1739: 4660,4024,4228,887,904,424
4314: 4411
4749: 
1742: 4238,1762,2233,1990,455
4222: 564,3204
1744: 1254
4815: 1677,4226,4660,1575,4438,3807,1475
1746: 3187
1747: 2327,3709
4360: 2062,1655,2636
1749: 2992,526
1750: 1993,4032,3709,962,1119
4708: 3524,2484,568
1752: 304,2572,3623
4640: 491,3499,1067,1405
1754: 
1755: 2585,3489
1756: 
1757: 3519,560,431
1758: 533,2010,4747,4523
1759: 3187
1760: 1765,3588
1761: 4277,39,2875
1762: 4238,4135,1742,1084,461
1763: 3897,2685,4530
1764: 4105,2458
1765: 1760
1766: 2504,3944,852
1767: 2872,1677,3854,4024
4208: 4603
1769: 1969,2959,4041,491,958
1770: 3333,4188,2393
4249: 2797
1772: 
1773: 4514,1043
1774: 810,2506
1775: 767,92,2825,269
4164: 
1777: 1445,4113,3094,3701,73
1778: 1976,3292,4392
1779: 3079,270,2676,4505,2330,2181
1780: 3550,438
4661: 1623,2371
4575: 2541,1553
1783: 1494,3209,1864,1196,4256,775,3839
1784: 1613,4439,4744,303,2859
1785: 268,4780,1425,2577
4104: 1278,1217,4425,443
1787: 2423
1788: 2204,2613
1789: 4663,305
1790: 3205
1791: 2977,102
1792: 1582,4175,328
1793: 4649,4341
1794: 3623,1095
1795: 4599,4259
1796: 2276,3927,4047
1797: 17,4541
1798: 
1799: 2984,3892,3270
4185: 2403,3691,429,3571,475,3487
1801: 
1802: 314,2768,4735,4094
1803: 481,965,2865,1684,3355,100
1804: 946
1805: 3034,4090,3510
1806: 927,4726,4486,4457,865
1807: 1385,4775,4355
1808: 2587
1809: 1432,331,3669,2812,4532
1810: 1089,2614,3997,4604,3503
1811: 1052,4296
1812: 3688,4220
1813: 2356,2727
1814: 917,4638,364,4792
1815: 1971
1816: 788,2565,3814
1817: 252,2843,4812,1094
1818: 180,3260
1819: 
1820: 1590,1529
1821: 2897
1822: 2558,3611,219
1823: 2759,1530,125,2513,4075
1824: 3567,4582,2686
1825: 
1826: 2014
1827: 2269,508,3761,115,1682
4359: 1231,3061,2087,1150
1829: 4818,4772,4445,492
1830: 
1831: 4752
1832: 4266
1833: 627,3516
1834: 1331
1835: 2592,2936
1836: 4804,4558,1256,3693,2216
4425: 1217,4104
1838: 2501,2982,4344
1839: 
1840: 4196,365,3723
1841: 1694,150,26
1842: 4492,4151,889,3976
4097: 623
1844: 3559,3480,1906,4627,3095,2969
1845: 3022
4214: 658,2847
1847: 
1848: 2580,1254,1152
4306: 2513,974,4111,2033,2669
1850: 238,4149,49,2543
1851: 213,3508,4142,1215
1852: 10,715
1853: 2530,3278,3135,4289,161
1854: 
1855: 3085,4073,674,487,2177
1856: 
1857: 4,1271,465,2079
1858: 495
1859: 837,2430,705,2422,4257,4437,3321
1860: 1475,573
4517: 1026,1006,2653,2807
1862: 1234,2306
1863: 1182,3806,3398
1864: 469,1205,1196,3839,1783
1865: 356,1366,4081
1866: 
1867: 2401,978
1868: 4227,2757,3022
1869: 1722,1636,4783
1870: 289,2714,2120,4724,3727
1871: 2019,974
4100: 3012,71,3527,183
4676: 1353,949
1874: 1431,3830,3335,4773
1875: 4137,2786,3099
4115: 4819,3603,1407,4674,309
1877: 3107,4784,237
1878: 1275,4803,4802,4172,1378
1879: 478,4678,1207,3290
1880: 3670,2566,1201,4784,4337
1881: 
1882: 4371,331,3669
4122: 2595,2293,4762
1884: 4283,1179,2941
1885: 1917,545
1886: 3974,4183,593
1887: 1152,2855,4525,2463,3598
1888: 3723,81,598,1181
4541: 1797,1287
1890: 804
1891: 738,1592,1059,1267
1892: 572,4296,4746,4407
1893: 1434,4563,3724,369
1894: 
1895: 3403,1087,1228,1712
1896: 718,4657,3986,3341,4784
1897: 156,523,4622,854
1898: 2989,3354,45
4809: 791,3173
1900: 3458,2895,4014,2001,3753
4643: 4112,4239
1902: 176
1903: 3796,3606
1904: 131,569,3011,1134,1906
1905: 3883,2618,3263
1906: 1844,3480,4044,3095,1904
1907: 2395,1542
4301: 
4427: 3038,3222,2896
1910: 3084,1242,3989,328
1911: 313,4729,340
1912: 3739,3666
1913: 2939,2890
1914: 1986,1028,2789,3235
1915: 3326,3815
1916: 638,1089
1917: 1885,2319
1918: 4637,4750,2758
1919: 887,4235,424,4591,4486
1920: 550,701
1921: 
1922: 2487,3664
1923: 
1924: 698,2930,4791,1185,754
1925: 2156,4207,4798,2002,1247
1926: 3921,69,1144
1927: 1641,1123,2048,3893
1928: 3068,238
1929: 1098,2352
4402: 4261
1931: 2795,3251,3661,4781,3903,3280
1932: 4401,389,2981,2830,1312
4611: 656,143,3453
1934: 4061,2701
4697: 4386,3806,2067,3812
1936: 
1937: 3050,2548,4622
1938: 3393,4504
4400: 212,1050
1940: 2424,2748,3671,2864
1941: 1325
1942: 735
4669: 2906
1944: 3923,2128,4421,4795
1945: 2254,4528
4495: 
1947: 3522
1948: 1989,432,3977
1949: 1293,545,4199
1950: 3917,1423,719,357,2225
1951: 
4140: 2189,3353,4258,3108,3374
1953: 2838
4129: 1955,3940,3561,1685,4210
1955: 4129,3940
1956: 2602,3649
4364: 2863,3150
1958: 2553,610,2630,4308,677,2426
1959: 4297,2499,4539
1960: 1294,4780
1961: 
1962: 4431,2153,2095,847
1963: 1184,4349,2449,184,4367
4493: 
1965: 4804,853,336,4212,3512
1966: 
1967: 407
1968: 564,4322,3357
1969: 2959,1769,3438,4691,4041
1970: 3996,3781
1971: 3207,1815
4223: 3689,284,57
1973: 3419,1411,1329,4050,2077
1974: 1205,4471,3337,1174,940
1975: 1359,2690,605,751
1976: 79,1778,3292
1977: 3401,1110
1978: 2163
1979: 1669,897
1980: 229,733,3793,3139,1458
1981: 1499,18,2401,2999
1982: 3069,4675,344,4258
4560: 1536,4454,912,1339
4489: 848
1985: 2133,3470,4055,4459
1986: 1914,3235,4711
1987: 1636,3055
1988: 
1989: 1948,3018,584,3811,432
1990: 1516,3470,2233,1742
1991: 4491,549,2747
4221: 1715,3646,175,221
1993: 4032,1750,1583
1994: 2979,3058
4555: 
4566: 2867,2138
1997: 2434,2022
4147: 2560,4406
1999: 2813,3655,2552,4596,1246
2000: 1097,2254,3369,4354
2001: 4201,742,1900,3458,2518,3753
2002: 1247,4785,4798,4207,1925
2003: 4212,3830,3512,3335,2677
2004: 527,3746,2609
2005: 2861,3168,2881,3408,1506
2006: 1249,64,78,3313
2007: 
2008: 
2009: 3481,3472
2010: 1758,533,4747,3226
2011: 2472,867,2972
2012: 1672,3834,2940,4310
2013: 685,2952,2588,4449
2014: 1826
2015: 1104,4144,1165
4574: 1632,3176,1520,681,2695
2017: 3547,75,783
4769: 647,3231,3534,1647,1051,2995,2481
2019: 2250,1871,4093,1068
4624: 2301,2089,1162
2021: 2052,4159,1161,971,2510
2022: 1997
4180: 500,3505
2024: 2168,726,840
4485: 4714,3744,2782,376,1002,2172
2026: 335,442
4654: 2685,2274,3223,4241,2519
2028: 1262,3582,935,3325,4381,3930
2029: 2793,1727
2030: 2703
4332: 2629,2794,3646
2032: 1096
2033: 2355,4306,4111,2669
4765: 2323,234,4606,4480,4510,1564
4607: 4432
2036: 
2037: 4772,2531
4584: 85,644,1011,4783
2039: 3591,1286,3165,3705
4283: 1884,2204
4547: 987,2706,161
2042: 374
2043: 2977,427
2044: 734,503,4823,1679,711
2045: 
2046: 1691,1122
2047: 412,4822,3673,4553,2387
2048: 900,4680,2885,1927,3893
2049: 895
4174: 1276,3632,2414
2051: 1546,2799
2052: 727,4159,1161,2021,4285,421
2053: 3627,367,1275,3776
2054: 2222
2055: 864,2852,4382
2056: 4784,1201
2057: 4355,4436
2058: 
2059: 
2060: 
2061: 436,1257,854,1310
2062: 4360,1655,2416,4182
2063: 3161,4720
2064: 3543,1164,2640,3494
2065: 3090,2900,1572
2066: 2905,872,1409,2337
2067: 3948,3812,4386,4697
2068: 1569,519
4756: 1498
4121: 3771,3691,1245
2071: 3923,2128,3960,3917,1423
4631: 
2073: 2916
2074: 437,4794,1511,771,859
2075: 3737,380,3645,1465,4734
2076: 1157,4508,4799
2077: 1973,3419,4050,2809
4106: 4460
2079: 2775,1271,3943,1857
2080: 2926,3785,663,265,2680
2081: 1709,798
4449: 2952,2013
4218: 4384,336,1041,853
2084: 3345,825
2085: 3953,3386,699
2086: 2582,3653,1729,4331
2087: 2779,4359,3945,1150
2088: 2981
2089: 4624,3610
4508: 4799,809,2076
2091: 2147,3452,3733,1103
2092: 306,2338,32
4813: 2468
4586: 2350,1268,1211,1095
2095: 1962,2153,3879,3457,2631
2096: 
2097: 2662,148,3236,3430
2098: 2562,2629,4351,652
2099: 740,273
2100: 1503,2839,4329
2101: 3405,3069,4675,2189
2102: 1361,1550
2103: 3794,1188,181,1510,4598
2104: 4573,2609,2213,2597,704
2105: 2209,1155
4292: 388,4716,1581
2107: 1278,2741,3297
4703: 4754,173,4798,1649,2823,384
2109: 3,66,3307
2110: 2696,3716,2761,770
2111: 1630,3731,4373,2616
2112: 
2113: 3553,2344,498,165
2114: 231,3515
4593: 4531,3882,246,3513,1657
4550: 1304,739,1497
2117: 4230,4659,3811
2118: 2290
2119: 4308,239,677,1262
2120: 2307,4724,1870
2121: 461,282,915,2934
4678: 1879,478,2133,3470,1516
2123: 
2124: 
2125: 1016,459,3775,2822
2126: 2481,3233,818,2630
2127: 984,1151
2128: 1944,2071,3923,4421
2129: 
4635: 1293,78,3206,1514
2131: 2167,2804,517,654,1668,1083,3241
2132: 3957,1194,190,4490,2742
2133: 3470,4055,1985,1616,478,4678
2134: 4753
4231: 605
2136: 431
2137: 4686,1441,971,2955
2138: 1467,4566
2139: 4415
4192: 3800,1642,2615,2726,710
2141: 6
2142: 
2143: 
4569: 1289,4580,2256,2378,1458
2145: 2580
2146: 2872,1072,2497,2787,3854
2147: 3452,2091,2619,4079
2148: 1457,625
2149: 635,1212,120
4191: 
2151: 841,4615
4408: 3298,4305
2153: 1962,2095,2631,4537
2154: 
2155: 3901,352
2156: 4207,1925,2370
4370: 90
2158: 882,2948,2624
2159: 3712,3381
2160: 
2161: 983
2162: 1644
2163: 1978
2164: 4146,4027,1629
2165: 
2166: 379,2240
2167: 1005,2804,2131,517,3241
2168: 2990,1493,2024,3750,726
2169: 29,3894,680,3373
4707: 4506,1247,4785,4051
2171: 3410,3445,2592
2172: 1002,4485
2173: 1202,3120
4279: 3704,4685,3966,529
2175: 2512,4728,338,4465,3878
2176: 4512,1398
2177: 674,1855,487,4239
2178: 2655,3872,419,1116,4226
4177: 2936,1678,3625,3450
2180: 2322,3364
2181: 1168,255,2330,1779,2676,4505
2182: 646
2183: 3072
2184: 1373,158,4412,4801,4791,1487
2185: 
4257: 3898,4437,3321,1859,504
4144: 2560,22,4406,1104,2015,1165
2188: 4349
2189: 4140,2101,4675
4696: 
2191: 3307,4187,2353,3833,785
2192: 203,3249
4454: 4595,65,1339,4560
2194: 185,2957,538,856
2195: 847,2217,252
4753: 2134,1674
2197: 700,4083
2198: 1323,2582,387
2199: 915,2934,4567,3640,2715
2200: 3696,2856,3603,4819
2201: 267
2202: 4504
2203: 2565,2859,3814
2204: 1788,18,4283,2401
2205: 287,1628,777,4303
2206: 3202,3577,4125
2207: 3780,2496,3357,3639
4312: 1569,3492,2613
2209: 1155,2105,3277,2879
2210: 1392,2623,879,907
2211: 277
2212: 877,580,849
2213: 481,965,2272,2104
2214: 3078,3660,1171
4347: 2956
2216: 3693,1836,4212
2217: 391,2195,252
2218: 600,2347,3423,4474,3008
2219: 2987
2220: 
2221: 
2222: 2054,2716
4595: 4454,912,65,3533
2224: 2596,98
2225: 15,1950,719,1433
2226: 463,4790,4013
2227: 4247,3426
4500: 2329,2267
2229: 2712,857
4726: 927,1806,1191,865,2922
4674: 3461,3303,223,1407,4115
2232: 4717,2765
2233: 4459,1990,455,1742
2234: 2856,3014,4254,3029
4418: 1584
2236: 763,2575,250,3131
2237: 4368,2780
4215: 1255,1661,1348
2239: 1544,4800,2267,8,3563
2240: 2166
2241: 3665,3966,529,2351,2749
2242: 
2243: 
2244: 3224
2245: 4339,1376,2820
2246: 3542,540,3220,1065
2247: 2950,3678,4466
2248: 64,2486,2844
2249: 2562,4198,438
2250: 2019,4420,3048,4093
2251: 
2252: 4452,1624
2253: 
2254: 1945,1097,2000,3369
2255: 
2256: 2378,4569,3268,3746
4758: 871,3839,469,4388,2362
2258: 506,2982,3610
2259: 4394,2570,3792,4278,3779,3338
2260: 945
2261: 3026,2418
2262: 
2263: 1386,2519,917,1164,3850
2264: 1236,1302,76
4622: 523,1937,1897
2266: 3758,1295,38,4125
2267: 4800,2910,4500,8,2239
2268: 805,3389
2269: 1827,508,1560,272,3761
4391: 2303,2560,766,4665
2271: 3773
2272: 1733,2213,4573
2273: 
2274: 4654,4241,368
4109: 2872,1396,4024
2276: 1796,4047
2277: 3156,1191,891
2278: 
2279: 673
2280: 110,1583
2281: 4155,1121,2289,1209
2282: 2405,4362
2283: 
2284: 3213,3392
2285: 3969
2286: 3170
4805: 326,4528
2288: 2336,3782,2638,3014
2289: 638,2756,2281
2290: 4743,2118
4337: 3552,1880,2566,4494
2292: 
2293: 4122,4762,1305
2294: 
4428: 1705,3584,2892,1393
2296: 4346,3160,664
4289: 161,1139,1853,3278,687
2298: 294,4049
2299: 4458
2300: 2803,4317
2301: 4624,3610
4385: 4028,929,3428
2303: 4391,4725,3910,766,4665
2304: 3906,808
4534: 417,4161,3318,1441
2306: 3665,1862,2635
2307: 2120,4554,1394
2308: 1445,79,787,3094
2309: 4190,1408,4354
4181: 1709,119
2311: 2437,3972,4585,389
4519: 3099
2313: 1319,1380,3873
2314: 634
2315: 
4334: 3282,4108
4525: 2326,1887,2463
2318: 3534,893,451,227,4424
2319: 1917
2320: 3606
4196: 365,1840,2350,3659
2322: 2180,1110
2323: 4765,4480,1564
2324: 4817,709,4617
2325: 2557,450,1162,3846
2326: 4525,3388
2327: 1747,3619
4787: 317,1506,218,2881
2329: 245,4500
2330: 1168,255,2181,1779,4505,3163
2331: 1702,212
2332: 
2333: 2996,3984,543
2334: 339,279,2751,789
4612: 1580
2336: 2288
2337: 4085,2066
2338: 467,2092
2339: 9
4610: 
2341: 1320,1355
2342: 4499,3218,285
2343: 3361,920
2344: 2113,3584,498,1499,1008,4596
2345: 
2346: 348,2877
2347: 990,600,2218
4202: 
4461: 1617,543,334
2350: 4586,1268,2520,4196,3659
2351: 873,2895,2241,529,3801
2352: 1929
2353: 1384,3833,2191
2354: 2863,3925
2355: 2033,541
2356: 1813
4818: 1829,2461,4772,1056,4445,460,492
2358: 78
2359: 964,127,1346,81,1181
2360: 4727,3358,4499,4009,802,3702
2361: 2846,3711
2362: 4388,4319,469,4758,3839
2363: 1365
2364: 4263,769,4582
2365: 4736,337,2532
2366: 2538
2367: 490
2368: 4653
4131: 3147
2370: 660,4766,2776,3523,2156
2371: 4661
2372: 471,524,226
4194: 4333,3618,4764
4687: 1385,1690,1553
4735: 1802,2768
2376: 333,3552,4823,1223,544
4105: 1764
2378: 2256,1458,4569
4230: 2117,2724,3977,2773
2380: 1477,464,4341
2381: 4004
2382: 
2383: 2388,1206
4119: 2598,3960
2385: 4779
4197: 3423,230
2387: 2047,412,3673,3062
2388: 2383
4417: 3369,464,300
4655: 3975,989,3777,4488
2391: 3138,2455,2560,22,4665
4094: 1330,499,531,1802,314
2393: 4242,4571,1770,3333
2394: 3740,657,391
2395: 1907,909
4474: 4078,3423,2218,3603,3008
2397: 
2398: 452
2399: 3650,1252,4810
2400: 3871
2401: 1867,2204,18,1981,2999
2402: 520,140
2403: 4185,1183,1733,475
2404: 4562,1735
2405: 2282,3708
2406: 3699
2407: 557,2953,1529
2408: 1016,1069,3195
4616: 904,424,4005,927
2410: 673,504,3898,1056
4167: 
2412: 3634
2413: 3983,1383,3652
2414: 3632,4174
2415: 3264,1087,2760,1712
2416: 3557,4333,2062
2417: 
2418: 3026,2261
2419: 1090,3750,1388,708,1493
2420: 3188,752
4649: 1793,3795,1300
2422: 705,1859,3321
2423: 1787
2424: 1940,1336,2864
2425: 
2426: 3178,2553,528,1958,417
2427: 4585,3302,603,903,3972
2428: 
2429: 4108,3282,3495
2430: 1859,3471,3411,705,1168
2431: 
2432: 2626
2433: 1433,2985
2434: 1997,2634
2435: 575
4665: 874,766,4391,2303,3138,2391
2437: 2311,3972,1370
2438: 620,63,1373,35
2439: 271,4134
2440: 1663,3424
2441: 866,3880
2442: 2878,4049,4567,3259
2443: 89,1541,68,2990
4609: 1130
2445: 1269,814,3597
2446: 812,1538,1590,3417
2447: 1229
4491: 1991,535,549,912
2449: 1963,1184,3346
2450: 3505,1339
4472: 4082,70
2452: 2457,638
2453: 2718,4811
2454: 
2455: 4252,3138,2391,22,4455
2456: 2865,3267,167,188,1684
2457: 3858,2756,2452
2458: 1764
2459: 1022,964,1175,127,3881
2460: 3335,2889,460
2461: 673,4772,1056,460,4818
2462: 1436,4744,4549,1626
2463: 525,4525,1887,1371
4730: 591
2465: 3698,3762,2939,1617
2466: 3555,4487
4715: 1244
2468: 4813,1505
2469: 4017,54
2470: 1689,3835,4775
2471: 1324,36,3115,242
2472: 2011,867
2473: 116,4206
2474: 1556,3023,2914,3608,3749
4782: 3282,3495
4247: 3477,3426,2227
4690: 2728
2478: 174,4116,871,775,977,3287
2479: 427
2480: 3771,3488,3781,3487,4343
2481: 2126,4769
2482: 
2483: 4178,4542,4625,1413
2484: 3105,3524,4708,734
4543: 1171
2486: 2844,2248
2487: 3664,1922,1193
2488: 2748,3047,4700,3671,562
2489: 
4456: 1519
2491: 
4754: 407,3935,4703,173,4798
2493: 2860,3733,1103,581
2494: 4796
2495: 3722,692,4010,4542
2496: 3780,3357,2207,1031,3639
2497: 1072,2928,4559,2146,3854
2498: 
2499: 720,378,4539,1959
2500: 4770,4388,871,4116
2501: 1838,2982,1638,4344,4074,232
2502: 48,3588
2503: 2979,2984,130
2504: 1766,834,3937
2505: 3860,3490,3057,3303
2506: 810,1774
4482: 822
2508: 3640,2715,4381,3734
2509: 1237,3589
2510: 2021
4672: 642,2925
2512: 4728,2175,3964,1577,1113
2513: 4306,974,1823
4465: 3878,2175,338,332,2664
2515: 
4152: 3213
2517: 143,3532
2518: 4064,514,3458,4014,2001
2519: 4241,4654,2263,3223,3850
2520: 2350,1268,2730,1377
2521: 998,4410
2522: 1582
2523: 4634,1459,0,3745
4633: 3682,3988,2604,4015
2525: 
2526: 4193,2572,304,4450,157
2527: 3602
2528: 4705,1684,3355,4377
2529: 606,2720,3158,4211
2530: 1853,3278,3135,4682
2531: 242,3898,2037
2532: 2365,4736,138,2949
4130: 1679,4823,1223
2534: 
4225: 4043,824,4392,602
2536: 840,3185,3267,167
2537: 4256,214,3816
2538: 2366
2539: 3397
2540: 71,3347,4003,4518
2541: 1553,4575
2542: 
2543: 942,1151,238,1850
4354: 3369,2000,1408,2309
2545: 1116,3872,2698,3759,4416
2546: 923
2547: 4294,3637,3334
2548: 4583,3050,1937
2549: 3299,2787,4102
2550: 
2551: 2571,1437,1216,4057
2552: 921,2785,3655,1999,1704
2553: 610,528,1958,3497,2630,2426
4736: 2365,3599,138,2532
2555: 4442,1239
2556: 3250
2557: 2325,422,2893
2558: 1822,3611,4774
2559: 3312,725,921,3372
2560: 4144,22,4406,4391,4147,2391
2561: 2896,3181,1450,581
2562: 4198,2249,2098,891,2629,4351
2563: 2822,4728,1501,3878
2564: 
2565: 2203,1613,1816
2566: 1880,3670,4337,3556,617,4494
4409: 1218,4634,3745
2568: 1183,4252,583
2569: 4802,2737
2570: 2259,4394,532,4110,4278
2571: 2551,4469,1437,3323
2572: 3577,4193,2526,1752,304
2573: 
2574: 1299,769,973
2575: 2236,250,420,3922
2576: 2721,1335
2577: 3554,4294,1785
2578: 4325
2579: 3217,4776
2580: 1848,2145,1254
2581: 1116,4416,4438,1566
2582: 2198,1323,3653,1729,2086
4330: 3410
2584: 3652,3931
2585: 2876,1755,1415
2586: 
2587: 3326,1808
2588: 1495,1073,2595,2013
2589: 3199,3818,2961,2635,1265
2590: 4037,2616,388,4089
4437: 4257,1859,837,504
2592: 4061,1835,2171
2593: 3897,4261
2594: 1628
2595: 4122,1495,2588
2596: 4390,2224,98,688,1471
2597: 100,1289,965,2104,3268,704
2598: 4119,513
2599: 3612,3102
2600: 219,993,3112
4395: 2,4695,1253,3450
2602: 2720,1956,3649,346
2603: 3271,436,4578
2604: 1327,3988,4633,4015
4486: 927,1806,1919,4591
4686: 2137,4159
2607: 1715,3646,3722,692,3855,3714,144
2608: 4371,1424
2609: 4573,2104,704,2004
2610: 3724
2611: 3950,3442,792,548
4310: 2940,2012,946
2613: 4312,1788
2614: 1810,1089,3997
2615: 3768,2726,4192
2616: 4037,2111,3731,2590
2617: 3422
2618: 1511,3263,1905,4794
2619: 2147,4079,4352
2620: 
2621: 1698,4066,10
2622: 2780,1719
2623: 3826,2864,879,2210,1392
2624: 3116,2948,4704,4302,2158
4362: 2282
2626: 2432,322
2627: 2817,633
2628: 4393,2663,4767
2629: 4351,2794,2562,2098,891,4332
2630: 2553,610,1958,3497,2126,3233
2631: 4537,3457,2153,2095
2632: 4200,4233
2633: 2927,2810,4001,1535
2634: 2434,3425
2635: 2961,3818,2306,1265,2589
2636: 3671,562,1381,4360
2637: 1661,254
2638: 3036,3701,1535,2288
4789: 3901,3269,1225,2912
2640: 4054,3494,2064,3543
2641: 3968,1529,1219
2642: 4680,3379,2885,3601
4141: 3155
4657: 718,1896,968,827,3341
2645: 
2646: 1059,943
2647: 4647,3821,4434,1471,1372
2648: 916,2828,902,622,1713
2649: 1176,1570,270,2752
2650: 3945,3004,97
2651: 1538,2935,812
2652: 3558,1
2653: 1026,4517
2654: 3323,653,1633,576
2655: 1597,2928,4559,2178
2656: 133
2657: 
2658: 2816
2659: 4764,1005,3109
4296: 572,1892,1811
2661: 
2662: 2097,148
2663: 3346,2628,4767
2664: 1732,332,4465
2665: 
2666: 993,2938
4453: 
4502: 985,408
2669: 541,4306,4111,2033
2670: 4128,297,4270,878
2671: 3600,4520,4327
4206: 3825,2473,4157
2673: 876,1693
2674: 277,4083,2788
2675: 755,737
2676: 3411,2752,530,1779,1168,2181
2677: 2003
2678: 2785,922,3580
4168: 3113
2680: 1127,2080,3785
2681: 4650,3433
2682: 587,295
4349: 1963,1184,4378,2188
2684: 1213
2685: 4530,4654,1763,3223
2686: 1369,1824,1382
2687: 817
2688: 4190,1170
2689: 3797
2690: 1359,1975
4199: 181,1949,552
2692: 3650,1314,1382,1369
2693: 3007,4290
2694: 
2695: 1288,1520,3176,4574
2696: 2110,770,36
4591: 868,4457,1207,4235,1919,4486
2698: 77,1080,3872,2545
2699: 
2700: 410,3215
2701: 3514,286,1934
2702: 3651,1462
2703: 3122,2030,1698
4459: 1985,2233
2705: 3243,4651,724,134
2706: 358,987,4547
2707: 1449,3440,2731
2708: 
2709: 311,4420,415
2710: 1478,1066
2711: 1112
2712: 2229,857,89,484,4219
2713: 
2714: 1870,289,3200,1597
2715: 3640,2508,3325,4381,2199
2716: 2222
4709: 4608,123,708
2718: 2453,4811,1472
2719: 1398,4309,2942
2720: 2529,606,2602,346
2721: 2576
2722: 4685,746
2723: 4033,992
2724: 3977,4230,914
4329: 2100,3404,547
2726: 2615,3768,4192,710
2727: 3857,1813
2728: 4690
2729: 3481
2730: 2520,1377
2731: 3041,2707
2732: 3548,2777
2733: 3183,4387
4432: 4607,1202
2735: 3919,1265,292,3818,1436,4439
4102: 344,49,3299,2549
2737: 4172,994,2569
4303: 3503,4240,2205
2739: 
2740: 
2741: 1088,3297,667,2107
2742: 580,849,791,1194,2132
2743: 3184,2792,413
2744: 906,251,3631
4471: 3337,1174,940,1974
2746: 3409,795,1201
2747: 624,1991,1702
2748: 2488,3671,1940
2749: 292,3665,2241,888
2750: 4794,941,1578
2751: 279,2334,4030,789
2752: 2676,2649,1570,530
2753: 3011,3480,1051
2754: 4693,3339
2755: 392,3563,8,337
2756: 2289,638,2457
2757: 3022,1868
2758: 4750,4451,1067,1918,1175
2759: 1530,1823,125
2760: 425,1087,406,2415
2761: 1068,770,3716,2110
2762: 
2763: 
4308: 239,2119,677,610,1958,417,4161
2765: 2790,2232,3813
2766: 3849,1082
2767: 1465,3881,4734
2768: 1802,4735,983,444
4797: 3033,393
4304: 3041,3137
2771: 
2772: 4786,3454,3795
2773: 3405,4230,4659,4149,3069
2774: 
2775: 2079,3943,836
2776: 1649,2823,3149,4798,2370,4766,3523
2777: 691,2732
2778: 1736,1134,4044
2779: 1536,2087,4007,3945
2780: 612,2237,2622,1719
2781: 2983
2782: 4485,4714,1077,1002
2783: 
2784: 4046,497,793,35,3541
2785: 1499,2678,2552,3580,4596
2786: 1875,3099,850
2787: 2549,1072,2146,2872
2788: 1676,1230,2674
2789: 152,3235,3958,1914
2790: 2765,3656
2791: 3789
2792: 1401,3184,2743
2793: 2029,1727
2794: 2629,4351,4332,3646
2795: 3251,1931,3661,3280,92
4382: 474,2055,410
2797: 4249
2798: 
2799: 2051
2800: 453,1433
2801: 
2802: 3189
2803: 2300,909
2804: 1005,2167,2131,3596,654,3111
2805: 
2806: 4266,3949
2807: 1006,4517,4031
2808: 299
2809: 4051,2077,4050
2810: 3887,73,2633
2811: 636,2855
2812: 4532,1809
2813: 3655,1999,857
2814: 3565,829,1546
2815: 
2816: 2658,3443
2817: 2627,4178,3227
4422: 
4498: 522,4348,1628,777
2820: 2888,2245
2821: 
2822: 2563,3775,2125,1016
2823: 1649,384,2776,3149,4703,4798
2824: 1500,3165,3591
2825: 1775,92
4344: 3125,1638,2501,1838
2827: 
2828: 916,2648,2941
4294: 3554,2547,2577,1222,3637
2830: 952,1312,4774,1932
4533: 3712,1228,3381,3697
2832: 
2833: 88,4802,886
2834: 191
2835: 
2836: 1241,1029,3886
2837: 3752,947,2901
2838: 1953,103,804
2839: 2100,1503,3153,3780,1079
4187: 3307,2191
4440: 4725,3294,1341
2842: 
2843: 1817,252,4812,1094
2844: 2486,2248
2845: 3564
2846: 3711,2361
2847: 3035,4214,3993
2848: 3892,856
4291: 47,4699,4475,4732
2850: 3836
2851: 3550
2852: 2055,864,4158
2853: 4118,532,3964
2854: 262,4325
2855: 1887,2811,636,3598
2856: 2234,3014,3696,2200,4819,3029
2857: 4691,4041,2955
2858: 3842,4253,1393,209
2859: 513,303,2203,1784
2860: 3733,2493,2896
2861: 1518,2005,3168,486,3408,3663
2862: 
2863: 4364,2354,262,3150
2864: 3826,2623,2424,1940
2865: 2456,188,1684,481,965,4447,1803
2866: 58,128,723
2867: 3694,4566
2868: 4243,3377,3772,237
2869: 3510,4090,764
2870: 3804,116,1586
4444: 1545
2872: 2146,1767,4109,2787
4725: 3910,4440,3294,2931,2303
4820: 3448,1439,1193
2875: 1761
2876: 2585,1140,2953,1415
2877: 3309,2346,348
2878: 2442,4049,4567,4135,3259
2879: 3277,4037,2209
4404: 542
2881: 2005,3408,4787,1506
4159: 2052,727,1161,2021,4686
4240: 4303,3503
2884: 1671,1724
2885: 2642,4680,2048,1641
4531: 3111,3882,4593,3513
2887: 1318,3343,2920,4073
2888: 2820,4285,3582,3930,244
2889: 2460,3335,1431,1101
2890: 1913,136
2891: 
2892: 1393,1246,3584,4428
2893: 937,422,2557,3980
2894: 114
2895: 1900,3051,873,2351
2896: 3181,2561,4427,2860,581
2897: 1821,3703
2898: 1095,4323
2899: 
2900: 2065
2901: 1258,947,2837
2902: 3373
4490: 98,190,688,2132
2904: 184,3537,4367,4315,4767
2905: 2066,872,1182
2906: 3515,4669
2907: 
2908: 648
2909: 
2910: 4800,2267
2911: 1698
2912: 1225,4789,3269
2913: 4148,661
2914: 1296,143,2474,1556,3608
2915: 150,1448,3105
2916: 2073,4251
2917: 1589
4343: 213,2480
2919: 3693,428,1256
2920: 3190,2887,4073
2921: 1634,4029,4407
2922: 865,4726,1191
2923: 
2924: 3482,4653
2925: 4029,4407,4672
2926: 2080,3142,182,265
2927: 2633,4001
2928: 2655,1597,4559,2497
4219: 615,4270,484,2712
2930: 1924,698,168,1507,3573
2931: 4339,4725
2932: 
2933: 3100,3286
2934: 2199,915,2121,282,290
2935: 807,721,2651,812
2936: 1678,4177,1835,3625
2937: 
2938: 3313,2965,2666
2939: 3698,2465,1540,1913
2940: 4310,4537,2012,1672
2941: 4076,916,2828,1884
2942: 669,2719,4309
2943: 
2944: 4767,4176
2945: 1331
4366: 4768,48
4576: 3682,3285,1414,1713
2948: 3116,2624,2158
2949: 138,2532
2950: 2247,3678,329
2951: 
2952: 414,4449,817,2013
2953: 557,2407,105,2876
2954: 3365,514
2955: 971,198,2137,2857
2956: 3026,4347
2957: 4013,2194,538
2958: 316,3420,3838
2959: 1969,1769,1284,958
2960: 2997,1027
2961: 2635,3476,1141,2589
4367: 2904,184,1963,4767
4713: 4670,902
2964: 3073,3686
2965: 2938
4779: 2385
2967: 59,3651
2968: 436
2969: 4627,1844,455
4662: 3141,620,991
4290: 3007,2693,3946
2972: 2011,867
4386: 4697,2067,4817
2974: 63,3491
2975: 3360
2976: 3954
2977: 1791,2043
4327: 1630,3600,4373,2671
2979: 1994,2984,3058,2503
4275: 
2981: 1932,4401,2088
2982: 2501,1838,232,2258
2983: 2781
2984: 2979,1799,2503
2985: 3175,2433
4773: 1874,1299
2987: 2219
2988: 426,1725,88,684,1621,3145
2989: 1898,4331,45
2990: 2168,3750,3760,68,2443
4248: 782
2992: 1749,4298
4460: 4106
2994: 3380
2995: 58,1647,4769
2996: 2333,3765,703,543
2997: 2960,1027
2998: 1199,23
2999: 2401,978,1981
4468: 3615,3502
3001: 1270
4819: 4115,2200,2856,3603,3029,309,924
3003: 
3004: 2650,3945,4007,97
3005: 3527,1515
3006: 1010,1488
3007: 753,2693,4290
3008: 3603,1407,4474,2218
4651: 724,1006,2705,4031,3950,134
4504: 2202,1938
3011: 131,1904,1051,2753
3012: 4100,956,4629,1567,3527
3013: 
3014: 2234,2856,2288,3782
4558: 4804,1836,853,4384,20,1256
3016: 1195,640,3203
3017: 3558,1018,430,3641
3018: 801,1712,584,432,1307,1989
3019: 3140
4365: 348,3309,4628
3021: 
3022: 2757,4227,1868,1845
3023: 2474,3749
3024: 851,1100,1585
3025: 
3026: 2956,2418,2261
3027: 
3028: 4361,109
3029: 2234,2856,4819
3030: 4286,3624,3965
3031: 1280
4447: 481,4544,188,2865,632
3033: 521,3245,4797,393
3034: 1805,1449,169,772
3035: 2847
3036: 3782,2638,4001,1535
3037: 75,4101,3689
3038: 4427,4722,4054
4415: 4089,2139
4470: 3533,3464,3583
3041: 2731,4304
4795: 1091,182,3232,3142,1944,3923,1076,357
3043: 
3044: 1521
4679: 604,4792,4722
3046: 1135
3047: 839,4700,2488,562
3048: 4093,4783,3316,2250
4594: 3914
3050: 1937,3217,2548
3051: 2895,4014,251
3052: 3455,3593,3514
3053: 1490
3054: 429,3571,3164
3055: 85,1607,1987
3056: 
3057: 600,592,3860,2505
3058: 2979,1994,3270
4326: 497
3060: 
3061: 3702,1231,4359,4499,1150,3218
3062: 3326,3815,3980,412,1232,2387
3063: 
4683: 4808
3065: 984,3811
3066: 1113,3775,459
3067: 
3068: 1928,315,3985,3328
3069: 1982,344,4149,3405,2773,2101
3070: 585
3071: 4536,421,3758,3974,3979
3072: 589,2183
3073: 862,3686,3246,2964
3074: 794,4413
3075: 
3076: 1154
3077: 1586,624
3078: 2214,3660
3079: 1779,270,3468,4276,4505,4369
3080: 548
3081: 1047,151,122
4589: 1496,1341,1648,1376,3827,3294
4790: 2226
3084: 1910,1242,4602
3085: 1855,683
4161: 417,4534,4308,239,3318
4551: 3178,4601,3816
3088: 730,590
4618: 628,1386,364
3090: 2065,3799,1572
4112: 4643,193,1080
4527: 699
3093: 1483
3094: 787,3701,1445,2308,1777,73
3095: 4627,4044,1844,1906
3096: 
4255: 
4487: 2466
3099: 4519,1875,2786
3100: 1390,2933,3286
3101: 929,444,3428,3956
3102: 4032,2599,1104
3103: 1163
3104: 1075
3105: 668,4518,1448,3524,2915,2484
4694: 1580
3107: 1877,4784,237
3108: 4228,4140,3353,887
3109: 4184,2659
4340: 1707
3111: 4531,3882,1005,2804
3112: 3206,1514,2600,3332
3113: 4168
3114: 1660,483
3115: 2471,1324,54,242
3116: 2948,4704,2624
3117: 4731,114
4775: 361,1689,2470,4355,1807
3119: 3892
3120: 3517,266,2173
3121: 
3122: 2703,3741,1698
3123: 810,3548
3124: 3785,1284
3125: 4344,82,1638
4149: 1850,4659,2773,3069
3127: 999
3128: 454
3129: 
4501: 4658
3131: 1674,2236
3132: 416
3133: 
3134: 
3135: 1099,2530,1853
4405: 1650,4143
3137: 764,4304
3138: 2455,2391,1136,4665
3139: 3793,1980,1458
3140: 1434,3019,3625
3141: 4662,4476
3142: 2926,182,3232,4795,265
3143: 
3144: 387,4345,3342
3145: 684,1621,4806,2988,1727
3146: 313
3147: 4353,3946,4131
3148: 
3149: 4462,4095,2823,384,2776,4766
3150: 151,2863,4364
3151: 
3152: 3587,3352
3153: 4322,34,1503,2839,3780,3357
3154: 1058,832,1516,1084
3155: 1065,671,4141
3156: 2277,573,4198,891
3157: 1117
3158: 3604,4211,1336,2529
3159: 3219
3160: 1330,3273,4346,2296,664
3161: 2063
3162: 440,1156,4413
3163: 4505,4369,1041,2330
3164: 429,3054,3252
3165: 2824,3591,2039
3166: 413,1401
3167: 1486,1222
3168: 2005,2861,3663,9,3768
3169: 55,49,1072
3170: 2286,572,476
4309: 820,2719,2942
3172: 207,1329,1018
3173: 580,791,4809
3174: 3879,1303,1309
3175: 2985,1729,1099
3176: 1616,1632,4574,2695,4055
3177: 1401,4143
3178: 4551,2426,417
4265: 4154
3180: 879,907
3181: 2896,2561,3222,4642,247
3182: 647,528,3497
3183: 4387,1442,2733,1244
3184: 2743,2792
3185: 2536,840,1720,3267
4731: 3117
3187: 1759,1746
3188: 1346,81,2420,598,752
3189: 2802,539
3190: 4652,2920,3240,1646
4480: 1126,2323,4765,1564
3192: 3235
4136: 3585,1709
3194: 4666
3195: 153,2408,936
4512: 2176,223,301
3197: 3765,703,3605
4746: 1892
3199: 3787,2589,3476,4770
3200: 111,1064,2714
3201: 123,3706,4608
3202: 2206,3910,874,766
3203: 640,877,3016
3204: 1256,564,4222
3205: 3796,1790
3206: 3112,1514,78,4635
3207: 1971,3895
3208: 381,497
3209: 1494,1783,4256
3210: 4302
3211: 3706,816,1086,3509
3212: 856
3213: 4152,2284
4632: 3661,746
3215: 1487,2700
3216: 80,137
3217: 4098,2579,3050
3218: 1303,3061,4499,2342
3219: 3159
3220: 540,2246,671
3221: 
3222: 4642,4427,3181
3223: 628,2685,4654,2519
3224: 2244
4239: 4643,2177
3226: 1291,4739,2010
3227: 1413,4178,2817
4605: 155,1348
4351: 2629,2794,4010,2562,2098,652
4583: 523,2548,622,4670
3231: 647,4769,4209
3232: 182,3658,3142,4795
3233: 2126,818,610,2630,677
3234: 3978,3998
3235: 2789,152,596,1986,1914,3192
3236: 4156,2097
3237: 
3238: 4273
4768: 4366
3240: 3545,3190,1646,1711
3241: 3938,4095,1083,2167,2131,517
4684: 1454,3840
3243: 4195,2705,3415,724
3244: 234,829
3245: 521,3033,3415,4195
3246: 3399,3073
3247: 298,1651,555
3248: 774,4771,212
3249: 2192
3250: 2556,3927
3251: 2795,1931,3661,4781,1046
3252: 1183,429,3164,475
4737: 545,3876
3254: 
4184: 3109,1381
3256: 
3257: 
4682: 3464,1099,2530
3259: 697,2878,2442
3260: 180,1818
4615: 2151,841,1073,414
4475: 924,4291
3263: 2618,210,1905,3883,4794
3264: 2415,3976
3265: 
4638: 917,1814,1164,4792,447
3267: 2456,167,2536,3185,188
3268: 704,2597,1289,2256,3746
3269: 3901,4789,2912
3270: 1799,3058
3271: 2603,436
4211: 1336,3158,2529
3273: 499,3160
3274: 
3275: 3895,3915
3276: 
3277: 2879,2209
3278: 2530,1853,4289,687,3583
3279: 3865
3280: 3903,1332,2795,1931
3281: 
3282: 4334,4782,4108,2429,3495
4523: 1758,533,790
4203: 
3285: 902,3682,4576,1713
3286: 3100,2933
3287: 1243,977,174,2478
3288: 1565,1015
4732: 3386,4699,4291,3725
3290: 1058,1879
3291: 
3292: 824,4392,1778,1976
3293: 
3294: 4725,4440,1341,4589
3295: 
3296: 889,4028
3297: 667,2741,2107
3298: 4346,4408,4305
3299: 2549,344,4258,4102,3374
4325: 2578,1037,2854,122
4128: 3844,2670,733,878
3302: 2427,4585
3303: 3461,4674,1407,2505
3304: 3904
3305: 3694,696
3306: 671,206,4671
3307: 2191,4187,2109,785
3308: 951
3309: 2877,4365,348
4238: 1762,1742,455
3311: 1163,4452
3312: 2559,373,725,930
3313: 78,2938,1249,2006
4448: 
3315: 1086,4162
3316: 4783,1722,3048
4103: 3677,1127,235,4363
3318: 244,4534,4161
3319: 3434
4281: 
3321: 4257,705,2422,1859
3322: 45,427,4138
3323: 2654,653,4469,2571
4783: 3316,4584,1869,3048
3325: 2715,4381,294,935,2028
3326: 1915,2587,3062,3815
3327: 991,4602,3541
3328: 1072,3068,111,3985
3329: 395,1549,1050,3740
3330: 
4467: 4716,3632
3332: 3545,3112,1514,4652
3333: 1770,3941,2393
3334: 2547,3637
3335: 2460,2889,3830,2003,1431,1874
3336: 3787,4770,3658
3337: 3460,4471,4807,1174,1974
3338: 4642,247,3779,2259,3792,1547
3339: 4693,2754,3547
4407: 2925,4029,1892,2921
3341: 3986,1009,968,1896,4657
3342: 102,3144,387,1323
3343: 2887
3344: 4020,1734,861,4570
3345: 2084
3346: 2663,1544,2449
3347: 71,4003,2540,25
3348: 3376
3349: 1738,752
3350: 284,75,3414
3351: 953,4235,868
3352: 507,3152
3353: 4140,3108,1622
3354: 1898
3355: 2528,4705,1684,4377,1803,100,4580
3356: 842,582
3357: 3780,2496,4322,3153,1968,2207
3358: 2360,4727,802
4095: 3241,3938,271,4462,3149
3360: 2975
3361: 2343,463
3362: 722
3363: 1333
3364: 3767,2180
3365: 4064,514,2954,1279
3366: 433
3367: 661,3662
3368: 3422,4299
3369: 4354,4417,2000,2254
4178: 2483,4542,3227,1413,2817
3371: 
3372: 1541,2559,921,1704
3373: 1338,2902,2169
3374: 1396,4258,3299,4140
4111: 4075,4306,2033,2669
3376: 3348
3377: 500,4009,2868,3772
3378: 
3379: 2642,77
3380: 2994
3381: 1437,4533,2159,4469,3697
4368: 2237,1107
3383: 4114,149,607
3384: 
3385: 
3386: 4732,2085
3387: 3889,3489,222
3388: 1525,2326
3389: 103,2268
3390: 1699
4198: 2562,2249,573,3156
3392: 3418,2284,4816
3393: 1938
4143: 4405,3177
3395: 911,216
3396: 4060,184
3397: 2539
3398: 4520,3806,1863,1182,3600
3399: 3246
3400: 4507
3401: 629,1110,1977
4524: 404,1720,3886
3403: 1895,1216,1573,1307
3404: 1245,4329,547
3405: 2773,2101,914,3069
4439: 1436,3919,303,2735,1784
4681: 1071
3408: 845,3447,1518,2005,2861,2881
3409: 2746,1012
3410: 2171,3445,4330,4126
3411: 2676,530,4063,2430
3412: 664,4151,531
4763: 941
3414: 284,3350
3415: 3615,3245,4195,3243
3416: 381
3417: 2446,1590,3968
3418: 3392,3713,4816
3419: 1973,1411,4050,2077
3420: 316,2958,4096
3421: 
3422: 4299,3368,2617
3423: 4197,230,4474,2218
3424: 1663,2440
3425: 1199,2634
3426: 4247,2227
3427: 1614,370
3428: 3956,3475,929,3101,4385
3429: 
3430: 2097
4285: 2888,244,2052,727,4536
4567: 2878,2442,4049,2199,915
3433: 2681
3434: 3319,1315
3435: 
4462: 141,3149,517,4095,4766
4728: 2512,2175,1113,2563,3878
3438: 1494,977,4691,1969
3439: 
3440: 2707,434
3441: 
3442: 3983,2611,3950,134,792
3443: 2816,3770
4804: 4558,1965,1836,853
3445: 3410,2171,691,4126
4226: 1116,2178,419,4815
3447: 3408,845,486
3448: 4820,1213,1311
4101: 235,4363,3037,3689
3450: 1253,1678,4177,4395
3451: 911,3781
3452: 2147,2091,3733
3453: 1002,1315,656,4611
3454: 4528,2772
3455: 3052,286,3486
3456: 
3457: 675,3879,2095,2631
3458: 1900,4014,2518,2001
3459: 
3460: 3337,224,349
3461: 3303,4674,223,228
4774: 2830,952,762,2558
3463: 140
3464: 4682,4331,4470,3583
4716: 4467,1581,4292
3466: 1159
3467: 3569,870
3468: 4383,4276,3908,3842,3079,270
3469: 
3470: 2133,1985,4678,1516,1990
3471: 837,2430,1168,255
3472: 206,717,2009
4564: 
3474: 
3475: 3428,3956,1188
3476: 2961,1141,3199,4770
3477: 4247,1624
4777: 
3479: 345,1041,336
3480: 3559,1844,1906,2753
3481: 2729,540,1157,3566,2009
3482: 2924
4803: 1878,1275,4802,4806,367
4353: 3147,3946,4081
4628: 4365,1611,1664
3486: 3724,3455
3487: 3488,3571,4185,3771,2480
3488: 3996,3781,3487,2480
3489: 1105,1755,3387
3490: 3860,2505,1430
3491: 4581,63,2974
3492: 1732,4312
3493: 627
3494: 2640,2064,604,4792,447
3495: 3282,4782,2429,426
4514: 1773
3497: 2553,528,2630,647,3182
3498: 
3499: 491,4640,5,4451,1067
3500: 729,3832
4118: 2853,4394,532,263
3502: 3615,4468,1259
3503: 4303,4240,1810,3997,287
3504: 
3505: 2450,1686,500,4180
4189: 4810
4277: 1761,39,3937
3508: 1118,1851,695,1215
3509: 1086,1501,3211
3510: 2869,4090,1805
3511: 1070,3542,4799,883
3512: 4212,2003,345,1965
3513: 216,3596,4531,4593
3514: 2701,1634,3052
3515: 2906,2114
3516: 1833
3517: 266,3120
3518: 1315
3519: 4445,1757,3905
4138: 3322
3521: 706
3522: 1350,1947
3523: 4207,1649,2776,4798,2370,4766
3524: 4708,668,3105,2484
4642: 3222,3338,247,3779,3181
3526: 634
3527: 3005,4100,3012
3528: 
3529: 1209,276
3530: 681,1632,1622
4212: 3830,3512,2003,1965,2216
3532: 4042,2517
3533: 4470,4595,65
3534: 2318,893,451,1647,4424,4769
3535: 
3536: 1611,3565,829
3537: 2904,4315,4060
4601: 3816,528,4551
4434: 2647,3821
3540: 986,120,635,3565,1611
3541: 35,991,3327,2784
3542: 1070,2246,3511,4799
3543: 2064,835,2640
3544: 1133,1015,870
3545: 3240,3332,1514,813
3546: 1585
3547: 2017,4693,3339,783
3548: 2732,3123
4345: 15,719,3144
3550: 1069,1780,2851
4599: 1795,1359,4476
3552: 333,2376,4337,4823,795
3553: 2113,165,1705
3554: 4294,2577
3555: 2466
3556: 617,210,2566,3883
3557: 2416,1082,1114,3687
3558: 3647,3017,430,1260,2652
3559: 1844,3480
4546: 
3561: 1687,1685,4129,4210,739,4481
3562: 3649,859
3563: 392,2755,8,2239
3564: 2845
3565: 2814,829,3540,3536
3566: 4012,3481
3567: 4582,1824
3568: 418
3569: 3467,1015
3570: 
3571: 429,3054,4185,3487
3572: 
3573: 1334,2930,3847,1507
3574: 
3575: 666,3721
3576: 
3577: 2572,2206,4193,1180
3578: 
3579: 1252
3580: 725,2785,2678
4320: 
3582: 2028,3930,244,2888
3583: 687,3464,3278,4470
3584: 2344,1008,1246,2892,4428
3585: 4136
3586: 781,3741
3587: 3152
3588: 2502,630,1760
3589: 2509
3590: 
3591: 2039,1286,3165,2824
4336: 
3593: 1093,3052
3594: 
3595: 993,3611,219
3596: 4142,654,4062,3513,2804
3597: 2445
3598: 1887,2855,4748
3599: 231,4736
3600: 3398,4327,1630,2671
3601: 900,4110,4229,2642,4680
3602: 2527,1124
3603: 3008,1407,4474,2200,4115,4819
3604: 3158,1200,4150,1336
3605: 666,3197
3606: 3796,2320,1903
3607: 4626,1001,658,3987
3608: 4042,2914,2474
4116: 174,2478,871,4770,2500
3610: 2301,2258,2089
3611: 762,3595,219,2558,1822
3612: 2599,404
3613: 3895,490
3614: 
3615: 4468,3502,3415
3616: 
3617: 1328,893,451
3618: 4194,4496,4764,1114,4766
3619: 962,144,4542,2327
4582: 3567,1101,1824,2364
3621: 3672,1379
3622: 
3623: 4450,1752,304,1794
3624: 3030
3625: 3140,2936,4177
3626: 61,3742
3627: 1727,367,2053,4806,1464,3776
3628: 
4549: 707,3753,742,1436,2462
3630: 941,1578
3631: 251,2744
3632: 4467,2414,4174
3633: 
3634: 1658,2412
4315: 2904,3537,4767,1298
4822: 2047
3637: 1222,2547,4294,3334
3638: 
3639: 2496,2207,1031
3640: 2715,2508,2199,933
3641: 430,3017
3642: 1260
3643: 
3644: 4150,711
3645: 1405,4048,2075
3646: 1715,2607,4221,4332,2794,692
3647: 3558,4562,1260
3648: 293
3649: 3562,1731,1956,2602
3650: 1314,2692,2399,1369
3651: 2702,2967,1173
3652: 2584,1383,2413
3653: 2582,2086
4416: 3759,1116,2545,2581,1566
3655: 2813,1999,1704,2552,921
3656: 1696,2790
4262: 
3658: 182,3232,4770,3336
3659: 4196,2350,670,3838
3660: 2214,3078,1171
3661: 2795,3251,1931,4632,3751
3662: 3367,612
3663: 2861,3168,9
3664: 2487,979,1922,1533
3665: 3966,2241,2749,2306
3666: 1912
4695: 4395,2,918,1313
3668: 
3669: 1432,331,1809,1882,876,1693,4619
3670: 1880,2566,4784,617
3671: 2636,3784,562,2748,2488,1940
3672: 220,3621
3673: 4553,2047,2387,1630
3674: 4003
4757: 3924,721
4379: 1053
3677: 4103,4363,453
3678: 2247,2950,4466,329
3679: 1618,4251
4096: 3420,4700
3681: 
3682: 4633,3285,4576
3683: 130
3684: 803
4270: 4219,615,297,484,2670
3686: 862,3073,2964
3687: 1169,660,1114,4766,3557
3688: 1812,925
3689: 4223,4101,4363,3037
3690: 
3691: 4185,3771,4121
4137: 1875,1512
3693: 2919,428,2216,1836,1256
3694: 3305,2867
4619: 876,1432,3669,4532
3696: 2200,2856
3697: 4533,1228,3381,1437
3698: 3762,2465,2939,1540
3699: 4232,2406
3700: 973,992,375
3701: 787,3094,1777,1535,73,2638
3702: 1231,3061,2360,4727,4499
3703: 1149,2897
3704: 4279,1598,3966,1234
3705: 1368,2039
3706: 3211,3201
3707: 116,1586
3708: 567,1603,2405,4786
3709: 4032,1750,962,1747
3710: 913,4027,227,1629,1328,451
3711: 2846,2361
3712: 4533,2159
3713: 3418,4075
3714: 3855,2607,107
3715: 99,4526,4455
3716: 1484,2761,4063,2110
3717: 3825
4450: 157,3623,2526,304
3719: 161,1139,1009
3720: 1255,1485,317,3800
3721: 23,3575
3722: 692,2495,2607,144
3723: 1888,1840
3724: 2610,3486,1893
3725: 4732
3726: 1689,3835
3727: 11,4724,1870
4387: 3183,1442,2733,293
3729: 
3730: 515
3731: 2111,2616
3732: 3874,3824
3733: 2860,2493,3452,2091
3734: 456,2508
3735: 
3736: 396,1126
3737: 380,2075,4693
4394: 2259,532,2570,3792,4118
3739: 1912
3740: 1050,2394,3329,1549
3741: 3122,3586
3742: 1631,1439,3626
3743: 3921,4233
3744: 4485,4714,1302,1519
3745: 1638,1459,4634,2523,4409,4074
3746: 527,2004,3268,2256,34
3747: 4057
3748: 4232,273
3749: 2474,3023,4042
3750: 1090,2419,3760,68,2990,2168,1493
3751: 746,3661
3752: 2837
3753: 707,3801,4549,1900,2001,742
4151: 3412,531,889,3976,1842
4183: 1886,3974,3979
3756: 697
3757: 
3758: 2266,1295,1479,4536,3071
3759: 4416,77,2545,1566
3760: 1541,68,1090,3750,2990
3761: 1108,2269,1827,1560,1682
3762: 3698,2465,1617
3763: 4278,4242,4188
3764: 
3765: 3197,1691,2996
4254: 3782,2234
3767: 3364,1703,745
3768: 2615,2726,3168
4727: 2360,3358,4499,802,3702
3770: 3443,976
3771: 4121,2480,3691,3487
3772: 802,237,2868,3377,4009
3773: 2271
4821: 3996
3775: 3066,459,2125,2822
3776: 1464,3627,2053
3777: 884,4655,456,1648
3778: 
3779: 4278,4642,3338,2259
3780: 2496,3357,3153,2839,2207,1031,1079
3781: 3488,3996,2480,3451,1970
3782: 3036,2288,3014,4254
4173: 1220,1565
3784: 3671,562
3785: 3124,663,2080,2680
3786: 865,4457,1463,1380
3787: 3199,4770,3336
4537: 2631,2153,2940
3789: 2791
4798: 407,3935,4754,4703,173,1649,2823,2776,3523,4207,1925,2002,1247,4785
4483: 488,1115
3792: 2259,4394,3338,1547,263
3793: 3139,733,3844,1980
3794: 1592,2103,1188,3819,1267
3795: 748,2772,4649
3796: 3606,3205,1903
3797: 2689
4445: 3519,4772,1829,4818,3905,492
3799: 1681,3090
3800: 4192,1642,3720,913
3801: 707,888,3753,2351
3802: 1107
3803: 1285,1659
3804: 2870
3805: 
3806: 4697,1863,4553,3398
3807: 573,4815,1575,1475
3808: 
4714: 4485,3744,2782,1077,76
3810: 1408,4361,1230
3811: 584,3065,1989,2117
3812: 1226,4033,2067,4697
3813: 2765
3814: 2203,1816
3815: 1915,3326,3062,3980
3816: 4601,4551,2537
3817: 
3818: 292,2635,1265,2735,2589
3819: 3794,1267
3820: 4295,4636,3849
3821: 2647,4434,1651,1120
4091: 1218,4074,3935,173
4544: 4526,188,632,4447
3824: 3874,4641,3732
3825: 4206,4592,3717
3826: 2864,2623,1655,1392
3827: 1376,456,1496,4589,1648
4338: 969
3829: 1555,326
3830: 4212,2003,3335,1874
3831: 
3832: 729,3959,1322,3500
3833: 2353,2191,785
3834: 2012,1672
3835: 1689,3726,2470
3836: 1575,4438,2850
3837: 
3838: 670,3659,712,316,2958
3839: 4758,469,1864,2362,1783
3840: 1454,4684
3841: 474,864
3842: 2858,4253,4383,3468
3843: 736
3844: 1375,13,4128,733,3793
4268: 
3846: 3980,2325,1232
3847: 834,1507,3573
4108: 2429,4334,3282
3849: 2766,4636,4182,3820
3850: 835,2263,2519,917,1164
4545: 740,852
4413: 3074,3162
3853: 
3854: 419,1677,2497,4559,2146,1767
3855: 3714,2607,1119,144
3856: 
3857: 2727
3858: 2457
3859: 1384
3860: 2505,3490,592,3057
4371: 2608,257,1882,1693
4637: 1918,1738,1175
3863: 1044,1538,963
4724: 487,2120,1870,3727
3865: 3279
3866: 
3867: 537
3868: 
3869: 1300
3870: 302,850
3871: 2400
3872: 2178,2698,1116,2545
3873: 221,2313,1198,107
3874: 1313,3824,872,1409,3732
4671: 206,3306,1173
3876: 1170,4737
3877: 
3878: 1501,4465,4728,2175,2563
3879: 3174,3457,2095
3880: 2441
3881: 1465,2767,2459,127
3882: 4531,3111,4593,4621
3883: 1905,4494,3556,3263
3884: 938,1214,445
4652: 3190,3332
3886: 1241,1388,2836,4524
3887: 2810
3888: 269,433,349
3889: 3387,222
3890: 
4571: 4762,2393,685
3892: 3119,2848,1799
3893: 900,2048,1927
3894: 2169,29,680
3895: 3275,3613,3207
3896: 660,1169
3897: 2593,4261,1763,4530
3898: 4257,2531,2410
3899: 52,730
3900: 
3901: 4789,3269,2155
3902: 3999,371
3903: 4781,1332,1931,3280
3904: 3304
3905: 492,4796,4445,3519
3906: 2304,1126
4477: 
3908: 4383,3468,4276,1375,4626
4341: 2380,1477,1793
3910: 4725,2303,3202,766
3911: 1578
4780: 1960,1785,1425,279
4195: 3243,3415,521,3245
3914: 4594
3915: 3275
3916: 1276,3998
3917: 1423,1950,719,2071,3960
3918: 983,1683,314
3919: 1265,1074,303,2735,4439
3920: 
3921: 1926,1144,3743
3922: 1053,2575
3923: 1944,2071,2128,4795,1423
3924: 1599,441,4757,721
3925: 869,2354
3926: 
3927: 3250,1796
3928: 1447,4568
3929: 1596
3930: 4399,4381,2028,3582,2888
3931: 2584
4506: 4707,4663,1735,1402
3933: 4004
3934: 1568,951
3935: 407,4754,173,4798,4091
4321: 4011
3937: 2504,4277
3938: 3241,4095,271,4134
3939: 
3940: 4129,1955,1169,1685
3941: 4792,3333
3942: 4058,3972
3943: 2079,2775,485
3944: 1766,852
3945: 2650,3004,2779,2087
3946: 4353,3147,4290
3947: 
3948: 992,2067,375,4817
3949: 2806
3950: 2611,4031,134,4651,3442,548
4743: 2290
3952: 4204,749
3953: 3984,2085,699
3954: 2976,1334
4562: 2404,3647
3956: 3428,3475,3101
3957: 1194,155,2132,190
3958: 1298,2789,152
3959: 3832,1322,89,484
3960: 4119,2071,3917
3961: 
3962: 4076
3963: 
3964: 2853,1113,2512
3965: 3030,4811
3966: 3665,2241,529,4279,3704,1234
3967: 607,149
3968: 2641,3417
3969: 2285,3990
3970: 1584,1036
4324: 
3972: 2311,2437,2427,3942
4719: 777,522
3974: 1886,4183,1161,421,3071
3975: 1198,4655,4488
3976: 3264,4151,1842
3977: 511,2724,1948,4230,555
3978: 3234,1581
3979: 38,3071,4183
3980: 3846,2893,1232,3062,3815
4352: 2619,4079
3982: 86,37,755
3983: 3442,2413,134
3984: 3953,2333
3985: 111,3068,315,3328
3986: 1009,3341,1896,4243
3987: 3607
3988: 1608,4633,2604
3989: 4175,328,1203,1910,609
3990: 3969,4179
3991: 
3992: 
3993: 20,2847
3994: 
3995: 
3996: 3488,3781,4821,1970
3997: 1810,2614,3503,287
3998: 1276,3234,3916
3999: 3902
4000: 773
4001: 1535,2927,2633,3036
4406: 4144,2560,1104,4147
4003: 3347,2540,3674
4004: 3933,2381
4005: 573,4616
4006: 673
4007: 2779,3004
4568: 3928
4009: 1686,500,3377,3772,802,2360
4010: 4351,652,2495
4011: 1097,326,4321
4012: 823,1157,3566
4013: 2957,2226
4014: 1900,3458,3051,251,2518
4015: 4633,2604
4016: 
4017: 2469
4018: 
4019: 751,1571
4020: 3344,4570
4677: 925
4022: 
4266: 2806,1832
4024: 4660,1739,1767,4109
4025: 
4026: 
4027: 913,3710,1485,2164,227,1629
4028: 4385,929,889,3296
4029: 2925,4407,2921
4030: 2751,1486
4031: 3950,134,4651,1006,2807
4032: 1993,3709,1750,3102
4033: 2723,450,3812,1226
4699: 47,4291,4732
4035: 
4190: 2688,2309,1170
4037: 2616,2590,4089,2879
4645: 96
4039: 526
4040: 
4041: 2857,4691,198,1969,1769
4042: 3532,1026,3608,3749
4043: 4225,230,602,4078
4044: 2778,1134,3095,1906
4455: 3715,99,4252,2455
4046: 2784,497,4759
4047: 2276,1796
4048: 958,3645
4049: 2878,2442,4567,2298,294
4050: 1973,3419,2077,2809
4051: 1735,2809,4707
4052: 249
4053: 
4054: 2640,3038
4055: 2133,1985,1616,3176,1195
4056: 
4057: 1216,2551,3747
4058: 3942,1662
4059: 
4060: 3396,3537
4061: 1934,2592
4062: 216,911,213,4142,3596
4063: 3716,1484,3411
4064: 3365,514,2518,1279
4065: 907,1108,1560
4066: 440,1156,2621
4750: 4451,2758,593,5,1918
4068: 
4069: 1055
4401: 1932,389,2981
4747: 1758,2010,1219
4393: 954,2628
4073: 674,2920,2887,1855
4074: 232,1638,3745,4091,2501
4075: 4111,1530,1823,3713
4076: 3962,2941,1257
4077: 
4078: 4474,4043
4079: 2147,2619,4352
4080: 4760
4081: 1865,4353
4082: 4472
4083: 277,2674,2197,700,4702
4424: 227,131,2318,3534
4085: 2337,918,4810
4086: 289,11,1597
4087: 682
4088: 1510,4598,4554,1711,1394
4089: 2590,4037,388,4415