0: 3147,460,1382,635
1: 2608,2368,1212
4450: 466,2915,1789,3647
4812: 2875
4: 
5: 4499,1637,3649,3644
6: 957,2807,3689,792,1026
4620: 2555,4599
8: 2296,954
9: 317,1346,1174,1418,3667
10: 3925,3318,4797,940
11: 4361,171,3101
12: 2772,1526,846,4627,4704
4264: 2939,4113,4307
4608: 1937,419,2436
15: 3132,45,4289,1197
16: 908,2582,3751
17: 1555,1372,1616,4234
18: 1072,4219,3775,1780
19: 951
20: 121,2581,1662,3289,3988
21: 4576,4384,1854,1031
22: 1836,3357,3806
23: 1559,1734
24: 2139
25: 2439,2987
26: 1622
27: 2033,4793
28: 2875
29: 539,2884
30: 824,73
31: 4300,1159
32: 2338,2160,2250,4768,2890
33: 2013,2559,3176,1396,4028
34: 3355,3706,246,4709
35: 3457
36: 4172,541,2856
37: 439
38: 4578,1757
39: 3221,4454
40: 4272,3487,2508
41: 2339,1528,2744,1769,949,1881
42: 4614,1652
4669: 3307,218,486,849
44: 
45: 3772,4289,15
46: 2978
47: 1193
48: 530,3724,1517
49: 2069,247
50: 1638,838,3610,2368,204
4776: 780,1782,1617,4768
52: 1633,905,1449,1985
53: 904,3510,2726,170
54: 1584,1159
4306: 974,4569,936,3163
56: 3189,4479,2953,641,2200,3448
57: 3294,3081,2128,4534
58: 1620,2005,2553,2635,2305
59: 3710,1065,3704,322
60: 3634,1618,114
4539: 4553,449,4441,3998
62: 1307,1745,2546
63: 2841,2269,844,1009,400,4794
64: 942
65: 4101,387,968,4243,4274
66: 1051,663,640,1448,2266,3758
67: 2054
4304: 1639,3867,420
69: 3322
70: 
71: 2217,4103,453,2342,3243
72: 2778,4701,1610
73: 30
74: 1421,1407
75: 3394,3677
76: 102,2321,2861
77: 4163,1011,2981
78: 3343,3811
79: 4313,3392,2649
80: 3909,4482,4503,2049
4367: 
82: 1126
83: 1776,1831
84: 4374,242,2337
85: 1577,4174
86: 1514,983
87: 1983
88: 3183,327
89: 4686,2823,2691
90: 3757
4821: 2602,4481,1038,1883,1564
4616: 3709,2126,865,4183,933,4332
93: 
94: 
95: 3134
96: 
97: 3796,3270,2299,2122
98: 1914,3710,1175,3472
99: 456,3977,2560
100: 4128,1168,4144,1116
101: 444,1120,193
102: 76,143,3744
103: 441,2542
104: 
105: 721
106: 
107: 1855,438,684
4768: 4776,32,2890
109: 
110: 1706
111: 3167,1216,4235,3958
112: 2304,4602,3552
113: 3240,4649,1300
114: 363,60
115: 
4662: 4087,4621,3596
117: 1157,3041
118: 3611,3116
119: 4091,2602,4481,1079
120: 1959
121: 3779,20,2581,2981,3657
122: 1353
4455: 1742,2697,3777,2015
124: 3754,4488,580,2478,3337
125: 1533,1464,523,1782
126: 179,867
127: 791,1051,3855,1448
128: 944,2532
129: 
130: 1296,1903
131: 3374,943
132: 2097,1861,2841,2269,675
133: 2511,2882,3763,1822,2147
134: 307,491,144,3556
4665: 4135,4573,1316,2075,1738,3110
136: 1324,2156,2819,4123
137: 879
4325: 1729,715
139: 
140: 3818,2320,3162
141: 3030,3826
142: 765,1345,1766,3257
143: 3744,102,2861
144: 1513,451,307,134
145: 2663,3679,1618,2132
4802: 3389
147: 192
148: 2940,3535,3430
4787: 3997,3334,3704,4671,1384
150: 3453,161
4301: 
152: 3493,4458,3175,269,1205
153: 3290,2990,3315,1198
4449: 2058,4054,3181,329
155: 290,1485,1449
156: 1770,527,2364
157: 3095,1448,4010
158: 4487,3059
4482: 3522,1863,2049,80
4429: 1787
161: 2145,150
162: 
4614: 1652,866,42,1565
164: 3403,2583,2173,1512,4533
165: 2136,2847,2167,2301
4272: 3178,3487,40,3198,1973
167: 1326,4213,3649,643
168: 2501,1668,4496,3784
169: 
170: 2726,774,411,53,3530
171: 2120,11
172: 
173: 1562,921,3674,3488,4323
174: 864,2584,535,3061
175: 697,3225,4742,2121
4798: 4777,3978,430
4715: 291
178: 877,4235,1796,1216
179: 126
4534: 2128,57,3081,1888
181: 947,2000
4360: 1750,3438,4357,3583,1095
183: 1150,3009,2572,3505
4286: 609,3401,976
185: 4281,3122
186: 2055,2253,1898,2356
187: 3569
188: 4697,1859,3650,936,3163
189: 4492,1059,766
190: 2922,2295,2788
191: 2777,4793,3984
192: 147
193: 1425,101,1120
194: 
195: 3798
196: 4004,3560,2998
197: 595,2254,442,2783
198: 4640,1479,677,1373,4135,4623
199: 1787
4558: 4154,4085,4006,4386
201: 780,1782
4337: 783,387,4243
203: 735,3345
204: 2258,50,4463
205: 1310,1314,2743
206: 1156,1064,2292,1821
4706: 2332
208: 
209: 3701,1605
210: 1433,1012,739
4753: 
212: 4293,4468,3502
213: 3198,2392,3451,702
214: 1295,663,2738,678,785
215: 1113,2280,2298,3066,3769,3910,2817
216: 3524,3882,620
217: 878,622,4726,1086,3492,816
218: 486,287,4669,849
219: 2938,1595,2090
220: 4504,3738,1634,1252
221: 3066,4406,3287
222: 
223: 1705,3418,3292,1999,498
224: 4549,2731,358,2971
225: 2605,3557,3980
4485: 2544,2008,2653
227: 1255,473,1661
228: 296,1327,1430
229: 3878,2664,3169,1743,1860
230: 4527,2973,787,2737
231: 3238,582,2591,2910
232: 1369,2936,1458
233: 
4394: 2604,3050,704,1778,527
235: 3884,888,1181,2303
236: 2638
237: 4477,2340
238: 3130,721
4236: 1560
240: 1055,1338
4499: 1637,739,5,1465,4382,2865
242: 4374,84,4327
243: 2588,495,487
244: 3977,2127,415,1459
245: 2992,2457,778,3098
246: 3706,2420,34
247: 49,2069,628,2117,424
248: 1717
249: 3378,1529
250: 3031,3131
251: 3212,1154,2354
252: 3633,1659
253: 
254: 3154,3018,3323,3028
255: 2962,3349,3358
4469: 2109,2551,339
257: 260,4271,3628,4582
258: 4697,1859,1324,564
259: 2314
260: 257,4751
261: 4004,3560,4061
262: 
263: 1191,4383,581,1569
4484: 582
4292: 2879
266: 287,4736,1156
4586: 843,1141,2191,3884
268: 1810,4813,4701
269: 2503,152
270: 2785
4684: 1379,3742
272: 1270,2441,4091,2602,1038
273: 2433,2767
274: 3616,3300
275: 
276: 
277: 1490,3428,623,1885
278: 1550,2562,2330,3471,2024,4705
279: 2449
280: 3416,1905
281: 3695,2935
282: 1475,3087
283: 3563
284: 1473,1791,2705,4547
285: 976,1185,4606
4637: 4691,4682,4518
287: 4736,266,218,4799
4355: 3218,4775
289: 2830,1884,3603
290: 155,1485,2205,2021,1449,3559,2615
291: 4715
292: 3284,3571,2062,1494,2442
293: 661,1566,1995,1589
294: 1227,2563,4193,1136,3480
295: 2585
296: 228,1430,1627
297: 2787,4390,2070,4238
298: 1354,1573,1597
299: 3810,2211,3694,2006
4680: 3353,1450,507,340
301: 3692,3386
302: 4137,985,1512,3403
303: 469,3458,1783,2859,1598
304: 1168,3844,2327,3715,2102
305: 328,3675,1337
306: 
307: 134,4668,451,4691,144
308: 3225,4109,3299
309: 2313,3893,916
310: 4352,601
4523: 2638
312: 
4279: 665,420
314: 4372,653,887,3788,4789,3343
4811: 1299,1005,1581,4437
4507: 1625
317: 9,4183,1418
318: 4741,4160,1765
319: 2098,1372,2970,1202,4234
320: 970,472
321: 666,3324
322: 1175,3704,59
323: 988
324: 3506
325: 658,2355,2156,4123,756
326: 1948,3018,2248
327: 1221,88
328: 305,2784
329: 519,3181,4449,3057
4324: 1839,1115,3561,1301
331: 858,3106,4543,1126
332: 1757,615,857
333: 427,1556,2989
334: 4050,1685,4526
335: 4362,2390,2920,3727
4652: 2294
337: 638,4215,4500
338: 2793,1398,3418
339: 4434,4469,4671
340: 4680,1450,507,628
341: 1924,1896,3820,350
342: 1730,978,3812
343: 4401,2138,3313,2418,2801
344: 528,433,896
345: 911,2797,1424,4464,4804,4330
346: 3841,2097,3940,675
347: 1536,554
348: 2278,1611
349: 1099,521,3825,3497
350: 3254,1961,341
351: 359,3060
352: 3101,552,4774
353: 1044,1921
4564: 658,2355,2677,3217
355: 3719
356: 1220,4433
357: 3691,3583,4391,1851,1381
358: 2731,3592,2971,1436,224,4549
359: 351,3662,1763,3060
4682: 4691,4637,491,3436
361: 
362: 2718,3890
363: 114,3862
4597: 4763,1335,1669
365: 4536,2547,1165,1029
366: 654,987,2484,2012,4412
367: 835,988,4654
368: 4762,862,4585,2792,2737
369: 
370: 3622,2590
371: 
372: 3350,2609,3297,3582
373: 4726,1641,3492
374: 3692,1843,2234
375: 3750,1722,3391,428
376: 2462,1002,3342
377: 
378: 1329,403,4445,1967
379: 4754,4194,3393,753
380: 1783,2635,2305,1598,593
381: 2748,2652
382: 1350,4425,1947,3180
383: 2960,2143
384: 2373,734,3916
385: 
4294: 1543,2179
387: 4101,1494,65,4337
388: 
389: 812
390: 4198,2212,1488,3709
391: 4087,3618,734
392: 3252,3756,3609
393: 
394: 4261
395: 
396: 482,1133,2142
4398: 3436,491
398: 3743,795,4375,4494,583
4568: 1858,909,3872,3810
400: 4794,4771,63
4741: 4160,318
402: 791,3531,4605,3899
403: 3097,378,3790
404: 3580,2646,2860,1445
405: 
406: 3463,2106,2760
407: 2877,3641,1491
408: 4678,1850,4055
409: 1163
410: 928,2345,1317,991
411: 2495,2351,3173,2726,170,3530
4623: 4135,4573,198,2758,4733
413: 4257,1938
414: 4737,2123,2938
415: 3612,1539,2817,244,3977,2127
416: 2584
4464: 460,2256,4804,345,4330
418: 
419: 4608,919,3893,2903
420: 665,4304,4279
421: 766,4193,4303
422: 1649,4142,2508,3487
423: 4168
424: 1396,2069,247,4028
425: 
426: 2220,4380
427: 333,1748,2116,3186
428: 1232,375,2908,2776,3391
429: 3822,2660,3035,3191,3471
430: 3978,4798
431: 2797,1190,1424,2574,2279,4330,3196
432: 2881,1348
433: 730,4209,1134,344,896
434: 4731
435: 4366,2382
436: 1180,2068,1257
437: 3218,4823,2989,2116
438: 3302,3887,107
439: 3269,1204,567,37,2546
440: 925,772,1399,3137
441: 103,2366,4197
442: 4040,2783,197
443: 
444: 2248,3045,1592,545,101
445: 4477,1006,2979,2290
446: 1275,1176,1539,2817,456
447: 2900,4076,4278,922,4638
448: 2152
449: 2325,4539,4553
450: 2049,1863,2227
451: 1406,3202,4668,307,144
452: 4132,555
453: 71,2217,4103,3243
454: 480,4099
455: 3230,1394,4372,653,3941
456: 2272,99,446,1176,3977
457: 
458: 592
459: 2189,2664,4024,2408
460: 4464,2256,2279,4330,0,1382
461: 1990,2199,2133,3169,1412
4396: 1876
463: 1234,1506,1994
464: 3809,1225,2063
465: 1663,4346,3539
466: 4450,1263
4271: 257,1092,3544
468: 572,820
469: 2589,303,514,2321
470: 822
471: 1912,4695
472: 320
473: 1255,227,1769,4245,2339,2848
474: 1515,1082,3670,2153,3527
475: 2908,3391,3178,504,1649,3832
476: 3995,3402
4234: 1372,1616,17,1555,319
4487: 3059,158
479: 2736,2310,4051
480: 454,3730
481: 2443,3523,2873
482: 396,1868,4365
483: 
484: 2327,3715
485: 1451
486: 218,1064,4669
487: 243,1895,1495
4719: 4348,2577,2155,1810
4699: 1081
490: 1548,4807
491: 134,4682,4398,3556
492: 2723,3655,974
493: 3785,4161,2961
494: 4660,2311,1849,2687
495: 3390,736,243
496: 2530,1385,1781
497: 3258,1827,4175
498: 1999,4172,3292,4291,223
4348: 2577,4719,1875
500: 1303,535,2870
501: 
502: 3132,3382
503: 4531,3268,3438
504: 1973,1722,3178,3391,475
4619: 2496,2359,1970,2540,2597,1183
506: 4766,2915,732,2962
507: 628,2117,4680,3353,340
508: 3401,2618
509: 992,2592,3320,1435
510: 4628,2908,2776
4387: 2014,604
512: 2077,2171,2404,1845,2002
513: 2198,3002,3365,4750,3414
514: 2537,3951,2886,469,2589
515: 2565
516: 4073,3266,3413
517: 4023,1375,3283,2868
518: 3938,3283,3803
519: 3181,329,4435,3375
520: 2281,2440
521: 4009,349,3478,3505,4590
522: 3456,3526,3708,2749
523: 2284,633,125
524: 
525: 4664,716
526: 3720
527: 156,4584,3050,4394
528: 344,3816,896,3042,2478
529: 1769,1958,742,2744
530: 48,3724,2858,3363,3874,1517
531: 4342,2773
532: 1246,3423,579,1049
533: 2798
534: 
535: 500,174,3061
4461: 890,1499,1540,848
537: 
4622: 3312,854,1454
539: 29,2945
540: 1799,1528,1046,2582,2770
541: 4732,2856,36,2465
542: 1132
543: 1533,2892,1617
544: 
545: 1793,3859,4094,444,3045
546: 
547: 4476,4577
548: 3581,2789,1076
549: 4203,3236
550: 4628,4071,3468,3109,1577
551: 4668,1265,4691
552: 2120,352
553: 1378,993,2041,1713
554: 347
555: 1420,452,619,3539
556: 2813,2669,2716,2836,1276,4376
557: 1129,1585,1576
558: 2396,3286
559: 4248,2468
560: 1734,3984
561: 2865,4636,4382
562: 2504
4262: 1745,4780,3269
564: 1324,258,1721,1774,4123
565: 1263,605,4129,1507
566: 4247
567: 1543,2179,3269,439
568: 863,614,3493,4458
569: 3559,3366,2362
570: 2161,4208,2270
571: 
572: 468,3725,1101
573: 2657,4447,1395
574: 
575: 1108,4096,4529
576: 2872,3328,4492,1475
577: 3671
578: 
579: 1049,2448,2963,963,532
580: 3042,2478,124,2864,3800,3337
581: 4383,1871,2391,263
582: 4484,231,2910
583: 398,4375,2623,2784
584: 2178,1471,1354,2028
585: 4516
586: 1174,4548,1341
587: 2849,1585,4370
588: 2627,2140,1752,2229
589: 
590: 1647,2967,4399,4805
591: 631
592: 458,2505
593: 1598,380,1091
594: 3420,3670,3702
595: 197,2000,2254,3876
596: 
4587: 1679,775,3534,1840,4159
598: 2750,3737,2044,3659
599: 1226,1329,1162
600: 4650,3678,4020
601: 680,310,4352
602: 2094,680,2761,1068
603: 4340,3629,1014,3819
604: 4387,4190
605: 565,3001,3047,3204
4357: 2926,4360,3583,2056
607: 1551,3774,3980
608: 
609: 4286,3216,1238
610: 1943,664,1080,1240
4570: 2701,3602
612: 2022
613: 3140
614: 863,568,3493,2789
615: 332,1705,857
616: 808,2690,3063
617: 3473,2983,1817,3945
618: 1202,1080,3475,2098
619: 3539,555,2257
620: 2099,3743,216
621: 1229,4604
622: 878,217,1086,816
623: 277,1490,4361,4368,1885
624: 4065,4331,1336,2800
625: 1613,4289,1197
626: 
627: 3354
628: 507,2117,340,247
4526: 4071,3335,334,1685
630: 2176
631: 591
632: 943,1919,4036,3108,3333
633: 523,1533,2892
634: 4729
635: 2077,0,2404,4754
636: 3442
637: 
638: 337,4215,3537,4767
4602: 112,3552,1825
640: 66,2857,3758
641: 2953,3397,56
642: 837,1282
643: 4712,1465,167,1326
644: 3914
645: 4022,2299
646: 2742,2329,2654,3592
4626: 1993,1752,725,2140,747
648: 4577,4476,4210,1114
649: 4111,2973,4497,3431,4762
4473: 2710
651: 2084
652: 3496,1277,4557,1059,2277
653: 4372,314,3811,3343,3230,455
654: 366,4180,4412,3416
655: 2391,3331,2657
656: 3502
4702: 4541,2158,4097
658: 325,2355,4564,2677,2156
4439: 2742
4598: 4559,4718,3595,4073
661: 1566,293,4585
662: 3309,2745,3007
663: 1051,1295,66,214,2266,785,3758
664: 610,2098,1240,3374
665: 420,4279
666: 321,3115
667: 
668: 2441,1498,1975
669: 3039
670: 3395,1583,3723,677
671: 3899,3336,3011,3531,1028
672: 
673: 4698,1266,3133,3650
4761: 4261
675: 4096,4529,132,346
676: 1538,3130
677: 198,1479,1373,1583,670
678: 4426,3768,3756,2738,214,785
679: 3476,2985,1715,3209
680: 601,2761,602
681: 3609,3272
682: 1094
683: 3222,3819,2950
684: 2270,2161,107
685: 3085,3161,942,3854,3353
686: 2166
687: 4201,3135,1351,2424,3787
688: 3011,3531,2967,3447,4805
689: 2421
4393: 
691: 3125,2939
692: 2885,3842,4185
693: 3421,1797
694: 3426,1798,1367
695: 3596,2748
4250: 
697: 175,4742,1062,3475
698: 2800
699: 2245,2759,4253,3655
4505: 4008,4475,2633,3485,4278
701: 1968,4655,2736,2310
702: 1973,1722,213,3198,3750
703: 3620,769,3490
704: 2287,4394
705: 3955,3987,4166,4740,4291
706: 
707: 4090,3957,873,1320,1986
708: 2157,1867,4465,4679
4401: 343,2138
710: 1741,4318,2001,2343
711: 4125,1750,3268,3142
712: 3702,3186,3659
4552: 3765,3995,3520
714: 4249,1409,3376
715: 4325,2621
716: 2236,525
717: 1188,777,2984,1065
718: 
719: 1817,4082,3945,2331
720: 756,1721,911,1190,1424,1803
721: 238,105
722: 1949,1040,3546
723: 1534
724: 
725: 4626,1752,729,747
726: 2213,1922,3714
727: 3476,1184,4540
4289: 45,15,625,1613,1197
729: 2818,725,1413,3873
730: 1134,433
731: 
732: 1245,3849,3536,506
733: 1747,4165,1029,3138,962
734: 3916,391,384
735: 203,3345,3208
736: 1907,495,3279
737: 4155,3943,3563,2467
4341: 4515,2447
739: 4499,1637,210,4382
740: 2184,4700,2360
741: 
742: 2239,2625,529
743: 3482,1404,3671
744: 3745,4344
745: 
746: 2500,2137,1476,1141
747: 3465,4544,2229,4626,1752,725
748: 2300
749: 1671,4395
750: 3463,2233,3550
751: 3770,3449,3965
752: 1501,1272,1780,4591,4538,2599
753: 3393,379
4596: 4229,3793
755: 3982,2688,3359,1739
756: 720,4123,325,1803
4500: 337
758: 2914,1371
759: 2337,1601,3548
760: 
761: 1664,3172,1039
762: 4635,1820,1078,2259
763: 2474,2134,2122
764: 1903
765: 142,1718,1766
766: 421,189,1020,3083
767: 2864,3071,3042,3640
768: 
769: 3620,703,3984
770: 4822,2574,3196,1458
771: 2192
772: 1399,3034,3137,4797,440
4460: 3552,2564
774: 170,3530,1161,3294
775: 3534,3314,4488,4587
776: 3925,3318,2226
777: 3334,717,1065
778: 3098,245,1963,923
779: 
780: 4776,201,4650
781: 4508,2369
782: 4673,2827,1427
783: 4284,4337,4046
784: 2854,2949,2971
785: 1106,2266,214,663,4426,678
786: 
787: 4527,230,4015,1281,1547
788: 3322,3243,4310,4775,2342
789: 2760,1170,3200
790: 1902
791: 402,127,4605
792: 4422,1026,6
793: 3687,3838,3911,1792,1961
4731: 434
795: 2099,3743,398,2130,3188,4494
796: 2957,3481
797: 2606
4743: 3040
799: 3742
4688: 3091,2936
801: 4044,2032
802: 4259,3056
803: 3596,2414,4106,2149
804: 3039,1913,2505
4244: 2395,3020,1917
806: 1645
807: 
808: 1655,2690,616,1203
809: 3982,1785,2159
810: 2936,3321
811: 2451,4214
812: 389
4477: 445,1006,237
814: 2587
815: 2637
816: 2485,3492,878,217,622,4633,2613
817: 942,3854,2493
818: 904
819: 1075
820: 4512,468
4386: 2399,2717,4558,4085
822: 470
823: 3252,3930,913
824: 30
825: 3931
4260: 3660,1959
827: 1979,1508
828: 3862,2398
829: 2893,1003,2149,1456
830: 2317,2896
831: 4195,1991,906,1992
832: 3734,4222,4371
833: 2088,4722
834: 4727,3232,2153,2086
835: 367,3183,1447
836: 1229,1178,4030,1680
837: 1282,642
838: 1638,50,3610,972,1882
839: 2868,3350,2609,1965
4353: 
841: 
842: 
843: 1998,4586,1141
844: 2841,63,1009,2750,3737,1861
4406: 2787,4390,1241,221,3769
846: 12,1526,4627
847: 
848: 4778,4461
849: 3015,218,4669,4799
4248: 559
851: 3843,1142,3151,3435
852: 1686,3965
4805: 3088,2967,590,688
854: 1454,3725,4622
855: 3159,2948
4655: 701,1968,2736,1008,2839
857: 3079,332,615,1034
858: 3106,331,4295
4557: 1016,1919,3496,652
860: 4588,3468,3419
861: 
862: 368,4585,3591,2792
863: 932,568,614,1074,2789
864: 2411,174
865: 3709,2126,4616,2212,3795
866: 4614,2692,1565
867: 126
868: 933,2208,4332,4183,1677
869: 1626
4391: 357,3691,1381
871: 3827,3287,989,2549,1198
872: 2067,4441,2592
873: 707,4090,1986,4790
874: 1104,2249,3195,931
875: 987,948,4723
876: 4617,2256,3147
877: 178,2108,3456,2749
878: 217,622,816,2613,2019
879: 137
880: 2274
881: 
882: 1287,1858
883: 4149,4305
884: 4187,3572,1516,914,2318
885: 
886: 3627,1422,4479,2996
887: 3273,1767,3788,314
888: 3966,2191,1181,235
889: 1520,4047,1928,1806
890: 1499,4461
891: 4198,4140,1534,3976,2477
892: 1385,3653,1781
4610: 
894: 3377,2198,3665,3037,4388
895: 3504
896: 1712,433,344,528,3042
897: 2172
898: 3254,3618,3446,3969
899: 4320,1367,4510
4708: 1032,968,1969,2566,4274,1441
901: 1122,1464,3425
4573: 4135,4665,4623,2758,1604
903: 2519,4654,2511,3763
904: 53,3510,818,2726
905: 52,1633,1985,2164
906: 3615,4042,4195,831
907: 1930,4503,3043
908: 16,2582,1436,4549
909: 4568,3367,3872
910: 4681,1801,1096
911: 345,720,1424
912: 1099,4009
913: 3888,3930,2164,823
914: 2318,1087,884,1516,3708
4607: 3210
916: 3886,3690,3603,2313,309
917: 4679
918: 992,4764,1253
919: 4615,2853,2830,419
4273: 3542,3074,3661
921: 3674,173,1562,3488
922: 2409,1068,4278,4674,447
923: 2954,778,1963
924: 3217,3894,2752,2683
925: 440,1399,3318
926: 
927: 4402,3897,3338,1112,4803
928: 410,4653,2083
929: 1916,2020,1510,4443,3323
930: 2485,3492,4079,1641,4633
931: 3195,874
932: 863,1074,4468
933: 868,2208,4332,2126,4616,4183
4674: 2094,922,1327
935: 1200,3071
936: 3650,3133,4306,3163,188
937: 3975,1968,3780,4023,1375,2310
938: 4275,1929,3245
939: 1788,3325,2208,4332
940: 10,1506
4333: 1694,2959,3571,1494
942: 64,817,3854,4792,3085,685
943: 632,1919,131
944: 128
945: 
946: 2150,4421
947: 181,3876
948: 987,3923,875
949: 2742,2329,1881,3903,2744,41
950: 2579,4241,952
951: 19
952: 4199,3794,950,1711
953: 3272,3476,2866
954: 4408,8,2296
955: 3396
956: 1474,3144,3556
957: 6,2807,2290
4277: 3128,2767,2662
959: 4546
960: 1182,1808
4377: 3195,3830,2535,1569,1191
962: 2672,2426,733,4165,3786
963: 4527,2648,579,1049
964: 4124,3608,4517
965: 3513,4038
966: 3762
967: 
968: 1032,4708,2442,4101,65,4274
969: 3210,4774,3101
970: 320,2917
971: 1184,4524,2495,2351
972: 838,3610,2533
973: 1056,4817
974: 4306,492,2723
4554: 2687,2199,1558
976: 1185,285,3401,4286
977: 1061,3689,1254
978: 4043,342,1981,3812
979: 4197
980: 3303,2634,4093
981: 2645
982: 
983: 86,2045
984: 2601
985: 4092,1512,3517,302,2775
986: 1657,4765
987: 948,875,4723,366
988: 323,367,4654
989: 871,2549
990: 3605
991: 3761,410,1317,1472
992: 509,918,4189,2592
993: 1378,553,3185,1713,4058
994: 1415,1426
995: 3246
996: 2445
997: 1988,2222
998: 4808
999: 2328,4321,3120
1000: 4136,1630,3824
1001: 1871,4542,1257,2528,3968
1002: 2462,376,3342,3744
1003: 2414,1910,2149,829,1456
1004: 2220,4167
1005: 4811,1299,1162
1006: 445,4477,2979
1007: 2092,2397,2710
1008: 2918,1968,4655
1009: 3630,3659,2750,4794,63,844
1010: 2241,2848,2339
1011: 3338,2157,4163,77
1012: 2206,1018,210
1013: 4075,4287
1014: 603,3819
1015: 3096
1016: 4416,4557,2293,2277
1017: 1286,1574
1018: 3005,2206,1012
1019: 2393,2803,1249,1437
1020: 3875,2277,1860,1059,766
1021: 
1022: 2540,2597,4640,1479,4048,4531
4689: 
4742: 3225,1437,175,697
4650: 600,4020,780
1026: 792,3518,3689,6
1027: 2315
1028: 3011,1985,671
1029: 3325,365,3138,2672,733
1030: 2530,2544,4779,1813
1031: 2419,21,4384,4785
1032: 4708,968,2442,4451
1033: 2531,4107,2372
1034: 3079,857,4459
1035: 3740,1962,4138
1036: 3029
4403: 
1038: 1975,272,4821,1883
1039: 3172,1664,761,1366
1040: 722,1704
1041: 2232,2994
1042: 3896,1118,4050,1522
4542: 1001,1871
1044: 353
1045: 2887,1318
1046: 2329,540,2582
4763: 4597,1440
4319: 4758,4064
1049: 579,963,2648,1246,532
1050: 4646,3257,4356
1051: 1295,3855,66,663,127,1448
1052: 4077,2502,3912,3933,4374
4293: 212,1152,1950
1054: 1538,4511,2059
1055: 240
1056: 1673,3597,2921,4817,973
1057: 2541
1058: 1084,2969
1059: 189,4492,652,2277,1020
4666: 2975,2255
1061: 4770,977,1726,1254
1062: 1520,4047,2393,697,3475
1063: 1503,1095,3583,2051
1064: 206,486
1065: 59,777,3334,717
4785: 1031,3607,1684
1067: 3149,2758,4733,1604,1284,2480
1068: 2409,922,3392,2761,602
4483: 
1070: 2626
1071: 3437
1072: 18,4219,3775,4079,2189,3722
1073: 2545,2642,4639,2175
1074: 932,863
1075: 3441,819
1076: 548
4673: 782
1078: 1820,762,4340,1167,2259
1079: 4211,2987,119
1080: 618,3475,1493,610,1943
1081: 4699,1902
1082: 474,3670,1567,3420,4651
4349: 
1084: 1058,2704,1844,3807
1085: 
1086: 4726,217,622
1087: 914,2318,2753,1850,4044
1088: 2765
4806: 1325,4405,3924,3485
1090: 1305,4402,3962
1091: 2500,593
1092: 3846,4271,1809
1093: 1166,2487
1094: 682
1095: 1503,1063,3142,1750,4360,3583
1096: 1801,3072,910,4681
1097: 1932,2956,2193,1945
4588: 860,3109,2111,4663
1099: 4009,349,912
1100: 1500,1764,1318
1101: 572
1102: 
1103: 1780,4591,1113,2280,1275
1104: 874,3964,4162
4326: 2632,2331,2983
1106: 2266,785,4426,1134
1107: 
1108: 575,1939
1109: 2795,3437
1110: 1942,2843
1111: 2993,4816
1112: 3338,1867,4679,4402,927
1113: 215,2280,1103,2817
1114: 4210,4577,648,4496
1115: 1839,4324,4537
1116: 3771,100,4218
1117: 3295,1391
1118: 1042,3896,3908,4462,4773
4629: 3497,3150,4316,3377,4595
1120: 3359,101,193
1121: 1917,3470
1122: 901
1123: 2603,3259
1124: 2909
1125: 3469
1126: 82,331
1127: 3365,2118,3654,1469,4124
1128: 4099
1129: 557,4648,1964
1130: 
1131: 2324
1132: 542
1133: 396,1670,1362
1134: 730,4209,433,4426,1106,4221
1135: 3984
1136: 4002,3480,1227,294,4112
1137: 4237,1447,2519
1138: 3550,4151,2032,2233,2108
1139: 4621,2370
1140: 
1141: 843,1998,4586,746,1476
1142: 851,3843,2739
1143: 2988
1144: 3522,4765,2686
1145: 3035,2885,2552,4212,2562
1146: 3870,2076,4399
4609: 2439,3790
1148: 1621,2739
1149: 4533,2546,2583,2357
1150: 183,4284
4399: 2967,1146,590
1152: 2264,4293,1950
1153: 2865,2131,3524
1154: 2030,251
1155: 2522
1156: 206,266
1157: 117
4287: 4037,1013
1159: 2925,31,54
1160: 1348,1206
1161: 3640,3530,774
1162: 1299,1005,599
1163: 409,4788
1164: 1408
1165: 2072,2547,4536,365
1166: 3052,1093
1167: 1820,1078
1168: 4144,304,2102,100
4311: 4172,2856
1170: 1207,3200,2934,2760,789
4254: 3627,2833,1422,2112
4784: 2360,2930,2184
4318: 710,2001,2462,2343
1174: 586,1418,1341,9
1175: 322,3617,98,3472
1176: 1275,4538,446,2497,3685,456
1177: 2487
1178: 1229,836,3947,1486
4320: 899,4510
1180: 436,2968,2068
1181: 2052,3966,888,235,2303
1182: 960
1183: 2540,2597,4619,1201
1184: 2826,971,727
1185: 976,285
1186: 
1187: 2933
1188: 717,2984,2637
4790: 4508,873,4176,1986
1190: 2797,1424,1803,431,2574,720
1191: 4178,263,1569,4377,3195
1192: 3298,1651,2514,3572
1193: 47
4281: 3076,185
4592: 4611,2413,2580
1196: 2353,4714,1255
1197: 1702,4289,15,625
1198: 3315,871,2549,153
1199: 
1200: 935,1265
1201: 4703,2496,1183,4196
1202: 618,4047,2970,319,2098
1203: 1655,808
1204: 439,3403,2173,4533,2546
1205: 3453,3175,152
1206: 1160
1207: 1170,3200,1573,2028
1208: 
4390: 4406,297,1619,4238,2298,3769
1210: 
1211: 2131,3358,3524,3882
1212: 1,4095,1955
1213: 1700
1214: 3963,3994
1215: 1284,1419,1513,1604
1216: 111,1796,178,4235,3958
1217: 4510,2564
4635: 1820,762,2935
4679: 917,708,1867,1112,4402
1220: 356,2791
1221: 3242,327
1222: 4192,1628,1698
1223: 1880,3232
1224: 1434
1225: 3809,464,3240
1226: 599
1227: 2563,294,1241,1136,4112,3827,3287
1228: 3085,3161,1608,1588
1229: 836,1178,621
1230: 3211
1231: 1556,3135,4727
1232: 4270,428,2776
1233: 4720,3973
1234: 463,1315,4781
1235: 3123,1304
1236: 1466
4296: 2531,4107,1650,4810,3716
1238: 3216,609
4770: 1061,3919,4758
1240: 1414,3374,610,664
1241: 4303,1227,2563,4406,2787
1242: 4749
4463: 1955,4476,204
1244: 
1245: 2955,3849,732,3908,4773
1246: 532,3423,2648,1049,2003
4754: 379,4194,635,3234
4433: 356,2617
1249: 3028,2020,3856,1019
1250: 2491
4703: 2496,1201,3975,2898
1252: 3738,220,4504
1253: 4764,918
1254: 1903,2606,1726,1061,977
1255: 227,473,1196,1958,4245
1256: 2215,1432
1257: 1001,436,2528
1258: 2844
4737: 414,2972
1260: 2757,3604,1564,4543
4339: 2526,3536,3936,1965
4479: 3189,56,886,2996,2200
1263: 565,4129,466,1507
1264: 2162,3791
1265: 1200,551
1266: 673,4698
1267: 4216,1773,1891,2309
4240: 2894
4493: 4354,3901,2261,3517
1270: 272,2441,3784,4091,2602
1271: 1821,2421
1272: 1501,752,3014,1780,4591
1273: 
1274: 3973
1275: 4538,446,1176,1103,4591,1539
1276: 4006,4376,2716,556
1277: 3412,2629,652,4492
1278: 4462,4773,3432,4440
1279: 3919,1675,4748,3586
4604: 2415,621
1281: 1547,2003,787,4015
1282: 4448,837,642
1283: 3346
1284: 1419,1215,1067,1604
1285: 1947,1350
1286: 1017,1574
1287: 882,3810
1288: 3728,3408,1661,2866
1289: 3746,3372,4162,2401
4653: 2453,2083,928
1291: 1342
1292: 1623
4585: 661,368,862
1294: 3947,1486,1826,4342
1295: 1051,3855,214,663,2738,1642
1296: 2354,3613,130,2031,1903
1297: 1698,3651,1736,3957
1298: 3119
1299: 4811,1005,1162,1581
1300: 4321,113,4649
1301: 4324
1302: 3251,2707,2985,1862
1303: 500,2840
1304: 3172,1235
1305: 2842,3676,1090,3962
1306: 3824,4796,1374,4224
1307: 2415,62,2357
1308: 3260,4022,2470
4263: 3731,2732,2136,4686
1310: 205,1314,2677,3894,3055
1311: 3866,3386
1312: 2593,2641,2029
1313: 4415,4437,3641
1314: 1310,205,2677
1315: 4781,1815,1234
1316: 2129,2075,1738,4665
1317: 410,2345,991,1472,3000
1318: 1045,1100
1319: 
1320: 707,4090,3957,1628
1321: 1546,3815,3642,2991
4693: 2479,3218,4310
1323: 1740,1690
1324: 136,564,1859,258
1325: 4078,4405,4638,4806,3485,4076
1326: 167,4593,643
1327: 228,1430,2094,4674,4739
4492: 189,1059,1277,576
1329: 378,599,3097
4322: 3271,3079,2207,4459
1331: 
4253: 2723,3655,2759,699
1333: 4594
1334: 1954
1335: 4597
1336: 1731,624,4331
1337: 1682,3675,305
1338: 240
1339: 
1340: 4007,3831
1341: 3667,586,1174,4548
1342: 1291,2548
1343: 2969,1646,3065,2695
4758: 4319,3919,4770,2722
1345: 142,4269,3257
1346: 9,3667
1347: 4225
1348: 1160,432,2881
1349: 
1350: 382,4425,1285
1351: 4517,2424,2017,687,2038
1352: 3653,1791,3922
1353: 122,3023
1354: 298,1597,584,3065
1355: 3599
1356: 
1357: 
1358: 3165,1953
1359: 4480,2829,2373,3364,2396
1360: 
1361: 
1362: 1491,1133
1363: 3221
1364: 
1365: 1508
1366: 2590,1664,1039
1367: 899,3540,694
1368: 2197,2950
1369: 2752,1458,232
1370: 2263,3181
1371: 758
1372: 1616,2970,17,319,4234
1373: 1583,2075,4135,198,677
1374: 3091,1306
1375: 2898,517,4023,937,3975
1376: 4005,4159,2129
1377: 3451,3139,3806
1378: 553,3185,993,1713,2088
1379: 3226,1502,4684
1380: 1475,3480
1381: 1851,4391,357,3691
1382: 2228,460,2279,0
1383: 4664
1384: 2109,3307,4787
1385: 892,3814,496,1781
1386: 2938,2901
4530: 1949
1388: 2168,4207,3465,4544
1389: 2527
1390: 3562
1391: 3551,2463,1117
1392: 2812,1507,3404,2568
4531: 4048,503,1022
1394: 3230,1928,3956,455
1395: 4447,573,4428
1396: 4815,424,33,4028
1397: 1924
1398: 338,4414,2245,2018
1399: 772,3137,4797,925,440
1400: 
4459: 4772,1034,4322,3271
4300: 31,3344
1403: 
1404: 743,3671
1405: 2052,2958,3966,2128
1406: 451,1840,1879,4668
1407: 74
1408: 1164,1427
1409: 4249,714
1410: 3915,4064
1411: 
1412: 1990,461,3169
1413: 3844,3636,2818,2401,729,3873
1414: 1240,3374,3412
1415: 3397,994,1529
1416: 1717,3960
1417: 
1418: 3979,1174,9,317
1419: 1284,1215,3149,1622
1420: 555,4132
1421: 3904,74
1422: 4254,886
1423: 2537,3951,1816
1424: 2797,1190,431,720,345,911
1425: 193,3712,1492
1426: 2288,994
1427: 1408,782,2827
4769: 3554,3851,3072,2577,2155
4696: 3798,2700
1430: 296,1327,228,2094,4739
1431: 4121,2678,2204,4698
1432: 1256,1733,2375
1433: 210
1434: 1224
1435: 3320,509,1912
1436: 3592,358,908
1437: 3225,4109,2803,4742,1019
1438: 2994,4555
1439: 3861,2034
1440: 2433,4763,3740
1441: 1457,4708,1969,2566
1442: 2524
4345: 2565
1444: 
1445: 3733,404,2860,2604,3050
1446: 
1447: 2975,3183,835,1137
1448: 127,157,1051,66
1449: 3559,2615,155,290,52
1450: 3546,4680,3259,340
1451: 485,2289
1452: 
1453: 3586
1454: 854,1617,4063,3817,4622
4471: 
1456: 1003,1910,829,1655
1457: 1441,1926,2566,3883
1458: 2936,770,1369,232
1459: 2072,3156,2547,244,2127
1460: 
1461: 2861,1463,4458
4818: 1634,2661,3952
1463: 2321,3458,1461,2861
1464: 901,2284,125
1465: 4712,643,4499,2865
1466: 1236
1467: 4108,2612,3848
1468: 2576,4575
1469: 3654,1127,4124
1470: 2202
1471: 584,2178,2028,2101
1472: 3761,991,2976,1317
1473: 3653,1791,1586,284
1474: 3144,3556,956
1475: 1380,282,2872,576
1476: 2500,746,1998,1141
1477: 4011
1478: 2527,3140
1479: 4640,198,677,1022
1480: 2606,2030,4039,1726
4510: 4320,899,1217
1482: 3802,2294
1483: 
1484: 4033
1485: 155,290,2205,3870,3447
1486: 1294,3947,1178,4342
4685: 4388,3002
1488: 3979,4589,390,3709
1489: 
1490: 277,3428,623,1885,2319,2644
1491: 1362,407
1492: 4149,1425,3712
1493: 1080,1943
1494: 4101,387,4333,292,3571
1495: 1895,487
4291: 4740,705,3292,498
1497: 1754
1498: 668,1975,3815,1827
1499: 890,4461
1500: 1100,3711
1501: 752,1272,3014,3171,4312
1502: 1379
1503: 1095,1063,3142,4213
1504: 
1505: 
1506: 463,940
1507: 1392,2812,565,1263,3001
1508: 1365,4138,827
1509: 4448
1510: 2334,4443,929
1511: 3761,3063
1512: 985,4092,4813,302,3403,164
1513: 3110,144,3202,1215
1514: 86,4514
1515: 474,3670,3527,1748
1516: 3869,884,914
1517: 2204,3363,530,48
1518: 3253,2205,2021,2230
4704: 4627,12,4199
1520: 1062,4047,889,2393
1521: 
1522: 3468,4050,1685,4071,1042
1523: 2367
1524: 2748,4444,4175
4782: 3705
1526: 12,2772,846,1802,3190
1527: 
1528: 2339,41,2329,1881,540
1529: 4052,249,1415
1530: 3073,3046,2512,4658
1531: 4545
1532: 3768,2826
1533: 125,543,633,1782,2892
1534: 723,3231,1575,3976,2477,891
4712: 1465,643,2865
1536: 3205,1689,347
1537: 4717
1538: 676,1054,3130
1539: 3612,415,2817,1275,446
1540: 2676,4461
1541: 2619,1909,2187
1542: 3424
1543: 567,2179,4294
1544: 3346,3643
1545: 2130,2520,4636,4657
1546: 1975,3815,4644,1883,1321,3642
1547: 1281,2003,787,4527,2648
1548: 490,2226
1549: 1690,3275
1550: 2562,278,1980,2024,4218
1551: 607,4481,3103
1552: 
1553: 
1554: 
1555: 17,1606,4234
1556: 1231,2989,333
1557: 
1558: 3626,4643,4554,2687
1559: 1594,23,2460
1560: 4236
4354: 4493,3053,3517
1562: 173,2168,2420,921
4624: 4716,3632
1564: 4644,4821,3103,1260
1565: 2692,4614,1652,866
1566: 661,293,4819,1699
1567: 4723,2012,1082,4651
1568: 1707
1569: 4383,3830,4377,1191,263
1570: 4015,3543,3676,3308
4690: 
4448: 1282,1509,4075
1573: 298,2934,2295,1207,2028
1574: 1286,1017
1575: 3231,1534,3095,4010,2477
1576: 557,1964
1577: 85,3109,550,4174
1578: 3449
1579: 
1580: 2653,2340
1581: 2809,3558,4811,1299
1582: 1624
1583: 1373,3723,2225,2075,670,677
1584: 54
1585: 587,2849,4642,557
1586: 1781,1473,2680
1587: 1724
1588: 1608,3108,1228,4815
1589: 2896,2389,2317,293
1590: 
1591: 2518,1674,1853
1592: 4094,444,3045
1593: 2771,3125
1594: 1559,2460
1595: 1945,2090,2395,219
4724: 4792
1597: 1762,2788,298,1354
1598: 593,303,1783,380
4643: 1558,3626,1990,3044
1600: 2374,2508,4371,2839,1732
1601: 759,2502,3912,1693
1602: 2210,2784
1603: 1776
1604: 2758,1067,4573,1284,1215
1605: 3423,209
1606: 4036,1555,1608
1607: 3792,3601
1608: 1588,3108,1228,1606,4036
1609: 1650,4810
1610: 3332,4701,72
1611: 3913,348
1612: 2349
1613: 625,4289
4815: 1396,1588
1615: 
1616: 1372,1806,3956,17,4234
1617: 1454,543,4776,4063
1618: 3679,60,3634,145
1619: 4238,2298,3722,4390,3775,2280
1620: 58,2005,3251
1621: 1148,4122,1953
1622: 2078,1419,26
1623: 1292,3861
1624: 3446,3969,3618,1582
1625: 4507
1626: 869
1627: 4276,296
1628: 1222,1320
4793: 2777,191,27
1630: 1000,4136,2067,2379
1631: 
4274: 2566,3339,65,4708,968
1633: 52,905,2224,2164
1634: 4818,3738,220
1635: 
1636: 3955,3823,3553,4740
1637: 4499,739,5
1638: 838,50,3610,1882,2608,2368
1639: 4304
1640: 3270
1641: 4079,373,3492,930
1642: 2738,1295,3855
4412: 4180,2484,3996,654,366
1644: 
1645: 806
1646: 1343,3065,1762,4574,2715,2695
1647: 590,2101
4276: 3411,1627,3605
1649: 3832,4142,422,3178,475
1650: 1609,4296,4810
1651: 2778,1192,3572
1652: 4614,42,1565
1653: 1683,2571,3296,3747
1654: 2927,2939,4113
1655: 808,2690,1456,1203
4817: 1056,2921,973,3625
1657: 2209,4765,986
4582: 2763,257,3628,2378
1659: 3573,252
4794: 400,3630,1009,63
1661: 2241,2848,227,1288,3408
1662: 3779,20,4803,3988
1663: 465
1664: 3909,761,1366,1039
1665: 
1666: 2388
1667: 4820,3129
1668: 168,2501,4496,3404,2568
1669: 3864,3879,4597
1670: 1133,4707,4365
1671: 1701,749
1672: 2463,4186
1673: 1056,3597,2921
1674: 1591,2518
1675: 3919,1279,4748,4039
1676: 2196,2211,2190
1677: 4725,868,2208,3102
1678: 4810,2743
1679: 4587,4159
1680: 4030,4780,836
1681: 2833,3501,3046
1682: 3675,1337,2764,4444
1683: 4305,2571,1653
1684: 3607,4785,2659,4188
1685: 4050,334,4526,4071,1522
1686: 852
1687: 4085,1893,2443,3523
4290: 
1689: 1536
1690: 1549,1323
1691: 
4404: 3732,2777
1693: 2105,2683,2502,3912,1601
1694: 4333,3571
1695: 2654,2369,2949,2854
1696: 4327,1779
1697: 2919,2325
1698: 1297,3651,2432,1222
1699: 2039,3431,4819,1566
1700: 1213
1701: 1671
1702: 1197
1703: 3555
1704: 2493,1040,3854
1705: 223,615,2828
1706: 110,4128,4222
1707: 1568
1708: 
1709: 3172,3368,3735
1710: 
1711: 4086,952,3985
1712: 2459,3173,896
1713: 2642,1378,553,993,4058
4472: 
1715: 3209,679,2707
1716: 
1717: 248,1416,3960
1718: 765,4269
4316: 3377,3497,4629
1720: 4536,3795,2126,1788
1721: 2416,1774,564,720
1722: 504,1973,702,3750,375,3391
4640: 198,1479,4048,1022
1724: 2822,1838,1587
1725: 3293
1726: 4039,2606,1480,1254,1061
1727: 3865
1728: 1947,4755
1729: 4325
1730: 342,4512,2676
1731: 3986,1336,4331,3589
1732: 2918,2839,3674,4371,1600
1733: 2533,1432,2375
1734: 560,23,1765
1735: 2960
1736: 2895,2954,1297,3651
1737: 
1738: 1316,2129,3202,3110,4665
1739: 755,4678,4055
1740: 1323
1741: 710,2001
1742: 4455,2697,3974,1844
1743: 3875,2277,1860,2293,229,3878
1744: 2134
1745: 4262,3269,2546,62
1746: 
1747: 733,4165,4343,4228,3138
1748: 3527,427,1515
1749: 
1750: 3268,3438,4360,711,1095,3142
4757: 2624
1752: 4626,725,2140,588,747,2229
1753: 2845
1754: 1497
1755: 
1756: 3749
1757: 332,2828,38
1758: 2429
4424: 2257,2292
4243: 65,4337
1761: 
1762: 1597,4574,1646,3065
1763: 3662,359,3060
1764: 1100
1765: 2460,1734,318
1766: 142,765,3128
1767: 3190,3273,887
1768: 
1769: 529,4245,473,2339,41
1770: 156,4584,3331,2364
1771: 2039,4111,4497,2542
1772: 
1773: 2596,1267,4216
1774: 1721,564
1775: 2239,3199,2353,1958
1776: 1603,83,1831
1777: 4661
1778: 4394,4405,3575
1779: 1696
1780: 1103,4591,18,752,1272
1781: 1586,892,1385,496
1782: 4776,201,125,1533
1783: 2635,380,2702,2589,303,1598
1784: 4795
1785: 3298,1982,809
1786: 4744,4807
1787: 199,4480,4429
1788: 3325,939,1720,4536,4332
1789: 4766,2915,2047,1873,4450,3647
1790: 
1791: 3653,1473,1352,2705,284
1792: 1961,793,4621,3911,4087
1793: 545,3859
4660: 2431,494,2311
1795: 2764,4634,2501,3784
1796: 178,4561,3958,1216
1797: 693,2845
1798: 4062,694,3913
1799: 540,2770
1800: 4267
1801: 1096,2775,3072,910
1802: 2901,3470,2579,2772,1526
1803: 1190,2574,720,756,2242
1804: 4114,2087
1805: 3220,3920
1806: 1616,2970,1928,3956,889
1807: 4080,3857
1808: 960
1809: 4415,1092,3544
1810: 268,4092,4813,4719
4515: 3927,4341
1812: 
1813: 3261,4256,2530,1030,4779
1814: 3494,4654,1976,3763
1815: 1315,3867
1816: 3251,1423
1817: 4082,719,3945,617,3770
4764: 4189,1253,918
4364: 4498
1820: 4635,762,1078,1167
1821: 1271,2421,206
1822: 1976,133,2147
1823: 
4315: 3041
1825: 3027,4602
1826: 1294,2309,4342,2768
1827: 497,4175,1498,3815
4792: 4724,942,3085
1829: 4810,2410,3410
1830: 2060
1831: 3120,1776,83
1832: 2815,1915
1833: 4436,2940
1834: 2333,1913
4504: 220,1252
1836: 22,2330,4705,3357
4651: 1905,3573,1082,1567,2044,3420
1838: 3860,1724,2822,2410
1839: 4324,1115,3561
1840: 2510,4587,1879,1406
1841: 1965,4593,2526
1842: 2029,4282,2593,3718,2714,2640
1843: 3386,374
1844: 3974,2704,1084,1742
1845: 1946,2002,4081,4532,512
1846: 
1847: 1987,2585,3145
4762: 368,3431,2973,649,2737
1849: 2687,494,4571
1850: 4678,408,4044,2753,1087
1851: 1381,357,2051,3644,3877
1852: 3207,3356
1853: 2264,1591
1854: 4576,21,4384,3191,4369
1855: 3887,107
1856: 
1857: 4519
1858: 4568,882
1859: 4697,188,258,1324
1860: 3875,1743,1020,229,4308
1861: 132,2097,3737,2841,844
1862: 4540,1302,4363
1863: 4482,3522,2049,450
4807: 4744,1786,490,3741,2782
4736: 287,266,4215,4799
1866: 3490,2065,4563
1867: 2157,708,4679,3338,1112
1868: 4365,2987,482
1869: 3955,2900,3823
1870: 4242,3454
1871: 1001,4542,3968,581
4359: 3532,3278,4611,2413
1873: 4440,2047,1789,4095,3647
1874: 2823,2732
1875: 2114,4528,4348
1876: 3076,4396
1877: 2875,3541
4732: 541,4043,2465,1981
1879: 4668,2510,1840,1406
1880: 1223,3232,3917
1881: 949,2329,41,1528
1882: 2111,4663,2608,1638,838
1883: 4644,4821,1975,1038,1546
1884: 4015,289
1885: 4368,2319,277,1490,623,4361
4417: 2447,3385
1887: 2057,3249
1888: 4534,2191
1889: 
1890: 
1891: 2309,1267
1892: 2634
1893: 2443,1687,4617,4085,4297
1894: 4687,3963
1895: 1495,487
1896: 3820,1924,341
4676: 2699,3805
1898: 3699,186,2356,4556
1899: 
1900: 
1901: 
1902: 790,1081
1903: 764,1254,1296,2606,130
1904: 
1905: 3573,4651,280
4775: 4355,788,3243,4310
1907: 736
1908: 
1909: 4783,2187,1541,2619
1910: 1003,2414,3916,1456
1911: 
1912: 471,1435
1913: 1834,804
1914: 98,3710,2911
1915: 2893,1832
1916: 929,2020,3323,3028
1917: 1121,4244
4546: 959
1919: 632,943,3333,3496,4557
4701: 3332,1610,268,4251,72
1921: 353
1922: 4312,2213,726,4350,3201,2275,3714
4574: 1762,1646
1924: 341,1397,1896
4503: 1930,907,3909,80
1926: 1457
1927: 3016,3328
1928: 1394,3956,889,1806
1929: 4275,938,3867
1930: 907,4503,3764,3043
4494: 398,795
1932: 2956,4190,1097,1945
1933: 2145,3825
1934: 3177
4681: 910,1096,3072,3851
4423: 
1937: 4608,3793,2903
1938: 3213,413,4257,3548
1939: 1108
1940: 4801,2346,3923,3394
1941: 2889,2110,2828
1942: 1110
1943: 610,1080,1493
4408: 954,3424
1945: 2090,1932,1097,1595
1946: 1845,2002,4081,2809,3558
1947: 1285,382,1728
1948: 326,3323
1949: 722,3985,4530
1950: 4293,3581,2264,1152
1951: 3399,4474
4536: 1720,1165,1788,365
1953: 3165,1358,1621
1954: 1334,2331
1955: 4463,2368,1212
4698: 673,1266,2759,1431,2678
4247: 566
1958: 529,4245,1775,2353,1255
1959: 120,4260
1960: 
1961: 3254,1792,350,793,3911
1962: 2662,4356,1035,4138
1963: 3663,2457,778,2954,923
1964: 1576,1129,4648
1965: 1841,2609,839,4339
1966: 3666
1967: 378,4445
1968: 701,4655,1008,937
1969: 4451,4708,1441
1970: 2181,2540,4619,2359
1971: 3796
4648: 1129,1964
1973: 504,1722,702,3178,4272,3391
4809: 3366,3617,3525
1975: 1038,1546,3815,668,1498,1883
1976: 1822,1814,3494,4108
1977: 3469
4434: 339,3526
1979: 4646,3249,827
1980: 2102,1550,2562
1981: 3812,3874,4732,978,2858,2465
1982: 2357,1785
1983: 87
4259: 2781,802,2650,3986
1985: 52,905,1028,3888
1986: 4176,2869,707,3957,873,4790
1987: 1847
1988: 997
1989: 
1990: 2199,461,4643,1412
1991: 4195,831,4547,4119
1992: 831,2217
1993: 4626,3372,2818
1994: 463
1995: 2147,293
1996: 
1997: 3145,4474
1998: 843,1141,2145,1476
1999: 4172,498,3292,223,3418
2000: 595,181
2001: 3182,1741,710,4318
2002: 1845,1946,512,2171
2003: 1281,1547,1246,4783,2619
4462: 1278,4773,3432,1118,3419
2005: 1620,58,2537,2635,2702
2006: 2196,299,3694,3595
2007: 2824,3498,4427,3695
2008: 4485,3275
4632: 2385,3741
4445: 3790,378,1967
4388: 4685,3002,3665,2198,894
2012: 4723,1567,366
2013: 33,3176,3379
2014: 3367,4387
2015: 4605,4455,2697
2016: 
2017: 2572,3505,4590,2043,4517,1351
2018: 4121,1398,4414,2245
2019: 4350,2275,878,4625
2020: 1916,929,4230,3028,1249
2021: 1518,2205,2615,290
2022: 4739,612,2284
2023: 3062
2024: 3619,4218,4705,1550,278
2025: 2386
2026: 
4489: 
2028: 1207,1573,584,1471
2029: 1842,4282,2641,1312,2593
2030: 1154,2606,1480
2031: 3613,1296
2032: 2233,801,1138
2033: 3466,27
2034: 1439
4547: 4195,1991,284
4638: 1325,4078,3485,4278,4076,447
4518: 2052,4637,2995
2038: 3787,1351,2424
2039: 1699,3431,3057,1771,4497
2040: 
2041: 3848,4722,553
2042: 2381
2043: 3478,2017,4590,3608,4517
2044: 3420,3573,4651,598
2045: 2601,983
2046: 
2047: 4766,1789,4440,1873
4440: 1873,1278,2047
2049: 450,4482,1863,80
2050: 
2051: 3649,3644,1063,1851
2052: 4518,1181,1405,3966
4621: 1139,3911,1792,4662,3596
2054: 2790,67
2055: 2253,186
2056: 3691,2078,4357,2926
2057: 1887,3699
2058: 4449,4054,4098,4819
2059: 1054
2060: 1830,3317
4729: 634
2062: 292,3284
2063: 464
2064: 
2065: 4093,1866
2066: 4210,3404,2812
2067: 872,4441,2379,1630
2068: 4258,436,1180,4625
2069: 49,247,424,2311,4028
2070: 4102,4308,2734,297,4238
4777: 2163,4798
2072: 3156,1459,2547,1165,2990
2073: 4034
2074: 4599
2075: 1316,1373,1583,4135,4665
2076: 3200,1146
2077: 512,2171,635,2404
2078: 1622,2926,4451,2056
4257: 413,2461,1938,3213
2080: 3975,2359
4351: 
2082: 
2083: 2806,4653,928,3491
2084: 651
4252: 3513,4165,4343
2086: 2153,3409,3232,834
2087: 1804,4114
2088: 833,1378,3185,4334
4405: 1325,4078,4806,1778,2464
2090: 1945,1595,219
4583: 2561,4618,3621,2633
2092: 1007
2093: 3304
2094: 4674,602,4739,1327,1430
2095: 3940,4529
2096: 
2097: 132,3841,346,1861,2841
2098: 319,1202,618,664
2099: 3743,620,795,4636,3158,3188
2100: 3715,2885
2101: 2178,1471,1647,4057
2102: 1980,3715,1168,304
2103: 2123,2190
4467: 2400,3022
2105: 2683,2502,1693,3933
2106: 2760,406
2107: 3900
2108: 877,1138,4151
2109: 1384,4469,2551,3858
2110: 4166,2719,1941,2889
2111: 1882,4663,4588,4746
2112: 3046,2833,4254,2512
2113: 4178,3842
2114: 1875,4528
2115: 4549
2116: 437,427
2117: 507,628,247
2118: 3365,4750,1127,3547
2119: 2969,3087,2695
2120: 552,171
2121: 175,2922,3747
2122: 2299,2134,97,763
2123: 2103,414
2124: 
2125: 2519,3929,4237
2126: 4616,865,1720,933,4332
2127: 244,3612,415,3156,1459
2128: 3966,4534,57,3081,1405
2129: 1316,1738,1376,4005
2130: 1545,3188,4657,795
2131: 1211,3524,1153
2132: 145,2663
2133: 4280,461,3878,3169
2134: 2122,763,1744
4627: 4704,12,846
2136: 2847,165,4263
2137: 2500,2878,746
2138: 4401,343
2139: 24
2140: 2560,4626,1752,588
2141: 
2142: 3774,396,2209
2143: 2960,383
4639: 3972,2545,1073,2175
2145: 161,1998,1933
2146: 2307
2147: 2389,1822,133,1995
4780: 4262,1680
2149: 1003,2414,803,3989,829
2150: 2406,946,4421
2151: 4282,2641,3302,3887
2152: 448,2914
2153: 3409,2086,834,3527,474
4466: 3865
2155: 2577,4719,3072,4769
2156: 2819,136,4123,325,658
2157: 708,1867,2640,1011
2158: 4702,4541
2159: 809,3982,4187,2514
2160: 2338,32,2250
2161: 4208,2896,2270,684,570
2162: 1264,2906
2163: 4777
2164: 2751,1633,905,913
4343: 1747,4165,2627,4252
2166: 686
2167: 2471,2301,4188,165
2168: 1388,2420,3233,1562
4801: 1940,2346,3923,3677,3339,3883,3394
2170: 2869,2895,2831
2171: 2077,512,2002
2172: 897
2173: 3403,164,1204,4533
2174: 2307,3369
2175: 4058,1073,3972,4639
2176: 630
4465: 708
2178: 584,1471,2101,4057
2179: 1543,567,4294
2180: 
2181: 1970
2182: 4714,2751
2183: 4267
2184: 740,2360,4784
2185: 3839,2474
4517: 1351,2043,2017,964,3608
2187: 1909,1541,3621,2561
2188: 4176
2189: 4079,459,2408,3722,1072
2190: 1676,2196,2103
2191: 888,1888,4586
2192: 771
2193: 4242,1097
2194: 
2195: 
2196: 2006,1676,2190,3595
2197: 1368,2950
2198: 3377,4595,894,513,4388,3002,4750
2199: 1990,461,4554
2200: 2996,56,4479,3448
2201: 3070
2202: 1470
4561: 3958,3525,2383,1796,3617
2204: 1517,3584,3363,1431
2205: 1518,2021,3870,290,1485
2206: 3877,1012,1018
2207: 2793,3079,4322
2208: 868,933,4332,1677,939,2456
2209: 1657,2142
2210: 1602,2370
2211: 3810,299,1676
2212: 390,3709,865
2213: 4312,1922,726,3714,2535,2249
4310: 788,3322,4775,4693,2479
2215: 2691,2804,1256
4705: 3619,2024,278,2330,1836
2217: 71,4103,453,1992,2754
2218: 4167,3664
2219: 3114,3871
2220: 426,1004,4380
2221: 
2222: 997
4671: 3997,4787,339
2224: 2362,1633
2225: 4038,2961,1583,3723
2226: 776,1548
2227: 4716,450
2228: 3393,1382,3321
2229: 3465,747,1752,588
2230: 3550,4151,3253,1518
4545: 1531,3215
2232: 1041
2233: 2032,3463,750,1138
2234: 374
4644: 1883,1564,1546,3642
2236: 2575,716
4600: 3419,3432,2608
2238: 
2239: 1775,3199,742
2240: 
2241: 1661,2848,1010,3408,3209
2242: 4822,2355,1803,2574
2243: 
4617: 876,4085,1893,4297
2245: 2759,699,1398,2018,4121
4572: 3398
2247: 3073,2963,3501,2448
2248: 444,326,3018
2249: 874,2213,2535,3195
2250: 2338,2160,32,2890
2251: 
2252: 
2253: 2055,186,3555
2254: 197,595,2783
2255: 2849,4666,4642
2256: 4464,460,876,3147
2257: 4424,619,2292
2258: 204,3790
2259: 762,1078
2260: 3629
2261: 4493,3833
2262: 3871
2263: 1370,4054
2264: 1152,1950,1853
2265: 2522,3229,4631
2266: 1106,785,66,663,3758
2267: 2467,4288
2268: 4747,4613
2269: 2841,63,132,3056
2270: 3792,684,2161,570
2271: 
2272: 456,3685,3746,3372
2273: 
2274: 880
2275: 2019,4350,3201,4625,1922
2276: 
2277: 3875,1743,1020,652,1016,1059
2278: 348,4233
2279: 4330,3196,2797,431,460,1382
2280: 1113,215,1619,3775,1103
2281: 520,2440,4800
2282: 3381
2283: 3578
2284: 523,2022,4739,1464
2285: 3027,4425
2286: 3089,3067
2287: 3164,3227,4580,704
2288: 1426
2289: 1451
2290: 4795,957,445
2291: 3802,3694
2292: 206,4424,2257
2293: 4416,1016,1743,3878
2294: 4652,1482
2295: 190,2934,1573
2296: 3187,8,954
2297: 
2298: 1619,4238,4390,3769,215
2299: 2470,2122,97,645
2300: 748
2301: 2167,4188,3836,165
4661: 1777,4053
2303: 2995,1181,235
2304: 112,2345,3828
2305: 2635,380,58,2553,3801
2306: 4223,3884,2959
2307: 2174,2146,2476
4381: 2456,3534,3102
2309: 1891,1267,1826,2768
2310: 937,701,3780,4023,479
2311: 4660,494,2069,2687
4740: 4291,3955,1636,705
2313: 3893,309,916,3690,3227,4580
2314: 259
2315: 1027
4474: 2585,1951,1997,3145
2317: 2389,830,2896,1589
2318: 914,1087,884,4187,2753
2319: 1885,1490,2956,2644
2320: 140
2321: 76,469,3458,1463
2322: 
2323: 4411,2745
2324: 1131
2325: 3628,1697,449
4307: 2902,4264,4113
2327: 3715,484,3844,3636,304
2328: 999
2329: 949,2742,1881,646,1528,1046
2330: 4369,3471,278,4705,1836
2331: 4326,1954,719,3945
2332: 4706
2333: 1834
2334: 4513,1510,4443,2543,2773
4369: 3191,2330,3471,4576,1854,3153
4707: 2439,4365,1670
2337: 759,3067,3548,84
2338: 2160,32,2250,3782
2339: 41,1528,1769,473,2848,1010
2340: 3464,3814,237,1580,2653
2341: 
2342: 71,788,3322,3243
2343: 710,4318,4275
4256: 3261,1813,2530
2345: 410,1317,3000,2304
2346: 1940,4801,3923,3883,3005
4358: 
4778: 848
2349: 1612
4395: 749
2351: 2495,411,971,2726
4553: 4539,449
2353: 1196,1775,1958
2354: 1296,251
2355: 325,658,4564,3217,4822,2242
2356: 4556,1898,186
2357: 1982,1149,1307
2358: 2897,3939,2412
2359: 2496,4619,1970,2080
2360: 4700,2534,4784,740,2184
4280: 2133,3176,4416,3878
2362: 3155,2224,3366,569
4594: 1333
2364: 4578,156,1770
2365: 
2366: 441
2367: 1523
2368: 2608,1,1638,50,1955
2369: 2949,4508,781,1695
2370: 2210,1139
4551: 4147,4659,4118,3807,2704
2372: 2531,1033
2373: 384,3364,2396,1359
2374: 1600,2508,2839
2375: 2873,1432,1733
2376: 3430
4268: 
2378: 3544,2763,4582
2379: 2067,2592,4136,1630,4189
2380: 
2381: 2042
2382: 435,4366,2701
2383: 3069,4561
4540: 1862,3476,2985,727
2385: 4632,4012,4565
2386: 2025
4437: 4415,4811,1313
2388: 1666
2389: 2317,2147,1589
2390: 3752,4362,335
2391: 655,3331,581
2392: 213,2523,3619,3451
2393: 1019,1520,1062
4549: 224,358,908,2115
2395: 4244,1595
2396: 2373,3286,1359,558
2397: 1007,2951
2398: 828
2399: 2717,4686,4386
2400: 2671,4467
2401: 2818,1289,1413,3636
2402: 3023
4799: 2628,287,4736,849
2404: 3147,2077,512,635
2405: 3439
2406: 2150,4421,3004
2407: 
2408: 4024,2734,2189,459,3722
2409: 1068,4278,922
2410: 2822,3410,1838,1829
2411: 864,3630
2412: 3939,2358
2413: 2747,2580,4611,4359,4592
2414: 1003,1910,4106,2149,803
2415: 1307,4604,3859
2416: 2836,1721
2417: 
2418: 3313,343,2801,4171
2419: 1031,3271,3655
2420: 2168,246,1562
2421: 689,1271,1821
4748: 3245,1279,1675
2423: 3477,4606
2424: 1351,687,2038,3787
2425: 4088,3729
2426: 2672,2928,962,4161,3785,3786
4496: 168,1668,1114,4211
2428: 
2429: 1758,4001
4419: 2517
2431: 4660,4239
2432: 3663,1698,3651
2433: 273,1440,3740
2434: 3588
4376: 1276,556
2436: 4803,3897,4608
4350: 2613,2019,3201,2275,1922
4427: 2913,2007
2439: 4609,25,4707,4365,2987
2440: 2281,520
2441: 272,1270,3784,668
2442: 1032,968,292,4101
2443: 481,1893,3523,1687,4297
2444: 2583
2445: 996
2446: 3970,4020
2447: 4417,4341
2448: 579,2963,2247,3073
2449: 279
4789: 4230,4513,4443,2920,3727,4372,314,3941
2451: 811,2873,4081
2452: 
2453: 4653,4295
2454: 
4659: 4147,4551,4118
2456: 4161,4381,2208,2928
2457: 2992,245,1963
4576: 21,4384,1854,3191,4369,3153,3357
2459: 1712,3173,4209,2495
2460: 1765,1559,1594,3115
2461: 2487,3213,4257
2462: 376,4318,1002,3342
2463: 1391,3551,4186,1672
2464: 2719,4078,4405
2465: 2858,541,4732,1981
2466: 2735
2467: 2267,3943,737
2468: 559
4267: 2183,1800,3053
2470: 2299,4022,1308
2471: 2167,4188,4569
2472: 
2473: 4180,3416
2474: 763,3839,2185
2475: 4370,3843
2476: 2543,2307
2477: 2655,1534,1575,891
2478: 3042,580,3816,528,124
2479: 4693,3322,4310
2480: 3149,1067,3438
4495: 
2482: 2663
4796: 3824,1306
2484: 3996,366,4412
2485: 3492,930,816,4633,2613
2486: 
2487: 1177,1093,2461
2488: 3647
4663: 1882,2111,4588
2490: 3116
2491: 1250
2492: 
2493: 817,1704
2494: 
2495: 2351,411,4524,971,2459
2496: 4703,4619,1201,2359
2497: 3964,2599,3685,4538,1176
4533: 1149,2546,1204,2583,164,2173
4718: 4559,4598,3362,3595
2500: 2137,1091,746,1476
2501: 168,1668,2568,1795,3784
2502: 2105,2683,3912,1693,3933,1601,1052
2503: 3493,269
2504: 562
2505: 3953,592,804
2506: 
4508: 4790,781,2369
2508: 2374,1600,3487,40,422
2509: 
2510: 3337,1840,3800,1879
2511: 133,2882,3763,903,2519
2512: 4658,1530,2112
4725: 1677,3102,3314
2514: 4187,3572,1192,3298,2159
2515: 3906,3989
2516: 
2517: 4419
2518: 1591,3319,1674
2519: 903,3929,1137,4237,2511,2125
2520: 4636,1545
4425: 382,1350,2285,3180
2522: 2265,3229,4631,1155
2523: 3198,2392,3771
2524: 1442
2525: 
2526: 4339,1841,2962
2527: 1478,1389
2528: 3024,1001,1257,3968
4730: 
2530: 1030,496,3464,2544,4256,1813
2531: 4296,4107,1033,2372,3716
2532: 128
2533: 1733,972
2534: 4700,2360
2535: 3830,3714,2213,2249,4377,3195
2536: 
2537: 514,3951,1423,2005,2589,2702
4516: 585
2539: 
2540: 2597,1183,1022,1970,4619
2541: 1057
2542: 103,1771,4111
2543: 2476,4513,2334
2544: 4485,2653,3464,2530,1030
2545: 3711,1073,4639
2546: 4533,1149,1204,439,1745,62
2547: 2072,1459,1165,365
2548: 1342,2798
2549: 989,871,1198
2550: 
2551: 3858,4469,2109
2552: 2885,4212,1145
2553: 4363,3623,58,2305
4636: 2520,4382,561,1545,3158,2099
2555: 4620,4599
4368: 1885,623,4361
2557: 3998
4422: 792,3518
2559: 33,3176
2560: 2140,99
2561: 4583,2187,2649
2562: 1550,278,3035,1145,1980
2563: 4303,1227,294,1241,4193,2787
2564: 1217,4460
2565: 4345,515
2566: 3339,4274,3883,4708,1441,1457
4580: 3227,2646,2860,2313,3893,2287
2568: 1392,2501,1668
2569: 
2570: 4112
2571: 3299,1683,1653,3747
2572: 3009,2017,3505,183,4201
2573: 
2574: 1190,1803,431,770,4822,2242,3196
2575: 2236
2576: 1468,4007
2577: 4348,2155,4719,4769
4488: 3754,124,775,3314,3337
2579: 950,2901,1802,2772,3794
2580: 2413,4592,3772
2581: 121,20,3959,3657,4486,3289
2582: 908,16,1046,540,2770
2583: 164,4533,1149,2444
2584: 416,174
2585: 4474,295,1847,3145
2586: 4755
2587: 2947,814
2588: 243
2589: 469,2537,514,1783,2702
2590: 3622,1366,370
2591: 231,3238
2592: 872,2379,992,509,3320
2593: 4239,1312,2029,1842
2594: 2906
2595: 3369,2768,2773
2596: 4030,1773,4216
2597: 2540,1183,1022,4619
4447: 4178,573,1395
2599: 3964,2670,2497,752,4538
4497: 4111,649,2039,3431,1771
2601: 984,2045
2602: 119,4821,4091,272,1270
2603: 4239,1123
2604: 3050,4394,2860,1445
2605: 225
2606: 797,1480,2030,1726,1903,1254
2607: 3355,4323
2608: 2368,1,4600,1882,1638
2609: 3350,372,839,1965
2610: 3486,2689
2611: 2735
2612: 2711,1467
2613: 4350,2485,816,878,4633
4332: 868,933,2208,2126,4616,1788,939
2615: 1449,3559,3167,2021,290
4687: 2782,3741,1894
2617: 3123,4433
2618: 508
2619: 1541,2003,3423,1909,4783
4538: 1275,1176,4591,752,2599,2497
2621: 3613,715,3518
2622: 
2623: 2814,2784,4375,583
2624: 4446,4757
2625: 3903,742,4016
2626: 1070
2627: 588,4207,4343
2628: 4799,3098
2629: 3496,3412,1277
4746: 2111
4766: 2915,2047,1789,506
2632: 4326,2983
2633: 4505,4475,4583,3392
2634: 1892,980,4143
2635: 1783,380,2305,2702,58,2005
4714: 2751,1196,2182
2637: 815,2911,1188
2638: 236,4523
2639: 2767,4421,3004
2640: 1842,2714,2157
2641: 2151,4282,1312,2029
2642: 1713,1073
2643: 3256,3127,3594
2644: 2956,4190,1490,2319
2645: 981
2646: 4580,2860,3893,3580,404,2903
4338: 3928,2651
2648: 963,4527,1049,1547,1246
2649: 2561,4313,79
2650: 4259,3986,3589
2651: 4338
2652: 381
2653: 1580,3464,2340,2544,4485
2654: 1695,2742,646,3592
2655: 2477,2857,3979,4589
4468: 3502,932,212
2657: 573,655
2658: 3922,4206
2659: 3836,3806,1684,4188
2660: 3822,429,2712,3035,4212
2661: 3593,2927,4818
2662: 1962,4356,4277
2663: 145,2132,2482
2664: 229,3169,4024,459
2665: 
4416: 1016,2293,4280,3878
2667: 3638
2668: 
2669: 556,2813,3600,2836
2670: 3964,2599
2671: 2400
2672: 2426,2928,962,3325,1029
2673: 
2674: 4511,4786
2675: 
2676: 1730,1540
2677: 658,4564,1310,1314
2678: 4121,1431,2759,4698
2679: 
2680: 1586
4529: 4096,675,2095,575
4385: 
2683: 2105,2502,1693,3933,924,2752
2684: 
2685: 2913
2686: 1144
2687: 1849,494,2311,4554,1558
2688: 3359,3982,755
2689: 2610
2690: 1655,808,616
2691: 2804,2215,89
2692: 866,1565
2693: 
2694: 
2695: 3087,2715,2969,1646,1343,2119
4752: 3266
2697: 1742,4455,3974,2015
4625: 2068,2019,2275
2699: 4676,3805
2700: 3798,4696
2701: 4570,2382,3177,3602
2702: 1783,2635,2537,2005,2589
2703: 
2704: 3974,1844,1084,4551,3807
2705: 3645,1791,284
4366: 435,2382
2707: 1302,1715,2985
2708: 
2709: 3860
2710: 4473,1007
2711: 2612,2950
2712: 4428,3822,2660
2713: 
2714: 3718,1842,2640
2715: 3087,3016,2695,1646
2716: 2847,556,2813,2717,1276
2717: 2399,2716,4006,4386
2718: 3890,362
2719: 2464,2889,2110,4166
2720: 3482
2721: 
2722: 3388,4758
2723: 4253,492,974,3133
2724: 3454
2725: 
2726: 170,2351,411,904,53
2727: 
2728: 
4612: 
4270: 1232
2731: 3592,358,2971,2854,224
2732: 3731,4263,4170,1874
2733: 
2734: 4024,2408,2070,4238,3722
2735: 2466,2611
2736: 701,4655,2839,479
2737: 2792,368,4762,2973,230
2738: 3756,1642,1295,214,678
2739: 1142,1148
2740: 
4480: 1359,3064,1787
2742: 949,2329,646,2654,4439
2743: 4810,1678,205
2744: 3903,529,949,41
2745: 3007,2323,4411,662
4747: 2268,2953
2747: 2413,3532,2779
2748: 1524,381,695,3906
2749: 3708,3456,522,877
2750: 3737,598,3659,1009,844
2751: 4714,2164,2182
2752: 1369,924,3217,2683
2753: 4187,2318,1087,4678,1850
2754: 2779,2217,4103
2755: 
2756: 3869
2757: 3604,1260,4543
2758: 4733,1067,1604,4573,4623
2759: 2245,699,4121,2678,4253,4698
2760: 2934,2106,406,789,1170
2761: 680,1068,602
2762: 
2763: 4582,2378
2764: 1795,4634,1682
2765: 1088
4606: 2423,285
2767: 4421,2639,4277,3128,273
2768: 3369,2595,4342,2309,1826
4374: 242,84,3912,4077,1052
2770: 1799,540,2582
2771: 2925,1593
2772: 12,1526,1802,2579,3794
2773: 2595,531,2334
2774: 
2775: 1801,985,4092
2776: 2908,3391,1232,428,510
2777: 191,4793,4404
2778: 72,4251,1651
2779: 2754,2747
4352: 310,601
2781: 4259,4331,3986
2782: 4687,4807
2783: 4040,442,197,2254
2784: 2623,583,1602,328
2785: 270
2786: 
2787: 4406,297,4303,2563,1241
2788: 190,1597
2789: 548,3581,863,614
2790: 2054
2791: 1220
2792: 2737,368,862,3591
2793: 338,2207,3079
2794: 3253
2795: 1109
4522: 3489
2797: 1190,1424,431,345,2279,4330
2798: 533,2548
2799: 
2800: 698,624
2801: 343,2418
2802: 3129,3914
2803: 3154,3028,1437,1019
2804: 2691,2215,2823
2805: 3007,4314
2806: 2083
2807: 957,6
2808: 
2809: 4214,1581,1946,3558
2810: 
4397: 
2812: 1392,1507,2066,3404
2813: 556,2669,3600,2847,2716,2836
2814: 2623,3047,4375,3204
2815: 1832,3258,3852
4744: 1786,3193,4807
2817: 3612,1539,415,1113,215,446
2818: 2401,729,1993,1413
2819: 2156,136
4822: 770,2242,2355,3217,2574
4649: 113,1300,3809
2822: 1724,2410,3410,1838
2823: 1874,89,2804
2824: 2007,3498
4261: 394,4761
2826: 3272,1184,1532
2827: 782,1427
2828: 1757,1941,1705
2829: 1359,3364,3624
2830: 289,919,2853
2831: 2895,2170
2832: 
2833: 1681,3046,2112,4254
4317: 
2835: 
2836: 2416,556,2813,2669
2837: 2874,3390
2838: 
2839: 1732,2374,1600,4655,2736
2840: 1303
2841: 2269,63,844,3737,132,2097,1861
2842: 3676,1305,3601,3543
2843: 1110
2844: 1258
2845: 1753,1797
2846: 
2847: 2136,165,2716,2813
2848: 1661,2241,1010,473,2339
2849: 587,1585,2255,4642
2850: 4432,3385,3187
4235: 178,4151,111,1216
2852: 3061,4771
2853: 919,4615,3962,2830
2854: 784,2949,1695,2731,2971
4380: 4820,426,2220
2856: 541,4311,4172,36
2857: 2655,640
2858: 2465,3363,1981,3874,530
2859: 303,3458,3175
2860: 2646,4580,404,1445,2604,3050
2861: 1461,76,143,1463
2862: 
2863: 
2864: 3071,3800,767,3042,580,3337
2865: 561,1153,4499,4712,1465
2866: 3476,1288,953,3272
2867: 
2868: 839,517,3350
2869: 1986,2170,2895,3957
2870: 500,3864
2871: 3400
2872: 576,1475
2873: 2375,481,2451
2874: 2837,3390
2875: 1877,4812,28
4723: 1567,2012,875,987
2877: 3641,407
2878: 3801,3460,2137
2879: 4292
2880: 2964,3845,3713
2881: 432,4298,1348
2882: 2511,133,4098
2883: 
2884: 29
2885: 2552,4212,692,1145,2100
2886: 4049,3751,514,3951
2887: 1045
4411: 2323,4314,2745
2889: 1941,2719,2110
2890: 3725,32,2250,4768
4575: 1468
2892: 3799,633,1533,543
2893: 829,1915
2894: 4240
2895: 1736,2831,2869,2170
2896: 4208,1589,2317,2161,830
2897: 4514,2358,3939
2898: 1375,4703
4383: 581,1569,263
2900: 447,1869
2901: 1802,3470,1386,2579
2902: 4307,4061,3520
2903: 3580,1937,419,3893,2646
2904: 
2905: 
2906: 2594,2162
2907: 3931
2908: 2776,3391,475,428,510
2909: 1124
2910: 582,231
2911: 2637,1914
2912: 3791,3256,3127
2913: 4427,3352,2685
2914: 3960,758,2152
2915: 4766,1789,506,4450
2916: 
2917: 970
2918: 1008,1732,3674,3488
2919: 1697,3234
2920: 3727,335,4513,4789
2921: 1056,1673,4817
2922: 190,3747,2121
2923: 
2924: 
2925: 1159,2771
2926: 4357,3149,2078,2056
2927: 1654,3593,2661
2928: 2672,2426,4161,2456
2929: 
2930: 3473,4784
4599: 4620,2555,2074
2932: 
2933: 1187,3426
2934: 2760,2295,1170,1573
2935: 281,4635
2936: 810,1458,232,4688
2937: 3542,3074
2938: 1386,219,414
2939: 4264,1654,691,3593
2940: 4436,1833,148
4657: 4180,1545,2130
4569: 4306,2471
2943: 
4458: 3493,152,1461,568
2945: 539
4451: 1969,2078,1032
2947: 2587
2948: 855
2949: 2369,1695,784,2854
2950: 3819,683,2197,1368,2711
2951: 2397
4282: 2151,2641,2029,1842,3718
2953: 641,56,4747
2954: 923,3663,1963,1736
2955: 1245,3849,3936,3938,3908,4773
2956: 1932,2644,4190,1097,2319
2957: 796
2958: 3136,1405
2959: 4333,2306
2960: 383,2143,1735
2961: 4005,2225,3785,493
2962: 255,2526,506
2963: 3501,4197,579,2448,2247
2964: 3400,2880,3713
2965: 
2966: 
2967: 3447,4399,590,688,4805
2968: 3289,4229,3988,1180
2969: 1343,2695,1058,2119
2970: 1372,1806,4047,1202,319
2971: 2731,358,784,2854,224
2972: 4241,4737
2973: 4111,649,4762,2737,230
4813: 4092,1512,268,1810
2975: 3183,1447,4666
2976: 3761,3482,1472
4258: 2068
2978: 46
2979: 445,1006
2980: 
2981: 3779,121,77,3657
4577: 648,4476,1114,547
2983: 3473,2632,4326,3945,617
2984: 1188,717
2985: 3476,679,2707,1302,4540
2986: 3155
2987: 1868,4365,25,2439,1079
2988: 3194,1143
2989: 1556,437,333
2990: 3290,153,3315,2072,3156
2991: 3852,1321,3106
2992: 2457,245,4767
2993: 1111,3032,4645
2994: 1438,1041
2995: 2303,4518,4003,3436
2996: 2200,4479,3627,886
2997: 
2998: 4056,4004,196
4476: 4463,4577,648,547
3000: 3992,2345,1317
3001: 605,1507
3002: 4388,4685,2198,513,3414
4618: 3886,3621,3690,4583,3164
3004: 4421,2639,2406
3005: 1018,2346,3923
4589: 1488,3979,2655,4198
3007: 2805,2745,662
3008: 4053
3009: 2572,3505,4009,183
4284: 783,4046,1150
3011: 688,3531,1028,671,3899
4432: 2850
3013: 3735,3368
3014: 4633,3171,4219,1501,1272
3015: 849
3016: 3087,2715,1927,3328
4242: 3454,2193,1870
3018: 326,2248,254
4628: 550,510,4071,3335
3020: 4244,3752
3021: 
3022: 4814,4467
3023: 1353,3207,2402
3024: 3733,2528
3025: 
4446: 2624
3027: 1825,2285
3028: 1249,1916,2020,2803,254
3029: 1036
3030: 141,4158,3687,3838
3031: 3131,250
3032: 2993
3033: 
3034: 772,3137
3035: 4212,1145,2660,429,2562,3471
4238: 1619,2298,2070,2734,297,4390
3037: 3665,3377,894
3038: 3206
3039: 804,669
3040: 4743
3041: 117,4315
3042: 580,2478,528,896,2864,767
3043: 1930,907
3044: 4726,4643
3045: 444,4094,1592,545
3046: 2112,1681,2833,1530
3047: 4375,605,2814,3204
4303: 2563,1241,421,4193,3083,2787
4356: 1962,2662,1050
3050: 2604,4394,2860,3733,1445,3417,4584,527
4344: 744
3052: 1166
3053: 4354,4267,3517
4249: 1409,714,3376
3055: 1310,3894
3056: 2269,802
3057: 329,2039
3058: 
3059: 4487,158
3060: 359,351,1763
3061: 2852,174,535
3062: 2023
3063: 3761,616,1511
3064: 3624,4480
3065: 1646,1343,1354,1762
3066: 221,3769,215,3910
3067: 3089,3548,2337,2286
4678: 1850,408,2753,1739,4055
3069: 2383,3997,3704
3070: 2201
3071: 2864,767,935
3072: 1801,1096,4681,4769,2155
3073: 2247,1530,2448
3074: 3542,2937,4273
3075: 
3076: 4281,1876
3077: 3589
3078: 3880
3079: 857,1034,2793,2207,4322
3080: 
3081: 57,3294,4100,3434,2128,4534
3082: 
3083: 4102,766,4303
4443: 4513,2334,1510,929,4789
3085: 1228,685,3161,942,4792
3086: 
3087: 3016,2715,2695,2119,282
3088: 4605,4805
3089: 3067,2286
3090: 
3091: 1374,4688
4750: 3365,3414,2118,4595,2198,513,3547
4695: 471
3094: 
3095: 157,3231,1575,4010
3096: 1015
3097: 403,1329
3098: 778,2628,245
3099: 3238
4709: 3395,3993,3355,34
3101: 352,11,969
3102: 3534,3314,4725,1677,4381
3103: 3557,3980,4481,1551,1564
4565: 2385
4527: 963,230,2648,787,1547
3106: 858,331,4543,3642,2991
3107: 
3108: 1608,1588,4036,632,3333,3379
3109: 1577,550,4588,3468
3110: 1513,3202,1738,4665
4791: 4067,3616
4309: 3817,3799,3312
3113: 3119,3330
3114: 2219
3115: 666,2460
3116: 4171,3611,2490,118
3117: 
4686: 89,4263,2399
3119: 3113,1298
3120: 1831,999,4321
3121: 3729
3122: 185
3123: 1235,2617,3326
3124: 3907,4158
3125: 691,1593,3905,3952
3126: 
3127: 3256,2643,2912
3128: 4277,2767,1766
3129: 3866,2802,1667
3130: 238,1538,676
3131: 3717,3031,250
3132: 15,502,3382
3133: 2723,673,3650,936
3134: 95
3135: 687,3787,1231
3136: 2958
3137: 772,1399,3034,440
3138: 4228,1029,733,1747
3139: 1377,3750,4170
3140: 1478,613
3141: 
3142: 1503,1095,1750,711
3143: 
3144: 1474,3556,956
3145: 1997,2585,4474,1847
4820: 4380,3678,1667
3147: 0,2404,876,2256
4361: 11,623,4368,1885
3149: 1067,1419,2480,2926
3150: 3478,3497,4629,4595,3547
3151: 3435,851
4414: 3584,1398,2018
3153: 3607,3357,4369,4576,4384
3154: 2803,254,3712
3155: 2362,2986
3156: 2072,1459,3290,2990,2127
3157: 
3158: 3188,4636,2099
3159: 855
4370: 2475,3843,587
3161: 1228,3085,685
3162: 3818,140
3163: 4306,936,188
3164: 3924,2287,4618,3690,3227
3165: 1953,3389,1358
3166: 3520
3167: 111,3559,2615
4584: 1770,527,3417,3050
3169: 229,3878,2664,2133,461,1412
3170: 
3171: 3014,3201,1501,4312
3172: 1039,1709,1304,761
3173: 2459,1712,411,3640,3530
3174: 
3175: 2859,152,1205
3176: 2013,33,2559,4280
3177: 2701,3602,1934
3178: 4272,3487,504,1973,1649,475
4783: 1909,2003,2619
3180: 382,4425
3181: 519,329,1370,4449
3182: 2001,4014
3183: 88,2975,1447,835
3184: 3732
3185: 1378,993,2088,4334
3186: 3702,712,427
3187: 2296,2850,3385
3188: 3158,2130,2099,3743,795
3189: 56,4479
3190: 1767,1526
3191: 4369,3471,429,4576,1854
3192: 
3193: 4012,4744
3194: 2988
3195: 4377,931,2535,2249,874,1191
3196: 2279,431,2574,770
3197: 
3198: 213,2523,4272,702
3199: 1775,2239,4298
3200: 1207,1170,789,2076
3201: 4350,2275,3171,4312,1922
3202: 451,1738,1513,3110
3203: 
3204: 3047,605,2814
3205: 1536
3206: 3038
3207: 1852,3023
3208: 735,3345
3209: 1715,2241,3408,679
3210: 969,4607
3211: 1230
3212: 251,3963
3213: 1938,2461,4257
3214: 4786
3215: 4545
3216: 1238,609
3217: 924,2355,4564,4822,2752
3218: 437,4355,4693
3219: 
3220: 1805
3221: 1363,39
3222: 683
4382: 4636,4499,739,561
4312: 2213,1922,3171,3201,1501
3225: 1437,308,4742,3299,175
3226: 1379,3433
3227: 4580,2313,3690,3164,2287
3228: 
3229: 2265,2522
3230: 1394,3956,455,653,3811
3231: 1534,1575,3974,3095
3232: 1223,1880,3917,834,4727,2086
3233: 3734,2168
3234: 4754,2919
4786: 2674,3214
3236: 549,4203,3347
3237: 
3238: 231,3099,2591
3239: 3953
3240: 113,3809,1225
4615: 919,3962,2853
3242: 1221
3243: 788,4775,71,453,2342
4571: 4163,1849
3245: 4748,938,3586
3246: 995
4810: 2743,1829,1609,1650,4296,4107,3410,3716,1678
4797: 772,1399,10
3249: 1887,1979
3250: 4132,3554,3851
3251: 1302,1816,1620
3252: 392,823,3728
3253: 1518,3550,2230,2794
3254: 898,1961,3618,350,3446
4362: 335,2390,3752
3256: 2643,3127,2912,4255
3257: 4646,1050,142,1345
3258: 497,2815,3852
3259: 3759,3546,1450,4603,1123
3260: 1308,4022
3261: 4256,1813,3726,4779
3262: 4222
4241: 2972,950,4086
4645: 2993
4251: 4701,2778
3266: 3413,516,4752
4774: 352,969
3268: 1750,3438,503,4125,711
3269: 439,567,1745,4262
3270: 97,3796,1640
3271: 4322,4459,2419
3272: 2826,953,681,2866
3273: 887,3727,1767
4525: 
3275: 4779,2008,1549
3276: 
3277: 
3278: 4119,4359
3279: 736
3280: 3930
3281: 
3282: 
3283: 3803,517,4023,518
3284: 292,3571,2062,4003
3285: 
3286: 2396,558
3287: 3827,871,1227,221
3288: 
3289: 2968,20,2581,4486,3988
3290: 3910,2990,153,3612,3156
4342: 2768,531,1294,1486,1826
3292: 4291,223,1999,498
3293: 1725
3294: 57,3081,774
3295: 1117
3296: 3747,1653
3297: 3582,372
3298: 1785,1192,2514
3299: 2571,3225,308,3747
3300: 274
4722: 2041,3848,833
3302: 438,2151,3887
3303: 980
3304: 2093
4475: 4505,2633,3485,3924
3306: 3891
3307: 3858,4669,1384
3308: 3676,3543,1570
3309: 662
3310: 4046,3415
3311: 
3312: 4622,3817,4309
3313: 2418,343
3314: 775,3102,4725,3754,4488
3315: 1198,2990,153,3795
4726: 373,3044,1086,217
3317: 2060
3318: 3925,776,10,925
3319: 2518
3320: 1435,2592,509
3321: 810,2228
3322: 788,4310,2342,2479,69
3323: 1948,1916,929,254
3324: 4512,321
3325: 1788,939,1029,2672
3326: 3123
3327: 
3328: 576,1927,3016
3329: 
3330: 3113
3331: 655,2391,1770
3332: 4701,1610
3333: 3379,3108,632,1919
3334: 4787,777,1065
3335: 4526,4071,3832,4142,4628
3336: 671,3899
3337: 2510,580,4488,124,2864,3800
3338: 1011,1112,1867,927
3339: 2566,4274,3883,3677,4801
3340: 3778
3341: 3434,3623,3510,3801
3342: 3744,2462,376,1002
3343: 78,3788,314,653,3811
3344: 4407,4300
3345: 735,203,3208
3346: 1544,1283
3347: 3615,3236
3348: 4816
3349: 4231,255,3358
3350: 2609,372,2868,839
4413: 
3352: 2913
3353: 4680,3854,685,507
3354: 3535,627
3355: 34,4709,2607
3356: 3783,1852
3357: 3153,3607,4576,22,1836
3358: 1211,3349,255
3359: 2688,1120,755
3360: 3759,3972,4603
4800: 2281
3362: 4559,4718,4217
3363: 2858,3584,1517,2204,530
3364: 2373,2829,1359
3365: 4750,3414,2118,1127,513,3654
3366: 4809,3525,569,2362
3367: 2014,909
3368: 1709,3735,3013
3369: 2595,2768,2174
4378: 
3371: 3818
3372: 3746,1289,2272,1993
3373: 
3374: 1240,1414,131,664
3375: 519,4435
3376: 3797,4249,714
3377: 4595,2198,894,3037,4316,4629
3378: 249
3379: 3333,3108,2013
3380: 
3381: 2282
3382: 3132,502
3383: 3504
4288: 2267
3385: 4417,2850,3187
3386: 1311,301,1843
3387: 
3388: 3915,4064,2722
3389: 3165,4802
3390: 2874,2837,495
3391: 2908,2776,475,504,1973,1722,375,428
3392: 79,2633,1068
3393: 2228,379,753
3394: 75,1940,4801
3395: 4709,670,3513,3723
3396: 955
3397: 1415,641
3398: 4572
3399: 1951,3889
3400: 2964,2871
3401: 508,4286,4700,976
3402: 3995,476
3403: 164,2173,302,4137,1204,1512
3404: 4210,2066,1392,2812,1668
4237: 3929,1137,2519,2125
3406: 
3407: 
3408: 1288,1661,2241,3209
3409: 2153,2086
3410: 2822,2410,4810,1829
3411: 4276,3799,3605
3412: 1277,1414,2629
3413: 3266,516
3414: 3365,4750,3002,513
3415: 4046,3310
3416: 4041,280,654,2473
3417: 3733,3050,4584
3418: 223,1999,338
3419: 4600,860,4462,3432
3420: 594,2044,1082,3670,4651
3421: 693
4823: 3787,437
3423: 1246,532,1605,2619
3424: 1542,4408
3425: 4115,3713,901
3426: 4062,694,2933,3540
4470: 4795,3839
3428: 277,1490
4771: 2852,400
3430: 148,2376,3535
3431: 1699,2039,4762,4497,649
3432: 1278,4462,3419,4600
3433: 3226
3434: 4100,3341,3081
3435: 3151,851
3436: 4398,4682,2995
3437: 1071,1109
3438: 1750,3268,4360,503,2480
3439: 2405
3440: 
3441: 1075
3442: 636
4334: 3185,2088
3444: 
3445: 4017
3446: 1624,3969,3254,898,3618
3447: 2967,1485,688
3448: 56,2200
3449: 1578,751
4239: 2603,2593,2431
3451: 1377,213,2392
3452: 4001
3453: 1205,150
3454: 4242,2724,1870
4321: 999,3120,1300
3456: 3526,522,2749,877
3457: 35
3458: 303,2321,2859,1463
3459: 
3460: 3801,2878
3461: 
4779: 3275,1030,3261,1813,3726
3463: 406,750,2233
3464: 3814,2340,2653,2544,2530
3465: 747,4544,2229,4207,1388
3466: 2033
4591: 1103,1780,752,1272,1275,4538
3468: 860,1522,4071,550,3109
3469: 1977,1125
3470: 2901,1802,1121
3471: 3191,2330,4369,3035,429,278
3472: 1175,98
3473: 2983,617,2930
3474: 3707
3475: 618,1080,1062,697
3476: 679,2866,2985,953,4540,727
3477: 2423,4019
3478: 3497,3150,521,2043,4590
4642: 2255,2849,1585
3480: 1136,4002,1380,4193,294
3481: 796
3482: 2720,4184,2976,743
4428: 4185,1395,2712
4745: 
3485: 4008,4505,4475,3924,1325,4638,4806
3486: 2610
3487: 3178,4272,40,2508,422
3488: 4323,173,921,3674,2918
3489: 4522
3490: 1866,703,4563
3491: 3828,2083
3492: 2485,930,816,373,1641,217
3493: 2503,152,4458,568,614
3494: 1814,4108,1976
4808: 998
3496: 2629,652,1919,4557
3497: 3478,3150,4629,4316,349
3498: 2824,2007
4559: 4598,3362,4718
4765: 1657,986,1144,3522
3501: 4197,2963,1681,2247
3502: 4468,656,4760,212
4384: 4576,21,1854,1031,3153,3607
3504: 895,3383
3505: 3009,2017,2572,4590,521,4009,183
3506: 324
3507: 
4634: 2764,1795
4816: 3348,1111
3510: 904,53,3623,3341
3511: 
4379: 
3513: 4252,965,3706,3395
4308: 2070,4102,1860,4024
4819: 2058,1566,1699
3516: 
3517: 4354,4493,3053,985
3518: 4422,1026,2621
4454: 4179,39
3520: 3995,4552,3166,2902
3521: 
3522: 1144,4482,1863,4765
3523: 481,2443,1687
3524: 2131,1211,3882,1153,216
3525: 4561,3958,3617,3366,4809
3526: 3456,522,4434
3527: 1748,2153,474,1515
4336: 
3529: 
3530: 3640,1161,411,3173,774,170
3531: 3011,688,671,3899,402
3532: 4359,2747
4814: 3022
3534: 775,3102,4381,4587,4159
3535: 3354,148,3430
3536: 4339,3936,3849,732
3537: 638,3661,4767
3538: 4039
3539: 619,465,4346,555
3540: 3426,1367
3541: 1877
3542: 2937,3074,4273
3543: 3601,3591,2842,3308,1570
3544: 2378,4271,1809,3745
3545: 4086,3711
3546: 1450,4603,722,3259
3547: 3150,4750,2118
3548: 3067,1938,2337,759
3549: 
3550: 2230,1138,4151,750,3253
3551: 1391,2463
3552: 4460,112,4602
3553: 3823,1636
3554: 3851,4769,3250
3555: 2253,1703
3556: 1474,3144,956,491,134
3557: 3103,3980,225,3604
3558: 1946,2809,1581,3846
3559: 1449,2615,569,3167,290
3560: 261,4004,196
3561: 1839,4324
3562: 1390
3563: 283,3943,4155,737
3564: 
3565: 
4511: 2674,1054
4255: 3256,3973
3568: 
3569: 187,3660
3570: 3578
3571: 292,3284,4333,1694,1494
3572: 884,2514,1192,1651
3573: 1905,4651,2044,1659
3574: 3739
3575: 1778
3576: 
4760: 3502
3578: 3570,2283
4245: 1769,1958,1255,473
3580: 404,2903,2646
3581: 548,2789,1950
3582: 3297,4213,372
3583: 357,3691,4357,4360,1095,1063
3584: 4414,3363,2204
4269: 1345,1718
3586: 1453,3245,1279
4658: 2512,1530
3588: 2434
3589: 2650,3986,1731,3077
4691: 4637,4682,551,307
3591: 3601,3543,862,2792
3592: 2731,358,2654,646,1436
3593: 2661,2939,2927,3952
3594: 2643
3595: 2006,2196,4598,4718
3596: 803,695,4621,4662
3597: 1056,1673,4224
4514: 2897,1514
3599: 1355
3600: 2813,2669
3601: 3591,3543,1607,2842
3602: 2701,4570,3177
3603: 289,916
3604: 2757,1260,3557
3605: 990,4276,3411
3606: 3783
3607: 3153,3357,1684,4384,4785
3608: 964,4124,2043,4517
3609: 681,392,3756,3768
3610: 1638,838,50,972
3611: 4171,3116,118
3612: 1539,415,2817,3290,3910,2127
3613: 2031,1296,2621
3614: 
3615: 906,4042,3347
3616: 274,4067,4791
3617: 1175,4561,3525,4809
3618: 3254,898,4087,391,1624,3446
3619: 2024,4218,4705,2392
3620: 769,703,4160
3621: 4618,3886,2187,4583
3622: 2590,370
3623: 2553,4363,3510,3801,3341
3624: 2829,3064
3625: 4555,4817
3626: 1558,4643
3627: 4254,886,2996
3628: 2325,257,4582
3629: 603,2260
3630: 3659,1009,2411,4794
3631: 
3632: 3913,4716,4624
3633: 252,4041
3634: 60,1618
4593: 1841,1326
3636: 1413,3844,2401,2327
4795: 4470,2290,1784
3638: 2667
4407: 3344
3640: 3530,1161,3173,767
3641: 2877,407,1313
3642: 4543,1546,4644,1321,3106
3643: 1544
3644: 3649,2051,1851,3877,5
3645: 3719,3804,2705
4548: 586,1341
3647: 4095,1789,1873,4450,2488
4767: 638,4215,3537,2992
3649: 2051,3644,167,5
3650: 936,673,3133,188
3651: 1698,1297,3663,2432,1736
3652: 
3653: 1473,1791,1352,892
3654: 1469,3365,1127,3719,3804
3655: 4253,492,699,2419
3656: 
3657: 3959,121,2581,2981
4804: 4464,345,4154
3659: 3630,1009,712,2750,598
3660: 4260,3569
3661: 4066,4273,3537
3662: 359,1763
3663: 2432,1963,2954,3651
3664: 3970,2218
3665: 3037,4388,894
3666: 1966
3667: 1341,9,1346,3754
4755: 2586,1728
4305: 1683,883
3670: 474,1515,1082,594,3420
3671: 1404,743,577
3672: 3914
4677: 
3674: 921,173,3488,2918,1732
3675: 1682,1337,305
3676: 2842,3308,1305,1570,3962
3677: 3339,75,4801
3678: 600,3970,4820
3679: 1618,145
4727: 834,3232,3917,1231
4646: 1050,1979,3257
4519: 1857
4331: 624,2781,1731,1336
4486: 3959,2581,3289
3685: 3964,2497,1176,2272,3746
4541: 4702,2158,4097
3687: 793,3838,3030
4330: 2279,345,2797,431,4464,460
3689: 977,1026,6
3690: 4618,3886,916,2313,3227,3164
3691: 357,3583,2056,4391,1381
3692: 374,301
4426: 3768,678,1106,785,1134
3694: 299,2006,2291
3695: 281,2007
3696: 
4521: 
4803: 2436,3897,927,1662
3699: 1898,2057,4556
4421: 2767,3004,2639,2406,2150,946
3701: 209
3702: 3186,712,594
3703: 
3704: 3997,4787,3069,59,322
3705: 4782
3706: 246,3513,34
3707: 3474
3708: 914,522,2749
3709: 4616,865,390,2212,1488
3710: 59,98,1914
3711: 2545,1500,3545
3712: 3154,1425,1492,4109
3713: 3425,4115,2964,2880
3714: 3830,2535,2213,1922,726
3715: 2327,484,2100,304,2102
3716: 4296,2531,4810
3717: 3131
3718: 2714,4282,1842
3719: 3645,3804,355,3654
3720: 526
3721: 
3722: 1619,2408,2734,2189,1072,3775
3723: 1583,2225,4038,3395,670
3724: 530,48,3874
3725: 2890,854,572
3726: 3261,4779
3727: 2920,335,3273,4789
3728: 1288,3252
3729: 3121,2425,4088
3730: 480
3731: 2732,4263,4170
3732: 3184,4404
3733: 3024,1445,3417,3050
3734: 3233,4222,832
3735: 3013,1709,3368
4278: 2409,922,4008,4505,4638,447
3737: 2750,598,2841,844,1861
3738: 3905,1634,1252,220
3739: 3574
3740: 1035,2433,1440
3741: 4632,4807,4687
3742: 4684,799
3743: 2099,398,620,795,3188
3744: 143,3342,1002,102
3745: 744,3544
3746: 3372,1289,3964,3685,2272
3747: 3296,2922,3299,2571,2121,1653
4313: 79,2649
3749: 1756
3750: 4170,375,3139,1722,702
3751: 4049,2886,16,3951
3752: 2390,3020,4362
3753: 4694,4034
3754: 4488,124,3667,3314
4481: 119,4821,1551,3103
3756: 2738,392,3609,678
3757: 90
3758: 66,663,640,2266
3759: 3259,3360,4603
4664: 525,1383
3761: 991,2976,3063,1511,1472
3762: 966
3763: 2511,133,1814,903
3764: 1930
3765: 4552,4563
4436: 1833,2940
4717: 1537
3768: 4426,678,3609,1532
3769: 3066,4406,4390,2298,215
3770: 751,1817,4082
3771: 1116,4218,2523
3772: 45,2580
4694: 3753
3774: 2142,607
3775: 1072,18,1619,3722,2280
3776: 
3777: 4455
3778: 3340
3779: 121,2981,1662
3780: 937,4023,2310
4563: 3490,1866,3765
3782: 2338
3783: 3356,3606
3784: 1270,2441,168,2501,1795
3785: 4038,3786,493,4161,2426,2961
3786: 4038,3785,2426,962,4165
3787: 2038,4823,2424,687,3135
3788: 887,314,3343
3789: 
3790: 4445,2258,403,4609
3791: 2912,1264
3792: 2270,1607
3793: 4229,4596,1937
3794: 4199,952,2579,2772
3795: 1720,3315,865
3796: 97,3270,1971
3797: 3376
3798: 4696,2700,195
3799: 4063,2892,3411,3817,4309
3800: 2864,580,2510,3337
3801: 3460,2878,3623,2305,3341
3802: 3999,1482,2291
3803: 3283,4051,3938,518,3896
3804: 3645,3719,3654
3805: 2699,4676
3806: 2659,3836,22,1377
3807: 4147,4551,1084,2704
4314: 4411,2805
3809: 1225,464,3240,4649
3810: 299,2211,4568,1287
3811: 653,3343,78,3230
3812: 1981,3874,978,342
3813: 
3814: 3464,2340,1385
3815: 1975,1546,1498,1827,1321
3816: 528,2478
3817: 4309,4063,3799,1454,3312
3818: 3371,140,3162
3819: 683,2950,603,4340,1014
3820: 1896,3940,341
4633: 3014,2485,930,816,2613
3822: 2660,429,2712,4772
3823: 3553,1869,1636
3824: 4796,1306,1000
3825: 1933,349
3826: 4158,141
3827: 3287,871,1227,4112
3828: 3491,2304
3829: 
3830: 3714,2535,1569,4377
3831: 1340
3832: 1649,4142,475,3335
3833: 2261
4532: 4297,1845
3835: 
3836: 2659,3806,2301,4188
4578: 2364,38
3838: 793,3687,3030
3839: 2185,4470,2474
3840: 
3841: 2097,346,3940
3842: 2113,692
3843: 851,1142,2475,4370
3844: 1413,3636,2327,3873,304
3845: 4115,2880
3846: 1092,3558,4751
4590: 2017,3505,3478,521,2043
3848: 2041,1467,4722
3849: 2955,1245,732,3936,3536
4375: 3047,398,583,2623,2814
3851: 3554,4769,4681,3250
3852: 2991,3258,2815
3853: 
3854: 817,942,1704,3353,685
3855: 1051,1295,127,1642
3856: 1249
3857: 4080,1807
3858: 3307,2551,2109
3859: 1793,545,2415
3860: 1838,2709
3861: 1439,1623
3862: 828,363
3863: 
3864: 1669,2870
3865: 1727,4466
3866: 1311,3129
3867: 4304,1815,1929
4603: 3546,3759,3259,3360
3869: 2756,1516
3870: 1146,2205,1485
3871: 2219,2262
3872: 909,4568
3873: 729,1413,3844
3874: 1981,3812,2858,530,3724
3875: 1743,2277,1860,1020
3876: 595,947
3877: 2206,1851,3644
3878: 229,3169,4416,2293,4280,2133,1743
3879: 1669,4065
3880: 3078
4373: 
3882: 1211,3524,216
3883: 2566,3339,1457,4801,2346
3884: 235,4586,2306
3885: 
3886: 4618,3621,916,3690
3887: 1855,3302,438,2151
3888: 3930,913,1985
3889: 3399
3890: 2718,362
3891: 3306
4720: 1233
3893: 2313,309,419,2903,2646,4580
3894: 924,1310,3055
3895: 
3896: 1042,1118,3803,4050,3908
3897: 4402,927,2436,4803
4498: 4364
3899: 671,3336,3011,3531,402
3900: 2107
3901: 4493
4716: 2227,3632,4624
3903: 2744,2625,949
3904: 1421
3905: 3952,3738,3125
3906: 2515,3989,2748,4175
3907: 4041,3124
3908: 3938,3896,1118,2955,1245,4773
3909: 1664,80,4503
3910: 3290,3066,215,3612
3911: 4621,793,1792,1961
3912: 2502,1693,1601,4077,1052,4374
3913: 3632,1611,1798
3914: 3672,2802,644
3915: 3388,4064,1410
3916: 734,1910,384
3917: 1880,3232,4727
3918: 
3919: 1279,1675,4770,4758
3920: 1805
4453: 
3922: 2658,1352
3923: 1940,4801,2346,3005,948
3924: 3164,4475,3485,4806
3925: 776,3318,10
4749: 1242
3927: 4515
3928: 4338
3929: 4237,2519,2125
3930: 3888,913,3280,823
3931: 825,2907
4441: 2067,872,4539,3998
3933: 2105,2683,2502,1052
4365: 1868,2987,2439,4707,482,1670
4544: 3465,747,1388
3936: 4339,3536,2955,3849
3937: 
3938: 518,3908,3803,2955
3939: 2412,2897,2358
3940: 3820,3841,346,2095
3941: 4789,4230,4372,455
3942: 
3943: 3563,2467,737
4781: 1315,1234
3945: 1817,719,2331,2983,617
3946: 
3947: 1294,1486,1178
4512: 820,3324,1730
3949: 
3950: 
3951: 2537,514,1423,2886,3751
3952: 3905,3125,3593,4818
3953: 2505,3239
3954: 
3955: 1869,1636,705,3987,4740
3956: 3230,1928,1394,1616,1806
3957: 707,1320,1297,2869,1986
3958: 4561,3525,1796,111,1216
3959: 3657,2581,4486
3960: 2914,1717,1416
4528: 1875,2114
3962: 4615,2853,3676,1305,1090
3963: 3212,1894,1214
3964: 2599,2670,2497,3685,1104,3746
3965: 852,751
3966: 2128,888,2052,1181,1405
4298: 2881,3199
3968: 2528,1001,1871
3969: 1624,3446,898,4019
3970: 3664,2446,3678
4513: 2334,4443,2543,2920,4789
3972: 4639,2175,3360
3973: 1274,4255,1233
3974: 2704,1844,1742,2697,3231
3975: 937,2080,4703,1375
3976: 1534,891
3977: 244,415,456,99
3978: 430,4798
3979: 1418,1488,4589,2655
3980: 3557,3103,607,225
4415: 1809,4437,1313
3982: 809,2688,2159,755
4611: 4359,4592,2413
3984: 560,191,769,1135
3985: 1949,1711
3986: 1731,2781,4259,2650,3589
3987: 4078,4076,3955,705,4166
3988: 4229,20,1662,2968,3289
3989: 3906,2515,2149
3990: 
3991: 
3992: 3000
3993: 4709
3994: 1214
3995: 3402,3520,476,4552
3996: 2484,4412
3997: 4787,3704,4671,3069
3998: 2557,4441,4539
3999: 3802
4000: 
4001: 3452,2429
4002: 1136,3480,4147,4118
4003: 2995,3284
4004: 261,3560,196,2998
4005: 2961,4159,1376,2129
4006: 1276,2717,4154,4558
4007: 1340,2576
4008: 4505,3485,4278
4009: 1099,521,912,3009,3505
4010: 3095,157,1575
4011: 1477
4012: 3193,2385
4013: 
4014: 3182,4049
4015: 1570,1884,787,1281
4016: 2625
4017: 3445,4037
4018: 
4019: 3969,3477
4020: 2446,4650,600
4537: 4067,1115
4022: 645,2470,3260,1308
4023: 517,1375,937,3780,2310,3283
4024: 2408,2734,2664,4308,459
4418: 
4026: 
4372: 314,653,4789,3941,455
4028: 424,1396,2069,33
4029: 
4030: 2596,1680,4216,836
4402: 3897,927,4679,1090,1112
4363: 2553,3623,1862
4033: 1484
4034: 3753,2073
4371: 832,1732,1600
4036: 1606,1608,3108,632
4037: 4287,4017
4038: 2225,3785,3786,965,3723
4039: 1726,3538,1480,1675
4040: 2783,442
4041: 3416,3633,3907
4042: 3615,906,4203
4043: 978,4732
4044: 1850,1087,801
4275: 1929,938,2343
4046: 3415,3310,783,4284
4047: 1520,1062,889,2970,1202
4048: 4531,4640,4733,1022
4049: 2886,3751,4014
4050: 334,1685,4051,1042,3896,1522
4051: 3803,4050,479
4052: 1529
4053: 4661,3008
4054: 2058,4449,2263,4098
4055: 1739,4678,408
4056: 2998
4057: 2101,2178
4058: 2175,1713,993
4700: 2360,3401,2534,740
4060: 
4061: 2902,261
4062: 3426,1798
4063: 3799,1454,1617,3817
4064: 3388,3915,4319,1410
4065: 624,3879
4066: 3661
4067: 4537,3616,4791
4773: 1278,4462,3908,1118,2955,1245
4733: 2758,1067,4623,4048
4327: 242,1696
4071: 4526,3335,1685,550,4628,3468,1522
4543: 3642,2757,1260,3106,331
4073: 516,4598
4595: 3377,2198,3150,4629,4750
4075: 1013,4448
4076: 447,1325,4078,4638,3987
4077: 1052,3912,4374
4078: 1325,4405,4638,4076,2464,3987
4079: 2189,1641,930,1072
4080: 1807,3857
4081: 1845,1946,2451
4082: 1817,719,3770
4340: 603,1078,3819
4323: 3488,173,2607
4085: 4154,4617,4558,1687,4386,1893
4086: 3545,1711,4241
4087: 4662,391,1792,3618
4088: 2425,3729
4697: 1859,188,258
4090: 707,873,1320
4091: 119,2602,4211,272,1270
4092: 985,1512,4813,2775,1810
4093: 2065,980
4094: 1592,545,3045
4095: 3647,1873,1212
4096: 4529,675,575
4097: 4702,4541
4098: 2882,2058,4054
4099: 454,1128
4100: 3434,3081
4101: 1494,65,387,968,2442
4102: 2070,4308,3083
4103: 71,2217,453,2754
4613: 2268
4105: 
4106: 2414,803
4107: 4296,2531,1033,4810
4108: 1467,3494,1976
4109: 1437,308,3712
4346: 4155,465,3539
4111: 2973,4497,649,1771,2542
4112: 2570,1136,1227,3827
4113: 4264,4307,1654
4114: 1804,2087
4115: 3425,3845,3713
4739: 2022,2094,1327,1430,2284
4751: 3846,260
4118: 4147,4551,4659,4002
4119: 3278,1991
4120: 
4121: 2018,1431,2678,2245,2759
4122: 1621
4123: 756,136,564,2156,325
4124: 964,3608,1127,1469
4125: 711,3268
4297: 4532,4617,1893,2443
4127: 
4128: 100,4222,4144,1706
4129: 565,1263
4555: 3625,1438
4444: 1524,1682
4132: 3250,452,1420
4133: 
4654: 1814,988,367,903
4135: 4573,4665,4623,2075,1373,198
4136: 1000,1630,2379
4137: 302,3403
4138: 1508,1962,1035
4631: 2265,2522
4140: 4198,891
4772: 4459,3822
4142: 1649,3832,422,3335
4143: 2634
4144: 1168,100,4128
4409: 
4146: 
4147: 4551,4659,4118,3807,4002
4788: 1163
4149: 1492,883
4556: 2356,1898,3699
4151: 3550,2230,1138,2108,4235
4668: 1879,551,1406,451,307
4153: 
4154: 4558,4085,4006,4804
4155: 4346,737,3563
4156: 
4605: 3088,402,791,2015
4158: 3124,3826,3030
4159: 4005,3534,1679,4587,1376
4160: 4741,318,3620
4161: 2456,2426,2928,3785,493
4162: 1104,1289
4163: 4571,77,1011
4295: 858,2453
4165: 733,1747,4343,962,3786,4252
4166: 2110,2719,3987,705
4167: 2218,1004
4168: 423
4169: 
4170: 3750,3139,3731,2732
4171: 3611,2418,3116
4172: 1999,36,498,4311,2856
4173: 
4174: 85,1577
4175: 1524,3906,497,1827
4176: 1986,2188,4790
4177: 
4178: 1191,4447,2113
4179: 4454
4180: 4657,4412,654,2473
4181: 
4524: 4221,4209,971,2495
4183: 317,4616,868,933
4184: 3482
4185: 4428,4212,692
4186: 2463,1672
4187: 884,2514,2753,2159,2318
4188: 2471,2167,2301,1684,2659,3836
4189: 4764,2379,992
4190: 1932,2956,2644,604
4191: 
4192: 1222
4193: 421,3480,4303,2563,294
4194: 4754,379
4195: 831,1991,4547,906
4196: 1201
4197: 979,3501,441,2963
4198: 390,4140,891,4589
4199: 3794,952,4704
4200: 
4201: 687,2572
4202: 
4203: 549,4042,3236
4204: 
4205: 
4206: 2658
4207: 2627,3465,1388
4208: 2896,2161,570
4209: 1134,433,4221,4524,2459
4210: 2066,1114,3404,648
4211: 1079,4496,4091
4212: 3035,2885,2552,1145,4185,2660
4213: 3582,1503,167
4214: 2809,811
4215: 638,337,4736,4767
4216: 1267,1773,2596,4030
4217: 3362
4218: 3619,2024,1550,1116,3771
4219: 1072,18,3014
4220: 
4221: 4524,4209,1134
4222: 3262,4128,3734,832,1706
4223: 2306
4224: 1306,3597
4225: 1347
4435: 519,3375
4227: 
4228: 3138,1747
4229: 3793,4596,3988,2968
4230: 4789,2020,3941
4231: 3349
4232: 
4233: 2278