0: 4585,1382,579,1540
4486: 4350,974,573
2: 4307,3866,1634,1411
3: 1881
4548: 4209,1742
5: 1888,3081
6: 
7: 1374,4437,61
8: 2165,4478
9: 4576,2249,2108
4717: 1478,379
4739: 2034,1621,1291
12: 4719
13: 1422,1541,3580,2883
4792: 4423,813,3413,1713,1059
4186: 3798,2515,1242,2095,2466,1977
16: 2225,663,2926,1886
17: 1646,4305
18: 46,887,1103
19: 3378,4453
3812: 2046
4119: 2550,2930
22: 3338,2909
23: 3213,1331
24: 
25: 735,4791
26: 332
27: 2338,3762
28: 4104,3624
29: 
4523: 
3940: 934,1940
32: 3166,2917,1594
33: 1318
34: 3587,2048
35: 
36: 673,3873
37: 72
38: 1981,1987,3682
4433: 
40: 3780,332,937
41: 1283,2185,1298
42: 1409
43: 3043,96
4461: 2379,3620
45: 3261,3082,1586
46: 18,2177
47: 1823,4328
48: 3312,4544,4816
49: 4605,2654,3253
4628: 744,4445,3486,1872
51: 2333,3448,1342
52: 189
4319: 
54: 1177
55: 2287,297,604
56: 
57: 192,3576
4561: 1173
59: 514,2239,3521,2554
60: 128,1644
61: 1724,7
62: 2440
4622: 2648,2125,1398,4078,1999
64: 4666,2828,1699,2064
4128: 3461,3480,4596
66: 2442,3524,989
67: 1133,3880,753
4525: 4797
69: 1539,4274,2961,4184,1479,1032,859
70: 
71: 
72: 37,3517
4651: 1391,1901,2043
4689: 
75: 
76: 1087
77: 446,3846,229,4272,2572,1550
4378: 4790
79: 2389,90
80: 3702,1479,859
81: 150,366
4771: 844,1110
4354: 
84: 2925,3039,3140
4172: 4746,3048
86: 2193,567,3530,3939
87: 591,3223
88: 1246,4584,1310,542
89: 402,1985,3646,3640
90: 3429,79
91: 438,121,917,3266
92: 147,4779
93: 345
94: 4142
95: 
96: 3043,43
97: 3005,4767,4014,1410
98: 2869,801,4424
99: 3750,3339,832,2280
100: 4180,1223,1747
4037: 3558,4327
102: 4284,4213,4597
103: 4083
104: 2492,3250
4733: 3297,4134,1539,4274
106: 4458,3330
107: 2178,2146,2563,3727
4087: 
4491: 2868,987,457
110: 3693,3512,2416
111: 3351,1642,4049,1933
3808: 3627,4762,4208,1318
113: 1810,4267
114: 
115: 
116: 
4626: 1780,2892,4276
4784: 2038,4811
119: 
120: 2716,876
121: 91,3929,3266,4554
122: 776,4767,408,3753
123: 816,3897
4006: 744,4445,1809,616
125: 4818,3567,1678,1824
126: 179
127: 4214,2272,2919,2167
128: 60,202
129: 
130: 
131: 459,1062,4665,939
132: 4763
133: 
134: 210,4316,4003,1992
135: 742,276
136: 3445
137: 2097
138: 4298,1255
3830: 2037,428,3514,2792
140: 985,3837,2452
141: 3394,3623
4314: 1039,1709,3790
143: 2995,3741,548
144: 365,4391,3484,3171,3488,2748
4702: 2114,3974,4255,4349
146: 2620,694,4798,482,3064,1578
147: 92
148: 1153,728,3205
4576: 2100,9,2249,2817
150: 81,3882,4041
151: 408,3753
4072: 2744,2503,2636
153: 1046
154: 4439,1480,392,2992,3665
155: 1971,3801,3502
156: 1503,1266
3844: 3066,1395,3962,255,4796
158: 3254,2718,3345
159: 
160: 1352,1254,3751,387
161: 174
162: 
163: 1981,3682,3799,4036
164: 4168,2224,1775
4270: 1023,1619,2608
166: 
4064: 4009,4787,2859,1613
168: 4703,1789
169: 3566
4593: 3422,606,4621
171: 621
4012: 4799,4348
173: 4734,3795,1722
174: 3551,161,2084
175: 2158,1646
176: 3340
177: 3601,2853,414,289
178: 
179: 4011,126
180: 
181: 1417,4493,2158
182: 2342,609,3012,4775,354
4477: 1991,1525,1586,3430
184: 815,4066,4809,1037,3034
185: 
4732: 2286
187: 1910,2741
188: 2430,3935,3674
189: 913,52
190: 1297,2937,3833
191: 3008
192: 57,932
193: 4752,983
194: 
4004: 
4521: 
197: 3747,4813
3900: 
199: 4610
4786: 3809,3206,4789,4701,3369
4100: 3216,3347,4201,964
202: 4034,128,2971
3876: 
204: 3523,2111
205: 306
206: 4251,4809,3040
207: 1472,1697,481,1865,3368,4822
208: 
4767: 122,776,408,3753,3005,97,3751,387,4042
210: 620,134,4444
211: 4425
4373: 3911,2384
213: 599,3097,1968,3948
214: 4685,2071,1385,2731,1729
215: 1793,4605,1086
3909: 4764
217: 2391
218: 881
3853: 512,2066
220: 4489
221: 989,4574,3524
3917: 515,3623,4775,3583,3394
4357: 2102
4397: 3052,3725
225: 3815,1245,2149,4791,3916
226: 1220,4539,2693
227: 1372,1134
4780: 3517,1711,1895
229: 3846,77,1550,2528
4441: 4817,2382
231: 1210
232: 241,2819,2709
233: 2159
234: 2805,372,2816
3857: 
236: 1834,4489
4520: 2673
4353: 4292
3884: 883,784,778
240: 
241: 232
242: 2732,4765,1314,260,1434
243: 4789,1826,3971
4330: 992,4818,4532,4376
245: 2447
3982: 2695,3530,1228,688,4385,905
247: 1573
248: 873,1089
249: 
4581: 3103,1962,4812
251: 
252: 4811,2781
253: 
254: 4362,868,3069,4315,4800
255: 2392,974,3066,3844
3957: 2931,4434
257: 4773,4754
4798: 2620,694,146,1545,375,4403,1947,1169,3208,2745
259: 736,4774,4757
260: 336,2483,1434,4765,242,2732,2692
261: 4115,2998,2847
4136: 2884
3806: 2692,1232,1052
4501: 3289,4772
4014: 1410,97
266: 
267: 
268: 3617,486
4691: 1973,417,4263,2392,2419,4821
270: 1276,4170
271: 1404,2962,1682,3341
272: 1131,372
273: 847
274: 3989,2451,1560
4174: 2330,278,4602,4371
276: 915,2329,135,742
277: 
278: 4174,1189
279: 4132,2109
280: 3965
3980: 2723,3935,1873
282: 3351,1642,4534,1598,1010
4633: 2761,2642,1570,2200
284: 1675,1077
285: 3573,3446
4470: 3645,2746,1536,409
4377: 4625,3836,2613,1445
288: 
289: 1080,3612,177
290: 3065,2120,618
291: 1603,1983,2595
292: 373,774,1583,605,702
293: 2972,3085
294: 3546
295: 
296: 3549,835
297: 604,55,3878
298: 1160,1746,1914
4371: 4602,2209,4462,2330,4174
300: 2277,1146,1471
4813: 4262,2492,197
302: 2020,4729,2882
303: 2084
4150: 2800,3522,1664
305: 4161,4211,1556
306: 205,3019
307: 3849,2426
308: 2334,3794,1806
4307: 2,4555,3724,1634
4608: 
311: 3765,756,1890,1777
312: 3301,1369,2709
313: 2472
4369: 1684,3514,838
315: 3856,424
4306: 1502
4554: 2436,121,3929
318: 2349
319: 2771,2419
320: 
321: 1464
322: 
323: 4423,2231,2824
324: 2141
325: 
326: 688,1229,4349,4141
327: 1699,3887,2274,3367
3904: 
4572: 2201
330: 4176
331: 3446,808
332: 26,4071,2804,40
4356: 4788,1669
334: 4512
335: 2412
336: 2483,260,1434
337: 3370,4805,1229,4649
338: 1633,4640,1136
4657: 2396
340: 1603,4347
341: 1231,844
342: 1617,996
343: 3779,367,3509,534
344: 2495,2697,3708
345: 93
4665: 4640,2512,1062,939,459,131
347: 940,2320,1986
348: 356,4365
349: 2055,3175,3251
350: 4556,4811
351: 1902
352: 4649,1206,2654,4385,1229
353: 
354: 4775,4046,182,3012
4595: 3527,2424,976,1939
356: 348
357: 2326,2074
4210: 4081
359: 
4649: 352,1206,1229,337
361: 3058,3635
362: 
3993: 3398
3902: 2088,3564,2000,4752
365: 4391,3438,144,3484,2748,4165
366: 2865,3582,81,4207
367: 3308,4808,343,516,3509
368: 4802,2064,1281
369: 2638,1182,4437,4386,3410
370: 2428
371: 1719,4774
372: 2805,234,272
373: 292,702,4766,1841
374: 3094
375: 4403,3158,2210,1545,4644,4798
376: 
377: 2380
4794: 
379: 1269,4717
4545: 991,662
381: 3998,2262
382: 
383: 1612,2324,2994
384: 2814,2533
385: 938,433,1352,3252
386: 3229,899,2809
387: 3751,4767,160
388: 
4718: 
390: 752,4734,3650,1275
4019: 1649
392: 154,2992,925,2316,3665
4339: 
394: 3435,886,855
395: 3719
396: 578,4582,4189
397: 1384,923
398: 4483
399: 2670,4071,2403
400: 961
401: 
402: 1985,89,3800,2928,1016
3905: 3823
404: 1567,3715,620,4316
405: 
4381: 4063,4655,846
4113: 2752,2661,1777,1834
408: 151,122,4767,3753
409: 1536,4470
4252: 4444,1883,620
411: 3681,3704,2637
412: 3262
413: 3738
414: 3601,177
415: 4623,1780,2664
416: 
417: 1973,4691,3138,4821
418: 
419: 2600,4803
4382: 1795
421: 2613,3886
422: 3420,2130
423: 
424: 2969,315,3856
425: 1554,1151,2248
426: 1530,3189,1342
427: 3581,2781,2811,751
428: 2037,3830,838,2401
429: 1511,466
430: 1938,2023,2993
431: 4185,911,2207,3674
432: 1916,4800,3821
433: 1352,1254,385,3252
434: 1296,1344
435: 2286,1458,4123
436: 3112,581,2112
437: 1215
438: 91,917,3259
439: 4094,1170,1739
4631: 1130
441: 
4656: 2967,1618,1157,2329
443: 2139,2370,3961
444: 1178,1743,1225
445: 575,3719
446: 3846,77,2572
447: 3417,1431,1941,2953
448: 758,4770
4103: 3268,2758,2206
4465: 3802,1137,4079
451: 646,3148
452: 2703
3835: 2253
454: 3867
455: 4255,567
456: 1441,4165
457: 3251,1956,4491,987
4493: 1417,2254,181
459: 131,2512,4665,830
460: 1253,4816,4085,709
4176: 330
462: 1096
463: 4364,3542,2402
464: 3943
465: 
466: 4588,3618,429
3922: 2406,598,2576
468: 2633,3706,3860,3338
469: 1591,580
470: 2323
4231: 1649,3691,1474
472: 2446
473: 2547,1418,2477
474: 1397,3737
4009: 4064,4787,879
4056: 4052
477: 2913,1437,2063
478: 3503,2783,4535
4725: 752,3488,3171
4257: 3602
481: 207,1472,1697,2893,4822
482: 712,3064,694,146
4715: 2579,2059
484: 3156,3559
485: 821
486: 3074,2986,268,3617
487: 2026,3926,2291
488: 1239,698
489: 2186,1999,3163,2968
4425: 211
491: 1706
492: 3647,2414
4304: 2236
494: 2133,1891,4140
495: 882
3998: 1337,3504,381,2262
497: 1110,2252
498: 3626,592
499: 
4538: 573
501: 
502: 1468
503: 1975,1474,4065
4457: 4002,4815,1471
505: 1472,1697
4602: 2812,4371,2209,2330,4174,2131
507: 4351,2714,3475,952
4290: 
509: 872,3228
4227: 982
511: 3499,1034,4005,3339
512: 3853,2066,3880
4544: 3163,3312,48,4816
514: 59,3521
515: 4775,4046,3917,3702
516: 367,3509
517: 2455,1262,2216
518: 838,1031
519: 1407,854,4820,2858
4288: 
521: 4597,894,2500,2989
522: 1610
523: 2634,3166,2660,1011
524: 
525: 
526: 2577
527: 2488,839
528: 1712,4536,2820,643
529: 2754,3583,1950,3394
4121: 3514,2792,1455
3987: 579,1503,1382
532: 622,2883,4530,1569
533: 3057,2060
534: 1605,343,4261
535: 3327
536: 2613,3886,2938,2953
537: 3635
538: 2729,1881,4485,4731
539: 3742
3983: 2864,2985,1935
4343: 3227,3372,4821,3714
542: 4772,88,2759
543: 1701,3402
4484: 1492,949,3712
4061: 3184,3079,3519
3971: 243
547: 1531,3931
548: 143,637,3741
549: 4753,4379
4625: 4377,1445,4350
551: 4775,3951
4474: 2355,2645
4563: 2372,3578,2176,1636,973
4505: 3981,924,3485
555: 4519
556: 1092,3170
557: 1004,2297
558: 3474,4727,3623,4775
559: 1097,2808,3121
4394: 4740,4591
4580: 3226,2391,4585,4078
4698: 878,699,3350,2024
563: 3196
4724: 3546,3065,942
4456: 3472,3252
566: 2740
567: 455,2193,86
568: 1161,3284,2857
569: 618,2543
570: 1148,3214,807
571: 1610,1196
4026: 
573: 4538,3836,4486
4817: 2689,2096,4177,4441,960,2382
575: 445,3730
576: 685,3754,904
577: 3954,1456,2816
578: 396,3912,3523,4582
579: 1503,2229,3987,1382,0,1874,1540
580: 1591,469
581: 4045,436
582: 2742
583: 3276,1716
584: 3800,2495,2571
585: 
586: 3531,877,2760,1198
587: 1014,4148,4401,762
3986: 1050,2074,946
589: 1753,634
4783: 4778,3213
591: 87,3332
592: 2903,3914,498
3899: 4021,3974,1895,2246
594: 2035,2914,2746,2424,1536
595: 4607
4766: 1091,373,4682,3284,2857,1063,1841,2078,4180
4648: 2161
598: 2989,4727,3474,3922
599: 3097,213,1270,3393
3978: 4765,3486
601: 2409,2996,2785,2485,3255
602: 2489,3429
603: 
604: 297,55,3733
605: 3054,1583,292,2062
606: 1856,607,1687,4621,4593
607: 606,4621,1511
608: 
609: 182,2342,2038
4331: 3126
611: 2835,4820,1502
4795: 3409,3245,1935,792,1076,2052,3630,3562,1153
613: 
614: 
615: 965,4816,2422
616: 4006
617: 
618: 1844,2543,569,1822,290
619: 
620: 210,4316,4252,404
621: 3526,4021,171
622: 532,2883,4530,2409
623: 2020
624: 1961,2080,3649
625: 3699,1334
626: 2790
3871: 1817,3864
628: 1599,1294
629: 1672
630: 4489
631: 1589
4764: 3096,1304,3070,713,1235,3909
633: 4740,2850,4226
634: 589,1753
635: 2602
4512: 334,2648,1999,2968
637: 3741,548
638: 1483
4591: 3271,4394
640: 1485,2009,1916,1796
641: 4435
642: 
643: 1679,1836,528
4109: 2390
4053: 760,2344,1521
646: 1998,451
647: 3586
3845: 1570,2200,4414,1727
4390: 4005,2817,2100,4238
650: 1244
651: 
652: 730,2699,2563
4065: 503
654: 4386,1685,3410,2616,1256
4242: 1104,2431,3185,2714,1802
656: 3342,1613,2170
657: 
4131: 2207
4187: 3280,3408
4802: 4392,368,1281,4527,1286,1576
4789: 243,1826,2728,4786,3809,3369
662: 1969,3063,4545
663: 16,2225,4455,3888,957
664: 1394,3703,3161
665: 3207,3122,881
666: 
667: 1021,1317,3992
668: 1390,2800,2520,3258
669: 2610,4291,1166
4082: 3847
671: 1488
672: 
673: 3479,36,3873,2051
674: 4217,708
675: 3541,964,2130,4201
676: 2687,2223,4762
4169: 2985,1991,4630
678: 3290,3230,3760,3102,4616
4778: 1132,4783
4365: 348
4414: 1569,1727,3845,2200
4322: 3946,2819,3301
683: 4635,2328
684: 
685: 576,1016,1985,904,2878
686: 3874,1013
4643: 2123,4742,4058
688: 326,4385,1229,3982
689: 4443,1071,3447
690: 
691: 1362,3764
692: 2872,2175,1715,4640
693: 1225,2251,3854
694: 4798,146,1169,482
695: 3723
696: 1097
4289: 797
698: 488
699: 4276,705,4698,3350,2892
700: 
4776: 4699,1625,2810,979
702: 3054,292,373,1841
703: 3057,2489
704: 3575
705: 2627,3492,878,699
706: 
707: 908,2510
708: 674,1802
709: 2003,3079,4170,4085,460
4052: 4056,3389,994,1590
711: 4118
712: 482,3064,3416
713: 2740,3684,2924,3070,4764,1235
4655: 4381,846,1388
4667: 1431,2938
716: 
717: 3068
718: 
719: 
4809: 3040,3182,1328,4066,206,3977,3537,1037,815,184,2385
721: 4782
722: 2319,1192
723: 1957,3314,2442,1284,2990
724: 
4502: 
4032: 4582,3277
727: 1992,4003
728: 1153,4355,148,1723
729: 2627,3492,1168,4384
730: 652,4198,2699,4308,877
731: 3055
732: 1299,3585,1693
733: 3485
4155: 4389,2803,3637,3932
735: 25,4791,4224
736: 4774,259
737: 3634
738: 2521,2596,1396
739: 4323,1539,2961
740: 
4118: 3232,711,1022
742: 135,1618,276
743: 2557,1245
744: 4445,4628,4006,1872
745: 897,4419,3615,2331,3707
746: 2385,2770,2459,3481
747: 766,1341,3042,1174,1191
748: 1230,1514
749: 
750: 801,3511,4298
751: 427,2781,4412
752: 4705,4725,390,3488
753: 67,996
754: 1723,2044
4134: 4733,3297,2553,2137,1405
756: 1838,1890,311
4122: 3988,4139
758: 448,4770,1790
4418: 2847
760: 4053,4001
761: 2946
762: 4401,587,851
763: 2565
764: 1463
765: 
766: 747,1174,1191
4823: 1740,3919,1848,4157,4714,3434,3023,893,4422
768: 1911
4775: 515,3623,4046,3917,3394,558,3951,354,551,182,3012
770: 4785,3466,4614
771: 2315
772: 791,1156,845
4220: 3920,3041,2971
774: 1583,292
3838: 1954,1761,1682,3341,934
776: 122,4767
3829: 905,2654,3253
778: 3193,3884,784,4215
779: 4248
780: 2240
781: 4364
4055: 3190
783: 3533,4295
784: 791,3884,778,4215
785: 
786: 
3818: 2594,2005,2848,2729,4485
788: 2575
789: 4427,1989,2026
790: 2842
791: 784,772,845
792: 3245,1935,4795
793: 2012,3687,4236,1203
794: 869,2239,2894
795: 1877,2814,1018,1905
796: 
797: 4289
4141: 4349,4805,326
3990: 
800: 
801: 750,3511,4424,98
4040: 959
4364: 781,463,3542
804: 3970,1179,3145,1143
805: 1137
806: 
807: 3627,1148,570
808: 331
4753: 2226,549
810: 1041,4614
811: 4067
3819: 
813: 3591,3381,3413,2231,4792
814: 3557,1392,4260
815: 184,4809,3034
816: 123,2175,3897
817: 
4763: 2386,132,2235
819: 1163,4335
4808: 4728,4347,3317,3308,367,3038,3779
821: 485
4772: 542,2448,4713,4459,4584,3289,4501,3605
823: 
3862: 2159
825: 
4321: 
827: 2253
3880: 512,67
829: 
830: 3559,459
831: 
832: 4238,3339,99,2280,1762
4616: 3102,678,3230,913
834: 2550
835: 2039,3549,296
836: 2492
837: 3450,885
838: 518,4369,428
839: 527
4311: 1530,2516
841: 3130,4199
842: 2267
843: 1794,4041,2526,1060
844: 4771,341,2252
845: 1786,3539,791,772
846: 3014,4655,4381
847: 3449,273,3257
848: 1464,2633,2858
849: 873,2224,3643
850: 
851: 762,2874
852: 1962
4661: 
854: 519,1407,4820,1502
855: 1707,886,394
856: 
857: 1081,4658,4111
858: 
859: 1479,69,4184,80
4787: 4009,4064,4388,879,1243,2208
861: 1631,2242
4726: 3750,3136
4647: 3403,1914
864: 2378,4707
865: 1598,2931,2021,4587
866: 1329,3486,4765,2483
867: 1907
868: 3069,1914,1746,254
869: 2554,794,2321,4807
870: 1027
871: 1933,2545
872: 509
873: 849,3903,248
4529: 
875: 2215
876: 120
877: 586,730,4308
878: 4698,2627,705,1395,3962
879: 4009,4787
4267: 113
881: 218,665
882: 495,2090,1054
883: 3884,3643
4345: 2326,946,2074
885: 2701,837
886: 3435,1707,855,394
887: 18,988
888: 4468,4090
4728: 4347,4808,3352
890: 1584,1593
891: 1943,1240,3290,3777
4073: 
893: 2782,1702,4422,4823,4157
894: 2500,4597,521
895: 2791
896: 1689,2312,1053
897: 745,2639,4419,3707
898: 3111,2441,4600
899: 1400,386,3569
4555: 3724,4307
901: 1788,4111,2880
4262: 4813,2492
4473: 4335,986,3320
904: 2126,685,576,2878
905: 3829,4385,2695,3982
4480: 
4781: 
908: 2795,707
909: 
910: 3599
911: 1859,431
3875: 4135,3959
913: 189,4616,3230,3155
914: 
915: 276,2028
916: 2903,1854,1601
917: 3266,2561,91,438
918: 
919: 4806,4166,1422
920: 3867
921: 1449,927,1090
922: 3417,3733
923: 2154,3783,1384,397
924: 1327,3485,4505
925: 2320,2992,392,2316
926: 1978
927: 4796,3908,921
4427: 1989,789,4047,2026
929: 2601,1274,2088
930: 4285,1119,2659,3795
3967: 
932: 192
933: 1575,3328,3470
934: 3940,1682,1761,3838
935: 3171,962,2191
936: 1484,2508
937: 2804,2919,40
938: 385,1315
939: 4686,4479,1062,4665,131
940: 347
941: 2758
942: 1927,3065,4724
943: 3016,1526,2969
944: 
4650: 2678,2381,1257
946: 4345,1050,3986,2074
947: 2193,1743
948: 1215
949: 4484,1156,2417
950: 2596,1396,1044
4143: 2439,2169
952: 3587,3259,3763,507
4720: 1020,2357,3083,1386,4719
954: 1261,1451,2588
955: 4770,2182
956: 4471,1185,1008
957: 2825,2225,663
3832: 3991
959: 3072,2626,4040
960: 4817,2982
961: 400
962: 1722,2140,1762,935
963: 4721,2999,2649
964: 3541,675,4100,1993,4201,3944
965: 615,4617
966: 
967: 
968: 4396
4679: 2830,4352
970: 3375
971: 4815,3102
972: 2893,1428,3084,2590
973: 4563,2176,3731,1458
974: 4384,4486,255
975: 3908,3350,2024,4623,2664
976: 4595,3551
977: 
978: 4634
979: 4776,3431
980: 1013
981: 
982: 3548,1908,4227
983: 193,4492
3892: 2703,4060,4807
985: 140,2452
986: 1171,1163,4473
987: 4491,2868,457,1956
988: 4208,887,4762
989: 2955,221,3524,66
990: 
991: 4545
992: 4330,4818
993: 1826
994: 4254,4052
995: 
996: 342,753
997: 4532,4376,4818,4173,2725
998: 1801,4511,2837
999: 1801
1000: 2716,2947,3961
4317: 4011
1002: 4027,1532,2789
1003: 1905,4494
1004: 557
1005: 3432,2384
1006: 1903
1007: 3376
1008: 956
3970: 804,2719
1010: 1598,282,4534,3081,2115
1011: 2660,1701,2634,523
1012: 3001,1972,3691
1013: 3874,686,980
1014: 4148,587,1294
1015: 
1016: 1742,685,3800,402
1017: 2010,1897
1018: 3906,795,1905
1019: 3279,3496
1020: 4720,2357
1021: 4095,667,2605,1611
1022: 1091,4118
1023: 4270,1619,4218
4093: 4768
1025: 3008
1026: 3388
1027: 870,4126
1028: 3459
4392: 4802,1368
1030: 3119,2008
1031: 2102,518,2279
1032: 69,4184,1961,2080
1033: 4447,3578
1034: 511,3499,2126,2545,2922
1035: 2727
1036: 1221,4020
1037: 3034,4066,4809,184
4785: 770,3466
1039: 4314
1040: 3881,3722,2347
1041: 810
1042: 1925,4619,3062
4215: 784,778,3193
1044: 3926,1477,2665,1396,950
4393: 
1046: 153,2028
1047: 
4439: 154,3631,2992
4527: 1281,4802,4660,1286
1050: 1251,3986,946,2413
4351: 507,2098
1052: 3764,1624,3806
1053: 3434,2312,1689,896,3243
1054: 4401,3711,882,2090
1055: 4810,3588
4051: 2736,2480,1313
4748: 3365
3825: 4114,1939,2515
1059: 4792,4139
1060: 1419,2526,1794,843
1061: 
1062: 3353,1715,4665,939,131
1063: 1841,4766,3882
1064: 4711,1514,2205,1230
1065: 3958,1316
1066: 2377,1967,3548
1067: 2831
4596: 3480,4128
4481: 1083,1721,1265,4703
1070: 4406,3280,3074
1071: 3006,3456,3403,689
1072: 4658
4313: 3731,1757,2176,3090,1177
1074: 1284,2990,2056,2442,2266
1075: 
1076: 3443,3245,4795,3562
1077: 3453,284,4269
1078: 2827,2328,4674
1079: 3432,3639,2991
1080: 289,1486,3612
1081: 4197,4658,857
1082: 2278,3633,3907
1083: 1721,4481
3973: 2155,2319
1085: 
1086: 3408,215,4406
1087: 76,2444
4566: 
1089: 248
1090: 2004,921
1091: 1022,4682,4766
1092: 4746,3201,556
4334: 3302,1819
1094: 3633
1095: 2955,1622
1096: 462
1097: 4387,559,696,4190
1098: 
4705: 752,3488,4536,1980,4112
1100: 3959,3313
4489: 220,630,236
1102: 4340
1103: 4557,18
1104: 4242,2431,4571,3279,3185
1105: 
1106: 4524,2724
1107: 
1108: 2330,1189,4773
1109: 1736,2233
1110: 497,4771
1111: 
4112: 2347,4705,1275
1113: 3612
4562: 4707,4558
1115: 2815
1116: 3455,1256,4409
1117: 2565
4068: 
1119: 2562,2659,4285,930
1120: 1806,3811
4114: 1939,3825,2515
1122: 2072,4747
4041: 1794,843,150
1124: 1681
3795: 173,1677,930,1722
1126: 1978,3419,1220
1127: 4256
1128: 2299
1129: 3352
1130: 4631
1131: 272,2124
1132: 2569,2834,3303,4778
1133: 67,3544
1134: 227,1255
1135: 3055
1136: 2941,1995,338,4640,2512
1137: 4465,3802,4079,805
4340: 1911,4514,1102
4140: 4567,1307,494,1891
1140: 1529,3778
1141: 3377,1181
1142: 3304
1143: 3145,804
1144: 
1145: 4551,2926
1146: 2697,3869,1198,2760,300
1147: 
1148: 570,3214,2711,807
1149: 1512,1592,4738
1150: 1153,4355,3834,2035
1151: 3210,2196,2248,425
4182: 3527,2424,1251,2914
1153: 148,728,1150,4795
4161: 305,3002,1375
3823: 3905,4020
1156: 2417,3643,949,772
1157: 2958,4656,2967
1158: 
1159: 1349
1160: 298,4513,1746
1161: 3188,568,2857
1162: 1218
1163: 986,819
1164: 2737,2197
4504: 4300,4327,4814
1166: 2104,669,1996
1167: 4761
1168: 3492,729
1169: 4494,1947,694,4798,2764
1170: 2753,3240,1739,439
1171: 986
4811: 2038,4784,3061,2781,252,4556,350
1173: 4561
1174: 3042,766,747,1990,1191
1175: 1948,4151,2861
4575: 1791,4421
1177: 54,3090,4313
1178: 444,1743,1225
1179: 3060,3145,804
1180: 1550,4263,3138,4821
1181: 1816,1406,3202,1141
1182: 369,3410
4686: 3374,939,4479
4179: 3059,4609,1337
1185: 3775,4138,956
1186: 
1187: 2763
4730: 2901,2644,4546
1189: 278,1108,4773
1190: 4768,4409,2531
1191: 1174,766,747,1990
1192: 1767,1293,722,2295
4511: 998,1801
1194: 1862,4488,2744,3415,1476
1195: 3833,2944,1372,2362
1196: 571
1197: 3562,2413
1198: 2697,1146,2760,586,3531
1199: 3184
4429: 
4278: 4745,4352,3024
1202: 
1203: 793,4236
4793: 1572,2487,2505,1951,3692,3593,4070,4672,2166
3811: 1120
1206: 4649,352,2654,1793
4624: 3585,1866
1208: 1688,4216
4250: 4472
1210: 231
3826: 2501
3946: 4322,2513
1213: 
1214: 1929,1544
1215: 437,948
4531: 3191,3775,2062
1217: 
1218: 1162
1219: 
1220: 226,1126
1221: 1036
1222: 3463
1223: 100,4180
1224: 
1225: 693,1178,444
1226: 3780
4810: 4404,1055,3588
1228: 3982,3530
1229: 326,688,337,4649,352
1230: 748,1064,1514,2205
1231: 341,1686,2142
1232: 1389,3806
1233: 
1234: 3751,1254,3366
1235: 3684,713,4764
4495: 
1237: 3275
1238: 
1239: 488
1240: 1943,891,3777,3169
3852: 4526,3533,1469,3687
1242: 2095,4186
1243: 4787
1244: 650
1245: 3815,225,4791,743
1246: 88,1342
4259: 
1248: 3424
4446: 4466
1250: 2236,2154
1251: 1050,2914,4182
1252: 
1253: 4447,4407,4816,460
1254: 433,160,3751,1234
1255: 4508,1134,138
1256: 1116,1685,654
1257: 4650,2678
1258: 2733,3332
1259: 4157
1260: 2932
1261: 954,3794,2629,2588
1262: 2216,517,3771
1263: 3568
1264: 3837,2452
1265: 3395,1992,4703,4481
1266: 3732,156
1267: 1932,4729,4105
1268: 2210,1326
1269: 379,1401
1270: 1735,1737,599,3393
1271: 4281
3955: 4212,2813,1325,3610
1273: 
1274: 929,2601,2088
1275: 3722,3650,390,4112
1276: 270,3079,4170,3952,3184
3827: 4147,1528,2128,3781
4308: 2788,2724,2688,730,877
1279: 3031
1280: 
1281: 4527,1605,4802,368,4660
1282: 3557,1735,1737
1283: 41,1298
1284: 1074,2990,2056,2442,1957,723
1285: 2227
1286: 1576,4527,4802
4188: 2213,4258,4226
1288: 2339,2855,1302
1289: 2181,2364
1290: 3186
1291: 4739
3837: 1264,2452,140
1293: 1767,1192,2295,3240
1294: 1014,4148,628
1295: 1563,2958
1296: 434,1344
1297: 190,4671,2937
1298: 4279,1283,41
1299: 732,1617
1300: 2775,3179
4768: 4093,1190
1302: 2119,1288
1303: 2662,3804,4156
1304: 4764,2763
4328: 3046,47
1306: 1912,2798
1307: 4567,4140,3225,1870
4411: 4606
1309: 1385,1729
1310: 4584,1734,88
4436: 
1312: 1788,2287
1313: 4051,3100
1314: 1824,3824,1438,242
1315: 2518,3510,3076,1506,938
1316: 2795,3958,1065
1317: 2219,667
1318: 33,3627,3808
1319: 2318,1879,3460
1320: 4790,2971
1321: 3565
4238: 832,4390,4005
3858: 3440,3356
1324: 3391,2181
1325: 3610,2908,4663,3955
1326: 4644,2977,1268,2210,3178
1327: 924,3485,2229,3465,1874
1328: 4809,3040,2911,3977
1329: 866,3486,4765,2483
4209: 4548
1331: 23
1332: 2182,2352
1333: 
1334: 3699,625
1335: 
4404: 4810
1337: 3998,4609,4179,3504
1338: 
3929: 121,4554,4312
4171: 
1341: 747,3351,4534,3042
1342: 3189,51,1246,426
4672: 2166,4793,2487
1344: 4059,1296,434
1345: 2983
4036: 4166,1541,163
1347: 
1348: 3396,3609
1349: 1159
4558: 4562
1351: 2886,4758
1352: 433,160,3076,385
1353: 
4011: 4317,179
1355: 
1356: 
1357: 
3974: 3899,4255,2246,2114,4702
4254: 994
1360: 
4335: 4473,819
1362: 691,2757
1363: 2370,3992,1552
1364: 
4269: 3615,1077
4571: 1104,2431,1763,3279
1367: 2805
1368: 2963,2064,1566,4392
1369: 1696,312
1370: 3293,1623
4294: 2196
1372: 1195,1485,2362,227
1373: 2841,4323
1374: 7,2616,3716,1678
1375: 4161
1376: 2944,1736,4508
4463: 2652,2049
3889: 1937
1379: 
3958: 3071,1316,1065
4070: 4793,2166
1382: 0,579,3987
1383: 2406
1384: 2894,923,397
1385: 1309,3243,214,2071,1729
1386: 2521,4720,2357
1387: 1787
1388: 4655
1389: 1232,2692
1390: 668,4556,2520
1391: 4651,2782,1901,4685
1392: 2745,814,4260
4644: 1545,2977,1326,2210,375
1394: 664
1395: 3844,3962,4384,2627,878
1396: 2596,950,1044,2665,738
1397: 3297,474,3737
1398: 4078,4622,2125
4403: 375,3552,4798
1400: 899,3569,2107,3096
1401: 1269,4177
4272: 4038,2572,77,1550
4129: 4277,2700
1404: 271,1905
1405: 2137,1436,4134
1406: 1181,1816,1898
1407: 519,854,4820,3575,2858
1408: 3250
1409: 42,2428
1410: 4014,97,3209
1411: 3239,2,3866
1412: 2771
1413: 3650,2572,2659
1414: 3981,2110,4617
1415: 1454,3431,2964
1416: 
1417: 2254,4493,2307,181
1418: 2615,473,2477
1419: 1060,4375
3947: 1821
1421: 4699,2255
1422: 13,4166,2883,4806,919
1423: 2208
1424: 3019,1757
1425: 2906,3160
1426: 
1427: 
1428: 3084,3764,972
1429: 2625,1785,3120
1430: 
1431: 1941,4667,2938,2953,447
1432: 3191,1712
1433: 1468
1434: 336,2483,260,4765,242
1435: 2149,4791
1436: 2137,1405,1637,3677
1437: 4047,2573,477,2063
1438: 4765,1824,1314
1439: 2719,1913
4708: 3571,4526
1441: 456,3723
1442: 3116
1443: 2217,2746,4355,2035
1444: 
1445: 4377,4625
4749: 2555
4243: 1961,3654,1944,3216
1448: 2582,2589,4090,3744
1449: 921
4711: 1064,2155
1451: 2699,2588,954,4198
4074: 2279,2597,2455
4615: 2259
1454: 3489,2810,1415
1455: 4663,3607,4121
1456: 4266,577,2816
4185: 431
1458: 4428,3731,4000,973,435,4123
4599: 1908
4685: 214,2071,2782,1391,2731
1461: 3688,1848,3260
1462: 3783,2321
1463: 764
1464: 848,2633,321
1465: 4503,2256,3715
1466: 4117
1467: 3810,3360
1468: 502,1433
1469: 3533,3852,3632
1470: 3647
1471: 300,3869,4457,4815
1472: 207,1697,481,505,4271,3368
1473: 
1474: 1975,503,1649,4231
1475: 3271,2175,3792,2872
1476: 3415,1194
1477: 3926,1044,3611,2665
1478: 4717
1479: 69,2961,80,859
1480: 154,1903,3665
4428: 3731,1458,4000
1482: 1976,4673,2395
1483: 2314,638
1484: 936,2792,2037
1485: 640,2362,2009,4800,3859,1372
1486: 1949,1080
1487: 
1488: 2329,671
1489: 
1490: 3269
1491: 2568,3894,4376,2942
1492: 4484
1493: 1891,3044,2851
3906: 1018
4138: 3775,1185,3746
1496: 2408
1497: 3568
1498: 3948,4496
1499: 4309,2125
1500: 
4674: 2328,4642,2860,1078
1502: 854,611,2835,4306
1503: 579,2229,3987,156,3109
1504: 2246
1505: 
1506: 2589,1315,2518,3510
1507: 
1508: 3645,2217,1833
4723: 1562
4277: 4129
1511: 1789,429,607,4621
1512: 1149,1592,2296
4165: 365,4391,3438,456
1514: 1064,2205,1230,748
1515: 3233,1647,3888
1516: 1888,3081,2115,3667,4147
1517: 3597
4568: 3729
1519: 
3981: 1414,4505,3485
1521: 2366,4053
1522: 2113
4443: 1688,4805,689
4080: 
1525: 1991,4477,4630,3430
1526: 943,4678
1527: 
1528: 1990,3827,4147,3781
1529: 1140
1530: 426,4311,3189
1531: 547
1532: 1002,2432
1533: 2585,3914
4421: 4575
4820: 519,1407,854,4747,2516,611
1536: 409,594,4470,1939
1537: 
1538: 
1539: 69,4274,2961,4733,739
1540: 3465,1874,2536,0,579
1541: 13,4036
4518: 3188,4211,2056
1543: 1592,1810
1544: 1929,1214,2185
1545: 4644,2977,375,1947,4798
4510: 
3928: 4083
1548: 3207
1549: 1766,3847
1550: 1180,4272,77,229
1551: 2533,1754,3111
1552: 3992,1363,1709
4132: 279
1554: 425,3369,2640
4224: 4791,2806,735
1556: 305,3188
4475: 
1558: 2405,3108,3343
1559: 4246,2019,4721,1778
1560: 4233,274,3300
1561: 4084
1562: 3054,4723
1563: 1295,1661
1564: 
1565: 
1566: 2963,2064,1368,1699,3887
1567: 404,4316,3536
1568: 
1569: 3580,4414,532
1570: 3845,4633,2761
4503: 2209,1465,3536,4476
1572: 4793,2487,3692
1573: 247,2187,1704
1574: 
1575: 933,3328,1676,3225,2851
1576: 1286,4802
4184: 69,1032,859,2080
1578: 3841,2620,146,2745,3064
1579: 
1580: 3598
4543: 
1582: 
1583: 774,292,605
1584: 3584,3621,890
1585: 
1586: 3430,45,4477
4449: 1867,4670
4323: 3508,739,1373,2841
1589: 631
1590: 3389,4052,1734
1591: 1639,580,469
1592: 1149,1512,1543,2296
1593: 3560,890
1594: 2917,3621,4160,32,3968
4189: 4506,396
1596: 
1597: 
1598: 865,1010,2021,1642,282
1599: 628,1932,4105
4476: 2812,4503,3536
1601: 2903,916,1854
1602: 3224
1603: 291,340
1604: 1677,3657,2140
1605: 1928,534,1281
4539: 4822,3419,226
3865: 
4240: 
1609: 4409,2399,2531
1610: 571,4145,522
1611: 1021,3114,3540
1612: 383
1613: 2859,4758,4388,656,4064
1614: 
1615: 
4610: 3671,199
1617: 342,1693,4553,1299
1618: 4656,2967,2637,742
1619: 1023,4270,4218,2327
4553: 1617,1693
1621: 4739,3718
1622: 3349,1095,4542
1623: 1370
1624: 1052,3764,2324
1625: 4699,2255,3676,4776
4015: 2313,1941
1627: 
1628: 3356,2335
1629: 2582,2589,2432,2518,3510
1630: 4692,2143
1631: 861,2502
1632: 4671,3298,3408
1633: 4670,3897,338,3313
1634: 3866,3724,3444,4307,2
1635: 2669,2461
1636: 2176,3090,3035,4563
1637: 2137,1436
1638: 1968
1639: 1591
1640: 2474,1791
4453: 19,4069,2389
1642: 111,3351,282,2021,2635,1598
3908: 975,2024,4796,927
1644: 2402,60
1645: 
1646: 17,4305,175
1647: 3233,1515,2241,3199
4066: 4809,3040,1037,184
1649: 4019,4231,1975,1474
4387: 1097,2808,4546,2666
4021: 3899,4255,3526,1895,621
1652: 2790
1653: 2005
1654: 
4217: 674
4671: 3298,3447,1632,1297
3962: 1395,3844,878,4796,2024
1658: 
4492: 983
4556: 350,4811,1390
1661: 4424,1563
1662: 1878,2880
1663: 2132,1785,2768
1664: 3522,4150
3903: 873
4284: 2055,102
1667: 3494
1668: 2396,2097,3254
1669: 4788,4356
4168: 164
4432: 
1672: 629
4729: 302,2020,3018,1267
4589: 2734,3964,3480,3374,3461
1675: 284
1676: 1927,1575
1677: 1604,1722,2140,3795
1678: 3567,1374,3716,4818,125
1679: 1836,643,3746,2350,1738
4170: 709,3079,270,1276
1681: 1124
1682: 2962,271,3341,934,3838
3815: 225,1245,4791
1684: 3195,4369,2117
1685: 3410,654,1256
1686: 1231
1687: 1856,606,1926
1688: 1208,2698,4805,4443
1689: 2343,896,1053
1690: 
1691: 
1692: 4799
1693: 1617,4553,3585,732
4617: 1414,965
1695: 
1696: 1369,2338
1697: 207,1472,481,505,4822
1698: 2316
1699: 327,3887,2828,3367,64,1566
1700: 2567
1701: 2660,4583,3402,543,1011
1702: 2782,893,4157,1901
1703: 
1704: 2187,1573
4455: 3888,663
1706: 2078,1747,491
1707: 855,886
1708: 3326,2652
1709: 4314,3234,1552
1710: 
1711: 3526,1895,4780,3517
1712: 528,1432
1713: 4642,4792
1714: 
1715: 692,2872,3353,1062,4640,3200
1716: 2602,583
4774: 736,371,259
1718: 
1719: 371
4419: 897,745,2331,3077
1721: 1083,4481,1789
1722: 962,1677,173,3795
1723: 754,728,2217
1724: 3196,61,3125
1725: 
1726: 4779
1727: 3580,4414,3845,2200,1770,2871
3953: 3316
1729: 2731,1385,1309,214
4102: 3088,3155
3963: 4203
1732: 2350,2915,1738,3227,3714,3115
4208: 988,4762,3808
1734: 4459,4584,3389,1310,1590
1735: 1737,1270,3393,1282,2378
1736: 2944,1109,1376
1737: 1735,1270,2766,1282
1738: 2350,1732,3227,3881,1679,1836
1739: 3525,1170,3240,439
1740: 4823,1848,4206,2340,3023
3846: 446,77,229,2572
1742: 1016,4548
1743: 1178,444,947
1744: 2863,2517
4099: 
1746: 4362,298,1160,868,1914
1747: 1706,2078,100
4046: 515,4775,354,3012
4584: 4459,1734,1310,4772,88
1750: 
3801: 3688,155
1752: 3087
1753: 589,634
1754: 3100,1551
1755: 
1756: 4731
1757: 3731,4313,1424
1758: 
4670: 1633,3897,3959,4449,3313
3803: 3552,3158,4200,2221
1761: 1954,3838,934
1762: 2280,3734,832,962,2140
1763: 4058,2189,3279,4571
1764: 2824,3152,3711,4239
1765: 3874,2610,2046
1766: 1549,3847
1767: 1192,1293,1875
1768: 3916,2586
4115: 261,1782,2847
1770: 1727,2871
3797: 4695
1772: 
1773: 
3794: 2334,308,1806,1261
1775: 3712,164,2224
1776: 2778,2937,3456
1777: 1890,3765,311,4113
1778: 2485,3399,2019,1559
4721: 963,2999,2649,1559
1780: 4623,415,4626,2892,3350
4424: 801,98,1661
1782: 4115
4201: 3820,2130,3347,4100,675,964
4623: 1780,415,2892,975,3350,2664
1785: 2768,1429,1663,2132
1786: 3539,845,2826,2756
1787: 1387
1788: 901,1312,2880,2287
1789: 1511,168,1721
1790: 3003,758
1791: 4575,3175,1640,2474
1792: 4442
1793: 4605,1206,215
1794: 4207,4041,843,1060
1795: 4382
1796: 2755,1916,640
3968: 2890,1594
1798: 2453,3491
4104: 28,3671,4606
3961: 2947,443,1000,2370
1801: 998,4511,999
1802: 3763,4242,2431,708,2714
3893: 2069,1928,4660
4678: 1526
1805: 
1806: 1120,3794,308
4124: 
1808: 
1809: 4564,4006
1810: 113,1543
1811: 
3833: 1195,190
3910: 2374,4542,3232,2266
1814: 
4081: 4095,4210
1816: 1181,1406,3202,1898,2854
1817: 3871,2555
1818: 
1819: 4334
1820: 2288
1821: 3947
1822: 618
1823: 47
1824: 1314,4818,125,1438
1825: 
1826: 2837,993,243,4789
4482: 
1828: 
1829: 2873,3229
1830: 
1831: 3554
1832: 2564
1833: 2356,3645,1508
1834: 236,4113,2661
1835: 4569,2430
1836: 1679,643,3881,1738
1837: 1855,2197
1838: 756
1839: 
3810: 1467
1841: 1063,373,702,4766
1842: 4149,4094
1843: 
1844: 618,2543,3044
4336: 2502
1846: 3663,1994
4248: 779
1848: 4206,3260,1461,1740,4823
4534: 3351,282,1010,3042,2115,1341
4198: 2699,1451,2688,730
1851: 2384,3326
1852: 4790,1963
4094: 4149,439,1842
1854: 4309,916,2497,1601
1855: 1837,3956
1856: 606,1687,4600
4773: 257,1108,1189
1858: 
1859: 2430,2301,3062,911,3674
4338: 
4530: 2061,622,532
1862: 4488,1194,2199,2744
3840: 
1864: 2128,3415
1865: 3368,3419,207,4822
1866: 4624,3078
1867: 4449
1868: 
4266: 3573,3446,1456
1870: 1307,1919,4815
4178: 2986
1872: 3912,744,4628,2375
1873: 3980,3577
1874: 3465,1540,579,2229,1327
1875: 2193,1767
4496: 3784,1970,4588,1498
1877: 3178,2814,795
1878: 1662,3292
1879: 2615,1319,3460
4389: 4155
1881: 3,538
1882: 3368
1883: 4252,3105
4442: 3262,1792
1885: 
1886: 2959,16,2926
3919: 2606,4823
1888: 3081,1516,5,3667
4297: 3558,3824,2732
1890: 1777,756,311
1891: 1493,494,4140,2851
1892: 
4677: 
1894: 
1895: 1711,3526,4780,4021,3899
4045: 581,2112,4144
1897: 1017,2010
1898: 3979,1816,1406
1899: 
1900: 2984
1901: 2782,1702,4651,1391
1902: 351,2524
1903: 2031,1006,1480,3665
1904: 3768
1905: 1003,795,1018,1404
4355: 728,1150,2217,1443,2035
1907: 867
1908: 4599,2377,982
1909: 3008,2810
1910: 2067,187
1911: 4340,768
1912: 1306,2798,2348,4814
1913: 2060,1439
1914: 868,298,4647,1746
4681: 3554
1916: 432,4800,640,2755,1796
1917: 
4192: 2895
1919: 3225,3328,2558,1870
1920: 
1921: 3085,3362,3152
4485: 4731,2729,538,3818
1923: 
1924: 
1925: 1042,4619
1926: 4200,2221,1687,3422
1927: 942,1676
1928: 1605,2069,3893,4660
1929: 1544,1214
1930: 
1931: 3720,4251
1932: 1267,2657,4105,1599
1933: 871,4049,4769,2545,111,3351
1934: 
1935: 792,3983,2985,4795
4031: 3472,2198
1937: 3889
1938: 430
1939: 4114,4595,2424,1536,3825
1940: 3940
1941: 1431,447,3417,4015,2313
1942: 
1943: 1240,891,3601
1944: 4243,1961
4799: 4012,1692
4244: 
1947: 1169,1545,2977,4798
1948: 1175
1949: 1486,3470
1950: 3583,529
1951: 2505,3692,3411,4793
1952: 4002,4815
1953: 3934,4098,2642
1954: 1761,3838,3565
4260: 2501,814,2404,1392
1956: 457,3251,987
1957: 2888,723,1284,2990,4211
1958: 3071
4500: 4059,2340,2312,4206
1960: 
1961: 4243,624,2080,1032,1944
1962: 4812,852,4581
1963: 4790,1852
1964: 2978
1965: 
4361: 3428,3072,2237
1967: 1066,2377
1968: 3097,213,1638
1969: 662
1970: 3784,4496
1971: 155,3502
1972: 3001,4003,1012
1973: 417,4691,2392,3066,4821,4796
1974: 
1975: 503,1474,1649
1976: 1482,4673,2395,4237
1977: 3798,4186
1978: 1126,926
4133: 
1980: 4536,2820,4705,3488,3484
1981: 38,163,3682
4683: 4086,2948
1983: 4757,3362,2595,291
1984: 
1985: 402,89,685,3640,2878
1986: 2320,347,2030,2863
1987: 3733,38
1988: 
1989: 4427,789
1990: 1528,1174,1191
1991: 1525,4477,4169
1992: 2496,1265,727,134,4316,4003
1993: 3883,3268,964,3944,2206
1994: 3663,1846,2273
1995: 2941,1136
1996: 1166
1997: 4167
1998: 2636,646,2825
1999: 489,2648,4622,4512,2968
2000: 3564,3902,2643,4752
2001: 
2002: 2301
2003: 709,3079,2372,3519
2004: 1090,4218,2181
2005: 2594,3818,1653
2006: 2395
2007: 
2008: 1030
2009: 1485,640,2362,4800,3859
2010: 1017,2317,1897
2011: 
2012: 793,3687,4236,3263
4805: 2698,3976,1688,4141,4443,3370,337
2014: 3146
4202: 2625,4315
2016: 4519
3972: 3185,3769
4049: 3754,4769,111,1933
2019: 4246,1559,4079,1778
2020: 302,4729,3018,2640,623
2021: 2635,865,1598,1642
3956: 1855
2023: 430
2024: 975,3908,3350,3962,4698,4796
4166: 1422,919,4036
2026: 487,4427,789,4047
4519: 555,2016
2028: 1046,915
2029: 
2030: 1986,2863
2031: 1903
4682: 2857,1091,4766
4197: 1081,3603,3014
2034: 4739,3718
2035: 594,2914,4355,1150,1443,2746
2036: 
2037: 3830,428,1484,2508
2038: 4811,609,4784
2039: 835,3549
2040: 4807
4479: 3374,939,4686,3169
2042: 2619
2043: 2537,4651
2044: 754
2045: 3053
2046: 3812,2610,3874,1765
2047: 2488,2171
2048: 4603,34
2049: 3647,4463
2050: 3984
2051: 3873,2608,673,3487
2052: 3205,4795,3409
4464: 3109,3732,2456,2136
2054: 
2055: 4284,4213,349,2630
2056: 1284,1074,2990,4518,4211
2057: 3430,2721,4801
2058: 
2059: 4715
2060: 1913,533
2061: 4530,2308
2062: 3191,4531,3054,605
2063: 3108,3343,1437,477
2064: 1566,1368,64,368
2065: 
2066: 512,3853,2936
2067: 1910,2373,2501
2068: 3470,3760,2129
2069: 3509,1928,3893
4123: 2460,1458,4000,435
2071: 4685,214,2782,4422,1385,3243
2072: 2759,1122
3824: 1314,4297
2074: 3986,946,4345,2326,357
4347: 4728,4808,340
2076: 2663
4300: 4504,4327,4814
2078: 1706,1747,3284,4766
2079: 2704
2080: 1961,624,4184,1032
3841: 1578,2451
2082: 
2083: 2435
2084: 303,174
4765: 1438,4688,3978,1329,866,3486,2483,260,1434,242
2086: 2852
4086: 4683,2948
2088: 3902,1274,929,3564
2089: 
2090: 3085,882,1054,3711,3152
4258: 4188,2213,4226
2092: 
2093: 
4160: 2917,1594,3621,2835
2095: 1242,4186,2466
2096: 4177,2689,4817
2097: 3254,137,1668
2098: 4803,4351
2099: 2530
2100: 4576,3685,4390,2817,3657
2101: 3176,3768
2102: 1031,4357
2103: 
2104: 1166,3560
2105: 3739
3809: 4786,4789,3369
2107: 1400,3096
2108: 2249,2230,9
2109: 279,2452
2110: 3217,1414
2111: 204
2112: 4144,4045,436
2113: 1522
2114: 4702,3974
2115: 3042,1010,4534,3081,1516
2116: 3532,3192,3082
2117: 3195,2167,1684
4498: 3318,2421,2655
2119: 3704,1302
2120: 290,2393,3546
2121: 2931,2477
2122: 3058
2123: 4643,4058
2124: 3504,1131
2125: 4622,4309,1499,1398,4078
2126: 904,4769,2545,1034
4005: 4390,2817,511,4238
2128: 2241,1864,3827
2129: 2068,3470,3760,3328,2558
2130: 3820,4201,675,422
2131: 3618,2812,4602,2330,3784
2132: 1663,1785
2133: 2334,494
4585: 0,4580
2135: 2793
2136: 3732,4464,2607,3357
2137: 1405,1436,1637,4134,2553
2138: 2595,2860
2139: 443
2140: 962,1677,1604,1762
2141: 324
2142: 3931,1231
2143: 1630
2144: 2783
2145: 2203
2146: 2629,2588,2563,107
2147: 
2148: 
2149: 1435,4791,3916,225
2150: 3420
4658: 1072,1081,857,4111
4001: 760,2656
4804: 
2154: 923,1250
2155: 3973,4711,2295
2156: 
2157: 4199
2158: 181,175
2159: 233,3862
4017: 
2161: 4648,3611
4466: 4446
4177: 2096,1401,4817
2164: 2949
2165: 8
2166: 4672,4793,4070
2167: 3195,2245,127,2117
4788: 4356,1669,3590
2169: 2461,4143,3512,2592
2170: 4758,3592,656
2171: 3935,2488,2047
2172: 3665
4034: 3041,202
2174: 
2175: 3271,1475,816,692,2872
2176: 1636,4563,973,3731,4313
2177: 46,2223,4762
2178: 107,3727,4567,2277
3851: 
4777: 
2181: 1289,2004,1324
2182: 1332,955
2183: 4097,4669,4533
2184: 
2185: 1544,41,4279
2186: 489,3465,2536
2187: 3083,4719,1573,1704
2188: 
2189: 4742,4058,1763
2190: 3498
2191: 3497,3975,3734,935
2192: 
2193: 947,567,86,1875
4422: 2782,893,4823,3434,3243,2071
4083: 2711,103,3928
2196: 1151,3210,4294,4735
2197: 3591,1837,1164,2737
2198: 4031,3342
2199: 2744,2503,1862
2200: 3845,4633,4414,1727
2201: 4572
2202: 
2203: 2354,2517,2145
4666: 4261,64,2978,2828
2205: 3525,1064,1514,1230
2206: 2758,3571,3944,1993,3268,4103
2207: 2723,3674,431,4131
2208: 4787,1423
2209: 4503,4462,4602,4371
2210: 2368,3158,1268,4644,1326,375
2211: 
4207: 1794,2865,3582,366
2213: 4188,4258
2214: 2378
2215: 3691,875
2216: 2455,1262,517,3771
2217: 1443,4355,1723,1508
2218: 3605
2219: 1317
2220: 3721
2221: 1926,4200,3158,3803
2222: 
2223: 676,2177
2224: 164,1775,849
2225: 16,663,2351,957
2226: 4753
2227: 1285
2228: 
2229: 579,1503,1874,3109,1327
2230: 2108,3777,3964
2231: 4423,323,813,3381
2232: 
2233: 1109,3272
4273: 4275
2235: 4763
2236: 1250,4304
2237: 3564,4361,3428
2238: 
2239: 59,794,2894
2240: 780
2241: 2128,3199,3233,1647
2242: 861
2243: 
2244: 
2245: 3195,2167
2246: 1504,3899,3974,3412
4526: 3852,4708,3533
2248: 1151,3210,425
2249: 2108,3088,2817,9,4576
4309: 1854,1499,2125
2251: 3161,693
2252: 3659,844,497
2253: 3835,827
2254: 1417,4493,2882,2307
2255: 4699,1625,3676,1421
2256: 3468,3715,1465
2257: 
4239: 2595,3362,1764
2259: 4615
4069: 3861,3378,4453
2261: 3498
2262: 3998,381
4634: 978,3357,4578
2264: 
2265: 
2266: 3232,2374,3910,1074
2267: 842
2268: 3282
2269: 
4699: 2255,1625,1421,4776
4535: 478,2698
2272: 127,2919,2337,2889
2273: 1994,3168
2274: 327
2275: 3817,2996,3255
4142: 94,2396
2277: 4567,300,2178
2278: 1082,4812
2279: 4074,4214,1031
2280: 1762,3734,832,3750,99
2281: 
2282: 
4063: 4381
2284: 3392,3312,4407,3471
2285: 
2286: 435,4732
2287: 55,1788,1312
2288: 1820
3856: 315,424,2969
2290: 
2291: 487,3343
2292: 2421,2770
4607: 595
2294: 
2295: 2155,1192,1293
2296: 3703,1512,1592
2297: 557,3378
4312: 3603,3929
2299: 1128
2300: 
2301: 2002,3062,1859,2430
4621: 606,607,1511,4593
4352: 3181,4278,4679
2304: 4755
4819: 3629,3848,2876
2306: 2500
2307: 1417,2254
2308: 2712,3036,2061
2309: 
3915: 3388
3949: 2522
2312: 2340,4500,1053,3023,896
2313: 4015,3417,1941
2314: 1483,3385
2315: 3954,771
2316: 3665,392,2320,925,1698
2317: 2010
2318: 3870,4524,1319,3176
2319: 3973,722
2320: 925,1986,347,2316
2321: 869,4807,1462
2322: 
2323: 470
2324: 1624,383,2994
4592: 4458
2326: 4345,4487,2074,357
2327: 2608,1619,3487,2337
2328: 4642,4674,1078,683
2329: 1488,4656,276
2330: 4174,1108,4602,4371,2131
2331: 3615,745,4419
2332: 
2333: 51
2334: 3794,308,2133
2335: 3440,3356,1628
4362: 1746,4426,4315,4800,254
2337: 3487,2327,2889,2272
2338: 27,1696
2339: 1288,2855,3537
2340: 2312,4500,4206,1740,3023
3847: 1549,1766,4082
2342: 182,609,3012
2343: 1689,3683
2344: 4053
2345: 
2346: 2404,2373
2347: 4112,3722,1040
2348: 4814,1912
2349: 3467,318
2350: 1732,2915,1738,1679,3746
2351: 2225,4551
2352: 1332
2353: 
2354: 2203,2517
2355: 4474,2838
2356: 1833
2357: 4720,1020,2596,1386
2358: 4190,4704
2359: 2597,4214
4407: 3312,2284,4447,3471,1253,4816
4095: 1021,4081
2362: 1485,2009,3859,1195,1372
4092: 
2364: 3607,1289
4384: 4350,974,2627,729,1395
2366: 1521
4405: 4075,3344,2777
2368: 3158,4600,2210
2369: 4468
2370: 1363,443,3961,3234
4727: 2989,598,558,3474
2372: 4563,3578,2003
2373: 2067,2404,2346,2501
2374: 3910,2266
2375: 2757,1872,4506
2376: 
2377: 1066,1908,1967
2378: 864,1735,2214
2379: 4461,2638
2380: 377
2381: 4650
2382: 4817,4441
2383: 2482,3515,2738
2384: 1851,4373,1005
2385: 746,4809,3182,3537
2386: 4763,3645
2387: 
2388: 3720
2389: 4453,79
2390: 4109
2391: 4580,3799,217
2392: 255,2419,3066,1973,4691
2393: 2120,3546
3886: 536,2613,421
2395: 2006,1976,1482
2396: 1668,4142,4657
3874: 1013,1765,2046,686
4261: 4666,534
2399: 1609,2531
4060: 3892,3661
2401: 2686,428,4440
2402: 3542,1644,463
2403: 4071,3487,399
2404: 2346,4260,2501,2373
2405: 1558
2406: 3922,1383
4532: 997,4376,4330,4818
2408: 3156,1496
2409: 601,2785,622
4801: 2721,2057,3322
3894: 1491,3597
2412: 335
2413: 3834,3630,1197,1050
2414: 3432,2991,492
4098: 3934,1953
2416: 3512,3693,110
2417: 1156,3643,949
2418: 
2419: 2392,319,4263,4691
3895: 
2421: 4498,2292
2422: 615
3960: 3688
2424: 4595,3527,4182,594,1939
2425: 
2426: 307
3944: 3571,2206,1993,3541,964
2428: 370,1409
2429: 
2430: 1859,2301,1835,188
2431: 1104,4242,4571,1802
2432: 1532,1629,2582
4600: 2368,898,1856
4022: 
2435: 2083
2436: 4554
4020: 1036,3823
2438: 
2439: 4143,3669,3170
2440: 62
2441: 3462,898
2442: 66,723,1284,1074
4494: 1169,1003,2764
2444: 1087
2445: 2776
2446: 472
2447: 245,3179
2448: 4713,2999,4772
3882: 150,1063
2450: 
2451: 3841,274,3300
2452: 3837,1264,985,2109,140
2453: 1798,3491
2454: 
2455: 2216,517,2597,4074
2456: 3732,4464,3109
2457: 
2458: 4598
2459: 3137,4413,746,3481
2460: 4123
2461: 2169,1635,2592
4126: 1027
2463: 
4299: 
4271: 1472,3368
2466: 2095,4186
2467: 2647,3821,2912
4396: 2655,968
2469: 
4276: 699,4626,2892
4305: 1646,17,2913
2472: 2901,3121,313
4696: 
2474: 1640,1791
4054: 
4148: 1014,587,1294,2772,2874
2477: 2121,473,2615,1418
3860: 3706,468
4514: 4340
2480: 4051,2736,3451
4745: 4278
2482: 3463,2383,3515,2738
2483: 336,260,1434,4765,1329,866
3834: 2413,3630,1150
2485: 1778,2785,601,3255
2486: 
2487: 4793,1572,3692,4291,4672
2488: 2047,527,2171
2489: 602,703
2490: 3165
3802: 4465,1137,2885,2896
2492: 104,4813,4262,836
4349: 4702,4141,326
4450: 3105,4196
2495: 344,3708,584
2496: 3395,1992
2497: 1854
4342: 2950
2499: 
2500: 894,2306,4597,521
2501: 4260,3826,2404,2373,2067
2502: 4336,1631
2503: 2744,4072,2199
4333: 3420,2566
2505: 1951,2661,3363,3593,4793
4084: 1561
3890: 
2508: 4697,2037,936,2686
4597: 2630,521,102,894,2500,4213
2510: 707,2580
4814: 2348,1912,4504,4300,3700
2512: 4640,4665,2941,1136,459
2513: 3946,3316
2514: 
2515: 3798,4186,3825,4114
2516: 4311,4820
2517: 1744,2203,2354
2518: 1315,3510,1629,1506
2519: 
2520: 4487,1390,668,3473
2521: 738,1386
2522: 3949
4487: 2520,4412,2326,3473
2524: 1902,2842
4247: 3441
2526: 4375,3087,843,1060
4564: 3455,1809
2528: 3372,229,3722
2529: 3077
2530: 3126,2099
2531: 4409,1609,2399,1190
2532: 3220,2768
2533: 1551,3178,384
2534: 3221
3831: 3382,3547
2536: 3465,1540,2186
2537: 2043
4779: 92,1726
2539: 
3988: 4122
4757: 3362,1983,259
4761: 1167
2543: 1844,618,569
4646: 4517,3294
2545: 4769,2126,1034,1933,871
2546: 
2547: 473
2548: 2719
3948: 1498,213
2550: 834,4119
4350: 4384,4486,4625
4139: 1059,4122
2553: 3297,4134,2137
2554: 869,4807,3521,59
2555: 1817,4749
4341: 
2557: 743,2605
2558: 1919,3328,2129
3976: 4805
4206: 1848,3260,1740,2340,4500
2561: 3763,917,3259
2562: 1119,2659
2563: 2699,2588,2146,107,652,3727
2564: 1832,3427
2565: 1117,763
2566: 3420,4333
2567: 1700
2568: 1491
2569: 2834,1132
2570: 3693,2877,4619
2571: 2928,4002,584,3800
2572: 1413,4272,446,3846,77
2573: 4047,1437
4445: 744,4628,4006,3486
2575: 788
2576: 3922
2577: 526
4697: 2508
2579: 4715
2580: 3476,2510
4367: 3609,2848
2582: 1448,1629,2589,3744,2432
2583: 4097
4822: 2997,4539,207,1697,481,2893,1865,3368,3419
2585: 1533,3914
2586: 3916,1768
2587: 
2588: 2699,1451,2629,2146,2563,1261,954
2589: 1448,1629,2582,3510,1506
2590: 2765,972
2591: 
2592: 2461,2169,3512
2593: 3214
2594: 3818,2005,3034,2848
2595: 4239,3362,1983,291,2138
2596: 1396,950,738,2357
2597: 2359,4074,2455
4105: 1932,1267,1599
4796: 927,3066,3844,3962,1973,3908,2024
2600: 419,4803
2601: 929,2956,1274
2602: 1716,635,3276
4059: 4500,1344
4567: 1307,4140,2277,2178
2605: 2557,1021
2606: 3919,3366
2607: 3357,2136
2608: 3873,2051,4270,3487,2327
4027: 1002
2610: 669,2046,1765
2611: 
2612: 2685
2613: 536,3886,421,4377
3951: 4775,551
2615: 1879,4434,1418,2477
2616: 1374,4386,654
4090: 3744,888,1448
3959: 1100,4670,3313,3875,4135
2619: 2042,3375
2620: 4798,146,3208,2745,1578
3888: 4455,1515,663
3864: 3871
4226: 4188,4258,633,4740
3952: 4420,1276,3184
2625: 4426,1429,4202
2626: 3072,959
2627: 3492,729,705,4384,1395,878
4111: 2880,4658,857,901
2629: 2588,2146,1261
2630: 4597,2055,4213
2631: 3278
4458: 106,4592
2633: 1464,848,468
2634: 523,3166,1011,2890
2635: 3754,2021,1642
2636: 1998,4072
2637: 2967,1618,411
2638: 369,2379,4437
2639: 897
2640: 3369,3018,1554,2020
3887: 327,1699,1566
2642: 4633,2761,1953
2643: 2000,2675,4752
2644: 4546,2666,3788,4730
2645: 4474
2646: 
2647: 2467,3821,2912
2648: 4622,4512,1999,2968
2649: 4721,963
2650: 3820,3061
2651: 3130
2652: 4463,3326,1708
3883: 1993,3268
2654: 352,1206,3829,49,3253
2655: 4396,4498
2656: 2896,3024,4001
2657: 1932
4279: 1298,2185
2659: 1119,2562,930,1413
2660: 4583,1701,523,1011
2661: 4113,2752,1834,2505,3363
2662: 1303,3804
2663: 2076
2664: 975,4623,415
2665: 1044,1477,1396
2666: 2644,4546,3788,4387
2667: 
4211: 4518,1957,2990,2056,305
2669: 3048,3620,1635
2670: 399
4237: 1976
3828: 4609,3059
2673: 4520
4298: 138,750
2675: 2643
2676: 
3813: 
2678: 4650,1257
4000: 4428,3731,1458,4123
2680: 
4255: 4021,3974,455,4702
4071: 2403,399,332,2804,2889
4735: 2196
2684: 
2685: 2612
2686: 2401,2508
2687: 676,4762
2688: 2861,4198,4308
2689: 4817,2096
3992: 1552,1363,667
4611: 3476
2692: 3806,260,1389
2693: 3244,226,3229
2694: 
2695: 3982,905
2696: 
2697: 3869,1146,1198,3531,344
2698: 4805,4535,1688
2699: 1451,2588,2563,4198,730,652
2700: 4431,4129
2701: 885
2702: 2958
2703: 3892,452,4807
2704: 2079
4754: 257
4144: 2830,2112,4045
4506: 4189,2375,2757
4640: 2512,4665,3200,1715,692,338,1136
2709: 312,232
2710: 
2711: 4083,1148
2712: 2308,3036
2713: 3053
2714: 3475,4242,3763,1802,507
2715: 3657,3685
2716: 1000,120
4038: 4272
2718: 158,3345
2719: 1439,3970,2548
2720: 4431
2721: 4801,4630,2057
4281: 1271
2723: 2207,3674,3980
2724: 2788,4308,1106
2725: 997
4752: 193,2000,3902,2643
2727: 1035
2728: 2837,4789
2729: 538,3818,4485
2730: 3849
2731: 1729,4685,214
2732: 242,260,4297
2733: 1258
2734: 4589,3374
2735: 3192,3532
2736: 4051,2480
2737: 1164,2197,3379
2738: 2482,2383,3515
2739: 
2740: 3684,2924,713,566
2741: 187
2742: 582,3634
2743: 
2744: 2503,4072,2199,1862,1194
2745: 3208,1392,2620,4798,1578
2746: 1443,2035,594,4470
4517: 4646
2748: 3975,365,4391,144
2749: 3272
2750: 2864,3443
4746: 1092,4172
2752: 4113,2661
2753: 1170,3939
2754: 529
2755: 1796,3821,1916
2756: 1786,2826
2757: 2375,1362,4506
2758: 3571,2206,4103,941
2759: 542,2072
2760: 3727,586,1146,1198
2761: 4633,2642,1570
4483: 398
2763: 1187,1304,4292
2764: 4494,1169
2765: 2590,2997,3244
2766: 4200,1737,3557
4079: 4465,1137,2019
2768: 1785,2532,1663
4807: 869,2554,2321,3892,2703,2040,3661
2770: 2292,746
2771: 319,1412
2772: 4148
4295: 783
2774: 
2775: 1300
2776: 2445
2777: 4405
2778: 2937,1776,3859
2779: 
2780: 4782,3648
2781: 427,4811,252,751
2782: 1702,893,4422,1901,4685,2071,1391
2783: 3503,478,2144
2784: 
2785: 2485,2409,601
3911: 3228,4373
4468: 888,2369
2788: 2724,4308
2789: 1002
2790: 626,1652
2791: 895
2792: 3514,4121,4212,3830,1484
2793: 2135
3854: 693
2795: 1316,908,3051
2796: 3354
2797: 3514
2798: 1912,1306
2799: 
2800: 668,4150,3969,3522
2801: 
4285: 930,1119
2803: 3637,4155
2804: 937,2889,4071,332,2919
2805: 372,234,1367
2806: 4224
4524: 1106,3870,2318,3176
2808: 4387,559,3121,4546
2809: 3070,386,2924
2810: 4776,1909,1454
2811: 427,3581
2812: 4476,4602,2131
2813: 4212,3955
2814: 1877,384,795
2815: 4454,1115,3616
2816: 1456,577,234
2817: 4390,4005,3646,2249,2100,4576
4645: 
2819: 3301,4322,232
2820: 4536,1980,3438,3484,528
4326: 3590
2822: 3217,3201
3804: 1303,2662,4156
2824: 1764,323
2825: 1998,957
2826: 1786,2756,3710
2827: 1078,3317
2828: 2978,3367,1699,4666,64
4196: 4375,4450,3105
2830: 4679,4144
2831: 3318,1067
3914: 2903,592,1533,2585
4420: 3952
2834: 2569,3303,1132
2835: 611,1502,2917,4160
3881: 3227,1040,1836,1738
2837: 1826,998,2728
2838: 2355
4569: 1835
3817: 2275,3255
2841: 1373,3508,4323
2842: 2524,790
4791: 4224,1435,2149,25,735,3815,225,1245
2844: 
3989: 274
2846: 
2847: 4418,4115,261,3373
2848: 3034,4367,2594,3818
3849: 307,2730
2850: 3545,633
2851: 3225,1891,1493,1575
2852: 2086
2853: 3601,177,3534,3290
2854: 1816
2855: 3193,2339,1288
4806: 2883,1422,919
2857: 4682,3284,1161,568,4766
2858: 519,1407,848
2859: 4758,1613,3202,4064
2860: 4642,4674,2138
2861: 2688,1175
2862: 
2863: 2030,1986,1744
2864: 2750,3983
2865: 3582,366,4207
4434: 2615,3460,3957
2867: 
2868: 4491,987
2869: 98
2870: 
2871: 3580,1727,1770
2872: 692,2175,1475,3792,1715
2873: 1829
2874: 4148,851
2875: 
2876: 4819
2877: 3358,2570,4619
2878: 3499,3640,685,1985,904
4676: 
2880: 4111,1788,901,1662
4190: 2358,4704,1097
2882: 302,2254
2883: 622,532,4806,13,1422
2884: 4136
2885: 3181,2896,3802
2886: 1351
4587: 2931,865
2888: 1957,2959,3002
2889: 2804,4071,2337,2272,2919
2890: 3968,2634,3166
3991: 3832,2993
2892: 4623,1780,4626,699,4276,3350
2893: 972,481,2997,4822
2894: 1384,794,2239
2895: 3168,4192
2896: 2656,3024,2885,3802
4812: 1962,2278,4581
4203: 3963
2899: 3075
4448: 
2901: 4730,2472
2902: 
2903: 916,592,3914,1601
3912: 1872,3523,578
4145: 1610
2906: 1425
4157: 4714,4823,1259,1702,893
2908: 3217,4663,1325
2909: 22
4348: 4012
2911: 1328
2912: 2647,2467
2913: 477,4305
2914: 2035,594,1251,4182
2915: 2350,1732,3115
2916: 
2917: 1594,4160,2835,32
4760: 3677,3785
2919: 127,2272,937,2804,2889
4663: 1455,2908,1325,3610
2921: 
2922: 3339,1034
2923: 
2924: 2740,713,2809
2925: 84,3039
2926: 16,1886,1145
2927: 
2928: 2571,3800,402
2929: 
2930: 4119
2931: 2121,3957,4587,865
2932: 1260
2933: 
4444: 4252,210
4067: 811
2936: 2066
2937: 2778,1776,3456,1297,190
2938: 1431,4667,2953,536
2939: 3321
4088: 
2941: 1136,1995,2512
2942: 3490,1491,4376
4376: 4532,997,4330,1491,4818,2942
2944: 1195,1736,1376
4797: 4525
2946: 761
2947: 3961,3234,1000
2948: 4086,4683
2949: 2164
2950: 4342
4583: 2660,1701,3402
4734: 173,3650,390
2953: 1431,2938,447,536
4117: 1466
2955: 989,1095
2956: 2601
2957: 
2958: 1157,1295,2702
2959: 1886,3314,2888,3002
4275: 4273
2961: 69,1539,4274,1479,739
2962: 271,1682
2963: 1566,1368
2964: 3431,4552,1415
4557: 1103
2966: 3589
2967: 4656,1618,2637,1157
2968: 3392,2648,4512,489,1999,3163
2969: 424,3016,943,3856
4230: 
2971: 1320,202,4220
2972: 293
2973: 
4413: 3137,2459
4246: 2019,1559
2976: 
2977: 1545,4644,1326,3178,1947
2978: 2828,3367,1964,4666
4815: 4457,1952,4002,3869,1471,971,1870,3102
2980: 
4344: 
2982: 960
2983: 1345
2984: 1900
2985: 4169,3983,1935
2986: 4178,486,3074
4660: 1928,1281,4527,3893
2988: 
2989: 4727,598,521
2990: 1284,1074,2056,1957,723,4211
2991: 1079,2414
2992: 4439,154,392,925
2993: 3991,430
2994: 2324,383,3585
2995: 3741,143,3730
2996: 601,3255,2275
2997: 4822,2893,2765,3244
2998: 261,3376
2999: 4721,963,2448
3979: 1898,4551,4256
3001: 4003,1012,1972
3002: 2959,2888,4161
3003: 1790
3004: 
3005: 97,4767,3209
3006: 3456,1071,3403
3007: 
3008: 1909,1025,191
3820: 2650,2130,4201
4609: 3828,4179,1337
3873: 2051,2608,36,673
3012: 182,2342,4775,4046,354
4541: 
3014: 846,4603,3603,4197
3965: 280
3016: 943,2969
3984: 2050
3018: 2640,3222,2020,4729
3019: 1424,306,3625
4135: 3875,3959
3021: 3907
4400: 
3023: 3434,1740,4823,2340,2312
3024: 2656,2896,4278
3935: 2171,188,3980
3026: 3729
4695: 3797
4614: 810,770
4782: 2780,3648,721
3030: 3457
3031: 1279
3969: 3258,2800,3522
4212: 3955,2813,3610,2792
3034: 1037,2848,815,184,2594
3035: 3725,3090,1636
3036: 2712,2308
4216: 3238,3747,3503,1208
3038: 3308,4808,3211
3039: 84,2925,3140
3040: 4809,1328,4066,206
3041: 4034,4220
3042: 2115,1174,4534,747,1341
3043: 96,43
3044: 1493,1844
3045: 
3046: 4328
4454: 2815
3048: 2669,4172
3049: 
4630: 1525,4169,2721
3051: 2795
3052: 4397
3053: 2713,2045
3054: 605,702,2062,1562
3055: 731,1135
4707: 4562,864
3057: 703,533
3058: 3635,361,2122
3059: 4179,3828
3060: 1179,3431,3145
3061: 4811,2650
3062: 1042,4619,2301,1859
3063: 662
3064: 482,712,146,1578
3065: 290,4724,942
3066: 3844,2392,255,1973,4796
4409: 1609,2531,1190,3455,1116
3068: 717,3531
3069: 868,254
3070: 3569,2809,713,3096,4764
3071: 1958,3958
3072: 959,2626,4361
4613: 3861
3074: 486,1070,2986
3075: 2899
3076: 1315,1352
3077: 2529,4419
3078: 1866
3079: 709,2003,4170,1276,3184,4061
3836: 4377,573
3081: 1888,1516,1010,5,2115
3082: 3749,3192,2116,3261,45
3083: 4720,4719,2187
3084: 1428,972
3085: 1921,2090,293,3152
4315: 4800,4362,4202,254
3087: 2526,1752
3088: 3646,4102,2249
4447: 1033,3471,1253,4407,4816
3090: 1636,3035,1177,4313
3091: 3301
3092: 
3093: 
3094: 3246,374
4762: 2687,676,2177,3627,3808,988,4208
3096: 4764,1400,3569,3070,2107
3097: 599,213,1968,3204
3098: 3459
4703: 168,3395,1265,4481
3100: 4116,1754,1313
3101: 
3102: 4616,971,3760,4815,678
3103: 4581
3104: 
3105: 4450,4196,1883
3106: 3276,4233
3931: 547,2142
3108: 3343,2063,1558
3109: 4464,1503,2229,2456
4047: 1437,4427,2573,2026
3111: 898,1551
3112: 436
3113: 
3114: 3540,1611
3115: 3714,1732,2915
3116: 1442
3117: 4513
4151: 1175
3119: 1030
3120: 3515,1429
3121: 2808,559,4546,2472
3122: 665,3207,3396
3123: 
4701: 4786
3125: 3716,1724,3196,4818
3126: 2530,4331
4292: 4353,2763
4147: 3827,3667,1516,1528
3129: 
3130: 841,2651,4199
4127: 
4042: 3751,4767
3133: 
3134: 3335
4204: 
3136: 4726
3137: 4413,2459,3481
3138: 4821,1180,4263,417
3907: 3021,1082
3140: 84,3039
4790: 1852,1963,1320,4378
4542: 1622,3910
4731: 4485,538,1756
3144: 3709,4668
3145: 4552,3060,1179,804,1143
3146: 2014
4146: 
3148: 451,3377
4233: 1560,3276,3106
4604: 
4706: 
3152: 1764,1921,3085,2090,3711
3866: 1634,2,1411
4605: 1793,49,215,4406
3155: 3230,913,4102
3156: 2408,484
3157: 3717
3158: 2368,2210,2221,375,3803
3159: 
3160: 1425,3901
3161: 2251,664
3977: 3537,4809,3182,1328
3163: 489,3392,2968,4544,3312
3800: 584,2928,2571,1016,402
3165: 2490
3166: 2634,523,32,2890
3167: 
3168: 4251,2273,2895
3169: 3353,1240,4479
3170: 3669,556,2439
3171: 935,4725,3488,144
4472: 4250
3932: 4155,3637
4296: 
3175: 1791,349
3176: 2101,4524,2318
3177: 3288
3178: 1877,2533,2977,1326
3179: 2447,1300
3798: 2515,4186,1977
3181: 2885,4352
3182: 4809,3977,3537,2385
4214: 127,2359,2279
3184: 4061,1199,1276,3079,3952
3185: 3972,1104,4242,3769
3186: 1290,3453
3187: 
3188: 4518,1161,1556
3189: 1342,426,1530
3190: 4055
3191: 1432,4531,2062
3192: 2735,3749,3082,2116,3532
3193: 778,2855,4215
3194: 4167
3195: 2167,1684,2245,2117
3196: 1724,563,3125
3197: 
3943: 464
3199: 3524,2241,1647
3200: 4640,1715
3201: 2822,1092
3202: 1181,1816,2859
4232: 
3204: 3422,3097
3205: 2052,3409,148
3206: 4786
3207: 665,3122,1548
3208: 2745,2620,4798
3209: 1410,3005
3210: 1151,2196,2248
3211: 4635,3038
3212: 3920
3213: 23,4783
3214: 1148,570,2593
3215: 
3216: 4100,4243,3654,3649,3347
3217: 2110,2908,2822
3218: 3462
3805: 
3220: 2532
3221: 3671,2534
3222: 3018
3223: 87
3224: 1602
3225: 1919,2851,1307,1575
3226: 4580,3494,4078
3227: 4343,3881,3714,1732,1738
3228: 3911,509
3229: 386,2693,1829
3230: 678,3290,4616,913,3155
4391: 365,3438,144,2748,4165
3232: 4118,2266,3910
3233: 1515,1647,2241
3234: 2947,2370,1709
3901: 3160
4426: 2625,4362
3237: 
3238: 3747,3503,4216
3239: 1411
3240: 1170,1293,3525,1739
4818: 125,3716,3125,992,4330,1678,4532,997,4376,1824,4173
3242: 
3243: 1385,3434,1053,4422,2071
3244: 2693,2765,2997
3245: 792,1076,3443,4795
3246: 3094
4423: 323,2231,4792
4747: 1122,4820
3249: 
3250: 1408,104
3251: 457,349,1956
3252: 3472,433,385,4456
3253: 3405,2654,3829,49
3254: 2097,158,1668
3255: 2485,2996,601,3817,2275
3256: 
3257: 847,3449
3258: 3969,668,3473
3259: 3587,952,3763,2561,438
3260: 1848,4206,1461,3688
3261: 45,3082
3262: 3577,412,4442
3263: 2012,4236
4437: 2638,369,7
4359: 
3266: 917,91,121
4075: 3344,4405
3268: 4103,3883,1993,2206
3269: 1490
4769: 2126,2545,4049,1933
3271: 2175,4591,1475
3272: 2749,2233,3617
4642: 2328,4674,2860,1713
3274: 
3275: 1237
3276: 583,3106,4233,2602
3277: 4032,4582
3278: 2631
3279: 1019,1763,1104,4571
3280: 4187,1070
4471: 956,3746
3282: 2268
4713: 2448,3289,4772
3284: 2857,568,4766,2078
4669: 2183
3286: 
4719: 12,4720,3083,2187
3288: 3177
3289: 4501,4713,4772
3290: 678,3230,2853,891
4551: 1145,2351,3979
3292: 1878
3293: 1370
3294: 4646
3295: 
4488: 1862,1194,3667
3297: 4733,4134,2553,1397
3298: 4671,3447,3370,1632
4738: 1149
3300: 2451,1560
3301: 2819,312,3091,4322
3302: 4334
3303: 2834,1132
3304: 1142
3305: 
4552: 3431,2964,3145
4097: 2183,2583,4533
3308: 367,3038,4808
4406: 1070,4605,1086
3878: 297
3311: 
3312: 4407,48,3163,2284,4544,4816
3313: 1633,4670,1100,3959
3314: 723,2959
4740: 633,4226,4394
3316: 3953,2513
3317: 2827,4808
3318: 4498,3704,2831
3319: 4668
3320: 4473
3321: 2939
3322: 4801
4236: 2012,793,3263,1203
3324: 3418
3934: 4098,1953
3326: 1851,2652,1708
3327: 535
3328: 933,1575,1919,2558,3470,2129
4412: 4487,751
3330: 106
4116: 3100
3332: 591,1258
4164: 
4167: 1997,3194
3335: 3134
4533: 4097,2183
4694: 3586,3606
3338: 22,468,3706
3339: 2922,511,832,99
3340: 176
3341: 271,1682,3838
3342: 2198,656
3343: 3108,2063,2291,1558
3344: 4075,4405
3345: 2718,158
4742: 4643,2189,4058
3347: 3649,3216,4100,4201
4386: 3410,654,369,2616
3349: 1622
3350: 975,2024,4698,699,4623,1780,2892
3351: 111,1642,282,4534,1933,1341
3352: 1129,4728
3353: 1062,3169,1715
3354: 2796
4078: 1398,4580,3226,4622,2125
3356: 1628,3858,3440,2335
3357: 2607,2136,4634
3358: 2877
4058: 1763,4742,2123,4643,2189
3360: 4704,1467
4536: 1980,2820,4705,528
3362: 4757,1921,1983,2595,4239
3363: 3593,2661,2505
3364: 
3365: 4748
3366: 2606,1234
3367: 2978,2828,327,1699
3368: 1865,4271,207,1472,1882,4822
3369: 2640,4789,4786,3809,1554
3370: 337,4805,3298
3371: 
3372: 2528,4821,4343
3373: 2847
3374: 4686,4479,2734,4589,3480
3375: 970,2619
3376: 2998,1007
3377: 1141,3148,3476
3378: 19,2297,4069,3861
3379: 2737
4687: 
3381: 813,3591,2231
3382: 3831
3916: 1768,2149,225,2586
3384: 
3385: 2314
4714: 4157,4823
3387: 
3388: 1026,3915
3389: 4052,1734,1590
4213: 2055,102,2630,4597
3391: 1324
3392: 2284,2968,3163
3393: 599,1735,1270
3394: 3583,529,141,3623,4775,3917
3395: 2496,1265,4703
3396: 3122,1348
3397: 
3398: 3993
3399: 1778
4291: 2487,669
3401: 
3402: 4583,1701,543
3403: 4647,3006,1071
3937: 
3405: 3253
3406: 
4755: 2304
3408: 4187,1086,1632
3409: 4795,3205,2052
3410: 4386,1685,654,369,1182
3411: 1951,3692
3412: 2246
3413: 813,4792
4606: 4104,4411
3415: 1476,1194,1864
3416: 712
3417: 922,447,1941,2313
3418: 3588,3324
3419: 1865,4822,4539,1126
3420: 4333,422,2566,2150
3421: 
3422: 4593,3204,1926
4149: 4094,1842
3424: 1248
3425: 
4750: 
3427: 2564
3428: 4361,2237
3429: 90,602
3430: 1586,1525,4477,2057
3431: 2964,4552,979,1415,3060
3432: 1079,1005,2414
3433: 
3434: 1053,3023,4823,4422,3243
3435: 886,394
4256: 3979,1127
4816: 4085,4544,3312,4407,48,4447,1253,615,460
3438: 365,4391,3484,2820,4165
4598: 2458,3788
3440: 3858,2335,3356
3441: 4247
3442: 
3443: 1076,2750,3245
3444: 3738,1634
3445: 136
3446: 331,4266,285
3447: 4671,3298,689
3448: 51
3449: 847,3257
3450: 837
3451: 2480
4603: 2048,3603,3014,3941
3453: 1077,3186
3861: 4613,4069,3378
3455: 1116,4409,4564
3456: 3006,1071,2937,1776
3457: 3030
3941: 4603
3459: 3098,1028
3460: 1319,1879,4434
3461: 4128,3964,4589,3480
3462: 2441,3218
3463: 2482,1222
4578: 4634
3465: 1874,1540,2536,2186,1327
3466: 4785,770
3467: 2349
3468: 3780,2256
3469: 
3470: 2068,2129,933,3328,1949
3471: 4447,2284,4407
3472: 4031,3252,4456
3473: 4487,2520,3258
3474: 558,4727,598
3475: 2714,3769,4803,507
3476: 2580,4611,3377
4821: 3138,1180,3372,1973,417,4691,4343,3479
3848: 4819
3479: 4821,673
3480: 4589,3374,4128,3461,4596
3481: 746,3137,2459
3482: 
4379: 549,3689
3484: 365,3438,144,3488,1980,2820
3485: 1327,924,733,3981,4505
3486: 1329,866,3978,4765,4445,4628
3487: 2403,2337,2051,2608,2327
3488: 4705,752,4725,3171,144,3484,1980
3489: 1454
3490: 2942
3491: 2453,1798
3492: 2627,1168,729,705
3493: 4668,3709
3494: 3226,3799,1667
4758: 2859,1613,2170,1351
3496: 1019
3497: 2191,3734,3766
3498: 2261,2190
3499: 511,3640,2878,1034
4478: 8
4375: 2526,4196,1419
3502: 1971,155
3503: 478,2783,3238,4216
3504: 2124,1337,3998
3505: 3624
3506: 
4459: 4584,1734,4772
3508: 4323,2841,3702
3509: 2069,367,343,516
3510: 1315,2518,1629,2589,1506
3511: 801,750,4508
3512: 2416,2169,2592,110
3513: 
3514: 2792,4121,2797,4369,3830
3515: 2482,2383,2738,3120
3516: 
3517: 4780,72,1711
4388: 1613,4787
3519: 2003,4061
3799: 163,3494,2391
3521: 2554,514,59
3522: 1664,2800,4150,3969
3523: 4582,204,3912,578
3524: 4574,3199,989,221,66
3525: 2205,1739,3240
3526: 1711,1895,621,4021
3527: 4595,4182,2424
3528: 
3529: 
3530: 3982,3939,1228,86
3531: 586,2697,1198,3068
3532: 2116,2735,3192
3533: 1469,783,4526,3852
3534: 2853
3535: 
3536: 1567,4503,4476
3537: 3977,4809,3182,2339,2385
4327: 4037,4504,4300
3539: 1786,845
3540: 3114,1611
3541: 675,964,3944
3542: 2402,463,4364
3543: 
3544: 1133
3545: 2850
3546: 4724,294,2393,2120
3547: 3831
3548: 982,1066
3549: 296,835,2039
3921: 
3551: 174,976
3552: 3803,4403
3843: 
3554: 1831,4681
3555: 
4440: 2401
3557: 1282,2766,814
3558: 4037,4297
3559: 830,484
3560: 1593,2104
4668: 3493,3319,3709,3144
3562: 3630,1197,1076,4795
3869: 2697,1146,1471,4815
3564: 2237,2000,2088,3902
3565: 1321,1954
3566: 169
3567: 4688,1678,125
3568: 1497,1263
3569: 3070,899,1400,3096
4431: 2720,2700
3571: 4708,2758,3944,2206
3572: 
3573: 4266,285
4316: 620,134,1567,404,1992
3575: 704,1407
3576: 57
3577: 3262,1873
3578: 4563,2372,1033
3920: 4220,3212
3580: 1569,1727,2871,13
3581: 427,2811
3582: 2865,366,4207
3583: 1950,3394,529,3917
3584: 1584,3621
3585: 4624,732,2994,1693
3586: 4694,647
3587: 3259,34,952
3588: 3418,1055,4810
3589: 2966
3590: 4788,4326
3591: 813,3381,2197
3592: 2170
3593: 3363,2505,4793
4803: 2098,419,3769,3475,2600
3926: 1044,1477,487
4385: 688,3982,352,905
3597: 1517,3894
3598: 1580
3599: 910
3964: 4589,3777,2230,3461
3601: 177,2853,414,1943
3602: 4257
3603: 4312,4603,3014,4197
4002: 4457,1952,4815,2571
3605: 2218,4772
3606: 4694
3607: 2364,1455
3859: 4800,2778,1485,2362,2009
3609: 4367,1348
3610: 1325,4663,4212,3955
3611: 2161,1477
3612: 1113,289,1080
3975: 2191,2748
3614: 
3615: 4269,2331,745
3616: 2815
3617: 268,3272,486
3618: 2131,3784,466,4588
4582: 4032,3523,396,578,3277
3620: 2669,4461
3621: 1594,4160,1584,3584
3622: 
3623: 4775,3917,3394,141,558
3624: 3505,28
3625: 3019
3626: 498
3627: 3808,807,4762,1318
4101: 
3629: 4819
3630: 3562,4795,3834,2413
3631: 4439
3632: 1469,3687
3633: 1094,1082
3634: 737,2742
3635: 3058,361,537
4673: 1976,1482
3637: 2803,4155,3932
3638: 
3639: 1079
3640: 3499,2878,1985,89,3646
4003: 3001,1972,134,727,1992
4546: 2644,2666,4387,2808,3121,4730
3643: 1156,2417,849,883
4508: 1255,1376,3511
3645: 4470,1508,1833,2386
3646: 3088,89,3640,2817
3647: 492,2049,1470
3648: 4782,2780
3649: 3347,624,3216
3650: 1413,4734,390,1275
3651: 
3652: 
4770: 758,448,955
3654: 4243,3216
3867: 920,454
3656: 
3657: 1604,2715,2100,3685
3658: 
3659: 2252
4688: 3567,4765
3661: 4060,4807
3662: 
3663: 1846,1994
3664: 
3665: 2172,2316,154,1480,392,1903
3666: 
3667: 4147,1888,1516,4488
4462: 3771,2209,4371
3669: 3170,2439
4199: 2157,3130,841
3671: 3221,4104,4610
3672: 
3673: 
3674: 2207,2723,188,1859,431
3939: 3530,86,2753
3676: 2255,1625
3677: 4760,1436
3678: 
3679: 
4619: 1042,1925,3062,2570,2877
3681: 411
3682: 1981,38,163
3683: 2343
3684: 2740,713,1235
3685: 2100,3657,2715
3686: 
3687: 2012,793,3852,3632
3688: 1461,3960,3801,3260
3689: 4379
3690: 
3691: 4231,1012,2215
3692: 1951,3411,4793,1572,2487
3693: 2570,2416,110
4263: 1180,2419,3138,4691
3695: 
4704: 3360,2358,4190
4692: 1630
4588: 466,3618,3784,4496
3699: 1334,625
3700: 4814
4751: 
3702: 80,3508,515
3703: 2296,664
3704: 2119,411,3318
3954: 577,2315
3706: 3860,468,3338
3707: 897,745
3708: 2495,344
3709: 3144,3493,4668
3710: 2826
3711: 1054,2090,1764,3152
3712: 1775,4484
3713: 
3714: 4343,3227,1732,3115
3715: 404,2256,1465
3716: 3125,1374,1678,4818
3717: 3157
3718: 2034,1621
3719: 395,445
3720: 2388,1931
3721: 2220
3722: 1275,2528,2347,1040
3723: 695,1441
3724: 4555,4307,1634
3725: 3035,4397
3821: 2647,2467,432,2755
3727: 2760,2563,107,2178
4635: 3211,683
3729: 4568,3026
3730: 575,2995,3741
3731: 4428,1757,1458,4000,4313,2176,973
3732: 2456,2136,1266,4464
3733: 1987,604,922
3734: 2280,1762,2191,3497
4800: 4315,4362,3859,254,432,1916,1485,2009
4435: 641
3737: 1397,474
3738: 3444,413
3739: 2105
4156: 1303,3804
3741: 2995,637,143,3730,548
3742: 539
3743: 
3744: 4090,1448,2582
4620: 
3746: 1679,2350,4138,4471
3747: 3238,197,4216
3748: 
3749: 3192,3082
3750: 4726,99,2280
3751: 387,1234,4042,4767,160,1254
3752: 
3753: 408,151,122,4767
3754: 4049,2635,576
3897: 1633,4670,123,816
4574: 3524,3781,221
3757: 
4251: 3168,1931,206
4274: 69,1539,2961,4733
3760: 2068,2129,3102,678
3870: 4524,2318
3762: 27
3763: 2561,1802,2714,3259,952
3764: 1052,1624,691,1428
3765: 311,1777
3766: 3497
4200: 1926,2766,2221,3803
3768: 1904,2101
3769: 3972,3185,3475,4803
4497: 
3771: 4462,1262,2216
3772: 
3773: 
4401: 762,1054,587
3775: 1185,4138,4531
4085: 4816,460,709
3777: 1240,891,2230,3964
3778: 1140
3779: 343,4808
3780: 40,1226,3468
3781: 4574,3827,1528
4218: 1023,1619,2004
3783: 1462,923
3784: 1970,3618,2131,4588,4496
3785: 4760
4180: 100,1223,4766
4173: 4818,997
3788: 2644,2666,4598
3789: 
3790: 4314
3791: 
3792: 1475,2872
4513: 1160,3117