0: 2439,4074,428,2207
1: 3522,4756,1551
2: 918,3410
3: 2654,794,3447,4146,2704,3272
4: 
5: 4196,1637,2958,4531
6: 
4620: 2130,2504
8: 2114,1222,1096,4348
9: 1196,3231,3088,3318
10: 1563,66,665
11: 2646,3374,2146,3854,3412
12: 1822,1855,3190
13: 1705,415,2330
14: 242,769,1382,460
15: 875,4547,75,2754,912
16: 1175,3476,4551,1316,2021
17: 700,2300
18: 2344,144
19: 2876,3008,2619
20: 3987,2401,853,1705,3553,1999
4585: 628,3972,835,2656,1500,3776
22: 2245,4712,933,1750,766
23: 2634,4004,4404
24: 2441,119,488
25: 474,3644,2750,734,503,1082
26: 2636,2926,4213,958
4626: 3842,4063
28: 2235,961,1334
29: 2397,318,3520,2169
30: 1589
4553: 1581,1409,1226,2111
32: 1941,1068,3716
33: 3836,2714,1386,4815,3760
34: 4440,1455,4538,2391,2213
35: 4175,94,4599,4019
36: 4085,3079,1168,241,673,3411
37: 425,3269,1692
38: 4010,1319,3873,1198,4709
39: 1456,3457,3969
40: 598,1397,1465,2566,3524
41: 1598,1958,1234,3336,2630,214
42: 2232
43: 2222,2994,4287
44: 582,2341,4060
45: 3061,912,875,4560
46: 129,4715
47: 3698,2465,3039
48: 1828,4564
49: 618,1573,3296
4807: 3818,1519,2782,656
51: 2505,3970
52: 1062,4057
53: 1598,3088,473
54: 4061,601,2883
55: 2734,4675,4024,1919
56: 
57: 549,2530,4223,1433
58: 473,2306,4668,3974
59: 3903,3137,2949,2944,4781
60: 337,717
61: 2186,1559
62: 2079
63: 1659,1827,2099,3446
64: 2920,1170,3332
65: 2706,4517,3382,2582,1944
66: 1563,10,3751,2911
67: 2067,1276,331,407,3558
68: 4377,2068,3156
69: 1373,2690,3826,4412
70: 
71: 1567,3188,3527,795,544
72: 1207,3855,4228,2101,3530
73: 3887,3914,3094,3501,1291
74: 1834
75: 2754,2800,284,4547,15
76: 3150,1279,957,1900,2854
77: 846,2277,459,1927
78: 3210,2237
79: 2446,2366,1502
80: 2435
81: 3111,568,2764,2424,1201
82: 3948,4263,2812
4711: 3408
84: 4330,3724,2494
85: 2410,3607,705,241,3055,4093,3079
86: 1680,1555,326
87: 
88: 230,2436,3495,886,2737,1725
89: 2229,110,2168,4623
90: 2849,557
91: 2392,4542,3227,484,2168,2607
92: 671,3220,2742,4787,2795
93: 
94: 4599,2814,35,4019,4606
95: 471,2527
96: 
97: 3814,4345,4651,3319,3950
98: 2212,131,3800,2233
99: 3746,475,1840,229
100: 3404,732,4270,3487,1079,1503
101: 3206,2768,1486
102: 1243,513,2001
103: 320
104: 1264
105: 1148,4453,4410,4782
106: 1446
107: 4726,4144,4733,2563,3728
108: 1090,3964,3195
109: 1204,3752
110: 89,2229,4623
111: 1767,1879,424,4024
112: 
4791: 1390,1115,3967
114: 
115: 4483,4120,2278,1390
116: 3835,1344
117: 2910,2188,3537
118: 833
119: 3961,24
120: 1798,1126,1144,1402
4529: 651,1924,2940,1110
122: 3753,1298,2352,538
123: 1541,414,1608,1113
4680: 4438,1475,4724,4554,3328,1819
125: 2355,4816,669
4532: 3019,1056,4386
127: 3349,3979,3252,4100
128: 888,514,4439
129: 46,721
130: 614
131: 1906,2212,98,3957,1629
132: 
133: 2824
134: 3245,719,3243,1950
4596: 1103,725,2613,2885,2204
136: 4306,1941,334,1360,2771
137: 
138: 501,3563,1644,1355,2910
139: 3932,3856,2314
140: 3385,1356
141: 2215,1018,3097,4207,4211
142: 2394,4269,4355,765
143: 4744,2517,788
144: 373,18,1493
145: 2162,4349,159,440
146: 3426,2081,3909
147: 1726,2185,1365
148: 3804,2747
149: 1472,4510,1754
150: 161,2017,3719,183,1515
151: 1881
152: 3051,2789,3510,2744
153: 1616,2928,868,2549,1191
154: 3265,2343,3783,397
155: 1227,4567,3531
156: 4803,3312,2828,1246,3603
157: 2931,4285,632,3910,1136
158: 2074,4326,3803,3215
159: 4349,2162,145,2273
160: 529,4632
161: 150,2017,3449,1515,3278
162: 4216,4346
163: 1981,854,4170
4762: 3808,3848,1129,323
165: 4170,2330,1779,3655
166: 3209,940,453,2137,1783
167: 1840,493,4573,1794
168: 3416,793,1507,2529,941
169: 1994,3192
170: 908,871
171: 2845
172: 2905
173: 2730,4272,3054,4723,2420,583
174: 2859,2031
175: 4102,2872,4678,3977
176: 1890
177: 1072,3807,1860,927,4733
178: 842
179: 
180: 
181: 1802,1945,1408,1917
182: 3665,3199,4209,469
183: 150,1515,3005
184: 3651,3155,923
185: 4025,967
186: 3295
187: 2201,3229,4033,226
188: 2627,1118,4447,2455
189: 1770
190: 3899,2514,268,3167
191: 1811,3466
192: 1852,3205,1154
193: 4139,3985,2174,3545
194: 287,3679,245
4771: 4400,2217,1703
196: 2684
197: 3072
198: 1127,4691,3499,292,3284
4796: 4768,2286,4075
200: 3488,1738,2730,3054,3691
4634: 4062,3508,1668,422,4703
202: 231
203: 3281
4794: 864,558,2852,3630
205: 3445,3376
206: 245,2756,823,3456,4240
207: 635,4756
4785: 1697,1299,3019,3650
209: 3079,1168,2761,3512,4093,705
210: 695,1223,712,568,1095,3111
211: 3921,607,3743
212: 3615,1586,355
213: 3395,3241,3109,1245,711,4184,2520
214: 2630,3460,1598,41,473,2306
4507: 
216: 3877,3838,1095,1012,598,1397
217: 935,1648,1380
218: 3710,2164,647
219: 4598,2161
220: 4069,1055,4418
221: 971,935,3202,2931,632
222: 3246
223: 4225,3860,4043,1987,4820,3217
224: 1234,1532,2241,2191
4613: 824
226: 3229,187
227: 2878,4540,3974,1341,871,3497
228: 1987,2218,3292,2759
229: 1840,99,2597,1375
230: 88,2436,2950,4642,994
231: 954,2457,202
232: 1434,2399,3455,2732,1252
233: 4736,3472,2329,2432,392
234: 577,599,3208,1825
235: 4103,3689,417,783,4750
236: 1535,3399,2964,787,523
237: 624,687,2650,2473,2977
238: 3313,2588,340
239: 4488,971,2931,3910,3734
240: 4153
241: 3607,85,3079,36,3905,3411
242: 14,769,257
243: 4598,487,3332
244: 4705,752
245: 206,2756,194
246: 1968,3283,561
247: 903,2887,2013
4698: 4384,1266,2024
249: 
250: 4099
251: 4090,4781,1184,3137
252: 3825,3004,4454,827,2779
253: 4385,4789,4354,352
254: 2205,279,4187,4303,4719
255: 1851,278,583,2420,3674,3513
256: 4177
257: 3812,4017,1854,242,4437
258: 2355,4420
4481: 1114,2301,4271,1432
4693: 2052,727,2208,4183,3071
261: 3166,3721
262: 2503,3148,1214
263: 4615,4122,2860
264: 2171,4154,2936,1438
265: 3923,1074,1494,3124
266: 3274
267: 
268: 1688,190,3203
269: 513,1862,4201
270: 4218,729,2627
271: 1649,648,3938
272: 4365,1735,1687,1546,907
273: 1456,3748,1186,1942
274: 3422,1402,4644
275: 3890
276: 3997,883,4348,2547,3870
277: 4083,3240,813,4652
278: 1851,255,3935,547,3882
279: 2786,4424,254,4187
280: 2515,2933
281: 3435,1044
282: 791
283: 2667
284: 4795,4547,4289,3107,75
285: 3254,1303,2868,1954
286: 4818,4697,1041
287: 194,3679,1796,2751,1096
288: 
289: 1909,3893,2981,2711
290: 4660,3259,868,2280,652
291: 945,1142
292: 2052,3339,380,198,4691
293: 
294: 4567,610,2934,3559
295: 2274
296: 3226,2268
297: 2535,726,3500,1493
298: 4513,3323,2724
299: 1858
300: 1989,2189,4139,1597,1228
301: 2234,2900,3213
302: 2675,1043,2577
303: 788,3365,2462,656,4256,2782
304: 3623,4323,1562,4450,1346
305: 3395,3047,3523,654,2520,4703
306: 2502,1111
307: 1880,4130,2342,4657
4752: 1514,3829
309: 543,3184
310: 4819,2034,2793,3145
311: 699,4313,820
312: 3739,686
313: 4704
314: 929,3637,4305,584
315: 3788
316: 4798,4095,2823,4663
317: 3480,4055,2934,610
318: 2397,29,3520,3605
319: 857,4219,1322,726,921,2419,2552
320: 650,2489,103
321: 1609,1025,3490,334
322: 
323: 1129,4762
324: 3143,4378
325: 1624,2139,2142,3998
326: 1555,2000,86,1064,1394
327: 3060,3840,2042,3389
328: 1582,2784,620
329: 4466
330: 1210
331: 2111,2574,67,1276
332: 4032,1413,1619,3391,936
333: 1954,1672,3883,3772
334: 3490,321,136,4306
335: 3918,2418,3810,1097
336: 460,1369,2847,4006,1859
337: 60,2663,1644
338: 816,4576,2559,2853
339: 4137,439,3515
340: 1928,2193,2177,3313,238,2938
341: 2843,575
4580: 1732,3153,1266
343: 4387,4171
344: 887,3855,4659,4228,4102
345: 714,3204,1693,3806,1424,2207
346: 4134,4700,606,822,3618,2533
347: 4525,515,1689
348: 1845,895,3234,1491
349: 3110,3754,3645
350: 1263,4482
351: 3433
352: 3020,253
353: 
4766: 2370,4211,3687,1362,2623
355: 212,1586,2840
356: 4353,1768,3660
357: 4750,4316,4041,3785,2959
358: 1175,2961,2995
359: 
4570: 3373
361: 797,1675,4592,3576,2271
362: 4545
4740: 2204,878
364: 4815,4618,3760,4643
365: 4536,404,2206,1104,4252
366: 3263,3670,1905
367: 3705
368: 1078,4261,1500,3776,3861
369: 1052,3115,4296,2460
370: 2905,449,3600,1470
371: 495,2624
372: 4360,1856,1245,3241
373: 144,3156,930
374: 4113,3386,3701,4291
375: 3647,3419,635
376: 3613,1053
377: 
378: 753,1872
379: 2242,3067
380: 2459,3339,292
381: 
4659: 887,3855,344,3018,942
383: 4473
384: 1560,4506,1682,2766
385: 2001,4758,2680
386: 
387: 3608,2589,1717,4064,1816,2914,3960
388: 4415,4688,2209
389: 969,4566
390: 685,4118,2512,4242,3181,1541
391: 2875,1094
392: 1065,2432,809,233,4736
393: 1527,2363
394: 3662,661,1699
395: 3944,3257
396: 3001,2262,819,1908,1564
397: 154,3994
398: 1868,4631,1187
4592: 2057,1675,361
400: 1839
401: 592,1033,4113
402: 723,1134,1844,3337
403: 3172,4194
404: 4705,2672,365,4252
405: 4232
406: 531
407: 4754,3558,3846,67
408: 2334,2551,4799
409: 4472
410: 946,3852,3702,1185
411: 2967,3251,4601,3336,2630
412: 4136,3368,1182,3569,1915
413: 1892,3237,2169,467
414: 1541,123,4242,917,1770
415: 2330,13
416: 4099,1898
417: 3142,3785,235,4103
418: 3633,4545
419: 1343,3379,3211,1450
420: 1726,3131
421: 1375,4329,1706,3577,826
422: 1668,4634,1925,4062
423: 1812
424: 2970,3412,3068,1879,111
425: 37,3932,4813
426: 2218,2793,4776
427: 3107
428: 1638,2167,0
429: 1459,481,2609,3993
430: 3916,4609,4550,1270
431: 4692,2993
432: 688,1651,576,3976,4490
433: 1332
434: 873,2729,2848
435: 2752,2279,3321,4376,3812,3331
436: 2968,2053,3014,2135,922,901
437: 3278,1339
438: 2277,1927
439: 3424,339,4408,3515
440: 4349,145,2971
441: 2247,1529
442: 2282
443: 3743,3967,1242,2741
444: 1885,3381,3428
445: 1152,4458
4621: 2077,1883,2002,1657,2776,1169
447: 2896,4718,3546,1378
448: 2954,1548,3892,1302,4364
449: 4037,3600,1220,370
450: 2673,1934,4081
451: 3640,2266,580,640,4147
452: 3528
453: 166,940,3839,2137,1783
454: 
455: 1632,887
456: 4655,1747,2508,1750,3793,1720
4691: 198,1127,3499,2052,292
458: 756,2900
459: 2408,1927,1743,77,2851
460: 1369,992,336,14
461: 588,2313,4002,2121,4178,4459
462: 3041
463: 3205,4477
464: 2296,983
465: 
4688: 1768,2209,388,2671,4327
467: 3738,2884,2169,413
4748: 636,863
469: 3665,182,2369,3110
470: 1772
471: 95,4287
472: 951,3387
473: 2306,58,1598,4668,53,214
474: 3644,25,1082,2424,3158,2864
475: 3746,1289,2004,99
476: 2513,4311,3039,601
4810: 3486,4376
478: 1051,2318,1288
479: 506,3780,1965,3125,3669
480: 4355,4269
481: 429,3993,4821,4270
4755: 2107,3736,3309
483: 3103
484: 1493,930,91,2392
485: 2594,2388,2906,638
486: 2164,569,1642,1206,2753,3800
487: 3332,243,4598,3475
488: 1709,2227,2441,24
489: 4253,3842,921,2419,3267
490: 3592,2984,3892
491: 4003,1969,4451,1448,1957
492: 4395,3724,572
493: 4573,2672,167,1104,4252,1794
494: 4282,2860,4229,2640,4402
495: 371,2624
496: 2796,4117
497: 4382,3702,617,1185
498: 1871,901,2347,2822
499: 801,3901,4408
500: 4657,1339,1139,3278,3377
501: 138,3563,1355
502: 4206,2840,4556
503: 3877,3838,3105,25,2764,1082
504: 3693,4212,3908,2683,4074
505: 3874,1635,4539,870
506: 479,3125,2378,1789,3669
507: 2682,1521,4401,4774
508: 4019,4444,1582
509: 2723,972
4663: 2823,1114,316
511: 3977,2928,1575,877,3154
512: 3828,2238,4814
513: 4685,269,1243,102
514: 4656,2895,4439,529,128
515: 4525,2811,347
516: 2458,700
517: 1419,3882,4409,2839
518: 658,4121,4569
519: 4497,4523,4713
520: 
521: 1744,1717,3023,1756,2589,2474
522: 3679,1796,4669,1658
523: 4658,787,1535,236
524: 
525: 3922,1323
526: 2267,4413
527: 1218,3357,3479,2256,2523
528: 2553,3178,1864,3484,1620,1463
529: 160,514,4632
530: 4804,564,4085
531: 1895,3273,2768,406
532: 4229,3733,2640,3897,2427,4054
533: 2953,2988,4052,2366
4800: 3385
535: 2217
4518: 956,1886,3723,1268
537: 3730
538: 3606,1799,1298,122,3753
539: 
540: 3651,1328
541: 2709,4505,2696,2752,1101,3321
542: 2834
543: 309,3184,3626
544: 3881,71,4823,795
545: 4294,1271,1504,4813,4262,1793
546: 1239,1389
547: 2839,2350,278,3882
548: 2331,2705,4470,2662
549: 57,2150,783,4223,4116
550: 4360,1856,1970,2839,2350,701
551: 1469,3665,3199,2826,893
552: 4808,1230,2197,3788
4602: 2099,3680,1363
554: 3224
555: 2695,3821,1307,4434
4636: 1940,695,568,2062,3596
557: 90
558: 4794,1507,4382
4511: 
560: 669,1360
561: 701,246
562: 4158,4499,1841,1108,1655,643
563: 3625,1252
564: 4804,530,1382
4814: 512
566: 
567: 3869,4742,3273
568: 695,210,3111,2062,81,4636
569: 2164,486,3800,730
570: 3545,2497
4494: 3350,1918,734,896,948
572: 4330,492,3724,4746
573: 2125,3211
574: 4341
575: 2843,341
576: 432,1651,785
577: 234,599,3561,3180
578: 
4641: 2936,4330,2701
580: 2770,451,3640,640
581: 1257,4576,1501
582: 44,1356,690
583: 1851,255,173,4723,2420
584: 2543,2760,929,314,1188,4305
585: 4301
4823: 3350,3677,544
587: 4108,4208,4453,1820,1599
588: 461,4002
589: 4493
590: 3534,681,1520,1629
591: 3662,1100,3367,1078
592: 1033,401,3692
593: 1888,4708,2636,3012,1032
594: 3879,1561
595: 2243,4341,1274
596: 4132,1173,3193,2628,3235
597: 2023,1934,1226,2692
598: 40,1397,1465,1012,216
599: 234,577,3208,3180,2396
600: 4578,4076,615,2678
601: 3039,1617,2513,476,54
602: 1464,1778,4172
603: 2622,3367,3302
604: 1495,3044,1870,1928,2938,2595,4073
605: 1841,1201
606: 822,1108,346,3618,643
607: 3921,211,3967
608: 1147,4552,4069
609: 3990,3965,3345
610: 294,4567,4055,317,2934,1762
611: 2022
612: 851,2157,1719,2311
613: 
614: 130,4281
615: 3959,4076,2648,600,2678,1867
4767: 4066,2904,2385,4367
617: 497,976,4286
618: 49,3296
619: 
620: 4653,2522,328,2784
621: 2158,2248,882
622: 2604,3690,4803,3312
623: 2808,2251
624: 237,4646,687
625: 3740,1703
626: 
627: 4575,4400
628: 3972,4585,835,3591,4449
629: 
630: 1135,1572
631: 1902
632: 2931,4285,157,3202,221
633: 3759,1450,917,2293,1770
634: 4155,1505,2556
635: 207,375,3172
636: 4748,3518,2653
637: 3555,4156
638: 2906,485,2594,2365,2383
4806: 4001,2964,1291
640: 3173,580,451,4147
641: 1953
642: 1912,4672,3628,4504
643: 3618,1655,606,1108,562
644: 2785,2856,2719
4530: 2685,4278,2593,4603
646: 1436,4039,4014,3458
647: 4809,3710,218,818
648: 2608,2568,271,3938
4660: 3259,290,3176,865,4591
650: 2489,320
651: 1924,4529,1787
652: 2562,865,2280,3290,290
653: 1520,2778,1195,1736,3976
654: 4184,1685,2520,305,4703
655: 2858,1981,4078,4170
656: 3365,303,1141,4807,2782
657: 3329,1991,1813,2870
658: 4121,733,518
659: 2699
660: 3017,3980
661: 1447,394
662: 1978
663: 2961,4363,3966,2137,940
664: 4321,4742,1895,3273,4702
665: 2729,2848,1563,10
666: 2333,1311,1631,2220
667: 2219,4320
668: 3109,2403,1215,2804
669: 560,1325,125,4816,1913
670: 2359,964,1441,3996,2857,3936
671: 92,3081,3661
672: 3304
673: 3411,2889,36,4085,2430
674: 3116
675: 1050,2322,3248
676: 696,3159
677: 4147,2266,2495,1648
678: 3484,1620,4221,915,1534,3310
679: 3280,3609,1985,3318
680: 1199,2093
681: 3534,590,1520
682: 
683: 4199,1595,2545,3169
684: 2064,3417,2950,1727,4642
685: 4118,390,3181
686: 312
687: 624,237
688: 432,1651,4490,4492,4235
4675: 1842,2127,2734,55,1632
690: 1429,582,1356
691: 885,3450
692: 3202,2426,1993,4709,2015
693: 
694: 3063,3504
695: 210,1223,712,568,2062,4636
696: 676
697: 3011,1471,4055,1194,1762
698: 771,4277,4310,834,2618
699: 311,4584,820
700: 17,516
701: 561,2839,550
702: 874,3771,4185
703: 4160,3626,2465,3184,4311,1533
704: 1458,1001,4253,3842,4283,1393
705: 85,4093,209,3079,1168
706: 3922,2128,2299,4611
707: 3919,4201,2462,2362
708: 1123,1704,4128,1641,1414,1086,3185
709: 3393,2105,2171
710: 2241,3168,767,1518,1998
711: 2804,3604,3109,213,4184
712: 695,210,1223,1326,1215,2804
4629: 2859,4758,3787,2680
714: 3204,4773,345,1424
715: 1929,1963,3925
716: 
717: 60
718: 1991,3825,3004
719: 3243,2611,134
720: 3019,1041,973
721: 129
722: 2666,1911,1258
723: 402,791,1134,2140,1844
724: 1674,4760,2145
725: 4596,2885,1788,2204
726: 2535,297,319,1322,2552
727: 2052,4693,775,4551,4534,1316,3071
728: 3726,1061,4157
729: 2104,4447,2627,270,4218
730: 4809,1516,1906,2212,569
731: 
732: 100,3404,4270
733: 3139,2256,2813,658
734: 3105,1918,4494,948,25
735: 2534
736: 2801,4568,3694
737: 2751,4137,3997,883
738: 1240,3065,2497,1806,3108
739: 1169,3557,3896
740: 825,3401
4561: 
742: 1234,1532,2702,2967
4706: 1615
744: 2054,1155,1865
745: 
746: 2826,4549,1469,3818
747: 
748: 4417,2468,4528
749: 
4598: 219,243,952,487,3475
751: 859,3649,4727
752: 3582,2303,3709,244
753: 1435,378
754: 2829,2631,1787,1094
755: 
756: 1122,1361,2200,458
4499: 562,4158,4065,4412
758: 
4627: 3531,1174,3559,2770
4702: 3708,664,1477,1895
4603: 817,1763,4530,2685
762: 3902
763: 
764: 3270,3884,1971,1626
765: 2394,142,1553
766: 2508,3138,4625,3975,22,933
767: 2615,1518,3168,710
768: 
769: 4617,1382,242,14
770: 4617,1854,2889,2279,3812
771: 4537,4277,698,834,3562,3834,1962
772: 3192,2744
773: 3397,2802
774: 4031,3950,2807
775: 2052,727,3476,1316,3339
776: 
777: 2614,3712,1372,2353
778: 1098,856
779: 3947
780: 1349
781: 1749,2992,784,2009
782: 1427
783: 4750,2075,235,2150,3689,549,4116
784: 3346,2009,3235,781
785: 4044,1651,576,1288
786: 1055,1135
787: 4658,523,3889,2308,236
788: 2462,303,4256,143,4744,2517
789: 3403,1683,4780,4513,3323
790: 3387
791: 723,1134,1715,282
792: 2463
793: 3416,168,1507,879,4382,3702,3852
794: 3,3447
795: 71,3527,544
796: 3396
797: 1675,361,3576,3726,3652
798: 2054
799: 1331,3489
800: 4676
801: 499,3160
802: 4646,2473,4454
803: 3868,3022,3482,3441
804: 3686,1922
805: 1004,995
806: 2252
807: 1107
808: 4765,1687,2304
809: 2532,2432,392
810: 4366,3140
4812: 2180,847,2875
812: 3668,4446
813: 3369,3240,1949,1891,277
814: 4181,1171
815: 3074,3704,873,3051
816: 338,4633,2853
817: 4603,3112,2579,4449,2685
818: 2866,3617,4809,647
819: 2262,396,1947
820: 3713,3048,311,699,4313
821: 
822: 606,2488,346,4700
823: 3456,4240,206,1384,3099
824: 4613,1922
825: 740
826: 421,4272
827: 4454,3236,3132,1991,252,3004
828: 2273
829: 4120
4513: 298,789,4780,2738,1062
831: 2043,3442,1887,4760,2145
832: 2495,2266
833: 118,3375,1286,3435,3757
834: 3364,4537,771,698
835: 628,4585,1164,2579,4449
836: 3927,3072,1542
837: 4772,4563,1609,1324,2471
4496: 2602,4333,4096
839: 1940,2488,1108
840: 1393,853,4383
841: 2830,3792,4427,2887
842: 178
4542: 91,2392,936,3227
4556: 2840,4470,502
845: 2753,2233,2353,2614,2637
846: 2493,1819,2277,77,3328
847: 4812,2509,2875
848: 4768
849: 2318,1288,3534,1906,3957
850: 2675,1294
851: 612,1500,1719
852: 2620,2940
853: 2401,1393,1705,840,1999,20
854: 1981,163,2892,1327
855: 1014,1482,1858
856: 967,778
857: 319,4219,1322,3201,3271,921
4799: 2551,408
859: 751,3158,3644,1905
4666: 4370,4205
861: 2046,3166
862: 919,4658
863: 4748
864: 976,4794,3630,4537
865: 2562,652,3777,4660,4591,2313
866: 3585
867: 1911,3928
868: 2549,153,2280,1191,290
869: 2030,1480,3895,1523
870: 505
871: 2306,227,170
872: 2384,3673,1409,2023,1863
873: 434,2848,815,3704
874: 4984,702,3771,2908,3577,3571,4185
875: 2841,15,912,45
876: 2919,2089,3639,1232
877: 1575,4024,1919,4678,511
878: 4740,2204,3201,1788
879: 4046,3416,793,1926,3491,3852
880: 
881: 3122,4694,4304
882: 1230,621,2197
883: 2159,3554,737,3997,276
884: 2028,1084,2770,3640
885: 1557,691
886: 2737,1167,88,3495
887: 4659,344,3018,455,4102
888: 4549,128
889: 1989,2189,1510,1437,2760
4630: 3157,1403
891: 1388,1241,4112,1780,3822,2098,1119
892: 3516,3535
893: 551,3665,2826,1862
894: 3080,1556,4714,1613
895: 1845,348,4624,2987,4467,1491
896: 1918,1694,4494,3350
897: 1125
898: 1203,2210,1359,3841
899: 3084,3540,1498,2368
900: 1849,2125,2175
901: 498,1871,436,2135
902: 2061,2135,2603,1937
903: 1547,247,3792,2593,3543
904: 1058,4140,953,2028,3930,4135
905: 3768,2704,3272,3220,2742
906: 2351,1784,4770,938,1077
907: 272,1687,2304,1546
908: 170,2478,4049,3966
909: 4607,4786,1945,3370
910: 4092,2447
911: 965,3164,1980,4526,2908
912: 2754,2650,15,875,45
913: 2702,1775,3751,1010
914: 1712,1633,942
915: 3484,4221,678,2140,1990,1844,1864
916: 2033,4428,978,3584,1570
917: 4242,2293,633,1770,414
918: 4077,2,4695,3410
919: 862,4658,2176
920: 3119,4422
921: 2419,2552,857,319,3271,489
922: 3706,436,3014,3492,4578
923: 3542,184,1184,3440
924: 3392,1594
925: 1790
926: 
927: 1860,3290,177,4144,4733
928: 1728,1602
929: 1249,314,3637,2760,584
930: 373,2392,936,484
4488: 1262,4391,239,3734
932: 3915,2264,2172
933: 22,3975,766,2483,3102
934: 
935: 2199,217,1648,971,1380,221
936: 2392,4542,332,930,3391
937: 1920,1313
938: 1315,4770,906
939: 4032,1413,3714
940: 166,3209,453,2995,663,2137
941: 2529,4259,4784,3416,168,4046
942: 3018,914,3353,4659
943: 1293,3727,4230
4811: 3446,2438
945: 291,4757,1286
946: 410,1827
947: 3028
948: 3881,4494,734,2750
949: 2904,2073,1544
950: 2274,3282,3452,4197
951: 3668,472
952: 2601,4097,4598
953: 4308,3786,1058,904,4135,4616
954: 231
4521: 
956: 4518,1268,1022
957: 76,3150,1436
958: 2480,2736,4213,26
959: 2418,3595,3279
960: 2506
961: 3257,2509,28,2235
962: 1116,4280,4238,4406
963: 4654,1719,1599,2519
964: 2359,670,1441,4003,4451,1405
965: 4329,911,3577,3164,2908
966: 2661,4336
967: 4025,856,185
968: 4223,4116,1433
969: 389,4237,4566
970: 4056
971: 1380,221,935,2931,239
972: 4619,2919,509,2111,2574
973: 1697,2610,3019,720,2364
974: 2528,1327,2649,2110
4623: 2168,2990,2607,89,110
976: 864,617,4537,3562
977: 1076,3917,3923,1074
978: 2858,2669,4428,916,3584
979: 2085,2638
980: 
981: 
982: 3422,1270,2262
983: 4649,464
984: 3351,1850,2773,3811
985: 1658,3517,1796,4443
986: 3309,1350,3736,4200
987: 4116,2075,4041,4734,3347
4664: 2134,3033
989: 1622,1648,1380
990: 2275,2996,1937,3316,2999
991: 3141,4231,1560,2149
992: 460,1369,1893,1829
993: 1521
994: 3008,4079,4642,230,2436
995: 805,3549
996: 1366,3229,1015
997: 3739,2797
998: 4568,2801
999: 4417,2468,4216,4346
4539: 4614,1635,505
1001: 1458,704,2443,1393,4383
1002: 1729,4797,1099,2807
4792: 3222,2161,3343
1004: 805,3094,3501
1005: 2982,1967,1432,4822,4214
1006: 1527,1675
4673: 1054,4347,2901,4361
1008: 1168,2761,3553,3987,1484,1031
1009: 1433,3719,4517,3382
1010: 1449,3751,2702,913
1011: 1871,2347,4622,1607
1012: 3781,598,3105,3838,216
4516: 1027
1014: 855,3929
1015: 3291,1366,3147,996
1016: 1780,2249,4226,1072,4112
1017: 
1018: 141,3097,2077,1883,4211
4565: 
4720: 2688,1579,2026,4190
1021: 
1022: 2926,2572,956,4196,4213
4650: 2505,3448
1024: 3801,1046,2869,3704,2895,3458
1025: 1609,321,2676,1636,2033
1026: 1308,1053
1027: 3946,4516
1028: 4215,2164,1642,3720
1029: 1116,4280,3550,1119,3728
1030: 4124,4597,3631,1591
1031: 4085,1484,1008,3830
1032: 593,2636,4337
1033: 592,401,4113
4739: 3627,4474,2619,2010
1035: 
1036: 
1037: 1900,2854,4364,1302
4704: 313,3421
1039: 2081,4572
4722: 1281,4368,1318
1041: 4582,4697,286,720
1042: 4343,3149,3513,1856
1043: 302,1271,2577,2412
1044: 281,3757
1045: 3543,1547,3733
1046: 3801,1024,1931,2848,3704
1047: 1236
4670: 2657,3285,2642
4764: 1169,1795,4051
1050: 675
1051: 4769,478,2318,1516
1052: 3115,369,4407,4020,4296
1053: 1308,1026,376,2796
1054: 4673,3595
1055: 4418,786,220,4069,1135
1056: 4386,2686,4532
1057: 3707,4269
1058: 904,4140,1207,2133,953
1059: 1948,4028,2415,1573
1060: 2941,3580,3845,2053,2061
1061: 4084,3931,728
1062: 4780,2738,4513,4057,52
1063: 2898,4023,3451,1752
1064: 4321,1680,326,1394
1065: 3511,392,4251,4736,3162
1066: 3380,2951,1774,4717
1067: 1145,4548
1068: 4563,32,1941
1069: 2327,2456,4010,3873,4406
1070: 3447,4508,3511,1914
1071: 1875,1512
1072: 177,2655,3807,1016
1073: 2595,4073,2948,4094
1074: 3923,265,977
1075: 
1076: 977,3917,3037,3144
1077: 3023,1756,906,1784,1315
1078: 368,591,3367,3302,3776
1079: 1247,3487,100,1503
1080: 2307,3941,2545,4554,1677
1081: 4261,3223
1082: 2764,2424,503,474,25
1083: 1968,4142
1084: 2715,4135,4616,2028,884
1085: 2555
1086: 4312,2885,3185,708,2660,1414
1087: 4362,1486,2803
1088: 3070
1089: 3833,1618,3307,2239,1653
1090: 108,3964,3066,3878
1091: 1769,4451,1405
4689: 
1093: 4061,3933,1650
1094: 1924,391,754,1787
1095: 3877,3111,216,1397,210,1223
1096: 3997,287,8,4348
1097: 3146,3810,1676,335
1098: 4396,778
1099: 2326,1002,2807
1100: 3662,591,1814
1101: 2037,3321,4376,2709,541
1102: 2844,2783,3926,2837
1103: 4596,3657,1884
1104: 2206,3355,4252,1794,493,365
1105: 3431
1106: 2758,3124,2080,1494
1107: 807,2651
1108: 606,839,562,643
4604: 1121,2571,3982,4149,3298
1110: 2940,1924,4529,2620
1111: 3507,306
1112: 1113,4128,3066,1569
1113: 1112,4128,2871,1641,123
1114: 4481,4663
1115: 1242,4791
1116: 962,1029,3775,3728,4238
1117: 2290,4379
1118: 2560,3844,1803,4447,188
1119: 3550,2098,1388,1588,891,1029,4280,3315
1120: 2155,3359,1952,1195,2695,3821,1736
1121: 4604,2571,3901,4408,3982
1122: 756,2200,4475
1123: 708,1704,2613,3185
1124: 2902
1125: 897
1126: 120,4174,1260,3477,1144
1127: 198,4691,3499,1448,1769
4717: 1066,1774
1129: 3362,323,4762,4368
1130: 4433
1131: 
1132: 1489,3036,2186,2288
1133: 1959,1630
1134: 723,402,791,1715
1135: 630,1055,786
1136: 3709,3910,157,1583,3715
1137: 1574,1415,3863
1138: 1663,2289
1139: 1515,3005,3986,500,3377
1140: 
1141: 3818,3182,3365,656
1142: 291
1143: 3389,3246
1144: 3477,1497,120,1126
1145: 1067,2958
4554: 4724,1677,1080,4438,4680
1147: 608,4489,4069
1148: 105,4453,4410,3308
1149: 
1150: 4180,2868,4801,1686
1151: 3428,4088,1267,2254,2920
1152: 445,3033
4559: 4351,1475,4086,2048
1154: 3920,4612,192
1155: 2054,744,2716
1156: 1320,1353,3122
1157: 2755,3162
4484: 4315,3463,1328,3537,4298,3566,4012
1159: 2093,2434,3129
1160: 4060
1161: 3497,2878,4072,1463
1162: 3745,3815,2659,3700,1329,3846,3641
1163: 4480,1242,2741
1164: 3112,2579,835,1368
1165: 4625,4339,3975,2015,4455
1166: 1654,1671,3363
1167: 886,2935,3495
1168: 209,3079,2761,1008,705,36
1169: 4764,739,4621,3896,2776,1795
1170: 1293,64,2920,1510
1171: 1428,4181,814
1172: 2055,1303,4801,3533
1173: 4393,2731,4132,596,3346,3235
1174: 4627,2770,2119
1175: 3476,16,358
1176: 1522,4322,3479,4212
4705: 404,244,1604,2672
1178: 1916
1179: 3676,3718,3312,4802,1246
1180: 2990,2607,4655
1181: 2959,1405,3505,2359,2857
1182: 2879,3368,412,1915
1183: 1474,1479,3723,4548
1184: 3440,923,3137,4781,251
1185: 497,410,1975
1186: 3249,1942,1456,273
1187: 4631,1491,4292,4609,398
1188: 4305,3127,584,2787,4028,4151
1189: 3639,4773,1874
1190: 3579,2732,2337,3625,1252
1191: 2280,3290,1616,153,868
1192: 
1193: 
1194: 3314,1762,3011,697
1195: 2155,1952,1120,2695,653,2778,1736
1196: 9,3609,3888,3318
1197: 2662,4206,3077
1198: 1319,38,4524,1993,4709
1199: 680,2798,2381
1200: 4686,2955,4161
1201: 2424,81,605
1202: 4262,1793,1300,4354
1203: 2720,4295,898,3841
1204: 2063,109
1205: 4049,2369,4388,2500
1206: 2861,2637,2753,4215,486,1642
1207: 72,3646,2133,1058,4140
1208: 2314
1209: 4303,4016,4605,3663,1255
1210: 330
1211: 2915,2566,3268
1212: 4210,4051,4476
1213: 1681,3090,3664
1214: 3212,262,2503
1215: 1326,3524,668,1223,712,2804
1216: 4533,2224,2551
1217: 3001,4260,1564
1218: 527,3357,3479,2256,3035
1219: 2437,1452,1358,3934
1220: 1959,4473,449,4037
1221: 3255
1222: 8,2114,3099,4240
1223: 695,210,712,1397,1326,1215,1095
4786: 1802,1945,909
1225: 4408,3515,1277,2571
1226: 2723,2692,4553,597
1227: 155,1715
1228: 3065,1597,300,3545,2497
1229: 3729
1230: 1408,882,2197,552
1231: 3945,2097,2012,4059
1232: 4707,3610,2089,876
1233: 1543,2897
1234: 742,1532,224,41,2967,3336
4778: 2561,2603
1236: 4468,1047,3518,2172
1237: 1334,2509,2235
1238: 3954,3383
1239: 546,1389
1240: 1982,2117,738,3065,3108
1241: 1388,891,1780,3878
1242: 1115,1163,443,2741
1243: 4758,102,4685,513
1244: 
1245: 3109,2403,372,213,3241
1246: 4802,2828,1179,156,3312
1247: 1079,3283,3487,3468,1419
4505: 3519,2003,2696,541,2752
1249: 2254,3384,929,1437,2760
1250: 
1251: 3847
1252: 3625,563,1190,2399,232
1253: 4173,1438,3514
1254: 4456
1255: 3334,2353,1209,4016,3663
1256: 1733,3404,2496,2568
1257: 581,2604,3509,4803,1501
1258: 4546,4302,722
1259: 3415,2580,3532,4797
1260: 1126,4174
1261: 3747,2155,1952
1262: 4391,4488,3734,4589,2526,3438,3582
1263: 350,4482
1264: 104
1265: 3142,3785,3284
1266: 4580,4698,4369,3981,1517,2024
1267: 3381,3428,1151,2254
1268: 1637,4548,956,4518
1269: 
1270: 3001,2262,982,430
1271: 4294,545,1793,1043
4701: 
1273: 2710
1274: 595,3947
1275: 1878,2828,3603,3845
1276: 67,2067,2111,331,1581,4131
1277: 1225,2571,2159
1278: 3070,4299
1279: 76,2854
1280: 4436
1281: 4722,2965
4760: 2145,724,831,1887,2057
4734: 1853,2225,3347,3505,987
1284: 3142,3816,4274,3284
1285: 2278,3114
1286: 833,4757,3375,945
1287: 4105
1288: 2318,849,785,4044,478
1289: 3746,475,2004,2990,3793
1290: 
1291: 4001,4806,73,3501
1292: 
1293: 943,1170,2920,1510,2189,4139
1294: 4789,850
1295: 2888,3233,4391
1296: 2128,1383,3532,2653,2198
4808: 552,2319
1298: 3481,1963,2352,538,122
1299: 1697,4785,2692
1300: 1202,4262
4781: 2944,251,1184,3137,59
1302: 3892,448,1037,4364
1303: 285,4801,3533,1172
1304: 2142,1664,3244
1305: 4608,4571,2687
1306: 
1307: 555,2695,1633,3069
1308: 1053,1026,1674
1309: 3699,2084,2180
1310: 1607,1398,1540
1311: 666,2333,4512,1631
1312: 1370,3112,1368
1313: 937,4344,2047
1314: 4173,2701
1315: 938,1077,1756
1316: 4551,4534,3476,16,727,775
1317: 4483,2632
1318: 3591,4368,4722
1319: 4010,38,1198,2121,4238
1320: 1156,2385
1321: 
1322: 857,319,4219,2344,726,2552
1323: 2565,3922,4031,525,1385
1324: 1570,2471,1609,837
1325: 669,1913,3762,3363
1326: 3524,1215,1397,1223,712
1327: 2528,974,2892,854
1328: 4315,3463,4484,540
1329: 2557,3846,3700,2258,1162
1330: 3381,1885,4735,3708
1331: 799
1332: 2635,3136,1488,433
1333: 
1334: 1237,28,2235
1335: 1508
1336: 3358,3263
4772: 837,1609,4306,1941
1338: 3507
1339: 500,437,3278,1992,1723
1340: 4099
1341: 2878,4540,3974,227,3280,3337
4557: 4465,4402,4638,4282,2657,3494
1343: 419,3379,2129,2178
1344: 1403,4080,116
1345: 2829,4277,1962
1346: 1738,1562,4536,304
1347: 4167
1348: 3314,4381,1742
1349: 780
1350: 986,3309
4535: 2388,2583
4817: 2066,1809,2067,2590,3062
1353: 4500,1986,4413,1156,3122
1354: 3315
1355: 1544,501,138
1356: 3385,140,582,690
4776: 2996,2759,4172,2218,426,2275
1358: 2824,3934,2437,1219,4108,1755
1359: 2602,2210,3420,898
1360: 560,136,2771
1361: 756,2200,1430,1530
1362: 1795,4766,4210,4051,4628
1363: 3680,2438,2099,4602,4581
1364: 
1365: 3275,2811,147
1366: 2201,3229,996,1015
4685: 2071,513,2031,4042,1243
1368: 1164,1312
1369: 460,992,336,1829,2686
1370: 1312,3112,2685,4278
1371: 4687,1639,4275
1372: 1688,4016,777
1373: 4784,2690,69,3826,4046,4182
1374: 2523,1522
1375: 421,1840,229,2597,1794
1376: 4640,4471,2888,3287,3758
1377: 3047,3523,1668,2416,1970
1378: 3165,4334,447,4718,3850
1379: 2739
1380: 971,935,217,1648,989
1381: 2898,4023,4323,3488
1382: 2847,1431,564,769,14
1383: 1296,2653
1384: 823,3456,2532
1385: 1323,4031,3615,1791
1386: 3200,2882,3836,33
1387: 
1388: 1241,1588,891,1119,3195,2712
1389: 1239,546,4777
1390: 4791,2278,4120,115
1391: 3598
1392: 4129,3940,3784,2748,2215
1393: 853,704,1001,840
1394: 3101,1477,326,2000,1064
4563: 837,2471,2696,1068
1396: 3941,3169,4258,1606,4351
1397: 40,598,1326,1095,216,1223
1398: 1310,4622,4783,2284,1540
1399: 3994,3783
1400: 2283,4645
1401: 4395,1835,4746
1402: 274,1798,120,3244
1403: 1344,4630,4080
1404: 2632,2522
1405: 2959,1181,1091,4451,2359,964
4552: 608,3765
1407: 4732,1643
1408: 1230,181,1802
1409: 4553,1581,2023,1863,872
4784: 1373,941,4259,4046
1411: 4214
1412: 1713,3682,2642
1413: 4032,939,332,3315,3372
1414: 1569,2660,4128,708,4312,1086
1415: 1574,1137
1416: 
4510: 2453,149
1418: 3756,4591,2313,4002
1419: 517,4409,3468,1247,3283
4692: 431,4173
4520: 2201,3288
4578: 600,3492,1550,922,3706
1423: 2316,3754,3839
1424: 2207,714,345
1425: 3901,3160,2380
1426: 3151
1427: 782
1428: 1171,4181,3880,3078
1429: 690
1430: 1361,2200,3292
1431: 2847,1382,3693,2683,3806
1432: 2982,1967,1005,4481,2301
1433: 1009,57,4223,968
1434: 232,3455,2732,2324
1435: 1678,753,4089
1436: 646,4039,957,4632
1437: 1510,2254,1249,2760,889
1438: 2701,1253,264
1439: 2539
1440: 2480,3781,1694
1441: 670,964,4003,2572,3996
1442: 
1443: 3772,1672
1444: 4487
1445: 2336,2147,4819,4098,4352
1446: 3895,106,3361
1447: 661
1448: 1127,3499,1957,4048,1769,491
1449: 1010,2702,3251,2722
1450: 633,3759,419,2711,2293
1451: 2457,2365,4288
1452: 2842,1219,1585
1453: 3925,3361,1799
1454: 2022,4527
1455: 34,2391,2310,2213,1803
1456: 39,1186,273
1457: 4007,1718
1458: 704,1001,2443,4253,3842,4276
1459: 429,2865,2609,2100
1460: 4610,4114
4729: 2425
1462: 3663,3334,1485
1463: 4072,4159,1864,1161,528
1464: 1778,602,4583,3461,2029
1465: 40,598,3781
4536: 365,2206,1346,1738
1467: 2490
1468: 2576
1469: 1506,551,2544,2826,746
1470: 2997,2905,370
1471: 697,4574,3480,4055
1472: 149,4442,3286
1473: 2708
1474: 1183,1479,4686,4450,3623
1475: 4680,4559,2048,2493,1819
4606: 4019,94,3761
1477: 3101,1394,4735,4702
1478: 
1479: 1474,1183,3723,4100
1480: 2030,869,2320,1523,3119
4647: 1846,3859,2778
1482: 855
1483: 
1484: 3987,2181,1008,3830,1031
1485: 4146,1628,2106,1462,2654
1486: 4362,1087,2768,101
1487: 2875,2620
1488: 3136,2726,1332
1489: 1132,3036
1490: 4011,2688,2026,4417
1491: 1187,4292,1845,895,348
4573: 493,2245,3755,167
1493: 484,144,297
1494: 3923,265,3124,1106
1495: 604,3044,3313,2938
1496: 4524,3095,4399,2199,2426,1993
1497: 3477,1144
1498: 1611,4644,899
1499: 2822,2347,4584
1500: 3776,3861,368,4585,851
1501: 1257,581,3603
1502: 2833,79,2542
1503: 2608,100,3404,1079
1504: 4813,545
1505: 634
1506: 1469,2544
1507: 168,793,2974,558,4382
1508: 1335
1509: 4672
1510: 2920,1437,1170,1293,889,2189
1511: 2529,2269,4259,1956
1512: 1071,1810,1875
4816: 2513,1533,125,669,1913
1514: 4752,2674,2395
1515: 1139,3005,183,161,150,3278
1516: 4809,730,1051,3617
1517: 4369,3981,1266,2024,4558
1518: 2481,767,710
1519: 4807,3434,2782
1520: 653,2778,681,590
1521: 507,993,3848,4774
1522: 1374,2523,1176,3163,4322
1523: 2320,1580,3895,869,1480
4608: 1305,3285,2570
1525: 2134
4793: 2684
1527: 393,1006
1528: 2825,4388,4049
1529: 441,2247
1530: 1361,3860,4043
1531: 
1532: 1234,742,224,2339,2241,2191
1533: 4816,4311,3184,703
1534: 3310,1990,3173,3766,4221,678
1535: 3029,236,523
1536: 1813,3804
1537: 
1538: 4715,1625,2260
4801: 1686,1150,1303,1172
1540: 2785,2856,1310,1398,4313
1541: 414,123,4242,390,2512
1542: 3072,4514,2282,3927,836
1543: 1233
1544: 1355,949
1545: 1682,4562,2766,3849,2991
1546: 1955,272,1735,907
1547: 903,3333,1045,3543,4618
1548: 4325,2979,448,4364
1549: 
1550: 3988,4015,3492,4578
1551: 2325,2877,1
1552: 
1553: 765,2394
1554: 2309,2844,3564
1555: 326,2000,86
1556: 3080,894,2411
1557: 3450,4126,885
1558: 1849,2581
1559: 3301,2838,1627,61
1560: 384,991,4231
1561: 3945,2779,2989,594
1562: 4665,304,1346
1563: 10,66,665,2726
1564: 4260,3001,396,1217,3103
1565: 
1566: 4815,2013,3333,2882
1567: 3677,71,3188,2767
1568: 
1569: 2660,1414,1112,4128,3964
1570: 1324,3898,2033,916,3584
1571: 4491,2087,4009,1731
1572: 4268,630
1573: 4469,3795,1059,49
1574: 1137,1415
1575: 877,1767,511,3154
1576: 1699
1577: 
1578: 2360,2055,3589,4763,3364
1579: 4720,2688,4190,2772
1580: 2320,1523,3040,3592,3148
1581: 4553,1409,2111,1276,4131,1863
1582: 328,508
1583: 2483,3102,3715,1136
1584: 
1585: 2437,2842,1452
1586: 4195,3615,212,355,2840
1587: 1617,3197
1588: 1388,1119,3195,2712,3315
1589: 30
1590: 3452,2569,1725,2436,2876
1591: 1744,3631,1030,3415
1592: 4244,2395,3454
4658: 787,523,2308,919,862
1594: 2469,924,2792,3392
1595: 2120,2103,4199,683,3169,4258
1596: 
1597: 3065,3794,1228,300,3956
1598: 41,1958,3088,53,214,473
1599: 4782,587,4453,963
4581: 2435,3680,1363,2438
1601: 2372
1602: 2784,2522,928
1603: 3121,4372
1604: 4705,3102,4712,2672
4538: 2670,3832,2229,4440,34
1606: 4258,1396,4351,4086,3225
1607: 1310,4622,1871,1011,2347
1608: 1770,2581,123
1609: 321,1025,1324,837,4772
4644: 1498,274,2107
1611: 1498,3540
1612: 
1613: 894,3464,4595
1614: 
1615: 4706
1616: 3470,3154,153,4109,1191
1617: 3039,601,1587,3197
1618: 3833,1089,4424,1653
1619: 3156,3372,332
1620: 3484,678,2553,528,3325
1621: 4747,2446,3887
1622: 3233,989,2126
1623: 2973
1624: 2139,325,2501
1625: 4495,1538
1626: 2735,4456,764
1627: 2160,1559,2838,3189
1628: 1485,4146,2704
1629: 3534,590,3957,131
1630: 4473,4089,1133
1631: 4512,666,1311,2220
1632: 455,4675,1919
1633: 1307,3069,1712,914
1634: 1828,1701,4768
1635: 3874,505,4539
1636: 2469,4420,2676,1025
1637: 4548,1268,5,4196
1638: 3948,428,1965,2167,3780
1639: 3688,1371
1640: 3983,2598,3749
1641: 1113,4128,2871,708,1704
1642: 2164,486,1206,2753,4215,1028
1643: 1407,4732,2792
1644: 337,138
1645: 
1646: 1711,2174
1647: 4381,4769,2866,3617
1648: 935,217,677,989,1380
1649: 271,3938,4271,4050
1650: 1093
1651: 688,432,576,4235,785,2969
1652: 3078,2143
1653: 3958,2239,1089,1618,4424
1654: 1166,1671,3133
1655: 3618,4333,643,562,4158
4770: 906,3434,2351,938
1657: 4062,3508,4095,2077,4621,2002
1658: 985,3517,522
1659: 1975,1827,2099,63
1660: 4247
1661: 1998,3231,2481
1662: 2431,4679,3850
1663: 1138,2289,3503
1664: 1304,4106,3916
1665: 
1666: 2643,2906
1667: 3189,3073,3742
1668: 3523,1377,2416,422,4634
1669: 2550
4788: 3565,2149,1682,4562
1671: 1654,1166,2136,2743
1672: 1939,333,1443,3772,4491
1673: 
1674: 724,2796,4117,1308
1675: 797,361,4592,1006
1676: 3146,1097
1677: 4724,4554,3854,1080,2146
1678: 1435,2673
1679: 3737,2915,4710,3268
1680: 86,1064
1681: 1213,3090,2927,3448
1682: 1545,2766,384,4788
1683: 3403,789,4805
1684: 3830,2181,3335,2691
1685: 4184,654,2520,4129
1686: 4801,1150,3358,2153
1687: 2304,4765,272,808,907
1688: 268,3167,1372,3264
1689: 2271,4525,347
1690: 2470,2413
1691: 
1692: 1960,3932,37
1693: 4006,1859,3806,3204,345
1694: 3781,1440,896
1695: 4039,4014,3074,3586,3006
1696: 2765
1697: 973,4785,1299,2610,2324
1698: 1994,2789,2979
1699: 3223,1576,394
1700: 
1701: 1634,1828,1912
1702: 3770,1817
1703: 625,4771,3740
1704: 708,1123,2512,1641
1705: 3553,13,2401,853,20
1706: 4329,3577,421
1707: 
1708: 
1709: 488,2227,4260,2740
1710: 2141
1711: 1855,3190,3985,2174,1646
1712: 914,3353,4492,1633,3069
1713: 1412,3181
1714: 4080,3835
1715: 1227,1985,791,1134
4617: 1854,770,769,2430
1717: 1744,521,387,2589,1816,3960
1718: 1457
1719: 2157,963,4208,612,851
1720: 3793,3755,1750,4655,456,2245
4528: 748,2468
1722: 2419,2552,3267,2535,2272
1723: 1992,3581,1339
1724: 4564,4672
1725: 3452,1590,2737,88,2436
1726: 420,147,2185
1727: 3417,4334,1771,684
1728: 928,2423,3624,3798
1729: 4797,1002,2198,2565,4611,2807
4700: 4134,346,2748,3940,822
1731: 2195,1571,4431
1732: 4580,3153,2443
1733: 1256,4569,2496
1734: 2925,3237,3418
1735: 4365,272,4562,1955,1546
1736: 3069,3976,1195,1120,2695,653
1737: 2745
1738: 200,3488,1346,4536,2206
1739: 1806,3108,3374
1740: 4356
4749: 
1742: 3609,1985,3888,1348
1743: 2408,459,2970,2851,1879,4486
1744: 1717,521,3631,1591,1756,1816
4815: 1566,364,33,3760
1746: 
1747: 4655,456,2599,2508,4193
4572: 1039,4631
1749: 2992,781
1750: 2508,456,2245,22,1720
4708: 1888,593,2857,3936,1853,2225,3414,3012
1752: 4586,2898,1063
4640: 1376,3325,4725,2126
1754: 3568,149
1755: 4410,3924,1820,2824,1358,4108
1756: 1077,3023,1315,1744,521,3631,2474
1757: 4296,3344
1758: 3802,3863,2247
1759: 1857
1760: 
1761: 2192
1762: 1194,3314,697,4055,4567,610
1763: 4603,3085
1764: 4387,3219
1765: 1866,3588,2166
1766: 
1767: 1879,111,4486,1575
1768: 4688,2209,356,4327
1769: 1091,1127,1448
1770: 1608,189,633,3759,917,414
1771: 2259,2641,4334,1727,2064
1772: 470,2924
1773: 4813,3856
1774: 1066,3380,4717,3813
1775: 913,2881,3751
1776: 3256
1777: 2308,3782,3817
1778: 1464,602,2336,2147,4583,4352
1779: 3512,165,3655
1780: 4198,2249,1016,4112,1241,891
4661: 3863
4575: 627,2747,4293
1783: 2758,166,3209,453,2080
1784: 906,2351,4256,1077
1785: 2032,2132,2786,2205
1786: 
1787: 2829,754,651,1924,1094
1788: 3750,2885,725,2204,878
1789: 3938,4271,2378,506,4822,2301
1790: 2226,2194,925
1791: 2985,3615,3950,1385
1792: 2396,3100,4482
1793: 1202,4262,1271,545
1794: 1104,3355,493,167,1375
1795: 1362,1883,1169,4764,4051
1796: 3679,522,985,2751,4443,287
1797: 
1798: 120,4174,1402,3244
1799: 3606,538,1453,3925,3207
1800: 
1801: 
1802: 181,4786,1945,1408
1803: 2104,4447,2310,1455,3844,1118
1804: 4759,3633,4545
1805: 4319,4632
1806: 1739,3108,2497,738
1807: 3773,3931
1808: 2587,4403,2214,4543
1809: 2066,4817,3978
1810: 3250,1512
1811: 4404,191
1812: 423
1813: 1536,4331,3329,657,2870
1814: 1100
1815: 3586,3006,4325,2979
1816: 3415,2580,1744,1717,387,3960
1817: 2466,2217,3770,1702
1818: 
1819: 2493,846,4680,1475,3328
1820: 4453,1755,4410,3924,587,4108
1821: 
1822: 12,3819,3343
1823: 2883,1913,2513,3363
1824: 3410,2337,4189
1825: 1910,234
1826: 4190,4317
1827: 1659,946,63
1828: 1634,1701,1892,48
1829: 4582,1893,1369,992
1830: 
1831: 3025
1832: 3021
1833: 2708
1834: 74,2489
1835: 4746,1401,3091
1836: 2391,2310,2004
1837: 4282,3338
1838: 4322,3830
1839: 2192,400
1840: 167,229,3755,99,1375
1841: 605,4065,562
1842: 4675,2127,1982,2117,3697
1843: 2927,2505,2333
1844: 3337,4159,1864,723,402,915
1845: 895,348,4624,2214,1491
1846: 4647,3859,3747,3203,1952,2778
1847: 
1848: 3502,2735,2354
1849: 1558,900,4416,2125,2581
1850: 3351,984,1982,3697,3299
1851: 278,583,255,4723,2420,3935
1852: 3638,192,3205
1853: 4734,2225,3347,4708,3394,3414
1854: 4617,770,3812,257
1855: 3190,1711,12
1856: 4360,550,372,2350,1042
1857: 1759,2937
1858: 299,855
1859: 4006,1693,3806,2847,336
1860: 3807,2922,927,177
4517: 65,3382,2530,1009
1862: 3182,2826,893,4201,269
1863: 2590,4131,1581,1409,872
1864: 1844,4159,3484,915,1463,528
1865: 3600,744
1866: 1765
1867: 2678,3959,615
1868: 2227,398,4550
1869: 2250,2892,2528
1870: 604,3044,2612,2595,3222
1871: 2880,498,901,1011,2347,1607
1872: 3731,378
4676: 800
1874: 3650,1189
1875: 1071,1512
1876: 
1877: 2450,2868,1896,4243,3911,4180
1878: 4802,2828,1275,4394
1879: 1767,111,4486,2970,424,1743
1880: 4130,307,3527,2342
1881: 151
1882: 4322,4804,3693
1883: 2077,4621,1018,1795
1884: 3657,2102,4076,2648,1103
1885: 3370,444,4735,3381,1330
1886: 1972,3436,3723,4100,2070,4518
1887: 3442,831,4760,2152,3453
1888: 4708,593,3936,3996,2540,2636
4541: 
1890: 176
1891: 1949,3611,3240,813
1892: 413,3237,1828
1893: 3567,992,1829
1894: 
1895: 3273,531,2768,664,4702
1896: 3218,4243,1877
1897: 2029
1898: 3516,4099,416,3707
4809: 647,730,1516,818,3617
1900: 1037,2854,4364,4325,76
4643: 3760,364,4615
1902: 631
1903: 2354,4743,2863
1904: 2866,3710
1905: 3644,2750,366,859
1906: 2212,3957,131,2318,849,730
1907: 3926,2837,2063,3564
1908: 3103,396
1909: 2714,4239,2981,2178,2711,289
1910: 1825
1911: 867,722
1912: 642,4672,1701
1913: 1823,2513,4816,669,1325
1914: 4251,2755,1070
1915: 3569,412,1182,2879
1916: 1178
1917: 181,1945
1918: 3105,734,896,4494
1919: 877,4024,55,1632
1920: 937,1967,1973
1921: 3999
1922: 824,804
1923: 
1924: 651,1094,4529,1787,1110
1925: 4062,422,2823,4095
1926: 4182,879,3491,4662
1927: 4332,2408,459,77,2277,438
1928: 2948,340,2938,4073,604
1929: 715,4013,2343
1930: 2049,2893
1931: 3801,1046,3136
1932: 3902,2358,2486,3611
4611: 2128,1729,2198,706,3922
1934: 597,2023,4081,450
4697: 4582,286,1041
1936: 
1937: 3316,2603,990,902
1938: 4614
1939: 1954,1672,4491,3533
1940: 4636,2062,3596,2488,839
1941: 32,136,4306,4772,1068
1942: 1186,3249,273
4669: 3634,2583,522
1944: 2411,3547,2582,65
1945: 181,4786,1802,909,3370,1917
4495: 2058,1625
1947: 2107,3422,819
1948: 2787,4028,1059
1949: 1891,3611,2358,3369,813
1950: 3243,134
1951: 2832
1952: 2155,1195,1120,3747,1261,1846,2778
1953: 2255,641
1954: 1939,333,2095,3254,285
1955: 3536,1546,1735
1956: 2153,3358,1511
1957: 4048,2070,1448,1969,491
1958: 1598,41,3088,3231
1959: 1220,1133
1960: 1692,2775,3932
1961: 2423
1962: 771,4277,1345
1963: 1298,3481,715
4493: 589,3121
1965: 2167,3780,479,1638
1966: 
1967: 2982,1432,1973,1005,1920
1968: 246,1083,4091,4142
1969: 4003,491,1957
1970: 4360,550,3241,3047,1377
1971: 2854,764,3741
1972: 3436,1886
1973: 2982,1967,1920
1974: 2459,3209,3816,2758
1975: 1659,2099,1185
1976: 3763,3165,4334,2641
1977: 
1978: 662
1979: 
1980: 2455,4526,2560,911
1981: 854,163,4078,4170,655
1982: 1240,2117,3351,1850,3697,1842
4560: 2473,2977,45,3061
4489: 1147
1985: 3609,1742,1715,679
1986: 1353,4500,4413,3396
1987: 228,2759,3217,223,4043
1988: 
1989: 300,889,3956,2189,4139
1990: 2140,2119,3766,4221,915,1534
1991: 3132,657,827,718,3004
1992: 1723,3581,4138,4657,1339
1993: 2426,692,1496,4524,1198
1994: 1698,169
4555: 
4566: 389,969,3902
1997: 2381,2634
1998: 3231,1661,2481,2241,710
1999: 3471,853,3987,20,2181
2000: 1555,326,3101,1394
2001: 102,3983,385
2002: 2077,4621,4062,1657,4095,2776
2003: 4505,2696,3055,3898,2471,2410
2004: 1289,475,1836
2005: 2949
2006: 4761,4045,2358,3369
2007: 3678,3293
2008: 4430,4281
2009: 784,781,3034
2010: 4674,4739
2011: 
2012: 4059,3945,1231,2700
2013: 4036,247,2882,1566
2014: 3929
2015: 4455,3202,692,4285,4339,1165
4574: 2794,3016,2969,1471,3480
2017: 161,150,3449,3719,2433
4769: 1051,3011,1647,4381
2019: 2113,2528
4624: 2156,2214,1845,895
2021: 4551,3294,3178,16
2022: 1454,611
2023: 597,1934,1409,872
2024: 2536,1266,4384,4698,3981,1517
4485: 3464,4595,3319,3342,2326,3814
2026: 4720,2688,4011,1490
4654: 2157,963,2896,2311,2519
2028: 884,3559,3930,904,1084,4135
2029: 3461,1897,3057,4583,1464
2030: 869,1480
2031: 4042,4685,174,2859
2032: 3870,1785,2132,2547
2033: 4428,916,2676,1025,1570
2034: 4819,3817,310,2793
4607: 909,3370
2036: 2862
2037: 1101,2709,3115
4584: 699,1499
2039: 3897,2427,4679
4646: 624,2473,3236,802
4547: 284,75,15
2042: 3389,3840,327
2043: 831,2145
2044: 2056,3394,3659,2078,2746,2767
2045: 3594
2046: 861
2047: 4194,4344,1313
2048: 4559,1475,2129
2049: 1930,2893,2404
2050: 4291,4461,3664,3090
2051: 3172
2052: 727,4693,775,292,4183,4691
2053: 2968,436,3014,1060,2941
2054: 1155,744,798
2055: 1172,2852,1578,4763
2056: 2044,3394,3347,2078
2057: 4592,4760
2058: 4495,4715
2059: 
2060: 4052
2061: 902,2135,1060,3580,2603
2062: 3604,695,568,1940,4636,3596
2063: 1204,2211,2837,1907
2064: 684,4392,1771,3317,3024
2065: 2681,3984,3698
2066: 4817,2387,1809,2067
2067: 67,1276,3558,2066,4817,2387
2068: 4377,3964,68
4756: 3522,1,3172,207
2070: 1957,4048,1886
2071: 4685,3645,4042
4631: 1187,4292,398,4572
2073: 2904,949,2267
2074: 4326,3680,158
2075: 783,4750,4041,987,4116
2076: 2881,2749,3366,2615,4787,2795
2077: 1883,4621,2002,3508,1657,1018,3097
2078: 2056,2044,3005,2746
2079: 62
2080: 3124,1106,2758,1783
2081: 1039,3909,146
2082: 
2083: 4104,4200
2084: 3699,1309,2322
2085: 979,2638,4254,4475,3386
2086: 4421,2706,3135
2087: 3879,4009,4491,1571
2088: 2965,4401,3313
2089: 2812,1232,3610,876
2090: 2120,2393,4036
2091: 3057,4713,4802
2092: 
2093: 1159,680
4586: 1752,4462,4710,4343
2095: 3883,2450,1954,3254
2096: 3291,3764
2097: 3825,1231,3937,4359,4059
2098: 3822,2563,3550,1119,4112,891
2099: 1659,1975,63,4602,1363
2100: 4218,1459,2865
2101: 3855,3253,3530,72
2102: 3657,1884,4076,4015,2648
2103: 2120,1595,2393,4199
2104: 729,1803,2213,4369
2105: 709,3393,3824
2106: 4605,4508,1485
2107: 1947,4755,4644
4703: 4207,305,3523,654,4634
2109: 2132,2547,3833
2110: 4063,2649,974
2111: 331,2574,972,4553,1581,1276
2112: 2234
2113: 2678,2019,2250
2114: 8,3099,1222,3833,3307
4593: 2484,2566,3524
4550: 4609,430,1868
2117: 1240,1982,3108,1842
2118: 
2119: 1990,1174,3766
2120: 2103,1595,2090,2393,4258
2121: 461,4178,4459,1319
4678: 877,175
2123: 3360
2124: 2805
2125: 573,3211,1849,900
2126: 4725,3310,3233,1622,4640,2888
2127: 4675,1842,3697,4390
2128: 1296,2198,706,4611
2129: 1343,3379,2048,2493
2130: 4620,4759,3990
2131: 4798
2132: 2547,2109,2032,1785,2786
2133: 3405,1207,1058
2134: 1525,3613,4664
2135: 902,2061,436,901
2136: 3716,2743,2942,1671
2137: 3839,3232,4363,663,166,940,453
2138: 3843
2139: 1624,325,3632,3522
2140: 1990,723,4221,915
2141: 1710
2142: 1304,325,4106,3998
2143: 3656,1652
4569: 518,1733
2145: 4760,724,2043,831
2146: 11,1677,3854
2147: 2336,4583,1445,1778
2148: 
2149: 4788,3565,991,3141
2150: 3689,783,549,4101
2151: 2600,4110,2393,2698
2152: 3453,1887
2153: 1956,3552,3358,1686
2154: 
2155: 3359,1952,1195,1120,1261
2156: 4624,2616,3790
2157: 4654,1719,612
2158: 621,3161,2248
2159: 3554,883,1277
2160: 1627,2838
2161: 4792,3222,219
2162: 2295,145,159
2163: 
2164: 569,486,1642,3800,1028,218
2165: 3187,3528
2166: 3052,1765,3373
2167: 1965,1638,428
2168: 2607,4623,91,89
2169: 29,413,467
4707: 1232,2258,4619,2919,2557,2574
2171: 264,4189,709
2172: 3518,2264,4468,1236,932
2173: 3025
2174: 3545,193,1711,3985,1646
2175: 2629,900
2176: 919
2177: 4761,4045,2588,2193,340
2178: 2711,4239,1909,1343
2179: 4649
2180: 4812,3699,1309
2181: 3987,1484,1999,3830,1684
2182: 4790,4090,2321
2183: 
2184: 2504
2185: 2575,1726,147
2186: 61,1132,4166
4497: 519,3968,3718,4713
2188: 4066,3563,117,2449
2189: 300,1989,889,1510,1293,4139
4696: 3748
2191: 2241,3168,2749,2339,1532,224
2192: 1839,1761
2193: 340,4761,2177
2194: 3638,1790
2195: 1731,4431,3443,3541
4753: 3831
2197: 4083,1230,882,552
2198: 1729,4797,1296,2128,4611
2199: 935,3095,1496,2426
2200: 1122,1361,756,1430,3725
2201: 1366,3229,187,4520
2202: 
2203: 4744,3608,2518,3983
2204: 4740,878,4596,725,1788
2205: 254,3899,1785
2206: 1104,3355,4536,365,1738
2207: 1424,2439,0,3806,345
2208: 3252,4183,3071,4693
2209: 4688,1768,388
2210: 3826,3420,4412,1359,898
2211: 3752,2063
2212: 1906,98,3957,131,730
2213: 34,1455,2104,4369
2214: 4543,4624,1808,1845,2809
2215: 141,4207,1392,4129,2451
2216: 4371,3993,2908
2217: 1817,535,4771,4400
2218: 426,3145,3292,2759,4776,228
2219: 667,2238,2323,4320
2220: 2798,666,1631
2221: 
2222: 43,2994,2765
4595: 4485,3464,3342,4714,2326,1613
2224: 4533,2738,1216,4057
2225: 4734,1853,3505,4708,2857
2226: 1790,4477
2227: 1868,1709,488
4500: 1353,1986,3396
2229: 89,110,4538,4440
4726: 4144,107,3777,3775,3728
4674: 2010,3782,4098,3817
2232: 42,2693
2233: 2753,3800,845,98
2234: 301,2112,3213
2235: 28,961,2509,1237,1334
2236: 3683
2237: 2361,4361,78
2238: 512,3828,2219,2323
2239: 1089,1653
2240: 3952
2241: 3168,710,2191,1998,1532,224
2242: 379
2243: 3572,4341,2897,595
2244: 
2245: 22,4712,1750,3755,1720,4573
2246: 4498
2247: 441,1758,3802,1529
2248: 2291,3240,2558,621,2158
2249: 1780,4198,1016,4226
2250: 1869,3706,2113
2251: 2808,623
2252: 3868,806
2253: 
2254: 3384,1249,1267,1151,1437
2255: 1953
2256: 3139,733,2523,527,1218
4758: 1243,2859,4629,385,2680
2258: 4707,3700,1329,2557
2259: 1771,2641,4721,3317,3779
2260: 3435,4715,1538,3375
2261: 
2262: 3001,1270,819,396,982
2263: 2935,3546,2519
2264: 3518,2172,932
4622: 1607,1398,1011
2266: 451,3640,2495,832,677,4147
2267: 526,2073
2268: 2407,3696,296
2269: 1511,4259,3671,2690
4761: 2006,2177,4737,2193
2271: 3576,1689,361
2272: 2670,3832,2535,3500,1722
2273: 4349,159,828
2274: 295,950,2737,3452
2275: 990,4172,2996,2759,4776
2276: 4202
2277: 2493,846,77,1927,438
2278: 1390,115,1285
2279: 435,2752,4257,3905,770
2280: 1191,3290,868,290,652
2281: 3528
2282: 4514,1542,442
2283: 1400
2284: 4820,4783,2999,1398,2856
2285: 3216
2286: 4143,2461,4796
4805: 2803,1683,3323
2288: 4115,3029,1132,3036
2289: 3187,1663,1138
2290: 1117
2291: 3240,2248,4683,2558
2292: 
2293: 917,4728,633,1450
2294: 2302
2295: 2162,2667
2296: 464,4385
4614: 4539,1938
2298: 2820,3287,3979
2299: 3442,706
2300: 17
2301: 4481,4271,1789,1432
2302: 2294
2303: 3582,752,4589,4125,2955,4665
2304: 1687,808,907
4534: 4551,1316,2820,2442,727,3071
2306: 473,871,58,214,3460,3974
2307: 1080
2308: 1777,4658,787
2309: 1554,3564
2310: 1836,2391,1455,3844,1803
2311: 2896,612,4654,2431
4519: 2577,2675
2313: 461,2562,3777,865,4591,1418
2314: 3120,3856,1208,139
2315: 
2316: 1423,3754
4525: 515,347,1689
2318: 849,1288,1906,1051,478
2319: 4808,3428,4088
2320: 1580,1523,1480,2591,4422
2321: 2944,2744,2182
2322: 675,3248,2406,2084
2323: 4320,2219,2238
2324: 1697,2610,1434,3455
2325: 1551,2652,2877,2414
2326: 1099,3342,4485,4595
2327: 2456,3138,3619,1069
4787: 2742,2615,92,2076,3366
2329: 2432,233
2330: 4170,165,415,13
2331: 2705,548,4119,3654
2332: 
2333: 666,1311,1843,3953
2334: 3554,408,2551
4612: 3920,3994,1154
2336: 2147,4583,1445,4819,4352,1778
2337: 1824,1190,3625
2338: 3418,4405
2339: 2881,2749,3168,2191,1532
4610: 3383,1460
2341: 4060,44
2342: 1880,307
2343: 3265,154,1929
2344: 18,4219,1322
2345: 
2346: 2893,3980,3557
2347: 498,1871,1011,1607,2822,1499
2348: 2527,3548,3578
4656: 2895,514,4439
2350: 547,2839,550,1856
2351: 906,3434,4256,1784,2782,4770
2352: 1298,3481,2957,122
2353: 3334,1255,777,2614,2637,845
2354: 1903,1848
2355: 258,125
2356: 3831,3157
4818: 286,3091,4445,2980
2358: 1932,1949,3611,3369,2006
2359: 670,964,1181,1405,2857,3936
2360: 1578,3589
2361: 2901,2237,4361,4546
2362: 707,4744,2517
2363: 2584,393
2364: 3824,973,2610
2365: 1451,2457,2383,638,2594
2366: 3282,533,79
2367: 3796
2368: 899,4480
2369: 1205,2500,469,3110
2370: 4766,4211,3687,4134,2451
2371: 4387
2372: 1601,4504
2373: 4150,2864,3158,4065
4687: 1371
4735: 1885,3101,1477,1330
2376: 3541,2618,2631
2377: 
2378: 3125,506,3938,1789
2379: 3739
2380: 3247,1425,3982
2381: 2798,1199,1997
2382: 4204
2383: 2457,2365,638
2384: 3544,3673,872
2385: 2904,4767,1320,4393,4367
2386: 2541
2387: 2066,3642,3558,2067,4716,4373
2388: 2452,485,4535
2389: 
4655: 1747,456,1180,3793,1720
2391: 1836,2310,4440,34,1455
2392: 91,4542,936,930,484
2393: 2120,2103,2090,2151,2698,4036
2394: 142,765,1553
2395: 1592,2674,1514
2396: 1792,599,3208,3906,4482
2397: 29,318,2884
2398: 3117
2399: 232,3455,1252,2673
2400: 3992
2401: 853,1705,20
2402: 
2403: 668,3109,1245,2484,3149
2404: 3632,2049
2405: 3729
2406: 3770,2322
2407: 2268,2585,3340
2408: 4332,459,1927,1743,4486,2850
4616: 1084,2715,4135,4308,953,3176,3756
2410: 3607,85,3055,4093,3519,2003
2411: 1944,1556,3547
2412: 2577,2556,1043
2413: 1690
2414: 3978,2587,2325,2652
2415: 3323,1059,3795
2416: 1377,1668
2417: 3539
2418: 959,335
2419: 921,2552,3267,1722,319,489
2420: 3451,3674,173,1851,583,255
4649: 983,4346,2179
2422: 2531,2980,3732
2423: 1961,3624,1728
2424: 2764,1082,1201,474,81,2864
2425: 4729
2426: 3202,1993,692,1496,4524,2199
2427: 3897,2039,4054,532
2428: 
2429: 2585,4466
2430: 4617,673
2431: 1662,2896,2311,4718,3850
2432: 2329,809,233,392
2433: 4421,2706,3382,3719,2017
2434: 1159,4418
2435: 4581,80,3965
2436: 88,230,1590,1725,3008,994
2437: 1219,1585,1358,4108
2438: 1363,3446,4811,4581
2439: 2683,0,4074,3806,2207
2440: 3943
2441: 24,488
2442: 2820,3287,4471,4534
2443: 1458,1001,4276,1732
4609: 3916,4550,4467,1187,430
2445: 
2446: 79,4052,1621
2447: 910,3634
4491: 1571,1939,1672,2087
2449: 2188,2731,4132
2450: 2868,1877,2095,3254
2451: 4134,3940,2215,2370,4211
2452: 4681,2388,2643
2453: 4510
2454: 2716,3597
2455: 1980,188,3993,2609
2456: 2327,3619,1069,3714,3722
2457: 1451,2365,2383,4288,231
2458: 516,4347
2459: 380,1974,3209
2460: 4395,369
2461: 3170,3032,2286
2462: 788,3365,303,3919,707,2517
2463: 3354,792,3717
4730: 
2465: 3626,703,3575,47,4311,3039
2466: 1817
4715: 1538,2058,46,2260
2468: 748,4417,999,4528
2469: 1636,1594,4420,2676,3392
2470: 1690,3773
2471: 1324,837,4563,2003,2696
2472: 
2473: 4560,2977,237,4646,802
2474: 2589,2518,3023,1756,521
4782: 1599,4453,105,2935
2476: 
4690: 
2478: 2510,908
2479: 3653
2480: 958,2736,1440
2481: 3710,1518,1998,1661
2482: 2862
2483: 1583,3102,3715,3975,933
2484: 4462,4710,4593,3149,2403
4543: 4403,2214,4415,1808,2809
2486: 4683,3611,1932
2487: 4291,4461
2488: 3596,2748,1940,839,822
2489: 650,320,1834
2490: 1467
2491: 
4754: 3326,407,3815,3846,3647,3419
2493: 846,1819,2277,1475,2129
2494: 2921,4374,3724,84
2495: 3095,832,2266,677
2496: 2568,3125,1256,1733
2497: 570,3545,3065,1228,738,1806
2498: 
2499: 3398
2500: 3966,4049,2369,1205,3232
2501: 1624,4174
2502: 306,3588
2503: 262,3884,1214,2621
2504: 2184,4620
2505: 1843,4650,51,3953
2506: 3398,960
4482: 350,1263,3906,2396,1792
2508: 1750,766,4193,3138,1747,456
2509: 3257,961,847,2235,1237
2510: 2478,2961
4672: 642,1912,1724,1509
2512: 4118,390,1541,1704
2513: 4816,476,601,1913,1823
2514: 3167,190
2515: 280
2516: 4699,3672,3664,3621,4527
2517: 143,4744,788,2462,2362
2518: 3608,2589,2474,2203
2519: 4654,963,2263,2935
2520: 4184,1685,654,213,3395,305
2521: 2972
2522: 2632,4653,620,1602,1404
2523: 1374,1522,3139,2256,527,3479
4633: 4118,816,2853
2525: 2998
2526: 4589,4161,4125,3438,1262,4637
2527: 2348,95
2528: 1327,974,2019,1869,2649
2529: 1511,941,4259,168
2530: 57,4101,4517
2531: 4154,2422,3732,2936
2532: 809,1384
2533: 4096,346,3618,4333
2534: 735
2535: 297,726,3500,2552,1722,2272
2536: 2024,4384,2677
2537: 2630,3460,4601,2825
2538: 
2539: 1439
2540: 2636,2926,2572,3996,1888,3936
2541: 2386,4419
2542: 3423,1502,2833
2543: 2760,584,3956,4151
2544: 4549,1469,1506
2545: 3941,3169,683,1080
2546: 2626,3858
2547: 2132,4348,2109,276,2032,3870
2548: 3423
2549: 868,3977,2928,153
2550: 1669
2551: 4799,1216,2334,408
2552: 921,2419,1722,319,1322,2535,726
2553: 3178,528,1620,3325
4736: 233,3472,3162,1065,392
2555: 1085
2556: 2412,634,3250
2557: 1329,4707,2258,4619,2574
2558: 3305,3279,3161,2291,2248
2559: 2853,338,4576
2560: 3844,1118,2836,1980,4526
2561: 3580,2603,3845,4778
2562: 652,3777,865,4144,2313
2563: 3822,3550,2098,107,4733
2564: 
2565: 1323,1729,4031,2807
2566: 1211,4593,3268,40,3524
2567: 4264,3129
2568: 2496,1256,2608,648
2569: 3452,1590,4197,2876,4474
2570: 3181,4608,2664
2571: 4604,1121,4408,1225,1277
2572: 1022,2926,3996,1441,2540
2573: 3026
2574: 2111,331,4707,4619,972,2557
2575: 2185,2855,3275
2576: 1468,2584,4775
2577: 2412,4519,302,2675,1043
2578: 2954,3753,2984
2579: 1164,3112,4449,835,817
2580: 1259,1816,3960,4797
2581: 1608,1558,1849,4416,2817
2582: 3144,3547,1944,65
2583: 3634,4669,4535
2584: 2363,4775,2576
2585: 2429,4466,2821,3340,2407
2586: 
2587: 2414,3978,1808
2588: 4774,4045,2177,238
2589: 387,3608,2518,2474,1717,521
2590: 4131,1863,4817,3062
2591: 4422,3148,2320
2592: 4029
2593: 4530,3792,903,3543
2594: 485,638,2365
2595: 4073,1073,604,1870,3222
2596: 2724,4434,4469,3795,3359
2597: 4544,229,1375,4329,3164
2598: 4714,3749,1640,4064
2599: 3612,3619,3227,4193,1747
2600: 2151,2612
2601: 3788,4097,952
2602: 1359,4496
2603: 2561,3580,4778,902,2061,1937
2604: 622,3690,3509,4803,1257
4486: 1767,1879,2408,1743,2850
4686: 1200,2955,4450,1474
2607: 2168,2990,4623,1180,91,3227
2608: 1503,648,2568,4091
2609: 1459,429,2455,2627,3993
2610: 1697,973,2364,2324
2611: 3135,719,3243,4421,4289,4795
2612: 3044,1870,3872,2600,4058
2613: 1123,3185,4596
2614: 777,3712,2353,845
2615: 4787,767,2076,3366
2616: 3790,2652,2877,2156
2617: 3467
2618: 2376,3541,4310,4277,698
2619: 19,4739
2620: 852,1487,2940,1110
2621: 2503
2622: 3367,603,3302,2656,3362
2623: 3849,2991,4766,4628
2624: 3390,495,371
2625: 4315
2626: 3858,2546
2627: 188,729,270,4218,2609
2628: 3193,596,4012
2629: 2175,4332
2630: 214,3460,2537,41,411,4601
2631: 2829,754,2376
2632: 4653,2522,4483,1317,1404
2633: 3725
2634: 23,1997
2635: 1332,4439,3801,3136,2895
2636: 2540,26,2926,1888,593,1032
2637: 2861,1206,3334,2353,2753,845
2638: 2085,979
4789: 4354,253,1294
2640: 4229,532,3601,494,2860
2641: 2259,1771,4334,1976,4721
2642: 1412,3682,3285,4670
2643: 1666,2452
4657: 500,307,1992,4138
2645: 3489,2945
2646: 11,3374
2647: 3747,3203
2648: 1884,2102,4076,615
2649: 2528,974,2110
2650: 2754,2800,912,237,2977
2651: 4757,1107
2652: 2325,2877,2414,2616
2653: 3532,636,1296,1383
2654: 3,3447,1485,4146
2655: 3807,1072
2656: 2622,3302,3362,3972,4585,3776
2657: 4670,4282,3338,4557,3494
2658: 4331,3329
2659: 3700,1162
2660: 1569,1414,4312,1086
2661: 966,3952
2662: 1197,2705,548
2663: 337
2664: 4242,4728,2570
2665: 
2666: 722,3210
2667: 283,2295
4502: 4742
2669: 4078,3048,2858,978,4428
2670: 4538,2272,3832,3500
2671: 4688,4327,3277
2672: 493,404,4705,1604,4252
2673: 450,2399,1678
2674: 1514,2395
2675: 302,2577,4519,850
2676: 3713,3392,1636,2469,2033,1025
2677: 2691,4384,3471,2536
2678: 2113,1867,4076,600,615
2679: 
2680: 3787,4758,4629,385
2681: 4004,2065
2682: 507,4401,3808,2965
2683: 2439,4074,504,1431,3806
2684: 4793,196
2685: 4530,4278,4603,817,3112,1370
2686: 1056,4006,1369
2687: 3893,1305
2688: 4720,1579,2026,1490,3829
2689: 
2690: 1373,69,2269
2691: 3335,3163,2677,3471,1684
2692: 1299,2723,1226,597
2693: 2232
2694: 2951
2695: 555,3821,1307,1195,1120,1736
2696: 4505,2003,2471,4563,541
4591: 1418,4660,3176,865,2313
2698: 2151,4110,2887,2393
2699: 659,3025
2700: 2012
2701: 4173,1314,4641,1438
2702: 913,742,1449,1010
2703: 4396
2704: 4146,1628,3,3272,3768,905
2705: 2331,548,2662
2706: 65,3382,2086,2433
2707: 4671,3081,4192,2911
2708: 1473,1833
2709: 541,1101,2037
2710: 1273,3398
2711: 2178,1909,289,1450
2712: 3315,1388,1588,3195,3886,3372
2713: 3594
2714: 3836,4239,1909,33,3760,2981
2715: 1084,4135,4616,3756
2716: 2454,1155
4709: 4455,38,3873,1198,692
2718: 3990,4759
2719: 2792,4309,644
2720: 1203,4295,3841,4599
2721: 
2722: 1449
2723: 509,1226,2692
2724: 2596,298,3795
4515: 
2726: 1488,1563
2727: 2907
2728: 4372
2729: 665,2848,4671,434
2730: 173,4272,3054,200
2731: 4393,1173,4367,2449,4132
2732: 3824,1190,1434,232
2733: 
2734: 55,3108,4675
2735: 4456,1626,1848
2736: 958,2480,4196,4531,2915
2737: 886,2274,88,1725
2738: 4780,4533,2224,1062,4513,4057
2739: 1379
2740: 4260,1709
2741: 4104,1242,1163,3743,443
2742: 4787,3220,905,92
2743: 2136,1671
2744: 772,2321,2789,152
2745: 1737
2746: 3986,3188,2767,2078,2044,3005
2747: 4293,148,3804,4575
2748: 3596,3784,2488,1392,4700
2749: 2881,2076,2339,3366,3168,2191
2750: 3644,25,1905,3881,948
2751: 4137,4443,737,1796,287
2752: 435,2279,4257,4505,3519,541,3321
2753: 2233,845,2637,1206,486,1642
2754: 75,2650,2800,912,15
2755: 1157,3162,4251,1914
2756: 206,245,3599,3456
2757: 2987,4106,3998,3790
2758: 1106,3816,1783,2080,1974
2759: 2996,4776,2218,2275,1987,228
2760: 2543,584,1249,929,1437,889
2761: 209,1168,1008,3553,3512
2762: 
2763: 
2764: 1082,2424,3877,3111,503,81
2765: 1696,2222,2994
2766: 1545,1682,4506,3849,2991,384
2767: 2746,3188,2044,3659,1567
2768: 1895,531,1486,101
4797: 1729,1002,2198,1259,2580
2770: 580,884,4627,1174
2771: 2942,1360,136
2772: 4190,1579
2773: 3811,4151,2787,984
2774: 
2775: 1960
2776: 4798,4095,4621,2002,1169
2777: 3593,4075,2909
2778: 653,1520,3747,1952,1195,1846,4647
2779: 1561,2989,252
2780: 4338
2781: 
2782: 3434,2351,4256,1519,4807,303,656
2783: 2808,1102,2837
2784: 1602,328,620
2785: 1540,2856,644,4313
2786: 279,2132,1785
2787: 1948,4028,1188,2773,4151
2788: 3454
2789: 3510,152,2744,1698
2790: 3585,3913
2791: 4433,3320
2792: 4309,2719,1643,1594
2793: 426,4819,2034,4352,310
2794: 3016,4574,3530,3646,3480
2795: 4192,92,3081,2076
2796: 4117,496,1053,1674
2797: 997
2798: 2220,1199,2381
2799: 3965
2800: 75,2754,2650,3107
2801: 736,998,3711
2802: 3397,773,2835
2803: 4805,4362,1087
2804: 711,1215,668,3109,712
2805: 2124
2806: 
2807: 774,4031,1729,1002,1099,2565
2808: 2251,2783,623
2809: 3234,2214,4543,4415
2810: 2917
2811: 1365,515
2812: 2089,82,3610
2813: 3139,733,4558
2814: 94,4599
2815: 
2816: 2852,3552
2817: 3878,4416,2581,4198
4953: 2878
4498: 3306,2246,3408,3155
2820: 2298,3287,2442,4534,3071
2821: 4466,2585
2822: 1499,498,2347
2823: 4663,1925,316
2824: 1358,133,1755
2825: 1528,4388,4601,2537
2826: 1862,746,1469,551,893
2827: 
2828: 1878,4802,1275,1246,156,3603
2829: 1345,754,2631,1787
2830: 841,3792,4427,3085
4533: 2738,2224,3298,1216
2832: 1951
2833: 1502,2542,3627,4684
2834: 542
2835: 2802,4522
2836: 2560,4544,3164,4526
2837: 3926,1907,2783,1102,2063
2838: 3301,1559,2160,1627
2839: 547,2350,517,3882,550,701
2840: 4556,4470,4195,1586,355,502
2841: 875
2842: 3223,1452,1585
2843: 575,341
2844: 1102,3926,1554
2845: 171
2846: 
2847: 1431,1382,1859,336
2848: 2729,665,873,434,1046
2849: 90
2850: 4109,4457,4486,4332,2408,3470
2851: 2970,3412,459,1743
2852: 2816,2055,3630,4763,4794
2853: 2559,4633,816,338
2854: 1037,1900,76,1279,1971
2855: 3033,2575,3275
2856: 1540,2785,4820,2284,644
2857: 4708,3936,1181,3505,2359,670,2225
2858: 655,978,4078,2669
2859: 174,4629,2031,4758
2860: 4282,494,3601,2640,263
2861: 2637,1206,4215
2862: 2036,2482
2863: 1903,4743,3915
2864: 2373,4150,474,2424,3158
2865: 1459,2100
2866: 1904,818,3617,1647
2867: 3942,3711
2868: 2450,1877,1150,3254,285
2869: 3074,3704,1024,4014,3458
2870: 657,1813,4293
2871: 1113,1641
2872: 175,4102,4228,3405,4005
4725: 3310,2126,4640
4820: 2284,223,4225,2856
2875: 1487,4812,391,847
2876: 19,4474,1590,2569,3008
2877: 2325,1551,2652,2616,3790
2878: 4540,4953,3974,227,1341,3337,1161,3497
2879: 1182,1915
2880: 1871
2881: 2076,2749,2339,3366,1775
2882: 3200,1386,2013,4036,1566
2883: 1823,4061,54,3363,4107
2884: 467,2397
2885: 4312,1086,3185,4596,725,1788
4531: 3737,5,2736,2915
2887: 4058,4110,841,2698,247
2888: 1295,2126,3233,1376
2889: 673,3905,3411,770
2890: 3575
2891: 
2892: 1869,1327,854
2893: 2346,2049,1930
2894: 3459
2895: 4656,3458,514,3801,1024,4439,2635
2896: 447,2311,4718,4654,2431
2897: 2243,3572,1233
2898: 4023,1063,1381,1752
2899: 
2900: 3303,458,301
2901: 2361,4361,4546,4302,4673
2902: 3721,1124
4490: 3069,3976,4492,688,432
2904: 949,2073,2385,4767
2905: 172,370,1470
2906: 638,1666,485
2907: 2727
2908: 874,3771,911,965,4371,2216
2909: 3628,2777,2993
2910: 4176,117,138,3563
2911: 4192,2707,66
2912: 3526,3703
2913: 3872,4427,4635
2914: 3960,387,4064
2915: 1211,4531,1679,2736,3268
2916: 3599,4288
2917: 2810
4522: 2945,2835
2919: 4619,876,972,4707
2920: 1510,1151,64,1170,1293
2921: 4374,2494,3344
2922: 1860,4109
2923: 
2924: 1772
2925: 4152,3418,1734
2926: 1022,2572,3996,4213,2540,2636,26
2927: 3448,1843,1681
2928: 3977,511,3154,153,2549
2929: 3984,3799
2930: 3834,4326
2931: 632,157,971,221,239,3910
2932: 
2933: 280
2934: 4140,317,294,610,3559,3930
2935: 2263,4782,2519,1167
2936: 4641,4154,2531,264
2937: 1857,3943
2938: 3313,1928,340,1495,604
2939: 
2940: 1110,4529,2620,852
2941: 1060,2968,2053
2942: 3762,2771,2136,3716
2943: 
2944: 4090,4781,59,2321
2945: 4522,2645
4742: 664,4321,4502,567,3273
4576: 581,338,2559
2948: 1928,4094,4073,1073
2949: 3137,2005,59
2950: 230,3495,684
2951: 1066,3380,3450,2694
2952: 3779,3968,4465,3676
2953: 2988,533,4052
2954: 2578,448,2984,3892
2955: 4686,1200,4161,4125,2303,4450,4665
2956: 4127
2957: 4779,3481,2352
2958: 3737,1145,5
2959: 1181,1405,3505,357,4316,4041
2960: 3426,3961
2961: 663,2510,358
2962: 3513
4713: 3718,4497,519,2091
2964: 4001,3549,4806,3399,236
2965: 2088,2682,1281
4779: 2957,4304,3481
2967: 411,3251,3336,1234,742
2968: 436,2053,3014,2941
2969: 4044,1651,4235,3016,4574
2970: 424,3412,2851,1879,1743
2971: 440
2972: 2521
2973: 1623
2974: 1507
2975: 
2976: 3965,3345,3030,3504
2977: 2473,4560,2650,237
4984: 874,3577
2979: 4325,1548,1698,3586,1815
2980: 2422,4818,3393
2981: 3893,3760,2714,1909,289
2982: 1967,1432,1973,1005,4214
2983: 3401
2984: 2954,2578,490
2985: 4195,1791,4651,3654
4773: 714,3204,1189
2987: 4106,4467,2757,895
2988: 2953,533
2989: 1561,2779
2990: 2607,4623,1180,1289
2991: 2623,3849,4476,4628,1545,2766
2992: 1749,781
2993: 2909,431
2994: 43,2222,2765
2995: 940,358
2996: 2759,4776,990,2275,3217,2999
2997: 4033,1470,3569,3467
2998: 4167,3866,2525
2999: 4783,3217,2284,990,2996,3316
3000: 
3001: 1270,2262,396,1217,1564
4819: 4098,2034,4352,2336,1445,310,2793
3003: 
3004: 252,3825,1991,827,718
3005: 1139,1515,2078,183,2746
3006: 3586,1815,4039,1695,3150
3007: 4460
3008: 994,2436,2876,19
4651: 4345,97,3950,2985
4504: 642,2372
3011: 697,4769,1194
3012: 3556,4708,593,3659,3414
3013: 
3014: 2968,436,2053,3492,922
4558: 3139,2813,1517
3016: 2794,4574,3530,4235,2969
3017: 660,4798,3896
3018: 942,887,4659
3019: 4532,720,973,4785
3020: 352
3021: 1832,4452
3022: 803,3441
3023: 1077,1756,521,2474
3024: 4392,2064,3317
3025: 1831,2699,2173
3026: 2573,3928
3027: 
3028: 947
3029: 1535,3399,3036,2288
3030: 3798,2976,3504
3031: 
3032: 3170,3133,4143,2461
3033: 2855,1152,4664
3034: 4790,2009,3193,4090
3035: 1218,3357
3036: 1489,1132,3399,3029,2288
3037: 3787,1076
3038: 3601,4122,4618,3733
3039: 601,1617,2465,47,4311,476
3040: 1580,3148
3041: 4694,462
4795: 284,2611,4421,4289
3043: 3548
3044: 1495,604,1870,2612
4679: 1662,2039
3046: 4153
3047: 3523,1377,1970,3395,3241,305
3048: 3713,820,2669,4428
4594: 3433
3050: 4523,4163,4079
3051: 3510,152,3074,815
3052: 2166
3053: 
3054: 2730,173,200,3691,3451
3055: 4093,3898,2410,85,2003
3056: 4472
3057: 2091,4394,3461,2029
3058: 
3059: 3949
3060: 327,3389
3061: 45,4560
3062: 2590,4817
3063: 3504,694,3345
4683: 2486,2291
3065: 3794,1597,1228,2497,1240,738
3066: 3878,1112,1090
3067: 379
3068: 3374,424,3412
3069: 1736,3976,4490,1307,1633,1712,4492
3070: 1278,3880,1088
3071: 2208,4534,2820,727,4693
3072: 197,1542,4514,836
3073: 4166,1667,3742
3074: 2869,815,3704,3051,4014,1695
3075: 
3076: 
3077: 4206,1197,3717
3078: 1652,1428,3991
3079: 209,1168,85,705,241,36
3080: 894,1556,3583,4714
3081: 671,3661,2707,4192,2795
4589: 2526,4125,1262,3582,2303
4790: 3034,4090,2182
3084: 899,3100,3300,3540
3085: 1763,2830,3792
3086: 
4551: 4534,1316,2021,16,727
3088: 1598,1958,3231,9,53
4618: 364,1547,3333,3038
3090: 1681,1213,2050,4461
3091: 4445,1835,4818
4527: 1454,3621,2516,3664
3093: 
3094: 3501,3226,3914,73,1004
3095: 2495,4399,1496,2199
3096: 
3097: 141,1018,4207,3508,2077
4487: 1444
3099: 2114,1222,823,4240,3307
3100: 3297,1792,3084
3101: 3971,1477,1394,2000,4735
3102: 1583,2483,4712,933,1604
3103: 1908,1564,483
3104: 
3105: 1918,734,1012,3838,503
4694: 3041,3122,881
3107: 427,4289,284,2800
3108: 1739,1806,1240,2117,738,2734
3109: 668,1245,2403,213,711,2804
3110: 3645,349,2369,469
3111: 3877,1095,210,568,2764,81
3112: 1164,2579,817,2685,1370,1312
3113: 
3114: 1285
3115: 1052,369,4407,2037
3116: 674,4774
3117: 2398
4775: 2584,2576
3119: 920,1480,4422
3120: 2314
3121: 1603,4493
3122: 4694,1353,1156,881
3123: 4177,4126
3124: 2080,1106,265,1494
3125: 2496,2378,506,479
3126: 
3127: 1188,4305,4047,4028
3128: 3295,4022
3129: 2567,4264,1159
4501: 3970
3131: 420
3132: 3329,1991,3236,827
3133: 1654,3170,3032
3134: 4300
3135: 3243,2611,2086,4421
3136: 1488,3801,1931,1332,2635
3137: 2949,1184,4781,251,59
3138: 2327,3619,4625,2508,766,4193
3139: 2256,733,4558,2813,2523
3140: 810
3141: 991,2149,3820
3142: 1265,1284,3785,3816,3284,417
3143: 324,4378
3144: 2582,1076,4101
3145: 3292,310,2218
3146: 3810,3876,1676,1097
3147: 4290,1015
3148: 2591,4422,1580,3040,262
3149: 4343,1042,4462,2484,2403
3150: 76,957,3006
3151: 1426
3152: 
3153: 4580,1732,3832
3154: 3470,1616,1575,511,2928
3155: 184,3651,3408,4498
3156: 1619,68,373
3157: 4630,2356
3158: 859,474,2373,4150,2864,3409
3159: 676
3160: 801,1425
3161: 3279,3305,2558,2158
3162: 4736,1065,4251,2755,1157
3163: 3335,2691,1522
3164: 4329,911,965,4544,2597,2836,4526
3165: 1378,4334,4718,3763,3850,1976
3166: 861,261
3167: 2514,1688,3899,190,4719
3168: 2241,710,2191,767,2749,2339,3366
3169: 3941,2545,1396,683,1595
3170: 4405,3032,3133,2461
4721: 2259,2641,4638,3779
3172: 2051,403,635,4756
3173: 3766,640,1534,3310
3174: 3883
3175: 3322,4682
3176: 4660,3259,4308,4616,3756,4591
3177: 
3178: 2553,528,3294,2021
4718: 2896,447,2431,3850,3165,1378
3180: 3561,577,599
3181: 2570,1713,685,390
3182: 1862,1141,3365,3919,4201
3183: 
3184: 309,543,4160,3626,703,1533
3185: 2885,1086,708,1123,2613
4731: 
3187: 2289,2165
3188: 2746,3986,2767,1567,71,4130,3527
3189: 1667,1627
3190: 1855,1711,4230,3727,12
4480: 1163,2368
3192: 772,169
3193: 2628,596,3034
3194: 
3195: 108,1388,1588,2712,3886
4512: 3799,1311,1631
3197: 1587,1617
4746: 1835,1401,572
3199: 3665,182,4209,4027,551
3200: 2882,1386,4036,4258
3201: 878,857
3202: 2426,692,2015,221,4285,632
3203: 3747,2647,268,1846
3204: 714,4773,345,4006,1693
3205: 3638,1852,192,463
3206: 101,3637
3207: 4677,3606,1799
3208: 234,599,2396,3906
3209: 166,940,1783,2459,1974
3210: 78,2666
3211: 573,2125,419,3759
3212: 1214
3213: 4111,301,2234
4632: 1436,160,529,1805
3215: 3803,158
3216: 2285
3217: 2999,2996,1987,223
3218: 1896,4138
3219: 1764,4338
3220: 3272,4141,905,92,2742
3221: 3890
3222: 4792,2161,2595,1870
3223: 1699,2842,3662,1081
3224: 554
3225: 4086,1606,3836,4239
3226: 296,3914,3094
3227: 91,4542,3612,2599,2607
4605: 2106,3663,1209
3229: 2201,1366,187,226,996
4583: 2336,2147,2029,1464,1778
3231: 1998,1661,9,1958,3088
3232: 3839,2137,4363,3966,2500
3233: 1622,2126,2888,1295
3234: 2809,348,4353
3235: 1173,596,784,3346
3236: 4454,827,4646,3132
3237: 3418,1734,413,1892
3238: 
4768: 4796,848,4075,1634
3240: 2291,2248,1891,277,813
3241: 213,3395,4360,372,1970,1245,3047
4684: 2833,3782
3243: 3135,719,1950,2611,134
3244: 1798,1304,1402
3245: 134,4682,4345
3246: 222,1143
3247: 2380,3403
3248: 3770,675,2322
3249: 1186,1942
3250: 1810,2556
3251: 411,2967,1449
3252: 2208,127
3253: 4235,3353,2101
3254: 285,2095,2450,2868,1954
3255: 1221
3256: 1776
3257: 961,2509,395,3699
4682: 3245,4345,3175
3259: 4660,290,3176,4308
3260: 
4615: 263,4122,4643
4540: 2878,3974,227,1341
3263: 366,3341,1336
3264: 3859,1688
3265: 2343,154,3783
4638: 4465,4402,4557,4721
3267: 2419,1722,4253,489,4276
3268: 4710,1679,2915,1211,2566
3269: 37
3270: 764,3884
3271: 3962,857,921
3272: 3220,4141,3,4146,2704,905
3273: 1895,531,664,4742,567
3274: 266
3275: 1365,2855,2575
3276: 
3277: 4181,2671,4327
3278: 437,161,3449,1515,500,1339
3279: 3161,959,3595,3305,2558
3280: 679,3974,1341
3281: 203
3282: 2366,950
3283: 1247,1419,246
3284: 198,3142,1265,1284
3285: 4670,4608,2642
3286: 1472
3287: 2298,2820,2442,1376,4471,3758
3288: 4520
4732: 1407,1643
3290: 2280,1191,927,652
3291: 1015,3764,2096
3292: 3145,2218,228,1430
3293: 3678,2007
3294: 4072,3178,2021
3295: 3128,186
3296: 49,618,3299
3297: 3100,3536,3989
3298: 4604,4149,4533
3299: 3697,4390,1850,3296
3300: 3084
3301: 1559,2838
3302: 2622,3367,603,2656,1078,3776
3303: 2900,3860
3304: 672
3305: 2558,3595,3279,3161
3306: 4498,3408,4141
3307: 3833,1089,2114,3099
3308: 1148
3309: 986,1350,4755,3736
3310: 1534,4725,2126,3173,678
3311: 
3312: 4803,156,1179,622,1246
3313: 238,2938,340,2088,1495
3314: 1194,1348,1762
3315: 1354,2712,1119,1588,4280,1413
3316: 1937,990,4783,2999
3317: 3779,3968,2259,2064,3024
3318: 4668,1196,9,3609,679
3319: 4485,3464,3814,97
3320: 2791,3735
3321: 1101,4376,541,435,2752,3331
3322: 3175,4119
3323: 2415,789,4805,298
4783: 2999,2284,3316,1398
3325: 4640,4471,1620,2553
3326: 4754,3642,3419,4373
3327: 
3328: 4724,4680,846,1819
3329: 3132,657,4331,2658,1813
3330: 
3331: 3812,4017,435,3321,4376
3332: 487,64,243
3333: 1547,1566,4618
3334: 2353,1255,1462,3663,2637
3335: 2691,3163,1684
3336: 411,2967,1234,41
3337: 1844,4159,402,2878,1341
3338: 4282,1837,4571,2657
3339: 3476,775,292,380
3340: 2585,2407
3341: 3911,3263
3342: 2326,4485,4595
3343: 4199,4792,1822
3344: 1757,2921
3345: 2976,609,3063,3504
3346: 784,1173,3235
3347: 4734,1853,987,2056,3394,3414
3348: 3995
3349: 127,4637,3979,4161
3350: 4494,4823,896
3351: 1850,984,1982
3352: 4171,3648
3353: 1712,4492,942,3253
3354: 2463,3717
3355: 2206,1104,1794,4272
3356: 
3357: 527,1218,3479,3908,3035,4212
3358: 1336,1686,2153,1956
3359: 2155,1120,2596,4434,3821
3360: 2123,3843
3361: 1453,1446
3362: 1129,2622,2656,3591,3972
3363: 1166,1325,2883,1823,3762
3364: 4763,834,1578,4310,3589
3365: 2462,303,656,1141,3182,3919
3366: 2881,2076,2749,2615,4787,3168
3367: 2622,603,3302,591,1078
3368: 4136,412,1182
3369: 813,1949,2358,2006
3370: 1885,4607,909,1945
3371: 
3372: 3886,4377,2712,1413,1619
3373: 2166,4570
3374: 11,2646,1739,3068,3412
3375: 833,1286,3435,2260
3376: 4265,205
3377: 4130,1139,3986,500
3378: 
3379: 419,1343,2129
3380: 1066,2951,1774
3381: 1330,1267,1885,444,3428
3382: 2706,4517,65,1009,3719,2433
3383: 4610,1238
3384: 2254,1249,3637
3385: 140,1356,4800
3386: 4113,374,2085,3701,4254
3387: 790,472
3388: 3688,4458
3389: 2042,1143,327,3060
3390: 2624,3694
3391: 3612,3722,4032,332,936
3392: 3713,2676,924,2469,1594
3393: 709,2105,2980
3394: 2056,2044,3659,3414,1853,3347
3395: 213,3241,305,3047,2520
3396: 796,4500,1986
3397: 2802,773,3400
3398: 2506,2499,2710
3399: 3029,236,3549,2964,3036
3400: 3397
3401: 2983,740
4668: 3318,473,58
3403: 1683,789,3247,4780
3404: 100,732,4270,1256,1503
3405: 2133,4005,4228,2872
3406: 
4681: 2452,3503
3408: 4711,3155,4498,3306
3409: 3649,3158,4150,3671
3410: 1824,4189,4695,918,2
3411: 673,3905,2889,241,36
3412: 2970,424,11,3374,3068,2851
4763: 3630,3364,1578,2852,2055,3589
3414: 3394,3659,1853,3347,4708,3012
3415: 1259,1816,1591,3532
3416: 168,793,941,4046,879
3417: 1727,4334,684
3418: 3237,2338,2925,1734
3419: 3647,375,3815,3326,4754
3420: 2210,4412,4158,1359
3421: 4704
3422: 274,982,1947
3423: 2542,2548
3424: 4030,439
3425: 
3426: 146,2960,3961,3909
3427: 
3428: 4088,1151,444,3381,1267,2319
3429: 
3430: 
3431: 1105
4567: 294,610,1762,155,3531
3433: 4594,351
3434: 2351,2782,4279,1519,4770
3435: 281,2260,833,3375,3757
3436: 1972,1886
4728: 2664,2293
3438: 2526,1262,4391,4637
3439: 
3440: 1184,3542,923
3441: 4247,803,3022,3482
3442: 2299,831,1887,3453
3443: 2195
4804: 530,564,1882
3445: 205
3446: 4811,63,2438
3447: 1070,2654,794,3
3448: 2927,4650,1681
3449: 161,2017,3278
3450: 1557,2951,691
3451: 2420,3674,3054,3691,1063
3452: 1590,2569,1725,2274,950,4197
3453: 2152,3442,1887
3454: 2788,1592
3455: 1434,2399,232,2324,4081
3456: 823,3599,206,2756,1384
3457: 3969,39
3458: 2895,2869,1024,646,4014
3459: 2894,4378
3460: 2630,214,2537,2306
3461: 4394,2029,3057,1464
4774: 2588,3116,507,1521
3463: 4315,1328,4484,3537
3464: 4485,4595,3319,1613,3814
4716: 4373,3642,2387
3466: 4264,191
3467: 3569,2997,2617
3468: 3487,4409,1419,1247
3469: 
3470: 1616,3154,4109,2850
3471: 1999,2691,2677
3472: 233,4736
4564: 1724,48
3474: 
3475: 3819,4598,487
3476: 1175,16,1316,3339,775
3477: 1497,1144,1126
4777: 1389
3479: 527,1218,3357,2523,1176,4212
3480: 4055,317,2794,4574,3646,1471
3481: 1298,1963,2352,4779,2957
3482: 803,3441
4803: 156,3312,2604,622,1257
3484: 1620,4221,915,678,1864,528
4628: 4210,4051,1362,2623,2991
3486: 4810,4017
3487: 3468,4821,100,4270,1247,1079
3488: 200,1738,4323,3691,1381
3489: 2645,799
3490: 334,4420,321
3491: 3852,879,1926,4662
3492: 4578,1550,3014,922
3493: 
3494: 4188,4465,4557,2657
3495: 88,886,1167,2950
4514: 2282,3072,1542
3497: 1161,2878,227
3498: 
3499: 198,1127,4691,1448,4183,4048
3500: 2535,297,2670,2272
3501: 3094,73,1004,1291
3502: 1848,4468
3503: 1663,4681
3504: 3063,694,2976,3345,3030
3505: 2959,1181,4041,4734,2225,2857
4712: 2245,22,3102,1604
3507: 1111,1338
3508: 4634,4062,1657,3097,2077
3509: 2604,3690,3682,1257
3510: 3051,2789,152,3586
3511: 1065,4251,3958,1070
3512: 1779,3553,209,2761
3513: 2962,3674,255,1042
3514: 1253
3515: 4408,1225,439,339
3516: 1898,892
3517: 1658,985
3518: 2264,2172,1236,4124,4597,636
3519: 4505,2410,3607,3905,2752,4257
3520: 29,318,3605
3521: 3796
3522: 4756,1,3632,2139
3523: 3047,1377,1668,305,4703
3524: 1326,1215,2566,4593,40
4642: 4079,994,230,684,4392
3526: 2912,4155
3527: 1880,4130,3188,71,795
3528: 452,2281,2165
3529: 
3530: 2794,3016,2101,72,3646
3531: 4627,4567,155
3532: 2653,1259,3415,1296
3533: 1939,1303,1172
3534: 681,590,1629,3957,849
3535: 892
3536: 1955,3565,3989,3297
3537: 117,3463,4484
4601: 411,2630,2537,2825
3539: 2417
3540: 4233,1611,899,3084
3541: 2376,2618,2195,4310,4431
3542: 3566,3440,923
3543: 1045,2593,1547,903
3544: 2384,3673,4136
3545: 570,2174,2497,193,1228
3546: 2263,447
3547: 2582,2411,1944
3548: 3043,2348,3578
3549: 4001,2964,995,3399
3550: 3822,2563,2098,1119,1029
4599: 94,2814,2720,35
3552: 2153,2816
3553: 1705,3512,3987,20,2761,1008
3554: 2159,883,2334,3870
3555: 3740,637
3556: 3012,4337,3659
3557: 739,3896,2346,3980
3558: 407,3642,67,2067,2387
3559: 2028,3930,2934,294,4627
4546: 1258,4302,2361,2901
3561: 3820,3180,3989,577
3562: 3834,976,4537,771
3563: 501,138,2910,2188,4066
3564: 3918,1907,1554,2309
3565: 4788,2149,3536,3989
3566: 3542,4012,4484
3567: 4437,1893,4445
3568: 1754,4133,3616
3569: 1915,412,2997,3467
3570: 
3571: 4723,874,3935,4185
3572: 2243,2897
3573: 3803
3574: 
3575: 2465,2890,3698
3576: 2271,797,361,3652
3577: 4329,1706,965,421,874,4984
3578: 3797,3548,2348
3579: 1190
3580: 2561,2603,3845,1060,2061
3581: 1992,1723
3582: 752,2303,1262,3709,3734,4589
3583: 3080
3584: 978,916,3898,1570
3585: 2790,866
3586: 3006,1815,3510,2979,1695
3587: 
3588: 2502,1765
3589: 4310,2360,1578,4763,3364
3590: 
3591: 4368,1318,3362,628,3972
3592: 490,4677,1580
3593: 2777
3594: 2713,2045
3595: 1054,959,3279,3305
3596: 3784,2488,2748,2062,1940,4636
3597: 2454
3598: 1391
3599: 2756,2916,3456
3600: 449,1865,370
3601: 3038,4122,3733,2640,2860
3602: 
3603: 156,2828,1275,1501
3604: 2062,711,4184,3784
3605: 318,3520
3606: 538,1799,3753,3207
3607: 2410,85,241,3519,3905,4257
3608: 387,2589,2518,2203,4064
3609: 1985,1742,3888,1196,3318,679
3610: 1232,2089,2812
3611: 1949,1891,2486,1932,2358
3612: 2599,3722,3391,3619,3227
3613: 376,2134
3614: 
3615: 4195,1791,1586,212,1385
3616: 3568
3617: 2866,818,4809,1516,1647
3618: 4333,1655,643,606,346,2533
3619: 2327,2456,3138,3612,2599,3722,4193
4582: 1829,4697,1041
3621: 4166,4053,2516,4699,4527
3622: 
3623: 304,4450,1474
3624: 3798,2423,1728
3625: 1252,563,1190,2337
3626: 2465,703,543,3184
3627: 4739,2833,4474
3628: 2909,642
4549: 888,2544,3818,746
3630: 4763,2852,864,4794
3631: 1744,1591,1756,1030
3632: 2404,3522,2139
3633: 4545,418,1804
3634: 2583,4669,2447
3635: 
4822: 3669,1789,4214,1005
3637: 3206,3384,929,314,4305
3638: 1852,3205,4477,2194
3639: 1189,876
3640: 451,2266,884,580
3641: 3647,4344,3745,1162,3815
3642: 3326,3558,4716,4373,2387
3643: 
3644: 474,25,2750,1905,859
3645: 3110,349,2071
3646: 1207,2794,3530,3480,4140
3647: 375,3419,3641,3815,4754
3648: 3352
3649: 4727,3409,751,3671
3650: 1874,4386,4785
3651: 184,3155,540
3652: 3726,3576,797
3653: 2479
3654: 4119,2985,2331
3655: 165,1779
3656: 3991,2143
3657: 1884,2102,4015,1103
3658: 3741,3744
3659: 2044,3394,3414,3012,3556,2767
3660: 356
3661: 671,3081
3662: 394,1100,591,3223
3663: 4605,1462,1209,3334,1255
3664: 2516,3672,4527,2050,1213
3665: 182,3199,551,469,893
3666: 4204
4695: 4189,3410,918
3668: 812,951
3669: 4822,506,3780,479
3670: 3881,366
3671: 4150,3649,3409,2269
3672: 2516,4699,3664,3701
3673: 3544,2384,872
3674: 2420,3451,255,3513
4757: 1286,945,2651
3676: 1179,2952,4188
3677: 1567,4823
3678: 3293,2007
3679: 522,1796,194,287
3680: 1363,2074,4602,4581
3681: 4027,4209
3682: 1412,2642,3690,3509
3683: 2236
3684: 
4548: 1637,1268,1183,1067
3686: 804
3687: 2370,4766,4134
3688: 1639,3388
3689: 235,2150,4103,3917,783
3690: 2604,622,3509,3682
3691: 4023,200,3488,3054,3451
3692: 592
3693: 504,1882,1431
3694: 3390,736
4619: 2919,972,4707,2557,2574
3696: 2268
3697: 3299,4390,1850,1982,1842,2127
3698: 47,3984,3575,2065
3699: 1309,2084,2180,3257
3700: 2659,2258,1162,1329
3701: 3672,374,3386
3702: 497,4382,793,410,3852
3703: 2912
3704: 2869,3074,815,873,1046,1024
3705: 367
3706: 922,4578,2250
3707: 1057,1898
3708: 4702,1330
3709: 1136,3734,3582,752
3710: 2481,218,647,1904
3711: 3942,2867,2801
3712: 777,2614
3713: 820,3048,2676,3392,4428
3714: 4032,939,2456,3722
3715: 1583,2483,4339,1136
3716: 2136,4020,32,2942
3717: 3077,3354,2463
3718: 4713,4497,1179
3719: 1009,3382,2433,150,2017
3720: 1028
3721: 261,2902
3722: 3612,3391,4032,3714,2456,3619
3723: 1886,4100,1183,1479,4518
3724: 492,2494,4330,84,572
3725: 2633,2200
3726: 728,3652,797
3727: 943,3190,4230
3728: 3775,4726,107,1029,1116
3729: 2405,1229
3730: 537
3731: 1872
3732: 4330,2422,2531
3733: 532,1045,3897,3601,3038
3734: 3709,3910,1262,4488,239,3582
3735: 3320
3736: 4755,986,3309
3737: 2958,4531,1679
3738: 467
3739: 997,312,2379
3740: 3555,625,1703,4156
3741: 3658,1971,3744
3742: 4053,1667,3073
3743: 443,4104,2741,211
3744: 3658,3741
3745: 1162,4344,3641
3746: 1289,475,3793,99
3747: 2647,3203,1261,1952,1846,2778
3748: 4696,273
3749: 4714,2598,1640
3750: 1788,4162,4312
3751: 66,913,1775,1010
3752: 2211,109
3753: 122,3606,538,2578
3754: 349,1423,2316
3755: 1720,2245,4573,1840
3756: 1418,3176,2715,4616
3757: 3435,833,1044
3758: 1376,3287
3759: 633,1450,3211,1770
3760: 4643,2981,364,4815,2714,33
3761: 4606
3762: 2942,1325,3363
3763: 3850,4054,3165,1976
3764: 3291,2096
3765: 4552
3766: 3173,1990,2119,4221,1534
3767: 
3768: 905,2704
4727: 3649,751
3770: 1702,3248,1817,2406
3771: 874,702,2908,4371,4185,4222
3772: 1443,333,1672
3773: 1807,2470
4821: 3487,4222,4371,481,4270
3775: 4178,3728,4726,1116
3776: 1500,3302,2656,368,1078,4585
3777: 2562,865,4726,4144,2313,4178
3778: 
3779: 3317,3968,2952,4721,2259
3780: 479,1965,1638,3948,3669
3781: 1694,1012,1440,1465
3782: 1777,4684,4674
3783: 3265,154,1399
3784: 3596,2748,3604,1392
3785: 3142,1265,417,4750,357
3786: 4308,953,3827
3787: 3037,2680,4629
3788: 2601,552,315
3789: 4425,4227
3790: 2616,2877,2156,2757
4483: 115,1317,2632,4653
3792: 841,2830,3085,2593,903
3793: 1720,4655,456,3746,1289
3794: 3065,1597,3956,3811
3795: 4469,1573,2415,2724,2596
3796: 2367,3521
3797: 3578
3798: 3624,3030,1728
3799: 4512,2929
3800: 2233,98,2164,569,486
3801: 1046,1024,1931,3136,2895,2635
3802: 1758,3863,2247
3803: 3215,3573,158
3804: 148,2747,1536
3805: 
3806: 1693,1859,1431,2439,2683,2207,345
3807: 1860,2655,177,1072
3808: 4762,2682
4714: 2598,3749,3080,894,4595
3810: 3146,3876,1097,3918,335
3811: 2773,3794,984
3812: 3331,257,4017,435,1854,770
3813: 1774
3814: 4345,97,4485,3464,3319
3815: 1162,3846,3647,3419,3641,4754
3816: 2758,4274,1974,3142,1284
3817: 4674,1777,2034
3818: 1141,4807,4549,746
3819: 3475,1822
3820: 3561,3989,3141
3821: 555,2695,4434,3359,1120
3822: 2563,3550,2098,4112,891
4710: 4462,2484,3268,4586,1679
3824: 2364,2732,2105
3825: 252,3004,2097,718,4359
3826: 2210,4412,1373,69,4182
3827: 3786
3828: 512,2238
3829: 2688,4752
3830: 1684,2181,1484,1031,1838
3831: 4753,2356
3832: 4538,2670,2272,3153
3833: 1089,1618,3307,2114,2109
3834: 3562,771,2930
3835: 1714,116
3836: 2714,4239,33,1386,3225
3837: 
3838: 3877,216,503,1012,3105
3839: 2137,3232,4363,453,1423
3840: 2042,327
3841: 1203,2720,898
3842: 4253,4626,489,4283,1458,704
3843: 2138,3360
3844: 2560,1118,2310,1803,4447
3845: 2561,3580,1275,1060
3846: 1329,1162,3815,4754,407
3847: 1251
3848: 1521,4762
3849: 2623,2991,4506,1545,2766
3850: 3763,1662,2431,4718,3165,1378
4545: 3633,418,1804,362
3852: 3491,410,793,879,3702
3853: 
3854: 4724,1677,11,2146
3855: 4659,344,4228,2101,72
3856: 2314,139,1773
3857: 
3858: 2626,2546
3859: 1846,3264,4647
3860: 223,4225,4043,3303,1530
3861: 1500,368,4261
4637: 3979,4161,2526,3438,3349
3863: 1758,3802,1137,4661
4724: 4554,1677,3854,4680,3328
3865: 3999
3866: 2998
3867: 
3868: 803,2252
3869: 567
3870: 2032,276,3554,2547
3871: 4114
3872: 2913,2612,4058
3873: 4010,38,4406,4709,1069
3874: 1635,505,4297
4671: 2707,2729
3876: 3146,3810
3877: 3838,1095,3111,216,503,2764
3878: 3066,2817,4198,1241,1090
3879: 2087,594,4009,3945
3880: 3070,4181,1428
3881: 544,948,3670,2750
3882: 517,278,547,2839
3883: 2095,3174,333
3884: 764,3270,2503
4652: 277,4083,4097
3886: 4377,3372,3195,2712
3887: 3914,73,4747,1621
3888: 3609,1742,1196
3889: 787
3890: 275,3221
4571: 1305,3338
3892: 1302,2954,448,490
3893: 2981,289,2687
3894: 
3895: 1446,869,1523
3896: 3017,1169,3557,739
3897: 2427,2039,532,3733
3898: 1570,3055,3584,2003
3899: 2205,190,4719,3167
3900: 
3901: 1425,499,1121
3902: 1932,4566,762
3903: 59
3904: 
3905: 3411,2889,3607,241,3519,2279,4257
3906: 4482,3208,2396
4477: 2226,463,3638
3908: 3357,504,4074
3909: 3961,2081,3426,146
3910: 1136,3734,2931,157,239
3911: 3341,4243,1877,4180
4780: 2738,1062,4149,3403,789,4513
3913: 2790
3914: 3887,73,4747,3226,3094
3915: 4743,932,2863
3916: 4609,1664,430
3917: 977,1076,3923,4103,3689
3918: 3564,335,3810
3919: 4201,707,3182,3365,2462
3920: 4612,1154
3921: 211,607
3922: 706,1323,4611,525
3923: 1074,265,1494,977,3917
3924: 1755,4410,1820
3925: 1453,715,1799
3926: 2837,1907,1102,2844
3927: 836,1542
3928: 3026,867
3929: 2014,1014
3930: 2028,3559,904,2934
3931: 4084,1061,1807
3932: 139,1692,1960,425
3933: 1093,4152
3934: 1358,1219
3935: 4409,4185,3571,1851,278
3936: 1888,4708,2857,2359,670,3996,2540
3937: 4359,2097,4059
3938: 4271,1789,648,2378,271,1649
3939: 4011,4216
3940: 1392,2451,4700
3941: 2545,3169,1396,1080,4438,4351
3942: 2867,3711
3943: 2440,2937
3944: 395,4007
3945: 1561,1231,3879,4009,2012
3946: 1027
3947: 1274,779
3948: 1638,3780,82
3949: 3059,4358
3950: 774,97,4651,1791
4743: 3915,1903,2863
3952: 2240,2661
3953: 3970,2505,2333
3954: 1238
4562: 1545,1735,4788
3956: 1989,2543,4151,3794,1597
3957: 1906,2212,131,1629,3534,849
3958: 1653,4426,3511,4508
3959: 615,1867,3962
3960: 2914,1717,387,2580,1816
3961: 119,3909,3426,2960
3962: 3271,3959
3963: 
3964: 1090,108,1569,2068
3965: 2976,2435,2799,609
3966: 4363,2500,908,4049,663,3232
3967: 443,4791,607
3968: 3317,3779,2952,4497
3969: 3457,39
3970: 3953,51,4501
3971: 3101
3972: 628,4585,3362,2656,3591
4719: 4303,254,3899,3167
3974: 2878,4540,227,1341,3280,2306,58
3975: 4625,4339,1165,766,2483,933
3976: 1736,3069,4490,653,432
3977: 511,2928,175,4005,2549
3978: 2414,2587,1809
3979: 4637,2298,127,3349
3980: 2346,660,3557
3981: 1517,1266,2024
3982: 4149,2380,4604,1121
3983: 1640,2001,2203
3984: 2929,3698,2065
3985: 1711,4230,193,2174
3986: 2746,3188,1139,4130,3377
3987: 20,2181,1484,3553,1999,1008
3988: 1550,4015
3989: 3561,3820,3565,3536,3297
3990: 2718,609,2130,4759
3991: 3078,3656
3992: 2400
3993: 2216,2455,429,481,2609
3994: 1399,397,4612
3995: 3348
3996: 2926,2572,670,1441,1888,3936,2540
3997: 276,1096,737,883,4348
3998: 4106,2757,325,2142
3999: 1921,3865
4000: 
4001: 3549,2964,1291,4806
4002: 588,461,1418
4003: 1969,4451,491,964,1441
4004: 4404,2681,23
4005: 3405,2872,3977
4006: 1693,1859,336,3204,2686
4007: 1457,3944
4568: 736,998
4009: 2087,3879,3945,1571
4010: 1319,38,3873,4238,4406,1069
4011: 1490,3939,4216,2026
4012: 3566,4484,4298,2628
4013: 1929
4014: 646,4039,1695,2869,3074,3458
4015: 3657,2102,3988,1550
4016: 1209,1372,1255
4017: 3812,3331,257,3486,4437
4018: 
4019: 4606,508,35,94,4444
4020: 3716,4407,1052,4296
4677: 3207,3592
4022: 3128
4023: 2898,3691,1063,1381
4024: 877,1919,55,111
4025: 967,185
4026: 
4027: 3681,3199,4209
4028: 1948,2787,1059,1188,3127,4047
4029: 2592,4077
4030: 3424
4031: 774,2807,2565,1323,1385
4032: 939,1413,3714,332,3722,3391
4033: 2997,187
4699: 2516,3672,3621
4035: 
4036: 2013,2090,2393,3200,2882
4037: 449,1220,4473
4645: 1400
4039: 646,1436,4014,1695,3006
4040: 
4041: 357,4316,2075,2959,3505,987
4042: 2031,2071,4685
4043: 223,3860,1987,1530
4044: 785,2969,1288
4045: 2006,2177,2588
4046: 4182,879,941,1373,4784,3416
4047: 3127,4028
4048: 1957,2070,4183,3499,1448
4049: 1205,1528,4388,908,3966,2500
4050: 1649
4051: 4210,4628,1212,1362,1795,4764
4052: 2953,533,2060,2446
4053: 3742,3621
4054: 3763,2427,532
4055: 3480,317,697,1471,1762,610
4056: 970
4057: 2738,2224,1062,52
4058: 4110,2887,2612,3872,4427
4059: 2012,2097,1231,3937
4060: 2341,1160,44
4061: 54,2883,4107,1093
4062: 4634,1925,3508,1657,422,4095,2002
4063: 2110,4283,4626
4064: 387,3608,2914,2598
4065: 2373,4150,1841,4499
4066: 4767,2188,3563
4750: 783,357,2075,3785,235
4068: 
4069: 220,608,1147,1055
4070: 
4747: 1621,3887,3914
4072: 1463,3294,1161
4073: 2595,1073,2948,1928,604
4074: 2439,2683,0,3908,504
4075: 4768,4796,2777
4076: 1884,2102,2648,600,615,2678
4077: 918,4029
4078: 2669,1981,2858,655
4079: 4642,994,4392,3050
4080: 1714,1403,1344
4081: 1934,3455,450
4082: 
4083: 2197,277,4652
4084: 1061,3931
4085: 1031,36,673,530
4086: 3225,1606,4559,4351
4087: 
4088: 3428,1151,2319
4089: 4473,1630,1435
4090: 2944,251,3034,4790,2182
4091: 4142,2608,1968
4092: 910
4093: 3055,209,2410,85,705
4094: 2948,1073
4095: 316,4798,1925,4062,1657,2002,2776
4096: 2533,4506,4333,4496
4097: 4652,2601,952
4098: 4819,4674,1445
4099: 250,1340,1898,416
4100: 1886,3723,127,1479
4101: 2530,2150,3144
4102: 175,2872,887,344,4228
4103: 235,3689,417,3917
4104: 2083,2741,3743
4105: 1287
4106: 2987,4467,3998,2757,2142,1664
4107: 2883,4061
4108: 587,2437,1358,1755,1820
4109: 4457,2850,3470,1616,2922
4110: 4058,2887,2151,2698
4111: 3213,4309
4112: 1780,1016,3822,2098,891
4113: 374,3386,4254,1033,401
4114: 3871,1460
4115: 2288
4116: 4223,987,783,2075,549,968
4117: 2796,496,1674
4118: 685,390,2512,4633
4119: 3654,3322,2331
4120: 829,115,1390
4121: 658,518
4122: 3601,3038,263,4615
4737: 4761
4124: 4597,1030,3518
4125: 4589,4161,2526,2303,2955
4126: 3123,4177,1557
4127: 2956
4128: 1112,1113,1641,708,1569,1414
4129: 1392,1685,4207,2215
4130: 1880,307,3527,3377,3986,3188
4131: 2590,1863,1581,1276
4132: 596,4298,2449,1173,2731
4133: 3568
4134: 346,2451,4700,2370,3687
4135: 1084,2715,4616,904,4308,953,2028
4136: 412,3544,3368
4137: 2751,4443,339,737
4138: 1992,4657,3218
4139: 193,1293,300,1989,2189
4140: 1058,904,2934,1207,3646
4141: 3272,3220,3306
4142: 4091,1968,1083
4143: 2286,3032
4144: 4726,107,927,2562,3777
4544: 2597,2836,3164,4526
4146: 1485,1628,2704,2654,3,3272
4147: 677,451,2266,640
4148: 
4149: 3982,4604,3298,4780
4150: 2373,2864,3158,3409,3671,4065
4151: 2773,1188,2543,3956,2787
4152: 3933,2925
4153: 3046,240
4154: 2531,2936,264
4155: 634,3526
4156: 3740,637
4157: 728
4158: 562,4499,1655,3420,4412
4159: 1844,3337,1864,1463
4160: 703,3184
4161: 2526,4125,4637,3349,1200,2955
4162: 3750
4163: 3050,4523
4164: 
4537: 771,834,976,864,3562
4166: 3621,3073,2186
4167: 2998,1347
4168: 
4169: 
4170: 165,2330,1981,163,655
4171: 3352,343
4172: 602,2275,4776
4173: 1314,2701,1253,4692
4174: 1798,1126,2501,1260
4175: 4662,35
4176: 2910
4177: 3123,4126,256
4178: 3775,3777,461,2121
4179: 
4180: 1150,3911,1877
4181: 814,3277,1171,1428,3880
4182: 4046,1373,3826,1926
4183: 2208,2052,4693,3499,4048
4184: 1685,654,2520,213,711,3604
4185: 3935,3571,874,702,3771
4523: 3050,4163,519
4187: 279,4424,254,4303
4188: 3494,3676
4189: 2171,4695,1824,3410
4190: 1826,4720,1579,2772
4191: 
4192: 2911,2795,3081,2707
4193: 2508,3138,3619,2599,1747
4194: 2047,403
4195: 2985,3615,1586,2840,4470
4196: 5,4213,1637,1022,2736
4197: 950,3452,2569
4198: 1780,2249,4416,3878,2817
4199: 683,3343,2103,1595
4200: 2083,986
4201: 3919,707,3182,1862,269
4202: 2276
4203: 
4204: 2382,3666
4205: 4666,4370
4206: 502,3077,1197
4207: 4703,4129,2215,141,3097
4208: 4241,587,1719
4209: 182,3199,4027,3681
4210: 4051,4476,4628,1212,1362
4211: 2370,4766,141,1018,2451
4212: 504,1176,3357,3479
4213: 4196,1022,2926,26,958
4214: 1411,4822,2982,1005
4215: 1028,2861,1206,1642
4216: 162,4011,3939,999
4217: 
4218: 270,729,2627,2100
4219: 857,319,1322,2344
4220: 
4221: 3484,915,678,2140,1990,3766,1534
4222: 4821,3771,4371
4223: 4116,549,57,1433,968
4744: 143,2517,788,2362,2203
4225: 223,3860,4820
4226: 2249,1016
4227: 3789,4425
4228: 3855,344,4102,2872,72,3405
4229: 532,2640,494,4402
4230: 3190,3985,943,3727
4231: 991,1560,4295
4232: 405
4233: 3540
4492: 1712,3353,3069,4490,688
4235: 3253,688,1651,2969,3016
4478: 
4237: 969
4238: 4406,962,1116,4010,1319
4239: 3836,2714,1909,3225,2178
4240: 823,206,3099,1222
4241: 4208,4261
4242: 2664,917,1541,414,390
4243: 1896,3911,1877
4244: 1592
4245: 4273
4802: 1878,2828,1246,1179,2091
4247: 3441,1660
4248: 
4249: 
4250: 
4251: 1065,3511,3162,2755,1914
4252: 1104,404,493,2672,365
4253: 3842,489,3267,4276,1458,704
4254: 4475,2085,4113,3386
4255: 
4256: 2351,1784,2782,788,303
4257: 2752,2279,3607,3519,3905
4258: 1606,2120,1595,1396,3200
4259: 2529,1511,941,2269,4784
4260: 2740,1564,1217,1709
4261: 1081,368,3861,4241
4262: 1202,1793,545,1300
4263: 82
4264: 2567,3129,3466
4265: 3376
4266: 
4665: 1562,4450,2303,2955
4268: 1572
4269: 1057,480,142
4270: 100,3404,732,481,3487,4821
4271: 3938,1789,1649,4481,2301
4272: 2730,173,3355,826
4273: 4245
4274: 3816,1284
4275: 1371
4276: 3267,4253,1458,2443
4277: 771,698,2618,1345,1962
4278: 4530,2685,1370
4279: 4319,3434
4280: 962,1029,1119,3315
4281: 2008,614
4282: 1837,3338,494,2860,4402,4557,2657
4283: 4063,3842,704
4506: 4096,3849,384,2766
4285: 632,157,3202,2015,4339
4286: 617
4287: 471,43
4288: 1451,2457,2916
4289: 2611,284,4795,3107
4290: 3147
4291: 2050,4461,374,2487
4292: 4631,1187,1491,4353
4293: 2747,2870,4575
4294: 1271,545,4813
4295: 1203,2720,4231
4296: 1757,4020,1052,369
4297: 3874
4298: 4132,4484,4012
4299: 1278
4300: 3134
4301: 585
4302: 1258,4546,4347,2901
4303: 1209,4719,254,4187
4304: 4779,881
4305: 1188,3127,3637,314,584
4306: 136,1941,334,4772
4307: 
4308: 953,3786,3259,3176,4135,4616
4309: 2792,2719,4111
4310: 3589,4431,3364,3541,2618,698
4311: 1533,476,2465,703,3039
4312: 2885,1086,2660,1414,3750
4313: 1540,2785,311,820
4314: 
4315: 3463,1328,4484,2625
4316: 357,4041,2959
4317: 1826
4813: 1504,1773,425,4294,545
4319: 4279,1805
4320: 2323,2219,667
4321: 664,1064,4742
4322: 1838,1882,1522,1176
4323: 304,3488,1381
4324: 
4325: 2979,1548,1815,1900,4364
4326: 2074,2930,158
4327: 4688,1768,2671,3277
4328: 
4329: 1706,965,3577,3164,2597,421
4330: 84,572,3724,3732,4641
4331: 2658,3329,1813
4332: 2408,1927,4457,2850,2629
4333: 3618,1655,2533,4096,4496
4334: 3165,1378,3417,1727,1976,1771,2641
4335: 
4336: 966
4337: 3556,1032
4338: 3219,2780
4339: 4625,3975,1165,2015,4285,3715
4340: 
4341: 2243,574,595
4625: 4339,3975,1165,4455,3138,766
4343: 3149,1042,4586,4462
4344: 1313,3745,2047,3641
4345: 3814,97,4651,3245,4682
4346: 4649,162,999
4347: 2458,4302,4673
4348: 2547,3997,276,1096,8
4349: 159,440,145,2273
4765: 1687,808
4351: 4438,4559,3941,1396,1606,4086
4352: 4819,2336,1445,1778,2793
4353: 356,3234,4292
4354: 4789,1202,253
4355: 480,142
4356: 1740
4798: 316,4095,2131,2776,3017
4358: 3949
4359: 3937,3825,2097
4360: 550,1856,372,1970,3241
4361: 2361,2901,2237,4673
4362: 1486,1087,2803
4363: 3966,663,3839,2137,3232
4364: 1037,1900,448,4325,1548,1302
4365: 272,1735,4476
4366: 810
4367: 4393,2731,2385,4767
4368: 3591,1318,1129,4722
4369: 1517,2213,1266,2104
4370: 4666,4205
4371: 2216,3771,2908,4821,4222
4372: 2728,1603
4373: 4716,3326,3642,2387
4374: 2921,2494
4723: 3571,173,1851,583
4376: 1101,3321,435,3331,4810
4377: 3886,2068,3372,68
4378: 3143,324,3459
4379: 1117
4524: 1496,4459,4399,1198,2426,1993
4381: 1647,4769,1348
4382: 497,3702,793,1507,558
4383: 4384,1001,840
4384: 4698,4383,2024,2536,2677
4385: 253,2296
4386: 1056,4532,3650
4387: 343,1764,2371
4388: 1528,2825,4049,1205
4635: 2913,4427
4390: 3697,3299,2127
4391: 1262,4488,1295,3438
4392: 2064,4079,4642,3024
4393: 1173,2731,4367,2385
4394: 3461,3057,1878
4395: 2460,1401,492
4396: 1098,2703
4733: 107,927,177,2563
4597: 4124,1030,3518
4399: 3095,1496,4459,4524
4400: 4771,627,2217
4401: 507,2682,2088
4402: 4638,4557,4229,4282,494
4403: 4543,4415,1808
4404: 4004,23,1811
4405: 3170,2338
4406: 4238,962,4010,3873,1069
4407: 4020,1052,3115
4408: 3515,1225,439,499,1121,2571
4409: 3935,3468,517,1419
4410: 4453,1755,3924,1820,1148,105
4411: 
4412: 3826,2210,3420,4158,4499,69
4413: 526,1353,1986
4662: 4175,1926,3491
4415: 4403,4543,388,2809
4416: 1849,2581,4198,2817
4417: 748,2468,999,1490
4418: 1055,220,2434
4419: 2541
4420: 1636,2469,258,3490
4421: 2086,2433,3135,2611,4795
4422: 2591,3148,2320,3119,920
4526: 1980,4544,2560,2836,911,3164
4424: 279,1618,1653,4187
4425: 3789,4227
4426: 3958,4508
4427: 2913,4635,4058,841,2830
4428: 2033,916,2669,3713,3048,978
4429: 
4430: 2008
4431: 4310,1731,2195,3541
4432: 
4433: 1130,2791
4434: 4469,2596,3359,555,3821
4435: 
4436: 1280
4437: 3567,257,4017
4438: 4680,4351,3941,4554
4439: 2635,4656,2895,514,128
4440: 34,2229,4538,2391
4653: 2632,620,2522,4483
4442: 1472
4443: 2751,4137,985,1796
4444: 4019,508
4445: 3091,3567,4818
4446: 812
4447: 729,1803,3844,1118,188
4448: 
4449: 2579,628,835,817
4450: 4665,4686,2955,1474,3623,304
4451: 4003,491,1091,1405,964
4452: 3021
4453: 4410,1820,587,4782,1599,1148,105
4454: 3236,827,802,252
4455: 4709,2015,4625,1165
4456: 2735,1626,1254
4457: 4109,2850,4332
4458: 3388,445
4459: 4524,461,2121,4399
4460: 3007
4461: 4291,2050,3090,2487
4462: 4710,2484,4586,4343,3149
4759: 1804,2130,2718,3990
4508: 1070,3958,4426,2106
4465: 4638,4557,2952,3494
4466: 329,2821,2429,2585
4467: 2987,4106,895,4609
4468: 1236,3502,2172
4469: 4434,3795,1573,2596
4470: 2840,4556,4195,548
4471: 1376,3325,3287,2442
4472: 3056,409
4473: 383,1630,4089,1220,4037
4474: 2876,2569,3627,4739
4475: 4254,2085,1122
4476: 4210,1212,2991,4365