0: 213,826,2813,428
1: 3062,3684,2987
2: 3445,3089
3: 1355,4612,571
4: 2447,266
5: 
6: 2727,2363
7: 3912,2557,4290,2105,1007
8: 
9: 3979,1906,3559
10: 1661,3403,4535,4141,2547
11: 1822,3788,4789,4308,3068
12: 1651,1062,4102,4390
13: 4667,3057,1257,3733
14: 3410,4405,2169,3874,3732,3331
15: 3080,3443,1991,4795
16: 448
17: 3869,4675,664,738,3101,574
18: 1819,3044,4163,3379
19: 3255,1605,2559,3705,2824
20: 4486,3968,930,2213,1180,415
4820: 3024,4352,995,73
22: 4596,3968,930,978
23: 4816,3520,1369
24: 348
25: 3061
26: 278,2526,2771
4624: 3642,4482
4800: 985,3515,276
29: 
30: 3239,1454,2186,2033
31: 2422,770,321
32: 2487
33: 3470,1045,2393,3266
4767: 2321,1332
35: 1839,668,1303,3001,4129
36: 374,787,1533,2542,3799
37: 4387
38: 3379,2125,2098
39: 3441,1317,3000
40: 174,3608,58
41: 2751,679,2949,823,1028,2170
42: 3978,1635,3579
43: 
44: 1233
45: 4310,273
46: 1129,835,4722
4592: 3058,1525,3157,831,445
48: 1981,1499,2678,475
49: 3977,1632,4799,3405
50: 2533,744,839,2982
51: 
4591: 3480,3200,632,1712,1647
53: 134,671,3314
4341: 1087,4381,3296,4221
55: 1112,1616,4803
56: 
57: 3758,1243,4388,3497,529,1950
58: 3339,1933,1972,40,3608
59: 778,2904,2398,3034
60: 1796,2295
61: 3433
62: 117,910,1773
4773: 4526,3896,2420
64: 3856,1467,1287,3695,4427
65: 155,3310,3839,710,4629
66: 4209,4637,2306,3314
67: 4181,2111,4569,3647
68: 108,4739,3496,3636
69: 3533,1032,3879,547
70: 3961
71: 3341,4693,3677,2128,4727
4380: 1135,2513
73: 4309,4820,3029
74: 672,3145
75: 844,4065,1787
76: 3137,1423
4668: 2280,3816,2722
4721: 1081,1370,1814,4148
79: 1407,1734
80: 1163,4442,1908
4609: 4703,1660
82: 4593,4707,3838
83: 2546,253
84: 2921
85: 1938,2051,4804,407,4577
86: 2257,3550,4408,2159,1146
87: 291
88: 4079,414,3629,1662
89: 2958,4391,4222,3755,4398
90: 1964,2622,963
4709: 4055,4559,2596,4036,1606,3230
92: 184,1160,159
93: 4374,1306,4692
94: 3462,1472
95: 2689,4539
96: 
4640: 2496,3347,198,4207,3582,4734
98: 2115,2635,3088
99: 1879,3095,153,3359,939
100: 3335,4440,1859,2819,3655,2256
101: 2773,2120,2108,1228,3259
4468: 2954,665,3741,1399
103: 1820,2624
104: 4478,377
105: 3587
106: 2367
107: 1119,846,1040,2670
108: 1884,1450,4739,3897,68,3636
109: 2458,2468
110: 3297,493,2126,365,173
111: 4308,1822,652
112: 3216,2285,4120
113: 3273,4701,2601,4774,2159
114: 
115: 
116: 3354
117: 62,910,3127,1773
118: 2287
119: 
120: 3326,325
121: 4613,1987,1705,4008,2288
122: 2628,2554,791
123: 3225,2543
4365: 1400
125: 1011,3987,4768,3842,4741,1001,4622,669
126: 841,4237,612,4652
4652: 612,238,126,2965
128: 154,248,4026
129: 721,2846
130: 3148,2290
4811: 2586
132: 
133: 559,4340,3343
134: 3209,53,2826
135: 4238,3836,1742,3855,3975
136: 4160
137: 3022,3104
138: 434
139: 2261,3025
140: 2910,4671,4469,2452
141: 3462,203,667
4661: 
143: 3337,4656,1494,2035,3576
144: 1031,316,1738,4263
145: 2032,3006,717
146: 4814,662
147: 1903,1519,2854,2134
148: 2708,2534
149: 822,1239,2396
150: 2706,4325,3415,3243
151: 797
152: 791,2402,1805
153: 1879,99,2199,729,939
154: 2703,776,128,248
155: 65,4518,3839
4683: 1054,4720
157: 3438,956,1503,1794,2206
158: 3834,1545
159: 1160,92,184
160: 3665,3478,3051,1205
161: 2411,1787,961,2342,1905
4511: 1707
163: 3693,1730,838,1079,769,1431
164: 2380,1821
165: 1329,2156,1685
166: 1127,3434,4637,2306,3966
167: 4636,4496,1226
168: 3416,4129,1839,2966,4662
169: 2621,1323
170: 3576,707,1853
171: 999,495
172: 4577,1434,3639,4804,4798
173: 188,110,365,3451,2918
174: 40,3608,2820
175: 4675,4057
176: 
177: 1354,2408,725,2851
178: 
179: 1244
180: 
181: 2307,3240,2472
182: 1556,3337,2203
183: 3144,3556,1076,2052,4003,3377
184: 92,159
185: 2236,2862
186: 1334,792,2479,706
4776: 4352,592,4001
188: 173,2918,832
4684: 862,249
190: 4490,1084,1917,3727,1249
191: 4397,2487
192: 
193: 2874,2014,2138,3926
194: 
195: 2025,894,718
196: 3984,2945
197: 
198: 3438,956,4207,2736,4734,4640
199: 976,2946
200: 1388,4144,2392,3195,692
201: 2634,1572
202: 3318,4413,3366
203: 1131,3114,934,3462,141
4598: 3779
205: 3739,3032,1101,1823
206: 4202
4405: 2204,2169,1893,14,3514
208: 
209: 837,4322,4257
210: 4134,2078
211: 
212: 548,4775,3107,1751
213: 0,2072
214: 3476,4201,3951,3499
4651: 1095,349,2316,427,2116
4483: 1497,2933,3633,4114
217: 2535,4252,3754,4616
218: 3837,2625
219: 4139,1928,2714,313
220: 3090
221: 1604,4455,1679,3102
222: 4052,1489
223: 916,1068,4583,4063,489
224: 2369,3002,4790
225: 3422,383,1735
4606: 771,2829,3589
227: 453,3957,823,1028,3663,2339,1618
228: 4583,436
229: 3471,2277,2941,2229
230: 4474,2737,4465,3338,3934
231: 842,596
232: 378,4276,1411,4085,4344,2776
233: 
234: 274,443
235: 513,2630,4750,4685
236: 1199,786,1055
237: 1461,2989,284,3581
238: 612,4652
239: 2298,1419,2230,2241,4455,1679
240: 
241: 3912,2557,256,2379
242: 1678,3948,4822,3344,3017,4121
243: 559,4786,2887
244: 3391,3822,2570,4272,840
4512: 2022,4435
246: 4723,4734,1211
4790: 480,224,2369,3002
248: 154,128,4026
249: 4684,3189,3036
250: 3535
251: 1279,1453,1639,2369
252: 1309,3174
253: 4519,83
254: 3821,3203,4647,3351,3617
255: 1733,1750,2607,4074
256: 3912,241,2494,2686,3625
257: 564
258: 1324,2218,2465,4143
259: 3454,1665,1495
260: 2557,2105,2379,2349
261: 306,1349
262: 4012,2904,1283
263: 4332,2787,943,2497
264: 3597
265: 987,2841,3689
266: 4
4734: 4723,246,198,3347,4640
4538: 3893,3897,573,1884
269: 4064,2500,4470
270: 530,1522,702,3267
271: 3426,3828,4503
272: 4481,1005,2149,2346,422
273: 4310,1723,45
274: 4373,234
275: 1954,834
276: 4800,2507,3637
277: 867,1911,3026,2666
278: 26,3938,2301,1256
4654: 2177
280: 1457,2086,2800,4491
281: 3222,782,4635,3929
282: 2495,610,3681,2744
283: 3851
284: 3243,3319,2225,896,3581,237
285: 1433,2730,3571,1637
286: 
287: 4561,1658,3517,3805,4669
4491: 2800,280
289: 2664,1060,3886
290: 402,4036,2596,1240
291: 87
292: 1794,1063,3755,3438,2736
293: 2891,4171
294: 4492,1895,4805,2600,4102
295: 981,1937,3742
296: 4474,2737
297: 1569,2853,4118,2885,3964,615,705
4582: 1306,1671,3177
299: 2059,3222,782
300: 2715,2393,494,1762
301: 2880,680,1166,611
4595: 710,4629,1091,2888
303: 1598,1715,3704,411
304: 1319,4536,1419,3781,3709
305: 307,372
306: 261,2531
307: 305,2056,4009
308: 998,2328,4761,2674
309: 3716,2018
4805: 2600,929,294,1895
311: 990,2110,2883,890
312: 1052,1329,4756
313: 3779,3305,2682,219,1764
4642: 4782,3509,1100,3375
315: 1167,3629
316: 144,3935,2359,1145
317: 4399,1134,4457,723
318: 3625,4645,2067,2379
319: 360,2013
320: 1364,1834
321: 2574,3217,2364,770,31
322: 4498,794,2726
323: 762,3942,3108
324: 1901,4220,4632
325: 2124,120
326: 4689,3927
327: 1426
328: 2099,3056,4788,3416,4295
4374: 93,3166,1671
330: 4736,3539,4484
331: 3477,2605,4231
4413: 3318,202,1451,1371
333: 3188,4801,3464,544,3936,968
334: 1999,3650,2574,658,2696
4662: 2966,1150,168,3416,2099
4625: 4534,4215,1496,3827,3785
337: 4251,3943,2388
338: 436,4428,916
339: 1653,4769
4612: 3,434,571
341: 
342: 556,1854,4793
343: 4338,2090,2827,1044
344: 887,424
345: 3567,2286,1093,4564,4061
4486: 20,930,415,857,1721,2536
347: 4664,3831
348: 24,1350
349: 4601,2316,427,2116,4651
350: 1321,4480,2441
351: 
352: 821,1801,2000,3956,1891,4701
353: 3219,2801
354: 864,701,2374,1032,568
355: 636
356: 2725,1039,3422,4131,3229
357: 775,1215,727,1748,4116
358: 3816,2722,1741,3280
359: 631,2407
360: 319,2127,1501
361: 
4490: 190,1917,618,3370
363: 4714,2589,4549,4656
364: 3485,1049,1558,2604
365: 4360,3451,3297,110,173
366: 4019,4496,1226,941,4409,4142,4184
4384: 2919,4224,2136,4006
368: 1725,553,2429,2830
369: 759,870
370: 3738,3666
4364: 3635,457,1815
372: 305,1841,3849
4447: 3465,3817,1327,1445,4596
374: 787,36,2065,1705
375: 2823,2375,2607,1836
376: 1061
377: 4040,104
378: 1133,4276,1411,232,4822
4580: 2019,4806,1176
380: 2052,1888
381: 
382: 1021
383: 225,1232,1735,2171,1088
384: 4210,1682,3482,1940,3820
385: 774,1506,4797,1494,4192,2503
386: 2445
387: 894,961,1935
388: 3010
389: 3863
390: 4475,4258,3543,2408
391: 2326,4065,3630
4605: 2205,4725,3930,4726,2760
4403: 1304,1825,1832
394: 3808,2972,903
395: 
396: 2893
397: 2848,2667,2030,3162
398: 2441,4194
399: 4023,1738,1116,3483
400: 1345,2843
401: 4004,1627,1342
402: 290,4036,4416,3230
403: 3980,1670
404: 922,1909,2528,2024,4377,2279
405: 4358
406: 1510,1745,984
407: 1789,1278,85,2051
408: 3203,4647,486,1793,2614
409: 
410: 
411: 3704,671,303,1046
412: 982
413: 2469,1828
414: 4079,3308,2041,88,3629
415: 1180,1909,20,4486,2279,857
416: 3077
417: 3609,4586
418: 3329,2943
419: 3413,2640,1045,2817,2563
420: 746,3396,4565
4533: 801,432
422: 2346,272,1926,695
4722: 46,1129
424: 3428,652,344,511
425: 
426: 4887,4167,1777,1454
427: 2316,349,4651
428: 0,2813,2823,2375
429: 2562,2344,1475,3171,1990,588
430: 2960,1220
431: 2067,2349,4136
432: 4533,1680,3298,486
4713: 2889,2691,2669,3812
434: 4612,138
435: 1360,714,3738,2228
436: 4583,338,3733,228
437: 2012
438: 4086,2069,2175,1819
439: 555,2786,1300
440: 2421,1194,2352
441: 2890,2917
442: 589,3885,2300
443: 2453,1955,3300,234
444: 3985,3564,929
445: 4592,1525,831
446: 632,1712,3069,942,1842,3231,723
447: 4098,4670
448: 3518,1640,16
449: 4376,872
450: 3540,2987,4716
4740: 1086,4505
452: 638
453: 227,3957,823,501,1297
4733: 590,2101,2549
455: 2063,738,3869
456: 1788,1191,900,877,580
457: 4364,1010,3336
458: 4816
459: 1386,3153,1040,2670
460: 
4665: 1091,4337,4101,2888
4450: 2056,3571
463: 
464: 2778,2783,4519,1692
4451: 4183,3951,1622,3499
466: 2597,1968,3745,4663
467: 
468: 517
469: 3280
470: 1217,1552
471: 3244,997,3569,2143
472: 3086
473: 953,3154,1534,891,1206
474: 4657,3772,3787,2450,1918
475: 2678,48,3392,2443
476: 714,2228
4337: 1091,3284,4665,727
4596: 22,3817,4447,3968
479: 3832,4017,1779,504,2709,2683
480: 4790,2582,1756
481: 1925,518,2877
482: 2879,635,4425
483: 2345
484: 937,4212,1069,2072
485: 
486: 3323,1793,801,432,408
4574: 913,1341,2635,3088,818
488: 2219,2805
489: 3271,4063,4583,223
490: 730,4439,742,3884,2702
491: 1174,1198,3484
492: 2399,3170,3981
493: 3297,3728,2126,4531,528,110
494: 1995,4368,3266,1771,300,4618
495: 2458,171
4510: 1155,4067
497: 2650,1686,3505,2424,1440,1861,4794
498: 2858,3830,1757,2419
499: 522,2546
500: 1513,1359,3449
501: 3081,2362,1297,453
502: 3248,2084,1672,4763
503: 1524,4218,3513
504: 1779,3806,2683,479
505: 996
506: 1840,962,2508,766
507: 1771,4608,1849,3185
508: 1531,3871,1290,2983,2055
509: 3735,876,2590
510: 1313,1083,527,1970,1967
511: 1885,424
512: 
513: 235,4750,3983,1406
514: 2154,923,3081
515: 3831,2653
516: 3190,2668,3863,1665
517: 468
518: 839,2877,3998,481,4754
519: 3014,1594
520: 638,1776
521: 1009,3414,1853
522: 3805,499,1663,4669
523: 592,4001,2638,2065,1987
524: 
525: 1923
526: 1846,3566,3168
527: 510,1083,1189,2416
528: 1459,2070,3178,3728,493
529: 3497,57,1950
530: 270,1008,2401,3139,3267
531: 623,882,2772
532: 1558,4658,4076,1378
533: 3904,3397,3778
534: 1855,1699,4745
535: 852,1094
536: 1593
537: 4169,1979,3857,637
538: 2663,2731,3511
539: 1036,1890,2489,3984
540: 2931,3559,1206
541: 3335,2284,1859,3806,2089
542: 2945,805,2835
543: 2022,4783,3742,2890,4802
544: 968,333,4801,4657,4158
4410: 2270,3887,4530,4246
546: 
547: 568,643,4106,69,1032
548: 212,3443,2706
549: 1128
550: 4329,1873,4562,3655
551: 1352,1152,2662,4797,4256
552: 4541,2088
553: 1137,3375,2429,3340,368
554: 3329,1703,1443
555: 4155,439
556: 342,4810,2046,3560,1892
557: 804
558: 3158,1268,2515,3826
559: 243,4340,4242,133
560: 731
561: 3163,2346,4062
562: 1038,1737,616,1792,4506
563: 
564: 257,1874
565: 3667,1405
566: 
4653: 3106,1682,3482,1564,1624
568: 643,547,668,1032,701,354,4150
569: 3117,3997,2910,3272
570: 3492,3302,4217
571: 3,4612
572: 3197,644,4672,1430
573: 3893,3897,4538,2953,3845,1878,1884
574: 3101,664,738,17
4803: 4659,1616,55,2311
576: 2825,2510,1496,935,1562
4823: 4243,4766,4712,2210
578: 3552,3277,2345,3916
579: 3690,2676,3621
580: 586,456,4147,900,877,4339
581: 1103,2952,3603,3553
582: 1355
4699: 2223
584: 4146,4738,2514
585: 3797,3570,4335,613,626
586: 2100,3083,580,4147,4339,3722
587: 3494,1976,4098
588: 1990,2392,429,1475
589: 3250,442,2897
590: 2101,4426,2549,4733
4397: 191,3402
592: 523,4001,4352,4776,1987,4008
4466: 1535,851
594: 694,1877,3218,2746,4421,2442,2852
595: 659
596: 4066,231
597: 4233,4543
598: 4316
4770: 1099,2137,3892,977,3122
4383: 907,2310,972,1114
4570: 4641,3588,3666
602: 3686,3094
603: 4603
4552: 1654
4531: 3297,3728,493,4391,4628,4222
606: 607,941,4142,2520
607: 606,3100
4514: 2844
4572: 3774,4081
610: 282,1677,2744
611: 1166,301,2880,1179
612: 238,4652,126
613: 626,585,3570,3913,4335
614: 2312,2198,3336
615: 705,3964,297
616: 562,1737,4506,1155
617: 3059
618: 4490,3370
619: 4424,2937,2036
620: 1474,3849,4213
621: 2309,634
622: 4163,3164
623: 531
624: 3890,2074,4082
625: 
626: 613,585,4335
627: 2376
628: 4199,4438,1396,2715,4086
629: 763
4477: 4157,4345,3683,2145
631: 359,3778
632: 446,1712,723,4591
633: 3844
634: 2309,621,2211
635: 482,4425
636: 355
637: 3857,1979,537,4400
638: 520,452
639: 1819,3044,4199,2117,4351
640: 4809,663,1295,3408,2794
641: 2569,1953
642: 
643: 568,4106,547,668,2488,2609
644: 3197,572
645: 3058,1525,3075
646: 2984,2944,1463
4480: 1868,350,2441,4194
648: 4532,3628,1299,1092,1434,3639
4528: 
650: 2516
651: 
652: 111,424
653: 1294,2938,2595,4724
654: 2403,4050,1668
655: 1176,1570,1068,2759,4806
656: 2150,4293
657: 1690,3474
658: 2709,4746,2696,3650,2717,334
659: 595,2498
660: 1795,1005,3163
661: 3498
662: 146,1899
663: 2224,2866,1295,1642,640,4809
664: 4649,738,574,17
665: 1848,1320,1399,4468
666: 4000,848
667: 2555,2315,141
668: 568,643,4150,2488,35
669: 1001,4622,4296,4768,125,4741
670: 3640,3173,775
671: 2478,3704,411,1046,53
672: 74,3145,3448
673: 3479,2990
674: 880,4045,3181,1964,4246
4812: 4771,3671
4530: 3183,4745,3181,4410,4246
677: 4252,971,2928,2133,4125,3881
678: 3723,4161,1319
679: 2751,41,2170,2702
680: 301,2798,979,3765
681: 3979,1906,871
682: 2373,3449,4537
4343: 1211
684: 760,1426
685: 2013,846
686: 2220,2333,3418,3466
687: 3354
688: 4024,1651,1062,2205
689: 
690: 4694,3637,1875
691: 4170,3134
692: 1029,4147,1388,2990,200,2100
693: 1427
694: 1877,594,2852
695: 4817,1926,3815,422
4347: 4568,1258
4720: 4607,4683
698: 3803,1754
699: 1869,4313,2691,2792
700: 2251
701: 864,354,4150,568,3124
702: 270,1522,4655,2908
4414: 4778,2355,1559
4377: 2024,2229,2168,404
705: 615,297,2885
706: 4195,2479,186,1833
707: 1556,170,3922
708: 3959,2593,2485
709: 4257,2061,3898,3981
710: 4595,4629,3839,65,958
4589: 4551,3766,933,1562
712: 4553,3063,2748,1185
713: 4181,1798,876,1863
714: 476,435,3738,2228
4669: 4604,522,3805,287
716: 
717: 145
718: 827,1905,195,894,3551
719: 3278,4130,1781,2095,844
4420: 2822,2883
721: 129,2846
722: 1555,1870
723: 3231,4457,632,446,317
724: 3631
725: 177,4280,3962
726: 3777,2151,2851,1704,4258,3543
727: 1748,4337,357,4116
4571: 3657,3164,2660,3760
729: 1380,1241,1879,153
730: 490,3460,742,2478,4456
731: 560,2567,2777
732: 911,1262,3674,4526
733: 2053,2364,2102,3217
734: 4096,1896,2374
4554: 3112,4633
736: 4808
737: 2551,3264,4187,954,809
738: 455,2063,664,574,17
739: 3577,3198
740: 3349,4065
741: 3593,4706,4164
742: 1715,4439,730,490,3704
743: 
744: 3700,50,2370,4817,2982
745: 2781
746: 420,1963
4361: 2468
748: 2699,4262,2783,1692,1064
749: 
750: 4235,953,891
751: 1896,3533,1032
752: 3198,766,2359
753: 2222,2701,1111,1360
754: 
4409: 941,4703,4019,366
756: 4111,4778,3316,799
757: 795
758: 2855
759: 369,1693
760: 1426,684
761: 
762: 323,1294
763: 629
764: 1002,1784,3963
765: 2153
766: 2113,2350,2483,2508,506,752
4643: 3694,1713
768: 4808
769: 3512,838,3750,163,1431
770: 2422,2037,2364,321,31
771: 2829,4606,3907
772: 3506
773: 2927,1691
774: 385,4797,1853
775: 357,670,3173,1748
776: 154,2703
777: 3003,940,2352,3472
778: 59,2904,3481
779: 
780: 
781: 3599
782: 1292,4635,299,3222,281
4753: 1818,2008,1117,3831
784: 1799,3212
785: 4540,913,1775,818
786: 236
787: 374,36,4225,1533
788: 4103,3232,2611,2340,2017
789: 1742,4416,2724
4340: 559,133
791: 152,3318,122,2554
792: 2479,1334,186,2012
793: 3940,3702,3350
794: 3661,2726,322
795: 1962,757
796: 
797: 1971,4430,151
4502: 1596,1121,2155,2020
799: 756,1540,3014
800: 
801: 4533,486,2614
802: 1487,2084,1515,4763
803: 3477,3106,1564,808,3616
804: 557,4489,1147
805: 2838,2835,542
806: 1350,2387,2219,2278
807: 3757
808: 3616,803
809: 2583,2109,737,3264
810: 3398,4249,4796
4583: 436,228,223,4063,489
4479: 2263,4679
813: 1514,3167,4362,1477,3028,3545
814: 
815: 3015
816: 3374,1995,4368,1771
817: 3112,4615,3850
818: 3088,1775,913,4574,785
4475: 390,4122,1395
820: 4674,2996,1502,2308
821: 352,1096,1512,3956
822: 149,1239,3407
823: 453,227,3957,1028,1297,2949,41
824: 1541,1650,3461,3316
825: 2541
826: 3577,0
827: 1905,718,2095,3551,1781
828: 2795
829: 2438,2244
830: 4401,3302,3285,4217
831: 3157,4592,445
832: 4686,1116,188,3012
833: 2846,4261,3587
834: 3457,4236,275,1954
835: 46
836: 2654,4348,1680,2775
837: 209,4322,4257,3898,2242,3514
838: 4093,1079,3750,769,163
839: 518,2877,2066,50
840: 4655,244,3619,1393
841: 4237,1107,126,2965
842: 1544,231
843: 1095,3409,4316,3464
844: 75,3473,719,3278
845: 4787,3253,1677,1539,3531
846: 1119,107,685,3315,1577
847: 3630,1513
848: 666
849: 2507
850: 
851: 4466,3223,3662
852: 535,2406,3457
853: 3014,4461,1594,3303
854: 3417,2436
855: 1427
856: 3205
857: 2279,1008,415,1909,4486
858: 3229,2905,2083,2404
859: 2868
860: 1657,2370,3906,2597,4600,3700
861: 
862: 1489,4684
863: 2530,2841,1740,4597
864: 701,354,2374
865: 3480,4399,4135,1520,4228
866: 
867: 1911,277,3026,4423
868: 871,3681,1227,2722
4433: 1709
870: 369
871: 868,3681,681,2495
872: 3019,449
873: 3098,955,3613,2729
874: 1747,3822,2508,2483
875: 2043,3689,2172,4318
876: 3735,509,713,1088
877: 4159,4005,4339,456,4219,580
878: 3763,3682
879: 4059,3174
880: 674,4246
881: 1156,3511,2625
882: 1597,1059,531,2146
883: 1261,4047,2654,4348
4521: 928,1552
4794: 3001,497,2424,1303,1440,1754
886: 2896,2042,1585
887: 344,3214,1583,4055,4559
888: 1074,1994
889: 2601,3269,4742,3550
890: 1324,2883,2218,1033,311
891: 4426,953,473,750
892: 4379
893: 906,4611
894: 961,387,195,718
895: 2404
896: 284,2225
4488: 4534
898: 2620,3111,3215,1363
899: 
900: 1029,4147,3878,456,1191,580
4695: 3376
4816: 3520,1369,23,458
903: 1129,394
904: 2697,3747,1629,4567,4112,3095,1016
4663: 3745,1968,466
906: 893
907: 4383,4600,3846,3906,1114
4671: 140,2114,2869
909: 
910: 117,62,3127,1330
911: 4619,732,3674,4526
912: 1956,2326,3630
913: 1341,4574,2794,3003,785,818
914: 1736,3296,4434,3710,3353,1850
915: 2339,1618,1196,1695,2707,3447
916: 223,1570,1068,338,4428
917: 1526,1949
918: 3133,3762
919: 3889,4225
920: 1344
921: 2399,3170,3607,4296,2942
922: 404,2277,2528
923: 3015,2154,1462,2986,514
924: 4307,2046,4772,4810
925: 
926: 
4636: 167,3879
928: 3743,1552,4521
929: 1146,444,1895,4805
930: 20,4486,3968,22,1721,2536,978
931: 1919,2941,2303,4128,1747,2570
4544: 2129,1493,1927,2627
933: 1174,3149,4589,4551
934: 3462,203,3114
935: 1496,1562,3685,576,1441
936: 1970,1276,2337,1965,1517
937: 484
938: 1756,1815,4687,3493,3635
939: 2599,2857,153,99,2199,1851
940: 3003,777,2794
941: 4409,4019,366,4142,606
942: 2140,1842,446,1712,3069
943: 2734,3855,2497,263,3807
944: 1024,4781
945: 1623
946: 2843
947: 1806,2579,1907,4109
948: 4537,2360,3907,2977
949: 2226,2537,2188,2354
950: 2711,4241,3152,4815
951: 1143,1830,2287
952: 4105
953: 3154,1534,473,750,891
954: 1916,737,4187
955: 3098,1852,873,4034
956: 3438,157,198
4656: 143,2589,363,2035
958: 2995,1532,3839,710
959: 4702,1826
960: 3043,4516,1709
961: 894,387,2342,1905,161
962: 1266,3883,1840,506
963: 1100,90,4148
964: 4693,4103,2017
965: 3344,1484,2047,2207,2181
966: 
967: 3330,2152,4281
968: 544,3936,333,3644
969: 2039,2641,1837,4058
970: 2255
971: 677,3881
972: 3519,1162,1189,4383,2809
973: 4445,3832,4017,4075,4751,1678
4607: 4720,4704,2006
975: 4698,2256,4440
976: 199,1545
977: 1209,3122,4245,4770
978: 1721,3227,930,22,2858,3830
979: 2186,680
4714: 363
981: 295,1246,1937,2548
982: 412
983: 1208,4262
984: 3617,1745,406,1736,1948
985: 4267,4800,3515,1796
986: 2522
987: 265,4750,3175
988: 3387,2270,4718
4550: 1863,3486,996
990: 311,2110,1621
4501: 2917,1627,1734,1342
992: 4756,4214
993: 4673,3971,2006,1054
4809: 640,3833,1642,663
995: 4352,4820
996: 505,4550,3486
997: 3569,3622,2692,4463,471
998: 308,2088,2874
999: 171,2920
1000: 4214,2692,2439
1001: 4622,669,3607,4296,125,4741
1002: 764,3023,1416
4525: 2721,1050
1004: 1193,1585,3165,3501,2896
1005: 4481,272,660,3163
1006: 3506,4430,2598
1007: 2105,7,2557
1008: 2279,857,2401,2024,530
1009: 3414,521,3719
1010: 1640,3336,457,1674
1011: 1458,3987,125,2828,3842
1012: 2839,4494,1247
1013: 
1014: 3190,2668
1015: 
1016: 1879,3095,904,2697,4112
1017: 2247,1417
1018: 4777,4180,2991,1212
1019: 4002,2734,4459,3807,1023
1020: 1555,1482,2981
1021: 382
1022: 1752,1856
1023: 2581,4002,1019,3156,3176
1024: 944,1852,4039
1025: 3292,1593
1026: 1315,1799
1027: 4077,3406,3548
1028: 227,823,2751,41,3447
1029: 4015,692,900,3878
1030: 4685,3653,3342
1031: 144,2865,3669,4263
1032: 3533,69,751,354,568,547
1033: 890,2176,3860,2110,3050
1034: 4280,3760,1060
1035: 
1036: 539,1890,3605
1037: 1332
1038: 562,3820,1392,4210,3103,4602
1039: 356,4131,3229,3642
1040: 3153,2127,107,2670,459
1041: 1811,4330,3874,4173,3140
1042: 4700,3283,3513,3432
1043: 4057
1044: 1928,343
1045: 2640,2393,33,1762,419
1046: 3314,4049,411,671
1047: 3895
1048: 1301,3064,4788,1082,3736
1049: 3601,1558,364
1050: 4059,4525
4378: 
1052: 4555,312,1329
4487: 
1054: 4683,993,3971,1408
1055: 1199,236,3953
1056: 1273,1696
4641: 4570,3321,3588,3666
4623: 1732,3734,3178
1059: 882,1597,3941,4789,2361
1060: 2664,289,4280,1034
1061: 376
1062: 12,1651,4102,688
1063: 1794,292,3755,4196,2080
1064: 2786,748,2699,1739
1065: 3361,2984,3458,2537,3245
1066: 3673,4614
1067: 1856,4323,3138,3734
1068: 223,916,1570,4063,655
1069: 3746,4212,2908,484
1070: 4758,3884,2702,1423
1071: 
4704: 4607,2165
1073: 1764,3942
1074: 888,3209,4209,3051,1994
1075: 3660,3326
1076: 3144,183,3645,4003,3377,1998
1077: 4779,2854
1078: 4073,2486
1079: 838,4188,163
1080: 1870,3016,4234
1081: 4721,1370,4392
1082: 1602,4788,1301,1048
1083: 1313,510,527,2616,1162
1084: 1293,1917,1767,3727,190
4454: 
1086: 4740,2853
1087: 4341,3296
1088: 876,383
1089: 2491
4408: 4774,2159,86,3708,3525
1091: 4337,3284,4665,4595,4629,2888
1092: 1299,4271,1938,4804,3639,648
1093: 345,3567,2286,2752,3196
1094: 535,2509
1095: 4651,843,2116,3464
1096: 1225,1178,1512,821
1097: 3116,4105
1098: 2591
1099: 2137,4770,1209,1453,3818
1100: 963,4782,4642,4148
1101: 205,3739
1102: 2196,1936,3026,4423
1103: 3191,2952,581,3873,3553
1104: 1747,3395,4542,2004
4444: 3906,4705,1968,2310
1106: 3777,2151,3290,2344
1107: 841,4237,3843
1108: 1578,3216,2285
1109: 2738,2514,3646
1110: 4284,1457,2086
1111: 3166,1829,2222,753
1112: 4334,55
4673: 993,1579
1114: 2809,2258,4383,907,3846
1115: 
1116: 4686,832,399
1117: 1818,4753,2008,1923,1729
1118: 1386,2048
1119: 846,107,3195,1577
4590: 1223,2754,3409,3009,4316
1121: 4502,1683,2020,4649
1122: 4063,3690,1869
4568: 4347,3711,4648
1124: 3574
1125: 2747
1126: 4503,4791,3828,1498
1127: 2636,166,3434,4049
1128: 2413,549
1129: 46,903,4722
1130: 
1131: 203,3114
1132: 3189,1439,2060
1133: 378,1411,3948,4822,4818
1134: 317,4399,4457,2629
1135: 4380,2093
1136: 1860,1241,2697,2426
1137: 3375,553,2268,3340
1138: 2614,1202,2318,4044
1139: 2985,1405,3737,4708
1140: 3352,2177,2978
1141: 3105,4201,4048,4274
4782: 3509,4642,4666,3317,1100
1143: 951,2519
1144: 1150,3345,3826,1602
1145: 1738,2918,3935,316
1146: 929,86,2257,3525
1147: 804,4328,3425
4692: 4717,3602,93,1306,3348
1149: 3791
1150: 1144,4662,3416,2099,1602
4818: 4441,1874,4751,3948,1133
1152: 551,2662,4256,2500,2038
1153: 4412,4295,2814,2974
1154: 1298,2848
1155: 4510,1737,616
1156: 881
4506: 3446,562,616,3565
1158: 3528
4551: 3149,4589,3766,3253,1677,933
1160: 92,159
4495: 
1162: 3519,972,1083,2616,1789
1163: 3954,4442,80
1164: 
1165: 3139,2167,3227,2858
1166: 2633,611,1310,301
1167: 315,2657,1662
4615: 1272,4608,3185,3112,817
1169: 3103,1511,1624
1170: 1904,3328,1510,3976
4484: 3539,330
4597: 1740,863,1675
1173: 2341,1429
1174: 491,933,1600,1198,3359
1175: 3088,1775,2329,1695
1176: 655,2759,3191,1327,4580
1177: 4717
1178: 2174,1096,1512,1394
1179: 3312,1621,611,2880
1180: 415,1909,2528,2213,1770,20
1181: 2056,3877,4134
1182: 2454,3913
1183: 3484,4285,3287
1184: 1194,2637,2028
1185: 4784,3063,1940,712
1186: 3215,1363,4529
4400: 637,4035
1188: 2457
1189: 2416,527,972
1190: 4033,2325,2847,4037
1191: 456,1788,4140,3878,900
1192: 2020
1193: 1585,1004,3686
1194: 440,2352,1184,3472
4393: 3528
1196: 2339,915,1618,1775,1695
1197: 3950,3937,4419
1198: 3800,1851,3359,1174,491,3484,2655
1199: 236,1055
4585: 4108
1201: 1637,3350
1202: 4146,2318,1138
4424: 619,2937,2032
1204: 4302
1205: 2203,1563,160,2191
1206: 1534,473,540,3559
4439: 3447,1715,742,2751,2702,490
1208: 983
1209: 977,1099,1279,1453,3753
1210: 
1211: 1397,4723,246,4343
1212: 1018,3780,4593
1213: 
1214: 
1215: 357,4116,3110
1216: 2106,2571,4151,4774
1217: 470,2924,4133
1218: 2272,1455,3875
1219: 2512,1641,3152
1220: 430
1221: 2274
4539: 95,2689
1223: 4708,4590,2985,3009
1224: 3978
1225: 1096
1226: 4019,4496,366,167,4184
1227: 1741,1449,868,2722
1228: 2817,2563,101,3259,2698
4681: 2728
1230: 1293,1917,4678,2970,4230,3854
4613: 121,1705,1541,1650,2288
1232: 1735,3557,2171,383
1233: 44,2447
4391: 2958,4628,4222,89,4531
1235: 3552,4631,3916
1236: 3814
1237: 1456
1238: 1772,1961
1239: 149,822,3407
1240: 2596,1651,290
1241: 1136,2697,729
1242: 1404,3180
1243: 3758,57,1436,3510
1244: 179
1245: 4705,1968,3993,2771
1246: 981,2548
1247: 1012
1248: 2380,3247,4294
1249: 3985,3727,190,3169
1250: 2575
4672: 1430,3402,572
1252: 4366,2397
1253: 1835,4437,1299,4532,3419
1254: 2979,1674,3749
1255: 3859,2869,2353
1256: 2301,278
1257: 2275,2871,2336,13,3057
1258: 2882,3439,4347
1259: 1613,1549,1340
1260: 4473,3422
1261: 883,4155,2654
1262: 3669,3483,4263,732
4685: 4750,1030,235
1264: 
1265: 1702,4289,2305,3415,3319,2225
1266: 4010,962,4573
4358: 3624,3847,405
1268: 3158,4462,2966,558
1269: 4327,1614
1270: 2748,2991,4553
1271: 2239
1272: 4618,4615,4608,1550
1273: 1056
1274: 1420
4362: 1408,1477,2850,3028,813
1276: 1836,2337,3955,936
1277: 2545,4678,1293
1278: 4558,1882,407,2051
1279: 1453,3753,251,1209,1639
4354: 1543
1281: 4638
1282: 1671,2286,3363,2461,4564
1283: 3265,4396,262
1284: 3110,2955
1285: 
1286: 
1287: 64
1288: 1372,2224,2866
4693: 964,71,2128
1290: 4581,2983,3221,508
1291: 2516
1292: 782,4603,4635
1293: 1084,1230,1277,4678,1767
1294: 653,762,4724
1295: 663,2866,640,3408,1952
1296: 3751,4744,3002
1297: 2949,2362,501,453,823
1298: 3265,1154,2848
1299: 4437,4271,1092,1253,4532,648
1300: 2786,439
1301: 1048,1082,3446
1302: 4758,4363
1303: 2424,3124,4150,2650,35,4794
1304: 4403,1825,3641
1305: 3085,2512
1306: 93,4582,3348,4692
4505: 1412,4740,2272,1455
1308: 3453,1383,4760,2811
1309: 3394,3174,1723,252
1310: 4732,3213,1166
4359: 3349,4182,1956
1312: 2953,3845,2604,3423
1313: 510,1083,1970,1967,1517,2616
1314: 3140,1634,3196,3567
1315: 3818,1026
1316: 1518,3412,3930,3977,1632,3155
1317: 3441,39,3000
1318: 3439,4338
1319: 304,4536,4161,678,3640
1320: 4565,3919,1848,665
1321: 350
4725: 4605,2205,3930,4792,3412
1323: 3516,2621,3652,169
1324: 2218,890,3050,3905,258
4620: 3864,2700
1326: 3487,1706,2210,3358,3468,3618,2566
1327: 3465,3817,4447,3191,1176
1328: 1628,2132
1329: 165,312,1052
1330: 4302,910,3127
1331: 
1332: 1037,4767,2321
1333: 
1334: 186,2807,792
1335: 
1336: 3077,2800
1337: 2617,3172,2384
1338: 3398
4815: 3792,4737,2558,950,4241,3152
1340: 2145,4646,1613,1259,2807
1341: 913,3408,4574,2794,1952,2635
1342: 4501,1627,1734,401
4658: 532,4208,4076,1378
1344: 920
1345: 400
1346: 2599,2857,4219,2133,4005,4178
1347: 
1348: 2578,3137
1349: 261
1350: 806,2387,348,1978
1351: 3251,2203
1352: 551,2662,3414,1853,2038,3719
1353: 3076
1354: 177,2151,2851,2922,3171
1355: 3,582
1356: 2073
1357: 4310,4277,2565
4404: 2085
1359: 1975,3449,500
1360: 435,753,2701
1361: 2927,1691,2489
1362: 2893,4621
1363: 1186,3215,898,2285
1364: 320
1365: 4169,1979,1536
4712: 3355,4071,2062,4823
4694: 690,1875,2532
1368: 4745
1369: 4816,3520,2884,23,3090
1370: 1081,4721,1814,2913
1371: 1451,4413
1372: 1288,4799,1534
1373: 4223,4727,4560,3986
4736: 4315,4298,330,2482
1375: 2070,2230,4628
1376: 1985,4586,2825,1476
1377: 3432,2455,2215
1378: 2604,4658,532,4076,2313
1379: 
1380: 2199,729,2872
4804: 1938,85,1092,4577,172,3639
1382: 2847,1959,4037
1383: 1308
1384: 3997,2239,3712,1661,3833
1385: 4575
1386: 1118,459,2048,3875
1387: 3126
1388: 3066,2990,4144,200,692,2100
4356: 4007,2466
1390: 2131,2520,1582,2632,2764
1391: 1710
1392: 3820,2423,1792,1038
1393: 4212,3372,2908,840,3619
1394: 2174,1178,3298
1395: 2660,4122,3044,4163,4475
1396: 1762,2563,628
1397: 1211,2758,3325,2208
1398: 3620
1399: 3741,665,4468
1400: 4365
4419: 1197,3937
1402: 1863,1798,3600
1403: 
1404: 1242,3180
1405: 3888,3737,565,1139
1406: 3983,2172,2611,513
1407: 1951,79,2917,1734
1408: 4362,1054,3971,2850
1409: 
1410: 3294,1783,1864,3801
1411: 1133,378,232
1412: 4505,2272,1770
4603: 1292,603,1566
4723: 246,4734,3347,1211,3233
1415: 
1416: 1002
1417: 2247,1017
1418: 3899,3299,3794,2357,2293
1419: 2298,239,2241,304,4536,3202
1420: 1274
1421: 
1422: 4229,3242,3676
1423: 1463,76,1070
1424: 4558,1882,4276,3125
1425: 2415,1573
1426: 760,684,327
1427: 693,855
1428: 3673,2096
1429: 2481,1173
1430: 4672,2050,572
1431: 3725,2717,769,3512,163,1730,4746
1432: 3938,2301,4619
1433: 2730,285
1434: 172,3639,3628,648,4798
1435: 2951
1436: 1243
1437: 4519,1692,4155
4763: 2084,802,502
1439: 2317,3189,1132
1440: 1861,1754,497,2424,4794
1441: 3723,3785,1496,935,3685
4680: 2293,3794,1547
1443: 1703,554
1444: 1817,1460
1445: 2213,3465,4447,3968
1446: 2899,1876,4677,3867
1447: 2058,1719
1448: 3322,4587,4072,1898,2630
1449: 1227,2212,1906
1450: 1884,108,4739,3759
1451: 3542,1805,1371,4413
1452: 2317
1453: 1279,3753,251,1209,1099,3818
1454: 3239,30,426
1455: 1218,2272,3844,3875,4505
1456: 2323,1237
1457: 2086,280,1110
1458: 1011,3987,2561,2828,2892
1459: 528,4270,2070,3715
1460: 3059,1444
1461: 2025,237,2989,1508
1462: 3015,2154,923
1463: 1423,646,2944
4373: 1511,274
4339: 877,4005,586,580,3722
1466: 
1467: 64,3695
1468: 2565
4629: 4595,710,65,1091
1470: 1865,2710
4628: 4391,1375,2070,3728,4531
1472: 94
1473: 
1474: 620,2484,4634
1475: 429,588,3315
1476: 1376,1985,1864,4215
1477: 4362,813,1514
1478: 
1479: 4259,4421,2750,4182
4425: 2586,482,635
1481: 2491
1482: 1822,3788,1020,2981
4469: 2551,3264,1653,2452,140
1484: 965,4584,1722
1485: 1633,2738,2756
1486: 4321
1487: 802,1751,4775
1488: 3074,4498,2861,2831
1489: 862,4052,222
4619: 911,1432,3938,2526
1491: 4218,4499,4050,1668
1492: 3475
1493: 1844,1927,2048,4544,2627
1494: 4192,2035,143,385,3576
1495: 2358,259
1496: 935,576,4625,4215,1441,3723,3785
1497: 2933,4483
1498: 2605,1868,4231,1126,4791
1499: 3411,2678,48,2464,2471
1500: 2679,4648,2059
1501: 3844,360,3153,2127
1502: 2308,1782,820,3145
1503: 1794,1969,2206,2959,157
1504: 3526,1857,2457
1505: 
1506: 385,4192,1799,2503
4411: 2799
1508: 1935,3555,2025,1461,2989
1509: 
1510: 4094,406,1170
1511: 3103,1169,4373
1512: 1178,1096,821,3956,3160
1513: 500,847,3630
1514: 813,3167,1477
1515: 802,3825
4430: 1006,797
1517: 1965,1970,936,1313
1518: 3412,1316,3405,3977
1519: 147,2134
1520: 3531,4149,2249,4228,3480,865
1521: 2177
1522: 270,702,2908,3746
1523: 
1524: 3283,3618,2566,503,3513
1525: 4592,3058,645,445
1526: 1982,4728,4660,917
4432: 
1528: 3136,4388,2961,3497
4537: 948,2930,2373,682
1530: 3889,2347,3289,4053,3718,1922
1531: 508,3770
1532: 958,1994,3839,1862
1533: 2250,787,36
1534: 953,3154,473,1372,1206
1535: 4466
1536: 4169,1365
1537: 
1538: 2297
1539: 3531,4149,4787,845
1540: 2633,799,3312
1541: 824,1650,4613,2288,3213
1542: 
1543: 4354,3526
1544: 2755,842
1545: 3254,158,976
1546: 3838,4791,4231
1547: 1616,3794,4680,2787
1548: 1929,1958,2362
1549: 3917,1675,1259
1550: 2125,2175,3850,1272,2069
1551: 2262,1920
1552: 470,928,4521
4611: 3518,893
1554: 
1555: 722,1020,3016,3788
1556: 707,182
1557: 1696,3853
1558: 532,3601,1049,364
1559: 2676,3621,2409,4282,4414
1560: 2360,2974,4412,2977
1561: 2145
1562: 935,3685,4589,576
1563: 2203,1205,2191,3337
1564: 1624,3106,4653,803
4766: 4823,1694,3109
1566: 4603
1567: 4710,4038,4071
1568: 
1569: 4118,297,3964
1570: 916,1068,2759,2952,655
4503: 1126,4791,271,3828,3838
1572: 201,2634,3953,4563
1573: 2415,1425,4434,3859
4534: 4625,4488
4474: 296,2737,230,3934,1605
1576: 
1577: 3195,3315,1119,846
1578: 1108,2946
1579: 1806,4673,2158
1580: 4273,3598
1581: 3628,4297,2002,4095
1582: 3047,4333,2632,1390
1583: 3697,887,2596,3982,4055
4542: 4323,3138,2245,3395,1720,1104
1585: 2042,1193,1004,2896,886
1586: 3261
1587: 1854
1588: 1606,3230,2969,4239,4332
4741: 3392,4768,125,1001,669,4296
4363: 4758,3884,1302,4456
1591: 4687,2680,1756
1592: 
1593: 1025,3292,536
1594: 3303,2561,853,519
4344: 2430,2776,232,4085
1596: 4502,2155,3146
1597: 882,1059,1802,2146,3811
1598: 303,2967,2707,1715
1599: 1949,4110,4660
1600: 1993,4112,3095,3149,1174
1601: 2093
1602: 1082,1150,1144
1603: 3932
1604: 221,3881,3754,4616,3102,3715
1605: 2559,4474,3255,19
1606: 1588,3230,4709,4036,4239
1607: 2176,3698,2110
1608: 2485,2613,3485,1878
1609: 1765,2649,3170
1610: 3517
1611: 3736,3680
1612: 1865
1613: 1791,1259,1340
1614: 1269
1615: 
1616: 1547,55,4803,4659
1617: 3048,4123
1618: 2339,915,1196,227,3447
4762: 2973,3223
1620: 2955,2080,3436,1957
1621: 1179,3698,990
1622: 3136,2995,4451,4183
1623: 945
1624: 1564,1682,4653,1169
1625: 2538
1626: 2855,3270
1627: 4501,1342,401
1628: 1328,3143,4060
1629: 4567,2121,2249,904,2477,1993,4112
1630: 2077,4588,3998
4446: 
1632: 49,3977,1316,3155
1633: 2318,1485,4769,2756
1634: 3140,1314,3567
1635: 42,4617,1809,3579
1636: 2792,3812,4768,3842
1637: 1201,3571,285
1638: 2047,1722,2337,4074
1639: 2582,1279,251
1640: 1010,2198,3518,448
1641: 1219,3546,2641
1642: 1688,2547,4809,2224,663
1643: 2465,3620,4143,2018,4772
1644: 
1645: 
1646: 4057,3101,3146
1647: 3200,4591
4650: 
1649: 1706
1650: 1541,824,4613,3461,3799
1651: 12,1062,688,1240,3974
1652: 
1653: 339,4469,2551
1654: 2777,4552
1655: 4051,3084,1795,4703,1660
4584: 2683,1484
1657: 860,2149,2370,2597,4481
1658: 1810,287,4561,4092,3901
1659: 2568,3687,2623,4106,2609
1660: 3163,1655,4609,4703
1661: 10,4535,1384,3712,2547,3833
1662: 2436,1167,3629,88
1663: 4047,522
1664: 2214
1665: 516,2668,259
1666: 2703
4416: 402,3230,2969,2724,789
1668: 2771,654,4050,1491
1669: 2534,3699
1670: 2617,403
1671: 1282,3363,4374,4582
1672: 502,2148
1673: 2710
1674: 2796,2979,1254,1010
1675: 1549,3917,4597
1676: 2897
1677: 3253,845,610,4551
1678: 242,3948,4445,973,4017,4751,3017
1679: 3102,4455,221,239,2230
1680: 3298,2775,836,432
1681: 2112,3129,3399
1682: 384,4210,3482,4653,1624
1683: 2020,4780,4649,1121
4407: 2610,4154,2502
1685: 2439,165,3647
1686: 2650,497,3505,4259
1687: 4569,2732,2378
1688: 1642
1689: 3365,3342,3502,4031
1690: 657,3261
1691: 1361,773
1692: 1437,748,2783,464
1693: 759
1694: 3109,4213,4766,3849
1695: 2329,2707,1775,1175,915,1196
1696: 1557,1056,3853
1697: 4520,4473,2262,3980
4752: 2733
1699: 3452,534,4745
1700: 
1701: 
1702: 4289,1265,2017,2305,3319
1703: 3329,554,1443
1704: 4459,2311,3777,726
1705: 121,4613,1987,374
1706: 4357,3487,1326,2210,3618,1649
1707: 4511
1708: 2740,2023
1709: 4433,960
1710: 1391,4575
4567: 1629,2121,4135,3534,904,3747
1712: 632,446,3069,942,3200,4591
1713: 4724,4643
4575: 1710,1385
1715: 4439,742,1598,303,3704
1716: 
1717: 3157,3726
4664: 3831,347
1719: 1447
1720: 3786,2245,1752,4542,4323
1721: 2536,3227,978,4486,930,2401
1722: 2047,1638,1484
1723: 2148,1309,273
1724: 2634,2085
1725: 368,2830,4638,4747
1726: 2859,2796,2979
1727: 3494,3705,1922,4098,2719
1728: 3216
1729: 1117
1730: 163,3693,1431,2717,4746
1731: 1992,1935,3555
1732: 4623,3178,4270
1733: 255,2256
1734: 4501,2917,1342,1407,79
1735: 1232,3557,225,383
1736: 1948,3296,914,984
1737: 562,616,4602,1155
1738: 1145,144,399,4263
1739: 1773,2699,1064
1740: 4597,2580,863
1741: 1227,358
1742: 3836,789,135,4238
1743: 3210,4234,1870
4417: 
1745: 3617,984,3351,3020,406
1746: 
1747: 1104,874,2303,931,3822
1748: 727,775,357
4677: 1446,2899,2141,2863
1750: 4371,2607,2813,255
1751: 1487,212,4775
1752: 3722,1022,1720,1856
1753: 3572,2045
1754: 1440,1861,2252,4794,698
1755: 4690
1756: 938,480,1591,4687
1757: 2419,498,4093
1758: 2891
1759: 4813
1760: 
1761: 3327
1762: 1396,1045,2393,2715,300
4429: 1961,4644
1764: 1073,2682,3305,313,3580
1765: 2649,1609,3905,4622
1766: 
1767: 1945,1084,1293,3727,3564
1768: 
1769: 2206,2959,3583,3667
1770: 2213,4078,1412,1180
1771: 507,4608,816,1995,494,4618
1772: 2784,1238,3491
1773: 1739,117,62
1774: 2673,3597
1775: 818,1175,785,1196,1695
1776: 520
1777: 4167,426
1778: 2603,2010
1779: 3806,504,2709,4746,479
1780: 2698,4334
1781: 719,4130,3551,827,2095,1944
1782: 3664,1502,2308,3145
1783: 1410,3294,1864,1985,3923
1784: 2182,764,3963
4587: 1448,3322,3510,4072,1950
4817: 1926,695,3815,2370,744
1787: 2411,161,1905,2095,75
1788: 456,1191,2872
1789: 407,2659,2616,3519,1162
1790: 2367,3182,3162
1791: 1613,3080,4795
1792: 1392,3258,562
1793: 486,3323,3203,408
1794: 1063,292,1503,157
1795: 660,3084,2215,1655
1796: 60,985,4267
1797: 
1798: 4181,713,1402,1863
1799: 784,2503,1026,1506
1800: 3679,2314
1801: 2000,352
1802: 2695,2146,1597,3811
1803: 2094,1981
1804: 
1805: 3542,1451,2402,152
1806: 947,1579,2158,2579,1907
1807: 
4635: 782,1292,281
1809: 3597,1635,4204,3579
1810: 4561,1658,4267,3901
1811: 1838,1041,4330
1812: 4500
4578: 2903,2409,2250,4282
1814: 4721,1370
1815: 938,3751,4364
4421: 2442,2750,594,4182,1479
1817: 1444
1818: 4753,1117
1819: 18,639,3044,438,2175
1820: 103,4819
1821: 164,2380
1822: 3788,11,1482,4308,111
1823: 2222,205,3032
4569: 1687,2378,2111,67,3647
1825: 4403,1304,3675,2107
1826: 959
1827: 3345,2501,4784
1828: 413
1829: 2900,2222,2993,1111
1830: 2519,951,2287
1831: 3927,2173,3121
1832: 4403,2924
1833: 2118,706
1834: 320
1835: 1253,3444,2430,4437
1836: 1276,4074,375
1837: 2039,969,4278
1838: 1811,4330,3115,4154
1839: 35,168,4129,2966
1840: 2359,506,962,3935,3883
1841: 4185,2758,2208,372
1842: 942,2724,446
1843: 2567
1844: 1493,1927,2670,3066,4144
1845: 2716
1846: 526,2009,2335,2440,3168
1847: 3999
1848: 4245,665,3919,1320
1849: 3185,4278,3972,507
1850: 3353,2353,3296,914,4221
1851: 1198,2599,939,2655,2928
1852: 3098,955,1024,4039,4034
1853: 3414,521,774,170,1352
1854: 4793,342,1587
1855: 534,4745,2157
1856: 1067,1022,1752
1857: 2457,1504,3526
1858: 
1859: 2284,3655,3335,541,100
1860: 1136,4028,4198
1861: 1440,2252,1754,497,2631
1862: 3251,2021,1994,1532
1863: 1402,4550,713,1798
1864: 1410,3294,1783,1985,1476
1865: 1470,1612
4760: 2811,1308
4698: 975,3335,4440,2089
1868: 2605,1498,4480
1869: 699,1122,4313
1870: 3016,1080,4234,1743,722
1871: 4394,3636
1872: 1889,2671,2096
1873: 2552,550
1874: 4441,4818,4006,564
1875: 2532,4694,690
1876: 1446,2899,3994,3867
1877: 694,594,3061,2746
1878: 2953,1608,2613,1884,573
1879: 3095,153,1016,99,729
1880: 2442,2750
4779: 4124,2854,1077
1882: 1424,4558,1278,3125,1938,2051
4366: 2681,1252
1884: 1450,108,2613,1878,3893,3897,4538,573
1885: 3428,511,2120
4586: 1376,417,3609,2825
4445: 973,4017,2683,3017,1678
1888: 380,4048
1889: 1872,2671,3043,4516
1890: 1036,539,3984,3605
1891: 4701,352,2000
1892: 4311,3560,3184,556
1893: 4322,3514,4405
1894: 
1895: 294,4492,929,4805
1896: 751,2374,3702,734
4786: 2190,1921,243
1898: 1448
1899: 1978,2081,662
1900: 4124
1901: 324,2236
1902: 
1903: 147,2854
1904: 1170,3328,4792
1905: 827,718,2095,961,1787,161
1906: 9,3979,681,1449
1907: 2158,2579,947,1806,4109
1908: 2107,4442,80
1909: 1180,415,2528,404,2279,857
1910: 3589,4610,4200
1911: 867,277,2666
1912: 3908,3055,3035,4558
1913: 
1914: 4711,2452,2583,3334
1915: 3368,3228
1916: 3220,2738,954
1917: 1084,1230,3854,4490,190
1918: 4821,474,3787,2450
1919: 2941,931,2229,4272,2570
1920: 1551,2262
1921: 2573,4786
1922: 2187,1727,1530,2347,3289,2719
1923: 2008,1117,525
4516: 3043,960,1889,2454
1925: 2608,2659,4577,481
1926: 4817,695,2149,2370,422
1927: 1844,1493,3066,4544
1928: 1044,2714,219,4139
1929: 1548,2911,1958,1986
1930: 2522,4353
4387: 3121,2173,37,4735
4494: 1012,2839,4476
1933: 3339,1972,4116,58,4101,3071
1934: 2499
1935: 3555,1508,1731,387
1936: 2196,1102
1937: 2548,295,981,1951
1938: 85,2051,4804,1882,1092
1939: 3248,3132,4277
1940: 3852,1185,384,3482
4548: 3287,2241,3691
1942: 
4638: 1281,1725,4747,3676
1944: 3551,4130,1781
1945: 1767,3550,3564
1946: 2716,2766
4690: 1755
1948: 1736,984,3328
1949: 1599,4110,4660,2640,917
1950: 3758,57,529,4587
1951: 1407,1937
1952: 2115,3065,2635,1295,1341,3408
1953: 641,2569,2810,3433
1954: 275,834,2217,4232
1955: 2453,443,3300
1956: 912,2631,4359
1957: 3781,3709,3436,2080,1620
1958: 1986,3081,2362,1929,1548
1959: 1382,2847,2776,3444
1960: 4443,2309
1961: 4429,1238
1962: 4284,795
1963: 4039,746,4565
1964: 90,674
1965: 2207,3035,1517,1970,936
1966: 
1967: 3955,1970,1313,510
1968: 1245,4663,466,4444
1969: 2959,1503
1970: 3955,936,1967,1965,1517,1313,510
1971: 797,2470
1972: 3339,1933,4116,58
1973: 2378,2111,4297,2732,4095
1974: 3476,3608,2540
1975: 1359
1976: 3763,2511,2366,2968,587
4637: 66,2306,3434,3314,166,3966
1978: 1899,1350,2387
1979: 4169,537,1365,637
4887: 426
1981: 48,1803
1982: 1526,4728,4660,4083
1983: 2973
1984: 2155
1985: 1376,3923,1476,1783,1864
1986: 1958,3307,1929
1987: 121,1705,2065,523,592
1988: 
4520: 1697,4473,2262,2725
1990: 588,2562,2344,429
1991: 2153,3132,4795,15,3107
1992: 3996,1731,4560,3555
1993: 4112,1600,1629,2477
1994: 3478,3051,888,1074,1862,1532
1995: 494,4368,3266,816,1771,4618
4675: 17,175
4743: 
1998: 3377,3645,1076
1999: 4020,3393,334
2000: 1801,352,1891,3273,4701
2001: 2043,3689,2530
2002: 2590,4095,1581,2723
2003: 
2004: 4010,1104,2508
4660: 4083,1526,1982,1599,1949
2006: 4607,993
2007: 
2008: 4753,1117,1923,3516
2009: 3143,2335,4060,2432,1846
2010: 2448,1778
4352: 4776,995,592,4008,4820
2012: 437,792
2013: 685,319
2014: 2874,193,3926,3206,4244
2015: 4312,4118,3496
2016: 
2017: 1702,788,4103,964,2305
2018: 3713,309,1643,4772
2019: 4580,4806,2889,2669
2020: 1683,4780,1192,1121,4502
2021: 3251,1862,3136
2022: 4512,543,4802
2023: 1708
2024: 4377,2168,404,2279,1008
2025: 1461,1508,195
4710: 1567,4071,3054
2027: 
2028: 2647,2637,1184
2029: 3819,3664
2030: 2667,397
2031: 4281
2032: 145,3006,4424,2109
2033: 3765,2186,3239,30
2034: 3759,2842,3657,4350
2035: 1494,4192,2589,143,4656
2036: 2440,619,2937
2037: 770,2364
2038: 4470,1352,1152,2662,3719
2039: 3972,969,2641,1837
4558: 1424,1882,1912,1278
2041: 414,3629,2319
2042: 1585,886
2043: 2001,875,3135
2044: 4243,4357,3109,2049
2045: 3120,3274,1753,3572
2046: 4307,924,3692,3560,556,4810
2047: 1722,1638,965,2207
2048: 1118,1386,1493
2049: 2044,2130
2050: 3197,2798,1430
2051: 1938,85,1278,1882,407
2052: 380,183,4003
2053: 733
2054: 
2055: 508,2983,3834
2056: 1181,3877,4450,307
2057: 3835
2058: 1447,2685,3648
2059: 299,2679,1500
2060: 2147,1132
2061: 709,3898,2422,3981,3048
2062: 4185,4712,4071
2063: 455,738,3939,2300
2064: 3662,2624
2065: 2638,523,374,1987
2066: 839,2877,3846,2258
2067: 2379,2349,318,4645,431
2068: 3485,4497,2593,2485
2069: 4086,438,2715,1550
2070: 1375,528,1459,4628,3728
4802: 2112,543,2022,2890
2072: 484,213
2073: 1356
2074: 3890,624
2075: 2770,3294,4518,3310,3801
4379: 3814,4206,892
2077: 1630,4798
2078: 2985,210
2079: 
2080: 1620,1957,1063
2081: 1899
4724: 1713,1294,653
2083: 858,2404
2084: 802,502,4763
2085: 4404,1724
2086: 1457,280,1110,3077
2087: 3004
2088: 552,2874,998
2089: 3806,3335,541,4698
2090: 3367,343
4700: 1042,3084,4051
2092: 
2093: 1601,1135
2094: 1803
2095: 827,1905,3551,1787,719,1781
2096: 2671,1428,1872
2097: 3186,3263
2098: 3959,2593,4497,38
2099: 3056,328,4788,3416,1150,4662
2100: 586,692,4147,1388,2990
2101: 590,4733,4149
2102: 2471,3512,3411,733
2103: 3872
4540: 785,2119
2105: 1007,7,2557,2936,260
2106: 1216,4774,2934,3708
2107: 1908,1825
2108: 2120,101
2109: 2583,809,2032
2110: 990,311,2176,1607,1033
2111: 2378,1973,4569,4181,67
2112: 4802,1681,3129
2113: 3619,2350,2483,766,3391,3372
2114: 4671,2869,4535,3712
2115: 1952,3065,2635,98
2116: 3677,3986,349,4651,1095
2117: 4351,4122,639,3044
2118: 3814,1833
2119: 4540,2647,3663
2120: 2773,101,2108,1885
2121: 1629,4567,4135,3534,2249,4228
2122: 3430
2123: 3421
2124: 325,4227
2125: 2175,1550,3850,3379,38
2126: 493,3178,110
2127: 3153,1040,360,1501
2128: 71,4693,4727
2129: 4544,3471,2627,3775
2130: 2049,3649
2131: 1390,3063,2520,2764
2132: 1328
2133: 2599,1346,2857,4252,677,2928,4178
2134: 3963,2854,2680,147,1519
4703: 4409,4609,1655,1660
2136: 2523,4384,4224,4441,4006
2137: 1099,4770,3892
2138: 3926,2248,2472,193
4702: 959,2588,2458
2140: 942,2760,4726,3069
2141: 3915,3532,2863,4677
2142: 
2143: 2414,3228,471
4791: 4503,1126,1546,3838,1498,4231
2145: 1340,4646,4477,1561
2146: 1802,2695,882,1597,3811
2147: 2060
2148: 1723,1672
2149: 1657,2370,4481,272,1926
2150: 3658,656
2151: 3777,726,2851,1106,1354,3171
2152: 3330,967,2470
2153: 1991,3132,4795,765
2154: 3015,923,1462,514
2155: 1596,4502,1984
2156: 165,4214,2439
2157: 1855,3802,3591
2158: 2579,1907,1806,1579
2159: 4408,113,2601,86
4807: 3182,3162
2161: 3343,2938
2162: 2532,4132
2163: 
4621: 2893,1362
2165: 3939,2300,4704
2166: 2397,3739
2167: 3139,1165,2552
2168: 2024,4377,4655
2169: 4405,2204,14,3331
2170: 2944,2949,679,41
2171: 3735,4588,1232,383
2172: 1406,2611,875
2173: 3927,1831,4387,3121
2174: 1178,1394
2175: 2125,1550,438,1819,3379
2176: 1607,3860,2110,1033
2177: 4654,1140,1521
4737: 2558,4815,3792
2179: 3385
2180: 
2181: 4121,3908,3055,965,3344,2207
2182: 1784,2385,4068
2183: 
2184: 
2185: 3688,3532,3148
2186: 979,2033,30
2187: 2559,3242,1922,3289
2188: 2729,949,2354,3892,3122
2189: 4728
2190: 4786
2191: 1563,1205
4614: 3570,1066
2193: 3934,3255
2194: 
2195: 3281
2196: 1936,1102
4707: 3536,4593,82,4765
2198: 2312,614,2811,1640,3336
2199: 1380,153,2857,4219,939
2200: 2250
2201: 3656
2202: 2701,3032
2203: 1563,1205,1351,182
2204: 4405,2169
2205: 4605,4725,3930,4792,688
2206: 1769,2959,1503,157
2207: 1965,3035,2047,965,3055,2181
2208: 3325,4009,1397,2758,1841
2209: 3097,3815,4091
2210: 4357,3487,1706,1326,3358,4243,4823
2211: 634
2212: 1449
2213: 1445,1770,1180,20,3968
2214: 1664,4227
2215: 1377,2455,3084,1795
2216: 3771,3012,3451
2217: 2509,1954,4232
2218: 1324,2883,890,258,4143
2219: 2278,806,2387,488
2220: 686,2338,3466
2221: 3286
2222: 1823,753,1829,1111
2223: 3509,2268,4699
2224: 663,2866,1642,1288
2225: 284,3319,1265,2305,896
2226: 2537,949
2227: 3104,3684
2228: 3588,3738,3666,476,714,435
2229: 4377,229,1919,2941
2230: 2298,239,1679,1375,3202
2231: 3343
2232: 
2233: 3252,2931,3559
2234: 3953
2235: 3890
2236: 185,1901
4376: 449,4645
2238: 
2239: 1384,1271,3833
2240: 3321
2241: 3691,4455,4548,4536,239,1419
2242: 3048,4257,3898,837
2243: 4097,4317,2920,2248
2244: 829,2438
2245: 3786,3395,1720,4542
4448: 
2247: 1417,1017
2248: 2138,4097,2243
2249: 3531,1520,4228,1629,2121,4787,2477
2250: 2200,4578,1533
2251: 700
2252: 1861,1754,2631
2253: 
4646: 2145,1340
2255: 970
2256: 4440,100,1733,975
2257: 86,3550,1146
2258: 2809,1114,3846,2877,2066
4750: 4685,513,235,987
2260: 2603
2261: 139,3025
2262: 1551,1920,3980,1697,4520
2263: 4479,3085
2264: 2591,4632
4686: 832,1116,3012,4165
4504: 4265,3853
2267: 
2268: 3509,2223,1137
4783: 3742,4435,543
2270: 4410,988,4718,4246
2271: 2463
2272: 1218,1455,4505,1412,2528
2273: 2432,2383
2274: 1221
2275: 1257,3988,4197,2871,2619,2336,4291
2276: 3858
2277: 922,229
2278: 2219,806
2279: 1008,857,404,415,1909,2024
2280: 3816,4668,2636,3923
2281: 
2282: 2654,2775
2283: 
2284: 1859,3693,541
2285: 112,1363,1108
2286: 345,1093,2752,2461,4564,1282
2287: 1830,951,118
2288: 3213,121,4613,4008,1541
2289: 
2290: 130
2291: 
2292: 2335,2440
2293: 4680,1418,3794
2294: 
2295: 60
4442: 1163,80,1908
2297: 1538
2298: 239,1419,2230,3202
2299: 4022
2300: 3939,2165,442,3885,2063
2301: 1432,278,1256
4645: 4785,318,2067,4376
2303: 3775,4128,931,1747
2304: 3675
2305: 1702,1265,2017,3319,2225
2306: 66,4637,166,3966,2770
2307: 181,4097
2308: 1502,2996,1782,3664,820
2309: 621,1960,634
2310: 4705,4444,4383
2311: 4803,1704
2312: 2198,614
2313: 2511,2366,4076,1378,2604
2314: 4515,1800,3679
2315: 2555,667
2316: 427,3409,349,4651
2317: 1439,1452
2318: 1202,1633,1138,4769,4044
2319: 2860,4278,2041
4401: 830,2543
2321: 4767,1332,4279
4792: 2205,4725,1904,3412
2323: 1456
2324: 
2325: 1190,3019,4697,4785
2326: 391,912,3630
4564: 4061,345,2286,1282
2328: 308,4761,2674,3872
2329: 1695,2967,2707,1175,2878
2330: 2443,2942
2331: 
2332: 
2333: 686,3184
2334: 
2335: 2292,2009,3143,2440,1846
2336: 4291,3733,2761,2275,1257,4197
2337: 1276,1638,936
2338: 2531,3466,2220
2339: 915,1618,1196,3663,227
2340: 4318,2611,788,4289
2341: 3207,1173
2342: 961,2411,161
2343: 4025
2344: 2562,429,1106,3290,1990
2345: 483,3921,578,3916
2346: 422,4062,272,3163,561
2347: 3889,1530,1922,2719
2348: 3123,2689
2349: 2067,2379,260,431,4136
2350: 2113,2483,766,3372,4626
4559: 4055,4709,887,3214,3899
2352: 440,1194,3472,777
2353: 3353,1850,1255
2354: 3892,949,2188
2355: 3461,3799,4778,4414
2356: 
2357: 3214,1418
2358: 1495,2521
2359: 1840,3198,752,316
2360: 1560,2974,2373,948,2977
2361: 1059,3941,4789
2362: 3081,501,1958,1548,1297
2363: 6,2727,2413
2364: 733,770,2037,321,3217
4728: 2189,3210,1526,1982
2366: 3763,2511,1976,2313,3682
2367: 1790,106
4351: 2117,4438,639
2369: 224,251,4790
2370: 860,1657,2149,3700,744,4817,1926
2371: 
2372: 3090,2743
2373: 682,2360,2974,4537
2374: 1896,734,864,354
2375: 375,2823,428
2376: 627,3944
2377: 3380
2378: 1973,2111,2732,4569,1687
2379: 2067,2349,241,2557,318,260
2380: 1248,164,1821
2381: 3866
4423: 867,3026,1102
2383: 2432,2273
2384: 3172,1337
2385: 3741,2182,4319
2386: 2875,3857
2387: 1350,806,1978,2219
2388: 2577,2643,337,3943
2389: 3389
2390: 
2391: 3046,4291,2903
2392: 588,200
2393: 1045,33,3266,1762,300
2394: 2550
4795: 1991,2153,1791,15,3080
2396: 149
2397: 2166,1252
2398: 4304,2731,59
2399: 921,3170,492
2400: 2527,3078
2401: 1008,1721,530
2402: 4304,1805,152
2403: 654,2526
2404: 895,2083,858,2905
4633: 3601,2860,4554
2406: 3457,852
2407: 359
2408: 177,4258,390,2851
2409: 4578,4282,1559
2410: 3234
2411: 1787,2690,161,2342
2412: 
2413: 1128,2363
2414: 2143,3544
2415: 4044,1425,1573,4769
2416: 3882,1189,527
4392: 3338,1081,2737
2418: 3116
2419: 1757,498,3830
2420: 3508,4773,3896,4476
2421: 440,2861
2422: 3981,770,2061,31
2423: 3820,1392,4784
2424: 3124,1303,2650,497,1440,4794,3001
2425: 
2426: 2697,3747,3333,4627,1136
4452: 4460
2428: 
2429: 3375,553,4253,2830,368
2430: 4344,4085,4437,1835
4522: 2838
2432: 3168,2383,2009,2273
2433: 2875
4478: 104
2435: 
2436: 1662,854
2437: 3386,2996,3676
2438: 3633,829,2244
2439: 2692,1685,2156,1000
2440: 2036,2292,2335,1846
2441: 398,4194,4480,350
2442: 4421,1880,2746,4821,3218,594
2443: 2330,2942,3392,2678,475
4507: 
2445: 386
2446: 3389,3672,3400
2447: 4,1233
2448: 3317,2010
2449: 3361,3366
2450: 3787,2746,474,4821,1918
4443: 1960,3274
2452: 1914,4469,2551,140
2453: 443,1955
2454: 4516,1182
2455: 1377,3432,2215,4499
2456: 3746,4329,4562
2457: 1857,1188,1504
2458: 109,2588,4702,495
2459: 2886,2826,4456,3460
4616: 3754,217,1604,3881
2461: 2993,3363,2286,2752,1282
2462: 2899,2863
2463: 2271
2464: 1499,4093,3750,2471
2465: 3620,1643,4143,258
2466: 4356
2467: 
2468: 4361,3369,109
2469: 413
2470: 3330,2152,1971
2471: 2102,2464,1499,3411,3750
2472: 2138,181,4097
2473: 3931,4250
2474: 4565,3396,3192,2782
4499: 1491,3432,2455
4399: 317,4135,1134,3534,865
2477: 4787,3253,2249,1629,1993
2478: 3704,671,730,3460,2826
2479: 792,4195,706,186
2480: 4207,3582,4524,3771
2481: 1429,2986
2482: 4736
2483: 2113,2350,766,874,3391,2508
2484: 1474,3940,3533
2485: 1608,2613,2068,2593,708
2486: 4761,2674,3360,1078,4073
2487: 32,191
2488: 643,4106,668,2609,4462
2489: 1361,539
2490: 2733,2808
2491: 1089,1481,3862
2492: 
2493: 3413,4110,2773
2494: 4283,4107,3894,256
2495: 282,871
2496: 3347,4640,3233
2497: 943,3855,2969,263,3836
2498: 659,3572
2499: 1934
2500: 4256,3150,3388,1152,269
2501: 3345,3826,1827,2764,4784
2502: 4407,2610,2919,3115,2980
2503: 1799,385,1506,4797
2504: 
2505: 4594,2945
2506: 4555
2507: 849,2916,3515,276
2508: 874,2004,2483,766,506
2509: 2217,1094
2510: 2744,3609,3766,2825,576
2511: 2366,1976,2313,2968,4076
2512: 1219,4058,1305
2513: 4380
2514: 1109,2738,4738,3646,584
2515: 4333,2632,2764,3158,558,3826
2516: 1291,650
2517: 
2518: 3148
2519: 1830,1143
2520: 1390,2131,606
2521: 3360,3279,2358
2522: 986,4353,1930
2523: 2136,4020,4075,4224
2524: 
2525: 
2526: 2403,4619,3938,26
2527: 3078,2400
2528: 1180,1909,2272,922,404
2529: 4087,2870
2530: 863,2001,3917
2531: 2338,306
2532: 2162,1875,4694
2533: 3700,50,4600,3846
2534: 1669,148
2535: 217,4178,4005,4252
2536: 1721,4486,930
2537: 3458,2226,949,3361,1065
2538: 1625
4524: 4398,2480,4207,2736
2540: 3105,1974
2541: 825
2542: 3799,36
2543: 4401,123
2544: 2598
2545: 4678,1277
2546: 83,499,4047
2547: 1642,4141,1661,10
2548: 1937,1246,981
2549: 3979,4426,590,4733
2550: 3773,2394,4007
2551: 4469,737,3264,4187,1653,2452
2552: 4188,2167,1873
4436: 
2554: 122,791,3318,3925
2555: 2315,667
2556: 4813
2557: 3912,241,7,2105,1007,2379,260
2558: 4737,3929,3580,4241,4815
2559: 1605,2187,19,3705
4476: 2420,3896,4494
2561: 1594,3860,1458,2892
2562: 2344,429,3290,3530,1990
2563: 2817,1228,419,1396,2698
2564: 4482
2565: 1468,4277,1357
2566: 1524,3618,3468,2839,1326
2567: 731,1843,4152,2777
2568: 1659,3687,2623,3047,4184
2569: 641,1953
2570: 244,3822,1919,931
2571: 1216,4151,4774
4467: 4764
2573: 1921,4073
2574: 321,3217,3725,3650,334
2575: 1250
2576: 
2577: 2388,3943
2578: 1348
2579: 2158,1907,947,1806
2580: 2859,4485,1740
2581: 1023,3176,4198,3087
2582: 480,1639,4319
2583: 2109,809,3264,1914
4456: 2459,2886,4363,730,3460
4482: 4624,2905,2564
2586: 4425,2893,4811
4813: 1759,2556
2588: 4702,2458
2589: 4279,363,2035,4656
2590: 2002,4095,2723,509
2591: 2264,4632,1098
2592: 
2593: 3959,2098,708,4497,2068,2485
2594: 3529
2595: 653,4427
2596: 3982,1240,1583,4055,4709,290
2597: 466,4481,860,1657
2598: 2544,1006,3192
2599: 1346,2857,2133,939,1851,2928
2600: 3169,4805,4390,294
2601: 889,3269,113,3273,2159
2602: 3965,3064
2603: 2260,1778
2604: 1378,364,2313,1312
2605: 1868,1498,331
4508: 2726,3661
2607: 1750,2813,255,375,2823
2608: 1925,3519,2659,2809
2609: 4462,643,4106,1659,2623,2488
2610: 4407,2502,3824
2611: 3983,2172,1406,788,4318,2340
4460: 4452,4509,3789
2613: 1608,2485,1878,1884
2614: 1138,801,408,4647
4418: 4069
2616: 1313,1083,1162,1789
2617: 1670,1337,3980
4388: 1528,57,3497
2619: 3423,3682,3845,2275,3988,4197
2620: 3589,3111,4200,3215,898
2621: 3652,169,1323
2622: 2988,90
2623: 1659,2568,2609,3158,4333
2624: 2064,103
2625: 881,218
4648: 4568,3711,1500
2627: 3471,1493,2129,4544
2628: 122,4781,3720
2629: 4238,1134,3087
2630: 235,1448,3322
2631: 1956,1861,2252
2632: 4333,2515,2764,1582,1390
2633: 1166,1540
2634: 201,1724,1572
2635: 1952,2115,1341,4574,3088,98
2636: 1127,2280,3816,3923
2637: 1184,2028
2638: 2065,523
4774: 4408,113,2106,1216,2571,3708
2640: 1045,1949,3413,419
2641: 2039,969,1641
4390: 3169,2600,3697,12,3982
2643: 4021,2388
2644: 4789,2970,4230,3068
2645: 2810
2646: 
2647: 2028,3663,2119
2648: 4465,3431,2657
2649: 1765,1609,4622,3607,3170
2650: 497,1686,3505,2424,3124,1303
2651: 3223,4819,3662
4470: 2038,269,4031,3365
2653: 515
2654: 836,4348,1261,883,2282,2775
2655: 4285,4125,1198,1851,3484,2928
4708: 1223,2754,2868,1139
2657: 2950,1167,2648
2658: 
2659: 1789,3519,2608,1925,4577
2660: 1395,3760,4163,4571,3164
4746: 2709,658,1730,1431,2717,1779
2662: 551,1352,1152,2038
2663: 538,2731,3837,4304
2664: 289,1060,3886,4350
2665: 3313,4321
2666: 1911,277,4541
2667: 2030,397
2668: 516,3190,1665,1014
2669: 2889,2691,4713,2019,4806
2670: 1844,107,1040,459
2671: 2096,3797,1872,1889
2672: 4573,3883,2918
2673: 1774,4617
2674: 4761,2486,3360,308,2328
2675: 3053,3729
2676: 1559,4111,4778,579
4751: 973,4075,1678,3948,4441,4818
2678: 1499,3411,475,48,2443
2679: 1500,2882,2059
2680: 1591,4687,2134
2681: 4366
2682: 3305,313,1764
2683: 4584,504,4445,4017,479
2684: 4136
2685: 2058
2686: 256,3625
4780: 1683,2020,3932,3250,4649
2688: 3269
2689: 95,4539,3123,2348
2690: 2411,2852
2691: 4713,2669,699,4806
2692: 2439,1000,4463,997
4769: 2756,2318,1633,2415,4044,339
2694: 3070
2695: 1802,2146
2696: 2709,658,4020,334,3832,4075
2697: 904,3747,2426,1136,1241,1016
2698: 1780,2817,2563,1228
2699: 748,4262,1739,1064
2700: 3864,4620
2701: 2202,753,1360
2702: 3884,1070,2751,679,4439,490
2703: 154,776,1666
2704: 3796
4778: 4111,4414,756,3461,2355,2676,3316
2706: 150,3415,3243,548,4775
2707: 2329,1695,2967,915,1598
2708: 148
2709: 658,4746,2696,1779,3832,479
2710: 1673,1470
2711: 950,3285
4355: 3263,3278,4130
2713: 
2714: 1928,219
2715: 300,1762,628,4086,2069
2716: 1946,1845
2717: 1431,3725,3650,3512,1730,658,4746
2718: 3401,4749
2719: 4098,4670,1727,1922,2347
2720: 
2721: 4525
2722: 358,1227,868,3681,4668
2723: 4588,2002,2590
2724: 4416,1842,789
2725: 356,4520
2726: 4508,3661,794,322,4498
2727: 6,2363
2728: 4681,3791
2729: 873,2188
2730: 1433,285,3571
2731: 2663,538,2398
2732: 4297,2951,2378,1973,1687
2733: 4752,2490
2734: 943,3855,3807,3975,1019
4435: 4512,4783
2736: 4207,292,4524,3438,198
2737: 296,4474,230,4392
2738: 1109,2514,1485,1916
2739: 
2740: 1708
4787: 3253,845,2477,1539,3531,2249
2742: 3637
2743: 3418,2372
2744: 3609,2510,610,282
2745: 4314,4301
2746: 2450,4821,1877,3218,594,2442
2747: 1125
2748: 3604,1270,712
4428: 338,916
2750: 4421,1880,1479,4259
2751: 679,41,1028,3447,4439,2702
2752: 2286,1093,3196,4189,2993,2461
4577: 172,2659,85,4804,1925
2754: 4708,4590,2868,3409
2755: 1544,3437
2756: 4769,1485,1633,3220
4579: 3761
2758: 4185,1397,2208,1841
2759: 3191,2952,1570,655,1176
2760: 2140,4605
2761: 2336,4291,3733,2903
4441: 4818,1874,4006,4751,2136
4593: 82,3780,4707,1212
2764: 2632,2515,1390,2131,3063,2501
2765: 
2766: 1946,3660
4546: 3928
2768: 
2769: 4726,3155,4235,3069
2770: 2075,3966,2306,4518
2771: 1668,26,1245
2772: 3941,3695,531
2773: 2120,101,2493,3413,4110,2817
4485: 2914,2580,2841
2775: 1680,2282,836,2654
2776: 4344,232,1959
2777: 1654,4152,731,2567
2778: 3809,464
2779: 4801,4158
2780: 4237,3843
2781: 745
2782: 2474
2783: 748,4262,464,1692
2784: 1772,3491,4067
4666: 3317,4782
2786: 1064,1300,439
2787: 4332,263,3299,3794,1547
4345: 4477,3683
4561: 1810,287,1658
4498: 322,2726,1488
2791: 
2792: 1636,3812,699,4313,3584
4765: 3989,3536,4707
2794: 913,1341,3408,940,640,3003
2795: 828
2796: 2979,1674,1726
4588: 2723,1630,2171
2798: 680,3765,2050
2799: 4411
2800: 4491,1336,280
2801: 353
4631: 3916,1235
4338: 343,3367,1318
2804: 3649
2805: 488
2806: 
2807: 1340,1334
2808: 2490
2809: 2258,1114,3519,972,2608
2810: 2645,1953,3433
2811: 4760,2198,1308
2812: 3508,4023
2813: 1750,2607,0,428,2823
2814: 1153,2974
2815: 
4576: 3553,2885,4078,3500
2817: 2563,1228,3413,2773,419,2698
2818: 4140,3530,4028
2819: 3655,100
2820: 174,3737
2821: 
2822: 4420,4143
2823: 375,2375,2607,2813,428
2824: 3705,19,4054
2825: 576,3609,2510,1376,4586
2826: 2459,3460,2478,134
2827: 343
2828: 3303,3584,3842,1011,1458
2829: 771,4606,4581,3221
2830: 4253,2429,368,1725
2831: 2861,3463,1488
2832: 
2833: 3050,3905,2892,3860
4369: 
2835: 3489,805,542
4739: 1450,108,3759,3496,68
2837: 2844
2838: 4522,805
2839: 1012,4494,3468,2566
2840: 3401
2841: 3175,4485,265,863
2842: 2034,3759,3959
2843: 946,400
2844: 2837,3703,4514
4701: 1891,113,352,2000,3956
2846: 833,721,129,4261
2847: 1382,1959,4037,1190,4033
2848: 397,1298,1154,3162
4463: 2692,997
2850: 3028,3971,1408,4362
2851: 726,2151,4258,177,1354,2408
2852: 3349,4182,694,594,2690
2853: 4312,4118,297,2885,3793,1086
2854: 4779,2134,3963,1077,1903,147
2855: 1626,758
4758: 3884,1070,4363,1302
2857: 2599,1346,4219,2133,939,2199
2858: 498,3830,3227,978,1165
2859: 2580,1726
2860: 2319,4633
2861: 2831,3074,1488,2421
2862: 185
2863: 3915,2141,2899,2462,4677
4711: 1914,3334,2910,3456
2865: 1031,3577
2866: 2224,663,1295,1288,3065
2867: 3367,3776
2868: 859,4708,2754
2869: 1255,2114,4671
2870: 2529
2871: 2275,1257,3988,3897,3057
2872: 4028,4140,1380,1788
4784: 1185,2501,1827,2423
2874: 2014,193,2088,3206,998
2875: 2386,2433
4563: 3953,1572
2877: 518,839,2066,2258,481
2878: 2329
2879: 482,4194
2880: 301,611,1179
2881: 3361,3366,3563,2911
2882: 3439,1258,2679
2883: 2218,890,311,4420
2884: 3090,1369
2885: 2853,297,705,4576
2886: 2459,4456,3665
2887: 243,4242
2888: 4101,4595,1091,4665
2889: 4713,2669,2019
2890: 3742,441,543,4802
2891: 1758,293
2892: 2833,2561,3860,1458
2893: 4621,1362,2586,396
2894: 4145
4726: 2769,3155,4605,3930,2140
2896: 886,3165,1585,1004
2897: 1676,589
4581: 1290,3221,2829
2899: 1446,1876,2462,4677,2863
2900: 1829,3762
4560: 4223,1373,1992
2902: 
2903: 4578,3046,2391,2761
2904: 778,59,262,3034
2905: 858,3642,4482,2404
2906: 
4440: 3335,100,2256,4698,975
2908: 4212,1393,1522,702,1069
2909: 
2910: 140,4711,3997,569
2911: 1929,3563,3307,2881
2912: 4738,4604,3646
2913: 3431,4718,1370,3338
2914: 4485,3502
4527: 4594
2916: 3045,2507
2917: 4501,1734,441,1407
2918: 1145,2672,173,188
2919: 4384,2502
2920: 4317,2243,999
2921: 4264,84
2922: 3171,1354,3962
2923: 
2924: 3309,1832,1217
2925: 
2926: 3009,3524
2927: 1361,773
2928: 677,1851,2599,2133,2655,4125
2929: 
2930: 4537
2931: 540,3559,3065,2233
2932: 4133,3407,3309
2933: 1497,4483,3633
2934: 3351,3020,2106,3708
4434: 3821,3710,1573,3353,914
2936: 2105,4170
2937: 619,4424,2036
2938: 653,2161
2939: 
2940: 
2941: 1919,931,3471,229,4128,2229
2942: 2443,2330,3392,4296,921
2943: 3329,418
2944: 2170,3744,646,1463
2945: 542,2505,196
2946: 199,1578
2947: 3815,4091
2948: 3219
2949: 1297,823,2170,41
2950: 2657
2951: 1435,2732
2952: 1103,2759,581,1570
2953: 3845,1878,1312,573
2954: 4468,4245,3753
2955: 1620,1284,2959
2956: 4808
2957: 4315
2958: 4391,89,4196,3755
2959: 1969,2206,1769,2955,1503
2960: 430
2961: 3497,1528
4500: 1812
4555: 1052,2506
4535: 3403,2114,3712,1661,10
2965: 4652,3352,841
2966: 4662,1839,4462,1268,168
2967: 2329,2707,1598
2968: 4054,4076,2511,1976
2969: 1588,3230,4416,3836,2497
2970: 4678,2644,1230,4230
2971: 3521,4781
2972: 394,4108
2973: 4762,1983
2974: 2360,1560,2814,1153,2373
2975: 3194,3627
2976: 
2977: 3680,2360,1560,948
2978: 1140,3648
2979: 2796,1674,1254,1726
2980: 2502
2981: 1482,1020
2982: 50,744
2983: 1290,508,2055,3834
2984: 646,1065,3245
2985: 1139,1223,2078
2986: 3015,923,2481
2987: 3540,450,4716,3684,1,3062
2988: 2622
2989: 1461,237,3996,3555,1508
2990: 3066,1388,692,2100,673
2991: 4180,1018,1270
2992: 3537
2993: 3363,2461,1829,2752
2994: 
2995: 958,3136,1622
2996: 2437,3386,3664,820,2308
4541: 552,4105,2666
4747: 3819,1725,4638,3676
4594: 4527,2505
3000: 1317,39
3001: 3803,4794,2424,35,4129
3002: 3212,224,4790,1296
3003: 777,940,913,2794
3004: 3541,2087
4819: 1820,2651
3006: 145,2032
3007: 
3008: 3999
3009: 1223,4590,2926
3010: 388
4771: 4812,3871
3012: 2216,3771,4686,832
3013: 
3014: 853,519,799
3015: 2154,923,1462,2986,815
3016: 1870,1080,1555
3017: 3344,4445,242,1678
4682: 
3019: 4033,2325,4785,872
3020: 3351,2934,1745
3021: 
3022: 137,3641
3023: 1002
3024: 4820,4309,4732
3025: 2261,139
3026: 867,277,4423,1102
4717: 3602,4692,1177
3028: 2850,4362,813,3545
3029: 3129,3399,73,4115
3030: 3126
3031: 
3032: 205,3739,1823,2202
3033: 
3034: 59,2904
3035: 1965,2207,1912,3055
3036: 3696,249
3037: 3144,3645,3232
4761: 2486,2674,308,2328
3039: 
3040: 3270
4738: 2912,3646,2514,584
3042: 4003,3377
3043: 4516,960,1889
3044: 18,639,1819,4163,2117,4122,1395
3045: 2916,3515
3046: 2391,2903
3047: 4142,4184,1582,2568,4333
3048: 4123,1617,2242,2061,3898
3049: 
3050: 2833,3905,1324,1033
3051: 3478,1994,3209,160,1074
3052: 3574
3053: 3424,2675,3127
3054: 4710,4071
3055: 3908,1912,2181,2207,3035
3056: 2099,328,4788,4295,3736
3057: 13,4667,1257,2871
3058: 4592,1525,645,3157
3059: 617,1460
3060: 
3061: 3787,25,1877
3062: 3277,1,3540,2987
3063: 2131,2764,1185,712
3064: 1048,3736,2602
3065: 1952,2115,2866,2931
3066: 1388,2990,4144,1844,1927
4822: 242,3948,4121,1133,378
3068: 4308,4230,2644,4789,11
3069: 446,1712,2769,942,2140,3200
3070: 2694
3071: 4101,1933,3476
3072: 3947,3809
3073: 4148,4253,3375
3074: 1488,2861
3075: 3131,4275,645
3076: 1353
3077: 1336,416,2086
3078: 2527,2400
4553: 712,3852,1270,3536
3080: 15,3382,1791,4795
3081: 2362,501,514,1958
3082: 4203
3083: 586,3479,3722,3786
3084: 4700,2215,1655,4051,1795
3085: 1305,2263
3086: 472
3087: 4198,2629,2581,4627
3088: 818,1175,4574,2635,98
3089: 3445,2
3090: 2372,2884,220,1369
4462: 2609,1268,2488,2966
3092: 
4543: 4233,597
3094: 602
3095: 1879,1016,99,904,4112,1600,3359
3096: 
3097: 3780,2209,3815
3098: 3720,1852,955,873,3613
3099: 3440
3100: 3241,607,3604
3101: 574,3146,17,1646
3102: 1679,3715,221,1604
3103: 1511,1169,4602,4210,1038
3104: 2227,137
3105: 2540,1141,4274
3106: 4653,3989,803,1564
3107: 212,1991
3108: 3694,323,3942,3225
3109: 1694,4243,4766,2044
3110: 1284,1215
3111: 4200,2620,898
3112: 4554,817,3185,4615
3113: 
3114: 1131,203,934
3115: 1838,4154,2502
3116: 2418,1097
3117: 3997,569
4764: 4467
4777: 1018,3522,4062,3241,4180
3120: 2045,3274,3572
3121: 4387,2173,1831
3122: 977,2188,4770
3123: 2348,4177,2689
3124: 2424,1303,701,4150,2650,3505
3125: 4085,1424,1882,4271
3126: 1387,3030
3127: 117,910,3424,3053,1330
4801: 333,3188,544,2779,4158
3129: 3399,3029,2112,1681
3130: 3591
3131: 3075
3132: 1991,2153,1939
3133: 918,3762,4311,4793
3134: 691
3135: 2043,4325
3136: 1528,1622,2021,2995
3137: 76,4090,1348
3138: 4542,4323,1067,3734,4010
3139: 2167,1165,3267,530
3140: 1314,1634,4173,1041
3141: 
4626: 2350,3372
3143: 2009,2335,1628
3144: 183,3037,3645,3556,1076
3145: 74,672,1782,1502
3146: 3101,1596,1646
4481: 1005,272,2597,1657,2149
3148: 130,3532,2518,2185
3149: 4551,3253,1600,933
3150: 4256,2500,3388,4744
4562: 3655,2456,550
3152: 950,4241,4815,1219
3153: 1040,2127,3844,1501,459
3154: 953,1534,473
3155: 4726,2769,1316,3930,1632
3156: 4002,1023,3176,3290
3157: 1717,4592,3058,831
3158: 1268,2623,4333,2515,558
3159: 
3160: 3956,4151,1512
4459: 4659,3807,1704,1019
3162: 3182,4807,2848,397,1790
3163: 561,1660,660,1005,2346
3164: 4571,3657,4163,622,2660,3760
3165: 3340,3501,2896,1004
3166: 1111,4374
3167: 813,1514,3545,3902
3168: 2432,526,1846,3566
3169: 2600,4390,1249,3697
3170: 2399,921,492,3607,2649,1609
3171: 2922,2151,1354,429
3172: 2384,4754,1337
3173: 670,3640,3436,775,3781
3174: 3394,1309,252,879
3175: 2841,987
3176: 4198,2581,1023,3156
3177: 4582
3178: 4623,1732,528,2126
3179: 
3180: 4314,4301,1404,1242
3181: 4530,3183,4045,674,4246
3182: 4807,3162,1790
3183: 4530,4745,3181,3452,4045
3184: 2333,1892
3185: 1849,507,4615,3112
3186: 3394,2097
3187: 
3188: 333,4801,3464
3189: 1132,249,1439
3190: 516,2668,3863,1014
3191: 1103,2759,3873,1176,3465,1327
3192: 3396,2474,2598
4731: 
3194: 2975
3195: 3315,1577,1119,4144,200
3196: 4189,1314,1093,2752
3197: 2050,572,644
3198: 752,2359,739
4519: 1437,464,253,4155
3200: 1712,3069,1647,4591
4464: 4154
3202: 2298,1419,2230,3709
3203: 408,4647,1793,3351,254
4806: 4580,2019,655,2691,2669
3205: 856
3206: 2874,2014,4244,3872
3207: 2341,3542
3208: 
3209: 134,3051,1074
3210: 1743,4728
4348: 836,2654,883,4047
3212: 3002,784,4744
3213: 1310,4732,2288,1541
3214: 887,2357,4559,3899
3215: 1186,1363,2620,898
3216: 112,1108,1728
3217: 2574,321,3512,733,2364,3725
3218: 594,2746,2442
3219: 353,2948
3220: 1916,2756,4187
3221: 1290,4581,2829
3222: 281,299,782
3223: 2651,4762,851
3224: 
3225: 123,3942,3694,3108
3226: 
3227: 1721,978,2858,1165
3228: 1915,2143
3229: 858,356,1039,3642
3230: 1606,1588,2969,4709,402,4036,4416
3231: 4457,723,446
3232: 788,4103,3037,3645
3233: 4185,4723,2496,3347
3234: 2410
4789: 2644,1059,3941,2361,3068,11
3236: 3382,3917
3237: 
4618: 1272,1995,494,1771,4608
3239: 1454,30,2033,3549
3240: 181
3241: 3100,4180,4062,4777
3242: 4229,1422,2187,3289,4053
3243: 3415,284,3319,150,2706,3581,4775
3244: 471,3569
3245: 4090,1065,2984,3458
3246: 
3247: 1248
3248: 1939,502,4277
3249: 
3250: 589,3885,4780
3251: 1862,1351,2021
3252: 2233
3253: 4787,845,2477,1677,3149,4551
3254: 1545
3255: 19,3934,2193,1605
3256: 
3257: 
3258: 1792,3446
3259: 101,1228
3260: 
3261: 1690,1586
4529: 1186
3263: 4130,2097,4355
3264: 4469,2551,737,2583,809
3265: 1283,4396,1298
3266: 1995,494,4368,2393,33
3267: 3139,530,270
4772: 4307,924,3620,1643,3713,2018
3269: 2601,889,2688,3273,4742
3270: 3040,1626
3271: 489,3621,3690
3272: 569
3273: 113,2000,2601,3269
3274: 2045,3120,4443
3275: 4206
3276: 
3277: 3062,3552,578
3278: 719,4130,844,3473,4355
3279: 2521,3360
3280: 469,358,3816,4049
3281: 4324,2195
3282: 
3283: 1524,3618,3513,1042
3284: 1091,4337
3285: 3546,3302,2711,830
3286: 2221
3287: 4285,4125,1183,4548,3691
3288: 4029
3289: 1530,4053,2187,3242,1922
3290: 3156,1106,2562,2344
3291: 
3292: 1025,1593
3293: 
3294: 1410,1783,1864,2075,3801
3295: 3516,3453,3652
3296: 1736,914,1850,4221,1087,4341
3297: 493,4531,4222,110,4398,365,4360
3298: 1680,1394,432
3299: 3899,1418,3794,4239,4332,2787
3300: 4138,3616,443,1955
4573: 2672,1266
3302: 3546,3285,830,4217,570
3303: 1594,2828,853,4461,3584
4798: 2077,172,1434
3305: 3779,313,2682,1764,3580
4627: 3333,4198,3087,2426
3307: 3563,1986,2911
3308: 414,3601
3309: 2924,3407,2932
3310: 65,4518,2075,3801
4757: 
3312: 1179,1540
3313: 2665,4244
3314: 3434,1046,53,66,4637
3315: 3195,1577,1475,846
3316: 3461,824,4778,756
3317: 2448,4666,4782
3318: 202,4413,791,2554
3319: 3415,284,3243,2225,1702,1265,2305
3320: 
3321: 4641,4796,2240
3322: 1448,4587,2630,3556
3323: 486,1793
4649: 664,1683,4780,1121
3325: 2208,4009,1397,3877
3326: 120,1075
3327: 1761
3328: 1170,1904,1948
3329: 2943,418,1703,554
3330: 2152,967,2470,4281
3331: 4173,14,2169,3874,3732
3332: 
3333: 4627,3534,2426
3334: 4711,1914,3456
3335: 541,4440,100,1859,2089,4698
3336: 1010,457,2198,614
3337: 143,1563,182
3338: 4392,4465,2913,230
3339: 1933,1972,58
3340: 3165,3501,1137,553
3341: 71,4601,3677
3342: 3365,1689,1030
3343: 2231,133,2161
3344: 965,3017,242,4121,2181
3345: 3826,2501,1827,1144
3346: 4025
3347: 2496,4640,4723,4734,3233
3348: 1306,3602,4692
3349: 2852,4182,4359,740
3350: 1201,793
3351: 3020,2934,3203,254,1745
3352: 1140,2965
3353: 1850,2353,4434,914
3354: 116,687
3355: 4712,4071
3356: 
4371: 1750
3358: 1326,2210,3468
3359: 1198,3800,3095,99,1174
3360: 2521,3279,2486,2674
3361: 1065,2881,2449,2537
3362: 
3363: 2993,2461,1282,1671
4565: 1320,2474,420,1963,3396
3365: 3342,1689,4470,4031
3366: 2881,2449,202
3367: 2867,2090,4338
3368: 1915
3369: 2468,4735
3370: 3697,4490,618
3371: 3867,3631
3372: 4212,1393,3619,2113,2350,4626
3373: 
3374: 816,4368
3375: 1137,553,2429,4642,3073,4253
3376: 4695
3377: 4003,3042,1998,183,1076
4647: 3203,408,2614,254
3379: 38,2125,2175,18
3380: 2377
3381: 
3382: 3236,3080
3383: 
4674: 820,3386,3718
3385: 2179,3851
3386: 2437,2996,4229,3718,4674
3387: 988,3887,4679
3388: 2500,3150,3751,4744,4064
3389: 2446,2389
3390: 
3391: 244,3822,3619,2113,2483
3392: 4741,4296,475,2443,2942
3393: 4020,1999,4224
3394: 1309,3174,3186
3395: 2245,4542,1104
3396: 3192,420,4565,2474
3397: 3904,533
3398: 810,1338
3399: 3129,3029,1681
3400: 3672,2446
3401: 2718,2840
3402: 4672,4397
3403: 4535,4141,10
4659: 4459,4803,3807,1616
3405: 3756,4381,1518,49,3977
3406: 3548,1027
3407: 822,1239,3309,2932
3408: 1341,2794,640,1295,1952
3409: 2316,4590,2754,843,4316
3410: 14,4123,3732
3411: 1499,2678,2471,2102
3412: 1518,1316,4725,4792
3413: 4110,2493,2640,2773,2817,419
3414: 1009,521,1853,1352,3719
3415: 3243,3319,4289,1265,150,2706
3416: 168,1150,4662,2099,328
3417: 854
3418: 2743,686
3419: 1253,4532
4617: 1635,4415,2673
3421: 2123
3422: 225,1260,356
3423: 2619,3682,3845,1312
3424: 3053,3127
3425: 1147
3426: 271
3427: 
3428: 1885,424
3429: 4160,3716
3430: 2122
3431: 4465,2913,2648
3432: 1377,2455,4499,1042
3433: 1953,61,2810
3434: 3314,4049,1127,166,4637
3435: 
3436: 3173,3781,1957,1620
3437: 3862,2755
3438: 956,157,198,292,4207,2736
3439: 2882,1318,1258
3440: 3099
3441: 39,1317
3442: 
3443: 548,15
3444: 1835,1959
3445: 3089,2
3446: 4506,3258,1301
3447: 4439,1028,915,1618,2751
3448: 672
3449: 1359,500,682
3450: 
3451: 365,4360,173,2216
3452: 4108,4045,1699,3183,4745
3453: 1308,3652,3295
3454: 259,3595
3455: 4697
3456: 3334,4711
3457: 834,2406,3541,852
3458: 2537,1065,3245
4549: 4279,363
3460: 730,2478,2459,2826,4456
3461: 2355,3799,824,1650,4778,3316
3462: 94,934,203,141
3463: 2831
3464: 333,3188,843,1095,3936
3465: 1327,4447,3873,3191,1445
3466: 2338,2220,686
4509: 4460,3789
3468: 2839,1326,3358,2566
3469: 
3470: 33
3471: 229,2627,2129,4128,2941
3472: 1194,2352,777
3473: 844,4065,3278
3474: 4084,657
3475: 1492
3476: 4201,214,1974,3071,3608
3477: 331,803,4231
3478: 3051,1994,160
3479: 673,3083,3786
3480: 4591,865,1520,4149
3481: 3643,778
3482: 384,1682,1940,3852,4653
3483: 1262,4263,4023,399
3484: 1183,491,1198,2655,4285
3485: 364,2068,1608
3486: 4131,4550,996
3487: 1706,1326,2210
4370: 
3489: 2835
3490: 4123
3491: 3798,2784,1772
3492: 570,3972
3493: 4687,938,3635
3494: 1727,4054,587,4098
4630: 
3496: 4739,68,2015
3497: 2961,529,4388,1528,57
3498: 661
3499: 4451,3951,4201,214
3500: 4078,4576,3873,3553
3501: 3340,3165,1004
3502: 4031,1689,2914
3503: 
3504: 
3505: 2650,497,1686,4259,3124
3506: 1006,772
4515: 2314
3508: 2812,2420,4023
3509: 4782,2223,4642,2268
3510: 3922,4072,3758,1243,4587
3511: 881,3537,538
3512: 769,2102,1431,3725,2717,3217
3513: 4218,503,3283,1524,1042
3514: 837,4322,1893,4405
3515: 985,4267,4800,3045,2507
3516: 1323,3295,3652,2008
3517: 1610,3805,287
3518: 4611,448,1640
3519: 1162,972,1789,2659,2809,2608
3520: 4816,1369,23
3521: 2971
3522: 4777,4062,3780
4689: 326
3524: 3571,3644,2926
3525: 3708,4408,1146
3526: 1504,1857,1543
4457: 3231,723,317,1134
3528: 1158,4393
3529: 2594
3530: 2562,2818
3531: 1520,4149,2249,1539,4787,845
3532: 3915,2141,3148,2185
3533: 69,1032,2484,751
3534: 4399,4135,3333,4567,2121,3747
3535: 250
3536: 4707,4553,4765
3537: 3511,2992
4754: 518,3998,3172
3539: 4484,330
3540: 2987,450,3062
3541: 3004,4236,3457
3542: 1451,1805,3207
3543: 4258,390,726
3544: 2414,4233
3545: 3902,3028,813,3167
3546: 3302,3285,1641
3547: 3996,4223
3548: 3406,4077,1027
3549: 3239
3550: 86,2257,889,1945
3551: 3825,827,718,2095,1944,1781
3552: 578,1235,3277,3916
3553: 4576,3873,1103,581,3500
4360: 365,3451,4222,3297,4398
3555: 1935,1508,1992,3996,1731,2989
3556: 3144,183,3322
3557: 1232,1735
4496: 4019,366,1226,167
3559: 2931,540,1206,2233,9
3560: 2046,3692,556,1892
3561: 4104
4426: 891,590,2549
3563: 3307,2911,2881
3564: 3985,3727,444,1945,1767
3565: 3798,4506,3965
3566: 526,3168,3661
3567: 345,1093,1314,1634,4061
3568: 
3569: 997,471,3244
3570: 4614,585,613
3571: 3524,4450,1637,2730,285
3572: 1753,2498,2045,3120
3573: 
3574: 3052,1124
4437: 1299,4271,2430,1253,1835
3576: 170,1494,143
3577: 739,826,2865
4608: 1771,507,4618,1272,4615
3579: 3774,4204,42,1635,1809
3580: 3305,1764,3929,2558
3581: 4775,284,3243,237
3582: 2480,4207,4640,4038
3583: 1769,3888,3667
3584: 4313,3303,2828,2792,3842
3585: 
4655: 840,2168,4272,702
3587: 105,833,4261
3588: 3738,2228,3666,4641,4570
3589: 1910,2620,4606
3590: 
3591: 3802,3130,2157
4601: 349,3341,3677
3593: 741,4164
3594: 
3595: 3454
4718: 988,2270,2913
3597: 1774,264,1809
3598: 1580
3599: 781
3600: 1402
3601: 4633,1049,3308,1558
3602: 4717,4692,3348
3603: 581
3604: 2748,3100,4180
3605: 1036,1890
4781: 2971,2628,944
3607: 1001,4622,4296,2649,921,3170
3608: 174,40,58,3476,1974
3609: 2744,2510,417,4586,2825
4497: 2068,2593,2098
4412: 1153,1560
4732: 1310,3213,3024
3613: 3098,3720,873,3903
3614: 
4599: 
3616: 808,803,3300
3617: 1745,984,3821,3710,254
3618: 3283,1524,2566,1706,1326
3619: 2113,3391,840,1393,3372
3620: 2465,1643,1398,4772
3621: 1559,3271,579
3622: 997
3623: 4274
3624: 3847,4358
3625: 318,2686,256
3626: 3812,4768
3627: 2975
3628: 4532,1581,648,1434
3629: 315,1662,414,2041,88
3630: 847,2326,391,912,1513
3631: 724,3994,3371
4667: 13,3057
3633: 2438,2933,4483
3634: 
3635: 4364,938,3493
3636: 1871,4394,108,3897,68
3637: 690,276,2742
3638: 
3639: 172,1434,4804,1092,648
3640: 670,3173,4161,1319
3641: 3022,1304
3642: 4624,1039,3229,2905
3643: 3481
3644: 3524,968
3645: 3144,3037,1076,1998,3232
3646: 4092,4604,2912,4738,1109,2514
3647: 4569,67,1685
3648: 2058,2978
3649: 2804,2130
3650: 3725,2717,2574,658,334
3651: 
3652: 3453,2621,1323,3516,3295
3653: 3719,1030
3654: 
3655: 2819,4562,550,1859,100
3656: 2201
3657: 4571,3164,2034,4350
3658: 2150
4461: 853,3303
3660: 2766,1075
3661: 794,3566,4508,2726
3662: 2064,2651,851
3663: 2647,2119,227,2339
3664: 1782,2029,2996,2308
3665: 160,2886
3666: 3588,3738,2228,4641,4570,370
3667: 565,3583,1769
3668: 
3669: 1262,4263,1031
4518: 155,3310,2075,2770
3671: 4812,3871
3672: 3400,2446
3673: 1066,1428
3674: 911,732
3675: 2304,1825
3676: 2437,4638,4747,1422
3677: 2116,3986,4601,3341,71
4526: 4773,3896,911,732
3679: 3947,1800,2314
3680: 2977,4610,1611
3681: 868,871,282,2722
3682: 2619,3423,3763,2366,878
3683: 4293,4477,4345
3684: 4716,2987,2227,1
3685: 935,1562,1441
3686: 602,4523,1193
3687: 1659,2568,4106
3688: 2185
3689: 2001,875,265
3690: 579,3271,1122
3691: 2241,4455,3287,4548
3692: 4307,2046,3560
3693: 163,1730,2284
3694: 3108,4643,3225
3695: 2772,1467,64,4427
3696: 3036
3697: 1583,3370,3169,4390,3982
3698: 1621,1607
3699: 1669
3700: 2533,744,4600,860,2370
3701: 
3702: 793,1896
3703: 2844
3704: 2478,411,671,1715,742,303
3705: 1727,2824,19,2559
4788: 2099,3056,328,1082,3736,1048
3707: 
3708: 3525,2106,4408,4774,2934
3709: 3781,1957,304,3202
3710: 3821,4434,3617,914
3711: 3843,4568,4648
3712: 1384,3997,2114,4535,1661
3713: 2018,4772
3714: 
3715: 3102,1604,1459
3716: 309,3429,4160
3717: 
3718: 3889,1530,4053,3386,4674
3719: 3653,1352,1009,3414,2038
3720: 3098,3613,2628
4427: 64,2595,3695
3722: 1752,4339,3083,586
3723: 3827,1441,3785,4161,1496,678
3724: 
3725: 1431,3650,2717,3512,2574,3217
3726: 1717
3727: 3985,3564,1249,1767,1084,190
3728: 493,4531,2070,528,4628
3729: 2675
3730: 
4465: 3431,3338,2648,230
3732: 4330,3874,14,3410,3331
3733: 2336,2761,13,436
3734: 4623,1067,3138,4010
3735: 876,2171,509
3736: 1611,3056,4788,1048,3064
3737: 3888,1405,2820,1139
3738: 3588,2228,3666,714,435,370
3739: 205,3032,1101,2166
3740: 
3741: 1399,4468,2385
3742: 4783,2890,295,543
3743: 928
3744: 2944
3745: 4663,466
3746: 1069,2456,1522,4329
3747: 904,2697,2426,3534,4567
3748: 
3749: 4064,1254
3750: 4093,838,2464,2471,769
3751: 4744,1296,1815,3388
3752: 
3753: 1279,1453,4245,1209,2954
3754: 4270,4616,217,1604
3755: 1063,292,4196,2958,89
3756: 4799,3405,4381
3757: 807
3758: 57,1243,3510,1950
3759: 2034,2842,1450,4739
3760: 2660,4571,3164,1034
3761: 4579
3762: 3133,918,2900
3763: 2366,1976,3682,878
3764: 3921
3765: 2033,680,2798
3766: 4589,4551,2510
3767: 
4727: 4223,1373,71,3986,2128
4768: 1636,3812,3842,125,3626,4741,669
3770: 1531
3771: 2216,3012,2480,4038
3772: 4158,474,3787
3773: 2550
3774: 4204,3579,4572
3775: 2303,4128,2129
3776: 2867
3777: 726,2151,1106,1704
3778: 533,631
3779: 4598,3305,313,3929
3780: 3097,3522,1212,4593
3781: 3709,1957,3173,304,3436
4749: 2718
3783: 
4678: 2545,2970,1277,1293,1230
3785: 3827,1441,3723,1496,4625
3786: 2245,1720,3083,3479
3787: 3061,2450,3772,474,1918
3788: 1822,11,1482,1555
3789: 4460,4509
4742: 4030,889,3269
3791: 1149,2728
3792: 4815,4737
3793: 4312,2853
3794: 1418,3299,4680,2293,2787,1547
4353: 2522,1930
3796: 2704
3797: 2671,585,4335
3798: 3491,3565,3965
3799: 2542,3461,2355,36,1650
3800: 1198,3359
3801: 2075,1410,3294,3310
3802: 3591,2157
3803: 3001,698,4129
3804: 
3805: 522,3517,287,4669
3806: 1779,504,2089,541
3807: 4459,4659,2734,943,1019
3808: 394
3809: 2778,3072,3947
4755: 
3811: 1802,2146,1597
3812: 2792,1636,4768,4713,3626
4489: 804
3814: 4379,2118,1236
3815: 4817,695,2947,3097,2209
3816: 2280,358,3280,4668,2636
3817: 1327,4447,4596
3818: 1315,1099,1453
3819: 4747,4523,2029
3820: 1392,2423,384,4210,1038
3821: 4434,3710,254,3617
3822: 3391,244,2570,1747,874
3823: 
3824: 2610,4697
3825: 3551,1515
3826: 3345,2501,2515,1144,558
3827: 3723,3785,4161,4625
3828: 271,4503,1126
4422: 
3830: 2858,498,978,2419
3831: 4664,515,4753,347
3832: 973,4017,4075,479,2709,2696
3833: 4809,1384,2239,1661
3834: 158,2983,2055
3835: 4203,2057
3836: 1742,2969,3855,2497,135
3837: 218,2663,4304
3838: 1546,82,4503,4791
3839: 155,65,958,1532,710
3840: 
4644: 4067,4429
3842: 1636,4768,3584,2828,1011,125
3843: 3711,1107,2780
3844: 633,1501,3153,1455
3845: 2953,1312,2619,3423,573,3988
3846: 907,2258,1114,2533,2066
3847: 3624,4358
4431: 
3849: 372,1694,4213,620
3850: 2125,1550,817
3851: 283,3385
3852: 1940,4553,3482
3853: 4504,1696,1557
3854: 4308,4230,1917,1230
3855: 2734,943,2497,3836,135,3975
3856: 64
3857: 637,537,2386,4035
3858: 2276
3859: 1255,1573
3860: 2176,2561,2833,2892,1033
4492: 294,1895,4094,3976
3862: 3437,2491
3863: 389,516,3190
3864: 2700,4620
3865: 
3866: 2381
3867: 3371,1446,1876
3868: 
3869: 17,455
4438: 4199,628,4351
3871: 4771,3671,508
3872: 2103,3206,2328,4244
3873: 3553,1103,3191,3500,3465
3874: 4330,3732,14,4173,3331,1041
3875: 1386,1218,1455
3876: 
3877: 2056,1181,4134,3325
3878: 4140,1191,1029,900
3879: 69,4636
3880: 
3881: 1604,971,677,4616
3882: 2416,4705,3993
3883: 3935,962,2672,1840
3884: 4758,1070,4363,2702,490
3885: 3250,442,2300
3886: 4350,2664,289
3887: 3387,4410
3888: 1405,3737,3583
3889: 1530,2347,3718,919
3890: 624,2235,2074
4381: 4341,3756,3405
3892: 2354,2188,2137,4770
3893: 4538,573,1884
3894: 4290,4283,2494
3895: 4273,1047
3896: 4773,4526,2420,4476
3897: 4538,573,1884,108,2871,3636
3898: 4257,709,2061,837,3048,2242
3899: 1418,3299,3214,4559,4239
3900: 
3901: 1810,1658,4092
3902: 3545,3167,4305
3903: 3925,3613
3904: 533,3397
3905: 3050,2833,1324,1765
3906: 4444,4600,907,860
3907: 948,771
3908: 4121,1912,3055,2181
3909: 
4799: 3756,49,1372
4632: 2591,2264,324
3912: 241,7,2557,256
3913: 4335,613,1182
3914: 
3915: 2141,3532,2863
3916: 4631,3552,578,1235,3921,2345
3917: 1549,1675,2530,3236
4756: 992,312
3919: 4034,1320,1848
3920: 
3921: 2345,3764,3916
3922: 3510,4072,707
3923: 1985,2280,2636,1783
4604: 4669,4092,2912,3646
3925: 3903,2554
3926: 2138,2014,193
3927: 2173,326,1831
3928: 4546
3929: 2558,3779,281,3580
3930: 4605,2205,4725,1316,4726,3155
3931: 2473,4250
3932: 1603,4780
4455: 2241,3691,221,239,1679
3934: 2193,4474,230,3255
3935: 3883,1840,1145,316
3936: 968,333,3464
3937: 1197,4419
3938: 1432,4619,2526,278
3939: 2300,2165,2063
3940: 793,2484
3941: 2772,1059,4789,2361
3942: 1073,323,3108,3225
3943: 337,2577,2388
3944: 2376
4785: 4645,3019,2325
3946: 
3947: 3072,3679,3809
3948: 242,1678,4822,4751,4818,1133
3949: 
3950: 1197,4195
3951: 4451,4183,3499,214
3952: 
3953: 4563,2234,1572,1055
3954: 1163
3955: 1970,1967,1276
3956: 3160,1512,821,352,4701
3957: 453,227,823
4796: 3321,810
3959: 2593,2098,708,2842
4532: 3628,648,1299,1253,3419
3961: 70
3962: 725,4280,2922
3963: 2134,764,1784,2854
3964: 4394,1569,4118,297,615
3965: 2602,3798,3565
3966: 2770,166,4637,2306
3967: 
3968: 20,930,2213,1445,22,4596
4657: 4158,474,544
3970: 
3971: 993,1054,1408,2850
3972: 2039,3492,1849
3973: 
3974: 1651
3975: 2734,3855,135
3976: 4024,4492,1170
3977: 49,1632,1518,1316,3405
3978: 42,4415,1224
3979: 9,1906,681,2549
3980: 2262,403,2617,1697
3981: 2422,492,709,2061
3982: 2596,4390,1583,3697
3983: 1406,2611,513
3984: 196,539,1890
3985: 3727,3564,444,1249
3986: 2116,3677,4727,1373
3987: 1011,1458,125,4622
3988: 2275,4197,2871,3845,2619
3989: 4765,3106
4536: 304,1319,2241,1419
4602: 3103,4210,1038,1737
3992: 
3993: 4705,1245,3882
3994: 3631,1876
3995: 
3996: 1992,3547,2989,3555
3997: 1384,3117,569,3712,2910
3998: 518,1630,4754
3999: 1847,3008
4000: 666
4001: 523,592,4776
4002: 1019,3156,1023
4003: 3377,3042,2052,183,1076
4004: 401
4005: 877,4339,1346,2535,4178
4006: 4441,1874,2136,4384
4007: 2550,4356
4008: 592,4352,121,2288
4009: 3325,2208,307
4010: 1266,2004,3138,3734
4716: 3684,2987,450
4012: 262
4013: 
4014: 
4015: 1029
4016: 
4017: 4445,3832,973,4075,479,2683,1678
4018: 
4019: 4496,366,1226,941,4409
4020: 3393,1999,2696,2523
4021: 2643
4022: 2299
4023: 399,3483,3508,2812
4024: 3976,688,4102
4025: 3346,2343
4026: 128,248
4622: 1001,669,3607,3987,125,1765,2649
4028: 1860,2872,4140,2818
4029: 3288
4030: 4742,4190
4031: 3502,4470,3365,1689
4398: 4524,4222,89,3297,4360
4033: 1190,3019,2847
4034: 3919,1852,955,4039
4035: 4400,3857
4036: 402,290,4709,1606,3230
4037: 1382,2847,1190
4038: 1567,3582,3771
4039: 1963,1024,1852,4034
4040: 377
4041: 4096
4697: 3455,3824,2325
4350: 3886,3657,2034,2664
4044: 2415,2318,1138,4769
4045: 4108,3452,3183,3181,674
4046: 
4047: 1663,2546,883,4348
4048: 4274,1888,1141
4049: 3434,1046,3280,1127
4050: 4218,1491,654,1668
4051: 1655,4700,3084
4052: 222,1489
4053: 1530,3289,3718,4229,3242
4054: 2968,3494,2824
4055: 4559,4709,1583,887,2596
4056: 
4057: 1646,175,1043
4058: 2512,969
4059: 879,1050
4060: 1628,2009
4061: 4564,345,3567,4290
4062: 2346,561,3241,4777,3522
4063: 489,1122,4583,223,1068
4064: 269,3388,3749
4065: 75,3473,740,391
4066: 596
4067: 4644,4510,2784
4068: 2182
4069: 4418
4745: 1368,4530,3183,1699,3452,534,1855
4071: 4712,3355,4710,1567,2062,3054
4072: 3922,3510,1448,4587
4073: 1078,2486,2573
4074: 1836,255,1638
4075: 3832,973,4017,4751,2696,2523
4076: 2968,4658,532,1378,2511,2313
4077: 3548,1027
4078: 4576,3500,1770
4079: 414,88,4208
4080: 
4081: 4572
4082: 624
4083: 4660,1982
4084: 3474
4085: 3125,232,4344,2430
4086: 2069,438,2715,4199,628
4087: 2529
4088: 
4687: 1591,2680,938,1756,3493
4090: 3245,3137
4091: 2947,2209
4092: 4604,1658,3901,3646
4093: 838,3750,2464,1757
4094: 1510,4492
4095: 2002,2590,1581,1973
4096: 734,4041
4097: 4317,2243,2307,2248,2472
4098: 4670,447,2719,1727,3494,587
4821: 1918,2746,2450,2442
4705: 1245,3993,3882,2310,4444
4101: 2888,3071,4665,1933
4102: 12,1062,294,4024
4103: 788,3232,964,2017
4104: 3561
4105: 1097,952,4541
4106: 643,547,1659,3687,2488,2609
4107: 4283,2494
4108: 4585,3452,4045,2972
4109: 1907,947
4110: 1599,1949,3413,2493,2773
4111: 4778,756,2676
4112: 1993,1600,1629,904,3095,1016
4113: 
4114: 4483
4115: 4309,3029
4116: 1933,1972,727,1215,357
4117: 
4118: 1569,4312,2853,297,2015,3964
4119: 
4120: 4286,112
4121: 3908,2181,3344,242,4822
4122: 2117,3044,4475,1395
4123: 3048,3490,1617,3410
4124: 4779,1900
4125: 2655,4285,3287,677,2928
4670: 4098,447,2719
4127: 
4128: 3775,2303,3471,2941,931
4129: 168,1839,35,3803,3001
4130: 719,3278,1781,1944,3263,4355
4131: 3486,356,1039
4132: 2162
4133: 2932,1217,4247
4134: 210,1181,3877
4135: 4399,3534,865,4228,4567,2121
4136: 2684,2349,431
4610: 3680,4179,1910,4200
4138: 3300
4139: 219,1928
4140: 2818,4028,2872,3878,1191
4141: 3403,10,2547
4142: 3047,4184,366,941,606
4143: 2465,1643,2218,2822,258
4144: 3066,1388,200,3195,1844
4145: 4168,2894
4146: 1202,584
4147: 692,900,2100,586,580
4148: 3073,1100,963,4721
4149: 3531,1520,2101,3480,1539
4150: 701,568,668,3124,1303
4151: 3160,1216,2571
4152: 2567,2777
4748: 
4154: 4407,3115,1838,4464
4155: 1261,4519,1437,555
4156: 
4157: 4477
4158: 4657,3772,4801,544,2779
4159: 877,4219
4160: 3429,3716,136
4161: 3827,3723,678,3640,1319
4368: 1995,494,3266,3374,816
4163: 18,3044,622,2660,1395,3164
4164: 4706,4177,3593,741
4165: 4686
4634: 1474
4167: 426,1777
4168: 4145
4169: 1979,537,1365,1536
4170: 691,2936
4171: 293
4810: 556,2046,924
4173: 3331,3874,1041,3140
4793: 1854,342,4311,3133
4357: 1706,2210,4243,2044
4775: 3581,2706,3243,212,1487,1751
4177: 4164,3123
4178: 2535,1346,2133,4005,4252
4179: 4610,4200
4180: 3241,1018,4777,3604,2991
4181: 713,1798,67,2111
4182: 2852,3349,4421,1479,4359
4183: 4451,3951,1622
4184: 4142,3047,366,1226,2568
4185: 2062,3233,2758,1841
4473: 1260,1697,4520
4187: 2551,737,954,3220
4188: 2552,1079
4189: 3196,2752
4190: 4305,4030
4191: 
4192: 1494,2035,385,1506
4342: 
4194: 398,2441,4480,2879
4195: 2479,706,3950
4196: 2958,1063,3755
4197: 2275,3988,2619,2336,4291
4198: 3176,3087,2581,4627,1860
4199: 4438,628,4086,639
4200: 3111,4610,4179,1910,2620
4201: 3476,214,3499,1141
4202: 206
4203: 3082,3835
4204: 3774,3579,1809
4472: 
4206: 3275,4379
4207: 2480,2736,3582,4524,3438,198,4640
4208: 4079,4658
4209: 66,1074
4210: 384,1682,3820,1038,3103,4602
4735: 4387,3369
4212: 1393,3372,2908,1069,484
4213: 1694,3849,620
4214: 992,2156,1000
4215: 4625,1476,1496
4600: 907,3906,860,2533,3700
4217: 830,3302,570
4218: 3513,4050,1491,503
4219: 1346,2857,2199,4159,877
4220: 324
4221: 1850,3296,4341
4222: 4391,89,3297,4531,4398,4360
4223: 4727,1373,4560,3547
4224: 4384,3393,2523,2136
4225: 787,919
4706: 4164,741
4227: 2124,2214
4228: 1520,2249,865,4135,2121
4229: 3242,1422,3386,4053
4230: 4308,3854,3068,2970,2644,1230
4231: 1498,1546,4791,3477,331
4232: 1954,2217
4233: 4543,597,3544
4234: 1870,1080,1743
4235: 750,2769
4236: 3541,834
4237: 841,1107,2780,126
4238: 135,2629,1742
4239: 4332,3899,3299,1606,1588
4240: 
4241: 950,3152,2558,4815
4242: 2887,559
4243: 4823,4357,2210,3109,2044
4244: 3313,2014,3206,3872
4245: 1848,977,2954,3753
4246: 4530,3181,880,674,4410,2270
4247: 4133
4248: 
4249: 810
4250: 2473,3931
4251: 337
4252: 677,2133,217,2535,4178
4253: 3073,3375,2429,2830
4415: 3978,4617
4255: 
4256: 2500,3150,4797,551,1152
4257: 709,3898,837,209,2242
4258: 3543,390,726,2851,2408
4259: 1479,2750,1686,3505
4797: 774,385,2503,4256,551
4261: 2846,833,3587
4262: 748,2699,2783,983
4263: 3669,3483,1262,1738,1031,144
4264: 2921
4265: 4504
4266: 
4267: 985,3515,1810,1796
4268: 
4730: 
4270: 3754,1459,1732
4271: 4437,1299,1092,3125
4272: 1919,244,4655
4273: 3895,1580
4274: 3623,4048,3105,1141
4275: 3075
4276: 378,232,1424
4277: 2565,3248,1939,1357
4278: 1849,1837,2319
4279: 2589,4549,2321
4280: 1034,725,1060,3962
4281: 2031,3330,967
4282: 4578,2409,1559
4283: 4107,3894,2494
4284: 1962,1110
4285: 2655,4125,3287,1183,3484
4286: 4120
4287: 
4288: 
4289: 1702,1265,4318,2340,3415
4290: 3894,4061,7
4291: 2336,2761,2391,2275,4197
4396: 3265,1283
4293: 3683,656
4294: 1248
4295: 1153,3056,328
4296: 1001,669,3607,4741,3392,2942,921
4297: 2732,1581,1973
4298: 4315,4736
4679: 4479,3387
4808: 768,2956,736
4301: 4314,3180,2745
4302: 1330,1204
4744: 3751,1296,3212,3150,3388
4304: 2398,2402,2663,3837
4305: 4190,3902
4814: 146
4307: 2046,924,4772,3692
4308: 4230,3854,3068,111,1822,11
4309: 73,3024,4115
4310: 1357,45,273
4311: 1892,4793,3133
4312: 2853,4118,2015,3793
4313: 3584,699,1869,2792
4314: 3180,4301,2745
4315: 4736,4298,2957
4316: 598,3409,4590,843
4317: 4097,2243,2920
4318: 2340,2611,875,4289,4325
4319: 2385,2582
4566: 
4321: 1486,2665
4322: 837,209,1893,3514
4323: 4542,3138,1720,1067
4324: 3281
4325: 150,4318,3135
4523: 3819,3686
4327: 1269
4328: 1147
4329: 550,3746,2456
4330: 3874,3732,1811,1838,1041
4394: 1871,3964,3636
4332: 4239,263,2787,3299,1588
4333: 2632,2515,2623,3047,1582,3158
4334: 1112,1780
4335: 3913,585,3797,613,626
4336: 