0: 660,734,3241,4610,839,4821
4324: 1682
2: 
3: 1420
4: 1261,3851,2388
3692: 2993,3466,3455,1572,3560
6: 2530
7: 4287
8: 
9: 3796,3691,2233,871,3977
10: 610,750,2826
11: 4317,3026,3313
12: 801,1555,3370,917
13: 1103
14: 4311,3690,4170
15: 3857,2271,3652,2394
16: 2706,4795
17: 1192
18: 865,4542,1885
19: 2436,592
3685: 3155,2477,3102,4391
4820: 1585,121,4658,3664,1137
22: 4822,3455,1693
23: 201,1179,572
24: 866
25: 4801,437
26: 383,965,422,648,872
4624: 460,509
4800: 3661,2628,3956,2282,3006
3923: 730,818,1622
30: 1179,3213,3520
31: 2464,3392,4330,2422
32: 2792,1310
33: 3776,1045
4767: 1320,3563,2782,227,2949,1077,324
4097: 2666,1427,552,2146
36: 3189,3716
37: 3928
38: 3636,2250
39: 1817,4431
3979: 3209,1958,1629,4637,4787
41: 4787,3884,1548
42: 3762
43: 318,2240
44: 4262
45: 1944,1443,2580,2208
3875: 639,2715,4559
4592: 2463
48: 890,2917,4772
49: 4149,3408,1520,2769
50: 
51: 4563
4591: 725,4024,2697,200
53: 2500,1503,3436,3071
4341: 2440,2119,2121,923,1632
3777: 2199,2599,769,2168,4140
56: 3662,2058
57: 143,3443,3758
58: 3609,1476,1482,2477,4551,3155
59: 
60: 1462,4251,3168,4781
61: 4802
62: 3167,175
4773: 2078,2216,1567,2484,3827,3709,2496,1174,1844,1031,3508
64: 4234
65: 453,540,3209
66: 750,2233,3681
67: 350,96
68: 3153
69: 4289,4243,1918
4142: 3063,354,1655,3803,4788
71: 3497,1674,4685,2340
4380: 2110,228
73: 4658,3389,981
74: 
75: 2346,1440
76: 3351,2280,3712
4213: 3300,3258,1153
4721: 2641,4241
79: 3312,3716
3806: 3055,4075,2181,4271
4609: 2616,2047,1114,527
82: 2977,4777,1235,3345
83: 408,4424
84: 2092
85: 1795,4154,2207
86: 2545,1078,3811
87: 4347
88: 3802,414,1533
89: 4531
90: 293,4699,2260
4709: 
92: 3187,4809,2768
93: 3995,1913
94: 3641,899
95: 1013,3010,2377
96: 67
4640: 
3718: 2112,2029,951
99: 931,3577,1145,3881
100: 1838,4384,2337
101: 2817,4109,1526
4468: 
103: 782
104: 850
4017: 1732,1957,2303,1747,1649,962,1524
106: 1353
3797: 
108: 3763,581
109: 164,4348
110: 1060,2562,3083,2908
111: 3492
112: 1108
113: 
114: 
115: 1345
116: 4400
117: 266,3869
118: 
119: 
120: 4572
121: 1585,4820,3686
122: 2904,4396
123: 4635,3210,3305
4365: 1614
4087: 
3734: 4256,4101
4788: 4142,1655,694,1660,2758,4184,2515,4777
128: 4413,2402
129: 
130: 4275
4811: 2716,2345,2404,505,1825,2149
132: 416
4280: 1594,1871,615
134: 2589,3472,3144,3478,679
135: 2528,4377,931,3577
3849: 2038,3280,1201
4108: 867
138: 
3698: 2093,2798
4095: 1066,1232
141: 4179,4579,4114
4661: 4615,2648,230
143: 57,3443,3377,4601
144: 860
145: 
146: 4467
147: 873,1815
148: 4795,4157,4310
149: 2924
150: 3186,3687
3657: 494,4332,3259
152: 2537,2703
153: 580,2344,3480
154: 646,1099,1695,3481,2984
3700: 3728,1706,3372
4683: 3299,2734,2293
157: 2049,4766
158: 3059,3871
159: 3403,1520,2769,4792,4215,1372,322
160: 3608,3037,4595
161: 4289,4590,307,2442
4511: 2638,2247
163: 838,4622,4093,978,3817
164: 109,4348
165: 481,242,1382
166: 2961,3963,3532
3962: 4219
168: 443,4084,4765
169: 3835
170: 802,4656,1351
171: 
172: 471,3998
173: 484,2024,1840,3754
3762: 42,4645,4555
175: 62,4030
3818: 1494
4206: 
178: 
179: 2358
180: 
4013: 1098,485
182: 1548,1410,513
3951: 2459,4750
184: 3034
185: 2894
186: 1152,4790,3518
4776: 2409,4772,4713,4613,2110,2050,2890,3316,1033
188: 3280,968,304,3253
4684: 4732
190: 1849
191: 
192: 2795
193: 
194: 1178
195: 2974,1487,1998
196: 786
4012: 
4107: 966
4044: 4792
200: 3794,4591,2697
201: 23,4420,4594,572
202: 873,2030,448,1876
3788: 3792,2159,3543
3741: 3563,3837,2782
205: 4170,4796
206: 3456
4010: 1649,404,1722,1747
208: 2821
209: 3898,2102,1011,4580
210: 3100,1211,1031,1567,3787
211: 
212: 4325,792,265,4775
213: 1925
214: 4201,4388,2084,2025
4651: 4708,3583
4052: 
217: 2419,3087,2004,1218
218: 1812
219: 4083,3367,4242
220: 2993,2900
221: 4221,1616,1819,1651,1510
222: 2317,1605
223: 1540,2176,489,890
224: 3920
4232: 4771,4763
4606: 4682,3474,879
227: 2949,4767,4090,4587
228: 311,4380,799
3840: 2719
230: 1257,1662,4661,1219,2648
231: 
232: 4562,3817,1838,3411
4036: 3230,2715,3315,1019
234: 4765,2315,2620
3785: 3405,1510,3534,1206,2760,1029
236: 560,2883,321,3292,2220
237: 687,964
238: 2429,1129
239: 297,2759,766
240: 3450,3952,4717
241: 895,4271,1685
242: 165,481,4476,837
243: 1683,4780,3256
244: 2117,3603,2319,1034
4512: 3763,414,4058,2366,581
246: 3138,3110,2070,3669,4494
4790: 2198,3518,1448,1152,186,2811,4657,3683
248: 842,4807
249: 
250: 2989
251: 2290
252: 2974,3415,2075
4129: 3064,4801
3697: 4221
255: 3344,2416,4383,872
256: 1973,2847,3593
257: 2592
258: 
3984: 
260: 2557,3625,3544
261: 
262: 778
263: 3543,3792,1044,390
264: 1411,3874,3331
265: 1726,529,4182,4325,212,4775
266: 1857,117
4734: 1201,3508
4256: 3734,3061
269: 1403
270: 2552,2570,3693,1721,3344
3679: 1230,1753
272: 1564,407
273: 
274: 4227
275: 4620,405,803
276: 339,2931,4469
277: 2006,2545
278: 1925,2823,702,3846,586
4654: 374,1107
280: 2097,2852
281: 2988
282: 4534,427
4177: 
284: 3737,4634
285: 1864,2985
286: 3096
287: 
4491: 1373,1139,565,1670
3959: 1241,1860,3465
290: 1346,4733,357,632
4610: 3803,734,3241,0,839
292: 1116,304
293: 90,4370
294: 2280,3710,1647
3920: 224
296: 4000
297: 239,2759,766,732
4582: 4376,3739,3035
299: 4718
300: 2392
301: 3400
4595: 3037,3051,160
303: 1024,2578,2744
304: 3801,292,188,3253
305: 437,3645,3248
306: 
307: 4590,161,568,2442
308: 2486
309: 3032,4322,1445
4805: 1191,4028,3899,3169,1573,3836,954,570,3982,4238
311: 492,228,4810,799,4143
312: 973,4617
313: 2190
4642: 3664,4414
315: 4118,4615,3897
316: 4693,2230,3667,2172
317: 2851,4228,1770
318: 43,2240
319: 3395,2581,2392
4030: 175
321: 2883,236,787,3115,3292
322: 4627,2549,4215,3403,159
323: 817,2698,4368,3285
324: 1006,4767,1466
4123: 2684,1025,3140,1630
326: 3240
327: 441
328: 2690,497
4374: 2377,870,1537
330: 3643
331: 2378,1889
4413: 128,823,2744
333: 
334: 3874,517
3916: 1392,3477,4357
3656: 
337: 4519,3334,1485
338: 729,1704,3044
339: 276,3594,4469,3203
4612: 2992
341: 2386,3382
342: 3605,4816,1135,1681
343: 2068,4603,1641,3164
344: 4490,1606,2887
345: 3993,1190,4486
4486: 579,1509,4189,345
347: 1236,4319
348: 1392,1772
349: 3236,687
350: 67,2142,3647
351: 
352: 1240,652,3974,3901,4799
353: 
354: 3063,4142,3803
355: 665,3414
356: 3172
357: 4733,290
358: 677,1074
359: 1725
360: 2015,3766
361: 
4490: 344,2887,2596
363: 2878,3704,506,3608
364: 4109,1599,2950,1547
365: 4494,3198,1657,4207
366: 2209,396,1404,2987
4384: 3955,100,3512
368: 2029,2830,4522
369: 2936,1760
370: 1314,1981,2443,921
4364: 4797,4039,1799,1963
372: 4266,4777,2966,898
4447: 3584
374: 4654,3352
375: 2889,2918,415
376: 4743,3726
377: 
378: 874,2471,1859
4580: 3115,3292,209,3898,4672
380: 4787,1958,1629,411
381: 1804,4411,3013
382: 4707,4791
383: 26,422,872
384: 2501,4084
385: 4797,1399
386: 1615
387: 964,3342
388: 
389: 
390: 263,2950,4109
391: 879
4605: 4456,953,1476,3155,4586
4403: 2700,3180,847
394: 3375,2448,1538,3843,3282
4267: 4781,2282
396: 2209,366,2716,2345
397: 1494
398: 1930,1021
399: 3754,3669,2070
400: 
401: 4778,1445,756
402: 2108,4725,4533,1084
3853: 
404: 1649,4010,1722
405: 803,275
406: 4720,3146,621
407: 1551,272
408: 83,4424
409: 2387,1304,1336
410: 
411: 3681,1958,4787,380,4209
412: 1056,2156,3569
413: 4268
414: 4058,1533,88,2366,4512
415: 2889,375,1730,2277,4063
416: 132
417: 3794,580,2344
3867: 3493
419: 1860,4548,1712
420: 892,987,3002,4345,3150,4279
4533: 402,1084
422: 383,26,2732,1189
4722: 1097,1806
424: 
425: 1248
426: 2968,2952,436,4778
427: 2230,282,4534
3802: 919,2187,1976,88
429: 632,1346,1879,4589
430: 4204
3907: 3624
432: 589
4713: 4613,4772,4776,2890
434: 
435: 2018,749,3399
436: 2968,426,853,4778
437: 305,2820,4801,25
4233: 2304,505
439: 4813,3821,4769
440: 2432
441: 1407,327
442: 4535,4738
443: 168,4765,4096
444: 726
445: 920,2621,4422
446: 663,4711,1488,2636
447: 3129,1922
448: 202,636,1876
449: 468,1811
3761: 3589,3407
4740: 4093,3139,1609,4329,1180
452: 2309
453: 2831,540,3209,4637,65
4733: 357,290,4439,1227
455: 
456: 3057,769,2199,2125
457: 1399,707,4064,3023,4072,4797
458: 
459: 4655,2403
460: 4624
4665: 3709,2496,1174,3359,4536
4450: 2049,3882,2375
3699: 1050
464: 3179,2000
4451: 4101
466: 2056,2770
467: 1421
468: 449,4037,2181
4262: 44
470: 3208,2081
471: 172,3486
472: 1036
473: 2344
474: 843,3983
475: 3746
476: 3605,1829
4337: 4183
4596: 1600,2941,4655
479: 3288,536,3557
480: 938,4470
481: 165,242
482: 4091,695,3675
483: 4510
484: 173,678,937
485: 4013
3708: 1330
4574: 3328,4149,4112,2151,1206,2857
3728: 3700,4019,1459,1491
489: 2917,3271,223,1540
490: 2478,4611,681
491: 1736,2547
492: 311,1987,4143
493: 1856,677,1532,4616
494: 3657,4332,2361,4163,3095
495: 3250,3637,4417
4510: 483
497: 898,328,2764
498: 2051,975,3830
3690: 4311,810,14,3125
4489: 
501: 1496,1332,640,868
502: 3409,1992
503: 1181,3372
3687: 3996,150
505: 4811,4233
506: 710,2878,363,3608
507: 4258
508: 1682,4529,4429
509: 4624
3709: 2496,4665,1174,4773,2216
511: 4678,4643,726
512: 1664
513: 2878,1548,182
514: 
515: 2153,4003
4079: 2871,4118
517: 4785,334
518: 
519: 523,3145
520: 
521: 3144,4770
522: 3594,2869
523: 519,4414
524: 1865
525: 1002
526: 2498
527: 2370,1114,1042,2420,2616,4609
528: 4567,2426,2851,3807
529: 265,4182,4103,4325
530: 2918,1803,3786
531: 2981,3545,1917
532: 3897,2511
3881: 877,99,3582
534: 2996,4690
535: 2718,3030
536: 1075,2171,479
537: 624
538: 3192
539: 
540: 2831,453,3209,65
3672: 3435,3226
542: 
543: 
544: 2001,3772,1998,893
4410: 
4327: 3622
547: 1212,2210,3780
548: 1898,1726,3409
549: 
550: 1052,2399,3650,2337
551: 2052,4101
552: 4097
553: 4786
554: 
3994: 
556: 4796,4173,1252,2684
557: 
558: 2813,2089,1247
559: 
560: 2883,236,2220
561: 4437,2047
562: 3671,2983,3573,4784,3401
563: 
564: 2709,4074
565: 1670,1373,3571,4491
566: 4521,1155
4653: 2784,4259,3561
568: 3341,307,2442,3064,4801
569: 659,1481
570: 954,4381,2140,4190,4805,3156
571: 
572: 1342,4594,23,201
573: 4670,2355,846,2691
574: 1477,4774
4803: 3428,3152
4093: 4740,1180,4622,163,978
4823: 2522,1737,864,1239,1961
578: 972,2023,1362,4588
579: 4486,1509
580: 153,2344,417
581: 108,4512
4041: 1436,1674,4685
4699: 3999,90
4071: 
585: 926
586: 1721,702,3693,3619,278
3791: 638,1178
588: 4313,4608
589: 432,4681
590: 3202,1348
4397: 
592: 1964,19,886
4466: 3942
594: 4210,1433,1479,1839,948
595: 
596: 4781
597: 1027,1634,2694
4566: 
4770: 4049,1205,4540,4787,521
4383: 872,255
4422: 4379,445
602: 1700,2223
603: 
4552: 2186,1987,1617,2633,2218
4531: 3480,3438,89
3724: 
607: 3124,3649
4514: 634
4572: 120
610: 10,3149,1482,2826
4161: 1116,1067
612: 
613: 3078,2400
614: 3516
615: 1871,4280
616: 2947,2262,4473
617: 
618: 3016,4305
619: 3833,2699,1663
620: 4602
621: 3247,664,406
622: 1068,4789,2355
623: 2177
624: 537
4276: 1967
4222: 1582,3100,3882
4155: 3167,3160,4774
628: 789
629: 
4477: 
631: 
632: 429,1346,290
4679: 
634: 4514,4317
635: 2994
636: 1876,448
637: 1323,3814,1340,3175
638: 3791,2079
639: 3875,4024,2715
640: 1065,1243,501,868
4197: 2691,1378,3886
642: 3815
643: 4301
644: 2085,2634
645: 
646: 154,1099,3943,3481
3776: 33,2418
648: 1276,2416,26,965
4528: 
4301: 643
651: 1804
652: 352,2850,3559
653: 830,3266,1073,2934
654: 1397,3935,1459
3662: 56
656: 
4245: 784
658: 1432,3170
659: 4669,569
660: 2044,0,3241,4821
3995: 1111,93,1913
662: 1497,2720,1624
663: 446,4711,985,923
664: 2257,621,3247
665: 355,1352,3414
666: 1333,731
667: 3216,1317
668: 4286,2488,3416
669: 4394,4810,3032,2037
670: 3715
671: 2589,3472,2751,3307,3663
3855: 2688,1020,723
673: 
674: 4747,2644
4812: 1242,1975,2252,2602,3961
4530: 3778
677: 358,493
678: 2133,484
679: 1622,134,1906,3144
680: 4815,4312,1869
681: 3478,2191,490
682: 2099,2814,4537
4343: 1215,1032,2130,4710
684: 
685: 1562,3484,3794
686: 
687: 237,2840,349
688: 3564,1680
3809: 1831,813,4774
690: 856
691: 741,2951,3625
3898: 209,4580,3912
693: 998
694: 1660,3571,3446,4788
695: 4091,482,1018
4347: 87,2007
4720: 406
698: 
4184: 2515,4777,4788,4619,2977
700: 
4381: 570
702: 3846,278,586
4414: 523,4642
4377: 2528,135,3577
3936: 2342,4801,1433
706: 1308
707: 457,4064,1466,4797
708: 4667,4278,4086
709: 2574,1282,1412
710: 506,1127,2818,3608,3986
4589: 1879,429
4146: 4141,2546
3871: 3059,158
3760: 3601,3290
4669: 1481,659
716: 2855
717: 3943,3930,3187,4809
718: 3233
3720: 1297,3396
4420: 201,4594
721: 3580,3454,4338
722: 3545,1579
723: 1020,3855
724: 3330,3148
725: 1927,2724,4024,4591
726: 444,511,2887,4643
727: 3434,1864,2985,2886
4821: 1144,2520,3241,2044,660,0,3940,839,1303
729: 1704,338,3044
730: 3923,818,2995
731: 666
732: 766,297,4505,4440
733: 1484,4272
734: 3241,4610,0
4554: 4737,1870,2674,2041
736: 2371,3369
737: 1680,1096,836,1875
738: 883
739: 4360
740: 3188,3630,1956,1443
741: 2557,691,4555
742: 935,1184
743: 
3837: 856,3563,3318,3741
3865: 
4357: 1270,2804,3916,3477
3930: 3187,4809,717
748: 2844,1683
749: 435
750: 66,3691,2233,1556,10
4077: 1760,966
752: 2206,4333,2210,2597
753: 1693,4061,4307
754: 3257,2217,1716
3804: 
756: 401
757: 
3873: 2094
759: 
4253: 
761: 
4604: 
3744: 2170,1099,949,2667
764: 
765: 1461,4157,4310
766: 732,239,297
4643: 2600,1606,511,726
768: 
769: 1019,456,2199,3777
3877: 4590
771: 4156
772: 4779
773: 
774: 3653,802,3576
775: 1741,4488
776: 
777: 3529,4671
778: 1451,262
779: 2491
780: 3036
3902: 3353,1822,1606,2600
782: 3711,103
4687: 2474
784: 4245,1852
785: 4488,2510,1985
786: 1124,196
787: 2752,2633,3750,2883,321
788: 4708,3737,2800
789: 628,3259
4340: 2817
791: 4565
792: 4325,2340,212,4775
793: 3787,1031,3508,4106
794: 4565
795: 3772,2746
3896: 2879
4060: 
4502: 4738,1597
799: 4810,311,228
800: 1188,4066
801: 12,4321
802: 4656,3576,170,774
803: 405,275
804: 
805: 4802
806: 1169,1404,1546
807: 4479,2669
808: 2066
809: 2318
810: 3690,3514,3125
4583: 1541,2833,3392,1892
4479: 807
813: 3809,2666
814: 4814
815: 3366,1160
816: 
817: 323,2698,2159
818: 730,3923,1622,3447
4475: 4239,4438,3231,2013
3704: 2878,363
821: 2353,4792,1736,2707
822: 
823: 4315,2722,4413,4498
824: 4802
3716: 3312,1654,36,79
4167: 4152,3489
827: 4431,1754,3864
828: 1776,1233
829: 
830: 653,1073,2485
831: 967
832: 4074
833: 
834: 
835: 
836: 1680,737,3323
837: 242,4577
838: 1765,4622,163,4768
839: 4610,0,1144,4821
840: 4063,2167,2889
841: 4808,4819
842: 248,3862,4807
843: 474,3325,3755
4214: 4706
4050: 2206,4600,1697
846: 2824,1327,573,2691,1378
847: 2700,4403
4716: 1920,3826
849: 
850: 104
851: 1439
852: 3473
853: 2676,1627,2968,436,4778
854: 4435,1219,1662
855: 
856: 3563,3837,690
857: 1454
3681: 411,66
3666: 3123,3228
860: 3158,144
861: 2232
862: 1221
4622: 838,1765,163,1458,4093
864: 1772,4823,2522
865: 3722,18,1616
866: 24,4814
867: 4108
868: 1496,501,640
4433: 
870: 4374,2232
871: 3977,9
872: 4383,255,383,26
873: 147,202,2030,1876
874: 2471,378
875: 2926,2086
876: 1498,4353,3616
877: 3881,3775
878: 2391,2279,3850
879: 4355,4682,4606,391
4022: 3354
881: 
882: 4799,3985
883: 738,1984,2205
4521: 566,1845
4794: 1817
886: 2436,2193,592
3903: 2986
3838: 2720,3104
889: 3222
890: 1455,48,223
891: 1146,1610
892: 987,420,2680,4345,4760
893: 3325,544,2779
3794: 417,200,685
895: 241,4271,2683
896: 1436,3576
4488: 2510,785,953,1985,775,1741
898: 497,372,2966,2764
899: 94
900: 2168
3948: 1083,3906,1162
4816: 2027,2469,1101,1135,3605,342
4264: 
904: 2034,3807
4663: 2207,2258
4808: 841,4819,2521
3737: 284,4708,788
4671: 2295,2273,777
909: 
3926: 
911: 4703,4532,2813
912: 2153,4003,1515
913: 2547
914: 3816
915: 4399,4586
916: 3964,2213,2773,4815
917: 3225,3370,2090,12
4295: 
919: 2187,3802,1976
920: 445,2621
921: 2443,2464,4806,370
922: 3379,2175,4497
923: 4341,985,663
4678: 511
3931: 2989,3937
926: 3909,585
4636: 3513,1260,1827,3780
4088: 
929: 1598,3296
930: 3845,4270,1106,1539
931: 99,3577,1145,135
4544: 1375
933: 1556,1449,4439
934: 
935: 742,1184,1332
4064: 1506,3023,457,707,4072
937: 1840,1841,484
938: 480
939: 3044
940: 1846
4104: 
4163: 3822,494,3095
943: 2485,4332,2361
944: 
945: 1566,1707
946: 
947: 2646
948: 1839,594,1479
949: 3458,2984,1099,3744,2944
3793: 3153,3289,3112,3968,3308
951: 2737,2112,3718
952: 4761
953: 4456,4605,4488,2510
954: 570,4805
955: 4498,2751
956: 4549,1046,3665
4656: 802,170
958: 3476
3942: 4466
960: 1056,3569
961: 4693
962: 1649,4017
963: 2042,1605
964: 1690,237,387
965: 26,648,1836
966: 4107,4077
967: 831,2343
968: 2038,3280,188,2480
969: 
970: 4056
4321: 3299,984,801,1555
972: 1889,4764,2023,4588,578
973: 312,2683
4607: 2300,1514
975: 2659,1919,3267,498
976: 2055
977: 
978: 3500,3817,4093,163
979: 3860,1540,1878
4714: 3336,2807
981: 73,1705
982: 1478
4062: 2215,1827
984: 4321,3299
985: 923,663,4711
986: 
987: 892,3002,420,4760,1519
988: 
4550: 
4150: 3180
4501: 1179,2085,2505
992: 
993: 3085,4248
4809: 92,3187,3930,2009,3943,717,3537
4007: 2840,2575,1076,2721
996: 4818,2378
997: 2740
998: 2291,693
4438: 4680,2120,2013,4475
1000: 2096,1865
1001: 3312
1002: 525
4525: 4201
3883: 4219
3864: 827,3633
1006: 324,1077
1007: 3597,4075
1008: 4428,2528,1638
4209: 1410,411,4787
3836: 1573,2629,3169,1228,4805
1011: 3115,2102,4404,209
1012: 1419,2868
1013: 95
1014: 
1015: 1959,3732,3019
1016: 3173,4616,1405
1017: 2064
1018: 695
1019: 2599,4036,3315,769
1020: 1293,723,3855
1021: 398,1930,1155
1022: 1198,2350,4252
1023: 4548,1712
1024: 2578,303,2744,2402
1025: 1252,4123,2847,4376,3739
1026: 2754,1756,4031,1963,1197,3919
1027: 597,1634
1028: 3476
1029: 2760,3785,3534,3975
1030: 2433,2095
1031: 1844,3508,4773,1567,3787,793,210
1032: 2617,4343,1215,4710
1033: 3316,4776
1034: 2319,244
1035: 2376
1036: 472
1037: 
4602: 620,2930
1039: 1350
1040: 4339
1041: 1973
1042: 2370,1114,527,2982
1043: 1984,3941,2205,1596
1044: 2817,3792,263
1045: 2714,1911,33
1046: 956,2888,3922,4524
1047: 
1048: 3345,1560,1270
4109: 364,101,390,1526
1050: 3699,3473
4207: 4323,365,1397
1052: 2399,550,2574,2980
4487: 1444,3327
1054: 
3833: 1663,619,1512
1056: 412,960,3622
4641: 1338
3819: 4815,2871
4290: 4692
1060: 110,2562,3227
1061: 3835,3270
1062: 3985,4799
4313: 588,4608,2098,2613
1064: 1597,1146,2507,4541,3360
1065: 1243,640,2704,1429
1066: 4095
1067: 3359,4536,4360,4161,3801,2497
1068: 622,4789
1069: 3674,1079,4344
1070: 3613,3663
1071: 
4704: 
1073: 1588,830,653
1074: 4285,358
1075: 536,3406
1076: 2721,3950,2727,2575,4007
1077: 1320,4767,1006
1078: 2545,2837,2897,86
1079: 1069,4344
4748: 
1081: 
1082: 
1083: 3906,4804,3948
1084: 3899,4533,2108,402
4454: 1359,3215
4311: 2900,3690,14
3739: 4376,4582,1252,1025,2506
1088: 
1089: 
4408: 
1091: 4158,3294,3051,1862
1092: 4131,1133
1093: 3514
1094: 
4350: 1176,2336
1096: 737,2155,1875
1097: 1806,4722
1098: 4013
1099: 646,154,3744,949
1100: 3352
1101: 1333,4816,2027
1102: 3752
1103: 1803,2664,13
1104: 
4444: 3172
1106: 3845,930,3315,1539
1107: 4654,2059
1108: 3834,1242,112
3803: 4610,354,4142
1110: 2852,3059,1896
1111: 3995
1112: 
4673: 3934
1114: 1042,527,4609,3639
1115: 2066,4503
1116: 292,4161
1117: 1279,1197,2028,3135,2979
4223: 4560,2926
1119: 2456,1638
4590: 307,3877,161
1121: 4302
1122: 
3811: 2545,86
1124: 786
1125: 
1126: 2960
1127: 710,2818,3251
3719: 2271,2363
1129: 238
1130: 
1131: 
4796: 4173,205,4170,556,3588
1133: 4131,1092
1134: 1562,1136,2760,2724,3252
1135: 2469,4816,342,1681
1136: 1562,3484,1134,3252
1137: 4820,3400,2147
3876: 3729,1858,2844
1139: 3064,4462,1373,4491
1140: 
3801: 304,1067,4536,3253
4782: 2010,2801,3648
1143: 
1144: 4821,2520,839
1145: 99,931
1146: 1064,4541,1610,891
1147: 3293
4692: 4290,4614
1149: 3927
1150: 1863,4218
4818: 996,2378
1152: 2708,4790,3518,186
1153: 4213,3258,2501
1154: 4779,1298
1155: 3764,566,1021
4333: 752,2210,4499
4506: 2843
1158: 
4551: 2477,3102,3251,3609,58,1783
1160: 3925,815,3542
4495: 
1162: 4452,3948
1163: 4631
1164: 3543,4368
1165: 2284,2277
3955: 2696,4384,1919
1167: 3185,4690,2903,1771
4615: 2068,4661,315
1169: 806,1825,2209,1404
1170: 3231,4239,3530
4484: 3034
4597: 3551,1545
3773: 
1174: 3709,2496,4665,3359,4536,3827,4773
1175: 3997,2362,3088
1176: 4350
1177: 
1178: 3791,194
1179: 2085,4501,23,30
1180: 1757,3139,4093,4740
1181: 503,4600
1182: 1966
4132: 
1184: 1775,935,742
4014: 2518
4130: 3416,2829,3449,2062
4400: 116
1188: 800,1462
1189: 422,2732
1190: 1411,345
1191: 4805,4028,4680,3982,3722,2970
1192: 17
1193: 4747,2247,3799,4008,3181
1194: 
4393: 
4185: 4085,2089
1197: 1279,1117,4031,1026,2028
1198: 2350,3284,4628,4252,1022
1199: 1407,2810,1724
4229: 2512,4392
1201: 2298,4734,2038,3849,2080
1202: 4151,2174
4424: 83,408
1204: 1486,1230,1753,4774
1205: 4770,4049,1629,4540,4787
1206: 2857,3405,3785,4574,2760
4439: 933,4733,3149,1227
1208: 
1209: 2899,2134
1210: 2992
1211: 210,3100,3358,4766
1212: 547,1861,3940
1213: 3627
1214: 
1215: 4343,4243,1974,1032,3533
3895: 
1217: 1511
1218: 2229,217,2004
1219: 4783,854,230
3844: 
1221: 1426,862
4539: 4287,4164
1223: 2116,2035,3042,1731
1224: 4806,1253
3950: 1076,2727,4795,2043
1226: 4764,1400,3229
1227: 3149,4733,4439
1228: 2243,3836,3982
4681: 3729,589
1230: 3679,1753,1204
4613: 4713,4772,4776,2050,2890
1232: 4095,1946
1233: 828
4391: 1604,1769,4116,3102,3685
1235: 3345,3649,4777,82
1236: 347,4319,2662
1237: 
1238: 2609
1239: 4218,4823,4373,2373
1240: 352,3974,3901,4799
1241: 3530,3959,3465
1242: 3834,1108,1975,4812
1243: 1065,640,2704
1244: 
1245: 3906
1246: 3501
1247: 4703,2813,558
1248: 425
1249: 2600,4728,2293,3617,2543
1250: 
4672: 3567,3292,4580
1252: 2684,1025,556,2506,3739
1253: 3894,1314,1224
1254: 2708
3887: 4312,2366,1312,1869,2657
1256: 3998
1257: 3812,4076,230,2648,1500
1258: 2867
1259: 
1260: 2210,4499,3158,4636,3513
1261: 4,2388,2000
1262: 3063,1655
4685: 1674,71,4041
1264: 
1265: 3758,1862,3294,3105
1266: 3888,3667,2172,2298
3997: 1175,1598,3088,2831
1268: 2373,4259,4373
1269: 2683,1999
1270: 4357,1048,3106
4234: 64
1272: 4416
1273: 3789,1652
3727: 3101,4094
4362: 3101,2981,1743,4094,2138
1276: 2416,648,2523,1432,4576
1277: 2850,2045,4308,1945
1278: 
1279: 1117,1197,3135
3835: 1061,169
1281: 3389,3686
1282: 3411,3335,1412,2399,709
1283: 2188
3653: 774,2841,3576,3232
3786: 2918,530
1286: 
1287: 2103,4083
1288: 2154,1384
4693: 3644,316,961
1290: 2406,2323
1291: 4507,1777,2719
1292: 2604,2069
1293: 1020
1294: 4139,1870,2674
1295: 2224,1425,3412
1296: 2145,3098,4797
1297: 3720,3396
1298: 1154,4779
4203: 
4040: 
1301: 3540
4431: 2509,1754,827,39
1303: 1968,4821
1304: 2387,409,1336
1305: 
1306: 2502,4706,2936
4505: 2100,2072,732,4440
1308: 706
1309: 
1310: 2110,32
4359: 2086,4646
1312: 4312,3887,1608
4066: 800
1314: 370,1981,3894,1253
3906: 1083,1245,3948
3996: 3687,2631
1317: 3000,667
1318: 1928
4179: 141
1320: 4767,1077
4160: 1369,2349
4725: 2108,402,2393
1323: 3814,637
4293: 3107,3077
4620: 275,2326
1326: 1957
1327: 2824,846,1699
4182: 1726,265,529,1898
1329: 1774
1330: 3708,2257
1331: 
1332: 1496,2362,501,935
1333: 666,1101
1334: 1359
1335: 
1336: 1304,409
4171: 
1338: 1360,4641
4815: 4474,3819,2871,680,916,2213
1340: 2517,3175,637
4657: 3683,2084,4790,2811
1342: 572,3213,2487,2018,3399
4658: 73,4820
1344: 1416
1345: 115
1346: 290,2872,632,429
1347: 
1348: 590,2825
3755: 3325,843
1350: 1039
1351: 1674,170,1436
1352: 2145,4039,665
1353: 4396,106
1354: 2858
1355: 1356,3511
1356: 1355,2482,1420
1357: 1586,4284,2433
4404: 3750,4143,4810,4394,2102,1011
1359: 4454,1334
1360: 1338,1701
1361: 2798
1362: 2023,1926,578
3830: 2051,498
1364: 2743,4507
1365: 4430
4712: 2991,1392
4694: 2916,3637,2571
4210: 594,1433,1479,4537
1369: 4160
1370: 4392,2039,4045
1371: 4034,4508,3207,3463
1372: 4792,4215,3408,159,2769
1373: 4462,1139,3736,565,4491
4154: 1795,85,2483
1375: 4544,4038
4644: 
4523: 
1378: 2691,4197,2824,846,3964,3886
1379: 
1380: 3530
4804: 3600,1083
1382: 4577,165,1938
1383: 
1384: 4304,2452,1642,1288,2154
1385: 3915,1403
1386: 2655,4559
1387: 3415
3684: 4798,3519,4503
3747: 3310,4628
1390: 2262
1391: 3236,2479,1640
1392: 3916,4712,348
1393: 
1394: 3120,2588
1395: 2670
4415: 4033
1397: 654,4323,4207,2566
1398: 2200,4741,4768,3626
1399: 457,4072,385,4797
1400: 4569,1226,4764
3949: 
1402: 1635,2590
1403: 1385,269
1404: 2209,366,806,1169
1405: 4455,3173,1016
1406: 3917
1407: 1199,4001,441
4106: 1528,793
4092: 3272,2239,3220,2861
1410: 4209,182
1411: 264,1190
1412: 3014,2892,3335,1282,709
4603: 1814,1641,3164,343
4723: 2750,1877,2130,2839
4329: 1609,1636,1458,4291,4740
1416: 1344,2385,3182
1417: 2407,2538,1623,1452
4114: 4579,4791,141
1419: 2868,1012,2133
1420: 3,1356
1421: 467
3812: 1257,4076,1662,2187,1976
1423: 2986
1424: 4037,4754
1425: 2224,1295,2756,1842,1647
1426: 1625,1221
1427: 4097,2666,2146,1514
1428: 
1429: 2910,2667,1618,1065,2704
4074: 832,1859,564
4055: 4786
1432: 4576,4344,1276,2523,658
1433: 4210,594,2342,3936
1434: 1678,2732,2709
1435: 
1436: 896,1674,1351,4041
4072: 4064,3023,457,1399
4763: 4232,1954,3900
1439: 4465,851
1440: 3056,75,4266
1441: 
4680: 4438,3982,1191,2970
1443: 2580,3630,740,45
1444: 4487
1445: 401,4778,2200,309
1446: 3015
4279: 1448,3150,3002,420
1448: 4279,3002,4790,3518
1449: 3403,933
1450: 4208,4122,3130,4667,2250
1451: 778,2848,3015
1452: 3452,2603,2538,1417
1453: 
1454: 857
1455: 890
1456: 
4706: 1306,4214
1458: 4291,4329,1765,4622
1459: 4019,654,1706,3728
1460: 
1461: 2225,4157,765,4795,2630
1462: 60,1188
4278: 708,4086,4789,3485,3553
4373: 2784,1239,4218,1268,4259
4339: 1040
1466: 3098,324,707
4325: 792,212,4103,265,529,4775
1468: 3215,1586
3667: 316,2230,2080,1266,2298
1470: 
4628: 1198,3747
3675: 4091,482,2723,4520,4798
1473: 
1474: 2804,2520,1560
1475: 2100
1476: 58,1482,4456,4605,3155
1477: 3028,574,4774
1478: 4033,1915,982
1479: 4210,594,948,1513
4425: 
1481: 4669,569
1482: 58,1476,2826,610
4469: 3203,339,276
1484: 733,3267,3674
1485: 337,2738
1486: 1204
1487: 2148,195
1488: 1632,446
1489: 2274
4619: 4496,4184
1491: 4703,3728
1492: 2647,4561
1493: 2865
1494: 397,3818
3863: 
1496: 2362,1332,501,3088,868
1497: 662,2214
1498: 4353,3103,876
1499: 3733,4772,2409
1500: 1257,4076
1501: 1819,1651,3534,1677
1502: 
1503: 53,2500,3071
4297: 4437
4049: 4770,2335,1205
1506: 3023,4587,4064
4411: 381,3013
1508: 
1509: 4486,579,4189,2002
1510: 3405,2151,3785,4221,221,1651
1511: 1217
1512: 4649,3833
1513: 1479
1514: 2458,1427,2146,4607
1515: 912,4003,4560,4119
4430: 2582,1365
4083: 219,1287
4258: 507,2175,4789
1519: 2582,987
1520: 3403,159,2769,49
1521: 1983
1522: 1965,1882,3846,2736
1523: 
1524: 3938,1732,4017
1525: 
1526: 2270,1837,101,4109
4294: 
1528: 4106
4537: 4210,682
3860: 979,2157,1878
1531: 2195,4784,4355
1532: 2959,493
1533: 414,1727,2669,88
4156: 3394,3263,771
1535: 3929,4737
1536: 
1537: 2232,4374
1538: 3843,394
1539: 3057,930,1106
1540: 223,979,489
1541: 4583,3392,4282
1542: 4689
1543: 
1544: 4781
1545: 1939,4597,2012
1546: 2214,3540,806
1547: 4427,1599,364
1548: 182,41,2995,513
3974: 352,1240,3559,3756
3850: 4086,2511,2391,878
1551: 407,1733
4105: 1928
4611: 490
1554: 4302
1555: 12,4321,4728,1822
1556: 933,3796,3691,750
1557: 
1558: 2022
1559: 2968
1560: 2977,4496,1474,1048
1561: 
1562: 3484,1136,685,1134
1563: 4235,1879,1780,2306
1564: 272,3954
4766: 3100,1211,3882,157
1566: 1707,945,2801
1567: 4773,2078,1031,210
1568: 
4282: 4322,1541
1570: 2619,4445,2627
4503: 3684,3519,1115
1572: 3560,3692,3466
1573: 3836,2629,2787,3899,3169,4805
4534: 282,3879,3644,427
4474: 4815,2279,1699
1576: 3580
1577: 4125,1657,1732,2455
1578: 2423,2930,4765,2315
1579: 722,2211,2595
1580: 
4536: 1067,3359,3801,3827,4665,1174
1582: 4222,3618,3640
1583: 
4542: 2013,1885,18,2034
1585: 121,4820,3676,3686
1586: 1357,3215,1468
1587: 2430
1588: 2969,1073,3353,1606
4741: 3303,4778,1398,2200
4363: 4315
4307: 753,3978
1592: 
1593: 3348
1594: 4280
4344: 1432,4576,1079,1069,2570
1596: 1984,1043,4057
1597: 1064,4502
1598: 929,3296,3997
1599: 2950,364,4416,1547
1600: 4596
1601: 
1602: 2526,2879
1603: 2014
1604: 1769,4116,4391,2818
1605: 963,222
1606: 3353,3902,1588,4643,344
1607: 4054,2559,3972
1608: 1312
1609: 4329,1636,2953,4740
1610: 1633,4541,1146,891
1611: 
1612: 
1613: 1748,1620
1614: 4365
1615: 386
1616: 221,865,1819
1617: 4552,2218
1618: 2021,2944,1429,2704
4762: 
1620: 1613,3983
4136: 3544
1622: 679,3447,1906,3923,818
1623: 2603,1417
1624: 2987,662
1625: 1426
1626: 4500
1627: 853,2676
1628: 3168
1629: 1958,3979,1205,4787,380
1630: 2610,3140,4123
4446: 
1632: 1488,4341
1633: 1610
1634: 1027,597,2694
1635: 1402,2590
1636: 1609,4329,4291
1637: 2690,2411,2488
1638: 1722,1008,1119
1639: 3857
1640: 2479,1391
1641: 4603,4783,343,2068
1642: 4304,1384
1643: 2218,2338
1644: 
1645: 
1646: 1831
1647: 1842,294,2280,3710,1425,2756
4134: 4023,3358
1649: 962,4010,404,1747,4017
1650: 3129,2147
1651: 1819,1501,4221,221,1510,3534
1652: 1273,3789
4029: 
1654: 3716
1655: 1262,3063,4142,4788
4584: 2272,4806,4020
1657: 1577,365
1658: 
1659: 3828,1880,2632
1660: 694,3571,1670,4788,2758,2346
1661: 
1662: 3812,230,854,2187
1663: 3833,2699,1875,619,3323
1664: 512
1665: 
1666: 3245,2742
4416: 1272,1599
4793: 3738,2397
1669: 3257,2217
1670: 565,1660,3571,4491
1671: 2222
3766: 2319,360
1673: 
1674: 1351,71,1436,4041,4685
1675: 2118
1676: 4735,4780
1677: 3534,3975,1501,4567,2426
1678: 2732,1836,2709,1434
3845: 930,3315,4270,1106,3230
1680: 737,688,2647,836
1681: 2902,1829,1135,342
1682: 508,4324
1683: 243,748,3256
3832: 4785,4188
1685: 241
3826: 4716
4025: 4220,3371
4274: 3556,1833
1689: 2008
1690: 964,3635
1691: 3520,2372
1692: 
1693: 753,3455,22
3822: 4163
1695: 3481,154,3925,2984
1696: 
1697: 2206,4050
4273: 
1699: 2824,1327,2279,4474,2773
1700: 602,2223
1701: 1360
1702: 3107
1703: 
1704: 729,338
1705: 981
1706: 3372,1459,3700
1707: 1566,945,1725
1708: 3422,1774
1709: 
3696: 
4567: 528,2426,1677,3975
1712: 4548,419,1860,1023
3693: 2256,3619,270,1721,586
4575: 
1715: 3361
1716: 2217,754
1717: 
4664: 3322
1719: 
1720: 
1721: 586,3693,270,3344
1722: 1638,4010,404
1723: 2087
1724: 2810,1199
1725: 2846,1707,359
1726: 265,4182,548,1898,1992,3409
1727: 4058,1533,2669,2737
1728: 
1729: 4124,4436,2621,2299
1730: 2277,415,4063
1731: 3042,2116,1223
1732: 1957,4017,1524,1577,2455
1733: 1551,1789
1734: 3400,2147,4578
1735: 3288,2673
1736: 821,2353,4792,491,2547,4627
1737: 4823,2522,3589,1961
1738: 2928,3310,2127,3715
1739: 3550
1740: 2859,4750
1741: 775,4488,4586
1742: 3351,2514,1914,3020
1743: 3367,3856,4242,4362,2138
4417: 2916,3637,3250,495
1745: 2786
1746: 
1747: 2303,1649,4010,4017
1748: 1613,2374
4677: 2986
4091: 482,695,3675,4520
4080: 2141
3661: 4800,3006
1753: 3679,1230,1204,3028
1754: 4431,2509,3394,827
1755: 
1756: 2754,2807,1026,3919
1757: 2627,1180,2019
4310: 3551,148,4157,765
1759: 
1760: 2936,369,4077
1761: 
1762: 4005,2015
4429: 2620,4529,508
1764: 3338
1765: 838,4622,1458
1766: 3748
1767: 3200,2734,3617
1768: 
1769: 1604,4116,4391
1770: 3230,2715,317,4228
1771: 3185,1167
1772: 864,348
4065: 2095,4646,4284
1774: 1329,3422,1708
1775: 1184,2170,2910
1776: 828
1777: 4507,1291,2719
1778: 3999
1779: 3500
1780: 2306,3484,1563
1781: 
3676: 1585
1783: 3609,4551
1784: 2565
4587: 227,4090,1506
4817: 2129,2736,2823
3934: 4673,1907
3967: 
1789: 3989,1733
1790: 3521,3192,2848
1791: 4124
3998: 3486,1256,172
1793: 1850
1794: 2056,2172
1795: 85,4154,2077
4797: 4364,385,3098,457,1399,707,4039,1296
4492: 
4178: 3191
1799: 4039,4364
1800: 
1801: 4689
1802: 3285,2485
1803: 530,1103,2284
1804: 651,381
4016: 
1806: 1097,4722
1807: 
4635: 4724,2903,123,3305
4183: 4337,4048
1810: 3203
1811: 449
1812: 218
4578: 4309,1734
1814: 4603,1995
1815: 3182,147
3752: 1102
1817: 39,2509,4794
4309: 4578,3733
1819: 1651,1501,1616,221
1820: 
1821: 2425
1822: 3353,3902,1555,2600,4728
4038: 3715,1375
4569: 1400
1825: 1169,2209,4811,2345
1826: 4387,2300
1827: 2215,4062,3780,4636,4700
1828: 3620,4614
1829: 2902,1681,476
1830: 
1831: 3809,1646,4774
3796: 3691,9,2549,1556
1833: 4274
1834: 
1835: 2659,2051,3512,3650,4573
1836: 1678,2732,2471,965
1837: 2270,1526,3591
1838: 100,232,3411,2337
1839: 594,948
1840: 2303,937,173
1841: 3178,2990,937
1842: 1647,3712,1425
4288: 2614
1844: 1031,3508,2484,4773
1845: 2149,4521
1846: 940
1847: 
1848: 3318,2537
1849: 190
1850: 1793,2119,2121
3733: 1499,4309,2409
1852: 3137,784
4768: 2892,3626,838,1398,4562,2330
3868: 2791
3899: 1084,3169,2108,2787,1573,4805
1856: 493,4616
1857: 266,3360
1858: 2307,3876
1859: 4188,378,4074
1860: 419,3465,3959,1712
1861: 2044,2597,1212,3940
1862: 3758,1265,3294,1091,4158
1863: 1150,4218
1864: 3434,727,285
1865: 1000,524
4760: 2680,892,987
4698: 2455,2922,1912
1868: 
1869: 680,4312,3887,2336
1870: 2714,4554,1294,2674
1871: 4280,615
1872: 
1873: 2263,2176
1874: 4272,3170
1875: 2699,1663,737,1096,3068
1876: 636,873,202,2030,448
1877: 2750,1918,4723
1878: 2176,2157,3860,979
1879: 2872,4589,429,1563
1880: 3536,1659,2632
4779: 1154,1298,3162,2598,772
1882: 2100,2072,1522,1965
4366: 4717
1884: 2613,4670,3603
1885: 4542,2013,18,2970
4586: 4605,915,1741
4445: 2953,3139,1570,2619
1888: 3297
1889: 972,331
4048: 4183
4305: 2138,618
1892: 2037,4583,2833
1893: 4051,2077
3983: 474,1620
1895: 1917,3269,4535
1896: 3401,3059,4784,1110
4786: 553,4055
1898: 548,1726,4182
1899: 4460
4259: 1268,4653,2784,4373
1901: 
4332: 494,3657,2361,943,2596
4120: 2843,2555
3834: 1108,1242
4085: 4185,2089
1906: 3144,2369,3136,679,1622
1907: 3934,2882
3758: 1265,1862,3105,4158,57
1909: 
3963: 2859,2961,166,3532
1911: 2177,1045
1912: 4019,2865,4125,4698,3935
1913: 2925,3995,93
1914: 4701,3020,1742
1915: 3244,1478,4033
4735: 4780,2665,1676
1917: 1895,3269,531
1918: 1877,69,4289,3736
1919: 3267,3955,2659,975
1920: 4716,3616
4056: 970
1922: 3889,3129,447
1923: 2182
3927: 1149
1925: 278,213,2089
1926: 1362
1927: 725,2724,4024
1928: 1318,4105
1929: 3076
1930: 398,1021
4387: 1826,2006
4494: 3198,365,3669,246,3138
3884: 2995,2369,3136,4540,4787,41
1934: 2332
3715: 670,1738,4038
1936: 
1937: 
1938: 1382
1939: 1545,2012
1940: 3965
4548: 1712,419,1023,4270
1942: 3944
3722: 865,2970,1191,4028,4238
1944: 45,2580,4771
1945: 1277,2601
1946: 1232,2304,3062
4690: 3185,1167,534,2039
3740: 
1949: 
3987: 4189,3993,3393,2136
1951: 
1952: 2009
1953: 
1954: 4763,3900
4086: 3850,708,4278,2391,3553
1956: 3188,740
1957: 1732,1326,4017,2303
1958: 3209,1629,3979,411,4787,380
1959: 1015
4143: 3750,4404,4810,492,311
1961: 3589,4823,1737,2373
3879: 4534,3202
1963: 4364,2754,1026
1964: 592,3029
1965: 1522,1882,2072,3846
1966: 1182
1967: 2204,4276
1968: 1303,3828
4117: 
1970: 2403
1971: 2881,2290
4112: 4149,4574,2151
1973: 2847,256,1041
1974: 3533,1215
1975: 1242,4812
1976: 3812,4076,919,2187,3802
4637: 3209,3979,453
3956: 2628,4800
4427: 1547,2270,2965
4190: 2140,570,2224,2756,3156
1981: 1314,370,3461
1982: 2098,2613,3603
1983: 3580,1521
1984: 1043,2205,2775,883,1596
1985: 3438,785,4235,4488
3939: 3869
1987: 4552,2186,492
1988: 
4520: 2723,4091,3675
1990: 4285,1993
1991: 
1992: 1726,3409,502
1993: 3499,4285,1990
1994: 3105,2203
1995: 1814,4648,4783
3814: 1323,637,3175
4743: 376,3726
1998: 544,3772,195
1999: 4564,1269,4463
2000: 2388,464,1261
2001: 544
2002: 1509
3754: 399,173
2004: 2350,3284,217,1218
4660: 2601,2393
2006: 4387,277
2007: 4347
2008: 1689
2009: 4809,1952
2010: 4782,2801
4352: 
2012: 1939,1545
2013: 4542,1885,4438,4475
2014: 1603
2015: 1762,4005,360
2016: 2481
2017: 3497
2018: 435,2487,1342,3399
2019: 2627,1757
3909: 926
2021: 1618,2722,2137,2944
2022: 3778,1558
2023: 1362,972,578
2024: 173
2025: 2706,214
4710: 2623,2130,3233,1032,4343
2027: 4816,1101
2028: 3919,1117,1197
2029: 368,3718
2030: 873,202,1876
2031: 
3688: 3058,2312
2033: 2169,2835
2034: 904,4542
2035: 1223
4235: 1563,3438,1985
2037: 669,1892
2038: 3280,3849,968,2080,1201
2039: 3185,4690,1370
3970: 
2041: 2674,4554
2042: 963,3914
2043: 4795,2727,3950
2044: 660,1861,3940,4821
2045: 2850,1277,4308,2205
2046: 2469
2047: 2616,4609,561
3780: 2215,1827,4636,547
2049: 3882,4450,157,2375,4009
2050: 2942,2890,4613,4776,3316
2051: 1835,2659,3650,4573,498,3830
2052: 551,4101
4116: 1604,1769,4391,3102,3251
4157: 1461,765,4795,148,4310
2055: 976
2056: 466,1794
4045: 1370,4392,4098
2058: 56
2059: 2641,4241,1107
2060: 
4018: 
2062: 3825,4236,2829,4130
4221: 221,3697,1651,1510
2064: 1017
3775: 4252,2241,877
2066: 1115,808
2067: 2590
2068: 343,1641,4783,4615
2069: 2827,1292
2070: 399,3669,246
4802: 824,805,61
2072: 4505,2100,1882,1965
2073: 2992
2074: 
2075: 252,2974,3109
4379: 4422
2077: 4532,1795,1893
2078: 4773,2216,1567
2079: 638,3250
2080: 2038,3667,1201,2298
2081: 470
4724: 4635
3664: 4820,4642
2084: 4657,3683,214
2085: 1179,4501,2505,644
2086: 4359,3581,875
2087: 1723,4035
2088: 2189
2089: 1925,4085,4185,558
2090: 3225,917
4700: 1827
2092: 84
2093: 3698
2094: 3873
2095: 2433,4065,1030
2096: 3123,3228,1000
2097: 280,2852,3263
2098: 2613,1982,4313,4608
2099: 682,2342,2450,3186
2100: 4505,2072,1475,1882
4152: 4167,3489
2102: 4394,4404,209,1011
2103: 1287
4540: 4787,4770,1205,3884,3136
2105: 3321
3705: 
2107: 3021
2108: 402,4725,2787,3899,1084
2109: 3065,4813
2110: 1310,4776,4380
2111: 2454
2112: 3386,3718,951,2559
4063: 840,2167,415,2889,1730
3778: 2022,4530,3029
4164: 4539
2116: 1223,1731,3497
2117: 3603,244
2118: 1675
2119: 2121,4341,1850
2120: 3231,4438
2121: 2440,2119,4341,1850
2122: 
2123: 
2124: 
2125: 2419,3057,2408,456
3888: 1266,2298
2127: 1738
3828: 1659,1968,2991
2129: 2736,4817
2130: 2623,4710,4343,4723,2839
3862: 842,4807,2731
4201: 214,4388,4525
2133: 1419,678
2134: 2899,1209
4703: 1491,1247,2813,911
2136: 4224,3393,3987
2137: 3458,2944,4315,2021
2138: 4094,4305,1743,4362
3750: 4143,4404,787
2140: 4190,3710,570
2141: 4080
2142: 350
2143: 
4791: 4579,4114,2609,382,4707,4247
2145: 1352,1296
2146: 4097,1427,1514,2300
2147: 1734,3400,1137,1650
2148: 1487
2149: 1845,4811
2150: 
2151: 3405,1510,4434,4574,4112
2152: 
2153: 4003,515,912
2154: 1288,3264,2726,1384
2155: 1096
2156: 2740,412
2157: 3860,2263,1878
2158: 2668
2159: 3543,3788,817
4807: 842,248,3862
2161: 2679,2545
2162: 
3799: 1193,4747,3629
3669: 399,2070,246,4494
2165: 
2166: 4418
2167: 840,4063
2168: 4140,2599,3777,900
2169: 2033,2835,2186
2170: 3744,1775,2667,2910
2171: 536
2172: 316,1266,1794
2173: 2458,4647,3298
2174: 4541,3360,4151,1202
2175: 922,3379,4789,4258
2176: 223,1878,1873
2177: 1911,623
4737: 4554,1535
2179: 
2180: 
2181: 4037,468,3806
2182: 1923
2183: 
4204: 430
3915: 1385,3598
2186: 4552,1987,2169,2835
2187: 919,3802,3812,1662,1976
2188: 1283,2598
2189: 2088
2190: 313
2191: 681
4614: 4692,1828
2193: 4674,2436,886
4057: 3323,1596,4799
2195: 1531,4784,4355
2196: 2679,3694
4707: 382,4791
2198: 4790,3518
2199: 3087,3777,769,456
2200: 1398,1445,4741
4252: 3775,1198,1022
4124: 1791,4436,1729
2203: 3502,1994
2204: 1967
2205: 1984,1043,883,2045
2206: 752,4050,1697
2207: 4663,85,2420
2208: 3349,45
2209: 396,1404,366,2345,1169,1825
2210: 1260,752,4333,2597,547
2211: 2837,1579
4094: 2138,3101,3727,4362
2213: 916,4815
2214: 1546,3540,1497
2215: 4062,1827,3780
2216: 4773,2078,3709,3640,4371
2217: 1716,1669,754,3257
2218: 2752,2633,4552,1617,1643
4103: 2611,4325,529
2220: 3292,560,236
2221: 
2222: 1671,3978
2223: 2896,1700,602
2224: 1295,1425,2756,4190,3412,3156
2225: 1461,4795,3654,2630
2226: 2703
2227: 
2228: 4418
2229: 1218
2230: 427,316,3667
2231: 2882,3929
2232: 1537,870,861
2233: 3691,9,3977,750,66
2234: 4115
2235: 
2236: 
4376: 3739,4582,1025,2847
3843: 2446,1538,394
2239: 3220,4092,2861
2240: 318,43
2241: 3775
2242: 2506,4173
2243: 1228,3982
2244: 3561,4096
4037: 2181,1424,468
4448: 2681
2247: 1193,4747,3387,4511,4008
2248: 3369,2588
3703: 4780
2250: 4667,1450,38
3707: 
2252: 4812
2253: 
4646: 4359,4065
4319: 347,1236
2256: 3693,3619,2607
2257: 664,1330
2258: 4663
4750: 2459,3377,3951,1740
2260: 90
2261: 2778
2262: 1390,616,2877
2263: 1873,2157
4001: 3340,1407
4686: 
4504: 
2267: 
2268: 3509,4757
4783: 4648,1995,1641,4618,2068,4661,1219
2270: 1837,1526,3591,4427,2965
2271: 3719,3652,3857,15
2272: 4584,4806,4020,3993
2273: 2295,4671
2274: 1489
2275: 3972
3961: 4812
2277: 1730,1165,415,2941
2278: 2806
2279: 2391,878,2871,4474,1699
2280: 294,76,1647
2281: 
2282: 4267,4800
2283: 
2284: 1165,3191,1803
3732: 1015,3177
3738: 4793,2397
3712: 1842,76
3808: 
3919: 2841,2028,1756,1026
2290: 251,1971
2291: 998
4251: 3168,60
2293: 1249,4728,4683,3299,2734,3617
2294: 4370
2295: 2726,2273,4671
4442: 4798,3519,3426,4764
3770: 3180,4765
2298: 1201,3667,2080,3888,1266
2299: 4436,1729,3058
2300: 4607,2146,1826
3993: 345,3987,2272,3393
4645: 3762,3620
2303: 1840,1747,1957,4017
2304: 4233,1946,3062
3943: 717,4809,3003,646
2306: 1780,3484,1563
2307: 1858
2308: 4054,3271
2309: 452
2310: 
3781: 2959
2312: 3058,3688,3295,2796,2462
4271: 895,241,3055,3806
4141: 4146,2546
2315: 4765,234,1578
4024: 725,1927,4591,2697,639
2317: 222
2318: 809
2319: 3766,244,1034
4401: 
3748: 2435,1766
4792: 821,2353,1736,4215,4044,2866,1372,159
2323: 2406,1290
3869: 3939,117
2325: 3017
2326: 4620
4564: 4121,1999,2686
4127: 2733
3947: 
2330: 4768,3626,2422,3217
2331: 
2332: 1934
2333: 3713,3614,3450
2334: 4443,3085
2335: 4049
2336: 2657,1869,4350
2337: 1838,100,550
2338: 3239,2487,1643
4058: 414,1727,2737,4512
2340: 792,71,4775
2341: 
2342: 3936,2450,1433,2099
2343: 967
2344: 580,153,417,473
2345: 4811,2716,2209,396,1825
2346: 2758,75,1660
4054: 1607,2559,2308
2348: 
2349: 4160
2350: 2004,3284,1198,1022
4559: 2599,3875,2655,1386
4006: 
2353: 821,4792,1736,4215,4627
4472: 
2355: 3485,4789,622,573
2356: 
4119: 4560,1515,3080
2358: 4819,179
3677: 2979,3232
2360: 4765
2361: 494,4332,943
2362: 1496,1332,1175,3088
2363: 2463,2462,3719
3654: 3080,4795,2225,2630
4728: 1249,2293,3299,1555,1822
2366: 3887,414,3763,4512
2367: 3506
4000: 296
2369: 3884,2995,3136,1906
2370: 1042,527,4051,2982
2371: 3885,736
2372: 3399,3213,1691
2373: 1268,1239,1961
2374: 1748
2375: 4009,2049,4450
2376: 1035
2377: 4374,95,2710
2378: 996,4818,331
2379: 
4082: 
2381: 2567,3237
4423: 
2383: 
2384: 3406
2385: 1416
2386: 341,3382
2387: 1304,409
2388: 2000,4,1261
2389: 
3792: 3108,3788,263,1044
2391: 2279,878,4086,3850
2392: 300,319,2581
2393: 4660,4725
2394: 15,3175
4795: 2043,2706,3654,16,3950,148,1461,2225,4157
4023: 4553,4134,3358,3319,2617
2397: 4793,3738
2398: 3638,3440
2399: 1052,550,1282
2400: 3062,613
3937: 2989,2479,3931
2402: 128,1024,2744
2403: 459,1970
2404: 3647,4811,2716
3787: 793,1031,210
2406: 1290,2323,3114
2407: 2538,1417
2408: 2125
2409: 4776,4772,1499,3733
2410: 3123
2411: 3505,3680,2814,1637
2412: 
3817: 978,163,232,4562
2414: 2994
2415: 2957
2416: 1276,648,2523,255
4392: 1370,4045,4229
2418: 3776
2419: 2125,217
2420: 2207,527,2616
2421: 2636
2422: 3217,2330,3392,31
2423: 2930,3522,2781,1578
3953: 
2425: 1821
2426: 4567,528,1677,3807
4452: 1162,2454
2428: 
2429: 238
2430: 3602,1587
4522: 368,2830
2432: 440
2433: 2095,1030,1357
4238: 4805,4028,3722
2435: 3748
2436: 19,886,2193
3944: 1942
4455: 1405,3173
2439: 
2440: 2121,4341
2441: 4814
2442: 3064,4462,307,161,568
2443: 921,4806,370
4507: 1291,1777,1364
4353: 1498,876
2446: 3843,2603
3938: 1524,2922
2448: 394,3375,3397
2449: 3006
2450: 2342,3186,2099
4443: 3256,3120,2334
2452: 4304,1384,3566
3686: 1281,1585,121
2454: 3557,4452,2111
2455: 4698,2922,1732,1577,4125
2456: 4428,1119
2457: 
2458: 1514,2173,3298
2459: 4750,3951
4616: 3173,1016,1856,493
2461: 
2462: 2463,2363,2312,2796
2463: 2462,2363,4592
2464: 31,2833,921
2465: 3019
2466: 
3756: 3974,2635,3069
4031: 1026,1197
2469: 2046,4816,1135
3986: 710,2818,2958
2471: 874,378,1836
4098: 4045,3387,2644
2473: 
2474: 4687,2653
4499: 1260,3158,4333
4399: 915
2477: 3102,3251,4551,58,3155,3685
2478: 490,3502
2479: 1640,1391,3937
2480: 968
2481: 2016,3207
2482: 1356
2483: 4154
2484: 3827,2496,1844,4773
2485: 943,830,1802
2486: 308
2487: 3239,2338,1342,2018
2488: 4286,668,1637,2690
2489: 
2490: 
2491: 3572,779
2492: 
4756: 3422
4133: 
4242: 2682,219,1743,3367
2496: 3709,4665,1174,2484,3827,4773
2497: 3110,1067,3359,4360
2498: 526
2499: 
2500: 53,1503
2501: 384,3258,1153
2502: 1306
2503: 3365,2708
2504: 
2505: 2634,2822,2085,4501
2506: 2242,1252,3739
2507: 1064
3872: 
2509: 4431,1754,1817
2510: 4488,785,3333,953
2511: 532,3850
2512: 4229,4674
3890: 
2514: 3020,1742
2515: 4184,4777,4788,2758
2516: 
2517: 1340,3175
2518: 4014
2519: 
2520: 1144,4821,1474,3084
2521: 4808,4819
2522: 4823,1737,864
2523: 1276,2416,2552,1432,4576
2524: 
2525: 
2526: 1602,2879
2527: 3234
2528: 135,4377,1008
2529: 
2530: 6
2531: 
4473: 616
3671: 562,2814,3573,4784
3789: 1273,1652
2535: 
4241: 2641,4721,2059
2537: 152,1848
2538: 2407,1417,1452
4524: 3922,1046,3202
4019: 1912,2865,1459,3728
2541: 
4151: 2174,1202
2543: 3617,1249,3200
2544: 2729,3162,2598
2545: 1078,277,2161,3811,86
2546: 4141,4146
2547: 913,491,1736,4627,2549
2548: 4069
2549: 322,4627,2547,3796
2550: 
2551: 
2552: 270,2570,4576,2523
4436: 4124,1729,2299
2554: 3892
2555: 2843,4120
2556: 
2557: 260,741,4555,3544
2558: 2651,4618
2559: 1607,4054,2112
4476: 242
3965: 1940
2562: 1060,110,2908
2563: 3338,3591
4224: 2136
2565: 1784
2566: 1397,3745
2567: 2381
4799: 3901,3941,4057,352,1240,1062,3985,882
2569: 
2570: 2552,270,4576,4344
2571: 2916,4694
4467: 146
4775: 3556,3174,4325,792,2340,212,265,3917
2574: 709,1052
2575: 2727,2840,3077,4007,1076
2576: 
2577: 
2578: 1024,303
4322: 309,3032,4282
2580: 1443,1944,45
2581: 319,2392
2582: 4430,1519
4131: 1133,1092
4456: 4605,953,1476
4482: 
3694: 2196
4813: 439,2109,3065
2588: 1394,2248
2589: 3472,671,134,3663
2590: 2067,2671,4441,1402,1635
2591: 2894
2592: 257
3743: 
2594: 3572
2595: 1579,3367,3856
2596: 3259,4490,4332
2597: 752,2210,1861
2598: 4779,2544,2729,2188
2599: 1019,4559,2168,3777
2600: 1249,3902,1822,4643
2601: 4660,1945
2602: 4812
2603: 1623,2446,1452
2604: 1292,3492
4705: 3513
4508: 4034,1371,3463
2607: 2256
2608: 3725
2609: 1238,4791
2610: 3140,1630
2611: 4103,3061
4460: 1899
2613: 2098,1982,1884,4670,4313
2614: 3385,4288
4418: 2228,2166
2616: 4609,2047,2420,527
2617: 1032,4553,4023,3319
4388: 214,4201,2811
2619: 1570,4445
2620: 4429,234
2621: 920,445,1729
4261: 
2623: 2130,4710,3233
2624: 
2625: 
4648: 4783,1995
2627: 1757,1570,2019
2628: 3956,4800
2629: 3200,2787,1573,3836
2630: 3654,1461,2225
2631: 3996
2632: 1659,1880,2947
2633: 2752,787,2218,4552
2634: 2505,644
2635: 3069,3756
2636: 2421,446
4243: 1215,3533,69
2638: 4511
4774: 1204,3381,1477,574,3809,1831,4155
2640: 2874
2641: 4721,4241,2059
4084: 168,384,4765
2643: 
2644: 4747,3387,4098,674
2645: 
2646: 3302,947
2647: 4561,2775,1492,1680
2648: 4118,4661,1257,230
2649: 2696
2650: 2779
2651: 4618,2558
4470: 480
2653: 2863,2474
2654: 
2655: 1386,4559
4708: 4651,3737,788
2657: 2336,3887
2658: 3188
2659: 1835,2051,975,3512,1919
2660: 
4009: 4600,2375,2049
2662: 1236
4008: 1193,2247,3181
2664: 1103
2665: 4735
2666: 4097,1427,813
2667: 2944,2170,3744,2910,1429
2668: 2158
2669: 807,1533,1727
2670: 1395
2671: 2590
4075: 1007,3055,3806
2673: 1735
2674: 2041,1870,4554,1294
2675: 
2676: 853,1627,2942,4778
4751: 
3779: 3492
2679: 2196,2161
2680: 3075,4760,892
2681: 4448
2682: 4242
2683: 1269,895,973
2684: 1252,4123,3140,556
2685: 4465
2686: 4564
4780: 4735,3703,1676,243
2688: 3855
2689: 
2690: 328,1637,2488
2691: 4197,1378,846,573,4670
4118: 2648,315,4079
4769: 3821,439,3334
2694: 597,1634
3713: 2333
2696: 3955,2649
2697: 4024,4591,200
2698: 3214,817,323
2699: 1875,1663,619,3068
2700: 3441,847,4403
2701: 4283
2702: 4192,3361
2703: 2226,152
2704: 1065,1243,1429,1618
4778: 401,1445,2968,426,853,2676,436,3303,4741
2706: 2025,4795,16
2707: 3816,821
2708: 1254,1152,2503
2709: 564,1678,1434
2710: 2377
4281: 
4355: 879,2195,1531
3964: 916,2773,1378,3112,3886
2714: 1045,1870
2715: 1770,4036,3875,639
2716: 4811,2345,2404,396
3892: 2554
2718: 535,3030
2719: 3840,1291,1777
2720: 3838,662
2721: 1076,4007
2722: 2021,823,4498
2723: 3229,4520,3426,3675,4798
2724: 725,1927,1134
3680: 2411,3505,2983,4236
2726: 2295,3264,2154
2727: 2575,2043,1076,3950
2728: 
2729: 2544,2598
4003: 2153,515,912,1515,4560
2731: 3862
2732: 1678,1836,422,1189,1434
2733: 4127
2734: 3617,4683,2293,1767
4435: 3431,854,4246
2736: 2129,4817,1522,3846,2823
2737: 951,4058,1727
2738: 1485
2739: 
2740: 997,2156
4787: 4540,380,1958,1629,3979,411,4770,1205,4209,41,3884,3136
2742: 3463,1666
2743: 1364
2744: 1024,303,2402,4413
3857: 1639,15,2271
2746: 3772,795
2747: 3430
2748: 3309
4428: 1008,2456
2750: 4723,1877,3446,2839
2751: 955,3081,3307,671
2752: 787,2633,2218,2883
4577: 1382,4754,837
2754: 1756,2807,1026,1963
3815: 642
2756: 2224,1425,3710,4190,1647
4579: 4791,4114,141
2758: 2346,1660,4788,2515,4777
2759: 239,297
2760: 1029,3785,1206,3252,1134
3901: 4799,3941,352,1240
4441: 2590
4283: 2701
2764: 3124,2966,497,898,3300
3851: 4
3941: 1043,3901,4799
4173: 4796,556,2242
2768: 92
2769: 159,1520,1372,3408,49,4149
2770: 3524,466
3985: 1062,4799,882,4701,3020
2772: 4208
2773: 3964,916,2824,1699
4189: 3987,4486,1509
2775: 2647,4561,1984
2776: 3363,3602
3952: 2902,3614,240,3398
2778: 2261
2779: 2650,893
2780: 
2781: 3449,2423,3522,4529
2782: 3563,3741,4767
3805: 
2784: 4653,4373,4259
4666: 2996
2786: 4647,1745
2787: 2629,3200,2108,3899,1573
4345: 3075,3135,3150,892,420
4561: 2647,2775,1492
4498: 955,823,2722
2791: 3868
2792: 32
4765: 2315,234,2360,1578,168,443,4084,3770
2794: 
2795: 192
2796: 2312,3295,2462
4588: 4764,972,578
2798: 1361,3698
2799: 3092
2800: 788
2801: 2010,4782,1566
4631: 1163
4338: 721
2804: 1474,3084,4357
2805: 3880
2806: 2278
2807: 2754,1756,4714
4020: 3393,4806,2272,4584
4039: 1352,4364,4797,1799
2810: 1199,1724
2811: 4790,4657,4388
4291: 1458,4329,1636
2813: 4532,558,4703,1247,911
2814: 682,3671,2411
3674: 1069,1484
4576: 1432,4344,2552,2570,1276,2523
2817: 101,1044,4340
2818: 710,1127,1604,3986,2958
4275: 130
2820: 3341,437,4801
2821: 208
2822: 2505
2823: 278,3846,2736,4817
2824: 846,1327,1699,2773,1378
2825: 2886,3436,1348
2826: 1482,10,610
2827: 2069,3302,3183
4268: 413
2829: 3416,4130,4286,2062,3825
2830: 368,4522
2831: 3088,453,3997,540
3665: 2958,956
2833: 4583,1892,2464
3954: 1564
2835: 2169,2033,2186
3683: 4657,2084,4790
2837: 2211,1078,2897
2838: 
2839: 3446,2130,2750,4723
2840: 687,2575,4007
2841: 3919,3653,3232
3856: 1743,3367,3545,2595,2981
2843: 4120,2555,4506
2844: 748,3876
4701: 1914,3020,3985
2846: 1725
2847: 1973,256,1025,4376
2848: 1790,1451
4463: 3406,1999
2850: 1277,2045,652
2851: 317,3807,528,4228
2852: 1110,280,2097
4785: 4188,517,3832
2854: 
2855: 716
4758: 3318
2857: 1206,3328,4574,2872
2858: 1354
2859: 2961,3963,1740
4368: 3285,3428,323,1164
2861: 2239,3272,4092
3935: 654,4125,1912
2863: 2653
4711: 446,663,985
2865: 1912,4019,1493
2866: 4792
2867: 1258
2868: 1419,1012
2869: 522,3594
2870: 
2871: 4079,2279,4815,3819
2872: 1879,3328,2857,1346
4784: 3573,562,3671,2983,2195,1531,3401,1896
2874: 2640
2875: 
4563: 51
2877: 2262
2878: 3704,363,513,506
2879: 1602,2526,3896
4121: 4564
2881: 1971
2882: 2231,1907
2883: 560,236,321,2752,787
4317: 11,634,3026
2885: 
2886: 2825,3436,3434,727
2887: 344,4490,726
2888: 4549,1046
2889: 375,415,840,4063
2890: 2942,2050,4713,4613,4776
2891: 3008
2892: 4768,3335,1412
3807: 2851,904,528,2426
2894: 185,2591
4726: 
2896: 2223,3501
2897: 2837,1078
4061: 3184,753
2899: 1209,2134
2900: 4311,220
4560: 4119,4223,4003,1515
2902: 1681,3614,3952,1829
2903: 4635,1167
2904: 122,3506
4051: 1893,2370
2906: 3346
4440: 3619,4505,732
2908: 3746,110,2562,3083
2909: 
2910: 1429,2170,1775,2667
2911: 
2912: 
2913: 
3663: 1070,2589,671
4814: 814,866,2441
2916: 4694,3637,4417,2571
2917: 489,3271,48
2918: 530,3786,375
4284: 1357,4065
3925: 1160,1695,2984
4272: 1874,3170,733
2922: 4698,2455,3938
2923: 
2924: 149
2925: 1913
2926: 875,4223
2927: 
2928: 3310,1738
2929: 
2930: 2423,4602,1578
2931: 276
2932: 
2933: 
2934: 2969,3225,3266,653
4434: 2151
2936: 1760,1306,369
3725: 4212,4626,2608
2938: 
2939: 
2940: 
2941: 2277,4596
2942: 2050,2890,2676
2943: 
2944: 2667,3458,2137,949,1618,2021
2945: 
2946: 
2947: 616,2632
4212: 3725,4626
2949: 227,4767
2950: 1599,390,364
2951: 691
2952: 426
2953: 3139,4445,1609
2954: 3182
4199: 3878,3636
2956: 
2957: 2415
2958: 2818,3986,3665
2959: 1532,3781
2960: 1126
2961: 2859,3963,166
4500: 1626
4555: 3762,2557,741
4535: 442,1895,4738
2965: 2270,3591,4427
2966: 372,898,3124,2764
3783: 3113
2968: 426,1559,853,436,4778
2969: 1588,2934,3370,3353
2970: 3722,1191,4028,4680,1885
4028: 1191,4805,4238,3722,2970
2972: 
4228: 317,2851,1770
2974: 252,195,2075
2975: 
2976: 
2977: 82,1560,4496,4184,4777,3345
2978: 
2979: 3150,3677,1117
2980: 4573,1052,3650,3584
2981: 531,3856,4362
2982: 2370,1042,3989
2983: 562,4784,3680,3401
2984: 3458,949,1695,154,3925
2985: 727,3071,285
2986: 1423,3903,4677
2987: 1624,366
2988: 281,3343
2989: 3937,250,3931
2990: 3178,1841,3582
2991: 4712,3084,3828
2992: 2073,4612,1210
2993: 3692,3466,220
2994: 635,2414
2995: 3884,2369,1548,730
2996: 534,4666
4541: 3360,2174,1064,1146,1610
4747: 1193,2247,3387,2644,3799,674
4594: 201,4420,572
3000: 1317
3001: 3630
3002: 987,420,3150,1448,4279
3003: 3943,3366,3481
3004: 
4819: 2358,841,4808,2521
3006: 3661,4800,2449
3007: 
3008: 2891
3009: 
3010: 95
4771: 1944,4232
3012: 
3013: 4411,381
3014: 1412,3217
3015: 1451,1446
3016: 618
3017: 3593,2325
4682: 3474,879,4606
3019: 2465,1015
3020: 1914,4701,3985,2514,1742
3021: 2107
3022: 
3023: 1506,4064,457,4072
4139: 1294
3897: 315,532
3026: 3313,4317,11
4717: 4366,3450,240
3028: 1477,1753
3029: 1964,3778
3030: 2718,535
4246: 4435
3032: 309,4322,4810,669
3033: 
3034: 4484,3143,184
3035: 4582
3036: 780
3037: 3051,4595,160,4549
4761: 952,3190
4096: 443,2244
3040: 
4738: 4502,442,4535
3042: 4601,1223,1731
3043: 
3044: 338,729,939
4302: 1554,1121
3746: 2908,475
3047: 
4069: 2548
3049: 
4090: 3396,227,4587
3051: 3037,4595,3294,1091
4532: 2813,2077,911
3053: 3160,4647
4248: 993
3055: 3806,4075,4271
3056: 1440,4266
3057: 456,1539,2125
3058: 2312,3688,3295,2299
3059: 1896,1110,3871,158
3060: 
3061: 2611,4256
3062: 2400,1946,2304
3063: 1262,354,4142,1655
3064: 2442,4462,1139,568,4801,4129
3065: 2109,4813
3900: 4763,1954
4822: 22
3068: 2699,1875
3069: 2635,3756
3774: 3660
3071: 53,1503,2985
3072: 
3073: 
3691: 3796,9,2233,1556,750
3075: 4345,3135,2680
3076: 1929
3077: 4293,2575
3078: 3368,613
4553: 4023,3358,2617
3080: 3654,4119
3081: 3307,2751
4149: 49,4574,4112,3408,2769
3083: 110,2908
3084: 2991,2520,2804
3085: 993,2334
4231: 3477
3087: 2199,4140,217
3088: 2831,1175,3997,1496,2362
3089: 
3090: 
4462: 2442,3064,1373,1139,3736
3092: 2799
4543: 
3094: 
3095: 494,4163
3096: 286
4670: 573,2691,2613,1884
3098: 1466,1296,4797
3099: 3143,4565
3100: 210,1211,4222,4766
3101: 3273,3727,4362,4094
3102: 2477,3251,4551,3685,4116,4391
3103: 1498
3104: 3838
3105: 1994,3758,1265
3106: 1270
3107: 4293,1702
3108: 3792
3109: 3645,2075
3110: 2497,246
3977: 871,9,2233
3112: 3886,3964,3793
3113: 3783
3114: 2406
3115: 1011,3292,4580,321
3116: 
4600: 4009,1181,4050
4764: 1226,1400,3229,3426,972,4442,4588
4777: 4184,2515,4788,2758,82,2977,372,1235,3345
3120: 1394,4443
4810: 799,311,3032,4394,669,4143,4404
4181: 
3123: 3228,3666,2410,2096
3124: 607,2764,2966,3300
3125: 810,3690,3514
3126: 
4101: 4451,2052,551,3734
4801: 25,2820,568,3341,3064,437,4129,3936
3129: 447,1650,3889,1922
3130: 4208,1450
3131: 
3132: 3248,3186
4396: 1353,122
3917: 1406,4775
3135: 4345,3075,1279,1117
3136: 3884,2369,4540,4787,1906
3137: 1852
3138: 246,4494,3198,4371
3139: 2953,4445,1180,4740
3140: 2610,1630,4123,2684
3141: 
4626: 4212,3725
3143: 3099,3034
3144: 521,1906,3472,134,679
3145: 519,4772
3146: 406
4005: 1762,2015
3148: 724
3149: 1227,610,4439
3150: 2979,4345,3002,420,4279
4562: 232,3817,4768
3152: 3428,4803
3153: 3289,3793,68,3308
4312: 3887,1312,680,1869
3155: 3685,58,1476,4605,2477
3156: 3412,4190,570,2224
3157: 
3158: 860,1260,4499,3513
3159: 3194
3160: 3167,4155,3053
4287: 4539,7
3162: 4779,2544
3816: 2707,914
3164: 4603,343
3165: 
3166: 
3167: 62,4155,3160
3168: 4251,60,1628,4781
3169: 3899,1573,3836,4805
3170: 1874,4272,658
4115: 2234
3172: 4444,3486,356
3173: 4616,1016,4455,1405
3174: 3556,4775
3175: 1340,2517,2394,3814,637
3735: 3625,3363
3177: 3732
3178: 1841,2990,3577
3179: 464
3180: 3770,4403,4150
3181: 4008,1193
3182: 1815,1416,2954
3183: 2827
3184: 4061
3185: 1167,4690,2039,1771
3186: 150,3132,2450,2099
3187: 92,4809,3930,717
3188: 740,1956,2658
3189: 36
3190: 4761
3191: 4178,2284
3192: 538,4034,1790
4731: 
3194: 3159
3660: 3774
3886: 3112,3964,4197,1378
3889: 1922,3129
3198: 4494,365,3138,4371
4519: 3334,337
3200: 2629,1767,2787,2543
4304: 2452,1642,1384
3202: 590,4524,3879
3203: 4469,339,1810,3264
4806: 4330,2443,921,2272,4584,4020,3393,1224
4188: 4785,1859,3832
4034: 1371,4508,3192
3207: 1371,2481,3463
3208: 470
3209: 1958,3979,4637,453,540,65
3210: 123,3305
4348: 109,164
4308: 1277,2045
3213: 1342,30,3399,2372
3214: 2698,3225,3266
3215: 1586,4454,1468
3216: 667
3217: 2422,2330,3014
4394: 2102,669,4810,4404
3219: 
3220: 2239,4092
3221: 
3222: 889
3736: 4462,1373,4289,1918
4335: 
3225: 3370,917,2090,3214,2934
3226: 3672
3227: 1060
3228: 3123,3666,2096
3229: 2723,3426,1226,4764
3230: 1770,4036,3845,3315
3231: 2120,1170,4475
3232: 2841,3653,3677
3233: 2623,4710,718
3234: 2527
4789: 4278,3379,2175,3485,2355,3553,4258,1068,622
3236: 349,1391
3237: 2381
4618: 2651,2558,4783
3239: 2338,2487
3240: 326
3241: 734,4610,660,0,4821
3242: 
3968: 3793,3308
3244: 1915
3245: 1666
4323: 4207,1397
3247: 621,664
3248: 3132,305
4289: 69,161,1918,3736
3250: 495,2079,4417
3251: 2477,3102,4551,1127,4116
3252: 2760,1136,1134
3253: 3827,3801,304,188
3254: 
3255: 
3256: 4443,1683,243
3257: 754,1669,2217
3258: 4213,1153,2501
3259: 2596,3657,789
3914: 4237,2042
4215: 2353,4792,1372,322,4627,159
4529: 2781,508,4429
3263: 3394,4156,2097
3264: 2154,3203,2726
3265: 
3266: 653,3214,2934
3267: 1919,975,1484
4772: 1499,3145,48,4713,4613,2409,4776
3269: 1917,1895,3273
3270: 1061
3271: 489,2917,2308
3272: 4092,2861
3273: 3101,3269
3874: 334,3331,264
3275: 
3276: 
3277: 
3278: 
3279: 
3280: 2038,3849,968,188
4266: 372,3056,1440
3282: 3452,394
3283: 
3284: 2004,2350,1198
3285: 4368,3428,1802,323
3286: 
4033: 1478,4415,1915
3288: 1735,479
3289: 3153,3793
3290: 3601,3760
3291: 
3292: 3115,4580,236,321,4672,2220
3293: 1147
3294: 3051,1265,1862,1091
3295: 3058,2312,2796
3296: 1598,929
3297: 1888
3298: 2458,2173
3299: 4321,984,4683,4728,2293
3300: 4213,3124,2764
4573: 2980,3650,1835,2051,3584
3302: 2646,2827
3303: 4778,4741
4798: 4442,3684,3519,3675,2723,3426
3305: 123,4635,3210
4627: 322,2549,2353,1736,4215,2547
3307: 3081,2751,671
3308: 3153,3793,3968
3309: 2748
3310: 2928,3747,1738
4757: 3509,2268
3312: 3716,79,1001
3313: 3026,11
4336: 
3315: 3845,1106,3230,4036,1019
3316: 1033,4776,2050
3894: 1253,1314
3318: 4758,1848,3837
3319: 4023,2617
3320: 
3321: 2105
3322: 3652,4664
3323: 4057,836,1663
4649: 1512
3325: 893,3755,843
3757: 
3327: 4487
3328: 4574,2857,2872
3329: 
3330: 724
3331: 3874,264
3846: 702,1522,1965,2736,278,2823
3333: 2510
3334: 4519,337,4769
3335: 3411,1282,2892,1412
3336: 4714,4192
3989: 2982,1789
3338: 2563,1764
4220: 4025,3371
3340: 4001
3341: 568,2820,4801
3342: 3635,387
3343: 2988
3344: 255,270,1721
3345: 1235,1048,4777,82,2977
3346: 2906
4219: 3883,3962
3348: 1593
3349: 2208
3729: 3876,4681
3351: 76,1742,3531
3352: 374,1100
3353: 3902,1822,1606,1588,2969
3354: 4022
4270: 3845,930,4548
4170: 205,14,3588,4796
4371: 3640,3138,3198,2216
3358: 4553,4134,4023,1211
3359: 1067,4536,4360,2497,4665,1174
3360: 4541,2174,1857,1064
3361: 1715,2702
3362: 
3363: 2776,3735
4565: 3099,791,794
3365: 2503
3366: 815,3481,3003
3367: 1743,3856,2595,219,4242
3368: 3078
3369: 2248,736
3370: 3225,917,12,2969
3371: 4025,4220
3372: 1706,3700,503
3373: 
3374: 
3375: 394,2448
3972: 2275,1607
3377: 4750,143,4601
4647: 2786,3053,2173
3379: 922,2175,4789
3380: 
3381: 4774
3382: 2386,341
3383: 
4674: 2512,2193
3385: 2614
3386: 2112
3387: 4747,2247,2644,4098
4730: 
3389: 1281,73
3390: 
4208: 1450,4122,2772,3130
3392: 4583,1541,2422,31
3393: 4020,4806,2136,3993,3987
3394: 3263,4156,1754
3395: 319
3396: 3720,1297,4090
3397: 2448
3398: 3952
3399: 2372,3213,1342,2018,435
3400: 1734,2147,1137,301
3401: 1896,4784,562,2983
3929: 1535,2231
3403: 159,1520,322,1449
4659: 
3405: 2151,1510,3785,1206
3406: 4463,1075,2384
3407: 3761
3408: 1372,2769,49,4149
3409: 502,1726,548,1992
3823: 
3411: 3335,1282,232,1838
3412: 3156,2224,1295
3975: 3534,1677,4567,1029
3414: 665,355
3415: 3581,252,1387
3416: 2829,4130,3449,4286,668
4286: 2488,668,3505,3825,3416,2829
3928: 37
4247: 4791
4617: 312,4754
3421: 
3422: 4756,1774,1708
3999: 4699,1778
3424: 
3425: 
3426: 3229,2723,4764,4798,4442
3427: 
3428: 4368,3285,3152,4803
3429: 3489
3430: 2747
3431: 4435
3854: 
3433: 
3434: 1864,727,2886
3435: 3672
3436: 2886,2825,53
3437: 
3438: 1985,4235,4531
3439: 
3440: 2398
3441: 2700
3442: 
3443: 143,57
4237: 3914
3445: 
3446: 2839,2750,694,3571
3447: 1622,818
4125: 1577,2455,3935,1912
3449: 3416,4130,3522,2781
3450: 240,3614,2333,4717
4158: 1091,3758,1862
3452: 3282,1452
3453: 
3454: 3580,721
3455: 3692,3560,1693,22
3456: 206
3745: 2566
3458: 2984,2137,949,2944
4549: 956,3037,2888
4035: 2087
3461: 3912,1981
3764: 1155
3463: 2742,1371,4508,3207
4076: 3812,1257,1500,1976
3465: 1860,1241,3959
3466: 3692,2993,3567,1572
4194: 
4634: 284
3763: 108,4512,2366
4239: 4475,1170
3772: 544,1998,2746,795
3472: 2589,671,134,3144
3473: 852,1050
3474: 4682,4606
4081: 
3476: 958,1028
3477: 3916,4357,4231
3478: 681,134
3922: 4524,1046
3480: 4531,153
3481: 1695,3366,3003,646,154
3711: 782
3710: 294,2140,1647,2756
3484: 1562,1136,685,1780,2306
3485: 2355,3553,4278,4789
3486: 3998,471,3172
4298: 
4370: 293,2294
3489: 4167,4152,3429
4330: 31,4806
3491: 
3492: 111,2604,3779
3493: 3867
3821: 439,4769
4630: 
3880: 2805
3497: 71,2116,2017
3978: 4307,2222
3499: 1993
3500: 978,1779
3501: 1246,2896
3502: 2478,2203
3827: 2484,3253,4536,2496,1174,4773
3504: 
3505: 2411,3680,4286,3825
3506: 2367,2904
3940: 1212,2044,1861,4821
3508: 1844,1031,4734,4773,793
3509: 2268,4757
3510: 3532
3511: 1355
3512: 4384,1835,2659
3513: 4636,4705,3158,1260
3514: 1093,810,3125
3825: 2062,4236,3505,4286,2829
3516: 614
3882: 2049,4450,4222,4766
3518: 4790,2198,1448,1152,186
3519: 4798,4442,3684,4503
3520: 1691,30
3521: 1790
3522: 2423,3449,2781
4689: 1801,1542
3524: 2770
3982: 4680,2243,1228,1191,4805
3526: 
4755: 
3528: 
3529: 777
3530: 1241,1380,1170
3531: 3351
3532: 3510,166,3963
3533: 1974,1215,4243
3534: 1677,3975,1651,1501,3785,1029
3535: 
3536: 1880
3537: 4809
4754: 4577,1424,4617
3539: 
3540: 1546,2214,1301
4113: 
3542: 1160
3543: 2159,263,3788,1164
3544: 4136,2557,260
3545: 722,531,3856
3912: 3461,3898
3547: 3635
3548: 
3913: 
3550: 1739
3551: 4310,4597
3552: 
3553: 3485,4278,4086,4789
4360: 1067,3359,739,2497
4218: 1239,1150,1863,4373
3556: 4775,3174,4274
3557: 2454,479
4496: 4619,1560,2977
3559: 652,3974
3560: 1572,3692,3455
3561: 2244,4653
4192: 2702,3336
3563: 856,3837,2782,3741,4767
3564: 688
3565: 3568
3566: 2452
3567: 4672,3466
3568: 3565
3569: 412,960
3885: 2371
3571: 694,1660,3446,565,1670
3572: 2491,2594
3573: 4784,562,3671
4227: 274
4437: 561,4297
3576: 802,774,3653,896
3577: 99,931,135,4377,3178
4608: 588,4313,2098
3742: 
3580: 3454,721,1576,1983
3581: 2086,3415
3582: 3881,2990
3583: 4651
3584: 4447,4573,2980
3585: 
4655: 459,4596
3587: 
3588: 4170,4796
3589: 1961,3761,1737
4236: 2062,3825,3680
3591: 2270,1837,2563,2965
4601: 3377,143,3042
3593: 3017,256
3594: 339,522,2869
4140: 2168,3087,3777
4718: 299
3597: 1007
3598: 3915
3599: 
3600: 4804
3601: 3760,3290
3602: 2430,2776
3603: 2117,244,1982,1884
3866: 
3605: 342,4816,476
4781: 1544,3168,60,596,4267
4285: 1990,1074,1993
3608: 160,363,506,710
3609: 58,1783,4551
4497: 922,3878
4315: 823,2137,4363
4732: 4684
3613: 1070
3614: 2902,3952,2333,3450
4599: 
3616: 1920,876
3617: 2734,1249,2293,1767,2543
3618: 3640,1582
3619: 2256,3693,4440,586
3620: 1828,4645
4122: 4208,1450,4667
3622: 4327,1056
3726: 376,4743
3624: 3907
3625: 3735,260,691
3626: 4768,1398,2330
3627: 1213
4465: 1439,2685
3629: 3799
3630: 3001,1443,740
4632: 
4667: 708,2250,1450,4122
3633: 3864
3634: 
3635: 3342,3547,1690
3636: 38,4199
3637: 2916,4694,4417,495
3638: 2398
3639: 1114
3640: 3618,4371,2216,1582
3641: 94
3642: 
3643: 330
3644: 4693,4534
3645: 3109,305
3878: 4199,4497
3647: 2404,350
3648: 4782
3649: 1235,607
3650: 550,1835,2051,4573,2980
4168: 
3652: 3322,2271,15