0: 2207,3204,2439,345,428
1: 1551,2501,2139,3632
2: 709,4695,2171,2105,1253
3: 794,3408
4: 62
5: 1145,1752,1268,2958,1679
6: 1710
4620: 3847,2130
8: 1222,1096,1089,2109
9: 3710,1904,1958
10: 4192,1775,66,1563,1931
11: 3374,4724,846,1646,55,1739
12: 4792,3475,1822,2545,3190
13: 704,1393,2401,3987,4283,2677,1999
14: 1829,1882,3812,769
15: 3449,75
16: 3294,1175,358,4072,1316,775
17: 4541
18: 857,489,726,2344
19: 4163,3050
20: 1705,1484,3471,209,1999,3987
4585: 3972,4449
22: 4712,766,1750,2245,167
23: 2681,1587
24: 4814
25: 3105,1012,3877,2750,3838
26: 2636,4708,958,4213,3781,1888
4626: 3842,319,3271,921
28: 1237,2509
29: 3520,318
30: 56
4553: 2066,2067,1581,1809
32: 2709,2136,1052
33: 4815,4571,2687,1566,2981,4615
34: 3981,4369,4580
35: 946
36: 242,2430,241,4617
37: 1505,2412
38: 1319,4010,1069,1116,692
39: 
40: 216,2480,3524
41: 224,3231,1234
42: 2765,4516,3946
43: 471,691,1565
44: 1160,2341
45: 2754,2800,912,3772,4560
46: 
47: 3575,3039,2681,2939
48: 2925,1892
49: 1573,2773,3296,2787,1948
4807: 3818,160,3182,1862
51: 4501,2505
52: 3203,1062,2738,789,2155,1261
4476: 1795,1018,4051,4210,1883
54: 476,4732,3698,4816,2939
55: 1739,2734,4675,11,424,2851,111
56: 30
57: 1433,3719,968,183
58: 4668,679,227,402,1844
59: 434,3137,2321
60: 440,4176,3537
61: 4166,4527,1559,3742,3621
62: 4,3256
63: 2099,2438,4581
64: 2920,315,4083,2319
65: 2706,3135,4517,3382,2086
66: 10,1775,3751,1532,1931,2726
67: 4373,2066,2387
68: 4377,1086,332,936,144
69: 1655,2210,4499,4158
70: 
71: 2078,3278,3986,3188
72: 455,4102,344,3855,3405,175
73: 1502,79
74: 103,320,4056
75: 15,3449,161,2650
76: 957,2854,1900,1971,1302
77: 3328,4680,1080,4438
78: 4683,2237,3595,3611
79: 3887,3423,4747,73,2542
80: 2930,1975,410,1363,2099
81: 839,2764,3111,1223
82: 4214,3780,1638,3669,479
4711: 2949,540,4498
84: 3593,4374,3724,4330
85: 2003,2752,2410,4257
86: 1680,3829,3869
87: 
88: 2569,2737,3452,2950
89: 1289,2990,2004,91,4440
90: 812,4205
91: 297,2392,2168,2990,89
92: 3651,4671,3661
93: 3894
94: 4606,1910,3761
95: 2994,2348,4287
96: 3913,1708
97: 3319,3175,4345,3464,3322
98: 681,3859,4719
99: 3844,475
100: 3487,3468,4821,1459,2608,1247,1079
101: 4502,1895,664,1486,314
102: 2680,4714,4595,3749
103: 74,2489
104: 
105: 886
106: 1799
107: 927,1860,1072,2098,1191
108: 1113,3066,1388,1112,3372
109: 2158
110: 4526,1836,2004,4440
111: 55,4675,424,1767
112: 
4791: 4120,2396
114: 
115: 3743,3921,1390
116: 3773,4157
117: 4767,3563,4484,4066
118: 
119: 2441
120: 1126,1260,1402
4529: 1251,2184,2940,852,341
122: 2984,490
123: 4242,1541,1641
4680: 77,3328,1677,1080,3854
125: 669,3363,2513,1913
4532: 3019,973,2692,2364
127: 1183,4518,1479,3723,4548
128: 4632,529,4439
129: 359,2058,4148
130: 4281
131: 1906,849,1629
132: 
133: 1758,4661
134: 
4596: 2885,3657,3959
136: 2355,2942,560
137: 
138: 4176,3563
139: 3120,425,2179
140: 582,2341
141: 3596,4184,3940,3784,654,4129
142: 480,765
143: 2462,4256,2518,521
144: 484,4377,68,936
145: 2491
146: 
147: 
148: 3717,4575
149: 1754,934,806
150: 3278,183,1339
151: 3744,3658,2351,1881
152: 2744,2182,815,2789
153: 4005,868,4726
154: 3783
155: 1715,1985,1194,4769,3011
156: 622,1179,4803
157: 2931,632,3202
158: 3803,1962,4277,2504
159: 4676
160: 3818,4807,4439,303
161: 4547,2017,3449,75,2650
162: 3856,442,999
163: 2113,2892,1327
4762: 993,1129,507
165: 3584,2676,2858,655,4093
166: 940,663,3209,380
167: 229,3755,22,2245,1840,1794
168: 2974,941,558,4382
169: 3192,4090,251,2182
170: 4601,3681,2369,2537,4049
171: 2261
172: 4520
173: 3513,3488,583,4723
174: 2859,4758,1074,3787,3144
175: 2872,3405,72,4102,1058
176: 4507
177: 4733,3807,2098,1191,4238
178: 
179: 371
180: 2290
181: 1394,1885,3370,3381
182: 2961,908,3110
183: 3278,150,57,968
184: 1184,3137,1328,923
185: 1154,856,967
186: 
187: 4033,4181,1366,226
188: 2560,4447,1980,2455
189: 1608
190: 1688,777,3167,4719
191: 1811,2684
192: 1446,4612,3920
193: 3545,2174,738,2646
194: 2547,1222,4348
4771: 1718,2721,4007
196: 4405,2338
197: 
198: 1448,2459,1974,4693,4691,3499
4796: 4020,2461
200: 4252,3355,1562,1738,3054
4634: 4062,422,246,2416,561
202: 1429,3385
203: 
4794: 1507,558,4763,617,864,976
205: 4077
206: 2432,823
207: 2156,4716,375,3522,325
4785: 2686,1874,2610,336
209: 20,1705,3987,3553,1008,3512
210: 3877,1201,216,1397,2764
211: 1242,3921,3743,3967,1285
212: 2840,355,4775
213: 2484,2403,3109,2520,695
214: 1598,3231,411,3336
4507: 176
216: 40,1694,1397,3524,210
217: 971,2426
218: 1661,710,2481,3710
219: 2938,4652,4598,3332
220: 4489
221: 4524,2015,2426,2199
222: 2407,824
223: 1540,644,2999,990,2284
224: 41,2241,913
4613: 1221
226: 3229,4181,187
227: 4668,679,58,3318,2878
228: 426,4043,1430
229: 3755,167,1840
230: 1590,3050,2064,2436,994,4079
231: 
232: 1934,2324,2023
233: 392,3162,2239
234: 577,3989,3561,599
235: 357,1127,1284,3785
236: 2964,4806,787,4658
237: 427,4646,2800,2473,687
238: 4073,3332,4761,1073,2938
239: 3734,4391
240: 2902
241: 3411,4257,530,242,36
242: 1854,3812,769,36,3411,241,4617
243: 943,4139,4088,487
244: 4450,304,4125,4589
245: 1096,4240,3679,287,1222
246: 701,517,1377,4634,422
247: 2882,2013,364,3333
4698: 2024,4580,1517
249: 
250: 4084,3931,4157
251: 3034,169,4090
252: 1561,4359,2779,3004,2097
253: 4385,1294,567,406
254: 1372,4016,4424,2106
255: 3935,278,547
256: 4177,3123,3398
257: 992,1893,3567
258: 2355,3490,4420,2942
4481: 316,4095
4693: 4691,2208,3071,198
261: 2567,2381,3129
262: 
263: 4728,1305
264: 4746,572,2936,4395,3732,1438
265: 1423,2316,1106
266: 2897,1543,4341
267: 
268: 3747,2647,3712,3264
269: 3665,893,4201
270: 2813,4369,729
271: 4050,2378,2301,4271
272: 1735,2623,4506,2533,3849,4628,1362
273: 4082
274: 1947,3736,4644
275: 3249,2148,1186
276: 1785,3554,3870,883,4057
277: 3369,4737,3240,1891,1949,4094
278: 3513,255,3882
279: 2109,4303,4187,1089,1209
280: 2924,2632,2453
281: 4410,1358,1755
282: 3531,2770,3173,1174,677
4446: 1140,1107
284: 4289,624,3107
285: 1172,1303,1150,4801,2153
286: 4445,2422,3486,2980
287: 3997,245,1222
288: 
289: 2711,419,3760,3893,1450
290: 2280,3827,4726
291: 
292: 3476,1316,4691,3339,380,2459
293: 3498
294: 3531,1227,2770,1762,4627,791,640
295: 2247,441,3802
296: 3094,3914,2060,3696,2407
297: 4538,91,2168
298: 2155,1120,789,4469,2596
299: 696,3360
300: 2174,2497,1989,1597,3065
301: 4111,543,2856,4309
302: 3160,4030,439
303: 2517,2782,160,656
304: 4450,244,4665,1067
305: 4703,1685,3523,3047,1668
306: 3721
307: 437,1723,4657,4138
4752: 2395,1555
309: 3184,601,703,1533
310: 2759,4776,2034
311: 4170,916,2858
312: 
313: 623
314: 3637,101,664,1486,2768
315: 4097,4083,64
316: 4050,2378,1649,4481
317: 4055,697,4574,610,3011,4567
318: 1734,29
319: 3842,4626,489,1867,921,1322
320: 4056,74,3400,2489
321: 4420,334,1609,1025
322: 
323: 3591,2682,1129
324: 4245
325: 1551,3522,2156,2877,207,2139
326: 4702,1680
327: 2160,3389
328: 1825,4653
329: 2821,790
330: 
331: 2111,1226,1276,2557,4619
332: 2712,939,68,3156
333: 912,437,1723,875,3218
334: 1068,4420,321
335: 2783,1907
336: 2686,4785,1874,1382
337: 1157,4736,3472,3537,2910
338: 4633,3509,1412
339: 3515,737,1658,4408
340: 4761,3313,4401
341: 852,4529,2843
4580: 2272,3153,4698,2024,34,1517
343: 4387
344: 1632,877,3855,4659,72
345: 2439,1693,4006,2207,0,3204
346: 4499,4065,562,1841,4412
347: 3652,4760
348: 895,2987,1845,4292,1768,4631
349: 4685,2316,2031
4458: 4664,4687,1639
351: 4594
352: 3273,567
353: 4370
4766: 4621,4129,3940,1169,2451
355: 4031,3950,212,2840
356: 2209,3277
357: 235,1127,1265,1405
358: 16,4072,1316,2510,3209
359: 129,721
4570: 966,2502,3373
361: 2271
362: 694,1839
4740: 3201,2885
364: 4110,247,3333,4643
365: 4705,2206,1583
366: 4494,3881,4823,948,795,3263
367: 4466,3705,3802,2247
368: 3861,4261,851,1078,3367,963,1585
369: 
370: 4033,4688,3467
371: 179,867,3928
372: 4593,4462,1245,3149,2403
373: 1086,3964,2068
374: 3672,4699,2050
375: 4716,3419,3558,207
376: 1053,863,1308
377: 4478
378: 3731,1678,1872
379: 
380: 1783,3124,166,3476,292
381: 
4659: 3253,3855,3405,3353,344
4452: 
384: 1359,3618,2720,4295,4231,1560
385: 2680,1243,1640
386: 2124
387: 3608,521,4064,2589
388: 2617,2809,4415,2671
389: 3116,3210,2801
390: 414,1770
391: 1110,2875,4812
392: 233,3162,2239
393: 1006,1385,1527,1468,2576
394: 1699,2842
395: 2466,3770,4007,1457
396: 1270,819,3736,1350
397: 1416
398: 4631,1187,2987,4467,4609
4592: 1006,1061,3453,1675,3576
400: 
401: 2487,2929
402: 679,58,3280,723,1844
403: 660,2047,937
404: 2672,1794,2206,1104,493
405: 
406: 567,253,1178
407: 3700,1313,4754,3647
408: 2551,4533,4799
409: 1186
410: 1185,3702,1975,80,2099
411: 3336,214,3681
412: 2997,1915,1182,4403
413: 2169,2884,4564
414: 390,2293,917,1450
415: 2528,3553
416: 3707,3717,3516
417: 3923,1106,977,2758
418: 2718,4759,3327
419: 289,2711,1450,1849,1770,633
420: 2575,3831
421: 4272,583,3355,826
422: 4634,1925,701,246,2823
423: 1812,4025
424: 2851,4457,55,111,1767
425: 4262,139,1960,2179,4813,4294
426: 2759,3817,228
427: 624,237,4646,3132,4119
428: 2439,4074,0
429: 2216,3404,2100,481,4371,1459
430: 3916,4106
431: 4768,2909,1634
432: 3976,1307,1712,4492
433: 1449
434: 59,4781,4671
435: 3519,3411,2279,2889
436: 1871,2135,600,498
437: 1723,307,333
438: 1927,573,2175,4226
439: 1121,850,801,302
440: 4176,60
441: 1820,295
442: 1773,4216,162
443: 4521,4104,2083
444: 2189,2254,1170,929
445: 2863,1391
4621: 4766,4129,654,1685,1169,4207
447: 4782,2311
448: 1548
449: 4089,2905,4037,4473
450: 1959,2732,3673
451: 3173,3640,935,677
452: 2440
453: 3839,2961,3232,2500
454: 
455: 72,4102,511,3977
456: 766,2508,1747,1750
4691: 4693,2208,3339,292,198,2459
458: 2200,592,756
459: 1743,2850,4109,2655
460: 1369,1382,3806,1859
461: 4459,2121,2495,865,832
462: 
463: 
464: 1300,748
465: 1800
4688: 4033,370,4181,3467,3569,4327
467: 1724,4564
4748: 1053,2264
469: 3110,3839,2316
470: 4610
471: 43,691
472: 
473: 2630,2306,3497,3318
474: 1082,2864,3158,3409,3671
475: 3793,3746,99
476: 54,3698,1617,2939
4810: 4017,2037,2279
478: 4809,1906,1516
479: 1005,506,3780,82
480: 897,142
481: 4371,1459,2608,1503,429,3404,4270
4755: 2107,3084,986
483: 3022,1908,1564,2740,3103
484: 144,936,4542
485: 4288,2383,2906
486: 1661,1642,3800,3720,1028
487: 2161,243,943
488: 1217
489: 18,1867,1322,319
490: 3592,2984,122,3606
491: 4003,4048,4451,1769
492: 2531,1401
493: 2730,4252,1840,1794,404
494: 4557
495: 3843
496: 4117,2855,3275
497: 1185,3834,1507,4382,976
498: 854,2892,600,436,2250
499: 1425,3982,801,1121
500: 1139,1339,1992
501: 
502: 548,3354
503: 2750,859,605,3644
504: 4617,769,564
505: 3450,3731
506: 1005,479
507: 2867,4762,993
508: 3446,2784
509: 972,4131,597,3650,1409
4663: 1657,1668,3508,4062,1925,4095
511: 1575,3977,4024,4678,455
512: 1389
513: 1243,2001,3919,2071,4042,2362,707
514: 4039,646,3458,3150
515: 3831,4525,1365
516: 1204,2783
517: 701,246,1083,4409
518: 658,2523,3908,4121
519: 4163,4713,4523,4392,1897
520: 2154
521: 387,4064,2518,143,3023
522: 2365,2594,2756,1796
523: 862,4658,919
524: 
525: 2565,1791,2198,3922
526: 949,1355,2073,4367
527: 2691,2256,2523,3908
528: 4221,2140,3766,3337
529: 4549,4439,4632,128,1805,1519
530: 3079,673,705,241
531: 1477,1895
532: 2640,3601,1045,3038,3897,2860
533: 4466,4052
4800: 4060
535: 4293,627
4518: 1183,127,4548,1022,4100
537: 
538: 2957,3481,1298
539: 
540: 4498,3566,4711
541: 4772,1101,4563,4306,2696
542: 2645,4650
543: 301,4111
544: 795,3377,4130,3188,3527
545: 983
4759: 3345,3680,2130,418
547: 255,1419,3882
548: 502,1586
549: 2857,4041,3005,987
550: 1377,4360,1419,2839
551: 4209,2825,2722
552: 4808,3428,1151
4602: 3990,2435
554: 
555: 2695,1195,1573,4434
4636: 643,1108,568,2748,2370
557: 1105,3668
558: 1507,4794,4763,168
4511: 2827
560: 136,2942
561: 2416,3523,1377,1970,4634
562: 1841,643,346,822
563: 1133,4089,1435
564: 2847,504,3693
4814: 1389,24,4425
566: 1708
567: 406,352,253
568: 2062,4636
569: 730,1516,2164,1051,647,3617
570: 2174
4494: 366,948,734
572: 4746,264,2936,4395
573: 2125,1849,2178,3379,1927,438
574: 2912,3947,1274
575: 4545,1251,2843,2184
576: 4490,3976,1651,785,2969
577: 234,3989
578: 3368
4641: 4692
580: 1084,1762,640
581: 2604,1103,3580,2968,1501
582: 140,3385
583: 4272,421,4723,3488,173
584: 4305,3127,3384,4151,3206
585: 4425,3789
4823: 948,4337,3881,3556,366
587: 4453,886
588: 1418,4002,2495,865
589: 
590: 1651,1520,1846,4490
591: 3362,3662,2656
592: 458,4113
593: 3659,2540,2359,3936,4708
594: 2779,3945,1231
595: 2775,1692
596: 3463,784,881,2009
597: 3650,1299,509
598: 3781,1888,1440
599: 3208,234,3100
600: 3706,436,2250,498
601: 309,3184,4732,1407,4816
602: 2336
603: 1467,2622,3362,3591,2656
604: 2913,2595,3222,4073
605: 2424,503,3644,1082
606: 2215,2370,822,4134
607: 1317,4483,2522
608: 
609: 3990,4581,2423,2799
610: 317,4055,697,3646,3559
611: 1439
612: 4654,3776,851,1368,835
613: 
614: 
615: 1884,2204,1577,2678
4767: 117,2449,4132
617: 864,771,4794,4763,3562,976
618: 984,3697,4028,2773,3296,1850
619: 2774
620: 
621: 2158,959
622: 156,4803,1246,3603
623: 313
624: 427,284,4289,3107
625: 4356,1703
626: 
627: 4293,535,2870,4269
628: 835,4449,1500,1368
629: 
630: 3046,4153
631: 
632: 3975,3715,3202,157,4339
633: 1770,419,2125,1849
634: 4155,779,2556
635: 3419,4756,3522
636: 3915
637: 4156,2721,1718
638: 2594,4535
4806: 1291,2548,2964,236
640: 2028,3173,1762,580,1084,2770,294
641: 3904,3293,672
642: 4504,3628,3445,4265
643: 4636,562,1841,2062,822
644: 1540,223,2999,4313,1398
4530: 3792,4278,3085,2039,3112
646: 514,4039
647: 2481,3617,2164,569,1661
648: 3125,2568,1968,1503,732,2496,1733
4660: 2313,3290,2562
650: 1589
651: 1804
652: 3176,3095,2280,4616
653: 4647,1520,2778,3069,1633,1736
654: 1685,3784,141,4621,4129
655: 3655,165,2858
656: 3365,2517,303,2462
657: 1549,3329,1813,2870
658: 518,2523,4218
659: 2699
660: 403,2131,1920
661: 1447,2780,1814
662: 
663: 166,2500,2510,3209
664: 101,314
665: 2848,3074,3903,3704,3801
666: 3953,4512,2798,1631,2333
667: 2219,3022,4320
668: 1223,1397,1095,1215,712
669: 125
670: 1181,3505,2359,1853,2225
671: 3306,3408,4498
672: 641
673: 3079,530,4085,2430,3830
674: 4774,969,2358,4566,3902
675: 1817,3248,4059,2322
676: 
677: 3310,282,3173,451
678: 3484,915,3337
679: 4668,58,227,402,1196,3280
680: 2093
681: 3957,98,1846
682: 
683: 2307,4258,3343,4554,1080
684: 4642,994,1771,2064
685: 4608,2664,4242
686: 4672,1912,997
687: 3772,2989,4560,237,2800
688: 3016,4235,1712,4492,942,3353
4675: 55,2734,1982,1806,111
690: 2162,2295,2971,4060,3539,2417
691: 1565,43,471
692: 1165,4455,38,1319,1198,2327
693: 
694: 2976,362
695: 711,712,213,2520,2804
696: 299
697: 317,610,4567
698: 754,1345,3541,2829,1962
699: 2033,2669,2676
700: 1287,3028
701: 517,246,1083,2823,4142,422
4457: 424,2851,1879,1767
703: 3626,1533,309,3184
704: 13,1393,2401,840,4063
705: 1168,3079,530
706: 2043
707: 788,2203,3919,4744,513,2001
708: 1641,1112,1113,2512,1569
709: 3393,4154,2,1438,4695
710: 218,3720
711: 3604,695,2488,1392,2804,1940
712: 3604,695,1215,1223,668
4629: 3382,2582,3583,4517
714: 1424,4773,2812,3948,1189,1232
715: 1929,4013,3925
716: 
717: 4736
718: 3236,3825,1702
719: 4795
720: 1041,3019,1190,3824,2364
721: 2780,359
722: 2666,4546,2624
723: 1134,1742,1647,402,1844
724: 1365
725: 3750,3185,2885,3201
726: 878,3201,857,18
727: 4551,775,2052,2208,3339
728: 3726,797,1061,3931
729: 2627,2104,4447,4369,270
730: 569,1516,2753,1906,2164,2212
731: 
732: 4569,1503,1256,648,2496,1733
733: 4558,2256,2523
734: 2750,859,4494
735: 
736: 2123
737: 4137,1658,4408,339
738: 2174,2497,193,2146,2646,3412
739: 2346,3172
740: 825
4561: 2398
742: 2967,2726,1046,2702
4706: 
744: 1865,3597
745: 1444
746: 888,1469,2826,3818,1862
747: 2070,1969
748: 3829,464,3869
749: 2661
4598: 2319,952,4652,219
751: 3409,1905,4727,1880,3358
752: 1136,2303,3734
753: 1678,4297,1635,1133
754: 698,2829
755: 1233,1192
756: 3303,1361,3860,458,2900
4499: 346,2269,4412,69
758: 
4627: 1762,4567,1985,791,294
4702: 326
4603: 3112,841,3085
762: 2177
763: 2943
764: 2503,1971,1302
765: 1553,142,1703
766: 22,4712,933,456,2508
767: 2881,2749,1998,1518,2241,2339
4469: 2596,298
769: 1854,242,4617,504,14,1882
770: 1893,4437
771: 617,864,3630,4537
772: 2578,3192,2869
773: 2802
774: 2807,4031,4651
775: 4551,2021,727,16,3294,1175,3339
776: 
777: 1688,190,3167,1372,1255
778: 856,4396
779: 634,2556
780: 4268
781: 1749,2992
782: 1797
783: 4103,2075,4750,4116,4041
784: 4393,2731,2449,596,881
785: 2969,1651,576,3534,1288
786: 1135
787: 3889,236
788: 707,2203,3365,3919,1141,4744
789: 4805,2738,4780,52,2155,298
790: 951,329
791: 1134,1742,1985,4627,1227,294
792: 4099
793: 4382,3852,3416,3702
794: 3447,1070,3511,3,4251
795: 544,3377,3263,4130,3881,366
796: 3238,3459,4378
797: 728,3726,1689,1714
798: 2054,3597
799: 2945
800: 2491,4676
801: 3160,1121,439,499
802: 2989,3174
803: 4442
804: 3246,824,2838
805: 2964,3036
806: 3482,149
807: 3757
808: 1545,4562,1930
809: 3456
810: 3140,3739
4812: 391,2875
812: 90,3668
813: 2948,4094,2601,1073,2938
814: 996,3147,3291
815: 3903,152,2789,873
816: 2657,3181,2642
817: 841,4722,1763,2830
818: 4381,2866,1051,4769,3617,1194
819: 1270,396,3736,3422
820: 3048,1398,1607,4078
821: 
822: 562,643,606
823: 2532,1384,2432,3599,206
824: 804,3246,222
825: 740
826: 1706,1375,4329,3571,4272,421,3577
827: 4454,2977
828: 2273
829: 3208,1825,3906
4513: 1216
831: 1383
832: 4399,4591,2495,461
833: 1574,1538,3757
834: 4310,2618,1578
835: 1370,628,1368,612,1164
836: 3927,3072,1773
837: 4306,4772
4496: 4333,1655,1359,3618
839: 81,2764,2424
840: 704,2401,2443,4383
841: 817,4603,2830,3085
842: 3805
4542: 2168,484,2392
4556: 1468,2576,4775,2463
845: 2353,3859,2614,3334
846: 3854,1646,11,2851,2970
847: 
848: 1892
849: 131,1629,3957
850: 439,3515
851: 3861,368,1368,963,612,3776
852: 3969,4529,3748,341
853: 2649,2110,1869
854: 498,901,1499
855: 1858,1014
856: 967,778,1416,1399,185
857: 18,1867,4219,3201,726
4799: 3899,408,2132
859: 503,734,3644
4666: 4370
861: 3166,3177
862: 523,1535,919,2176
863: 376,1053
864: 617,771,1578,4794,4763
865: 588,1418,4002,2495,4144,461,2121
866: 
867: 371
868: 3827,4726,2133,4005,153
869: 1480,2320,1580,3895,2030
870: 1635,4539,3123
871: 3318,3088,1598,2630
872: 1409,2111,1226,1581
873: 3510,3704,815
874: 2609,4222,1851,911
875: 3218,333,912
876: 4386,1189,1232,3639
877: 1982,1919,344
878: 726,2660
879: 3841,4182,4784,3491,4662
880: 
881: 4790,4304,2731,784,596,2009
882: 3788,1945,4808,4097
883: 4348,3870,1785,276
884: 4591,3095,2715
885: 4126
886: 1148,587,105
887: 1632,1842,3018,1919
888: 746,1469,4027
889: 1989,1510,1437
4630: 
891: 4112,4198,4733,2563
892: 3535,3516
893: 3182,269,4201,1141
894: 3080,3037
895: 348,2987,3234,2757
896: 3350,1032,4337,1918
897: 480,1057
898: 3841,3826,2210,4784
899: 1611
900: 4416,2817,3211,2581,3759
901: 1871,1310,4783,1499,854
902: 2603,2347,4778,1011,4622
903: 4110,2698,3792,2593
904: 3259,4308,2934,3756,3930
905: 3272,3768,3408
906: 1047,3631,4770
907: 3297,3180
908: 4388,2369,4049,182
909: 3971,1394,1802,1917,2000
910: 3517
911: 965,2597,2609,874
912: 333,45,875
913: 2339,3751,2241,224,2702
914: 4492,942,3821,3018
915: 3484,678,2126
916: 311,4078
917: 2570,1450,4728,414,2293
918: 
919: 2176,862,523
920: 4565,3796
921: 3271,3962,1867,4219,4626,319
922: 3706
923: 3542,4781,1328,2949,3155,184
924: 1594,3392,2719,4313,3048
925: 1876,2236
926: 4290,4645
927: 107,1860,1616
928: 3624,1238,3063
929: 2543,444,2189
930: 2168,2552
4488: 971,3910,3233,4391
932: 4468
933: 766,3715,2508,3102
934: 149,1754,2932
935: 3640,451,2266
936: 4032,68,144,484
937: 2047,4344,403
938: 3631,1077,4124,1744,1756
939: 3315,2712,332,3714,1413,3156
940: 166,2500,3232,1423,2080
941: 2529,3852,2974,168
942: 4492,914,1632,688
943: 243,4139,487
4811: 2784,4653
945: 
946: 3416,3491,4662,35
947: 4704,3421
948: 4823,4337,366,4494
949: 526,1355
950: 3452,2366
951: 790
952: 4598,2161
953: 3786,2872,3259,2934
954: 2663
4521: 443,4104,3114
956: 958,2926,3996,2572,3936
957: 1279,76,1900,1436
958: 956,4213,2736,4708,26
959: 621,2418,3161,3279
960: 4366
961: 3257,2509
962: 4655,3619,2456,3391,4406
963: 1585,3861,368,851,3776
964: 1181,1405,4451,1265
965: 1980,911,2455,2597,2609
966: 4570
967: 856,185
968: 3005,57,2767,183
969: 674,3116
970: 
971: 3910,4488,217,2426,1648,1622
972: 509,4131,1697,2919
973: 1299,2692,2610,4532
974: 1327,4170
4623: 2990,2607,2599,3227,4193
976: 3562,4286,617,1507,4794,497,3834
977: 3785,2758,1494,3923,417,3917
978: 3584,2676,4428,2033,3055,4093
979: 2638,4254,2633,3386
980: 
981: 
982: 3001,2262,4550,1664
983: 1300,2296,1202,545
984: 618,3697,4390,1850
985: 3424,3517,3515
986: 3736,4755,2107,3309
987: 4101,4116,549,4041,1433
4664: 3033,4458,3388
989: 1376,3233,1622,4147
990: 3316,4622,1987,4783,223
991: 4788,4231,2814
992: 257,1829,1369,1056,3567
993: 4762,1281,507
994: 684,4079,2064,2436,230
995: 4001,1922
996: 3229,3147,814
997: 686,3602,1912
998: 
999: 162,1202,4649
4539: 3874,870,4614,3123
1001: 1458,4063,1722,1732,2443
1002: 1729,4485,2580,2598
4792: 12,3475,4199,3169
1004: 3501,3301,2838
1005: 506,2301,479,4271,4822
1006: 393,4592,1061,1385,1527
4673: 4683,3595
1008: 2761,2330,1779,3553,209,3512
1009: 2706,4421,3719,2433
1010: 1046,1488,2967,2635
1011: 3316,4622,4778,2275,902
1012: 3105,1918,25,2750
4516: 42,2232,3946
1014: 1858,855
1015: 2096
1016: 1780,1241,4198,2817
1017: 1847
1018: 1795,4476,4211
4565: 920,2236
4720: 2405,1554
1021: 2806
1022: 3996,4100,1441,4518,1637
4650: 542
1024: 3051,1506
1025: 1609,1570,4428,1324,321
1026: 1887,1674,1308
1027: 2201,2232
1028: 2615,3720,2076,1642,486
1029: 3873,4280,3550,3714,3391
1030: 
1031: 4322,1176,4085,3830
1032: 1465,1888,896
1033: 2234,3692
4739: 3627,4474,4098
1035: 
1036: 
1037: 3148,3892
4704: 3028,947
1039: 1868,1709,2441
4722: 2612,2088,1763,817
1041: 720,3019,4818,3393
1042: 2420,1381,2350
1043: 2577,4519
1044: 
1045: 2427,3733,3038,532
1046: 1931,1488,1010,742,2967,2726
1047: 906,2351,4279,2782,3434
4670: 3285,4282,3312
4764: 4765,1212,1883,3017,2893
1050: 2012
1051: 4809,4769,569,3617,818
1052: 2743,32
1053: 376,4748,863,1308
1054: 3161,3305,3279
1055: 3765,4069,4418
1056: 1369,992,4582
1057: 897
1058: 4228,2101,3405,175
1059: 1683,4149,4805
1060: 2941,3014,2828
1061: 1006,4592,3576,728,1527
1062: 52,3203,1216,2738
1063: 1211,3268,4586,4593
1064: 4742,4321,4528,3273
1065: 1070,2755
1066: 
1067: 3623,304,4536
1068: 2942,334,1325,2771
1069: 3873,38,2327,4406
1070: 1065,2755,4251,794
1071: 
1072: 3807,2249,2098,2922,107,1860
1073: 4761,2948,813,2938,238
1074: 3923,2859,174,3144,1076
1075: 
1076: 2530,3144,1074,3923,3917,3689
1077: 938,3631,2474,4770,1744,1756
1078: 2842,3302,3367,4261,368
1079: 2568,1968,3283,100,1459,2608,1247
1080: 1677,4554,683,2307,77,4680
1081: 
1082: 2864,474,2373,605,3644
1083: 4409,3283,701,517,4142
1084: 580,640,2028
1085: 
1086: 373,4377,68,2068
1087: 4305,4047
1088: 4353,1709,2441
1089: 4187,2114,8,279,2109
1090: 2068,4128,1569,1112,3964
1091: 4451,1769,1265,1974,3284,1127
4689: 2713,3053
1093: 1650,4061,4107,2883
1094: 1345,2875,1787
1095: 1397,1326,3524,1215,2484,668
1096: 4240,245,8
1097: 1408,1676
1098: 2703,2762,4273,4026
1099: 1729,4485,1323,1259,2807
1100: 1447,3587
1101: 541,4563,2696,4376,3321
1102: 3926,2844,1554,3121
1103: 581,2604,4015,3988,2968
1104: 4665,404
1105: 3668,557,3431
1106: 2080,265,1423,417,2758
1107: 1574,4446
1108: 1940,2488,3596,4184,4636
4604: 1425,1916,2571,2380
1110: 391,2875,2235,1334,2620
1111: 3507
1112: 708,1113,108,1090,1569
1113: 3066,108,3878,708,1112
1114: 1920,4050,2659,1967
1115: 4480,4120,3967
1116: 3873,4178,3728,4280,38,4010
1117: 3371
1118: 2104,4447
1119: 3728,4280,1354,3775,3550,1588
1120: 2155,298,1261,2596,3359,1952,2695
1121: 3901,439,801,1425,499
1122: 3725,4475
1123: 1704,2512,1788,2853,2559,4576
1124: 2169,2884
1125: 2541
1126: 3540,120,1260,1498
1127: 235,357,1284,3284,1091,1265
4717: 4126
1129: 2679,4762,323
1130: 1652
1131: 2586
1132: 2186,1489
1133: 753,563
1134: 723,791,1742,1227,1844,1990
1135: 4418,786
1136: 752,4339,3709
1137: 3705
1138: 2440,1666
1139: 500,3986,4657,1515
1140: 4205,4446
1141: 3919,4201,893,3365,2362,788
1142: 3375,3435,4495
1143: 3304,3246
1144: 4233,2304
1145: 5,1268,4196,2958
4554: 1677,4217,3727,1080,683,3343
1147: 
1148: 1167,886,3924,1529
1149: 2045
1150: 1303,3254,2868,1172,285
1151: 2920,4088,552,1267
1152: 1639,3033,2185
4559: 1819,1475,2129,2408,2048
1154: 185
1155: 1435,1872,1865,4473
1156: 4413,1320,3041
1157: 4736,3472,337
4484: 3563,3537,2910,117,4315
1159: 1572,3046
1160: 44
1161: 3178,2995
1162: 3610,1329,3948
1163: 2741,4104,1242
1164: 2311,835,4654,2685,1312
1165: 4455,692,2327,4709,2483
1166: 4107,3363,3133
1167: 1148,3308,1529,2274
1168: 3512,705,1705,3079,3830
1169: 2077,4207,4621,4766
1170: 2254,4088,444,2189
1171: 3764,3291
1172: 4180,4243,1877,2868,1150,285
1173: 2009,2628,1749,3034,3193
1174: 1534,1990,3766,3531,282,4221
1175: 16,1316,775,3339
1176: 1031,4322,1838,4804
4705: 1604,2206,365,1583
1178: 2803,406,4362,3403
1179: 3676,156
1180: 1747,4193,1289,2607,1720
1181: 670,4316,964,3505,1405,2959
1182: 2879,4136,4403,2587,412
1183: 4518,127,1479,1200
1184: 2944,184,3137,3235,1328,2628
1185: 497,3702,3834,1975,410,4326
1186: 409,2148,275
1187: 398,4609,2227,2081
1188: 3127,2724,4047,3351
1189: 876,1232,3639,714,4773
1190: 720,3824,2171
1191: 4238,107,2098,3290,177
1192: 1233,755,3572
1193: 
1194: 1715,1985,155,4769,818,4381,1647
1195: 555,2695,1307,3069,4434,1633
1196: 3280,3088,679
1197: 2747,3804,4206,3077
1198: 1319,2121,1993,692,4285
1199: 2798,2065
1200: 1474,3623,1183,1479
1201: 3877,210,2764,3838
1202: 4649,999,983
1203: 3841,4182,3420,2720,2602
1204: 3421,2808,2837,516
1205: 4388,2369,4209,3754
1206: 2861,1462,3334,2614,2637,1485
1207: 3559,4228,2934
1208: 3932
1209: 4424,279,4303
1210: 
1211: 1063,3268,2480,4593,1326,3524
1212: 4764,4765,1883,4365,1930
1213: 3664,2022,1454,1681
1214: 1523
1215: 1095,2484,668,712
1216: 1062,4513,4533
1217: 488,4260
1218: 4121,1965,3035
1219: 1576,2437
1220: 4037,4520
1221: 4613
1222: 8,194,287,245
1223: 2764,3111,668,3604,712,81
4786: 1945,2788,3101,1917
1225: 2571,3901,1425,2159
1226: 2111,331,4619,4131,1409,872
1227: 3531,2770,294,1134,791,1990
1228: 1597,3065,3811,3794,2117
1229: 4346,2026
1230: 1592,2788,1945
1231: 1672,3945,594,4359,2779
1232: 1189,876,714,2089
1233: 755,1192
1234: 41
4778: 2053,3845,2275,4172,902,1011
1236: 1881,4124,1315
1237: 2235,3699,2509,28
1238: 3954,928,3063,2933
1239: 4301
1240: 3108,2117,1597,3068
1241: 1016,1780,2817,3066,1388
1242: 211,1163,4104,1285
1243: 513,2001,1640,4042,385
1244: 1442
1245: 1856,3149,372,3109
1246: 4394,4803,622,3603,1878
1247: 100,4821,1079,3283
4505: 2471,1570,2696,2752,4563
1249: 3370,3708,2254,3381,2760
1250: 1876
1251: 4529,2843,2184,575
1252: 2399,3579,3625,2337
1253: 2105,2,4695
1254: 2863,3915
1255: 1372,1688,777,2614,2353
1256: 732,4569,1733,2167,1789
1257: 4188,3682,2604,3603
1258: 2901,2666
1259: 1323,4611,3415,1099,1729,2580
1260: 1402,1126,120
1261: 2155,1120,52,3203,1952
1262: 4125,3582,4686
4451: 1091,1769,1265,491,964,1405
1264: 
1265: 1091,4451,357,1127,964,1405
1266: 2272,3153,4276,1732
1267: 2254,3381,3428,1151
1268: 1637,1145,5,4196
1269: 3764,3991
1270: 396,819,3103,3422,1564
1271: 4789,1793
4701: 3403,2803
1273: 2689,1774,2506
1274: 3947,4341,2243,574
1275: 3461,2561,4394,1878,2061
1276: 2111,331,3846,2557,2066
1277: 3298,2571,3554,4057
1278: 3078,2143
1279: 957,4319,1436,3658
1280: 3128
1281: 993,2965
4760: 1365,347
4734: 1853,3659,3347,3414
1284: 1783,3124,3816,235,1127
1285: 3114,211,1242,3921,1390
1286: 3375
1287: 2498,700
1288: 3534,785
1289: 2607,89,1180,1720,3793,4440
1290: 4156,4250
1291: 2542,4806,2548,3887,3423
1292: 
1293: 2161,3819,4230
1294: 4385,253
1295: 4686,3287,3979,4637
1296: 2128,2653
4808: 1885,1945,882,552
1298: 2954,4013,2957,538,3925
1299: 973,2692,597,1434
1300: 983,2296,464
4781: 3542,923,4671,3651,434
1302: 1971,4364,2854,764,76
1303: 1150,3254,1954,285,4801
1304: 1402,2049,1624,1798
1305: 4571,2687,2570,4728,263
1306: 3666
1307: 1195,4434,1633,432
1308: 1674,376,1053,1026
1309: 1766
1310: 4783,1499,901,2999,2785
1311: 2927,3448,1843,3953
1312: 2685,2579,2311,1164,4679
1313: 3700,407,3745,4344,1973
1314: 3593,4692
1315: 3502,1236,4124
1316: 16,1175,358,3209,3476,292,3339
1317: 4483,607,2278
1318: 2088,1763,2965,4635
1319: 38,4010,1198,2121,692
1320: 4413,1156,3041
1321: 4777
1322: 4253,489,1867,3842,319
1323: 4611,1259,1099,1729,2565,2807
1324: 4428,2033,1025
1325: 1823,2942,1068,2771,1360
1326: 1095,3524,1211,2484
1327: 974,163,1981
1328: 3155,1184,184,923
1329: 3610,4707,1162,3700,2258,4754
1330: 3637,2760,3384
1331: 2739
1332: 2826,2722,3199,4027
1333: 3466,2684,2634
1334: 2235,1110,2620
1335: 
1336: 
4772: 541,4306,837,2709
1338: 4307
1339: 150,2017,500
1340: 
1341: 4159,3337,4668,2140,2878
4557: 4282,4122,494,4638
1343: 4086,2048,2493
1344: 3835,4753,1689
1345: 698,1094,1787
1346: 4023,4323,3451,3691
1347: 
1348: 3888,4381,2866,1904,3609
1349: 4268
1350: 3309,396
4535: 638,2594,1796
4817: 1809,2879,2587
1353: 4500,4413
1354: 1119,3550
1355: 1544,4349,2073,949,526
1356: 4288
4776: 310,2029,1778
1358: 4410,281,4108,1755
1359: 3618,2720,384,4496
1360: 1941,1325,1823,2771
1361: 3303,756,3860,4225
1362: 3849,1735,272,4562
1363: 80,2438
1364: 1439
1365: 4760,724,515,4525
1366: 187
4685: 349,4042,2031,4758
1368: 3861,851,1500,835,628,612
1369: 460,1056,1829,992
1370: 835,2685
1371: 3058,4687
1372: 254,1255,777
1373: 2690,3826
4466: 367,533
1375: 826,1706,4329,4544
1376: 3233,989,4147,1620,4725
1377: 550,1970,4360,246,561
1378: 3165,2431,2896,4782,1662
1379: 
1380: 2888,1620,2442
1381: 4023,1042
1382: 460,4006,1859,336
1383: 2653,831
1384: 2432,823,3456,2916
1385: 4775,2363,1006,393
1386: 1606,2393,3200
1387: 
1388: 108,1780,1241,3886,3372
1389: 4814,512,4425
1390: 2278,115,3921,1285
1391: 3688,3598,445
1392: 3784,3395,2804,711,2488,4184
1393: 704,13,2019,2649,2110,4063,4283
1394: 181,909,1917,1885
4563: 1101,541,4505,1570,4306,2696
1396: 2307,4258,3941
1397: 1095,216,210,668
1398: 4313,820,644,2999,2785
1399: 1416,856
1400: 2283
1401: 4017,3091,2460,492
1402: 1304,1260,120
1403: 1473
1404: 1602,2515,1728
1405: 1181,964,357,4451,1265,2959
4552: 
1407: 4816,3184,601
1408: 1097,2248,2197
1409: 872,509,1226
4784: 3491,3826,898,3841,879
1411: 3745,1432,4822,2982
1412: 3509,3690,338,3988
1413: 3714,3391,939,3156,3722
1414: 3750,3185,1704,1788,4128,1569,4312
1415: 
1416: 4396,397,856,1399
4510: 2278
1418: 588,4002,2495,865,2313
1419: 3882,4343,547,2839,550
4692: 1314,4641
4520: 172,1220
4578: 2648,4076,1550,2102,3492
1423: 265,3232,940,1106,2080
1424: 4263,714,4773,2812
1425: 4604,499,3982,1121,2571,1225
1426: 2302,2294
1427: 
1428: 3078
1429: 3539,202
1430: 2284,4043,228,4820
1431: 3806,1693,1859
1432: 4271,2659,4822,2982,1411
1433: 3719,57,4101,987
1434: 2023,1299,2692,2324
1435: 4089,1155,563,1872
1436: 4319,1695,957,1279
1437: 889,2189,4139
1438: 709,4154,3732,264,2936,4695
1439: 1364,611
1440: 598
1441: 1022,3996,4100,2572,1886,4003
1442: 1244
1443: 3533,2095,3174
1444: 2781,745,4324
1445: 4098,3008,1777
1446: 4612,3361,192,3895,2030
1447: 1100,3587,661,1814
1448: 198,1974,3499,1769
1449: 3251,1528,433
1450: 917,289,419,1770,414
1451: 3529
1452: 2824,4241,4208
1453: 3994
1454: 1667,2022,1213,1681
1455: 2213,2229,3500,2391,4526
1456: 2148
1457: 1977,2466,395
1458: 1001,4063,2019,3842,1722
1459: 481,4371,2608,429,3487,100,1079
1460: 
4729: 
1462: 1206,2861,4787,2637,4146,1485,2742
1463: 2478,3460,3966
1464: 2336,4583,2029,3461,2561
1465: 2566,1032,3105
4536: 1738,4665,1067
1467: 2622,603,2679
1468: 2576,4556,393
1469: 888,746,2544
1470: 3467,3368,2997
1471: 3011,2318,4769
1472: 4133,4314
1473: 1403,2413
1474: 2898,1200
1475: 1819,4559,2408,4438,2277
4606: 94,1926,4175,4599,4019
1477: 531,4735
1478: 
1479: 1183,127,2955,3723,3623,1200
1480: 2320,869,2030
4647: 1520,653
1482: 
1483: 
1484: 20,1705,3471,3830
1485: 4146,3663,2637,1206,1462,4787
1486: 2768,4362,4502,101,314
1487: 3457
1488: 1046,1010,1506,2635
1489: 2186,1559,1132
1490: 4011,2026,3939,2772,4417
1491: 4572,1768,3660,4631
4573: 4712,3102,1604,2672
1493: 2552,4253,3267
1494: 977,3785,3917,3142
1495: 2588,1521,4401,3044
1496: 2426,2199,1648,4399,2266
1497: 1611,1498
1498: 1497,1611,1126,3540
1499: 1310,901,2999,854,1607,2785
1500: 3861,4261,1368,628
1501: 2102,2968,581,3580,2941
1502: 73
1503: 481,2608,4270,732,4569,648,2568
4473: 1865,2054,449,1155,4037
1505: 1960,37,3269
1506: 1488,1024,2635
1507: 558,4794,4382,976,497
1508: 
1509: 4300,2166,3052,3134,3602
1510: 1989,889,3065
1511: 1905,4150,3649,4046,4259
1512: 3634,4092
4816: 1407,601,4732,54
1514: 3918,2674,3146
1515: 2746,1139,3986,4657
1516: 730,569,1906,4809,478
1517: 2536,3139,4384,4580,4698,2024,4383
1518: 1998,2241,767
1519: 4319,1805,4279,4549,529,3434
1520: 4647,653,1736,1846,590
1521: 3848,1495,3044
1522: 4804,2847,2691,4212
1523: 3892,2320,1214
4608: 2664,685,4633
1525: 2134
4793: 1617,2939,2883
1527: 3931,1006,393,1061
1528: 3251,1449,2825,2537
1529: 3308,3924,1820,1148,1167
1530: 4225,4820,2856
1531: 
1532: 2339,3751,2881,1775,66
1533: 3692,703,3626,309,4311,2465
1534: 1174,3766
1535: 862,3549,3029,4115
1536: 3329,4331
1537: 1765,3052
1538: 4757,4715,833
4801: 2153,1303,285,1731
1540: 223,644,2284,2719
1541: 123,2581,1608,3878
1542: 3927
1543: 266,2897
1544: 4349,1355,2073,2904
1545: 4562,808,3536,1955
1546: 3180,3561,3300
1547: 2593,3733,4643,4618,3038
1548: 448,4325
1549: 657,3236,2870
1550: 2613,4015,2102,2968,4578,4076
1551: 3522,1,325,2877,2139
1552: 2428,1978
1553: 765
1554: 1102,4720
1555: 4607,4244,4752,2395
1556: 3342,1950,2411
1557: 3813,3380
1558: 3211,2125,3759
1559: 2186,1489,3742,61
1560: 4295,4506,3618,384,2533
1561: 252,2779
1562: 1738,3451,200,3054
1563: 2848,3074,2707,3081,10,4192
1564: 483,1908,1270,3103
1565: 2454,691,43
1566: 3333,2714,2981,33
1567: 3394,3414,2056,2540,3012
1568: 
1569: 4128,1090,708,1112,1704,2512,1414
1570: 1609,4306,1025,4505,4563
1571: 4491,1939
1572: 1159,2434
1573: 49,3296,1948,555
1574: 1107,833
1575: 4005,511,4024,3154
1576: 3223,2437,1219
1577: 615,2204,3962
1578: 864,2360,4310,834,4763
1579: 2772,4190
1580: 4677,3895,2320,869,3207
1581: 2067,2111,872,4553
1582: 
1583: 4589,2303,3582,4705,365
1584: 1691,4501
1585: 963,3367,368
1586: 2705,4331,548,2479,4206
1587: 4004,23
1588: 3550,3195,3315,2563,4112,1119
1589: 3060,650
1590: 230,3050,2950,2436,2737,2876
1591: 3415,3532
1592: 1676,3454,2788,1230
4658: 3549,236,523
1594: 924,3392,3213
1595: 4058,2103,3872,2887,4199,3169
1596: 4690
1597: 1228,300,1240,2117,3068
1598: 3231,1958,214,871
1599: 2935,1719
4581: 2438,609,63,2423
1601: 1912,4504,2372
1602: 2515,1404
1603: 
1604: 4705,2206,3102,4573,2672
4538: 2229,297,3500,2670
1606: 1386,3200,4239
1607: 4584,2785,1499,820,4078
1608: 2581,3759,3878,189,1541
1609: 1570,4306,1025,321
4644: 3244,1798,1947,274
1611: 1497,1498,899
1612: 2202
1613: 3080,3749,1950,2914,4595
1614: 
1615: 
1616: 3470,2629,2928,927,1860
1617: 2939,4793,476
1618: 3833,4187,3958
1619: 2712,3886,3195,3315
1620: 3325,4725,1376,2442,1380
1621: 3887,4747,3226,2268
1622: 3233,989,4147,1648,971
1623: 
1624: 3632,2049,1304,4174
1625: 3435
1626: 1848,1971,3884
1627: 
1628: 4146,2654,4508,3447
1629: 131,849,3859
1630: 2905,4089
1631: 2065,666,4512
1632: 344,887,3018,942
1633: 1736,3069,1195,1307,653
1634: 1828,431
1635: 3410,870,4297,753
1636: 3490,2469,2669,3713
1637: 1268,1022,2736,4196
1638: 3669,1965,3780,2167,82
1639: 4687,4458,1152
1640: 1243,2001,385,2680
1641: 708,123,2871,4242,2853,2512
1642: 4215,3800,1028,486
1643: 2355
1644: 
1645: 
1646: 846,4724,11,3412
1647: 4381,1715,1194,723,1742
1648: 1496,2426,2266,1622,971
1649: 2823,316,2378
1650: 1093,1811
1651: 590,576,4490,3534,785
1652: 4299,3078,2143,1130
1653: 4508,4605,2654
1654: 4296,3344
1655: 2210,69,4496,4333,3420
4770: 2474,1784,906,3631,1077
1657: 1668,4663,3508,4703,3097
1658: 737,4137,339,4443
1659: 4444,1827,4019
1660: 4247
1661: 486,218,2164,647,2481
1662: 4718,3850,2896,1378,2431
1663: 2165,2643
1664: 4106,4467,4609,4550,3001,982
1665: 
1666: 1138,3529
1667: 2917,3621,2022,1454
1668: 1657,4663,2416,3523,4062,4703,305
1669: 4169
4788: 3820,991,4231,2814
1671: 1913,3170,3716
1672: 1231,4009,3061,2095,3945
1673: 2377
1674: 2811,1308,1026
1675: 2584,3453,2299,2271,4592
1676: 1592,3454,3876,1097
1677: 4554,1080,1855,4680
1678: 753,378
1679: 3737,2958,1752,5,4023,4710
1680: 86,4528,326,4321
1681: 1454,1213
1682: 4295,4231,3849,4628,3820,2766
1683: 1059,2415,3323
1684: 2181,2536,4558,2256,3163
1685: 4703,654,305,4621,4129,4207
1686: 4727,4180,3358
1687: 2304,2893,2346
1688: 190,777,1255,2353,4719
1689: 1714,1344,797
1690: 4436
1691: 1584
1692: 2243,3947,595
1693: 2439,345,1431,4006
1694: 216,2566,3105,3877
1695: 4014,1436
1696: 3597
1697: 972
1698: 1994,3586
1699: 394
1700: 
1701: 2993
1702: 718
1703: 765,625
1704: 1123,2512,1788,1569,3185,1414
1705: 20,1484,209,3512,1168,3830
1706: 826,1375,4329,4544
1707: 1814
1708: 566,96
1709: 4353,1088,1039,2441
1710: 6
1711: 4230,3727
1712: 4492,432,4235,688
1713: 3285,3181
1714: 3835,1689,797,2470
1715: 1985,155,1194,1647,1742
4617: 504,2430,1854,242,769,36
1717: 1756
1718: 4771,2721,637
1719: 4241,1599
1720: 1750,3746,1180,1289,3793
4528: 1680,1064,4321
1722: 4276,1732,1001,1458
1723: 437,307,333,4138,3218,3581
1724: 467,4672,4564
1725: 4474,2569,4197,2619
1726: 2356,4080
1727: 3763,4642,3968,3024
1728: 3954,1404
1729: 1099,1002,4485,2580,1323,1259
4700: 4134,3618
1731: 4801
1732: 4276,1722,1001,2272,1266,2443
1733: 2496,732,4569,1256,648,1789
1734: 318
1735: 2991,2623,272,1362
1736: 3976,1633,1520,653
1737: 
1738: 1562,4536,4665,200,3054
1739: 55,2734,3374,11
1740: 
4749: 3767,1761
1742: 723,1134,791,1715,1985,1647
1743: 459,2850,4332,2655
1744: 1756,938,1077
4815: 33,4571,2714
1746: 2079,3256
1747: 1180,4193,456
4572: 1491
1749: 4790,2009,1173,781,3034
1750: 3746,2245,1720,22,456
4708: 2636,26,3936,958,593
1752: 5,4023,1679
4640: 1864,3178,2553,3294,2021
1754: 149,934,3568,4133
1755: 1358,281
1756: 1744,1717,938,1077,3023
1757: 2921,4374
1758: 133,4661,3863
1759: 3528,1857,2281
1760: 
1761: 4749
1762: 4627,4567,580,294,640
1763: 2612,2088,4722,1318,817
1764: 4568,4387,3219
1765: 3588,3052,1537
1766: 1309
1767: 4486,424,4457,111
1768: 4292,3660,348,4631,1491
1769: 1091,4451,1448,1974,491,4048
1770: 633,419,1450,390
1771: 2064,4334,2519,2641,684
1772: 3059
1773: 4216,2314,836,3927,442
1774: 2689,1273
1775: 10,4192,66,1532,1931
1776: 
1777: 2793,3145,1445,2034
1778: 2034,4819,4352,2029,4776
1779: 2330,1008
1780: 1016,1241,4198,1388,4112,3886
4661: 2651,1758,133
4575: 3717,148
1783: 1284,3124,380,2459,3284
1784: 2474,4256,4770,2517
1785: 276,4348,883,2334
1786: 3521,3683,3688
1787: 1345,1094
1788: 1704,1123,4576,3185,1414
1789: 2167,1256,2496,1733
1790: 2226,2008
1791: 2565,525,2198,4031
1792: 2396,4482
1793: 1271
1794: 1840,2672,404,167,493
1795: 1018,4476,3557,4051
1796: 2756,2594,4535,2751,522
1797: 782
1798: 3244,1304,3916,4644
1799: 4677,106,2984,3592
1800: 3356,465,3858
1801: 2276,4202
1802: 3101,1917,2000,909
1803: 2535,2213,3153
1804: 651,2184,4545
1805: 1519,4014,4549,529
1806: 1982,2127,2734,4675
1807: 
1808: 2414
1809: 4817,2387,2066,4553
1810: 4155,1875
1811: 191,1650
1812: 423
1813: 2747,3329,657
1814: 1707,1447,661
1815: 3458,4325,3006
1816: 4797,3532,4064
1817: 3248,675,2217
1818: 
1819: 4559,1475,2129,2408,3379,1927
1820: 441,4108,3924,1529
1821: 4514
1822: 1928,3819,3190,12
1823: 1325,2513,1360,1913
1824: 4189,3579,4297,3625,2337
1825: 3906,328,829
1826: 2405
1827: 4662,4175,1659
1828: 1634,2993
1829: 14,1882,992,1369
1830: 
1831: 
1832: 
1833: 3493
1834: 2739
1835: 3724,4330
1836: 110,4526,3164,2310
1837: 
1838: 2181,4322,1176
1839: 362
1840: 1794,229,167,2730,493
1841: 562,2062,4065,643,346
1842: 1850,3018,3299,1919,887
1843: 2927,1311,3799
1844: 4221,723,1134,58,402
1845: 348,3234,2414,2809,4292
1846: 681,1520,590
1847: 1902,1017
1848: 1626,4456,3741
1849: 573,2125,2178,2711,419,633
1850: 1842,3018,984,618,4390,3821
1851: 874,4222,3771,3487,3468
1852: 
1853: 4734,2225,670,2359,3659
1854: 3812,242,769,4617
1855: 2146,1677,3727
1856: 1245,4360,3241,3109
1857: 1759
1858: 855,1014
1859: 4006,3806,1431,460,1382
1860: 927,107,1616,2629,2922,1072
4517: 3547,3583,1944,4629,65
1862: 3182,746,2826,3818,4807
1863: 3544,2384
1864: 3178,4640,4159
1865: 4473,1155,744
1866: 3588,2502
1867: 857,489,4219,921,1322,319
1868: 2227,2081,1039
1869: 1981,853
1870: 2595,2612,2088,4058,2887
1871: 901,436,2135,2347
1872: 378,1435,1155
4676: 159,800
1874: 4785,336,4386
1875: 3526,3187,4155,1810
1876: 925,2236,1250
1877: 2450,2342,2868,4243,1172
1878: 2828,1246,1275,2061
1879: 2277,2970,4457
1880: 4727,751
1881: 1236,3744,151
1882: 14,1829,769,3806
1883: 4764,1212,4476,3017,4051,4210
1884: 615,2204,3959
1885: 4808,3428,181,1394
1886: 4100,1441,1957,1972,1969,4003
1887: 1026
1888: 598,2636,26,1032
4541: 17
1890: 1953,3904
1891: 3240,2291,1949,277,2601
1892: 3418,848,48
1893: 257,770,3567
1894: 
1895: 101,531
1896: 3911,4138,3527
1897: 3057,4392,519,4713,4802
1898: 
4809: 2318,1051,478,1516
1900: 2979,2854,957,76
4643: 3333,364,1547,4618
1902: 1847
1903: 2621,3212
1904: 1348,3888,3710,9
1905: 3409,1511,751,4150,3649
1906: 131,730,1516,478
1907: 335,3810
1908: 483,3022,1564
1909: 3225,3760
1910: 3141,2814,94,3761
1911: 2458,2425
1912: 1601,686,997
1913: 1671,1823,2513,125,3716
1914: 4251,2625,2755,4498
1915: 412,2997,2617,3569
1916: 3020,4604,3247,2380
1917: 3101,1802,4786,909,1394
1918: 1012,896
1919: 1982,2127,3299,1842,887,877
1920: 2131,1114,660
1921: 3159
1922: 3301,995
1923: 
1924: 2940
1925: 4062,422,4663,4095
1926: 4606,4182,2602,4599
1927: 438,1819,2408,3379,573
1928: 1822,3222
1929: 715,4013,2957
1930: 4365,4765,1212,4562,808
1931: 1046,10,1775,66,2726
1932: 4683,3611
4611: 1323,1259,3922,2565
1934: 232,2023,2732,1959
4697: 3567,4582
1936: 
1937: 4043,2218,3217,1987
1938: 2499,4077,4029
1939: 3533,1954,4491,1571
1940: 1108,3111,3604,711,2488
1941: 1360,2771,2136
1942: 3056
4669: 
1944: 3547,4517,1950,2411
1945: 4786,2788,1230,882,4808
4495: 3435,1142
1947: 274,4644,3540,2107
1948: 2724,2787,49,1573
1949: 3240,1891,2486,3369,277
1950: 3080,1613,1944,1556
1951: 
1952: 3359,2778,2155,1120,1261
1953: 1890,2255
1954: 1303,3254,1939
1955: 2149,3536,1545
1956: 3552,2852,2974,2529
1957: 3499,1972,2070,1969,4048,1886
1958: 1598,9
1959: 450,1934,2732,2673
1960: 1505,425,3269,4294
1961: 3446,4444,2784
1962: 158,3541,698
1963: 3122,2352,2957,3481
4493: 4248,4372
1965: 3035,1218,2167,1638
1966: 
1967: 1973,2659,2982,1114
1968: 648,3125,1079,2568,3283,4091
1969: 4548,4183,1957,747,2070,1886
1970: 1377,4360,3241,561
1971: 1302,2854,764,76,1626
1972: 1957,1886
1973: 4344,1967,2659,2982,3745,1313
1974: 198,1448,2459,3284,1091,1769
1975: 1185,410,4326,2930,80
1976: 4721,4402,3779,4718,3763
1977: 1457
1978: 1552
1979: 
1980: 965,2455,188,4447,3993
1981: 1869,1327,2528
1982: 2127,1806,1919,2734,4675,877
4560: 687,3772,2800,45
4489: 220,2998
1985: 1715,155,1194,4627,4567,791,1742
1986: 2267,4500,4413
1987: 2284,1937,3316,990
1988: 
1989: 1510,889,3545,3065,300
1990: 1174,1134,3531,1227,4221
1991: 3236
1992: 4547,500
1993: 4524,2015,4459,1198,4285
1994: 3753,3586,1698
4555: 
4566: 2358,674
1997: 2093
1998: 1518,2615,2749,767
1999: 20,3471,13,3987,2677
2000: 1802,3971,909
2001: 513,1243,1640,3919,707,2203
2002: 3508,4798
2003: 85,3898,3607
2004: 2229,89,4440,110
2005: 3366,2795,2191
2006: 3369,4737
2007: 
2008: 2226,1790
2009: 1173,2628,596,881,4790,1749
2010: 2389,3782,4684,2833,2542
2011: 
2012: 2700,1050,2087
2013: 4036,2882,247
2014: 
2015: 1993,4524,221,4285,3202
4574: 317,4055,4044,3480,4140
2017: 2433,1339,161
4769: 2318,1051,3011,1471,818,155,1194
2019: 2649,1458,4063,1393
4624: 2414,2616
2021: 4551,775,4534,4640,2553,3294
2022: 1667,3621,1454,4527,1213
2023: 4081,1434,2324,232,1934
2024: 2443,4698,4383,2272,4580,1517
4485: 1099,1002,1729,2326,2598
2026: 4011,1490,3939,1229
4654: 612,2311,1164
2028: 640,3173,3640,1084
2029: 4819,4583,1778,1464,4776
2030: 1446,3895,1480,869
2031: 2859,4758,4685,349
2032: 2334,2547,2132
2033: 4428,699,1324,978,2676
2034: 1778,1777,310
4607: 1555,3101
2036: 3143
2037: 4017,4810,2460
4584: 1607,4078
2039: 4530,4278,2685,2579,3543
4646: 427,237,3132,2473
4547: 161,1992,2650
2042: 
2043: 706,2128,2653
2044: 4130,3677
2045: 1149,3572
2046: 
2047: 937,403,3641,3326
2048: 4086,1343,4559,2129
2049: 3477,1624,1304
2050: 3090,3799,3672,3664,374
2051: 2404,3477
2052: 2298,4551,727,2208,3979
2053: 4778,2061,2603
2054: 4473,798
2055: 2360,2153,3552,2852,2816
2056: 3394,3414,1567,3347
2057: 2145,2152,2299
2058: 129,4148
2059: 
2060: 296,3914,2429,3226
2061: 2053,1275,1878
2062: 1841,568,643
2063: 3926,2844
2064: 1771,4334,2436,3417,684,994,230
2065: 2798,1199,1631
2066: 4553,1276,3846,67,1809
2067: 1581,4553,2590,2879,4136
2068: 4128,1090,4312,3964,373,1086
4756: 3641,3326,635
2070: 3499,1957,747,3071,1969
2071: 4042,2362,3645,513
4631: 398,348,2987,1768,1491
2073: 1544,1355,526,3346,4367,2904
2074: 3573,2930,3215
2075: 2959,4750,783,3142,4041
2076: 2615,1028,3168
2077: 1169,4207,3097,2776
2078: 71,3278
2079: 1746,3703
2080: 1106,3816,940,1423,3124,2758
2081: 2227,1868,1187,4353
4449: 628,4585
2083: 4320,443
2084: 3770,2406
2085: 3701,3386,4699,2516
2086: 3135,65
2087: 2700,2012
2088: 2612,4722,1763,1318,4635,2913,1870
2089: 3610,4707,1232,2574
4508: 4605,3663,1653,2654,1628
2091: 4802,4497,4803
2092: 3894
2093: 680,1997
4586: 4710,1063
2095: 3061,3533,1443,1672,4491
2096: 1015,3764
2097: 3937,252,3004,4059
2098: 3807,1072,107,1191,177
2099: 63,410,80
2100: 2216,429,2609
2101: 4228,1058,3530,3253,3405,2794
2102: 2968,1501,1550,4578
2103: 4058,1595,3222,4199,3169
2104: 4447,1118,4369,729
2105: 1253,2,2171,3579
2106: 2637,4016,254,4605,3663
2107: 4755,3540,1947,986
4703: 305,1685,1657,1668,4207
2109: 279,2786,8,1089
2110: 853,2649,2528,1393,4283
2111: 331,1226,1276,872,1581
2112: 2487,3692
2113: 2822,163
2114: 4187,1089,3307
4593: 372,4462,1211,1063
4550: 3244,3916,4106,1664,982
2117: 3108,1240,3811,1597,1228,3697
2118: 4275
2119: 4147,4725
2120: 3475,3200,4258,3343
2121: 461,865,1319,1198
4678: 4024,511
2123: 736,2521
2124: 386
2125: 573,1849,633,3211,1558,3759
2126: 2442,915
2127: 1982,1806,3299,1919
2128: 1296,2653,2043,3922
2129: 1819,4559,2048,2178,3379
2130: 4759,3680,3847,4620
2131: 1920,660
2132: 2205,2032,2786,4799
2133: 868,4005,3977,2549
2134: 2811,1525,4117
2135: 2603,2347,3014,1871,436
2136: 2709,32,1941,2743
2137: 4363,3966,2510,2961
2138: 2573,2972,3843
2139: 3632,1551,1,325,2877
2140: 4221,528,4668,3337,1341
2141: 
2142: 2214,3998,3790,3234
2143: 3735,1278,3078,1652
4569: 4270,732,1503,1256,1733
2145: 2271,2057,2299
2146: 2646,1855,738,3412
2147: 4713,4819
2148: 1456,275,1186
2149: 3297,1955,3536
2150: 2530,4103,3689
2151: 4036,4427,2600,2698
2152: 2299,2057
2153: 2360,2055,4801,285
2154: 520
2155: 1120,298,1261,789,52,1952
2156: 2652,2877,207,325,2214
2157: 3776
2158: 621,109
2159: 3554,3901,1225
2160: 3389,327
2161: 1293,487,952
2162: 2295,2971,690,4060,2417
2163: 
2164: 2212,730,569,1661,647
2165: 2281,1663
2166: 1509,3052
2167: 3780,1789,1256,1965,1638
2168: 4542,930,2392,91,297
2169: 3738,413,1124,2925,2884
4707: 2089,3610,1329,2574,2258,2557
2171: 3579,2,1190,3824,2105
2172: 3502,4468,4597
2173: 
2174: 570,300,738,2497,193
2175: 3822,4332,438,4226
2176: 919,862
2177: 4761,4737,762,2948
2178: 2493,3379,2129,2711,573,1849
2179: 4649,139,3856,425,4262
2180: 2406,3699
2181: 1684,1838,3335,2536,4384
2182: 2744,152,169
2183: 3053
2184: 4529,1251,1804,575,4545
2185: 2855,1152
2186: 1489,1559,1132
4497: 2091
2188: 4298,2904,3346,4393
2189: 444,1170,929,4139,1437
4696: 
2191: 2881,2749,2005,3366,2795
2192: 3281
4454: 827,2977,2989
2194: 3119
2195: 4431,3589,2700,2631
4753: 1344
2197: 3788,1408,2248
2198: 1791,525,3442
2199: 1496,2426,4399,4459,4524,221
2200: 3860,458,2996
2201: 1027,2693
2202: 1612
2203: 788,707,4744,2001,3983
2204: 1884,615,1577,3962,3959,4219
2205: 2132,4303,2786
2206: 4705,1604,365,404
2207: 0,3204,345,4773
2208: 4693,4691,3339,727,2052
2209: 2671,356,4415,3660
2210: 1655,69,3420,898,3841
2211: 2251,2837
2212: 2164,3800,2753,730
2213: 2535,1803,1455,3500,2419
2214: 2142,2156,2877
2215: 2370,3687,2748,606,4134
2216: 429,2100,2609,4222,4371
2217: 4400,3740,1817,3248,3770
2218: 4043,1937,3217
2219: 667
2220: 2333,4501,3970
2221: 
2222: 2765
4595: 2914,4714,102,3749,1613
2224: 2380,4149,3298
2225: 1853,4223,670,3505
2226: 4477,2008,1790
2227: 1868,2081,1187,3001
4500: 3396,1353,1986,4413
2229: 2004,4538,3500,2670,1455
4726: 868,153,2562,290
4674: 2793,2308,3292,3725
2232: 2765,4516,1027
2233: 2753,3334
2234: 1033,2900
2235: 1237,1110,1334
2236: 925,1876,3205,4565
2237: 2361,2358,3595,78
2238: 2740,3828
2239: 392,233
2240: 
2241: 1518,767,2339,913,224
2242: 4366
2243: 1692,3947,4341,1274
2244: 
2245: 1750,3746,22,3755,167
2246: 3306,3272
2247: 295,3802,367
2248: 2486,1408,2197
2249: 3807,1072,2922,3822
2250: 600,2892,498
2251: 2211
2252: 3114
2253: 
2254: 1170,1267,3381,1249,444
2255: 1953
2256: 4558,733,1684,3163,527,2523
4758: 2859,2031,174,4685
2258: 4754,3815,4707,1329,2557
2259: 3968,4465,2952
2260: 4715
2261: 171
2262: 3001,982
2263: 4782
2264: 4748
4622: 1011,3316,990,2347,902,4783
2266: 935,1496,1648
2267: 1986
2268: 3914,1621
2269: 4150,4412,4499,4158,4046
4761: 1073,2177,340,4073,238
2271: 361,2145,1675
2272: 4580,1266,1732,2443,2024
2273: 828
2274: 3495,1167,3452
2275: 4172,3217,4778,1011,3316
2276: 1801,4202
2277: 1879,2970,3328,1475
2278: 1390,1317,4510
2279: 2889,435,4810
2280: 290,4616,652
2281: 2165,3528,1759
2282: 3939,3729,2405
2283: 1400,3656
2284: 1987,1430,4820,1540,223
2285: 
2286: 2921,4768
4805: 3323,789,1059,4780
2288: 4166,2638,2516
2289: 3503,2643
2290: 4068,180
2291: 3240,1891,3788,4097
2292: 3238,4378,3396
2293: 414,917,2664
2294: 1426,3151
2295: 2162,2971,690,2417
2296: 983,1300
4614: 4177,4539
2298: 2820,2052,3758,3287,3979
2299: 2152,2584,3453,1675,2057,2145
2300: 3752
2301: 1005,271,4271,4822
2302: 1426
2303: 752,3734,3582,1583
2304: 1687,4233,3477,1144
4534: 4551,2021,2553,2820
2306: 2630,3497,473,3336
2307: 683,4258,1396,1080,4351,3941
2308: 2793,3145,4674
2309: 3564,4190
2310: 3164,2560,2391,4526,1836
2311: 2896,1164,4654,1312,447
4519: 1043
2313: 4660,1418
2314: 1773,4216,3120
2315: 3311
2316: 265,469,3839,349
4525: 515,1365
2318: 4809,4769,1471
2319: 4598,4083,4652,64
2320: 1480,869,1580,1523,3207
2321: 2944,3137,3193,59
2322: 675
2323: 4777
2324: 3455,2692,1434,2023,232
2325: 2616,3978,3642,2652
2326: 3814,2598,4485,3319
2327: 4709,4406,1069,1165,692,2483
4787: 2861,1462,4146,1485,4141,4215,2742
2329: 3472
2330: 2761,1779,1008,3607
2331: 3132,2479,3653
2332: 2382
2333: 2220,666,2798
2334: 2032,4348,1785,2547
4612: 1446,3361,192
2336: 602,1464,2561
2337: 3625,3579,1824,1252
2338: 3237,3133,196
2339: 1532,913,2881,767,2241
4610: 470
2341: 140,44
2342: 1877,2450,4138,3883
2343: 3265
2344: 2552,18
2345: 3482,4314
2346: 2893,739,3172,1687
2347: 2135,2603,2880,902,4622,1871,4783
2348: 95,2994
4461: 3701,4113,4291
2350: 2420,1042
2351: 1047,4319,4279,3658,151
2352: 3122,1963,4779
2353: 845,4719,1255,1688,2614
2354: 2863,3270,3598,2735
2355: 136,258,1643
2356: 1726,3157
4818: 2422,2980,1041,3393,4154
2358: 2237,4566,3902,3611,674
2359: 3936,670,1853,593
2360: 2055,2153,2816,1578,4763
2361: 2237,3210
2362: 2071,4042,3919,4201,1141,513
2363: 2584,3453,1385
2364: 3824,3455,4532,720,2692
2365: 522,2532
2366: 4197,950,3282,2569
2367: 3205
2368: 4480,4482,3084
2369: 4388,1205,908,2537,170,4209
2370: 2215,2748,606,4636
2371: 3865
2372: 3376,4504,1601,4265
2373: 1082,2864,4065
4687: 1371,4275,1639,4458
4735: 1477,3370
2376: 3541,2829,2618,3630
2377: 1673
2378: 316,271,1649
2379: 
2380: 3247,2224,4604,1916,3298,2571
2381: 2634,261,4404
2382: 2332
2383: 4288,485,2388,3529
2384: 3544,1863
2385: 2731
2386: 
2387: 3642,1809,67
2388: 2383,3529
2389: 2010
4655: 2599,2456,962,3391,3722,3612,3227
2391: 4526,1455,2310
2392: 4542,2168,2990,91
2393: 3200,4036,1386
2394: 4269
2395: 4752,2688,4244,1555
2396: 4120,4791,1792
2397: 2884
2398: 4561
2399: 1252
2400: 
2401: 704,13,840,2677
2402: 
2403: 213,2484,372,3109
2404: 4194,2501,3172,2051
2405: 4720,1826,3939,2282
2406: 2466,2084,2180
2407: 3696,222,3094,296
2408: 1819,4559,1475,2850,1927
4616: 2280,3259,4308,652,3176
2410: 4376,85,4257,3519,3905
2411: 1944,1556
2412: 2556,37
2413: 2470,1473
2414: 4624,1808,1845,3234
2415: 1683,3323,3795,4047
2416: 3523,561,4634,4062,1668
2417: 3539,2162,2295,2971,690
2418: 3161,959,3279
2419: 3500,2670,3267,3832,2535,2213
2420: 1042,3691,2350
4649: 1202,2179,3856,4262,999
2422: 4818,286,3486,2980
2423: 2799,609,4581
2424: 605,3838,839
2425: 4105,1911
2426: 1496,2199,1648,221,971,217
2427: 4679,1045,3543,4054,3733
2428: 1552
2429: 4052,2060
2430: 673,4085,4617,36
2431: 3165,1378,2641,1662
2432: 1384,823,206
2433: 2017,1009,4421,4795
2434: 3129,1572
2435: 3990,4602,3345,3680
2436: 2950,3417,2064,994,1590,230
2437: 1576,3223,1219,2824
2438: 4581,63,1363
2439: 345,1693,428,0
2440: 452,1138
2441: 119,1088,1709,1039
2442: 4471,2126,1620,1380
2443: 2024,4383,1732,840,1001,2272
4609: 4467,1664,398,1187,3001
2445: 
2446: 2953,4747
2447: 3634,4681
4491: 1571,2095,3533,1939
2449: 4298,4767,4393,784,4132
2450: 1877,2342,2868,3883,3254
2451: 3940,4766,3687
2452: 3503
2453: 280,2924
2454: 1565
2455: 1980,965,2597,2560,188,2836
2456: 4655,3619,2599,962,3227
2457: 4288
2458: 1911,4302
2459: 198,1974,3284,292,4691,1783
2460: 2037,4407,4017,1401
2461: 4075,4796,4020
2462: 143,2517,656,4256
2463: 3354,4556
4730: 
2465: 4311,1533
2466: 395,3770,2406,1457
4715: 1538,4757,2260
2468: 4346
2469: 3490,1636
2470: 2413,1714,3726
2471: 4505,4428,3898
2472: 
2473: 2977,237,4646
2474: 4256,2518,1784,4770,1077,3023
4782: 447,2263,3165,1378
2476: 3121
4690: 1596
2478: 3460,1463,4363,4049,3966
2479: 2331,1586,2705
2480: 1211,40,3524
2481: 647,3888,1661,218,3710
2482: 
2483: 3975,1165,4455,2327,4709,3138
2484: 213,2403,1095,1326,1215
4543: 4403,2587,3978
2486: 2558,2248,3240,1949
2487: 401,2112,3984
2488: 711,1392,3784,1940,1108,3596,4184
2489: 3400,103,320
4456: 1848
2491: 145,800
4754: 2258,1329,3700,407
2493: 2178,3379,1343,2711
2494: 2777,2909
2495: 588,1418,4002,865,4591,832,461
2496: 1733,732,648,3125,1789
2497: 300,2174,738,3068
2498: 1287,4105
2499: 1938,2710,4077
2500: 940,663,453,2961,3232
2501: 4194,2404,1
2502: 3588,3373,1866,4570
2503: 764
2504: 3573,4286,4277,158
2505: 4501,51,3953
2506: 1273
4482: 4480,2368,1792
2508: 3138,4625,933,766,456
2509: 3257,961,1237,28
2510: 2137,3966,358,663
4672: 1724,686
2512: 1704,1123,2853,708,1641,1569
2513: 1823,125,1913
4465: 4638,3338,2259,3494,2952
2515: 1602,1404,2632
2516: 3672,4699,2288,2638,2085
2517: 2782,303,656,4256,1784,2462
2518: 2474,4256,143,3023,521
2519: 1771,4334,3165,2641
2520: 3109,213,695,2804
2521: 2123
2522: 4483,607
2523: 518,658,733,2256,527,3908
4633: 338,4118,4608,3181
2525: 
2526: 2955,3723,4686,4125,4161
2527: 3578
2528: 415,1981,2110
2529: 941,1956,2974
2530: 3144,1076,2582,3689,2150
2531: 492,3091,4445,3486
2532: 823,2365,3599
2533: 3849,4628,4506,2623,272,1560
2534: 
2535: 2213,1803,3500,2419,3832,3153
2536: 3139,1517,4384,1684,2181,4558
2537: 2369,1528,170,4209,2825
2538: 
2539: 3397,2834
2540: 593,1567,3012
2541: 1125
2542: 1291,2548,3423,79,2010,3782
2543: 2760,3384,929,3206,3956
2544: 3818,1469,4439
2545: 3190,12,3475,3343
2546: 
2547: 194,4348,2032,2334
2548: 2542,4806,1291,3782,3889
2549: 2872,4102,3977,2133
2550: 
2551: 4533,408
2552: 1493,2344,930
2553: 4640,2021,4534
4736: 1157,337,3162,717
2555: 
2556: 2412,779,634
2557: 331,1276,3846,4707,2258
2558: 2486
2559: 4576,4118,1123
2560: 3164,2310,188,2836,2455
2561: 1275,2336,1464,3845
2562: 4726,4660,3290
2563: 3775,4112,891,3195,1588
2564: 3311
2565: 1791,525,1323,4611,3922,2807
2566: 1465,1694
2567: 261
2568: 648,1079,1968,2608,1503
2569: 88,2366,1725
2570: 3893,917,4571,1305,4728
2571: 3298,1225,1277,1425,4604,2380
2572: 3996,1441,4003,956,2926
2573: 2138,3843,3928
2574: 2919,4619,2089,4707
2575: 420
2576: 1468,4556,393
2577: 1043,4030
2578: 3586,772,2869,3006
2579: 2685,1312,2039,4679,3543
2580: 1002,1729,4797,3415,1259
2581: 1608,3759,3878,2817,900,1541
2582: 2530,3144,3583,4629
2583: 4681
2584: 3453,2299,1675,2363
2585: 2821
2586: 1131
2587: 4403,4543,4817,2879,1182,3978
2588: 1495,4401
2589: 4714,3983,3608,387
2590: 2067,4136,3062
2591: 4422
2592: 4265,4077
2593: 1547,4110,903
2594: 638,2906,4535,522,1796
2595: 604,1870,3222,4058
2596: 4469,1120,298,3359,2695
2597: 965,911,2455,3844,2836
2598: 2326,3814,2914,1002,4485
2599: 4655,2456,3227,4193,4623
2600: 4427,3872,2887,2151
2601: 4083,4652,1891,813,4094
2602: 2720,1203,4182,1926
2603: 2135,2347,902,2053,3014
2604: 581,1103,3603,1257,3682
4486: 1767,3154,4109
4686: 1295,1262,4637,4161,2526
2607: 1289,2990,4623,1180,4193
2608: 481,1459,1503,100,4270,1079,2568
2609: 874,4222,965,911,2216,2100
2610: 2686,4785,973
2611: 
2612: 2088,4722,1763,1870,2887
2613: 1550,4015,3988,3509,4076
2614: 2637,1255,2353,845,1206,3334
2615: 3720,1028,2076,1998
2616: 2325,3978,4624
2617: 388,3569,1915
2618: 4310,834,3364,2376
2619: 4474,1725
2620: 1110,1334
2621: 1903
2622: 1467,603,3362
2623: 2991,1735,272,4506,4096,2533
2624: 722
2625: 2755,1914,4251
2626: 
2627: 3993,729,2865
2628: 2009,1173,3235,1184
2629: 1616,3470,2655,4332,2922,1860
2630: 2306,473,871,3336
2631: 3443,3589,2195
2632: 280,2515,4483
2633: 4254,4475,979
2634: 2381,1333
2635: 3136,1506,1488,1010
2636: 4708,26,1888
2637: 2106,2614,3663,1485,1206,1462
2638: 979,2288,2516
4789: 1271
2640: 532,3601,4054,4402,4229
2641: 3165,2431,1771,2519
2642: 4188,816,2657,3690
2643: 3503,1663,2289
4657: 1139,2746,1515,307
2645: 542
2646: 2146,193,738
2647: 3747,268,3167
2648: 3657,4578,4076
2649: 853,2110,2019,1393
2650: 2754,75,161,4547
2651: 4661,3863
2652: 2156,4716,3642,2325
2653: 1296,2128,1383,2043
2654: 3511,4508,1653,3447,1628
2655: 3470,2629,4109,459,1743,4332
2656: 603,591,3591
2657: 816,3312,2642
2658: 
2659: 4271,1432,2982,1114,1967,1973
2660: 4162,4377,878
2661: 749,3952
2662: 3653,2705
2663: 954
2664: 4608,2293,685
2665: 4248
2666: 722,2901,1258
4453: 4108,3924,4208,587
4502: 101,1486,2768,4362
2669: 1636,699
2670: 3500,2419,3267,2229,4538
2671: 2209,388,4327,4415
2672: 1794,404,4712,4573,1604
2673: 1959
2674: 1514,3876,4244,3454
2675: 3982
2676: 165,3584,978,2858,2033,699
2677: 3335,13,2401,3471,1999
2678: 615
2679: 1129,1467
2680: 385,102,1640,4714
2681: 23,3575,47
2682: 323,3808,4368
2683: 3357,3693,3479
2684: 1333,3466,191,3520
2685: 2579,1312,1370,2039,1164
2686: 4785,2610,336,4582
2687: 33,4571,4615,1305
2688: 3918,2395,4244
2689: 1774,1273
2690: 4158,4046,4259,3826,1373
2691: 3163,527,1522,4212
2692: 1299,973,4532,3455,2364,2324,1434
2693: 2201
2694: 
2695: 555,1195,1120,2596,3359,3069
2696: 2752,4376,4505,1101,541,4563
4591: 3095,884,2495,832
2698: 2830,4427,2151,4110,903
2699: 3025,659
2700: 2012,2087,4009,4431,2195
2701: 2936
2702: 3751,913,742
2703: 4273,1098
4459: 461,4399,2199,1993,4524
2705: 1586,4331,2479,2662
2706: 1009,3135,4421,65,3382
2707: 3661,2729,3081,2848,1563
2708: 
2709: 32,2136,4772
2710: 2499
2711: 289,419,3760,2178,2493,1849
2712: 1619,332,939
2713: 4689
2714: 1566,4815
2715: 3756,3930,4135,3176,884
2716: 
4709: 2327,4406,1165,3619,2483,3138,4625
2718: 418
2719: 4309,1540,924
2720: 1359,3420,384,1203,2602
2721: 3555,637,1718,4771
2722: 2826,1332,551
2723: 2732,3673,4081
2724: 3795,4047,1188,2787,1948
4515: 
2726: 742,2967,66,3751,1931,1046
2727: 
2728: 
2729: 3661,2707,2848
2730: 493,4252,3355,1840
2731: 784,2385,881,4304
2732: 2723,3673,4081,1934,450,1959
2733: 
2734: 55,1739,4675,3374,1982,1806
2735: 3270,3884,2354
2736: 4213,4196,1637,958
2737: 88,2950,1590,2876
2738: 4780,789,52,1062
2739: 1834,1331
2740: 483,3022,2238
2741: 1163,4104,4200
2742: 4215,2861,1462,4787
2743: 3762,1052,2136
2744: 152,2182,2789,2869
4471: 2442,2888,2820,3758
2746: 3188,3527,1515,4657
2747: 3804,1197,1813
2748: 3596,3940,4636,2215,2370
2749: 2881,2191,767,1998
2750: 503,734,1012,25
2751: 1796
2752: 2696,4376,4505,85
2753: 2233,2212,730
2754: 2800,2650,45,3107
2755: 1065,1070,2625,1914,4251
2756: 3679,1796,522,4240
2757: 3790,895,2987,4467
2758: 977,3785,1106,2080,3816,417
2759: 310,426,3817,3292
2760: 2543,1249,3708,1330
2761: 2330,1008,3607,3512
2762: 4273,1098,4026
2763: 
2764: 1223,1201,210,81,839
2765: 42,2232,2222
2766: 3565,1682,4628,3536,3820
2767: 3347,968
2768: 1486,4362,4502,314
4797: 3415,3532,1816,4064,3960,2580
2770: 3531,1227,282,294,640,3173
2771: 1068,1325,1360,1941
2772: 1579,4417,1490
2773: 49,3296,618,4028
2774: 619
2775: 595,3932
2776: 4798,3557,3896,2077
2777: 2921,4768,2909,2494
2778: 1952,3264,653
2779: 252,594,1561,4359,3945,1231
2780: 721,661
2781: 1444,2983,4324
2782: 2517,303,3434,4549,1047
2783: 335,516
2784: 4653,508,3446,1961,4811
2785: 1607,1310,1499,2999,1398
2786: 2109,4303,2205,2132
2787: 2724,1948,49
2788: 1592,1230,1945,4786
2789: 2869,2744,152,815,3510
2790: 
2791: 3585
2792: 3184
2793: 3145,1777,2308,4674,3292
2794: 4140,3530,4228,2101,3646
2795: 2911,2005,2191
2796: 
2797: 
2798: 1199,2065,666,2333
2799: 2423,609,3965
2800: 2754,45,3107,237,687,4560
2801: 3116,389
2802: 773
2803: 1178,4362,3403,4701
2804: 1392,3395,2520,695,711
2805: 
2806: 1021,3684
2807: 774,1323,1099,2565
2808: 1204,3421,2837
2809: 388,1845,4292,4415
2810: 3073
2811: 2134,1674,4117
2812: 4263,714,1424,3948,4214
2813: 4369,3139,270
2814: 3141,1910,991,4788
2815: 
2816: 2852,2360,2055,4763
2817: 4416,900,2581,1016,1241
4953: 
4498: 540,1914,4711,671
2820: 2298,4471,4551,4534
2821: 329,3255,2585
2822: 2113,3706
2823: 4142,701,422,1649
2824: 4410,2437,1452
2825: 4209,551,1528,2537
2826: 2722,1332,746,1862
2827: 4511
2828: 1878,3580,2941,1060
2829: 3541,2376,754,698
2830: 2698,817,841,4427
4533: 2551,408,1216
2832: 4018
2833: 4197,3627,2010
2834: 2945,2539
2835: 
2836: 3164,2560,3844,2455,2597
2837: 1204,2808,2211
2838: 1004,804,3301
2839: 1419,4343,550,4360
2840: 212,355,3950
2841: 3218
2842: 1078,3662,394,3367
2843: 1251,575,341
2844: 3926,1102,2063
2845: 
2846: 3999
2847: 4804,1522,564
2848: 3074,665,1563,2729,2707,3903
2849: 
2850: 459,1743,2408
2851: 424,4457,846,55
2852: 2816,2974,1956,3552,2055
2853: 4242,1641,1123,2512
2854: 4364,1900,2979,1971,1302,76
2855: 2185,496
2856: 3303,4225,1530,4309,301
2857: 549,4041,2959,4750,3505,4223
2858: 165,3584,2676,311,4170,3655,655
2859: 2031,4758,174,1074,3144
2860: 3897,532,3601,4615,4122
2861: 1206,1462,4787,2742
2862: 
2863: 2354,1254,445
2864: 1082,474,2373,4065,3671
2865: 2627,4218
2866: 818,4381,1348,3617,3609
2867: 507,3848
2868: 1877,2450,1172,1150,3254
2869: 2789,3006,2744,2578,772
2870: 627,1549,657
2871: 4242,1641
2872: 3786,175,2549,953,4102
4725: 3325,1620,2119,4147,1376
4820: 4225,1530,2284,1430
2875: 391,1110,4812,1094
2876: 2737,1590
2877: 2156,1551,325,2139,2214
2878: 3974,4668,227,1341
2879: 1182,4136,2067,4817,2587
2880: 2347
2881: 2191,2749,767,2339,1532
2882: 3836,247,2013
2883: 4107,4793,1093
2884: 413,2169,1124,2397
2885: 4596,725,4740,3201
4531: 4213,4196,3781,2915
2887: 4058,3872,1595,1870,2612,2600
2888: 1380,3438,4471
2889: 2279,4437,3411,435,3812
2890: 3984,3575
2891: 4435
2892: 498,2250,163
2893: 2346,4764,4765,1687
2894: 
2895: 4632
2896: 2311,1662,1378
2897: 266,1543
2898: 1474,4323
2899: 
2900: 2234,756
2901: 1258,2666
2902: 240,3166
4490: 576,3976,1651,590
2904: 2188,4298,1544,2073,3346
2905: 1630,3600,4089,449,4037
2906: 2594,485
2907: 
2908: 3771,4185,3577,3571
2909: 431,4768,2777,2494
2910: 337,3537,4484
2911: 3081,2795,4192
2912: 574,3947
2913: 604,3313,4635,2088
2914: 4595,1613,2598
2915: 4531,3737
2916: 1384
2917: 1667,4053
4522: 
2919: 2574,4619,972,4131
2920: 1151,4088,64
2921: 2286,2777,1757,4374
2922: 3822,2629,1860,3807,1072,2249
2923: 
2924: 280,2453
2925: 48,2169
2926: 956,2572,3936
2927: 3448,1843,1311,3799
2928: 1616,3470
2929: 401
2930: 4326,80,1975,3573,2074
2931: 157,3910,4391
2932: 934
2933: 3954,1238
2934: 904,953,1207
2935: 1599
2936: 572,264,1438,4695,2701
2937: 3528
2938: 219,813,1073,238,3332
2939: 1617,4793,3698,3039,47,54,476
2940: 1924,4529
2941: 3014,1060,2828,1501
2942: 1068,136,258,1325,560
2943: 3131,763
2944: 1184,3137,3193,2321
2945: 2834,799
4742: 1064,3273
4576: 2559,1123,1788
2948: 813,4094,4737,1073,2177
2949: 4711,3155,3542,923
2950: 2436,3417,88,2737,1590
2951: 3043
2952: 3676,4465,2259,3494
2953: 2988,2446
2954: 2984,1298,4013,3925
2955: 3723,2526,3623,4450,1479
2956: 
2957: 3481,538,1963,1929,4013,1298
2958: 3737,1679,1145,5,4196
2959: 2075,4750,1181,4316,3505,1405,2857
2960: 3909
2961: 3839,453,182,2137,2500
2962: 
4713: 4163,519,2147,3057,1897
2964: 3036,236,805,4806
2965: 3044,4635,1281,1318
4779: 3122,2352
2967: 742,2726,1046,1010
2968: 2102,1501,581,1103,1550,4015
2969: 785,4044,576
2970: 2277,1879,846,3854,3328
2971: 2162,2295,690,2417
2972: 2138
2973: 
2974: 2852,168,1956,2529,941
2975: 
2976: 694
2977: 2473,4454,827
4984: 
2979: 1900,4364,2854
2980: 3486,3732,286,4818,2422,4154
2981: 1566,4618,3897,33,4615
2982: 1432,2659,1411,3745,1967,1973
2983: 2781
2984: 2954,122,1799,3592,490
2985: 3322,4195,3615,4470
4773: 714,1424,2207,3204,3639,1189
2987: 348,895,2757,4467,4631,398
2988: 3282,2953
2989: 687,3772,4454,802
2990: 2607,89,4623,2392,91
2991: 1735,2623,4211
2992: 781
2993: 1828,1701
2994: 95,2348
2995: 3178,1161,4072
2996: 3817,3860,2200
2997: 412,1915,3368,1470,3467
2998: 3425,4489
2999: 223,644,1310,1499,2785,1398
4468: 3502,2172,932,4597
3001: 2262,982,4609,1664,2227
4819: 4352,2029,2147,4583,1778
3003: 
3004: 4059,3825,252,2097
3005: 549,968
3006: 2869,2578,1815
3007: 4460
3008: 4098,1445,4352
4651: 3950,3615,774
4504: 642,1601,2372
3011: 1471,4769,317,155
3012: 3350,2540,3394,1567
3013: 
3014: 2941,1060,2135,2603
4558: 733,2256,2536,3139,1684
3016: 4235,688,3530,3353
3017: 4051,4764,1883
3018: 1842,1850,914,887,1632
3019: 720,1041,4532
3020: 1916,3247
3021: 
3022: 483,1908,2740,667
3023: 2474,2518,1756,521
3024: 3317,1727,4642,3968
3025: 2699,4432
3026: 
3027: 3216
3028: 4704,700
3029: 4115,3549,1535
3030: 3504
3031: 3469,4022
4447: 2104,1118,188,1980,3993,729
3033: 4664,1152
3034: 251,3193,1749,1173
3035: 4074,1965,3479,1218
3036: 2964,805,4001
3037: 3787,894,3547
3038: 4618,3897,1547,3733,1045,532
3039: 47,2939
4470: 2985
3041: 1156,1320
4795: 719,4421,2433,3449
3043: 2951
3044: 2965,1495,1521
4679: 2427,2579,1312,3850
3046: 630,4070,1159
3047: 3523,3395,305
3048: 4313,820,924,3392,3713
4594: 3433,351
3050: 1590,230,4079,4163,19
3051: 3704,1024
3052: 1509,2166,3134,1765,1537
3053: 4689,2183
3054: 3488,200,3355,1562,1738,3451
3055: 3898,4093,3584,978
3056: 1942
3057: 4583,1897,4713,4802
3058: 1371
3059: 1772
3060: 1589
3061: 2095,3945,1672
3062: 2590,4136
3063: 928,1238
4683: 78,4673,3305,3595,1932
3065: 1228,1989,1510,300
3066: 1113,108,3878,1241
3067: 
3068: 3374,4724,1597,2497,1240
3069: 3359,2695,1195,653,1633
3070: 
3071: 3979,4693,3252,3499,2070
3072: 836
3073: 2810
3074: 2848,665,1563,3801
3075: 
3076: 
3077: 3354,3804,1197
3078: 1428,1278,2143,1652
3079: 530,673,3830,705,1168
3080: 894,3749,1613,1950
3081: 2911,2707,1563,4192
4589: 1583,4125,3582,244
4790: 881,1749,4304,2009
3084: 4755,2368
3085: 4530,3792,4278,841,4603,3112
3086: 
4551: 775,2021,4534,727,2820,2052
3088: 3318,871,1196
4618: 3038,3897,1547,3733,4643,2981
3090: 3799,2050
3091: 1401,4445,2531
4527: 61,3621,2022
3093: 
3094: 296,3914,3501,2407
3095: 652,4591,3176,884
3096: 
3097: 2077,4207,1657,3508
4487: 
3099: 3599,3307
3100: 599
3101: 1802,1917,4607,4786
3102: 3709,3715,4712,933,4573,1604
3103: 1270,483,1564,4260
3104: 
3105: 1012,25,1465,1694,3877
4694: 3265
3107: 2754,2800,284,624
3108: 1240,2117,4390
3109: 3241,2520,1856,1245,213,2403
3110: 3754,469,182
3111: 1223,3604,81,1940
3112: 4603,4530,3085
3113: 
3114: 1285,4521,2252
3115: 4407,4296
3116: 389,2801,969
3117: 
4775: 1385,212,4556
3119: 2194,3205,3796
3120: 3932,139,2314
3121: 3926,1102,2476
3122: 2352,1963,4779
3123: 4177,256,4539,870
3124: 1783,1284,380,2080,3816
3125: 648,1968,2496,3938,4091
3126: 3224
3127: 4305,584,4151,1188,3351
3128: 1280,3493
3129: 2434,261
4501: 2505,51,3970,1584,2220
3131: 2943,3157
3132: 2331,4119,427,4646,3653
3133: 1166,4405,2338
3134: 1509,3052
3135: 2706,4421,65,2086
3136: 2635
3137: 1184,2944,184,2321,59
3138: 2508,4625,4709,2483,3975
3139: 2536,1517,2813,4558
3140: 810
3141: 1910,2814
3142: 1494,2075
3143: 2036
3144: 2530,1076,2582,2859,174,1074
3145: 2793,1777,2308
3146: 3810,1514
3147: 996,3229,814,3288
3148: 3892,1037
3149: 1245,3674,4343,372,4462
3150: 3458,4325,514
3151: 2294
3152: 3648,3352
3153: 4580,1266,2535,1803
3154: 4486,4024,1575
3155: 2949,1328,923
3156: 4032,3722,939,332,3391,1413
3157: 3131,2356
3158: 3644,474,3409
3159: 1921
3160: 801,302
3161: 1054,2418,4347,959,3279
3162: 392,233,4736
3163: 2691,1684,2256
3164: 2560,2310,2836,1836
3165: 1378,2431,2641,4782,2519
3166: 2902,861
3167: 190,777,2647,3899
3168: 4141,3220,3366,2076
3169: 4199,2103,1595,4792
3170: 1671
4721: 1976,3779
3172: 4194,2404,739,2346
3173: 640,2028,3640,451,2770,282,677
3174: 802,1443
3175: 97,4682,3464,3322
3176: 652,3095,4308,4616,3756,2715
3177: 861,3721
3178: 1864,2995,1161,4640,3294
4718: 3850,1662,1976,4402,3763
3180: 3561,1546,3297,907
3181: 816,1713,4633
3182: 893,1862,4807
3183: 
3184: 309,601,703,2792,1407
3185: 3750,1414,725,1704,1788
4731: 
3187: 1875,4092
3188: 2746,3527,71,544
3189: 
3190: 2545,3819,1822,12
4480: 1115,4482,2368
3192: 169,4090,772
3193: 3034,1173,2944,2321
3194: 3778
3195: 3550,3315,1588,2563,4112,3886,1619
4512: 3953,666,1631
3197: 4404,4004,3933
4746: 572,264,4395,4330
3199: 4027,1332
3200: 2393,2120,1386,1606
3201: 4740,725,2885,726,857
3202: 632,2015,4285,157
3203: 52,1062,1261,3747
3204: 2207,0,345,4773
3205: 2367,3119,3796,2236
3206: 4151,3956,2543,3384,584
3207: 4677,1580,2320
3208: 599,829
3209: 3476,358,1316,166,663
3210: 2361,389
3211: 4416,4226,1558,900,2125,3759
3212: 3598,1903
3213: 4111,1594
4632: 128,2895,529
3215: 3847,2074
3216: 3027
3217: 2275,4172,2218,1937
3218: 875,2841,333,1723,3581
3219: 4568,1764
3220: 3366,3272,3768,3168
3221: 4472
3222: 604,2595,1928,4058,2103
3223: 1576,2437
3224: 3126
3225: 1909,3836,4239
3226: 3914,2060,1621
3227: 3612,4655,2599,2456,4623
4605: 4508,3663,1653,4016,2106
3229: 996,3147,226,3288
4583: 3057,4819,2029,1464
3231: 1598,214,41
3232: 3839,453,940,2500,1423
3233: 1376,989,1622,4488
3234: 895,1845,2142,2414
3235: 3463,2628,1184
3236: 718,1991,1549
3237: 2338,3418,4075
3238: 796,2292,3396
4768: 431,2909,2286,2777
3240: 2291,1891,1949,2486,277
3241: 3109,1856,1970
4684: 2010,3782
3243: 4682,3464,3342
3244: 4550,1798,3916,4644
3245: 3814,3342,3319,3464
3246: 804,824,3304,1143
3247: 2380,4149,1916,3020
3248: 1817,675,2217,3770
3249: 275
3250: 3269
3251: 1528,1449
3252: 3349,4637,3071,3979,4183
3253: 3855,3405,4659,3353,3530,2101
3254: 1303,1150,1954,2450,2868
3255: 2821
3256: 62,1746
3257: 961,2509,3944
4682: 3243,3464,3175
3259: 4308,904,3786,953,3827,4616
3260: 3371,3867
4615: 2981,3897,2860,33,2687,4122
4475: 4254,2633,1122
3263: 795,3377,366
3264: 3712,268,2778
3265: 4694,2343
4638: 4465,3338,3779,4557
3267: 2670,2419,1493,3832
3268: 4710,1211,1063
3269: 3250,1505,1960,4294
3270: 3884,2354,2735
3271: 921,4626
3272: 905,3408,2246,3220
3273: 352,4742,1064
3274: 
3275: 496,4117
3276: 
3277: 356,3880
3278: 150,183,71,2078,3986
3279: 3305,2418,1054,3161,959
3280: 1196,679,402
3281: 2192
3282: 2988,2366
3283: 1079,1968,1083,1247,4091,4142
3284: 2459,1974,1783,1127,1091
3285: 4670,1713
3286: 4314
3287: 1295,2298,3758,3979,4637
3288: 3229,3147
4732: 4311,3698,601,4816,54
3290: 4660,2562,1191
3291: 814,3764,1171
3292: 2793,4674,2759
3293: 641,3904
3294: 16,4072,3178,4640,775,2021
3295: 
3296: 49,1573,2773,618,3821
3297: 2149,907,3180,3561
3298: 2571,1277,2380,2224
3299: 2127,1919,4390,1842
3300: 1546
3301: 1922,1004,2838
3302: 1078,4261
3303: 1361,756,2856,4225
3304: 1143,3246
3305: 3279,1054,4683
3306: 671,3408,2246
3307: 3099,2114
3308: 1529,1167
3309: 1350,3736,986
3310: 677,3766,3325
3311: 2315,2564
3312: 3494,4282,3338,4670,2657
3313: 4401,340,2913
4448: 
3315: 3550,3195,1588,939,1619,3714
3316: 1011,4622,990,2275,1987
3317: 3024
3318: 3088,871,227,473
3319: 97,4345,2326,3245,3464
3320: 4460
3321: 3519,4376,1101
3322: 2985,97,3175,3615
3323: 4805,1683,2415,3795
4783: 1310,2347,4622,990,901
3325: 1620,4725,3310
3326: 3641,4756,2047,3419
3327: 3633,418
3328: 77,4680,3854,4438,2277,2970
3329: 1536,1813,657
3330: 
4467: 4106,4609,1664,2757,2987,398
3332: 238,219,2938
3333: 1566,4643,364,247
3334: 1206,2614,845,2233
3335: 2677,3471,4384,2181
3336: 411,214,2630,2306
3337: 4159,1341,2140,528,678
3338: 4638,4465,4282,3494,3312
3339: 4691,2208,1175,1316,775,727,292
3340: 4052
3341: 
3342: 1556,3245,3243,3464
3343: 683,4258,2545,3475,2120,4554
3344: 1654,4296
3345: 4759,3680,2435
3346: 4367,2073,2188,2904
3347: 2767,4734,3414,2056
3348: 
3349: 4637,3252,4161,3723,4183
3350: 3012,896,3556,4337
3351: 3811,3127,1188,4028
3352: 3152
3353: 3253,4659,3016,688,3530
3354: 2463,502,3077
3355: 2730,4252,200,3054,421
3356: 1800
3357: 3693,2683,4212
3358: 3552,4727,1686,751
3359: 1952,3069,1120,2596,2695
3360: 299,3439
3361: 1446,4612,3895
3362: 591,2622,603
3363: 125,1166
3364: 3589,3879,4310,2618
3365: 656,1141,788
3366: 2005,3220,3168,2191
3367: 2842,1078,368,1585
3368: 578,2997,1470
3369: 2006,277,1949
3370: 1249,3708,181,4735,3381
3371: 3260,1117
3372: 108,1388,3886
3373: 3588,2502,4570
3374: 3068,4724,11,1739,2734
3375: 1142,1286,4757
3376: 2372
3377: 795,544,3263,3527,3670
3378: 3678
3379: 2178,2493,1819,2129,1927,573
3380: 1557
3381: 2254,1267,181,3428,3370,1249
3382: 4629,2706,65
3383: 3954
3384: 2543,1330,3637,584,3206
3385: 582,202
3386: 3701,2085,4254,979
3387: 
3388: 3688,3683,4664,3613
3389: 3686,2160,327
3390: 
3391: 3714,1413,1029,3156,3722,4655,962
3392: 924,1594,4313,3048,3713
3393: 709,4154,4818,1041
3394: 1567,2056,3012,3677,3556
3395: 1392,3784,2804,3047
3396: 4500,3238,2292
3397: 2539
3398: 4177,256
3399: 4001
3400: 2489,320
3401: 
4668: 679,58,227,2140,2878,1341
3403: 4701,1178,2803
3404: 429,481,4270
3405: 3253,3855,4659,72,2101,1058,175
3406: 
4681: 2583,2447
3408: 3306,671,3,3272,905
3409: 1905,751,3158,474
3410: 1635,3874,4173
3411: 241,435,3905,242,2889
3412: 4724,738,2146,1646
4763: 558,4794,2360,2816,617,864,1578
3414: 1567,2056,4734,3659,3347
3415: 4797,3532,1591,1259,2580
3416: 946,3852,3491,793
3417: 2950,2436,3546,2064,4334
3418: 3237,4075,1892
3419: 635,3558,3326,375
3420: 2720,1655,2210,1203
3421: 1204,2808,947
3422: 1270,819
3423: 3887,79,2542,1291
3424: 985,3517
3425: 2998
3426: 3961
3427: 
3428: 1885,552,1267,3381
3429: 3952
3430: 
3431: 1105
4567: 1762,4627,317,697,1985
3433: 4594
3434: 2782,1519,4279,4549,1047
3435: 4495,1625,1142
4462: 4593,372,3674,3149
4728: 263,1305,917,2570
3438: 2888
3439: 3360
3440: 4012,3566,3463
3441: 3868
3442: 2198
3443: 2631,3589
4804: 1522,2847,1176
3445: 642,4265
3446: 1961,4444,508,2784
3447: 794,2654,1628
3448: 2927,1311
3449: 15,75,4795,161
3450: 505
3451: 1562,3488,3054,1346,3691
3452: 2274,950,88
3453: 2584,2299,1675,2363,4592
3454: 1592,1676,2674,3876
3455: 3824,2364,2324,2692
3456: 1384,809
3457: 1487
3458: 1815,4325,514,4039,3150
3459: 796
3460: 2478,3497,4601,1463
3461: 1275,4802,1464
4774: 674,3848
3463: 3235,4132,596,3440
3464: 4682,3243,3245,3342,3319,97,3175
4716: 375,3642,2652,207
3466: 1333,2684,3605
3467: 1470,2997,3569,370,4688
3468: 3487,100,4821,1851,3935
3469: 3031
3470: 1616,2629,2655,4109,2928
3471: 20,1484,1999,2677,3335
3472: 1157,337,2329
4564: 413,467,1724
3474: 
3475: 12,4792,2120,2545,3343
3476: 3209,292,1316,380
3477: 2049,2304,2051
4777: 2323,1321
3479: 2683,4074,3035
3480: 4140,4044,4574
3481: 2957,538,1963
3482: 806,2345
4803: 4394,1246,2091,4802,622,156
3484: 915,678
4628: 2533,3849,272,1682,4295,2766
3486: 3732,2980,4445,286,2531,2422
3487: 3468,100,4222,1851,4371,1459
3488: 3054,3451,583,3691,173
3489: 
3490: 2469,1636,258
3491: 4784,879,946,3416,4662
3492: 4578
3493: 1833,3128
3494: 3312,4465,3338,2952,3676
3495: 2274,3546
4514: 1821
3497: 2306,473,3460
3498: 293
3499: 1957,2070,3071,198,1448
3500: 2670,2419,2229,4538,2535,2213,1455
3501: 1004,3094
3502: 4468,1315,2172
3503: 2643,2452,2289
3504: 3030
3505: 670,1181,4316,2959,2857,2225,4223
4712: 22,4573,766,3102,2672
3507: 1111
3508: 1657,4663,2002,4095,3097
3509: 1412,338,2613,3988
3510: 873,2789
3511: 2654,794
3512: 1168,2761,1008,1705,209
3513: 173,278,4723
3514: 
3515: 339,985,850
3516: 416,892
3517: 910,3424,985
3518: 4597
3519: 435,3321,3905,2410
3520: 29,2684
3521: 1786
3522: 1551,325,635,207
3523: 2416,561,3047,4062,305,1668
3524: 1095,1326,2480,1211,40,216
4642: 684,1727,3024
3526: 1875,4155
3527: 3188,2746,544,3377,3911,1896,3670
3528: 2937,1759,2281
3529: 2383,2388,1666,1451
3530: 3016,3253,3353,2794,2101
3531: 1227,2770,282,294,1174,1990
3532: 4797,3415,1816,1591
3533: 1939,1443,2095,4491
3534: 1288,1651,785
3535: 892
3536: 3849,1545,2766,2149,1955
3537: 3563,4484,60,337,2910
4601: 170,3681,3460,4049
3539: 1429,690,2417
3540: 1126,1498,2107,1947
3541: 2829,2376,3630,698,1962
3542: 923,4781,2949,3651
3543: 2427,4278,2039,2579,3733
3544: 1863,3673,2384
3545: 193,1989,3985
3546: 3495,4334,3417
3547: 3583,4517,1944,3037
3548: 
3549: 4658,1535,3029
3550: 3195,3315,1588,4280,1119,1354,1029,3714
4599: 4175,4182,4606,1926
3552: 3358,1956,2055,2852
3553: 3987,415,1008,209
3554: 2159,1277,276,4057
3555: 2721
3556: 3677,3881,3394,3350,4823,4337
3557: 3896,2776,1795,4051
3558: 3419,3647,375
3559: 1207,610,3646
4546: 722
3561: 3180,1546,3297,234
3562: 4286,976,4277,617,4537
3563: 3537,4484,4176,138,117
3564: 2309,3918
3565: 2766,3989
3566: 4012,540,3440
3567: 4697,992,257,1893
3568: 4133,1754,3616
3569: 2617,1915,3467,4688
3570: 
3571: 4272,4723,826,4185,2908,3577
3572: 2045,1192
3573: 2504,2074,4286,4326,2930
3574: 
3575: 47,2890,2681
3576: 4592,1061
3577: 2908,826,4329,3571
3578: 2527,3797
3579: 2171,1824,2105,1252,2337
3580: 581,2828,1501
3581: 3883,1723,3218
3582: 4125,1262,2303,4589,1583
3583: 3547,4517,2582,4629
3584: 165,978,2676,2858,3055,4093
3585: 2791
3586: 2578,1994,1698
3587: 1447,1100
3588: 2502,1765,3373,1866
3589: 2195,3364,3443,2631
3590: 
3591: 323,603,2656
3592: 490,2984,4677,1799
3593: 84,1314
3594: 
3595: 2237,4673,4683,78
3596: 141,2748,4184,2488,1108
3597: 1696,744,798
3598: 3212,2354,1391
3599: 3099,2532,823
3600: 2905,4037
3601: 532,2640,2860,4122
3602: 4300,1509,997
3603: 2604,622,1257,1246
3604: 711,712,3111,1223,1940
3605: 3466
3606: 490
3607: 2761,2330,2003
3608: 387,4714,2589,3960
3609: 1348,4381,2866
3610: 2089,4707,1329,1162,3948
3611: 3902,78,2358,1932
3612: 3227,4032,3722,4655
3613: 3388
3614: 
3615: 4651,4345,2985,3322
3616: 3568
3617: 647,569,1051,818,2866
3618: 1359,384,4496,4700,1560
3619: 2456,962,4709,4406
4582: 1056,4697,2686
3621: 1667,2022,61,4527
3622: 
3623: 4450,2955,1479,1067,1200
3624: 3965,928
3625: 4297,2337,1824,1252
3626: 703,3692,1533
3627: 4474,4739,4197,2833
3628: 642
4549: 529,1805,1519,4279,2782,3434
3630: 4537,771,3541,2376
3631: 938,1077,906,4770
3632: 2139,1624,1,4174
3633: 3327,4545
3634: 1512,2447
3635: 4191
4822: 4271,1432,1005,2301,1411
3637: 314,1330,3384
3638: 3920
3639: 4773,4386,1189,876
3640: 2028,3173,451,935
3641: 4756,3326,2047
3642: 2387,4716,2652,2325
3643: 
3644: 3158,503,859,605,1082
3645: 2071
3646: 4055,610,2794,4140,4228,3559
3647: 407,4373,3558
3648: 3999,3152
3649: 1905,1511,4259
3650: 597,4081,509
3651: 92,3542,4781,4671
3652: 347
3653: 2662,2331,3132
3654: 
3655: 655,2858
3656: 2283
3657: 2648,4076,4596
3658: 3744,3741,151,1279,2351
3659: 593,4734,1853,3414
3660: 1768,2209,1491
3661: 2729,2707,4671,92
3662: 591,2842
3663: 4508,4605,2106,2637,1485
3664: 1213,3672,2050
3665: 269,3754
3666: 1306
4695: 2936,709,2,1438,1253
3668: 1105,557,812
3669: 1638,4214,82,4263
3670: 3527,3377,3911
3671: 4412,2864,474,4065
3672: 4699,2516,3664,374,2050
3673: 2723,2732,450,3544
3674: 4343,4462,3149
4757: 1538,4715,3375
3676: 2952,1179,3494
3677: 4130,3881,3556,3394,2044
3678: 3378
3679: 2756,4240,245
3680: 4759,3345,2130,2435
3681: 170,4601,411
3682: 3690,4188,1257,2604
3683: 1786,3688,3388
3684: 2806
4548: 4183,1969,4518,127
3686: 3389
3687: 2215,2451,4096,4134
3688: 3388,1391,1786,3683
3689: 4103,3917,2530,1076,2150
3690: 3682,1412,4188,2642
3691: 2420,3451,3488,1346
3692: 1533,1033,2112,3626
3693: 3357,2683,564
3694: 4568
4619: 2574,2919,4131,331,1226
3696: 296,2407
3697: 984,618,4390,4028,3811,2117
3698: 4311,4732,54,476,2939
3699: 2180,1237
3700: 1313,407,3745,1329,4754
3701: 4461,2085,4113,3386
3702: 1185,793,410
3703: 2079
3704: 873,3051,665,3801
3705: 3802,1137,367
3706: 600,922,2822
3707: 3717,416
3708: 3370,1249,2760
3709: 4339,3102,1136
3710: 9,218,2481,3888,1904
3711: 3942
3712: 3264,268
3713: 3048,3392,1636
3714: 3391,1413,3550,3315,939,1029
3715: 632,3975,4339,3102,933
3716: 1671,1913,3762
3717: 3707,416,148,4575
4450: 3623,244,304,2955
3719: 1433,57,1009
3720: 2615,1028,486,710
3721: 3177,306
3722: 3156,4032,3391,1413,4655,3612
3723: 2955,2526,3349,4161,127,1479
3724: 4330,1835,84
3725: 1122,4674
3726: 728,797,2470
3727: 4554,1711,1855
3728: 4280,1119,4178,3777,1116
3729: 3939,2282
3730: 
3731: 378,505
3732: 3486,2980,4395,264,4154,1438
3733: 1547,2427,1045,3543,4618,3038
3734: 239,4391,752,2303
3735: 2143,4299
3736: 986,274,3309,396,819
3737: 2958,1679,2915
3738: 2169
3739: 4366,810
3740: 2217,4400
3741: 3744,3658,1848
3742: 1559,61
3743: 115,3967,211,3921
3744: 3741,3658,151,1881
3745: 1411,2982,1973,3700,1313
3746: 1750,2245,1720,475,3793,3755
3747: 268,3203,2647
3748: 3969,852
3749: 3080,1613,102,4595
3750: 3185,1414,725,4312,4162
3751: 1532,913,66,2726,2702
3752: 2300
3753: 1994
3754: 3110,1205,3665
3755: 229,167,3746,2245
3756: 3930,2715,4135,4308,904,3176
3757: 833,807
3758: 2298,4471,3287
3759: 2581,1608,2125,3211,1558,900
3760: 289,2711,1909,3893
3761: 94,1910
3762: 2743,3716
3763: 1727,4718,1976
3764: 1269,1171,2096,3291
3765: 1055
3766: 1534,1174,528,3310
3767: 4749
3768: 905,4141,3220
4727: 1880,1686,751,3358
3770: 2466,395,2217,3248,2084
3771: 2908,1851
3772: 687,2989,4560,45
3773: 116
4821: 3468,100,3935,1247,4409
3775: 4733,2563,3777,1119
3776: 612,851,963,2157
3777: 4178,3775,3728
3778: 3194
3779: 4721,1976,4229,4638
3780: 2167,1638,479,82
3781: 598,4213,4531,26
3782: 2010,4684,2542,2548,3889
3783: 154
3784: 1392,3395,2488,654,141,4184
3785: 977,2758,1494,3816,235
3786: 2872,953,3827,3259
3787: 3037,174
3788: 2197,882,2291,4097
3789: 4425,585,3961
3790: 2757,2142,3998
4483: 1317,607,2522,2632
3792: 4530,4278,3085,903
3793: 475,4440,1289,3746,1720
3794: 3811,4151,1228
3795: 2724,4047,2415,3323
3796: 3119,3205,920
3797: 3578
4445: 286,3091,2531,3486
3799: 3090,2050,2927,1843
3800: 2212,1642,486
3801: 3074,665,3704
3802: 3705,2247,295,367
3803: 158
3804: 2747,1197,3077
3805: 842
3806: 1431,1882,1859,460
3807: 1072,2249,2098,2922,4198,177
3808: 2682,4368
4714: 2589,3608,2680,102,4595
3810: 3146,1907
3811: 3351,3794,1228,3697,4028,2117
3812: 1854,242,4437,2889,14
3813: 1557
3814: 2326,3245,2598
3815: 2258,3846
3816: 2080,1284,3124,3785,2758
3817: 2759,426,2996
3818: 4807,2544,160,746,4439,1862
3819: 1293,1822,3190
3820: 4788,1682,4295,4231,2766
3821: 4434,3296,1850,914
3822: 2922,2175,4416,4226,2249
4710: 3268,4586,1679
3824: 3455,2364,720,1190,2171
3825: 718,3004
3826: 4158,2690,4784,1373,898
3827: 868,3786,3259,290
3828: 4260,2238
3829: 748,86
3830: 3079,673,1705,1484,1168,1031
3831: 515,420
3832: 4276,2419,3267,2535
3833: 1618,3958
3834: 1185,497,4286,976,4326
3835: 1714,1344
3836: 2882,3225
3837: 
3838: 2424,25,1201
3839: 453,2961,3232,469,2316
3840: 
3841: 898,1203,4182,879,2210,4784
3842: 4626,319,1322,1458
3843: 2138,2573,495
3844: 99,2836,4544,2597
3845: 4778,2561,4172
3846: 1276,2557,3815,2066
3847: 3215,4620,2130
3848: 1521,4774,2867
3849: 2533,4628,3536,1362,272,1682
3850: 4718,1662,4679,4054,4402
4545: 575,1804,2184,3633
3852: 941,793,3416
3853: 
3854: 846,3328,4680,2970
3855: 3253,3405,4659,344,72
3856: 4216,162,4649,2179
3857: 
3858: 1800
3859: 845,4719,98,1629
3860: 2200,2996,1361,756
3861: 4261,368,851,1368,1500,963
4637: 3349,3252,4161,4686,3287,1295
3863: 2651,1758
4724: 3068,3374,11,3412,1646
3865: 2371
3866: 4167
3867: 3260
3868: 3441
3869: 748,86
3870: 883,276
3871: 4114
3872: 4058,1595,2887,2600
3873: 1069,1029,1116,4280
3874: 4539,3410,4173
4671: 4781,92,3651,434,3661
3876: 2674,1676,3454
3877: 1201,210,1694,3105,25
3878: 2581,1608,1541,1113,3066
3879: 4431,3364
3880: 3277
3881: 4130,3677,3556,4823,795,366
3882: 1419,4343,278,547
3883: 3581,4138,2450,2342
3884: 3270,1626,2735
4652: 2601,4083,2319,4598,219
3886: 4112,1780,1388,3372,3195,1619
3887: 1621,3423,79,1291
3888: 2481,1348,3710,1904
3889: 787,3782,2548
3890: 
4571: 4815,33,2687,1305,3893,2570
3892: 1523,3148,1037
3893: 2570,4571,289,3760
3894: 2092,4336,93
3895: 1580,1446,3361,2030,869
3896: 4798,3557,2776
3897: 4618,3038,2860,2981,532,4615
3898: 3055,2471,2003
3899: 4799,3167
3900: 
3901: 1121,2159,1225
3902: 3611,2358,674
3903: 815,2848,665
3904: 641,3293,1890
3905: 3519,2410,3411,4257
3906: 1825,829
4477: 2226
3908: 527,518,2523
3909: 2960,4227
3910: 971,4488,2931,4391
3911: 1896,3527,3670
4780: 2738,4149,789,4805
3913: 96
3914: 3094,296,2060,3226,2268
3915: 1254,636,4743
3916: 430,4550,3244,1798,4106
3917: 4103,3689,3923,977,1494,1076
3918: 1514,3564,2688
3919: 1141,2362,788,707,513,2001
3920: 3638,192
3921: 211,115,3743,1390,1285
3922: 2128,4611,2565,525
3923: 1074,417,977,1076,3917
3924: 4108,4453,1820,1148,1529
3925: 715,4013,2954,1298
3926: 1102,2844,3121,2063
3927: 836,1542,1773
3928: 371,2573
3929: 
3930: 3756,2715,4135,904
3931: 4084,1527,250,728,4157
3932: 3120,1208,2775
3933: 4004,3197
3934: 
3935: 255,3468,4821
3936: 2359,956,2926,593,4708
3937: 2097
3938: 4091,3125
3939: 3729,2282,2405,2026,1490
3940: 141,2748,4766,4129,2451
3941: 4351,2307,1396,4086
3942: 3711
3943: 
3944: 3257
3945: 3061,594,2779,1672,1231
3946: 4290,42,4516
3947: 1274,1692,2243,2912,574
3948: 714,2812,3610,1162
3949: 4358
3950: 4651,4195,355,4031,2840
4743: 3915
3952: 3429,2661
3953: 666,4512,1311,2505
3954: 1728,1238,3383,2933
4562: 1545,808,4365,1362,1930
3956: 3206,2543
3957: 681,849
3958: 3833,1618
3959: 4596,1884,2204
3960: 3608,4064,4797
3961: 3426,3789
3962: 2204,1577,4219,921
3963: 
3964: 2068,1090,373
3965: 3624,2799
3966: 4363,2137,2478,1463,2510
3967: 3743,4120,1115,211
3968: 2259,1727,3024
3969: 852,3748
3970: 4501,2220
3971: 909,2000
3972: 4368,4585
4719: 2353,3859,1688,190,98
3974: 2878
3975: 2483,632,3715,3138
3976: 432,1736,576,4490
3977: 511,455,4102,2549,2133
3978: 2616,2325,2587,4543
3979: 3071,2298,2052,3287,1295,3252
3980: 
3981: 34
3982: 1425,499,2675
3983: 2589,2203
3984: 2890,2487
3985: 4230,3545
3986: 1139,3278,71,1515
3987: 3553,4283,13,20,209,1999
3988: 2613,4015,3509,1412,1103
3989: 234,577,3565
3990: 4602,609,2435
3991: 1269
3992: 
3993: 2627,4447,1980
3994: 1453
3995: 
3996: 1022,4100,1441,2572,956
3997: 287,4137
3998: 2142,4174,3790
3999: 2846,3648
4000: 4167
4001: 995,3036,3399
4002: 588,1418,2495,865
4003: 491,4048,1441,2572,1886
4004: 1587,3933,3197
4005: 1575,153,868,2133
4006: 1859,345,1693,1382
4007: 395,4771
4568: 4387,3219,3694,1764
4009: 1672,2700,4431
4010: 38,1319,4144,4178,1116
4011: 4346,2026,1490,4417
4012: 4315,3566,3440
4013: 1929,715,2957,3925,2954,1298
4014: 1695,1805
4015: 2613,1550,3988,1103,2968,4076
4016: 4424,254,4605,2106
4017: 4810,1401,2037,2460
4018: 2832
4019: 4175,4606,1659
4020: 4143,4796,2461
4677: 1580,1799,3592,3207
4022: 3031
4023: 1381,1346,1752,1679
4024: 4678,3154,511,1575
4025: 423
4026: 2762,1098
4027: 888,3199,1332
4028: 618,3697,3351,3811,2773
4029: 1938
4030: 2577,302
4031: 355,1791,774,3950
4032: 936,3156,3722,3612
4033: 370,4181,187,4688
4699: 3672,2516,2085,374
4035: 
4036: 2013,2151,2393
4037: 1220,2905,3600,449,4473
4645: 4290,926
4039: 514,646,3458
4040: 
4041: 549,2857,783,2075,4750,4116,987
4042: 2071,2362,4685,513,1243
4043: 2218,1937,228,1430
4044: 2969,3480,4574
4455: 1165,692,4285,2483
4046: 4158,2690,4259,1511,2269,4150
4047: 2724,3795,2415,1087,4305,1188
4048: 4003,491,1957,1769
4049: 4363,170,4601,2478,908
4050: 316,271,1114
4051: 3017,3557,1795,4476,1883
4052: 3340,533,2429
4053: 2917
4054: 2427,3850,2640,4402
4055: 317,4574,610,3646,4140
4056: 320,74
4057: 3554,1277,276
4058: 2103,3872,1595,2887,2595,1870,3222
4059: 3004,2097,675
4060: 4800,2162,690
4061: 1093,4107,4405
4062: 4634,1925,2416,3523,1668,4663
4063: 1001,1458,2019,704,1393
4064: 387,521,4797,1816,3960
4065: 2864,2373,1841,3671,4412,346
4066: 4298,117
4750: 2959,2075,783,2857,4041
4068: 2290
4069: 1055,4418
4070: 3046
4747: 1621,79,2446
4072: 16,3294,358,2995
4073: 238,4761,604
4074: 3035,3479,428
4075: 2461,3237,3418
4076: 2648,3657,4578,2613,1550,4015
4077: 2499,1938,205,2592
4078: 916,4584,1607,820
4079: 994,230,3050,4523
4080: 1726
4081: 3650,2023,2723,2732
4082: 4232,273
4083: 2601,4652,315,64,2319
4084: 3931,250,4157
4085: 673,2430,1031
4086: 4239,1343,3941,2048
4087: 
4088: 1151,2920,1170,243
4089: 1435,449,563,1630,2905
4090: 169,3192,251
4091: 3938,4142,3125,1968,3283
4092: 1512,3187
4093: 3055,165,3584,978
4094: 2948,813,277,4737,2601
4095: 1925,4481,4663,3508
4096: 4506,4134,3687,2623
4097: 315,882,3788,2291
4098: 1445,3008,4739
4099: 792
4100: 1022,3996,1441,1886,4518
4101: 4116,987,1433
4102: 455,72,3977,2872,175,2549
4103: 3917,3689,783,2150,4116
4104: 2741,1163,1242,4521,443
4105: 2425,2498
4106: 4467,1664,430,3916,4550
4107: 2883,1166,1093,4061
4108: 4453,3924,1358,1820
4109: 4486,459,3470,2655
4110: 903,364,2698,2593
4111: 301,543,3213
4112: 891,3886,1780,2563,3195,1588
4113: 3701,4461,592,4291
4114: 4179,3871
4115: 3029,1535
4116: 4101,987,4103,783,4041
4117: 496,2134,2811,3275
4118: 4633,2559
4119: 3132,4289,427
4120: 4791,2396,1115,3967
4121: 1218,518
4122: 4557,2860,3601,4615
4737: 2006,277,2948,4094,2177
4124: 1236,938,1315
4125: 1262,3582,4589,2526,244
4126: 4717,885
4127: 
4128: 2068,1090,1569,4312,1414
4129: 4621,4766,654,1685,141,3940
4130: 3677,3881,2044,795,544
4131: 509,972,2919,4619,1226
4132: 3463,2449,4767
4133: 3568,1754,1472
4134: 4700,4096,606,2215,3687
4135: 3756,3930,2715
4136: 2879,1182,2067,2590,3062
4137: 737,1658,4443,3997
4138: 1896,1723,307,3883,2342
4139: 243,943,2189,1437
4140: 2794,3480,4055,4574,3646
4141: 4787,3768,3168
4142: 4091,2823,1083,3283,701
4143: 4020
4144: 4178,865,4010
4544: 4329,3844,1706,1375
4146: 1628,1485,1462,4787
4147: 2119,4725,1376,989,1622
4148: 129,2058
4149: 3247,2224,1059,4780
4150: 2269,1905,1511,4046
4151: 3206,3127,584,3794
4152: 
4153: 4268,630
4154: 709,3393,1438,4818,3732,2980
4155: 634,3526,1875,1810
4156: 637,1290
4157: 4084,3931,250,116
4158: 4046,2690,3826,2269,69
4159: 3337,1341,1864
4472: 3221
4161: 3349,4637,4686,3723,2526
4162: 2660,4312,3750
4163: 519,4713,19,3050
4164: 
4537: 3630,771,3562,4277
4166: 61,2288
4167: 3866,4000
4168: 
4169: 1669
4170: 311,974,2858
4171: 
4172: 2275,3217,3845,4778
4173: 4189,3874,3410
4174: 1624,3632,3998
4175: 1827,4599,4606,4019
4176: 440,60,138,3563
4177: 4614,256,3123,3398
4178: 4144,3777,3728,4010,1116
4179: 4114
4180: 4243,1172,1686
4181: 4033,187,4688,4327,226
4182: 3841,1203,879,2602,4599,1926
4183: 4548,1969,3349,3252
4184: 141,3596,2488,1392,3784,1108
4185: 2908,3571,4272,4723
4523: 4392,4079,519
4187: 2114,1089,279,1618
4188: 2642,1257,3682,3690
4189: 1824,4173
4190: 2309,1579
4191: 3635
4192: 10,1775,2911,3081,1563
4193: 1180,1747,2599,2607,4623
4194: 2404,2501,3172
4195: 3950,2985
4196: 4213,2736,4531,1268,1637,1145,2958
4197: 2366,2833,3627,1725
4198: 1016,1780,3807,891
4199: 2103,1595,4792,3169
4200: 2741
4201: 1141,893,269,2362
4202: 1801,2276
4203: 
4204: 
4205: 1140,90
4206: 1586,4331,1197
4207: 2077,1169,3097,4703,1685,4621
4208: 4241,1452,4453
4209: 2825,551,4388,2369,1205,2537
4210: 4365,4476,1883
4211: 1018,2991
4212: 2691,1522,3357
4213: 2736,4531,4196,958,26,3781
4214: 82,3669,4263,2812
4215: 1642,2742,4787
4216: 1773,2314,3856,442
4217: 4554
4218: 2865,658
4219: 857,1867,2204,3962,921
4220: 
4221: 1844,2140,528,1174,1990
4222: 2609,874,1851,2216,3487,4371
4223: 2225,3505,2857
4744: 788,707,2203
4225: 1530,4820,3303,1361,2856
4226: 4416,3211,438,2175,3822
4227: 3909
4228: 2101,1058,2794,3646,1207
4229: 4402,3779,2640
4230: 3985,1711,1293
4231: 1682,4295,384,3820,991,4788
4232: 4082
4233: 2304,1144
4492: 1712,942,914,432,688
4235: 3016,688,1712
4478: 377
4237: 
4238: 1191,177
4239: 4086,1606,3225
4240: 1096,245,2756,3679
4241: 4208,1719,1452
4242: 123,2871,685,2853,1641
4243: 4180,1172,1877
4244: 1555,2688,2674,2395
4245: 324
4802: 2091,4392,3057,1897,4394,4803,3461
4247: 1660,4320
4248: 4493,2665
4249: 
4250: 1290
4251: 1914,2625,1070,2755,794
4252: 2730,493,200,3355
4253: 1322,1493
4254: 2633,4475,979,3386
4255: 
4256: 2474,2518,1784,2517,143,2462
4257: 241,85,2410,3905
4258: 683,2307,1396,3343,2120
4259: 4046,2690,1511,3649
4260: 3828,3103,1217
4261: 3861,368,1078,3302,1500
4262: 425,4649,2179,4813,4294
4263: 1424,2812,3669,4214
4474: 3627,1725,4739,2619
4265: 2592,3445,642,2372
4266: 
4665: 1104,304,4536,1738
4268: 4153,1349,780
4269: 4355,4293,627,2394
4270: 4569,3404,481,2608,1503
4271: 1432,2659,4822,1005,2301,271
4272: 3571,583,421,4723,826,4185
4273: 2703,2762,1098
4460: 3007,3320
4275: 4687,2118
4276: 1722,3832,1732,1266
4277: 3562,4286,4537,158,2504
4278: 4530,3792,3085,2039,3543
4279: 4319,1519,4549,2351,1047,3434
4280: 3728,1119,3550,3873,1029,1116
4281: 130
4282: 4557,3338,4670,3312
4283: 3987,2110,13,1393
4506: 4096,2623,272,1560,2533
4285: 4455,1198,1993,2015,3202
4286: 3562,976,4277,3834,3573,2504
4287: 95
4288: 2383,485,1356,2457
4289: 284,4119,624
4290: 3946,4645,926
4291: 4461,4113
4292: 1768,2809,348,1845
4293: 627,535,4269
4294: 4813,1960,425,4262,3269
4295: 1682,4231,1560,384,4628,3820
4296: 1654,3115,4407,3344
4297: 3625,1824,1635,753
4298: 2188,2904,4066,2449,4393
4299: 4433,1652,3735
4300: 1509,3602
4301: 1239
4302: 2458
4303: 279,2786,2205,1209
4304: 881,4790,2731
4305: 3127,584,1087,4047
4306: 1609,1570,837,4772,541,4563
4307: 1338
4308: 3259,904,4616,3756,3176
4309: 2719,2856,301
4310: 834,2618,3364,1578
4311: 4732,3698,2465,1533
4312: 2068,4128,3750,1414,4162
4313: 3048,1398,644,924,3392
4314: 1472,2345,3286
4315: 4012,4484
4316: 1181,3505,2959
4317: 
4813: 4294,425,4262
4319: 1519,4279,1436,1279,2351
4320: 2083,667,4247
4321: 1064,1680,4528
4322: 1031,1176,1838
4323: 2898,1346
4324: 1444,2781
4325: 3458,1815,1548,3150
4326: 2930,1185,3834,1975,3573
4327: 4181,4688,2671
4328: 
4329: 4544,826,1706,1375,3577
4330: 3724,1835,84,4746
4331: 1586,2705,4206,1536
4332: 1743,2629,2655,2175
4333: 4496,1655
4334: 1771,2064,2519,3546,3417
4335: 
4336: 3894
4337: 4823,948,3350,896,3556
4338: 
4339: 3709,632,3715,1136
4340: 
4341: 1274,266,2243
4625: 2508,3138,4709
4343: 1419,3882,3674,2839,3149
4344: 1973,1313,937
4345: 3319,97,3615
4346: 4011,1229,2468
4347: 4361,3161
4348: 883,1785,2547,194,2334
4349: 1544,1355
4765: 4764,1212,2893,1930
4351: 3941,4438,2307
4352: 4819,3008,1778
4353: 1088,1709,2081
4354: 4385
4355: 4269
4356: 625
4798: 3896,2776,2002
4358: 3949
4359: 252,2779,1231
4360: 550,1377,1970,1856,2839
4361: 4347
4362: 1486,2768,4502,1178,2803
4363: 4049,2137,3966,2478
4364: 2854,2979,1302
4365: 4210,1212,4562,1930
4366: 3739,960,2242
4367: 3346,526,2073
4368: 3972,2682,3808
4369: 2813,34,2104,729,270
4370: 353,4666
4371: 481,1459,4222,2216,429,3487
4372: 4493
4373: 67,3647
4374: 2921,1757,84
4723: 3571,4272,583,4185,3513,173
4376: 2696,2752,2410,1101,3321
4377: 1086,68,2660,144
4378: 796,2292
4379: 
4524: 1993,2015,221,4459,2199
4381: 818,2866,1348,1194,1647,3609
4382: 793,168,1507,497
4383: 2443,2024,840,1517,4384
4384: 2536,1517,4383,3335,2181
4385: 1294,253,4354
4386: 876,3639,1874
4387: 343,4568,1764
4388: 2369,1205,908,4209
4635: 2965,2913,2088,1318
4390: 984,3697,3108,1850,3299
4391: 3734,239,3910,4488,2931
4392: 4523,519,4802,1897
4393: 784,2188,4298,2449
4394: 4803,1246,4802,1275
4395: 3732,4746,572,264
4396: 1416,778
4733: 177,3775,891
4597: 3518,4468,2172
4399: 832,4459,1496,2199
4400: 2217,3740
4401: 3313,2588,1495,340
4402: 1976,4229,4054,4718,3850,2640
4403: 2587,4543,1182,412
4404: 3197,2381
4405: 196,4061,3133
4406: 2327,4709,1069,3619,962
4407: 3115,4296,2460
4408: 737,339
4409: 1083,4821,517
4410: 2824,1358,281
4411: 
4412: 2269,3671,4065,4499,346
4413: 1156,1320,1986,4500,1353
4662: 1827,3491,879,946
4415: 2809,388,2209,2671
4416: 4226,2817,3211,900,3822
4417: 2772,4011,1490
4418: 1135,1055,4069
4419: 
4420: 321,258,334
4421: 2706,1009,3135,4795,2433
4422: 2591
4526: 110,2391,1836,1455,2310
4424: 4016,1209,254
4425: 3789,585,1389,4814
4426: 
4427: 2600,2830,2698,2151
4428: 2033,1324,978,2471,1025
4429: 
4430: 
4431: 3879,2195,4009,2700
4432: 3025
4433: 4299
4434: 3821,555,1195,1307
4435: 2891
4436: 1690
4437: 2889,3812,770
4438: 4351,77,3328,1475
4439: 529,128,3818,2544,160
4440: 3793,1289,89,2004,110
4653: 2784,328,4811
4442: 803
4443: 4137,1658
4444: 1659,3446,1961