0: 4177,3519,3912
1: 1424,2337,4804,1779,257
2: 1273
3: 2625,2992
4821: 4360,668,3358
5: 4823,4116,3111
6: 160
7: 1607,2925,1101,1025,2204
8: 4354,3167,1618,3231
4728: 1677,2335,1510,1739
4688: 
11: 4244,3403
3833: 3901,1952
13: 2051,2608,1968
14: 1256,2346,1319,4569
15: 4547,1212
16: 1898,4206,2043
17: 177,1764
18: 4219,4586
19: 
20: 4332,2372,4272
21: 3055,3636
22: 2439,2669
23: 1828
24: 4606,1317,4579
4153: 4115
26: 1231,802
27: 642,2228,4818
28: 964,1172
29: 
30: 
31: 318,4617,4768,1407
3932: 3800,1632,1170,4288,2477,3334,1595
33: 4362,4742
34: 3962,2512,3112,1113,1496
4478: 983
36: 854,4397,3984
4083: 1680,3956,4786
38: 2559,4163,2288
39: 3641,4355,2781
40: 338,3873
41: 2417
42: 
43: 731
44: 
4028: 755,942
46: 
47: 1246
48: 3411,3924,4782
49: 755,1949,4399,664
50: 1940,2764,305,3432,3047
4657: 4556,4759,594
52: 3526,4656,2954
53: 2959,4465,2305,3391,4589,1063
4638: 4392
4711: 2626,2440,499
56: 
57: 4252,4444,3923,3268
58: 4629,365,3009,1441
59: 4319,251
60: 178,1283
61: 4167,4522
62: 197,1846,3809,4704
4645: 1273
64: 4155,3927,4372
4324: 1150,4429
66: 3875,3836,4578,3292
3923: 4444,57,3268,3488
4318: 1714
3911: 150,1440
70: 211
71: 1524,199,150
72: 317,4367
73: 
74: 2634,4418
75: 3401,4556,4759
76: 772,1639
77: 534,2981,4241,2965,2600
78: 3302,2498
79: 1502
80: 4114
81: 3358,643,354,3216
82: 4634
83: 4016,4424,689,2803
84: 
85: 2325,4644
86: 722,3279
87: 1707,3387,674
88: 2824
89: 874,3553,2669
90: 1951
91: 4686,1396
3925: 2343
93: 3874
4631: 2987,2142,4628
95: 
4169: 3931,1433,1125
97: 4630,280,3538,1962,2868
4177: 3519,0,1652,3912
99: 2587,2987
100: 292,304,3674,4038,1145
101: 2844,1202,109
102: 551,3310
4743: 
104: 
4155: 64,1225
4346: 1429,4057,352,785
107: 4044,4789
108: 930,2990,3399,4229,927
109: 2844,101,2637,2314
110: 3534,2021,2526,4165
111: 4122,1107,1719
112: 814
113: 1204,830,2577,2146
114: 
115: 
116: 1139,4801
4503: 3001,4766,2368
3903: 4413
119: 4200,470
120: 
121: 1627,4721,3201,4020,978
122: 3958,4469
4733: 933,4323,2426,3071
124: 933,1583
125: 4816
126: 2248
4198: 2655,4047,3559,3351
128: 2667
129: 1500,2938
130: 
131: 344,221,4767
4275: 3361
133: 2314,2233,2637
134: 4003,2949
4566: 782,4715,2187,2395
136: 1809,872
137: 
138: 4421,2075,3366,3825,3658
139: 
4640: 739,2168,3722,4450,1622
141: 1787,4184,1918,4286
4410: 2019,4402,1378
4368: 1780,2088,3328,3190,1080
144: 1995,4739
145: 2402
146: 
147: 
148: 4087
149: 2142,1545
150: 1468,3911,71,1524
151: 1385
152: 3162
153: 1165,1599,2871,3496,1413
154: 2036
155: 2266,217,3314
4701: 3069,1793,569
157: 2392,1577,2660
158: 
159: 4012,3997
160: 915,6
161: 3484,3173,3251,3005
162: 4805,2773
163: 536,4596
164: 2861,2675,2179,1504
165: 965,188,4384,4218,1319
166: 2339,1463,2128,904
167: 3948,1856,1459,3372,4712
168: 2533,2488,1474
169: 3862,893
170: 4601,614,4421
4626: 1836,2496,1973
3864: 3740
173: 3877,3267,2443,3674
4745: 4392
3992: 1930,1472
176: 2849
177: 17,3390
178: 60
179: 1164
180: 1710
181: 4680,3829,1178
182: 2028,4141,1985
183: 1288,2182,4790,3365
4611: 1695,4750,1748
185: 3434,2751,1010,4456
186: 2541,1784,1613
187: 1701
188: 165,965,446,3556
189: 2714,494,4659
190: 1136,2213,2769,4351
4729: 2874,4780
192: 2385,202,665
193: 
4756: 1664,2501
195: 3414,513
196: 1331,458
197: 62,3370,3809,4780
198: 4138,3483,1459
199: 3906,1468,4065,71
200: 2857,4196,4450,3267
4772: 369,4330,2111
202: 192
203: 3422,829
4296: 2015
205: 1650,709,4189,336
206: 1043
207: 2823
208: 
4427: 1555
4099: 4693,4795,4525
211: 70
212: 1231,802,1853
4364: 2203,490,4013,1881
214: 1320
4030: 486,1293,3958
216: 1406,4422,2369,1127,433
217: 2266,155,1844,1647
4086: 3185,877,3259,1879
3873: 2021,2526,3977,338,40
3995: 3549
221: 131,4767,4451,2080,2510
222: 3289
223: 
224: 739
225: 3745,2105
226: 870,1224
4027: 1348,1815,358
228: 1101,2925
229: 1346,2373,4032
230: 2999,299,4466,2793
231: 
232: 2454,885
233: 3463,4281
234: 3522,4260,2215,3618
235: 1738,1114,2540,3649
4781: 1523,3643,925
237: 2433
238: 2231
239: 3882,4406,678
240: 4107,2186,3316,4768
241: 820,1540,3575
242: 2813,4440,3731
243: 2125,1044,4497
4742: 4088,33,1711
4477: 
246: 4329,3723,4343,2420
247: 610,4162,2952,3760
248: 3459
249: 3151,3627
250: 
251: 59
4374: 
253: 1064,4502
3920: 
255: 2918,1649,2209
256: 3558,1730
257: 1,1431,2337,1000
4190: 1855,610
3860: 2344,1577,3546,421
260: 4804,3398,4386
261: 2884
4780: 4729,1526,2874,567,197,3809
263: 909,4809,4199,2048
264: 
265: 1441,598,1853
266: 2675,2179
267: 1673,1166,2499
268: 4016,1793,1948,2775
269: 1254,724,3150,2544
270: 3461,1019,901,4078,1788
271: 1750,4499,1375,4437
272: 3632,1709,858,3967
273: 
274: 2404,412
275: 4333
276: 408,2128,1302
277: 
278: 4527,3584,4717,973
4288: 3932,1632,836,3855,3334
280: 4630,97,3538,4795,3377,1933,437
4246: 1921
282: 3252,4381
283: 1234,4192,869,4005
284: 4116,3111,3623,3677
4530: 534,414,2600,2437
286: 
4309: 2761,4576
288: 
4817: 3244,1389,483,1768,3585
4695: 
4614: 1018,4773
292: 4128,100,1145,3723,4573
293: 
294: 432,3910,4102,2456
295: 
4058: 4689,2300,2026
297: 2660
298: 1071,3424
299: 230,2793,1641
4804: 260,4081,1424,1,1000,3597,1779
4769: 3273
4659: 424,189,494
303: 4468
304: 2443,3674,2416,417,4038,100
305: 50,1940,3649
306: 
4577: 4588,3806
308: 1869,4557,2313,4726,4724
309: 2160,927,2293,4739,2207
4582: 1470,1696,370
311: 3115,4717,4173,3465,4077
312: 756
3986: 4316,4195
3832: 2272,4384
315: 4015,4217,3587,4762
316: 3868,2776
317: 4251,72,4367
318: 31,3698,4617,4768
4015: 2981,315,4762,2965
320: 1951
321: 2939,3823
322: 
323: 4347
324: 
4592: 1197,1009
326: 1204,830
4680: 181,1846,3829
328: 
329: 1585
4100: 4130,4636,2820
331: 2105,4798,2823
332: 3556,2053,446
333: 1750
334: 2856,4569,436,530
335: 
336: 2430,205,4189
337: 690
338: 4536,3873,40
339: 3768,402,2547
340: 
341: 1531
4786: 4083,3018,4244,2601,3403
343: 1608,2472,674,903
344: 131,971,2510,4048,3881
345: 4173,3465,2858,3968
346: 1301,3790
4049: 2226,4471,1775
4333: 2099,4520,275
349: 1591
350: 4653,1317,3990,3491
351: 2302
352: 3525,559,4346,785
4203: 3532,3689
354: 81,3358
355: 2017,1280,3174
356: 1015,3450
357: 2246
358: 849,3521,4027,1815
359: 2302,3742
360: 3024,2125,2714
361: 1971
362: 
363: 3148,1518,4014,2881,2415
364: 591,4278
365: 58,4629,4700,4337
366: 4369,1419,2303,2568
367: 2543,4237,963
368: 790,4803,4802
369: 4772,4330
370: 1015,4582
371: 2498,2728
372: 1266,744,860
4070: 
374: 4107,2186,4732,1634,3725,2743
375: 4360,2484,3596,4634
376: 4325,2354,3598
377: 
378: 635
4194: 3978,383
4325: 376,3598
381: 814,4299
382: 1186,3257
383: 2506,4194,3978
384: 2618,4763
385: 3890
386: 
4654: 2548,3893
388: 1282
389: 3085
390: 3667
391: 1359,1251,3254
4387: 1960,2174
393: 2940,1340
394: 1719,1819
4801: 3382,116,1139,1181,3042
396: 4033,4553,3642,1624
397: 4439,2630
4110: 3929,4261,2956
399: 4130,3251,1373,4636,1972
400: 2534,822
401: 3813,2286,413
402: 339,3768,1573,2352
403: 1630,518
3869: 2695,4372,3323,823
405: 
406: 2698,4678,3252
407: 2805
408: 276,3966,1194
409: 
410: 2983
411: 715,2911
412: 274,2387
413: 4152,3514,401
414: 1819,2842,2600,4530,2437
415: 3115,4093
416: 
417: 4010,4038,304
418: 1061,4775,3615
419: 1871,2277,3705
4085: 1438,1484,3450
421: 3227,2135,3860,2344,3546
4274: 3261
423: 3915
424: 2357,4659
425: 2922,4819
3909: 1872,3789
3946: 
428: 1980,600
429: 4616,4135,4219,4285
3999: 1814
431: 2743,3316
432: 3910,294,4235
433: 2639,216,1315
3898: 2696,3693,4383,1721
435: 2143
436: 3693,334,2659
437: 1933,280,3538,2342
438: 2041,4226
439: 2742
4326: 4250,562
441: 
442: 4417
443: 4467,2232,2315,4353
444: 639,3108,2851
445: 
446: 2053,4596,536,188,332
447: 3399,4229,2171,4615,3845
448: 
449: 
3848: 4261,2724,3152
451: 4188
452: 
453: 3781,4691
454: 480
455: 1952,1192
456: 4149,3822,1993,4118,1034
457: 4823,497,1469,1303
458: 1331,196
459: 732,4159,3571,4455
460: 3196,4077,2460
461: 1955,1145,3723
462: 3075
463: 3885,1255,2704,646
4463: 1313,1337,2893
4054: 1667,591
466: 3767,2488,4764
467: 3344,3721
468: 1055
469: 4637,2878,4524
470: 119
3983: 3119
472: 
473: 4787,2881,1518
474: 4716,2720,2815,1564
4710: 3395,3993,2540,3432
476: 3588,1617
4748: 1729
478: 2698,2213,1343,4094,4161
479: 564,2809,1893,2616,565,972
480: 454
481: 2947,3647
482: 3578,4754
483: 1066,3593,3244,4817
484: 3335,4655,2350
485: 
486: 4030,4649,939,569
487: 3587,1983,587
488: 
489: 4283,1866,2673
490: 2203,4364,1047,4013
491: 528,1316,1494,725
4351: 2698,4678,2213,190,4671
493: 1099,4201,940
494: 189,2714,4659
4495: 945
4005: 869,1234,283
497: 3275,1469,457,2989
3997: 159,4012
499: 2440,4711
500: 2639,1620,4629
501: 
502: 1718,2940,4035
4196: 4450,2478,200,3267
504: 4584
4391: 1604,2526,4165
506: 593,3691,4252
507: 2612,2724,853
3919: 3105,1091
509: 2332,3348
510: 648,1565
511: 1016
4344: 
513: 1365,4575,195
514: 2440
515: 
516: 3865
517: 2167,556
518: 403,3468,3228
4539: 753,2067
520: 1283
521: 1769,551,3199,4337,4784
522: 3298
523: 
524: 1701
525: 3347,3831
526: 2869
4161: 4094,3858,1343,478
528: 491,4540,1575
529: 2224,2327,3081,4767
530: 3955,4569,334
531: 1512,738,3856
532: 3718,1100
533: 4004,2542,3782
534: 77,4530,2981,2600
535: 1508,795
536: 163,4596,446,1600
537: 
538: 4240
539: 644,2885,1734,2939
540: 1888,1243,3787,908
541: 3560,1056,3908
542: 862,2917,4650,1964
543: 3389,1361
4675: 1917
545: 589
546: 1235
547: 1915,3916,2933,4716,2720
4793: 1654
549: 1853,3409,3645
550: 1708,1401
551: 102,4337,4700,521
552: 2161,4073,1151
553: 1871,4334
554: 751
4022: 3555,897
556: 2229,517,1757
557: 1221
558: 
559: 3525,352,785
4268: 3765,3866
561: 1845,1377,2893
562: 4326
563: 1701
564: 479,1893,972
565: 2210,1968,479,2809
566: 1389,1269,2765
567: 1526,4780
4414: 3626,672
569: 939,486,3069,4701
4455: 2926,459,4159,1732
571: 
572: 2792,3672,1093,4397,820
573: 2922
574: 850,1486
575: 2576,4259
576: 2769,4809,4671,1412
577: 4812,3441,698
4423: 2063,867,3843
579: 3461,699,685
580: 3882,2327,3102,3081
4402: 2019,4410,3893
4281: 3463,233
583: 1284,1114,1223
4093: 1501,2204,2633,415
585: 
586: 4251,1767,4789,4102
587: 487,1983,2737
588: 3351,4809
589: 545
590: 3659,1161,710,4685
591: 364,4054,1667
592: 890,2903,2683
593: 1289,3691,506
594: 4556,4657,1833,879
595: 
596: 3599
597: 1941,4698,1859,2752,2200
598: 3719,1441,265,1853
599: 3426,3061,1003
600: 4339,428,1980
601: 1590,1422,3435,3378
4323: 2615,2872,2426,4733
4652: 3843,3545
604: 1742,1496
4314: 829,4812
606: 4051,4705
607: 1336,4247,4610
608: 3429,4570
609: 1564,896
610: 2952,247,4190,1855,3211
611: 1379,1033,1892
4218: 165,965,4384
613: 3548,4154
614: 170,4421,1206,3186
615: 2892,2676,1636,3066
616: 1920,2399
617: 651,3141
4076: 1752,4660,2819
619: 3034
620: 1223,4096
621: 3470,1642,4239,891
4269: 
623: 2026,984,4127,736
624: 3329
625: 2466,3004
626: 1366
627: 
628: 3802,807,1386
629: 1128,763,3306
630: 
631: 3226
4439: 764,3209,397,2630
633: 2313,4643,1588
3962: 34,2512,1558
635: 3578,3745,378
636: 2979,2517
4540: 528,1575,1583
4754: 3797,482,4814
639: 444,1904
640: 1982,1583,4406,1575,678
641: 1421
642: 27,4113,686,2228
643: 81,4551,3124
644: 2022,2885,539
645: 2575
646: 1332,4736,463
647: 1598,2878
648: 510,1565
649: 1976,4404,766
650: 2475
651: 617,3257,2438
652: 3112,1558,2391,1879
653: 4399
654: 1664,2102
655: 922,1517,3050
4594: 
657: 3770,2097,1125,2331
658: 4224
659: 842
4210: 1910
661: 
4712: 727,1970,4822,4138,1459,1856,167
4775: 1903,418,2057
664: 3020,49,4399
665: 4304,1815,192
666: 
667: 3961,1978
668: 4821,1567,3358
669: 3664,1530,2917
670: 1562,3484
671: 730
672: 4414,4225
673: 1706,4071
674: 1608,343,3387,87,1707
4385: 1858,4673,4730,2644,693
4437: 271,1375
4644: 85,4509,1638,2047
678: 640,1982,4406,239
4580: 832,775,4505,2053,4596
680: 2945
681: 3966,3202
4107: 2186,240,374,2743,3316,4768
683: 2649,4237,1044
4320: 
685: 2061,1040,1029,579
686: 4113,642
3975: 2224
4674: 2418,2996
689: 4508,2803,4656,83
690: 337
4676: 1420,3943
692: 3523,4272,1503,4332,1679
693: 2161,4673,4385
694: 2932,4301
695: 4462,2099
696: 998
697: 2237
698: 3000,3441,577
699: 2061,579,3714,4282
700: 
701: 2052,1567,1944
702: 2136,4709,3979,2955,937,4010
703: 
4223: 795,757
4525: 3037,4760,2754,4099,4795,3377
706: 4182,2217
707: 2009,4677
708: 4291,995,2511
709: 2691,205,1650
710: 1161,590,3659
4026: 1416
712: 3781,3436,4691,2750,3420
713: 3106,1201,4764
714: 4461,2167,1190
715: 2076,411,3051
716: 
717: 3758,3391,3287,4623
718: 
4658: 1112,2429,3036,2010
720: 876,4227
721: 950,3718
722: 86,2573,4808
4708: 
724: 269
725: 3299,4725,1494,491,3728
726: 3612,3287,1249,3290
727: 4712,4822,4138,1459
728: 3772,1672
3883: 4593,3790
730: 1528,671
731: 43
732: 2298,459,1116,2004
733: 3839,3844,2004
734: 3565,4506,4520,1326
4341: 983
736: 623,1802
737: 
738: 531,1512
739: 4640,224,3722,4444
740: 1942,3965,3059,934
741: 
742: 3977,2562,1119,3534
743: 1350,2933,3761
744: 1266,372,4074,4212
4272: 1503,20,4332,692
746: 2985,3040,2578
747: 1762,3964,2928
748: 
749: 2092
750: 2101,4367,1715
751: 554
752: 4660,3225
753: 2067,4539,1645
754: 819,1839,4662
755: 49,4028
756: 312,1671
757: 795,4223,3996,4065
758: 1527,2462,3270
759: 769,3908,1056,3724
4121: 2100,1499,3204,911
761: 
762: 2934,1642
763: 2811,629
764: 3209,4439
4166: 3686
766: 649,3682
767: 4013,4458,1881,3099
768: 2801
769: 759,3908,2027
4497: 2543,1570,243
771: 3834
772: 76,1639,1994
773: 1361,2333,3246,1922
774: 3002,4744
775: 4580,4505,3640
776: 4068,1900,4779
777: 4146,4604,3720,2296,1651,4493
778: 3753
779: 3876,4528
780: 2998,3952
781: 
782: 4566,2395
4004: 533,4699,3782,805
784: 
785: 559,352,4346
786: 2513,1559
787: 2147,3607,2042,3057
4724: 1909,4726,1869,308
789: 3412,942,4139
790: 368,4803,4802
791: 4685,4003
792: 3510,2056,1315,1880,3275
793: 1359,1404
794: 2707
795: 757,4223,535
796: 2447,4012
797: 
4051: 2930,606,1263,4462
799: 3213,2585
800: 
801: 2803,3564
802: 212,1231,26
803: 1930
4021: 1332,3506
805: 2876,3782,4004,4699
806: 2184
807: 3802,628,2371,3317
808: 3149,2790,3618
4044: 107
4569: 334,14,530
4490: 3447,3264
812: 1294,1219,833
813: 1225,4057
814: 381,4299,112
815: 2831,4220
816: 1004,2263,2288
817: 2357,1570
4119: 2609,2130
819: 1203,754,3736,1839
820: 241,572,1093
821: 3447,3072,3179,4535
822: 2534,400,1861
823: 3800,1632,3869,2695
824: 
825: 2747
826: 4224
4251: 317,586,2155
3991: 1774
829: 4314,1082,3826,203
830: 326,1204,113,1771
4693: 2479,3562,4099,2875,2086
832: 4580,2053,3483,3372
833: 812,1219
834: 4279,4797
4785: 2696,4306,1722,4376,3125
836: 3855,1516,4288,3334
4705: 606,2636
4449: 3191,4163,3662,4806
839: 2566,4765,2748,2375
840: 4043,1693
841: 1078,3792,2935,1017
842: 1796,659
843: 1405,1944
844: 3297,1991,964,3416,3670
4048: 3339,3881,344,971
4720: 2151,2768,3856
847: 
848: 
849: 358,3521,2295
850: 574,1610
851: 1662
852: 
853: 507,2612,2724,3763,4559
854: 36,3984
855: 
856: 2203,2312
857: 4135
858: 272,3967,1655
859: 3484
860: 3750,372,3669,1337
861: 3738
862: 542,1008,990
4149: 3822,456,1993,1742,3886
864: 2820,1886
4071: 2346,1319,673
866: 2994
867: 1149,2063,4423
868: 905,2481,2280,1528
869: 4005,873,283
870: 226,872
871: 1037,2770
872: 136,870
873: 869,2707,1958
874: 89,3553,931
875: 1944,2841,1637,3297
876: 720,4227
877: 4086,2117,2048,3259
878: 4377,3153,1909,4404
879: 594,1237
880: 3360
4073: 4819,1151,552,3085
4741: 4697,1696,1470
4815: 4670,1780,3976
4542: 2391,1879,1919
885: 3043,232
886: 2519
4512: 1033
4271: 2609,3158,1301
889: 
890: 592,4776
891: 621,4308,3637
892: 1790,4072,1399
893: 3862,169,3209
4078: 1522,1788,901,270
895: 1088,4091
896: 4749,609,991
897: 1702,3555,4022,3772
4607: 1071,1514,3424,2614,1191
899: 4231,2515
900: 3682,1475,3657,2712
901: 1396,270,4078
902: 3405,1471,2934
903: 343,2472
904: 1998,2339,166,3102
905: 868,2481,4125,3074
906: 
907: 2991,1545
908: 1888,540,4790
909: 1646,263
910: 2491
911: 2597,3204,3775,2100,4121
912: 3590,1392
913: 989,2654
914: 2495,3891,3176,4787
915: 160,1410
916: 1636,4810
917: 2039,4312,2648
918: 2552,2256
919: 1294
920: 3119,1047
4691: 3785,453,3781,712,3420
922: 3227,1398,1517,655
923: 
924: 2856
925: 1353,4781
4706: 
927: 309,2160,108,3399,3845,2293
4524: 3011,2459,1134,469
4794: 2815,991
930: 108,4312,1310,1305,4229
931: 2100,1499,874,3553
932: 1756
933: 4733,124,1982
934: 3383,1942,740
4604: 4146,777,4805,1653
936: 2401
937: 3979,3755,2926,702
938: 4687
939: 4649,486,3069,569
940: 1099,493,3107
4416: 1849
942: 789,4028
4095: 2387,2757
944: 3336
945: 1662,4495
4784: 3232,521,1769
947: 2714,1871
948: 4158,3589,4129
949: 4298
950: 2395,721
951: 2485,4435
952: 2956,3171
953: 
4704: 62,3809
4479: 2711
4717: 311,278,4077
957: 1480,3749
4103: 1674
959: 1490,4389
960: 
961: 
962: 1870,1878,1413
963: 4237,4241,367
964: 28,844,3297,3670,1095
965: 165,188,1600,4384,4218
966: 2693,1509
3862: 169,1371,2630,893
968: 4551,1886
4399: 1949,49,664,653
970: 1439
971: 344,4048
972: 1031,564,479,1893
973: 3639,278
974: 2199,3204
4789: 1059,1767,107,586,4102,2456,4215
976: 1381,3080,1905
4806: 1241,2175,4449,3191,3662,1867,1770,2347
978: 4253,121,1627,3201
4319: 59,3318
980: 2228
981: 3778
982: 1270,4033,4814
983: 4341,4478
984: 2026,623,4127,2640,2300,4689
985: 3122
986: 
987: 3278,2164
988: 3611
989: 913,1380,2108
990: 2366,1008,862
991: 4794,4749,896
4546: 4040
993: 2357
994: 1489
995: 2082,1574,708
996: 4283
997: 3078,3467
998: 2640,696,4730
4752: 1016,4670,3470,1642
1000: 3597,1779,4804,257
4462: 1263,4051,695
1002: 4823,1905
1003: 3426,599,1920
1004: 816,2263,1867
4154: 4504,4164,1996,613
1006: 4245
1007: 
1008: 2366,990,862,1964
1009: 4592,2198,1935
1010: 1462,185,4456
1011: 4278
4185: 4764,3916,2933
1013: 1873
1014: 2268
1015: 1232,356,370
1016: 4752,3470,511
1017: 2935,3509,841
1018: 1808,4614,4773
1019: 270,3461
3976: 1616,4815
1021: 
1022: 2024
4560: 2931,4797,3182
1024: 2886
1025: 2200,2355,1101,7,1501
4603: 
1027: 
4188: 451
1029: 685
1030: 
1031: 4074,972,2717
4610: 4247,1238,1336,607,1110
1033: 611,4512
1034: 456,1762
4003: 134,791
1036: 4816
1037: 871,1775
4310: 3740
4757: 
1040: 3461,685
1041: 2430,1133
1042: 1079,1395,2581,2928
1043: 2165,206
1044: 243,4237,2649,683
4557: 1869,308,2429,2010
1046: 3801,1985
1047: 4013,490,920
1048: 2095,4812
4139: 1704,1927,789,3412
1050: 4345,3329,3931,2097
4516: 2023
1052: 3544,4335
1053: 2264
1054: 3985,1216
1055: 468,3433
1056: 3815,541,759,3908
3874: 1299,93,3288
1058: 3044,3612,3287,2098
1059: 1261,1372,4789
4504: 4154,4089,1996
1061: 418,4797,3615
1062: 3343
1063: 4589,1520,4465,53,4536
1064: 253
1065: 3456
1066: 483,3593,3244,4777
1067: 3667,3886,1176,2963,2818
4543: 4553,3642,4814
1069: 2749
1070: 2704,1109,1698
1071: 4607,1514,3424,298
1072: 1522
3857: 
1074: 
1075: 
4518: 
1077: 2782
1078: 4690,841,2418,3792
1079: 1042,1395,1838,3138
1080: 3374,3190,2088,4368
4162: 247,3760,3087
1082: 829,3826,4707,4812
3957: 1815
1084: 2140
1085: 
1086: 2277,3648,3705
4395: 4126,4751,4136
1088: 895,2232,2315
4183: 1864
1090: 2819,2581
1091: 3719,1769,3009,3919
1092: 4023
1093: 572,2792,820
1094: 
1095: 3670,964,1172,2609
1096: 
4698: 1941,597,4461
1098: 
1099: 4201,493,940,4597
1100: 4568,2472,532
1101: 228,7,1025,2200
1102: 
4444: 3923,4625,57,739
1104: 2024,3335,2136
1105: 1417,2019
4798: 1329,1369,2379,331,2105
1107: 2371,111,3802
4205: 
1109: 1070
1110: 1238,4610
1111: 2677,1823
1112: 4658,3183,2429
1113: 1496,34,2512,4079
1114: 2568,1738,235,1284,583
1115: 3491,2631,3345
1116: 3715,3844,2298,732,2004
1117: 2025,1672
1118: 2496,3097,3706
1119: 1563,2562,742,3534
4047: 3550,3559,2655,4198
4043: 840
1122: 1643
1123: 3760,3878,3338
1124: 3129,2525
1125: 4169,3770,657
1126: 3229,3027
1127: 216,1406,3608
1128: 629,2394,3306
1129: 3381
1130: 
4294: 3679,2643
1132: 
1133: 1431,1041
1134: 1998,3537,3011,4524
1135: 
1136: 2213,1343,190
1137: 
1138: 
1139: 116,2841,4801
4747: 2029
1141: 4471
4508: 689,4656
1143: 2274,2260
1144: 1217,3743
1145: 461,3674,292,100,3723
1146: 1633,3870,3586,3136,2726
1147: 
1148: 2711,4679
1149: 3026,867
1150: 4009,3414,4324
1151: 4819,4073,4673,552,2161
1152: 1335,2855,4035
1153: 4823,4116
1154: 3493
1155: 1551,4371,2077
1156: 2906
4725: 3299,725,3252,4381,3728
1158: 4168
1159: 
1160: 
1161: 710,590,1805,2722
1162: 1428,4029
1163: 3022
1164: 179
1165: 153,2871,2444,1884
1166: 1673,267,2499,1809,4017
1167: 
1168: 1281,2607,2104
4529: 3059,2221,3383
1170: 3932,3800,1429,1595
1171: 
1172: 3596,28,1095
1173: 2831
1174: 1884,2664
1175: 1647,1532,2266
1176: 1742,1569,4591,2818,1067,3886
4219: 18,429,4135,4285
1178: 3343,3829,181
4628: 2142,4631
4392: 4638,4745,2682
1181: 2576,3382,4801
1182: 1269,4292
3967: 3600,272,3632,858
4443: 3353,3859
1185: 4727,3064
1186: 382
1187: 
4285: 4219,429,1503,2279
1189: 3839,3979,2208,3755,2443
1190: 2229,714
1191: 2614,3323,4607,1514
1192: 3203,3273,455
1193: 
1194: 3930,408
1195: 4132
1196: 3526,3231
1197: 4592
1198: 3807,3794,3550
1199: 2018
1200: 3793,2749
1201: 4506,1956,713
1202: 2844,101
1203: 819
1204: 326,830,113,2146
4510: 3632
1206: 1805,2722,614,3186
4273: 2040,2667
1208: 4502
4465: 2959,53,1063,4536
4239: 621,1642
1211: 1992
1212: 15
1213: 
4046: 4491,2814,1578
1215: 2523,1657,4131,4811
1216: 1907,3763,1054
1217: 2077,1144
4808: 3752,2573,722
1219: 812,3390,833
1220: 3291
1221: 557
4316: 3986,3562,4795
1223: 3649,583,620,4096
1224: 226
1225: 3899,813,4155
1226: 4062,1827,3355,3451
4483: 
4731: 
3847: 
1230: 
1231: 212,802,3719,26
1232: 1015
1233: 
1234: 283,3994,4192,4005,2751
1235: 546
4730: 2644,998,1858,4385
1237: 879
1238: 1336,1110,4610
3856: 4109,4720,531
1240: 1904,2109,3559
1241: 2175,4806,2347,2648
1242: 3059,2221,2555
1243: 1341,3658,3787,2075,540
1244: 3865,2390
1245: 
1246: 47,3397
4133: 1285
4436: 
1249: 726
1250: 1726,1353,3076,3563
1251: 4019,3254,1359,391
1252: 1464,2494
3882: 580,239,1302
1254: 269,3150,1410
1255: 3566,463
1256: 14,2346,3955,3806
1257: 3636
1258: 2243,4302,3240
1259: 3510,3950,3275
4290: 3043,1614
1261: 1059,3016,1492
1262: 3109,4038,4822
1263: 2930,4051,4462
1264: 
1265: 2182,4790,3816,2961,3415
1266: 372,744,1432
4528: 2282,779
4697: 4741,1696
1269: 4335,1182,566,1389
1270: 1624,4033,982
4182: 706,1935
4797: 834,4279,4560,3182,1061
1273: 4645,2
1274: 3851
1275: 3315,3793,4586,3571
4197: 3591
4788: 1363,1975,1942,3965
1278: 2587
1279: 2031
1280: 2914,355
1281: 3500,1541,1168
1282: 388
1283: 520,60
1284: 2303,1114,583
1285: 3828,4133
4660: 752,3225,4076,1752
1287: 2233,1895
1288: 183,4790
1289: 4221,593,3691,3881
4378: 3837
4145: 4813,1773,2132
4330: 4772,369
1293: 1516,4030
1294: 812,919
4591: 1176,1569,2818
1296: 
1297: 3148,1348,2239
1298: 4072,2584
1299: 3874,2023
1300: 1644
1301: 346,4271,3158,3790
1302: 1943,276,2128,3882
1303: 4595,1690,1469,457
1304: 4773,1472
1305: 1310,2538,930,2990
1306: 2884
1307: 
1308: 
1309: 1365
1310: 4312,2347,1305,2538,930
1311: 
4347: 323
1313: 3669,1337,2089,4463
4055: 2665,2211,1745,2158
1315: 3510,2056,792,2639,433
1316: 1528,1494,3930,491
1317: 350,3990,24
4506: 1201,734,4520,1956
1319: 14,4071,165
1320: 3193,214
1321: 2054,2776,3320
4581: 2907,2244
4532: 3724,1401
4186: 3820,3527
1325: 4820,4810
1326: 3061,734
1327: 3139,3357,3875
4763: 1761,2618,384
1329: 2908,1369,4798
1330: 
1331: 458,196,2880
1332: 4736,646,4021
4596: 446,163,536,4580
4522: 3145,2409,61
1335: 1152
1336: 2435,607,1238,4610
1337: 1313,3669,860,4463
3859: 4443,2237
1339: 4195,3831,2185
1340: 3175,393
1341: 1243,3658,3787,3801,3592
1342: 3897,1725,1997
1343: 1136,2213,3858,2230,4161,478
1344: 
1345: 3748
1346: 229,3355,3432,3047
1347: 1535
1348: 2239,4027,1297
1349: 2777
1350: 743,3552,4295
3970: 2029
1352: 1729,4007
1353: 3643,1250,925
4601: 170,3816
1355: 
4311: 1725,2094
1357: 3635,3175
1358: 3757,2622
1359: 793,391,4019,1251,1404
4332: 20,2372,4272,692,1679,4655
1361: 773,543,1922
1362: 3007
1363: 4788
1364: 
1365: 513,1309
1366: 626
1367: 3616,4106,2252
1368: 
1369: 1329,4798
1370: 3085,2090,1764
1371: 4549,3862,2630
1372: 2477,1595,1592,1059
1373: 399,3251,3005
1374: 4053
1375: 4499,271,4437,1794
4053: 1374
1377: 561,4765
1378: 2019,4410
1379: 611
1380: 3168,989
1381: 3677,2137,976
4207: 1515
4278: 364,1011
1384: 2547,4469,2101
1385: 1935,151
1386: 4122,628
1387: 
3831: 1339,525,1862
1389: 566,1269,4817
1390: 1956,2533
1391: 2271,4379
1392: 912
1393: 
1394: 
1395: 1042,1079,3964,2928
1396: 901,91
1397: 2602,1546
1398: 1541,922,3227,2135,3324
1399: 3006,3098,892,4072
1400: 1409
1401: 1708,3724,4532,550
1402: 3600,1798,3774
1403: 1674,2134,3077,3505
1404: 1359,793
1405: 843,3582,2052
1406: 216,4422,1127,2116,1751
1407: 4768,31
1408: 
1409: 1400
1410: 3040,1254,4363,915
4382: 3524
1412: 3314,576,4809
1413: 962,1599,153
4671: 576,4678,4351
1415: 3792
1416: 4677,4026
1417: 1105,3317
4115: 4153
1419: 4343,366,2303,2568
1420: 4813,4676
1421: 641
1422: 1590,601,4783
4308: 891,2335,3637,1510
1424: 1,4804
1425: 3136,4147
3849: 4009,2576
4208: 3621,2536,4782
1428: 1162,4029,2671
1429: 4346,2695,4057,3800,1170
1430: 1540,3198,2900,1607,2633
1431: 1133,257,2689
1432: 2066,1266,3750
1433: 3931,4169,3538,2342
1434: 3326
1435: 3147,4371,1551
1436: 
1437: 3810
1438: 1484,4085
1439: 970
1440: 1468,3911
1441: 265,58,3009,598
3900: 
4791: 4266,2201,4425
1444: 2235
1445: 2607,2336,4111
4648: 
4383: 4306,1721,2696,3898
1448: 3488
4372: 3869,64,3323
4089: 2242,4504
1451: 
1452: 3289
1453: 
1454: 
1455: 2608,1970,4822
1456: 2406
4553: 4543,3642,396,4814
1458: 1824,4796
1459: 3483,4138,198,727,4712,167
1460: 1582
4064: 2470,1751,2474,4422
1462: 1010
1463: 2339,166,2128
1464: 1252,1654
4172: 3732,3762,1987
1466: 3443,2017,3458
1467: 1477,2920
1468: 150,1440,199
1469: 497,457,4595,1303
1470: 4582,4741
1471: 902,3405,2158,2934
1472: 1930,3992,4773,1304
1473: 3306,2394
1474: 3767,168
1475: 3878,3657,900
4200: 119
1477: 1467
1478: 2557,4164
3828: 1285
1480: 957,3749,2503,2591
4564: 4160
1482: 3028,2486
1483: 
1484: 1438,4085
4511: 
1486: 574,1610
1487: 4429
1488: 3434,2580
1489: 994
1490: 959,4389
1491: 2636
1492: 3016,3855,1261
4292: 4335,1182
1494: 1528,1316,2481,725,491
1495: 2579,4762
1496: 1113,3112,34,604,1742,1569
1497: 
1498: 2252
1499: 2100,4121,931
1500: 129
1501: 4093,2204,1025,2355
1502: 79
1503: 4272,4285,2279,3523,692
1504: 3515,2179,164
1505: 2970
4636: 4130,399,4100,2820
3902: 2261,2713
1508: 535
1509: 4796,966,2693
1510: 2335,3637,4308,4728
4629: 58,365,500
1512: 531,738
1513: 4575
1514: 4607,1071,1191
1515: 4207,4668,4369
1516: 836,3855,1293
1517: 3938,2642,922,655
1518: 363,473,2911
3954: 2148
1520: 4589,1063,2062
1521: 3222
1522: 4078,1788,1072
1523: 4781
1524: 3533,71,150,1896
3928: 
1526: 4780,567
1527: 758,3270,2008
1528: 1316,730,1494,868,2481
1529: 
1530: 3664,669,2250,3959
1531: 3126,341
1532: 3154,2266,1175
1533: 3129
1534: 3547
1535: 1347,3397
1536: 3960
1537: 4796
4471: 1141,2321,4049
1539: 2672,4623,2599
1540: 1430,3198,2835,241,3575
1541: 1398,1281,2135
1542: 2637,1916,4738,3072
4570: 3429,608,3614,2093
1544: 
1545: 1825,149,907
1546: 4213,2602,1397
4428: 2460,2993,1678
4584: 504
1549: 2855,1659
4163: 38,4618,2793,4449
1551: 1624,1155,4371,1435
4339: 600
1553: 
1554: 
1555: 4427,2728
1556: 3907,3820,1896,3394,2843
1557: 
1558: 652,3112,3962
1559: 786
4424: 4016,83
1561: 
1562: 2119,1974,670,3484
1563: 2115,2562,3709,3756,1119
1564: 2815,474,609
1565: 4441,648,510
3943: 1801,4676
1567: 2052,3358,701,668
1568: 
1569: 1742,1176,3112,4591,1496
1570: 817,4497
1571: 2322
4377: 878,3153,1909
1573: 3176,402,3891,2352
1574: 2082,995,4291
1575: 1943,528,4540,640,4406
4088: 4742,3405
1577: 2392,157,3860
1578: 2814,3940,4046
1579: 2783,1680
1580: 3205
4749: 896,991
1582: 3736,1460
1583: 640,1982,4540,124
3988: 3431,2619
1585: 2274,329,3435
1586: 1901
1587: 2487
1588: 1822,633,1976
1589: 1820,2737,2935
1590: 601,1422,2833
1591: 349
1592: 1372,1595
4353: 4266,3735,443
4458: 767,4013,1640
1595: 1372,2477,3932,1170,1592
1596: 3515,1746
1597: 
1598: 647,2878,4587
1599: 153,3496,1878,2712,1413
1600: 965,4384,536
1601: 2802
1602: 2829,3100,3561
1603: 
1604: 3722,4391,4450,2478
4033: 396,1624,1270,4814,982
1606: 3657,1822,3195
1607: 2900,7,2925,1430,2204,2633
1608: 343,674,3387
4432: 1914
1610: 850,1486
1611: 
1612: 3486
1613: 3077,2541,186
1614: 4572,3043,4290
1615: 4818
1616: 3976
1617: 476,1934
1618: 2383,8
1619: 4616
1620: 3645,2639,500
1621: 2828
1622: 4640
1623: 
1624: 1270,1551,4033,396
1625: 
1626: 2971,3460,2071
1627: 121,3201,978
1628: 1958,4500,3606
4593: 3790,3883
1630: 403,4222
1631: 
1632: 3932,3800,823,4288
1633: 3870,1146,3531
1634: 3184,3725,374,2743
1635: 
1636: 916,2676,615
1637: 1944,875,3297
1638: 1965,4509,4644,2089,2047
1639: 1994,76,772
1640: 4458
1641: 299,3036
1642: 621,3470,762,4239,4752
1643: 1122,3984
1644: 1300
1645: 1873,753
1646: 909,3379,2629
1647: 1175,217
4527: 3584,278,4713,4768
1649: 2918,255,2210,2051,2209
1650: 205,2771,3567,2691,709
1651: 4493,2643,777
1652: 4177,3519
1653: 4805,2788,4146,4604,4230
1654: 4793,1464
1655: 858,4106
4778: 1995,3479
1657: 1215,3935,4811,3149
1658: 
1659: 2907,1549,2855
4782: 4820,3073,4208,3621,2536,3014,48,3411,3924
3835: 2554
1662: 3181,945,851
4376: 3125,3610,4785,2813
1664: 4756,654
4766: 1961,3446,2399,2790,1795,3001,4503,2368
4259: 575,2746
1667: 4054,591
1668: 2139
4820: 4782,1325,4810
1670: 2384
1671: 3184,756
1672: 728,1117
1673: 267,1166,1809,2997
1674: 4103,1403,2134
4732: 3725,2186,374
1676: 
1677: 4728,2140,2335,2129,2734
1678: 3567,1854,2993,4428,2771
1679: 4332,692
1680: 4083,1579,2923
4014: 363,2881,2415
1682: 1709
1683: 3305
1684: 2377,3147
3858: 2753,4125,1343,4094,4161
4655: 2350,4332,2372,484
3865: 1244,516
1688: 2206,4381,3728
4555: 
1690: 4595,1303,3654,2875,2086
4572: 1614
1692: 3454
1693: 2229,840,1722
4301: 694
1695: 2961,4611,3608
1696: 4741,4697,4582
1697: 
1698: 2704,1070
4734: 3922,3111,3623
3985: 1054,1711
1701: 524,187,563
1702: 3555,897
3861: 2268,1763
1704: 3769,4139,2629,3211
1705: 1724,3987,3019,3079,2284
1706: 3556,3706,673
1707: 87,674
1708: 2015,3724,550,1401
1709: 272,1682
1710: 180
1711: 3985,4761,4742
4371: 2905,1435,1551,1155
1713: 2401,4263
1714: 2351,4318,3689,3532
1715: 750
1716: 3474
1717: 4807,3058
1718: 502,2940,3469
1719: 3629,394,1819,4122,111
4384: 165,965,1600,3832,4218
1721: 4306,4383,3898
1722: 1757,2229,1693,4785
1723: 
1724: 1705,3987,4173,3196,3019
1725: 3897,1342,2094,4311
1726: 4687,1250,3563
1727: 4000,3057,3340,3580
1728: 1808
1729: 4748,4007,1352
1730: 3650,256
1731: 
1732: 2004,4455,2926,3839,3755
1733: 2037,2836,3693
1734: 3823,2885,539,2939
4127: 984,623
1736: 1914
4109: 3856,2665,1745
1738: 2568,1114,235,3993,2540
1739: 3379,1927,4728
1740: 4201
1741: 
1742: 604,1176,1569,1496,3886,4149
4356: 2509,4087
1744: 1901
1745: 2158,4055,2665,4109
1746: 2643,1596,2296
1747: 1940,2764,2149,2930,3218
1748: 4611,4750
1749: 
1750: 4499,271,333
1751: 4064,2470,2474,2116,1406,4422
1752: 4076,3225,4660
1753: 3121,3810
1754: 1947
1755: 
1756: 932,3638
1757: 1722,2229,556
4736: 1332,646
1759: 2699
1760: 
1761: 3030,2618,4763
1762: 747,1034,4633
1763: 3861
1764: 2090,3305,1370,17
1765: 3145,2409,2838
4517: 2949,1840,4767
1767: 4789,586
1768: 3585,4817
1769: 521,3009,4784,1091
1770: 3934,3036,4806
1771: 830,4719
1772: 
1773: 4813,3791,4145
1774: 3991
1775: 4049,2226,1037
1776: 4248
4466: 4618,2793,230
1778: 3494
1779: 1000,3597,1,4804
1780: 4368,3328,4815,2311
3979: 2955,937,2208,3755,1189,702
1782: 4312,4229
1783: 2362,1974
1784: 2541,186
3867: 
1786: 2985,3665
1787: 141,4184
1788: 4078,1522,270
3980: 3368,3578
1790: 892,4072,2500
4744: 3098,774
1792: 2632,3100,2435
1793: 3069,4701,1948,268,2775
1794: 3508,1375
1795: 2790,2399,4766
1796: 842
1797: 
1798: 3774,2732,3600,1402
1799: 3749
4398: 4573,2420,2373
1801: 3943,3155
1802: 2923,736
3978: 4194,383
1804: 
1805: 1206,1161,2722
1806: 3250,3068,2026
1807: 
1808: 1018,1728
1809: 4017,1673,1166,136
4649: 939,3203,486,3069
1811: 
1812: 3459
1813: 3443,1979,3615
1814: 3611,3999
1815: 3957,4027,358,665
1816: 
1817: 3254,3687
1818: 2747
1819: 414,2842,394,1719
1820: 2737,1589
1821: 
1822: 1588,4334,3195,1606
1823: 2332,4249,1111
1824: 4796,1458
1825: 1545,4716
1826: 2425
1827: 1226,2764,3218
1828: 23,2681
1829: 3019,3079
1830: 
3836: 3875,66,3292,3357
4819: 4073,1151,425
1833: 594
4016: 268,83,4424
4355: 39,2781,3422
1836: 2301,4626,1973,2616
4473: 
1838: 1884,3138,1079
1839: 3826,4707,819,754,3680
1840: 3102,3081,2895,4517
1841: 3426,2523
1842: 2649,2193
4559: 3763,2612,853
1844: 217,4002
1845: 561,3419
1846: 62,3370,4680
4136: 4395,4126
4684: 2950,3782
1849: 4416
3934: 1770,3779,3485
4206: 2264,2043,16
3901: 3833
1853: 549,3409,265,598,212
1854: 3567,2993,1678
1855: 4190,610
1856: 3948,167,1970,4712
1857: 
1858: 4673,4385,2300,4730,4689
1859: 2752,597
4286: 141,1918
1861: 822
1862: 3950,3831,2185
1863: 2047,1965
1864: 4183,4767,4451
3998: 3056
1866: 3404,489,2673
1867: 3662,1004,4806
1868: 3602
1869: 308,4557,2287,2010,4724
1870: 962,3760
1871: 419,947,553,4334
1872: 3909
1873: 1645,1013
4293: 3080,3524
1875: 
4199: 4809,263
3987: 1724,1705,4173,2858
1878: 2712,962,1599
1879: 2391,4542,3259,4086,652
1880: 2056,792,3275,2989
1881: 767,4013,3099,4364
1882: 
1883: 2315
1884: 1174,1838,1165,2871,2444
4768: 4107,240,3316,4527,3584,1407,31,318,4617
1886: 864,968
1887: 3502
1888: 540,3816,908,4790
1889: 
1890: 2260
1891: 
1892: 3090,611,3086
1893: 564,479,972,2066
1894: 
1895: 4417,4097,1287
1896: 3820,3533,1524,3394,1556
4057: 813,2695,4346,1429
1898: 16
1899: 
1900: 2071,776
1901: 1744,1586
4661: 
1903: 4775
1904: 1240,639,3794
1905: 3080,1002,976
3892: 
1907: 1216
4599: 4703,2399,4764
1909: 4377,878,4724,4404
1910: 4210
1911: 2728,4792
1912: 4300
1913: 4405,2487
1914: 3679,4432,1736
1915: 547,3916,2368,1961
1916: 1542,3072,3264
1917: 4675
1918: 141,4286
1919: 4809,4542
1920: 3935,1003,616
1921: 4246,4774
1922: 1361,773
1923: 
4018: 
4306: 4383,1721,2696,4785
3918: 
1927: 3412,3379,1739,4139
1928: 2307
3958: 122,4030
1930: 1472,3992,803,3407
4081: 4804
4618: 4466,3733,4163
1933: 437,4795,3377,2754,4630,280
1934: 1617,2797
1935: 1385,1009,4182
4020: 3201,4721,121,3512
4328: 2964,2308,2519
3891: 2495,914,4498,1573,3176,4787
4002: 2963,2818,3609,1844
1940: 50,2764,1747,305,2149
1941: 597,4698,3968
1942: 3965,740,934
1943: 1575,1302,4406
1944: 875,843,701,1637
4783: 2833,1422
4406: 640,1575,1943,239,678
1947: 1754
1948: 3069,1793,268
1949: 4399,49
4502: 253,1208
1951: 90,320
1952: 3833,455
1953: 
4822: 727,1970,4712,4138,1262,3109,1455
1955: 461,4343
1956: 1390,1201,4506
1957: 
1958: 1628,4413,873,2957
4767: 3081,529,1864,4517,4451,3709,131,221
1960: 4387,2174
1961: 3446,4766,4764,1915,3916
1962: 2868,4795,4630,97
4189: 3363,205,336
1964: 3799,4650,542,1008
1965: 1638,2089,1863,2873
4499: 1750,271,4032,1375
4803: 3509,790,368,2641,4802,3255
1968: 1973,565,2051,13
4795: 3377,4316,3562,4099,4525,1962,4630,280,1933
1970: 4712,4822,1856,1455
1971: 361,3322,4393
1972: 3173,399,3251
1973: 1968,4626,1836
1974: 1562,2553,2119,2362,1783
1975: 
1976: 649,1588
4000: 1727,1997
1978: 667,3961
1979: 3615,3478,1813
1980: 2701,428,600
4116: 284,5,1153,3677
1982: 640,1583,933,678
1983: 3587,487,587
1984: 3083
1985: 4141,2986,182,1046
4714: 2985,3665,3150
1987: 3090,3197,4172,3762
4755: 3462,2370
1989: 2774
4482: 3407,2124
1991: 844,3297,3416
1992: 1211
1993: 4149,3822,456,4118
1994: 1639,772
1995: 4778,3714,2061,144
1996: 2590,4154,4504
1997: 4000,1342,3626
1998: 1134,904,2339,4112
4816: 1036,125,3304
3886: 1067,3667,1742,1176,4149,3822
2001: 3361
2002: 
4480: 2620,4812,3441
2004: 1732,732,1116,3844,733
4263: 2199,4578,1713
2006: 3369,4216
2007: 3008,3151
2008: 3270,1527
2009: 707
2010: 3603,2287,2429,4658,1869,4557
2011: 
4226: 3485,2538,438
4639: 4802,2437
4160: 4564,2903,3386,2603
2015: 1708,4296,4214
2016: 
2017: 1466,355
2018: 2661,1199
2019: 4410,4402,1378,1105
2020: 
2021: 110,3534,3873,3977
2022: 644,2885
2023: 1299,4516
2024: 1104,1022,2350
2025: 1117
2026: 984,623,4689,4058,1806
2027: 769,3363,2337
2028: 4141,182
2029: 3970,4747
2030: 
2031: 3365,2474,1279,3245
4625: 4165,4444
4381: 282,3252,4725,3728,1688
4077: 460,3196,311,4717
2035: 3950,3654
2036: 154
2037: 1733,4576
4164: 4154,1478
2039: 3607,917
2040: 2667,4273
2041: 3153,438
2042: 787,2147,3057,2223
2043: 4206,16
2044: 2632
2045: 
4102: 2456,4789,586,294
2047: 1863,4644,1638
2048: 3259,263,877
2049: 2201,3208
2050: 2998
2051: 2210,13,1968,1649
2052: 1567,3582,1405,701
2053: 446,832,4580,332
2054: 1321,3544
2055: 3364
2056: 792,1315,1880,3645,2639
2057: 2914,4775
2058: 2255
2059: 2679,3498
2060: 
2061: 699,685,1995,3714,4282
2062: 4492,1520
2063: 867,4423
2064: 
2065: 2286
2066: 1432,1893
2067: 753,3291,4539
4279: 834,4797
4716: 474,2720,547,1825
2070: 3480
2071: 3342,1900,1626
2072: 4578
3853: 2710
2074: 2529
2075: 138,4421,1243,3658
2076: 715,3051
2077: 3172,1155,1217
2078: 3037,4760,3012,2767
2079: 3530
2080: 2510,3756,3709,221
4656: 3526,689,4508,52
2082: 995,1574
2083: 3981,4212
2084: 2466
4779: 776,4068
2086: 2875,3012,1690,4693
2087: 
2088: 3328,3929,4368,1080
2089: 1313,1965,1638
2090: 1764,3305,1370
2091: 
2092: 749
2093: 4570,3614
2094: 3897,1725,4311
2095: 4295,1048,4812
3910: 432,294,4125
2097: 1050,657
2098: 2249,3044,2241,1058,2646
2099: 4496,4520,4333,695
2100: 3775,4121,1499,931,3553,911
2101: 750,1384,4147
2102: 4811,654
2103: 3421
2104: 3324,1168
2105: 331,4798,225
2106: 2906,4493
2107: 3561
2108: 3663,989
2109: 2129,1240,3559,2655,4486
4721: 3014,3959,121,3512,4020
2111: 4772
4125: 3910,2753,3858,905
4805: 2788,1653,162,4146,4604,2773,4230
4686: 91,2664,3496
2115: 1563,2562,3709
2116: 3365,2474,1751,1406
2117: 2629,3211,877
2118: 
2119: 1562,2553,1974,3339
4248: 1776
4447: 4079,2570,2512
2122: 
4765: 839,1377
2124: 3208,4482
2125: 243,360
4380: 
2127: 2959
2128: 276,1302,166,1463
2129: 2109,2734,1677,2140,4486
2130: 2520,4119
2131: 
2132: 4145
4159: 3571,3200,459,4455
2134: 1674,1403
2135: 3227,421,1398,1541
2136: 702,4709,1104
2137: 2841,1381
2138: 
2139: 1668,3103
2140: 1677,2129,4486,1084
3927: 3332,64
2142: 149,4628,4631,2368
2143: 435,4327
2144: 
4264: 4143,4672
2146: 2577,3018,1204,113
2147: 787,3607,2042,3057,3605,3418
2148: 4247,3954
2149: 1940,1747,4158
2150: 3654,2479,3464,2875
2151: 4720
2152: 3261,4201
2153: 3037,2754
2154: 
2155: 3016,4251
4091: 3027,895
4361: 
2158: 1745,4055,1471
2159: 2482
2160: 309,927,2990
2161: 693,552,4673,1151
2162: 4132
2163: 
2164: 987
2165: 1043
2166: 4113,3239
2167: 714,2858,517
2168: 4640,4450
2169: 
4386: 2716,3398,260
2171: 447,4615,3845,4613
2172: 
2173: 
2174: 4342,4387,1960
2175: 1241,4806,2347
2176: 2792,3672,3197,3762
2177: 3887
2178: 
2179: 2675,266,164,1504
4802: 3214,790,368,4803,4639,3255,3601
4746: 3647,3764
2182: 1265,4790,183,3365,3415
4111: 2336,2834,1445
2184: 806,4019,3633
2185: 1862,1339
2186: 4107,240,374,2835,4732
2187: 4566,2395
4762: 1495,4217,2579,4015,315,4446,2965
3981: 2083,4212
4233: 3593
4498: 3768,2495,3891
2192: 
2193: 3648,3242,1842
2194: 3033
2195: 
2196: 2361,3439
2197: 3711
2198: 4388,2326,1009
2199: 974,4263,4578
2200: 1025,3968,2752,1101,597
2201: 2049,4791
2202: 
2203: 4364,490,856
2204: 1501,4093,2633,1607,7
2205: 3015,2532
2206: 1688,2794
2207: 4739,309,3500
2208: 3979,2955,1189,2443,2416
2209: 1649,255
2210: 565,2051,2809,2918,1649
2211: 4055
4403: 
2213: 1136,1343,190,2698,478,4351
2214: 
2215: 3557,234
4132: 4799,2162,2289,1195
2217: 3295,706
4461: 714,4698
2219: 
4650: 3799,2250,1964,542
2221: 3059,1242,2555,4529
3935: 1657,3149,1920
2223: 2042
2224: 3975,2327,529
2225: 
2226: 4049,1775,3751
4017: 1809,1166
2228: 980,4113,642,27
2229: 1190,556,1693,1757,1722
2230: 2753,2647,1343
2231: 238
2232: 1088,2315,4773,4467,443
2233: 2882,1287,133
2234: 
2235: 1444
4814: 2404,4553,4543,4754,3797,4033,396,982
2237: 697,3859,3108
2238: 2617
2239: 1348,2415,3148,1297
2240: 3348
2241: 3044,2872,2426,2646,2098
2242: 4089,3548
2243: 2486,1258
2244: 2907,4581
4379: 1391,4393
2246: 2537,357
4470: 2518
2248: 126
2249: 2098,2305,3480,2646,3054
2250: 3799,4650,1530
4038: 417,304,100,1262
2252: 4106,1367,1498
4489: 
4613: 4225,2834,2171,4615
2255: 2058
2256: 918
3878: 4238,1475,1123
4615: 447,2171,4613
2259: 
2260: 1890,1143
2261: 3902,2837
4345: 3329,1050,2868,2658,3931
2263: 816,1004,3605,3418
2264: 4206,1053
4588: 4577,3806,3228
2266: 155,217,3314,1532,1175
2267: 2273
2268: 3861,1014,3181
2269: 2620,3345
2270: 2357,2493
2271: 1391,2518
2272: 3832
2273: 2267
2274: 1585,1143
4128: 292,4573
2276: 
2277: 1086,419,3705
2278: 3462
2279: 3200,4285,1503,3523
2280: 4235,868
4565: 
2282: 3939,4528
2283: 
2284: 3079,1705
2285: 
2286: 2065,401
2287: 3603,2010,1869,3779
2288: 3662,38,816
2289: 4132,4799
2290: 
2291: 4216,2920
2292: 
2293: 3845,309,927
2294: 
2295: 849
2296: 1746,777
4283: 489,2673,996
2298: 732,3793,2749,1116
3907: 1556,3820,4454
2300: 1858,2640,984,4689,4058
2301: 1836,2717,2616
2302: 351,359
2303: 1284,366,1419,2568
4299: 814,381,2423
2305: 2249,3758,3054,53
2306: 3440,3542
2307: 1928
2308: 4328,2964
4138: 198,1459,727,4712,4822
4337: 551,4700,365,521
2311: 4670,1780
2312: 856
2313: 4726,633,4643,308
2314: 133,109
2315: 1883,2232,1088,443
4343: 1419,1955,246
2317: 
4551: 2864,968,3124,643
2319: 
4606: 24
2321: 3051,4471
2322: 1571
2323: 
2324: 
2325: 85,2908
2326: 3478,3144,4388,2198
2327: 2224,580,3081,529
2328: 
4597: 1099
4616: 429,1619,4135
2331: 3770,657
2332: 1823,509
2333: 2446,773,3246
3948: 1856,167,3097
2335: 1510,4308,2734,4728,1677
2336: 4111,3073,1445
2337: 2027,1,257
2338: 2487
2339: 166,1463,1998,904
4180: 
3893: 4402,4654
2342: 3538,437,1433
2343: 3925
2344: 4282,3860,3714,421
4760: 3037,4525,2078
2346: 14,1256,4071,3806
2347: 4312,1310,2648,1241,2175,4806
4679: 2711,1148
3931: 1433,4169,4345,1050
2350: 4655,2024,484
2351: 1714,3532
2352: 3136,4147,402,1573
4418: 2409,4167,74
2354: 376
2355: 1025,1501,3465,3115
2356: 
2357: 993,2270,817,424
4282: 2344,699,2061,3714
3922: 4734
2360: 2983
2361: 2524,2196
2362: 3653,1783,2553,1974
2363: 3502,2662,2565
4105: 3302,3454
2365: 3167
2366: 1008,990
4505: 4580,775
2368: 1915,4766,4503,2142
2369: 216,4422,2470
2370: 3462,4755
2371: 3601,1107,3802,807
2372: 20,4332,4655
2373: 4398,229
4317: 
2375: 839,2566,3419
3977: 742,3534,2021,3873
2377: 1684
4667: 4214,3610
2379: 4798
4761: 4719,1711
2381: 
2382: 
2383: 1618,2417
2384: 1670
2385: 192,2886
2386: 
2387: 4095,412
2388: 
2389: 3778,3696
2390: 1244
2391: 1879,4542,652
2392: 157,1577,2660,2642
4492: 2062,3480
2394: 1128,1473,3306
2395: 950,2187,782,4566
2396: 
4106: 2252,1655,1367
4764: 4599,713,2488,1961,3446,3767,466,4185,3916
2399: 4599,4703,616,1795,4766
4373: 3078
2401: 1713,936
2402: 145
2403: 3715,3844,2478
2404: 274,4814
2405: 3353,2934
2406: 3126,1456
2407: 
4579: 24
2409: 3145,4522,1765,4418
4238: 3878,3338,3195
4467: 3735,443,2232
3956: 4083,2897
2413: 
4135: 4616,429,857,4219
2415: 3148,363,4014,2239
2416: 2443,304,3674,2955,2208
2417: 41,2383
2418: 4674,4690,1078
4040: 4546
2420: 4573,4398,4329,246,3723
4662: 754,3552,4707
3961: 667,1978,3022
2423: 2550,4299
2424: 
2425: 1826
2426: 4323,2872,4733,2241,2646,2888,3071
4643: 3705,2313,633
2428: 3056,3990,3675
2429: 1112,4658,4557,2010
2430: 336,1041
4758: 4456
4007: 1729,1352
2433: 237
4072: 1790,892,1298,1399
2435: 1336,1792,3100
4770: 3481,4168
2437: 4530,4639,414
2438: 3257,651
2439: 2669,22,3471
2440: 499,514,4711
4230: 4146,4805,1653,3530
2442: 4252,3691
2443: 304,3674,2416,1189,2208,173
2444: 1165,1884
2445: 2620,3000,3441,2631,4653
2446: 2333,4052
2447: 4012,796
4298: 949,3472
4229: 3399,447,1782,108,930
2450: 
4225: 4613,2834,672
4224: 826,658
4250: 4326
2454: 3913,232
4520: 2099,4496,4333,734,4506
2456: 4102,4215,4789,294
2457: 
4184: 141,1787
2459: 3011,4524,3659
2460: 4428,460,2993
4587: 3366,1598
2462: 3270,3814,758
2463: 2907
4079: 4447,2512,1113
3868: 316
2466: 2084,625
2467: 
2468: 3384,3439
2469: 3301
2470: 4064,1751,4422,2369
2471: 3824,3164,2696
2472: 343,1100,903
4260: 2748,2566,3522,234
2474: 2031,3365,2116,4064,1751
2475: 650
2476: 4737
2477: 1372,3334,1595,3932
2478: 4196,4450,2403,3722,1604
2479: 3562,4693,3464,2150,2875
4369: 3436,366,1515,3513
2481: 868,905,3074,1528,1494
2482: 2159
3906: 199
2484: 3589,375,4360
2485: 4435,951
2486: 2243,1482
2487: 1587,2338,1913
2488: 3106,4764,168,466
3897: 1342,1725,2094
4363: 2578,1410,2537
2491: 910
4709: 702,2136,3734,4010
2493: 2270
2494: 1252,3184,4069
2495: 914,3891,4498,2532
2496: 3097,1118,4626
4810: 1325,4820,916
2498: 78,371,4792
2499: 267,1166
2500: 3002,1790
2501: 4481,4756
3944: 
2503: 2591,1480,2517
4787: 3065,473,2795,2532,914,3891,3176,3265,2654
2505: 
2506: 383
2507: 2556
3947: 4800
2509: 4356,3030
2510: 2080,344,221
2511: 3605,708
2512: 3962,34,4447,4079,2570,1113
2513: 786
4096: 1223,620
2515: 4231,899
2516: 2542
2517: 2503,636
2518: 4470,3205,2271
2519: 886,4328,2964
2520: 2130
3846: 4029
3990: 350,1317,2428
2523: 1215,1841,4131
2524: 2361
2525: 1124,3129
2526: 110,3873,4165,4391
2527: 
4147: 2352,3136,2101,1425
2529: 2074
2530: 2767,3581,3012
2531: 4249,2929
2532: 2795,2205,2495,4787
2533: 1390,168
2534: 400,822
4065: 3996,199,757
2536: 4208,3073,4782
2537: 2246,2578,4363
2538: 3485,4226,1310,1305
4568: 1100
2540: 3993,4710,1738,235,3432
2541: 1784,186,1613
2542: 533,2516
2543: 367,4497
2544: 269,3710
4513: 
2546: 
2547: 4469,1384,339
2548: 4654,2559
4703: 4599,2399,3565
2550: 2423
4474: 
2552: 918
2553: 2119,1974,2362,3339
2554: 3835
2555: 1242,2221
2556: 2507
2557: 1478,2686,4751
2558: 2882
2559: 38,2548
3913: 2454
3908: 759,769,1056,541
2562: 2115,1563,742,1119
2563: 
2564: 2692,2960
2565: 3502,2363
2566: 839,2748,2375,4260
2567: 3813
2568: 1738,1114,366,1419,2303
4422: 216,1406,2369,4064,2470,1751
2570: 4447,2512
2571: 4097,2742
4291: 708,1574
2573: 4808,3038,722
3938: 1517,3331
2575: 645
2576: 1181,4009,3849,575
2577: 2146,4244,113
2578: 4363,746,2537
2579: 1495,4762
2580: 3434,1488,4456,2826
2581: 1042,2819,1090
3881: 3339,4048,344,4221,1289
3994: 1234,4192,4220
2584: 1298
2585: 799,2785
2586: 
2587: 1278,2987,99
2588: 
3912: 3321,4177,0,3089
2590: 1996
2591: 2503,1480,2979
4362: 33
2593: 4571,2938
4469: 2547,1384,122
4481: 2501
4253: 978,2603
2597: 911
2598: 
2599: 1539,3315
2600: 414,2842,534,77,4530
2601: 3403,4786
2602: 3451,4023,1546,1397
2603: 3386,4160,4253
2604: 2683,3386,3672
4454: 3907
4146: 4604,777,3720,4805,1653,4230
2607: 1445,1168
2608: 1455,13
2609: 4271,1095,4119
2610: 3905
4052: 2446
2612: 507,853,4559
4019: 2184,1251,1359
2614: 1191,3323,4607
2615: 4323,2872
2616: 479,2301,1836
2617: 2238
2618: 1761,3030,384,4763
2619: 3431,3988
2620: 2445,4480,2269,3441,2631
4496: 2099,4520,2636
2622: 1358
2623: 4059
2624: 
2625: 3,3542
2626: 4711
4244: 2577,4786,3403,11
2628: 
2629: 2117,3211,1704,1646
2630: 3209,4439,397,1371,3862
2631: 1115,3491,2620,2445
2632: 1792,3100,2044
2633: 4093,2204,1607,1430,3198
2634: 74
2635: 3825
2636: 1491,4705,4496,3061
2637: 1542,2882,133,109
2638: 
2639: 3645,500,433,1620,2056,1315
2640: 998,2300,984
2641: 3509,4803
2642: 3546,2392,1517
2643: 1746,4294,1651
2644: 4730,4385
2645: 
2646: 2888,2426,2241,2098,2249
2647: 3807,2753,2230
2648: 4312,2347,1241,917
2649: 683,1044,1842
4450: 4196,2478,3722,1604,4640,2168,200
2651: 
4536: 338,1063,4465
2653: 
2654: 4787,913
2655: 4486,4198,2109,4047,3559
2656: 
4097: 1895,2571
2658: 3278,4345
2659: 2856,2822,2836,3693,436
2660: 2392,157,297
2661: 2018
2662: 3502,2363
2663: 4025
2664: 4686,2871,3496,1174
2665: 4055,4109,1745
2666: 
2667: 2040,4273,128
2668: 
2669: 2439,22,3775,89
4360: 375,4821,3216,2484
2671: 3774,1428,3172
2672: 1539,4623
2673: 1866,3404,4283,489
2674: 
2675: 2179,266,164
2676: 615,1636
2677: 4313,1111,2691
4425: 4791
2679: 2059
2680: 3347,3144
2681: 1828
2682: 3255,4392
2683: 2604,592,2903,3386
2684: 
3885: 463,2954
2686: 2557,4751
2687: 3189,3246
4329: 246,2420,3395,3993
2689: 1431
4486: 2655,2109,2129,2140
2691: 709,2677,4313,1650
2692: 2960,2564
2693: 966,1509
4672: 4264
2695: 3869,4057,3800,823,1429
2696: 3898,4306,4383,2471,4785
4056: 
2698: 406,478,4678,4351,2213
2699: 1759
4168: 1158,4770
2701: 1980
4059: 2623
4670: 4815,2311,4752
2704: 1698,1070,463
2705: 3726
2706: 3175
2707: 794,873
4776: 890
2709: 2980,2777
2710: 3853
2711: 1148,4679,4479
2712: 1878,900,1599,3496
2713: 3939,3902
2714: 189,494,360,947
4152: 3514,413,3813
2716: 4386
2717: 2301,1031
3926: 3266,3428
2719: 3580,2759
2720: 4716,474,547,2933
4365: 
2722: 4685,1161,1805,1206
2723: 
2724: 507,853,3848
4627: 3412
2726: 3136,1146,3586
2727: 
2728: 1911,371,1555
4421: 138,2075,614,170
4252: 57,2442,3691,506
4354: 3167,8,3231
2732: 1798
2733: 
2734: 2129,2335,1677
2735: 
3968: 2200,1941,345
2737: 1820,587,1589
4348: 3456
2739: 
2740: 
4098: 
2742: 3160,439,2571
2743: 3316,1634,4107,374,431
2744: 3661,4396
4678: 406,2698,4351,4671
2746: 4259,4547
2747: 825,1818
2748: 839,2566,3522,4260
2749: 1069,1200,2298
2750: 3420,712,2864
2751: 3434,185,1234
2752: 1859,597,2200
2753: 3858,2230,2647,4125
2754: 3037,4525,2153,1933
2755: 
2756: 3193
2757: 3092,4095
4280: 
2759: 3580,2719,3607
4213: 1546,2839
2761: 4309,3471,2822,2836,4576
4191: 
2763: 
2764: 50,1940,1747,1827,3218
2765: 566
4167: 61,4418
2767: 2530,3581,3012,2078
2768: 4720
2769: 576,3351,190,4809
2770: 871,2986
2771: 1650,1678,3560
2772: 2913
2773: 162,4805
2774: 1989
2775: 3768,268,1793
2776: 1321,316,3320
2777: 1349,2709
4227: 3628,876,720
2779: 
4367: 317,72,750
2781: 3422,4355,39
2782: 1077
2783: 1579,3116,2897
2784: 
2785: 3686,2585
2786: 
4214: 4667,3610,2015
2788: 4805,1653,3424
4201: 1099,493,1740,2152
2790: 1795,808,3618,4766
2791: 
2792: 572,3672,1093,2176
2793: 4466,299,230,4163
2794: 2206,3154
2795: 2532,3265,4787
2796: 
2797: 1934
4549: 1371
2799: 
2800: 3221
2801: 768
2802: 1601,3213
2803: 801,689,83
4215: 2456,4789,3807
2805: 3276,407,4777
4009: 3849,3414,2576,1150
4029: 1428,1162,3846,2905
4312: 1310,2347,2648,917,1782,930
2809: 479,565,2210,2918
2810: 
2811: 763
2812: 3536,3017
2813: 242,4376
2814: 3394,2843,3940,1578,3533,4046
2815: 1564,4794,474
3952: 3052,780
4573: 4398,2420,292,4128,3723
2818: 2963,4002,4591,1176,1067
2819: 1090,2581,4076,3139
2820: 3785,864,4636,4100
2821: 4370
2822: 2836,2761,3471,2659
2823: 207,331,2947
2824: 88
4171: 
2826: 2580
4690: 1078,2418
2828: 1621
2829: 1602,3561
4122: 1386,111,3629,1719
2831: 1173,3193,815
2832: 
2833: 4783,1590
2834: 4225,4613,4111
2835: 1540,3198,2186
2836: 2822,4576,2761,1733,2659
2837: 2261
2838: 1765
2839: 4213
2840: 
2841: 2137,875,1139
2842: 1819,414,2600
2843: 3394,2814,3940,1556
2844: 1202,101,109
3877: 173,3267,2857
2846: 
4446: 4762
2848: 3459
2849: 176
4032: 4499,229,3508
2851: 3108,444
4738: 3179,3072,1542
3876: 779
4633: 1762,2958,3156
2855: 1152,1549,1659,2907
2856: 334,2659,924
2857: 200,3877,3267
2858: 4173,345,2167,3987
2859: 2931
4452: 
2861: 164
2862: 3638,3162
4094: 3074,4161,3858,478
2864: 4551,2750,3124
4195: 1339,3986,3464
2866: 3617
2867: 4401
2868: 3278,1962,97,4345
2869: 526
4118: 3138,3766,456,1993
2871: 1165,153,2664,1884
2872: 2615,4323,2426,3795,2241
2873: 1965,3262
2874: 4729,4780
2875: 2086,2150,3654,1690,2479,4693
2876: 805
4807: 4031,1717
2878: 469,647,1598
2879: 
2880: 1331
2881: 3265,473,363,4014
2882: 2233,2558,2637
2883: 3448,3293
2884: 261,1306
2885: 644,2022,539,1734
2886: 1024,2385
4792: 4302,3694,2498,1911,3240,3038
2888: 3480,2646,3071,2426
4668: 1515,3513
2890: 
4366: 
2892: 615,3066
2893: 4463,561
2894: 3511
2895: 3011,1840
4221: 1289,3339,3881
2897: 2783,3956
4491: 4046,3996
2899: 2992
2900: 1607,2925,1430
3837: 4378
2902: 
2903: 592,4160,3386,2683
4300: 1912
2905: 4371,4029,3172
2906: 2106,1156
2907: 1659,2855,4581,2244,2463
2908: 2325,1329
2909: 
4393: 4379,1971
2911: 1518,411
2912: 
2913: 2772
2914: 2057,1280
2915: 
4737: 2476
2917: 3423,542,669
2918: 3349,1649,255,2210,2809
2919: 3468
2920: 4216,1467,2291
4397: 3984,572,36
2922: 573,425
2923: 1802,1680,3018
4131: 4811,1215,2523
2925: 2900,1607,7,228
2926: 4455,1732,3839,937,3755
2927: 
2928: 1042,1395,747
2929: 3721,2531,4249
2930: 4051,3218,1747,1263
2931: 2859,4560,3182
2932: 694
2933: 743,4185,547,3916,2720
2934: 762,902,1471,2405
2935: 1017,841,1589
4114: 80,3257
2937: 
2938: 2593,129
2939: 321,539,3823,1734
2940: 393,1718,502
3955: 530,1256
2942: 
4235: 432,2280
2944: 
2945: 680
4809: 4199,588,263,576,2769,3351,1412,1919
2947: 481,2823
2948: 3381
2949: 4517,134
2950: 4684
4576: 2836,4309,2761,2037
2952: 610,247,3211,3087
4726: 2313,308,4724
2954: 52,3885
2955: 3979,2208,702,2416,4010
2956: 3171,952,4110,3929
2957: 4413,1958
2958: 4633
2959: 4465,53,3391,2127
2960: 2692,2564
2961: 1695,4750,3816,1265
4547: 15,2746
2963: 2818,3290,3609,4002,1067
2964: 4328,2308,2519
2965: 4762,2981,4015,77
2966: 
4713: 4527
4068: 776,4779
4130: 399,4636,4100
2970: 1505
2971: 1626,3783
2972: 
4113: 2166,686,642,2228
4571: 2593
4013: 767,1047,4458,1881,4364,490
2976: 
2977: 
4707: 1839,3826,4662,1082,4812
2979: 636,2591
2980: 2709
2981: 4015,2965,534,77
4370: 2821
2983: 410,2360,4696
4586: 18,3315,1275
2985: 4714,3665,1786,746,3040
2986: 4141,1985,2770
2987: 3001,4631,2587,99
2988: 
2989: 4823,1880,497
2990: 108,1305,2160
2991: 907,3600,3616
2992: 2899,3
2993: 1854,1678,3639,4428,2460
2994: 866
2995: 
2996: 3362,4674
2997: 1673
2998: 780,2050
2999: 3183,230,3629,3242
3000: 3441,698,2445,4653
3001: 4503,2987,4766
3002: 774,2500
4141: 2986,1985,2028,182
3004: 625
3005: 3251,1373,161
3006: 1399,3388
3007: 1362
3008: 2007
3009: 1769,58,1441,1091
4796: 1509,1824,1458,1537
3011: 4524,2459,2895,1134
3012: 2086,2530,2767,2078
3013: 
3014: 3959,4721,3621,4782,3512,3924
3015: 2205
3016: 1492,1261,2155
3017: 3419,2812,3780
3018: 2146,2923,4786
3019: 1829,3079,1724,1705
3020: 664
3021: 3327
3022: 1163,3961
3023: 
3024: 360
4192: 1234,283,3994
3026: 3159,3240,3038,1149
3027: 4091,1126
3028: 1482
3029: 
3030: 1761,2618,2509
3031: 
3032: 3519
3033: 3346,2194
3034: 619
4396: 2744,3661
3036: 3603,4658,1641,1770
3037: 4760,4525,2754,2153,2078
3038: 4792,3694,2573,3026,3240
3940: 2814,2843,1578
3040: 1410,2985,746
3041: 3167,3231
3042: 3416,4801
3043: 885,4290,1614
3044: 2241,1058,3612,2098
3875: 66,3836,1327,3357
3915: 3099,3318,423
3047: 3432,1346,3355,50
3048: 
4589: 1063,1520,3054,53
3050: 655,3331
3051: 2321,2076,715
3052: 3952
4715: 4566
3054: 4589,2249,2305
3055: 21
3056: 3998,2428
3057: 787,2147,2042,3340,1727
3058: 1717
3059: 1242,2221,740,4529
3060: 
3061: 1326,2636,599
3984: 4397,1643,854,36
3063: 3141
3064: 1185
3065: 4787,3176
3066: 2892,615
4687: 1726,938,3235
3068: 3250,1806
3069: 1793,4701,1948,4649,939,569
4236: 
3071: 2888,4733,2426
3072: 821,3179,4738,1542,1916
3073: 2336,2536,4782
3074: 4094,905,2481
3075: 462
3076: 3162,3563,1250
3077: 3505,1613,1403
3078: 3467,4373,997
3079: 3019,1829,2284,1705
3080: 4293,1905,3524,976
3081: 1840,580,2327,529,4767
4468: 303
3083: 1984
3084: 3262
3085: 1370,4073,389
3086: 1892
3087: 4162,2952
4739: 2207,309,144
3089: 3321,3912
3090: 1892,1987
3091: 
3092: 2757,3309
4493: 1651,777,3720,2106
3094: 
4790: 1265,2182,908,1888,3816,1288,183,3415
4075: 
3097: 2496,1118,3706,3948
3098: 4744,1399
3099: 3915,767,1881
3100: 1792,2632,3561,2435,1602
4112: 3537,1998
3102: 1840,580,904
3103: 3743,2139
3104: 
3105: 3919
3106: 713,2488
3107: 940
3108: 2851,2237,444
3109: 1262,4822
3996: 4065,757,4491
3111: 284,4734,5,3623
3112: 652,1558,34,1569,1496
3113: 
4509: 4644,1638
3115: 415,311,2355,3465
3116: 2783
4685: 791,2722,590
3118: 4327
3119: 920,3983
3120: 
3121: 1753
3122: 985
4719: 1771,4761
3124: 2864,4551,643
3125: 4376,4785
3126: 2406,1531
3127: 
4389: 959,1490
3129: 1533,1124,2525
3130: 
3131: 
3132: 
4642: 
4637: 469
4165: 4625,110,2526,4391
3136: 2352,4147,1425,2726,1146
3137: 
3138: 4118,3964,3766,1838,1079
3139: 1327,2819,3357
3140: 
3141: 3063,617
4774: 1921
3143: 
3144: 3478,2326,2680,3347,4388
3145: 2409,4522,1765
3146: 
3147: 1684,1435
3148: 363,2415,2239,1297
3149: 808,3935,1657
3150: 4714,269,1254
3151: 249,2007,3627
3152: 3788,3848
3153: 4377,878,2041
3154: 1532,2794
3155: 1801
3156: 4633
3157: 
3158: 4271,4634,1301
3159: 3026
3160: 2742
4202: 
3162: 3076,2862,152
4108: 
3164: 3824,2471,3558
4222: 1630
4700: 551,4337,365
3167: 3041,4354,2365,8,3231
3168: 1380,3870
4435: 2485,951,3400
4247: 2148,4610,607
3171: 2956,952
3172: 2077,2905,2671,3774
3173: 161,1972
3174: 355,3505
3175: 1340,3635,1357,2706
3176: 1573,914,3891,4787,3065
3177: 
3953: 3686
3179: 4738,821,3072
4451: 3709,1864,4767,221
3181: 1662,2268
3182: 4560,2931,4797
3183: 2999,3242,3591,1112
3184: 1634,2494,1671
3185: 4086
3186: 1206,614
4276: 
4722: 3405
3189: 2687
3190: 3374,1080,4368
3191: 4449,4806
4535: 3447,821
3193: 1320,2756,2831
3194: 
3195: 4238,1822,3657,1606
3196: 460,4077,1724
3197: 1987,2176,3762
3198: 1540,1430,2835,2633
3199: 3310,3232,521
3200: 4159,3571,2279,3523
3201: 4020,121,1627,978
3202: 3821,681
3203: 1192,3273,4649
3204: 974,4121,911
3205: 1580,2518
3206: 
3207: 
3208: 2049,2124
3209: 764,4439,2630,893
4404: 649,878,1909
3211: 2629,2117,3769,1704,610,2952
4630: 280,97,4795,3377,1962,1933
3213: 799,2802
3214: 4802,3255,3601
3215: 
3216: 81,4360
4429: 1487,4324
3218: 2930,2764,1747,1827
4010: 417,2955,702,4709
4641: 3650,4440
3221: 2800,3401
3222: 1521
3223: 
3224: 
3225: 4660,752,1752
3226: 631
3227: 922,2135,421,1398
3228: 3468,4588,518
3229: 1126
4087: 148,4356
3231: 1196,3041,4354,3167,8
3232: 3199,4784
4307: 3455
4812: 4707,1048,2095,4314,1082,577,4480
3235: 4687
3834: 771
3929: 4110,2088,2956
4515: 
3239: 2166
3240: 3026,4302,4792,3694,1258,3038
4441: 1565
3242: 2193,3629,2999,3183
4237: 963,367,1044,683
3244: 4777,4817,1066,483
3245: 2031
3246: 2333,773,2687
3247: 
4771: 
3249: 
3250: 1806,3068
3251: 399,3005,1373,161,1972
3252: 282,4381,406,3299,4725
3855: 836,1516,4288,3334,1492
3254: 1817,1251,391
3255: 2682,4803,4802,3214
3256: 
3257: 651,382,2438,4114
3964: 3138,1395,747
3259: 2048,4086,877,1879
3260: 
3261: 2152,4274
3262: 2873,3084
4231: 899,2515,3527
3264: 3447,1916,4490
3265: 2881,2795,4787
3266: 3926,3428
3267: 3877,173,4196,200,2857
3268: 57,3923,3488
4677: 707,1416
3270: 2462,3814,2008,1527,758
4158: 948,2149,4129
4267: 
3273: 1192,3203,4769
4623: 2672,1539,717,3391
3275: 497,1259,3510,792,1880
3276: 2805,4777
4777: 3244,2805,3276,1066
3278: 2868,987,2658
3279: 86
4334: 1822,553,1871
3281: 3671
3282: 
3905: 2610
4751: 4395,4126,2557,2686
3285: 
3286: 
3287: 726,3612,1058,717,3758
3288: 3874
3289: 1452,222
3290: 2963,3609,4193,726
3291: 1220,2067
3292: 66,3836
3293: 2883
4126: 4395,4751,4136
3295: 2217,3890
4143: 4264
3297: 844,1991,875,1637,964
3298: 522
3299: 4725,725,3252
4519: 
3301: 2469
3302: 4105,3454,78
4295: 2095,1350
3304: 4816
3305: 2090,1764,1683
3306: 1473,2394,629,1128
4220: 815,3994
4129: 4158,948
3309: 3092
3310: 102,3199
4401: 2867
4673: 1858,4385,693,2161,1151
3313: 
3314: 1412,2266,155
3315: 1275,3793,2599,4586
3316: 2743,4107,240,4768,431
3317: 1417,3733,807
3318: 4319,3915
3319: 3453,3950
3320: 1321,2776
3321: 3912,3089
3322: 1971
3323: 2614,1191,3869,4372
3324: 2104,1398
4084: 
3326: 1434
3327: 3021
3328: 2088,1780,4368
3329: 4345,1050,624
3330: 
3331: 3938,3050
3332: 3927
3916: 1915,547,4764,1961,4185,2933
3334: 2477,4288,3932,836,3855
3335: 484,1104
3336: 944
4327: 2143,3118
3338: 4238,1123
3339: 4048,3881,4221,2553,2119
3340: 3057,1727
4405: 1913
3342: 2071,3460
3343: 1062,1178
3344: 3445,467
3345: 2269,1115
3346: 3033
3347: 525,2680,3144,4388
3348: 509,2240
3349: 2918
3960: 1536
3351: 2769,588,4198,4809
4074: 1031,744
3353: 2405,4443
4012: 159,2447,796,3997
3355: 1346,3047,4062,1226
3356: 4176
3357: 3139,1327,3875,3836
3358: 81,1567,354,4821,668
3359: 
3360: 880
3361: 2001,4275
3362: 2996
3363: 4189,2027
3364: 2055
3365: 2031,2474,183,2182,2116
3366: 4587,3825,3658,138
3367: 
3368: 3647,3980
3369: 2006
3370: 197,1846
4023: 3451,2602,1092
3372: 3483,832,167
3373: 3445
3374: 3190,1080
3375: 
4249: 2531,2929,1823
3377: 4795,4525,4630,280,1933
3378: 3435,601
3379: 1739,1927,1646
4575: 1513,513
3381: 3498,2948,1129
3382: 1181,4801
3383: 934,4529
3384: 3439,2468
3385: 
3386: 2603,4160,2903,2604,2683
3387: 87,1608,674
3388: 3689,3006
3389: 543
3390: 177,1219
3391: 717,3758,4623,2959,53
4261: 3848,4110
3826: 1839,4707,3680,829,1082
3394: 2814,2843,3533,1896,1556
3395: 3993,4710,4329
4212: 2083,3981,744
3397: 1246,1535
3398: 260,4386
3399: 447,4229,108,927,3845
3400: 4435
3401: 75,3221,4556,4759
3402: 3738
3403: 2601,4786,4244,11
3404: 1866,2673
3405: 902,1471,4088,4722
3406: 
3407: 4482,1930
4773: 1018,4614,2232,1304,1472
3409: 549,1853
4689: 4058,1858,2300,2026,984
3411: 48,3512,3924,4782
3412: 789,4627,1927,4139
3890: 3458,3295,385
3414: 195,4009,1150
3415: 1265,2182,4790,3608
3416: 3042,844,1991,3670
4302: 4792,3694,1258,3240
3418: 3605,2263,2147
3419: 3017,2375,1845
3420: 2750,712,3785,4691
3421: 2103
3422: 2781,203,4355
3423: 2917
3424: 4607,1071,2788,298
4750: 2961,4611,1748
3426: 599,1841,1003
3427: 
3428: 3266,3926
3429: 608,4570
4417: 442,1895
3431: 2619,3988
3432: 3047,2540,4710,1346,50
3433: 1055
3434: 185,2751,2580,1488,4456
3435: 3378,1585,601
3436: 4369,3781,712,3513
3437: 
4335: 1269,4292,1052
3439: 3384,2468,2196
3440: 2306,3542
3441: 3000,698,577,2620,2445,4480
3829: 4680,181,1178
3443: 1466,1813,3458
3444: 
3445: 3344,3373
3446: 1961,4766,4764
3447: 821,4535,4490,3264
3448: 2883
3843: 4652,4423
3450: 356,4085
3451: 2602,4023,4062,1226
4179: 
3453: 3319
3454: 1692,4105,3302
3455: 4307
3456: 4348,1065
3457: 
3458: 3890,1466,3443
3459: 2848,248,1812
3460: 3342,1626
3461: 270,579,1019,1040
3462: 4755,2370,2278
3463: 4281,233
3464: 2479,3562,4195,2150
3465: 345,2355,3115,311
3466: 3520
3467: 3078,997
3468: 3228,518,2919
3469: 3652,1718
3470: 621,1642,4752,1016
3471: 2439,2761,2822
3472: 4298
3939: 2713,2282
3474: 1716
4411: 
4617: 31,318,3584,4768
4060: 
3478: 2326,3144,1979
3479: 4778
3480: 2888,2249,4492,2070
3481: 4770
3482: 
3483: 1459,3372,832,198
3484: 161,1562,859,670
3485: 4226,2538,3934
3486: 1612
4069: 3725,3812,2494
3488: 3923,1448,3268
3489: 
3490: 
3491: 1115,2631,350,4653
3993: 3395,2540,4710,4329,1738
3493: 1154
3494: 1778
4759: 4556,4657,75,3401
3496: 1599,153,2712,4686,2664
4216: 2920,2291,2006
3498: 3381,2059
4240: 538
3500: 2207,1281
4699: 4004,805
3502: 1887,2662,2565,2363
4453: 
3504: 
3505: 3077,3174,1403
3506: 4021
4823: 457,2989,5,1153,1002
3508: 1794,4032
3509: 1017,4803,2641
3510: 792,1315,1259,3275
3511: 2894
3512: 3411,3924,3014,4721,4020
3513: 3781,4668,4369,3436
3514: 4152,413
3515: 1596,1504
3989: 
3517: 
3518: 
3519: 4177,0,1652,3032
3520: 3466
3521: 358,849,4304
3522: 234,2748,4260
3523: 692,1503,3200,2279
3524: 4293,3080,4382
3525: 559,352
3526: 1196,52,4656
3527: 4231,4186
3528: 
4031: 4807
3530: 2079,4230
3531: 1633
3532: 4203,2351,1714,3689
3533: 1524,1896,3394,2814
3534: 110,2021,3977,742,1119
3535: 
3536: 2812,3780
3537: 4112,1134
3538: 280,97,437,1433,2342
3539: 
3540: 
3870: 1633,1146,3586,3168,3821
3542: 2306,3440,2625
3924: 48,3411,3512,3014,4782
3544: 1052,2054
3545: 4652
3546: 2642,3860,421
3547: 1534
3548: 613,2242
3549: 3995
3550: 4047,3559,3794,1198
4620: 
3552: 1350,4662
3553: 874,89,3775,2100,931
3844: 1116,3715,2403,2004,733
3555: 1702,897,4022
3556: 332,188,1706
3557: 2215,3618
3558: 256,3164
3559: 4047,3550,1240,2109,2655,4198
3560: 541,2771
3561: 2107,3100,1602,2829
3562: 2479,4693,3464,4316,4795
3563: 3076,1726,1250
3564: 801
3565: 734,4703
3566: 1255
3567: 1854,1678,4313,1650
3966: 681,408
4612: 
4034: 
3571: 4159,3200,1275,459
3572: 3851,4262
3573: 
3574: 
3575: 241,1540
3576: 
4025: 2663
3578: 482,635,3980
4727: 1185,3671
3580: 2719,2759,3607,1727
3581: 2530,2767
3582: 1405,2052
3583: 
3584: 4527,278,4768,4617
3585: 1768,4817
3586: 3870,1146,2726
3587: 487,1983,4217,315
3588: 476
3589: 2484,948
3590: 912
3591: 3648,3183,4197
3592: 3801,1341,3787
3593: 1066,483,4233
3594: 
3595: 
3596: 1172,375,4634
3597: 1000,1779,4804
3598: 4325,376
3599: 4245,596
3600: 3967,1402,1798,2991
3601: 2371,4802,3214
3602: 1868
3603: 2287,3036,2010
3604: 
3605: 2511,3418,2263,2147
3606: 1628,4500
3607: 787,2147,2039,3580,2759
3608: 1695,3415,1127
3609: 2963,3290,4002,4193
3610: 4376,4667,4214
3611: 1814,988
3612: 726,3287,4193,3044,1058
4541: 
3614: 4570,2093,3678
3615: 1979,418,1061,1813
3616: 1367,2991
3617: 2866
3618: 3557,808,234,2790
3619: 
3851: 1274,3572
3621: 4208,3014,4782
4818: 27,1615
3623: 4734,284,3111
3624: 
3965: 1942,740,4788
3626: 4414,1997
3627: 3151,249
3628: 4227
3629: 1719,4122,3242,2999
4445: 
3631: 
3632: 272,3967,4510
3633: 2184
3634: 
3635: 3175,1357
3636: 1257,21
3637: 1510,891,4308
3638: 2862,1756,3773
3639: 973,3698,2993
3640: 3734,775
3641: 39
3642: 4553,4543,3764,396
3643: 1353,4781
4692: 
3645: 2639,1620,2056,549
3930: 1316,1194
3647: 3368,4746,481
3648: 2193,3591,1086
3649: 1223,235,305
3650: 1730,4440,4641
3866: 4268
3652: 3469
3653: 2362
3654: 2150,2035,4595,1690,2875
4173: 345,2858,311,1724,3987
3656: 
3657: 1606,1475,3195,3682,900
3658: 1243,1341,3366,138,2075
3659: 590,2459,710
4193: 3290,3609,3612
3661: 2744,4396
3662: 1867,2288,4449,4806
3663: 2108
3664: 1530,669,3959
3665: 2985,4714,1786
4241: 77,963
3667: 1067,3886,3822,390
3668: 
3669: 1313,1337,860
3670: 1095,844,964,3416
3671: 3281,4727
3672: 572,2792,2176,2604
3887: 2177
3674: 2443,304,2416,173,1145,100
3675: 2428
3676: 
3677: 1381,4116,284
3678: 3614
3679: 1914,4294
3680: 1839,3826
4507: 
3682: 900,3657,766
4313: 2677,3567,2691
4304: 665,3521
4634: 82,375,3596,3158
3686: 4166,3953,2785
3687: 1817
3688: 
3689: 3388,1714,3532,4203
3896: 
3691: 1289,593,506,4252,2442
3692: 
3693: 3898,436,1733,2659
3694: 4302,4792,3240,3038
3899: 1225
3696: 2389
4266: 4353,3735,4791
3698: 318,3639
3950: 2035,1259,3319,1862
4669: 
4811: 2102,4131,1215,1657
3702: 
4321: 
4388: 2198,3347,2326,3144
3705: 4643,1086,2277,419
3706: 3097,1118,1706
3707: 
4556: 4657,4759,594,75,3401
3709: 4451,4767,2115,1563,2080
3710: 2544
3711: 2197
4440: 242,3650,4641,3731
4035: 502,1152
3714: 1995,699,2061,4282,2344
3715: 1116,3844,2403
4262: 3572
4456: 4758,3434,185,2580,1010
3718: 532,721
3719: 1091,598,1231
3720: 4146,777,4493
3721: 2929,467
3722: 1604,4450,2478,4640,739
3723: 246,461,1145,292,4573,2420
3724: 4532,1708,759,1401
3725: 1634,4069,4732,374
3726: 2705
4062: 1226,3355,3451
3728: 4725,725,4381,1688
4500: 1628,3606
3730: 
3731: 4440,242
3732: 4172,3762
3733: 3317,4618
3734: 3640,4709
3735: 4467,4353,4266
3736: 1582,819
4653: 350,2445,3000,3491
3738: 861,3402
3739: 
3740: 4310,3864
4696: 2983
3742: 359
3743: 3103,1144
4800: 3947
3745: 225,635
4217: 3587,4762,315
4092: 
3748: 1345
3749: 957,1799,1480
3750: 860,1432
3751: 2226
3752: 4808
3753: 778
4813: 3791,1773,1420,4145
3755: 3979,937,1732,2926,3839,1189
3756: 2080,1563
3757: 1358
3758: 717,3391,3287,2305
4245: 3599,1006
3760: 1123,4162,247,1870
3761: 743
3762: 3732,4172,3197,1987,2176
3763: 4559,853,1216
3764: 4746,3642
3765: 4268
3766: 4118,3138
3767: 1474,466,4764
3768: 339,2775,402,4498
3769: 1704,3211
3770: 657,1125,2331
4413: 3903,1958,2957
3772: 728,897
3773: 3638
3774: 1798,2671,3172,1402
3775: 2100,3553,911,2669
3776: 
3959: 3014,4721,3664,1530
3778: 981,2389
3779: 2287,3934
3780: 3017,3536
3781: 712,3513,453,3436,4691
3782: 4684,805,4004,533
3783: 2971
4176: 3356
3785: 2820,4691,3420
3839: 1189,733,1732,2926,3755
3787: 1243,1341,3592,540
3788: 3152
3789: 3909
3790: 4593,1301,346,3883
3791: 4813,1773
3792: 1415,1078,841
3793: 3315,1275,1200,2298
3794: 1904,1198,3550
3795: 2872
3796: 
3797: 4754,4814
3798: 
3799: 4650,2250,1964
3800: 3932,1632,1170,823,2695,1429
3801: 1046,3592,1341
3802: 628,807,1107,2371
4595: 1690,1303,1469,3654
4400: 
4799: 4132,2289
3806: 1256,2346,4577,4588
3807: 1198,2647,4215
3808: 
3809: 197,62,4780,4704
3810: 1437,1753
4342: 2174
3812: 4069
3813: 2567,401,4152
3814: 2462,3270
3815: 1056
3816: 1888,4601,1265,4790,2961
3845: 2293,3399,447,2171,927
4448: 
4578: 66,2072,4263,2199
3820: 4186,1896,1556,3907
3821: 3202,3870
3822: 4149,456,1993,3667,3886
3823: 1734,2939,321
3824: 3164,2471
3825: 3366,2635,138