0: 2809,2919,1232
1: 2605,4463,1551,50,2111
4450: 972,4600,1337
4812: 2852,2650,2534
4: 520
5: 2865,1381,372,2206,2926,2480,2051
6: 2122,1580
4620: 1531,35,3059,3561
8: 1512,1330,985,984,2775
9: 896,580,1864,3979,3337
10: 2744,2861,3751
11: 3210,4368,983,2920,2282,3101
12: 78,4239,1123,3085
13: 461,4596,4554,20
4608: 20,878,1257,3014
15: 3382,2411,2840,2779
16: 1302,1206,3336,1661,1184
17: 4789,2493
18: 1412,2199,2581,4726,461,816
19: 2034,1292,3778,90
20: 4554,4608,13,4486
21: 2330,1031,4459,1757,270,2889
22: 4376,2301,2813
23: 191,4397,1843,196,666
24: 
25: 1392,1268,1201,3849,1245
26: 1851,2206,2926
27: 3170,861,4268
28: 1440,1962
29: 
30: 4225,1213
31: 2372
32: 680,2218,1454
33: 3492,77,121,3657
34: 304,3355,832
35: 1531,4620
36: 321,2676,1617,1981,4778
37: 2179,1330,4604,3982
38: 2528,3968,4212,1569
39: 2184,1363,3477
40: 4252,1008,110,475,3488,1706
41: 3710,784,2241,3199,2848
42: 388
4669: 2551,2159,4469
44: 
45: 4289,3726,1672
46: 2867,3942,2007
47: 804,4793
48: 890,1838,1310
49: 3085,340,1608,3875,2151
50: 1278,2111,1551,1
4776: 1869,3823,3411
52: 4805
53: 774,58,2726
54: 
55: 3299,2969,2970,190
56: 
57: 1888,1998
58: 4714,3408,2726,53,1476,3510
59: 3366,1736,3704,2182
60: 
4539: 3846,1313
62: 4321,1204
63: 2875,3969,141,719,3633
64: 1080
65: 4333,2730
66: 282,3531,3756,402,3231
67: 471,2054
68: 2559,4079,3492,4554,878
69: 4203,2841,4693,416
70: 2435,4232
71: 3527,1556,4517
72: 164,1610,3708,3359
73: 2220,4523,3672
74: 
75: 4180,712
76: 2878,358,1302,3336
77: 3492,33,4258,419,878
78: 2311,12,3085
79: 4115,4474,1122,3448
80: 4062,225,2991,3632
81: 2269,1578,609,3056,158
82: 3852,2149,2893,1083,3103
83: 2328,4417
84: 1774,312
85: 1432,2443,1874,481,4154,4628
86: 2173,2897
87: 3352,1665
88: 4370,3662,1727
89: 1721,213,1522,4085,2659
90: 4684,3778,3194,19
4821: 2987,4210,607,2441
4616: 3315,3775,4193
93: 
94: 4545
95: 918,1696,2725,4695
96: 
97: 1308,1640
98: 1065,1736,1297,1175
99: 2298,365,2140,1539,3786
100: 2660,3195,1176,3842,2272
101: 2773,1178,326,1793,2248
102: 2503,2001,3342
103: 579,3073,2833,2619
104: 2577,619
105: 2418,1482,353
106: 2152,2236
107: 4334,2780,3360,2603,1040
4768: 543
109: 768
110: 1008,1145,2918,4050,40
111: 1087,1516,2749,1597
112: 4543,1317
113: 4262,3053
114: 2904
115: 
4662: 1682,3906,3258,2690
117: 778,638,2432,266
118: 4666
119: 4095,1270,2602,1126
120: 187,3043
121: 2013,2069,3657,33
122: 
4455: 2101,791,1742
124: 4381,1346,528
125: 1533,2900,2160,572,990
126: 4566
127: 586,1448,723
128: 596
129: 4495
130: 1729,1894,2030,715,2031
131: 2715,2788,632,664
132: 864,2097,3986,3409
133: 4427,3934,3808,2685,1820
134: 4587,2052,3816,4518,2958
4665: 3233,3138,1879,4536,1562,2672
136: 3217,2819,2669,1684,3418,564,936
137: 3311
138: 1160,245,3997,184
139: 4248,748
140: 2449
141: 2875,3969,63,1659
142: 2747,3740,1672,2376
143: 1598,4318
144: 3144,1200,4398,1067
145: 2109
4802: 1452
147: 3265
148: 897,3295,4269
4787: 4790,1320,3903
150: 385,349
151: 
152: 1453,2582
153: 4161,157,1788,2280
4449: 3183,4648,1137,835,1585
155: 4809,913,3609,1769
156: 4291,2561,4166,4505,4740
157: 2126,2547,3534,153
158: 81,3056
4482: 3368,3913
4429: 4537,1390,3208,2221
161: 892,3150,3377,1674,4293
162: 4408,1989,439,4519
4614: 866,1652
164: 406,72,3359,883
165: 510,481
166: 3408,1783,3801
167: 3536
168: 1114,4481,4577,1263
169: 1815,3741
170: 904,1091,2351
171: 4774,313
172: 2522,1075,3021
173: 3513,2508,2168
174: 4794,4421,4096,3659,3218
175: 2760,3550,618,1240,3065
4798: 4716,1798,858,4602
4715: 
178: 3463,3958,339,4671
179: 
4534: 1405,2478,3623,3640,4691
181: 3121,2468,4088,4514
5047: 930
183: 4355,875,427,788
184: 4016,138,1384,815,2869
185: 3506,1250
186: 3329,3707,3535
187: 120,3998
188: 3650,2813,2089,4376,2717
189: 3083,2787,3496
190: 2970,2788,55
191: 4397,23,666,1101
192: 1876,1416,248
193: 4149,1653
194: 2467,4800
195: 740,2252
196: 1843,23
197: 4493,3939,2358,3240,2897
198: 3723,4573,4343,4531
199: 1301,3364,2423
4558: 4822,345,2089,1382
201: 1559,1291,4115
202: 
203: 4184,508,898,1910,3345
204: 3419,3432,1873,479,3097
205: 3196,1431,936,4810,4123
206: 3437
4706: 3406,3376
208: 
209: 3701,2761,602,2347
210: 3996,1032,4243,3923,3677
4753: 1901,525
212: 656,4279,3919
213: 4006,1577,4686,89
214: 678,905,640,3728
215: 1198,1380,3290,1103,1272
216: 4494,366,643
217: 3714,931,4219,2535,2497
218: 486,4799,2795,4769
219: 2123,1870,3454,2103,2395
220: 3738
221: 4128,1388,3873,2140,1539,2072
222: 1707,557,1830
223: 1941,2785
224: 1816,2707,303,1799
225: 3989,3774,80,3632
4485: 2807,1152,1586,3814
227: 2967,4426,1028,4235
228: 523,1464,4070
229: 373,930,726,2497,404
230: 2842,1995,1378,368,4282
231: 4273,1157
232: 4037,810,1282
233: 3661
234: 3540,1260,3980
235: 2572,4003,2995,4708
236: 1502,1379
237: 1813,3275
238: 3865
239: 4159,4725,896,3758
240: 
4499: 3524,711,357
242: 2771,3625,2502,1253
243: 1495,2874,1907,3390
244: 747,1241,1165,2817,2990,365
245: 138,3997,849
246: 2080,2839,701,1750,1685
247: 2293,3176,3083,2787
248: 192,1416
249: 3757
250: 
251: 1639,262,1254,1154
252: 598,1905,2097,2473
253: 1875,4813,954,1096
254: 621,1745,567
255: 3283,2736,1841,2609
4469: 2159,268,4669,3617
257: 4764,1946,4751,1845
258: 2574,556,3196,2156
259: 693
260: 872,2171,3321,1276,1306,4189
261: 4816
262: 1639,251,4012,4039,665
263: 2113,2327,3793,436
4484: 2267,571
265: 1006
266: 1963,117,3679
4586: 3438,2540,3556,1479,1200,956
268: 2159,4469,4799,2778
269: 3581,614,977,3342,3175
270: 3139,1854,2889,3292,1757,21
4684: 90,3861
272: 1212,2915
273: 2153,1924,698
274: 4791,3180
275: 
276: 2233,406,883
277: 4342,2211
278: 3750,2552,4185,3806
279: 571,4090,582
280: 4375,4412,1602,346,341,734
281: 2849,2975,1727
282: 66,3531,4399,402
283: 2365
284: 453,502,2754,1702
285: 3618,384,3940,4375,976
4637: 4587,2052,3136,3966
287: 3851,3074,3542
288: 
289: 3733,4402,3603,2287,3289
290: 1058,4659,2477,4605,3011
291: 
292: 4101,4337,307,2442
293: 2317,2973,4762
294: 1165,415,3612,871
295: 533,1987,1489
296: 4309,1627,2900,3817,3312
297: 2990,2229,3287,2817
298: 1120,3296,2794,3200,2571
299: 4652,3362
4680: 1588,1414,3374,943,4728,2098
301: 1951,426
302: 2850,985,1071,2775
303: 224,1816,2707,2886,4468
304: 1022,34,3395,2420
305: 2099,2515,2210,1792,3596
306: 
307: 4337,292
308: 1520,3854,1372,1019
309: 4008,1541,3417,4638,447
310: 4783,3400,1530
4523: 3742,4489,73
312: 1774,84,1693,3486
313: 171,2193,4792
314: 2146,4789,2307,3788,3956
4811: 2877,599,1670,1362,2947
4507: 945
317: 865,1136,2549,4010
318: 1829,3874,1166
319: 1059,2629,2189,652
320: 3861,472,981
321: 36,1617,4778
322: 1715,3472,1958
323: 1820,4054
324: 3119
325: 4698,2228,556,2574
326: 1793,1229,1294,101,4187
327: 3662,3452
328: 2784,3596,3743,1682
329: 1777,2429
330: 
331: 2987,3604,2441
332: 2419,3357,3191,3139,2167
333: 987,4046,3009,3787,783
334: 550,1973,4409,3178
335: 1230,1885,4513,1595
4652: 2674,3694,299
337: 4168
338: 3079,2018,1034,857
339: 3958,1485,689,178
340: 49,3085,1608,1767,2311,889
341: 346,4158,1567,734,280
342: 4512,2858,4622,2676
343: 3214
344: 4381,2857,3530,1194,891,4589
345: 4558,4822,1266,1803,4785
346: 3838,4158,341,1082,280
347: 
348: 443,3622,1088,3967
349: 1231,3478,150,4590
350: 1203,829,3916
351: 
352: 2309,623,983,2920
353: 2612,105
4564: 4407,2487
355: 3150,4629,2705
356: 4433,2790
357: 1957,4499
358: 2878,76,2826,1302,2866,2770
359: 807
4682: 4518,2303,1694
361: 480
362: 3555,3770,4472
363: 2971,2949,2992,1698,2385,440
4597: 1197,4277,1766,2084,2116
365: 99,1241,244,1539,3786
366: 216,643,583
367: 4427,1167,3695,3242
368: 2431,1312,1378,230
369: 3213,3402,749,2286
370: 2763,1366,3569
371: 1921,1044
372: 1851,4213,2206,3142,1095,1381,5
373: 229,930,4626,4219,2497
374: 4404,3184
375: 504,1577,4686,2823,4270
376: 1903,920,1729,2474
377: 
378: 3660,3558,1299,3544
379: 3824,3625
380: 2306,2145,521,2305,3414
381: 3103,4621,3852,3106,803
382: 4266,3180,2285
383: 3010,4415
384: 285,3618,4087,1359
385: 150,4201,3825,3547
386: 
387: 3341,3310,593
388: 42
389: 3865
390: 1418,3231,1844
391: 4606,3562,3221,1115
392: 1288,2751,3280,671
393: 
394: 4568,1921
395: 1613,1391,2580
396: 1657,3642,4091,4609,3522
397: 
398: 4444,4106,3675,2149
4568: 394
400: 1009,4693,4355,2841,2989
4741: 4160,468,1892,703
402: 681,1677,66,282,4399,3231
403: 2375,1226,4437,1133
404: 2535,2497,2327,229,3793
405: 852,2087
406: 164,883,3572,276
407: 2873,2209,4754
408: 1633,3747,2108
409: 3141,4232
410: 3482,3063,4295
411: 2462,3209,4209
4623: 4207,1183,4165,4573
413: 1252
414: 2593,3972
415: 1165,2817,294
416: 1009,4693,69,844
4464: 1803,4698
418: 
419: 4258,2013,2646,77
420: 3318,3586,3925
421: 2655,3697,3827,3977
422: 3780,3178,4409
423: 2862
424: 4280,685,4660
425: 623,2063,595,3876
426: 1997,301,1951
427: 875,183,788
428: 3938,518,2047,860
429: 3262,1289,3715,2350,1116,2100
430: 1808,960
431: 3625,2502,4017,1635
432: 742,569,1958,3888
433: 1405,2478,1862,3754,1712,727
434: 3137,3346
435: 3946,4645
436: 3793,263,2712
437: 2840,3243,4203,2479
438: 3988,4163,628,1641
439: 954,4354,1096,162,4519
440: 2385,2971,363
441: 979,4497,3008,1081,1415
442: 2845
443: 348,1088
444: 1294,4187,4216,3947
445: 1784,2290,496
446: 874,3685,2818,2229
447: 4166,3050,4008,309,633,4291
448: 1901
449: 2171,4582,876
450: 1930,1959,4624
451: 3042,3758,1679,939,1583,4183
452: 3256,3127
453: 284,502,3654
454: 3857
455: 3353,1249
456: 2249,1275,4626,931
457: 4664
458: 3129,1700
459: 1227,1103,3878,1275,1272,752,4538
460: 3912,2797,1052,2752
461: 816,4596,13,18
462: 3741,4565
463: 1548,940,3318,3586
464: 
465: 4736,1070,4288
466: 1882,4211
467: 3602,2661
468: 4160,1892,4741
469: 4595,2859,1598,4458,3497
470: 3992,3383,2107
471: 2592,67
472: 3086,320,981
473: 3167,3155,1196,4535
474: 4636,3883,3416
475: 1008,2918,40,1706,3487
476: 1055,2033,1333
477: 2571,2922,2760,3550,789,618
4487: 3126,3457
479: 4588,3097,2258,4746,204,2451
480: 361
481: 510,165,1874,85,4628
482: 4365,2877,4091
483: 1235,2791,2997,4814
484: 4625,2535,2327
485: 3805,2281
486: 4799,2778,218,522,3437,2114
487: 4387,4673
4719: 3833,3160,2775,3869,1071
4699: 1574,790
490: 4565,3212
491: 4360,4038,2359,4125
492: 4253,1999,2207,4306
493: 3314,3667,1840,3438,4488
494: 3759,3988,1112,3328
495: 1907,3390,4673
496: 1784,445,1026,2653
497: 1203,1975
498: 2828,4394,4166,3050,4505,4740
499: 2583,3526
500: 3107,3077,3322,844,3630
501: 2937
502: 284,453,3382
503: 1095,3877,3268,2955,4213
504: 375,2908,4705,3391,4270
4619: 1042,4071,1649,4142
506: 3896,4051,648,1638,4766,2310
507: 889,1080,1277,3941,1606
508: 1359,898,3345,203
509: 1912,753,1809
510: 165,481,4170,4628,4445
511: 3496
512: 1581,4441
513: 3377,3365,1674,3037,3839,4770
514: 4439,4471,3751,710
515: 1468
516: 4639,3206,2956
517: 1965,4773,2736,4766,2609
518: 428,4462,1638
519: 1529,4052
520: 4
521: 2145,3453,2305,1205,380
522: 486,3539,689,2114
523: 228,1325,2022,3605
524: 1041,2222
525: 4753
526: 2170,2831,923,3651,2954
527: 4212,3331,2110,655,2391
528: 896,580,3102,124
529: 2866,2770,1010,1881,908
530: 978,4311,3584,4414,2245
531: 3370,1307,3708,2020,4305
532: 919,1937
533: 886,1987,612,295,3627,1489
534: 807
535: 1718,765,3257
4461: 2460,4020,4143
537: 4664
4622: 3312,2338,4512,342
539: 4418
540: 1436,2654,2731
541: 705,3584,1636,4806
542: 3904
543: 2890,4768,2218,1533
544: 654,4494,2520
545: 4305,3045,2020,3859
546: 4631
547: 4496,2142,4095,1126
548: 614,746,3245,2589,1591
549: 3772,4359,1702
550: 1649,334,4142,4663,3178
551: 4274,3571,593,1406,3341
552: 2309,3564,4702
553: 903,1100,1976,684,3494
554: 3576
555: 1209
556: 1324,2847,3196,325,258,2574
557: 1707,222
558: 4067,2806,616,4788
559: 1773,1960,1204
560: 3984,3520,1101
561: 643,3536,4382,1018
562: 2252,1787,4120,3064
563: 3514
564: 1431,1314,936,1684,3418,136
565: 3047,668,605,2488,1668
566: 1131
567: 254,621,1785,3712
568: 2264,1591,3037,1074,3365
569: 742,432,3888,818,3592
570: 4585,2161,2270,1566,4108
571: 279,4484
572: 2160,2338,990,820,125
573: 3580,2464,2968,3690,1395
574: 947
575: 3216,1336,1238,2269,1108
576: 989,1534,4147,3769
577: 3000
578: 3406,4126
579: 103,3073,4111,2619
580: 896,9,528,2857,3979
581: 4578,3392,1395,4580,3331,2110
582: 279,4090
583: 1507,1795,3358,366
584: 2015,1742,3756,2697
585: 982,2139
586: 1448,127,663,3728
587: 2366,2619
588: 2208,4332,2928,747,1241,3156
589: 3829
590: 2794,4044,688
591: 1140,851,3435
592: 666,4650
593: 3310,1406,3341,387,551
594: 2983,2095,2875
595: 3876,425
596: 128
4587: 2052,134,4637,3816,4691
598: 252,3420
599: 4777,2877,4811,1362,4344,1664
600: 2880,3448
601: 1681,2247
602: 4479,2347,1605,2633,209
603: 1500,1078,2389
604: 2938,1526
605: 565,3047,3882,1245,1392,1795
606: 2520
607: 1491,4821,2441
608: 
609: 1578,81
610: 3777,1646,4102,3480,2563
4570: 686,3762
612: 533,3627,2964
613: 
614: 269,3581,548,2503,746,1591
615: 1705,2284
616: 808,558
617: 2184
618: 1240,477,2760,175,789
619: 4092,2583,104,3554
620: 2130,3907,4412
621: 2357,254,567,2596
622: 4258,2068,927
623: 2063,425,352
624: 1669,3589,2852
625: 2611,3132,2767
626: 
627: 765,2721,3257
628: 4241,4530,2157,438,4163
4526: 3975,4196,839
630: 1347,3489
631: 4757
632: 2788,131,3065
633: 2250,4076,4008,1541,447,4291,1327
634: 
635: 1845,4582,4290
636: 3749,3835
637: 
638: 2292,117,2341
4602: 4314,858,1798,4798
640: 214,905,1174,663
641: 
642: 4448,3096
643: 561,3536,1018,216,366
644: 2834,669,2033
645: 
646: 3744,1010,908
4626: 4219,4633,2249,456,373
648: 3896,4051,506,732,1789,1882,3468
649: 2963,4465
4473: 2092,2689
651: 2509
652: 2189,319
653: 1917,4724,4598,2772
654: 544,3001,1397,3188
655: 2657,4584,527
656: 2630,212,932
4702: 2588,552
658: 1859,2471
4439: 4471,514,2731,3751
4598: 2772,1917,653
661: 3792,3763,3591,2714
662: 3309,1908
663: 1174,730,640,3728,586
664: 2715,131
665: 4039,262,1786
666: 592,191,23
667: 
668: 565,1498,1668,3784
669: 3765,1834,644
670: 2868,4357,3268
671: 2751,3899,3280,1985,392,1575
672: 4453
673: 3955,3607,4306,2167
4761: 3352,1665
675: 3906,3258,1655,4019,1139
676: 4205,4690,4808
677: 1879,4536,2456,3785
678: 214,1449,1688,3768,4524
679: 3081,3173,1528,2459,2825
680: 32,2880,2892
681: 2119,1677,402,4399,730,723
682: 3457,1531
683: 4045,3222,3887,988,2950
684: 1370,3494,553
685: 4028,1396,1558,3176,424
686: 4570,3762
687: 1992,4547,3236,4775
688: 4044,590,1471,1573
689: 2114,522,339
690: 
691: 1671,1509,2925
692: 3195,1176,3465,725
693: 4541,2158,259
694: 3828,4320,2304
695: 4106,3103
696: 
697: 3323,4047,4055,1437,2334
698: 1924,2095,273
699: 978,4414,2678,3655,2759
4505: 4166,3050,156,4291,4394,498,4740
701: 1750,2607,839,246,1685
702: 4263
703: 1892,3620,4741
704: 2364,4475,4578,3392,4078
705: 4172,4311,3584,541,1636,1705
706: 3131,2271
707: 776,2402,3346
708: 3779,2157,2175,3338
709: 2228,1678
710: 514
711: 1515,4499
712: 4727,3573,4180,75
4552: 3170,2998
714: 2382,4204
715: 1717,2031,130,1894
716: 
717: 2170,2457,4215,2831,4176
718: 2180
719: 63,3633,4771,3401,1336
720: 1424,4297,2776,1190
721: 855
722: 4073,3190,3266,2772,1917
723: 4589,730,681,2119,127
724: 
725: 4625,1191,692,3465
726: 1780,3959,2213,229
727: 3754,953,1532,1862,433
728: 2811,3922
729: 1413,3734,4050,1289,4323
730: 1174,663,681,723
731: 
732: 3896,648,2047,3468,2533
733: 4222,1980,2560,3395,832
734: 1861,341,280,1602
735: 3561,740
736: 782
737: 4288,3851
738: 2165,4294
739: 1018,1063,4382
740: 195,735
741: 1966
742: 432,569,2362,2239
743: 1242,3949,4266,3114
744: 4415
745: 1703,1125
746: 4318,2503,4458,614,548,3245
747: 1241,3156,244,871,1165,588,4332
748: 4248,139
749: 3402,4563,369
750: 2178,1573,789
751: 2618,1804,3965,3449
752: 1272,2818,3287,459,4538
753: 3597,3579,509
4596: 461,13,3626
755: 2032,1138,2514
756: 2677,2683,3933,770
4500: 3858,778,2432
758: 4743
759: 2242,4395
760: 
761: 3913,4460,1709
762: 1482,2490
763: 
764: 1296,797,2606,2354
765: 2767,627,3257,535
766: 1020,1648,3087
767: 2510,1376,2864,3294
768: 109
769: 3032,2634
770: 870,4173,1938,756,3933
771: 2700
772: 2369,3306,2226,2854
4460: 1709,761
774: 53,2005,2726
775: 3071,2961,4100
776: 828,707
777: 3463,4671,4151
778: 117,2626,4500,2292,2432
779: 
780: 3520,1101,1594
781: 3818,3023,1805
782: 736,4786,867,1164
783: 3787,4046,1748,3608,333
784: 41,1741,1775,949
785: 3930,4363,4540,3476
786: 
787: 4674,3423,3485
788: 3879,427,4355,183
789: 477,2760,618,750
790: 4699
791: 2769,4455,2212
792: 2979,3796
793: 2515,1792,3907,3188,2748
4731: 3099,1544,1157
795: 3420,3124,948,1567,4158
796: 
797: 1296,764,3963,2354
4743: 758
799: 2585,3914,805
4688: 4617,3321,2256,3393
801: 4348,4251,2155,4528
802: 2800,3589,2852
803: 3106,3815,3852,2414,381
804: 3466,3678,47
805: 3914,2200,799,3145
806: 4765,2227
807: 534,359
808: 2720,829,3482,616
809: 3359,4305,4149
810: 2610,232,1282
811: 1133,4174,3610
812: 1983,3498,3942
4477: 2658,3261
814: 3013,4516
815: 2869,3366,1384,3015,184,3957
816: 461,18,4726,2599,4633
817: 4724,3545,3794
818: 2241,3199,569,913,3592
819: 
820: 2160,572,854,2469
821: 2289,3943,4146
822: 1350,4749
823: 2881,1348,2742,2339,1775
824: 3840
825: 
826: 2691
827: 3249,3864
828: 776
829: 350,1203,3916,3482,2720,808
830: 2389,4261,4217
831: 1152,1026,2340,2807
832: 3355,2560,3395,4222,733,34
833: 3802,1500,841
834: 4759,3218,4421
835: 2519,4449,3183
836: 1192,2596
837: 3213,3905,3548,2202
838: 3335,3908
839: 701,2607,1968,4526
840: 
841: 1318,988,833
842: 2452
843: 2958,3436
844: 3322,1009,416,3107,500
845: 2695
846: 3941,1606,1019,3811,2393
847: 
848: 1829,3303,4160
849: 3307,1109,245,3997
850: 
851: 591,2739,3435
852: 405
4805: 2230,52,4057,4235
854: 3799,820,1594
855: 721
4655: 2496,2420,2508
857: 2391,2785,1034,338,3079
858: 2991,3632,2227,4602,4798
4557: 3161,3108,2787
860: 3419,3938,428,4562
861: 27
862: 4435
863: 2128,1074,2198,1950
864: 1905,2097,3820,132
865: 317,1136,4010
866: 1409,4614,3398
867: 1858,1164,782,1054,4786
868: 4005,1319,3202,3325
869: 4325
870: 770
871: 4112,1165,294,1752,4332,747
872: 260,4189,1092
873: 4790,2188
874: 3685,446,962,4162
875: 4009,427,183
876: 1000,4582,4804,2171,449,1845
877: 2704,1087,1597
878: 4554,4608,3492,77,68
879: 3900,2932,3327
880: 
881: 
882: 3279,1676,2190,3367,2123,1870
883: 164,406,276,4149
884: 1653,2205,3525,1170
885: 982
886: 533,1987,2964,3399
887: 1062,1510,4443,3154,1683,3854
888: 904,1091,1127,1998,2306,1141
889: 507,1767,2311,340,1608
890: 3812,48,1838,1650,2204
891: 1194,2126,3807,4381,344
892: 3150,161,1074,3377,3365
4610: 2555
894: 4629,4031,1950,3150
895: 1754
896: 580,9,528,3102,3337,239
897: 148,4269,3354,2025
898: 508,2632,1910,203
899: 928
4708: 4101,4333,2995,235,2572
901: 1068,4254,3701,2409
4573: 4165,4932,4623,3723,198,4343
903: 1100,553,1976
904: 888,170,1091,1127,1998
905: 214,1449,640,3855,1174
906: 4795,4007
907: 1645,1366,2023
908: 1463,1010,2770,529,646
909: 
910: 4720,4341
911: 1374,2936,1779
912: 3186,1457,3232
913: 155,4809,3592,818,1661,1769
914: 2514
4607: 1916,3856,2688
916: 2436,917,3308
917: 3308,3886,1909,2436,916
918: 4077,1696,3291,4695,95
919: 532,2792,3676,3164
920: 1903,376
921: 2330,2562,3153
922: 4405,4740,2561,2871
923: 4016,3015,2831,526
924: 4123,3055,2156,2683
925: 1994,2369,2861
926: 
927: 2830,622,2860
928: 899,4320
929: 3405,1616,1806,3018
930: 5047,229,373,3959,3626
931: 217,3714,456
932: 2630,656,3915,3518,2621,2290
933: 4183,4005,1583
4674: 4254,787,3485,4076,4618
935: 1265,1284,3438,2540
936: 564,1431,136,3217,2819,205
937: 4142,4663,1965,2526
938: 4319,1254,1506
939: 451,1679,1583,4183,2225
940: 2854,2226,1548,463,3318
941: 1524,2652,1270,2602,2893
942: 2715,4109,3333
943: 1343,3333,3496,4680,1414,2098
944: 4807
945: 4507
946: 2150,1335,2639
947: 574,999
948: 3124,1082,795,4158
949: 1436,1741,784
950: 3985,3545,1711,1713
951: 3435,1763
952: 4603,1704,4110,2545,3169
953: 1532,1295,727,1862
954: 439,1096,253
955: 
956: 3144,1200,4586,1479,4135
957: 3867,3613,2606
958: 
959: 4097
960: 1182,2790,1808,430
961: 4324,2618,1804,4179
962: 874,2990,2229,2298,4162
963: 1699,2896,2833,4679,3181,1771
964: 4103,1748,3505,3608
965: 2374,3513,4252,3674,2839
966: 
967: 2367
968: 1969,3677,3232
969: 
970: 
971: 1864,1488,1106,4668,1161
972: 4450,4712,4440,4600
973: 3393,2379,1306,4189
974: 4218,2136,3806
975: 3262,3372,1145,2918,4272
976: 285,3940,4087
977: 3342,3175,3919,1279,4760,269
978: 530,699,4414,3860
979: 4497,3375,441,3008
980: 1166,3344
981: 3049,320,472
982: 885,585
983: 2920,2309,352,3381,4368,11
984: 1542,8,985
985: 8,984,302
986: 3745,4373,1304
987: 3135,333,3787,3917
988: 841,3413,683
989: 1534,576,3769,2570,2549
990: 2160,2338,572,2900,125,3312
991: 1582,3446,2976
992: 1824,3824
993: 3038
994: 4782,3057,3375
995: 1421,2569,2917,4018
996: 2692
997: 
998: 
999: 2380,2300,4040,947
1000: 876,4804,4751,1845
1001: 2885,2275,2712,2019,4428,3636
1002: 4064,3915,4279
1003: 2690,3446,1910,2632
1004: 
1005: 1670,2587
1006: 2172,2134,265,3653
1007: 4374,3089,1673
1008: 1145,2918,110,475,40
1009: 4693,400,416,3659,3322,844
1010: 1881,529,646,908
1011: 1305,2842
1012: 1969,3232,3186,4801,2484
1013: 2337,3593,1996,3177
1014: 3999,3819,3206
1015: 1872,1630,4327,1912
1016: 1227,1103,1990,3775,1380,4193
1017: 2297
1018: 739,1153,4382,561,643
1019: 3941,846,308,1372,3811
1020: 3044,1648,766
1021: 
1022: 304,3395,2758
4689: 4502
4742: 4230,2174,3273,3020,4372,2768
4650: 4793,592
1026: 496,2653,831
1027: 3656
1028: 4235,3870,227,1058,2021
1029: 1840,4207,2456,4733,2426
1030: 4293,1053
1031: 3271,4459,2657,3163,3836,21
1032: 3996,4243,210,3677,1433,4723
1033: 2487,3894
1034: 4447,3201,857,338
1035: 3541,1365,2509
1036: 1700,4820
1037: 2895
1038: 1048,1263,1212,4644,4496,2142
1039: 3426,3967,3622
1040: 2157,2175,107,4241
1041: 2921,524,2222
1042: 4071,1685,1649,4619
4542: 2670,3842,3964,2019,3636
1044: 1921,371
1045: 2593,1713
1046: 4209,1528,3081,2726
4763: 4138
1048: 1263,2962,1038,1212
1049: 4278
1050: 1440,2781
1051: 1642,4605,3011,3531,4399
1052: 460,1369,1774,3067
1053: 3645,1099,1030,4685
1054: 2874,867,3390
1055: 476,1333,4113
1056: 2725,4695
1057: 1977,3474
1058: 290,2021,1028,4605
1059: 319
4666: 118
1061: 1756,2172
1062: 1510,3727,887,3273
1063: 1637,1211,2346,739
1064: 3554
1065: 98,1736,1175,3155,3472
4785: 1266,345,3731,2659,1687,2416
1067: 4048,3144,144,2062
1068: 901,2409,2250,1327,4739
4483: 
1070: 465,4288
1071: 302,4719,2775
1072: 4312,1780,1501
1073: 1711,3711,4086
1074: 863,568,3365,892,3150
1075: 2522,172
1076: 4293,1674,1352,2544
4673: 495,487
1078: 603,4722,2389
1079: 1278,4476,4588,2258,1955
1080: 64,507,1606,3230,1588
1081: 4661,4497,441
1082: 948,346,3838,4158,4041
1083: 2414,2602,3852,82,2893
1084: 4574,1354,2695,2178,4351
1085: 
1086: 1867,2687,1662,1090
1087: 111,877,2704
1088: 4260,348,443
4806: 3584,541,2245
1090: 4803,1086,1662,3897
1091: 888,170,904,4316,2305,2306
1092: 872
1093: 4300
1094: 1787,4114,4120,2829
1095: 3142,3349,503,372,4213,1381
1096: 954,4354,439,1821,253,2577
1097: 1554,3428,4361
4588: 479,2258,4746,4476,2451,1079
1099: 1053,3645,2705,1150,2959
1100: 903,553,1566,1976
1101: 3520,780,191,560
1102: 
1103: 1227,459,1990,1016,1380,1496,215,1272
1104: 4544,2181,1747,3706
1105: 2034,1890,3317
1106: 2266,4668,971
1107: 
1108: 3477,575,3216,1363
1109: 849,2335,2637
1110: 2180
1111: 4056,4816,1338
1112: 2069,3328,3988,494
1113: 3171,2599,2070,1619,4350,2734
1114: 168,1883,4481,4577,2066
1115: 2396,391,3364
1116: 2350,2181,1413,1289,429
1117: 2008
1118: 1973
4629: 894,3150,355,2705
1120: 298,1170,3296,2794,1261
1121: 4737,3454,2319,2901
1122: 1430,79,3448
1123: 4239,12,3085,2981,2151
1124: 1634,4336
1125: 745
1126: 4095,119,547
1127: 1998,3136,3966,888,904,1181,1141
1128: 1236,4080
1129: 3452
1130: 4292,2428
1131: 566
1132: 3861
1133: 811,403,1226,4214
1134: 1341,1161,1712,2510
1135: 1584,2777,2998
1136: 865,317,4010,2547
1137: 4449,4648,1585,4466
1138: 2753,2032,755
1139: 3565,1961,675,1655
1140: 591
1141: 1181,888,1127,2306
1142: 
1143: 2838,1426
1144: 1863,2049
1145: 1008,2918,110,4050,3262,975
1146: 2224,1196,4057,1518,1255
4609: 4777,396,3522
1148: 1777,1758
1149: 1543,4094
1150: 4031,1231,2705,1099,2959
1151: 1680,2601
1152: 831,4206,2807,4485,1586
1153: 1018,3649
1154: 2722,251,2782
1155: 3913,3426
1156: 3334,4736,3858
1157: 231,4731,3099
1158: 
1159: 1199
1160: 138,4298,4016
1161: 1134,3337,971,1864,1712
1162: 3790,2215,1329
1163: 1839,3141
1164: 867,1858,782
1165: 2817,415,294,871,747,1241,244
1166: 980,318,1829,3874
1167: 4171,4722,367
1168: 2272,3706,4178,4377
1169: 
1170: 1120,3296,884,3525
1171: 
4784: 2534,4771,1939,3401
1173: 3862
1174: 730,663,905,640
1175: 98,1065,4434
1176: 100,3195,692,2401
1177: 1499,1829
1178: 2773,1267,101,4372,2768,2248
1179: 2176
1180: 1501,1780,1770,2719
1181: 3310,1141,1127,3966
1182: 960,2790,2765,1708
1183: 3881,2758,4207,4623,4709
1184: 4540,1769,1661,16
1185: 2373
1186: 2977
1187: 1611,2933,1564
1188: 1209,3437
4790: 4787,3663,873,2188
1190: 4194,720
1191: 4591,1459,3685,725
1192: 836,1248,3269,2444
1193: 3433
1194: 1418,891,4381,344
4592: 4779,2470,1740,1813
1196: 1146,3167,473,4535
1197: 4597,4277,1766
1198: 215,1272,3287
1199: 1159,1765
1200: 3144,144,956,4586
1201: 1268,3882,1245,2764,25
1202: 2106,1948,3225,3018
1203: 350,497,829,2720
1204: 1960,559,62
1205: 521,2305,4316,1461
1206: 1302,16,2241,2826,2848
1207: 2749,1597,3559
1208: 
1209: 1188,555,3334
1210: 
1211: 2051,2865,1063
1212: 272,1048,1038
1213: 30,1331
1214: 4565
1215: 3583,1419,1604
1216: 4678,2233,2076,2295
1217: 2323,2564
4635: 3413,2197
4679: 4819,2511,963,1699,1771
1220: 3764,3735,3978
1221: 4122,1589
1222: 3041,3661,2267
1223: 2442,4333,2730,1940
1224: 2143
1225: 4094,4030,1745
1226: 2375,4081,403,1133,3017,2002
1227: 4350,459,1103,1990,1016,3878
1228: 2117,1608,1588
1229: 326,1826,1793
1230: 2390,3752,335,1885,4513
1231: 349,3478,4031,1150,2959
1232: 2732,0
1233: 1857,2261
1234: 3458,4687,4049,2635,4027
1235: 483,2791,3013
1236: 1128
4431: 4759,3630,1443,1440,1896
1238: 1939,3401,575,1336,2269,1578
4770: 1410,2264,3037,513
1240: 618,2695,175,3065,3412,1475
1241: 747,3156,244,1165,588,365
1242: 743,4442,3504,4266
4463: 2605,2066,1551,1
1244: 2965
1245: 3882,1201,1392,25,1795,605
1246: 2287,2604,1937,3676
4754: 3017,407,2873
1248: 1192
1249: 1394,4627,455,3353
1250: 3506,185,3122
4703: 2607,4071,4773
1252: 1693,3486,413,4796
1253: 242,2980,2502
1254: 1639,251,938
1255: 4426,1146,4057,1518,2353
1256: 1873,3610,1432,2399,4174
1257: 3014,4258,4608
1258: 2524
4737: 4792,1121,2193,3454
1260: 2757,4062,3540,234,3980,1367,3557
1261: 4044,1120,2794
4479: 602,1605,1281
1263: 1048,2962,1038,168,2142
1264: 3025
1265: 935,3042,1679
1266: 1721,4822,345,2659,4785
1267: 2773,1178,3752,3020,4372
1268: 4129,1201,3849,25
4493: 3939,3240,197
1270: 4095,119,2602,1524,941
1271: 1800
1272: 752,3287,459,1103,215,1198
1273: 4717
1274: 
1275: 2249,456,2734,459,3878,4538
1276: 3321,4136,4804,2171,260
1277: 1767,3353,3941,507
1278: 50,1079,1955,1551
1279: 977,3919,4760,4279
4604: 4030,1330,37
1281: 4658,1681,4783,3400,4479
1282: 232,810
1283: 3634,3783,2398
1284: 935,2540
1285: 
1286: 
1287: 2006
1288: 3888,392,3280,4809
1289: 3262,429,1116,729,1413,4050
4653: 1611,1367,3557,4062,4314
1291: 1559,201
1292: 3778,2034,19
4585: 570,4208,3302
1294: 326,444
1295: 2825,953,4548,3173,2005
1296: 764,797,3963
1297: 98,1384,2869
1298: 4396,3119,2194
1299: 2378,378,3660
1300: 2546,1989
1301: 199,1390,3616
1302: 1206,16,3336,76,358
1303: 4277,2479,3107,4310
1304: 2049,986,4373,4765
1305: 1011,2842,4282,3431
1306: 973,3393,3321,260,4189
1307: 531,2415,2020
1308: 97,1580,1640
1309: 3322,3218
1310: 4093,48
1311: 4167
1312: 1855,368,1378
1313: 2947,2686,3846,4539
1314: 564,1431,3418,3812,3363,4810
1315: 2722,4319
1316: 1720,3202,3325,4198,3785
1317: 2815,112
1318: 841,3222
1319: 4005,868,4551,4161,3202
1320: 4787,3663,2625,3903
1321: 3815,3540,1546
4693: 1009,400,416,2841,69
1323: 1340,4007,3261,2463
1324: 556,2471,2847,2723
1325: 2022,3605,523
1326: 1841,3936,4129,4440
1327: 4291,2409,633,2250,1068,4739
4492: 1646,3016,1493,1943,1475,1860,4303
1329: 4214,1162,2873
1330: 1512,8,4604,3982,37
1331: 2042,1213
1332: 4298
1333: 476,1055
1334: 4169,2966
1335: 2150,946,2433
1336: 575,3216,719,3633,1238
1337: 2812,2915,4450,4211
1338: 2240,4816,1111
1339: 2565,3031,1887,4345
1340: 1323
1341: 1134,3337,4159,2510,1376,2129
1342: 3866,4018,3904,2381,3129
1343: 943,3333,2715
4758: 4064,4748,1726
1345: 4472,3699,1703,1979
1346: 3534,4551,124
1347: 630
1348: 2881,823,2182
1349: 2434
1350: 822,4749
1351: 4547,3236,3527,3243
1352: 4206,1076,1791
1353: 3207,3891
1354: 4574,1084,3016,1647,4351,3974
1355: 4364
1356: 
1357: 2413,4119,4186
1358: 2274
1359: 508,384,3565
1360: 3239,3765
1361: 
1362: 2947,2686,4344,1670,599,4811
1363: 4087,3216,3477,1108,39
1364: 
1365: 1035,3004
1366: 907,2023,370
1367: 4653,3557,1260,3980,2083
1368: 2270
1369: 1938,1774,1052
1370: 684,3494,2737,2058,4819,2259
1371: 
1372: 3811,1806,1520,308,1019
1373: 3583,4135
1374: 911,3410,1779,3091
1375: 1503,4357,4196,3975
1376: 2510,767,1341,2129,2864
1377: 4371,3487,2392,2908
1378: 1995,230,1312,1855,368
1379: 2645,1502,236
1380: 1496,3290,4193,1103,1016,215
1381: 5,372,2206,3142,1095,2898,2480
1382: 2836,2089,4558
1383: 1744
1384: 184,815,2869,1297
1385: 4195,3719,4611,3319,4124
1386: 3794,4724
4530: 628,3546,3285,4163
1388: 221,4128,1980,2072,4228
1389: 1652,2445
1390: 4537,4429,1301,3208,3616
1391: 1613,395,4436
1392: 25,2488,1245,605
4531: 4038,198
1394: 4627,1249,3353
1395: 3392,581,573,4580,3690
1396: 3108,4028,685,3176
1397: 654,4041,3188
1398: 4772,4414,2245,4576,2856,2678
1399: 2343,4781,4687
1400: 
4459: 1031,3163,2330,21
4562: 1733,3938,860
1403: 
1404: 1560
1405: 2478,4534,1862,433
1406: 3110,3310,593,551,4274
1407: 4820
1408: 4511,4205
1409: 866,2694,3398,3797
1410: 4770,2518
1411: 2067,1581,4441
1412: 2559,18,4643,2199
1413: 729,3734,4544,1856,1116,1600,1289
1414: 4680,1588,3230,943,3333
1415: 4053,2064,441,4052
1416: 3960,192,248
1417: 
1418: 3530,390,3231,1194,1844
1419: 4048,1215,1604,1441
1420: 3554,2162
1421: 995,3904
1422: 2268
1423: 1783,4014,2707,2886
1424: 1678,720
1425: 3200,1632,2106,3296
1426: 1143
1427: 4011,2573,4786
4769: 2795,2421,218
4696: 1731,2930,1877,4326
1430: 1122,3713
1431: 564,1314,936,4810,205,4123
1432: 3523,2399,85,4154,1256,4174
1433: 4636,4723,1032,4243,1926
1434: 2054,3326
1435: 
1436: 949,540,2654,1881
1437: 3475,3859,3045,4047,697
1438: 3096,3445,4164
1439: 4747,3255,3189
1440: 28,1443,4431,1896,1050
1441: 1604,3339,1419,3149
1442: 
1443: 2870,1962,4431,1440
1444: 
1445: 3924,2903,2649,1922
1446: 3753
1447: 1964,1814,1719
1448: 586,127,3800,4668
1449: 678,905,2028,1575
1450: 3546,3169,1842
1451: 4255
1452: 4613,4802
1453: 152,2702,4318,2001
1454: 1533,32,2218,4309,2900,1782
4471: 4439,514,2635,3744
1456: 3254,1602,4286,3940
1457: 3135,912
1458: 4330
1459: 1191,4591,3714,3685
1460: 4442,3949
1461: 2500,3665,4595,1205
4818: 3514,3762,3738
1463: 908,2985,2878,2462
1464: 3970,2094,228,4070,1782
1465: 3691,1604
1466: 2943
1467: 4752,1764,3711,4639
1468: 3080,515
1469: 2959,1853,4103,4590,4284
1470: 1696,4555,3291
1471: 2108,688
1472: 1511
1473: 2580,2747
1474: 4398,3071,3556
1475: 1943,3412,1240,2695,4574,4492,3016,1493
1476: 3801,3510,4714,3408,58
1477: 2644,1554
1478: 
1479: 3438,4586,956
1480: 4275
4510: 4425
1482: 762,105
1483: 2665
1484: 3234,2325,3660
1485: 3958,339,3617,2778,2114
1486: 2063,2601,1514,1773
4685: 2811,1053,3645,4124
1488: 971,1864,3979,4668
1489: 3627,1847,533,295
1490: 1680,4385,1891,4780
1491: 607,1657,4091
1492: 2421,4132,4348
1493: 4492,1646,3016,1943,1475,4574
1494: 2995,4274,4337,3436
1495: 243,2874
1496: 1380,1103
1497: 
1498: 4175,1668,668,3784
1499: 1177,3620,4061
1500: 603,4654,833
1501: 1180,1072,3024,1780
1502: 236,1379
1503: 2955,1375,3975
1504: 3594
1505: 
1506: 3925,938,3502
1507: 1795,583,3358,3047,3204,2370,1668
1508: 2940,2057,3937,3249
1509: 691
1510: 1062,3727,887,3112,3154
1511: 1472
1512: 8,1330,3833,2775,3982
1513: 2442,4451,3339,1957
1514: 1773,2120,1486
1515: 1957,711
1516: 1739,3447,111,3559,2749
1517: 4384,2301,3650,4697
1518: 2353,4535,1146,4057,4426,1255
4704: 1802,2595,1928,3343
1520: 3854,308,1683,1616,1372
1521: 4205,2668
1522: 4386,1577,89,4085
1523: 3895
1524: 2652,941,4634,1270
4782: 994
1526: 1595,2543,604
1527: 
1528: 3460,1046,679
1529: 519,3293
1530: 3046,310
1531: 4620,35,682
1532: 953,4548,2495,3754,727
1533: 125,1454,2218,2900,543
1534: 989,576,2015,3795
4712: 2131,4440,972
1536: 
1537: 3721
1538: 4401
1539: 3138,2072,3786,99,365,221
1540: 2465,3817,4313
1541: 4008,309,2512,633,4076
1542: 984,4649,3809,3901
1543: 1149,4094
1544: 4731,3099
1545: 3911,2623
1546: 3063,1321,3106
1547: 2648,2792
1548: 2226,940,2854,463
1549: 3205,3749,3270
1550: 4178,3842
1551: 4463,2066,1,50,1278
1552: 
1553: 2706,3295,4575,1833,4419
1554: 1097,1477,3428
1555: 1767,4234,2311
1556: 3527,71,4203,2841
1557: 3991,2454,2994,2960
1558: 3759,4815,4028,685
1559: 1291,201
1560: 1404
1561: 
1562: 2560,3395,2672,4665,1879
4624: 450,1930
1564: 3828,1611,3462,1187
1565: 3123,3134
1566: 2270,1100,570
1567: 2473,3420,795,341
1568: 
1569: 4212,3331,4580,3968,38
1570: 3485,2512,3164,4638
4690: 4808,676
4448: 642,4037,3096,4029
1573: 750,688
1574: 4699,2407
1575: 3768,3280,671,1985,2028,1449
1576: 
1577: 4686,213,375,2823,1522
1578: 2269,81,609,1939,1238
1579: 2254
1580: 1784,1308,6
1581: 512,4441,2325,1411,2067
1582: 991,4480,2806,3954,2453
1583: 451,3758,939,3102,933,4183
1584: 1135,3166
1585: 2255,4449,1137
1586: 1791,1152,4206,4485
1587: 3860,2709,3724,2793,4732
1588: 4680,1414,1080,3230,1228
1589: 4122,1221
1590: 3389,1847
1591: 2264,568,3581,614,548
1592: 3112,1984,3028,3323,4047
1593: 4153,3952
1594: 4397,854,3799,780
1595: 1526,335
4724: 653,1386,817
1597: 1207,2749,111,877
1598: 4458,143,469,2859
4643: 2664,4280,2199,1412,2559
1600: 3355,4222,4544,1413,3734
1601: 2752,3410,3933
1602: 280,4375,4412,1456,734,3940
1603: 
1604: 1441,1419,1215,1465
1605: 602,4479,3400,3046
1606: 3941,846,507,1080
1607: 3164,3417
1608: 49,340,889,1228,2117
1609: 4778,3324,4296
1610: 1982,2444,2079,72
1611: 4653,4314,2933,1564,1187
1612: 4336
1613: 1391,395,4436,1887
4815: 4028,1558,3759
1615: 
1616: 929,1683,4055,1520
1617: 4043,2676,3553,36,321
1618: 2647,3117,4192
1619: 2070,3775,1113,4350,1990
1620: 1888,3623
1621: 1902,3293
1622: 2730,1940,4451,3923
1623: 
1624: 2784,1975
1625: 
1626: 3212
1627: 4309,1782,296,4070,4313
1628: 2992,2402,2385
4793: 1834,4650,47
1630: 1015
1631: 4167,3145
1632: 1425,2934,1948,2106
1633: 3747,408
1634: 1124,2046
1635: 4017,431
1636: 4063,3048,705,541
1637: 2078,1063,3524
1638: 3896,506,4462,518
1639: 262,1254,251,4012
1640: 2122,97,1308
1641: 2853,438,1849
1642: 4605,1051,3011,3088,3855
4412: 280,4375,1602,620,3030
1644: 2774,2937
1645: 907
1646: 4492,3016,1493,4303,4102,3480,610
1647: 2121,4351,2101,1354,3974,4002
1648: 1020,3044,766,4390,4308,1927
1649: 550,1042,4071,4619,4142
1650: 890,2355,2204,2531
1651: 1850,3298,2383
1652: 4614,1389,2445
1653: 884,2205,193
1654: 2929
1655: 675,3565,1139,2632,2690
4817: 2960,2054,2232
1657: 396,3642,4091,1491,2441,2368
4582: 876,449,635,1845
1659: 4259,2095,3409,3969,141
4794: 174,4421,4096,2153
1661: 2241,913,16,1184,1769
1662: 2687,1086,1090,1909
1663: 
1664: 4777,599,4344,3745
1665: 4761,3352,87
1666: 
1667: 1843,3692
1668: 1498,1507,565,3047,668,3204,2814
1669: 624,4138
1670: 3846,2587,1005,4811,1362,2947
1671: 691,2743
1672: 142,45,2376
1673: 1007,3089
1674: 3377,513,161,1076
1675: 4206,3839,3689
1676: 3428,4361,882,1870
1677: 681,2119,402,4399,3530,3231
1678: 1424,4698,709,2228,2279
1679: 451,3042,939,2225,1265
1680: 1151,1490,2601,4385
1681: 4658,1281,601
1682: 4662,4019,328,2784,3258
1683: 3154,4055,887,1520,3854,1616
1684: 4121,3418,2410,136,2669,564
1685: 1042,4071,246,701,2607
1686: 2504,4324
1687: 3731,2659,4785,2416
1688: 3768,678
1689: 3749
1690: 4470,2134
1691: 
1692: 
1693: 1252,3486,312
1694: 4398,2303,4682
1695: 1881,2731,3744
1696: 1470,4555,918,95
1697: 4290,3628
1698: 2992,2949,363
1699: 963,2896,2833,4819,4679
1700: 1036,458,4820
1701: 
1702: 4359,2754,284,549,3772
1703: 745,1345
1704: 952,3546,3169,2603
1705: 615,4276,4172,705
1706: 40,475,3488,3109
1707: 557,222
1708: 3880,1182
1709: 4460,1798,761
1710: 
1711: 1073,3545,4086,950
1712: 3754,1134,1161,433,2510
1713: 1045,950,3985,4058,2641
4472: 1345,362,1979
1715: 3472,3704,322,2362
1716: 
1717: 715,2031,1971
1718: 535,2639
1719: 1447
1720: 3202,1316,2208,2928,4198
1721: 89,1266,4822,2717,2659
1722: 2392,4272,3035
4640: 4343,1970,4391
1724: 3725,4020,2469
1725: 3340
1726: 3963,4758,4748,2979
1727: 281,88
1728: 3022
1729: 130,2031,1903,376
1730: 2793,2822,2759,2204
1731: 4696,4082,1877
1732: 2627,4144,1993,2401
1733: 4562,3908,3938
1734: 3520
1735: 2143,3326
1736: 98,1065,3366,59,3472,3704
1737: 1761
1738: 2075
1739: 1516,3456,2383,3447,2076
1740: 4592,4779
1741: 2339,1775,784,949
1742: 2015,3976,584,2101,4455
1743: 2117,3374,3259,3108
1744: 1383,2299
1745: 2357,254,1225,4094
1746: 
1747: 4544,1104,2627,4144,3771
1748: 4046,2017,964,3608,783
1749: 3162,4304,3193
1750: 701,2080,246,1968
4757: 631
1752: 2208,4332,2280,871,4112
1753: 
1754: 3022,895
1755: 2622,3387
1756: 2914,1061
1757: 3292,3271,21,270
1758: 1148,4122
4424: 2556,3503,4155
1760: 
1761: 1737
1762: 4102,2629,2189,1919,2563
1763: 951,2475
1764: 1467,3711,1949
1765: 1866,1199
1766: 3128,1197,4597
1767: 1555,1277,2311,889,340
1768: 
1769: 1184,1661,155,913,3609
1770: 1180,2719
1771: 2308,3181,4679,963,4465
1772: 2799
1773: 559,1514,1486
1774: 312,84,1369,1052
1775: 1741,2339,823,3710,784
1776: 1831
1777: 1148,329
1778: 4580,3690,3968,3024,2968
1779: 3410,2677,2936,1374,911
1780: 726,1072,2213,1180,1501
1781: 2518
1782: 4309,1627,3970,1464,4070,1454
1783: 3251,1423,3408,166,2886,3801
1784: 2290,496,1580,445
1785: 567,4701,3712
1786: 4275,665,4430
1787: 1094,4114,4120,562,3064
1788: 2547,2280,3977,4112,153
1789: 4051,648,1882
1790: 4191
1791: 1586,1352
1792: 2515,2210,793,305,2748,3596
1793: 326,1229,2773,101
4660: 4036,4280,424
1795: 1507,583,3882,1245,3047,605
1796: 4561,2986,4434,2318
1797: 2251,2026
1798: 4716,4798,4602,1709
1799: 4549,224
1800: 2257,1271
1801: 2577,2162
1802: 4704,2476,2579
1803: 4464,345
1804: 2618,751,961,3449,4179
1805: 2226,3306,781
1806: 1372,3811,929,2969
1807: 
1808: 2879,430,960
1809: 509,1912
1810: 3250,2155,4092,2583,4251
4515: 4255
1812: 2491,4364
1813: 237,2470,3275,4592,4779
1814: 3929,1964,1447,2685
1815: 3212,3193,169
1816: 224,303
1817: 
4764: 3147,257
4491: 2087
1820: 323,4261,133,4054
1821: 4354,1096,2850
1822: 2175,2029,3338
1823: 4004,3402,2993
1824: 992
1825: 3441
1826: 1229
1827: 3001,2370,2210,2099
4792: 4737,2193,313,2579
1829: 318,848,1166,1177
1830: 222
1831: 1776,2380
1832: 
1833: 1553
1834: 4793,669
4504: 4366,3952
1836: 4185,2102,4263
4651: 2086,3737,3841
1838: 890,3812,48,3363
1839: 1163
1840: 1029,3667,493,2426,4488,4165
1841: 1326,4231,255,3936
1842: 2981,2151,1450,3169
1843: 1667,196,4397,23
1844: 1418,390,3807
1845: 635,4751,1000,4582,876,257
1846: 4155
1847: 1489,3389,1590
4762: 2263,2058,2317,293
1849: 2013,3601,2853,1641
1850: 2295,1651,2383
1851: 372,4213,2206,2566,2056,26
1852: 3207,3137
1853: 1469,2959,4103,4284,2038,4042
1854: 270,3139,2889,3292,3955
1855: 3763,3302,1312,1378
1856: 1413
1857: 2261,1233
1858: 867,3810,1164
1859: 658
1860: 2872,1943,4492,4303
1861: 3254,734,3820,4259
1862: 1405,433,953,727
1863: 1144,2049
1864: 971,1488,3979,9,1161,3337
4736: 465,1156,3858
1866: 3373,1765
1867: 1086,3779
1868: 1967,2439,4365
1869: 4776
1870: 2123,219,1676,882,1932
1871: 2613,3461,2830,3893,3227
1872: 1015
1873: 1256,3610,2399,204,3432,3097,3647
1874: 2443,2691,481,85
1875: 253,4813,3517
1876: 192
1877: 1731,4696,4326
4732: 2355,1587
1879: 677,4536,4665,1562
1880: 3670,4657,3186,2484
1881: 1010,1695,1436,529
1882: 466,3468,648,1789
1883: 1114,2066,4210,2501
1884: 2968,4312,3024
1885: 3211,2938,2390,1230,335
4417: 4649,83,2328
1887: 1339,3031,4436,1613
1888: 3623,57,1620,4691
1889: 2740
1890: 2034,1105
1891: 4780,1490,1960
1892: 468,4741,703
1893: 4532,4804,4194,4271
1894: 130,4325,2030,715
1895: 3421,3564
1896: 4138,4759,4431,1440
4676: 
1898: 3174,2025
1899: 
1900: 3857,3683,3058
1901: 448,4753
1902: 1621,3165
1903: 920,376,1729
1904: 3307
1905: 864,2097,3820,252,2473
4775: 3922,1991,1992,687,3654
1907: 495,3390,243
1908: 662
1909: 3886,3962,1662,917
1910: 1003,898,2632,203
1911: 
1912: 509,1809,1015
1913: 2638
1914: 2637,4671
1915: 3980,2083
1916: 4607,3856,4230,3727
1917: 653,722,3190,4598,2772
1918: 3826,3883,3649
1919: 2189,3087,1762,2563
4701: 3712,1785,1982
1921: 371,1044,394
1922: 3580,2649,2003,1445,2464
4574: 1084,1354,2695,1475,3016,1493
1924: 698,3986,273,2153
4503: 3641,1959
1926: 4243,2078,1433,4636,2346
1927: 3775,1648,4390
1928: 3343,4242,2319,4704,2595
1929: 3162,2554,2320
1930: 3043,450,2023,4624
4494: 3358,216,2520,544
1932: 4546,2193,1870,3454
1933: 4590,3547,2017
1934: 4075,2701,4287
4681: 
4423: 
1937: 2436,532,2287,1246
1938: 770,4173,3933,1369
1939: 3401,1238,4784,1578
1940: 2730,1622,2442,4451,1223
1941: 223,4576,3292,3607
1942: 
1943: 3412,1475,1860,4492,1493
4408: 1989,162,4519
1945: 4385,2282,3369
1946: 257,4751,2002
1947: 2304,4543,3736
1948: 3475,3225,1632,2106,1202
1949: 1764,2197
1950: 863,894
1951: 301,426
4536: 1879,677,3233,4665,3785
1953: 3378,3317,4747
1954: 3890,3798,2966
1955: 4577,3404,1278,1079
4698: 325,2228,4464,1678
1957: 1515,1513,4451,357
1958: 322,432
1959: 3745,3641,4503,450
1960: 1204,559,1891
1961: 3565,1139,2130,3030,3618
1962: 2870,1443,28
1963: 266,2132
1964: 3929,1814,1447,3223,4098
1965: 517,4773,937,4766,2526
1966: 741
1967: 1868,2439,3228
1968: 4125,4196,1750,839
1969: 1012,3677,3232,968
1970: 4038,4640,4391,4360
1971: 1717,2152
4648: 4449,3183,1137,4001
1973: 334,3109,1118
4809: 155,913,3592,1288,3280
1975: 1624,497
1976: 2737,903,1100,553,3494
1977: 1057,3474
4434: 4561,2986,1796,1175
1979: 4472,1345
1980: 4128,1388,4228,733,3771
1981: 4512,36,4143,3324
1982: 1610,2444,4701,3708
1983: 812
1984: 2803,2688,1592,3028
1985: 2751,3899,671,2738,2028,1575
1986: 2744,3903
1987: 886,533,295,3399
1988: 
1989: 4408,1300,162
1990: 4350,1227,1103,1016,3775,1619
1991: 3922,4775,4611,3654
1992: 4547,687,3236,3922,4775,4823
1993: 3873,2401,2127,1732
1994: 925,2854,2861
1995: 2842,1378,230,4282
1996: 4287,3444,1013,3177
1997: 3145,426
1998: 1127,3136,57,888,904
1999: 4253,492,4322
2000: 3384
2001: 4318,2503,2702,1453,102
2002: 3017,4081,1226,1946
2003: 3893,3227,2464,1922
4462: 2526,4023,518,1638
2005: 3081,3173,1295,774
2006: 1287
2007: 3942,46
2008: 1117
4632: 3613
4445: 2809,510,2077,4437
2011: 2524
2012: 2044,3061,3702,4096
2013: 1849,121,3601,2646,419
2014: 3279,4361
2015: 3976,584,1742,1534,2697,3795
2016: 
2017: 4046,1748,3884,3547,1933
2018: 338,3079,4772
2019: 2113,1001,2712,4542,3636
2020: 3045,3028,1307,531,4305,545
2021: 1058,1028
2022: 3713,1325,523
2023: 3043,1930,907,1366
2024: 2102,3451,4369,2552
2025: 3174,1898,897,3354
2026: 1797,3564
4489: 2802,3742,4523
2028: 3855,1985,1575,1449
2029: 3543,1822
2030: 130,1894
2031: 715,1717,1729,130
2032: 1138,755,2756
2033: 476,2834,644
2034: 1890,19,1105,1292
4547: 1992,687,3236,1351
4638: 3417,1570,2512,309
4518: 4285,4682,3816,134
2038: 4284,3347,4042,1853,2811
2039: 2640,3591,2147,2714,3792
2040: 
2041: 4054
2042: 1331
2043: 4750,3478
2044: 3061,2012,3702,2097
2045: 
2046: 1634
2047: 428,732,4746
4440: 3849,1326,4712,4129,972
2049: 1304,4765,1144,1863
2050: 4004,3166,2902
2051: 1211,2865,5,2480,3158
2052: 4587,134,4637,3966,3110,2958
4621: 381,3106,3916
2054: 1434,67,2232,4817
2055: 
2056: 3691,3350,1851,2566
2057: 1508
2058: 2263,4762,1370,4819
2059: 3352
2060: 2274,3060
4729: 2243
2062: 4048,1067,3284,3149
2063: 623,2601,425,1486
2064: 4053,1415,3889
2065: 3373
2066: 2605,4463,1551,1114,1883,2501
2067: 1411,2325,1581,2590
2068: 4229,4803,622,2830
2069: 1112,3328,121,3657,4571
2070: 1619,3722,4024,3171,1113
4777: 2877,599,1664,4609
2072: 3138,1539,4228,221,1388,2672
2073: 
2074: 3064,2221
2075: 4488,4165,1738
2076: 2295,1216,4678,1739
2077: 4154,4628,4437,4445
2078: 1637,3644,4243,1926
2079: 3269,1610,2444,2756
2080: 2374,246,2597,1750
2081: 2522,3021
2082: 
2083: 3980,1915,1367
2084: 2116,4597,4310
2085: 
2086: 4651,3737
2087: 4491,405
2088: 2711,4559,2125,4108
2089: 3650,188,4697,2836,1382,4558
2090: 2319,2901,4199,2395,3266,4242
4583: 2903,2649
2092: 4473
2093: 
2094: 2880,1464
2095: 698,3409,1659,594
2096: 3288
2097: 864,1905,132,252,2044,3061
2098: 3161,4728,4680,3374,943,3496
2099: 305,2623,1827,2210
2100: 3372,3619,3715,3746,3262,429
2101: 1647,2121,4351,4455,3976,1742
2102: 2024,3451,2523,1836
2103: 2291,3367,2123,219,2395
4467: 3569,4033,3735
2105: 3912,2797,3393,2379
2106: 1202,1948,1425,3200,1632
2107: 3871,3992,470,3383
2108: 1471,3747,408
2109: 2647,145
2110: 3201,581,3331,527,2391
2111: 3790,3228,50,1
2112: 3845
2113: 263,2019,3964
2114: 689,486,2778,522,1485
2115: 3251,2985,4014
2116: 2084,4597,3128,2150
2117: 1228,3374,1743,1608,3875
2118: 2342,4256
2119: 681,1677,3530,4589,723
2120: 3876,1514
2121: 1647,4351,2101,3974,4002,3976,4147
2122: 1640,6
2123: 1870,219,882,3367,2103
2124: 
2125: 3185,2642,2088,3718
2126: 157,3807,891,2547,3534
2127: 3873,4162,1993
2128: 863,2589,2198
2129: 1341,4159,4725,1376
2130: 620,3030,3687,1961
2131: 2609,2310,4712
2132: 1963,3098
2133: 3315,2563,4118
2134: 2172,1006,1690
4627: 1394,1249,3956,4443
2136: 974,3750,2419,3357,3806
2137: 4595,2859,2191,4468
2138: 3130,3214
2139: 585
2140: 3873,4162,2298,99,221
2141: 
2142: 547,4496,1263,1038
2143: 1224,3326,1735
4639: 2956,516,2972,1467
2145: 3453,521,380,4388,3414
2146: 4789,314,4244
2147: 2039,2714,2737,2511,2259
4780: 1891,1490,3752
2149: 82,2893,3675,2652,398
2150: 946,1335,2116
2151: 2981,1842,4239,1123,49,3085,3875
2152: 106,1971
2153: 273,4794,3986,1924
4466: 3705,1137,2973
2155: 3250,1810,4137,801,4251
2156: 3196,924,258,2683,2936
2157: 1040,2175,628,708
2158: 693,4541
2159: 268,4469,4132,4669
2160: 2338,572,990,820,125,2890
2161: 3848,2711,2270,4108,570
2162: 1420,3943,1801
2163: 
2164: 3167,2986,2224
2165: 738,4321,4294
2166: 
2167: 3669,4306,3955,673,2419,332
2168: 3355,3734,173
4801: 2484,4727,1012,4723
2170: 717,526,4413,2954
2171: 260,449,4804,1276,876
2172: 2134,1006,1061
2173: 86
2174: 4742,3273,4362
2175: 1040,2157,1822,3338,708
2176: 1179,3664
4465: 649,1771
2178: 750,1084,2769
2179: 2596,37,3160,3982
2180: 718,1110
2181: 1104,3706,4377,1116
2182: 3704,59,1348
2183: 4267,3517
2184: 39,3477,617
2185: 3275,4470
4517: 4823,2424,71
2187: 3423,3621,4527
2188: 873,4790,2369
2189: 652,1919,319,1762,2629
2190: 3367,3279,882
2191: 2137,4595
2192: 
2193: 4546,1932,313,4792,4737
2194: 3119,1298
2195: 4250,3474
2196: 2612
2197: 3972,4635,1949
2198: 3002,2589,2500,2128,863
2199: 2277,2408,2581,4643,1412,18
2200: 805
2201: 
2202: 4300,837,3548
4561: 2986,4434,1796,2318,2911
2204: 3567,1730,2822,890,1650
2205: 884,1653
2206: 372,1851,26,2926,1381,5
2207: 2856,3655,4253,492
2208: 588,1752,4332,2928,1720,3202
2209: 407
2210: 2515,1792,3001,1827,2099,305
2211: 3428,277,4546
2212: 3095,791,4659,2477
2213: 2485,3959,1780,726
2214: 
2215: 2608,2451,3790,1162
4705: 3035,3198,504,2908
2217: 2530,4289,3278,2584
2218: 32,4404,1533,1454,543
2219: 4133,3568
2220: 73,3866,3672
2221: 2074,4429
2222: 2673,1041,524
4671: 2637,777,178,1914,4151
2224: 1146,2615,3167,2164
2225: 3709,1679,939
2226: 1805,1548,3306,772,940,2854
2227: 858,3632,3774,806
2228: 325,4698,709,2574,1678
2229: 297,2990,2818,3287,446,962
2230: 4805,4057,3069
4545: 94
2232: 2994,2054,4817
2233: 276,1216
2234: 
4644: 4634,1038,4496
2236: 106
4600: 3849,4450,972
2238: 
2239: 4508,2362,742,3710,3199
2240: 1338,4816
2241: 818,3199,1661,41,1206
2242: 759,4173
2243: 4729
4617: 3321,4136,4688,2256
2245: 4772,4414,1398,4806,3584,530
4572: 
2247: 3423,601,2347
2248: 3856,2768,1178,101,4372
2249: 1275,456,2734,2599,4626,4633
2250: 2409,633,4618,1068,1327
2251: 1797
2252: 562,195
2253: 2708
2254: 1579,2358,2897
2255: 1585,4237
2256: 4617,4688
2257: 1800,4146,3943
2258: 4588,479,2608,2451,1079
2259: 4819,2511,2737,1370,3494,2147
2260: 2486
2261: 1857,2492,1233
2262: 4411
2263: 4762,2058,2973,2896
2264: 568,1591,3037,3175,3581,4770
2265: 3277,2522
2266: 2495,1106,4668,3800
2267: 2904,3661,1222,4484
2268: 3845,2798,1422
2269: 1578,81,1238,575,3056
2270: 1368,1566,2161,4108,570
2271: 706
2272: 1168,100,4178
2273: 2417,3638
2274: 4745,2060,1358,3060
2275: 2885,1001,2712,2536,4584
2276: 4060
2277: 2199,2408,2581,3379,4416
2278: 
2279: 3600,4297,1678
2280: 1788,4112,153,1752
2281: 485
2282: 1945,2920,11
2283: 3991
2284: 4276,2465,615
2285: 3504,382
2286: 3402,369
2287: 1246,3289,2604,3603,1937,289
2288: 3389,3189
2289: 821,3943,4146,4349
2290: 1784,3518,932,445
2291: 2103,4199,2395,2972
2292: 3542,638,2626,778
2293: 3379,247,3083,3044,4308
2294: 3116
2295: 2076,1850,1216
2296: 
2297: 3863,1017
2298: 99,2990,962,4162,2140
2299: 1744
2300: 2380,999
2301: 4384,1517,4218,22,3650,2813
4661: 1081
2303: 4285,4682,1694
2304: 1947,694
2305: 521,1205,4316,1091,380,2306
2306: 380,888,1091,2305,1141
2307: 314,3788,2543,4244
2308: 3036,2682,3181,1771
2309: 552,352,3564,983
2310: 2609,2131,4766,4051,506
2311: 78,1555,1767,889,3085,340
4740: 4405,922,4505,156,2561,4394,498
2313: 4312,2860,2613
2314: 
2315: 3229,2428
4474: 79,4115,4380
2317: 293,4237,4762
2318: 3298,3456,4561,1796,2911
2319: 2090,2901,1121,1928,4242
2320: 3371,1929
2321: 3458,2343,2789,3182
2322: 
2323: 1217,2805,2924
2324: 2997,2671
2325: 1484,3234,1581,2590,2067
4728: 3161,2098,4680,3374
2327: 2535,404,3793,484,263
2328: 83,4417
2329: 4524,3930,3609,3768
2330: 921,21,4459,2889
2331: 3473,4084
2332: 
2333: 3029
2334: 3405,697,4055,3475
2335: 3307,1109
4707: 3544
2337: 1013,4645,2397
2338: 2160,572,990,3312,4622
2339: 1741,1775,2742,823,2895
2340: 3653,831,2807
2341: 3098,638
2342: 2118,4256,3615,3804
2343: 1399,4687,2321
2344: 3987,3048
2345: 3300,3000
2346: 3883,1926,1063,4636
2347: 602,2247,3423,209,2761
4778: 3324,36,321,1609
2349: 2684
2350: 3715,1116,429
2351: 3434,3510,170
4553: 
2353: 1518,2967,4426,1255,2751
2354: 764,797
2355: 4296,4732,1650
2356: 
2357: 621,1745,2596
2358: 3939,2254,197,2897
2359: 2597,4339,491,4125
2360: 4529,2504
2361: 
2362: 4508,2239,1715,742
4594: 
2364: 704,4475,4578
2365: 283
2366: 587
2367: 967,3113
2368: 3604,2441,1657,3642
2369: 772,2188,925
2370: 3204,3358,1507,1827
4551: 4161,1346,3534,4005,1319
2372: 31
2373: 1185,2396
2374: 965,2080,3513,2597,3674
2375: 4081,403,1226,2404,2809,2919
2376: 142,3740,1672,2466
2377: 3597,4327,4695
2378: 4290,1299
2379: 973,3393,2105
2380: 2300,4040,999,1831
2381: 1342,3866,3129
2382: 2951,3445,4204,2673,714
2383: 1739,3456,1651,1850,3298
4540: 1184,785
2385: 2402,440,2992,1628,363
2386: 3950
4437: 2077,4445,403
2388: 
2389: 830,603,1078,4261
2390: 1230,3369,3211,1885
2391: 857,527,2110
2392: 1722,3035,1377,3487,2908
2393: 3230,3811,846
4549: 1799,4014,2985
2395: 4199,219,2103,2291,2090
2396: 1115,2373
2397: 4204,3813,4645,2337,2951
2398: 1283
2399: 1432,3523,3432,1256,1873
2400: 
2401: 1993,1176,1732,4144
2402: 2385,3346,1628,707
4799: 486,2778,218,2795,268
2404: 2375,4081,2919,2716
2405: 4190
2406: 2639
2407: 1574
2408: 2277,2199,2581,3722,4416,4024
2409: 2250,4618,4254,901,1068,1327
2410: 3418,3567,2822,1684,4569
2411: 2840,15
2412: 2675
2413: 3532,1357,4119
2414: 1083,3852,803,3815
2415: 3947,2803,1307
2416: 4170,1687,4785
2417: 3638,2273
2418: 105,3611
2419: 3357,332,3669,2167,4218,2136
2420: 4655,304,4709
2421: 1492,4348,2795,4769
4748: 4064,4758,1726,2979,2621
2423: 3671,199
2424: 4517
2425: 
2426: 3667,3709,2456,4733,1029,1840
4496: 547,2142,1038,4644
2428: 2315,1130
2429: 329,4001
4419: 4345,1553,3295
2431: 3338,368
2432: 3679,4500,117,778
2433: 3128,3132,1335
2434: 3666,1349
2435: 70
2436: 1937,916,917,3603,3886
4502: 4689
4427: 3808,367,133,2685,3242
2439: 1967,1868,2605,4365
2440: 
2441: 3604,2368,607,4821,1657,331
2442: 1513,1223,292,1940
2443: 1874,2804,3523,85
2444: 1610,1982,1192,2079,3269
2445: 1652,2527,1389
2446: 3845,2798
2447: 4346,2643
2448: 4352,2648,3621,4527
2449: 3720,140
4789: 2146,314,2493,17
2451: 2215,2608,3647,4588,479,3097,2258
2452: 2699,842
2453: 3954,3671,1582,2806,4067
2454: 1557,2994
4659: 290,2477,3095,2212
2456: 4733,677,2426,1029,4207
2457: 3117,4215,4176,717
4576: 1941,4772,1398,3607,2856
2459: 3476,4363,4221,2553,679
2460: 4461,3303,4143,3324
2461: 4093,4107,4257
2462: 411,2878,1463,2985
2463: 4007,1323
2464: 2968,2003,3580,573,1922
2465: 1540,3817,2284
2466: 2767,3740,2376
2467: 194
2468: 181,3121,3120,3829,4088
2469: 4020,820,1724
2470: 4470,3275,4592,1813
2471: 1324,2723,658,2836
2472: 
2473: 1567,252,1905,3820
2474: 376
2475: 1763
2476: 4244,2579,1802
2477: 290,4659,3095,2212,3011
2478: 1405,4534,433,3640
2479: 2779,437,1303
2480: 2898,4593,1381,5,2051,3158
4495: 129,2978
2482: 3783,3396
4796: 1252,4374,3089
2484: 4801,3573,3186,1012,1880,4657
2485: 2213,3014,3959,4486
2486: 2260
2487: 1033,4564
2488: 1392,2915,565
4663: 4142,550,937
2490: 762
2491: 4364,1812
2492: 3203,2261
2493: 4789,3470,17
2494: 
2495: 2266,1532,4548,3754
2496: 4655,3993,3513,2508,4339,3674
2497: 2535,404,4219,229,373,217
4533: 3403,3332
4718: 4340
2500: 1461,3497,2198,3002
2501: 1883,2605,2066,4210
2502: 431,3625,242,1253
2503: 4318,746,2001,102,3342,614
2504: 2829,1686,4529,2360
2505: 
2506: 4126
4508: 2362,2239,3710
2508: 3513,173,2496,4655
2509: 1035,651,3555
2510: 767,1376,1712,1134,1341
2511: 4819,4679,2259,2147
2512: 3485,1570,4638,1541,4076
4725: 239,4159,3042,3758,2129
2514: 914,755,2551
2515: 2210,1792,793,3001,3188,305
2516: 3039
2517: 3442,2863
2518: 1410,1781
2519: 4098,835
2520: 606,4494,544
4425: 4510
2522: 2081,1075,172,2265
2523: 2102,3451,3844
2524: 2011,1258
2525: 4113,2929
2526: 4766,4462,937,1965
2527: 3585,2445
2528: 2719,38,3968
4730: 
2530: 2217,3726
2531: 4296,1650
2532: 
2533: 4476,732,3468,2568
2534: 4784,4812
2535: 2497,2327,404,217,484
2536: 2275,2712
2537: 3951,4027,3051
4516: 814
2539: 3049
2540: 3438,4586,1284,935,3556
2541: 
2542: 4111,4197
2543: 1526,4362,2307
2544: 3464,1076
2545: 4239,4110,952
2546: 4649,1300,3187
2547: 1788,1136,2126,157,4010
2548: 
2549: 989,2570,317
2550: 
2551: 4669,2514
2552: 278,3153,4369,2024
2553: 3252,4221,2459,2825,4548
2554: 3818,1929
2555: 4610
2556: 4424,3503,4155
2557: 2763,3998
4422: 4022
2559: 1412,68,4079,4643,4554
2560: 3395,1562,2672,4228,733,832
2561: 156,4740,922,3823
2562: 4188,921,3153
2563: 2133,1762,3087,1919,610,3777
2564: 1217,3022
2565: 1339,3031,4345
2566: 1851,4213,3350,3877,2056
4580: 3690,1778,1395,581,1569,3331
2568: 3468,2533,3404
2569: 995,4018
2570: 4238,989,2851,2655,2549
2571: 2922,477,298,2794
2572: 235,4708
2573: 4011,1427,4786
2574: 258,556,325,2228
2575: 3773
2576: 
2577: 104,1096,1801
4488: 2075,3667,493,1840,4165
2579: 2476,4792,1802
2580: 395,1473
2581: 2277,2199,2408,18,4726,4024
2582: 3051,3458,3182,152
2583: 4092,499,619,3250,1810,3526,4251
2584: 2217,3278
2585: 799,3386
2586: 
2587: 1670,3846,1005,3544
2588: 4702,4190
2589: 3245,548,2128,2198
2590: 2325,2067
2591: 3643,2910,3238
2592: 471,2725
2593: 414,1045,2642
2594: 3885
2595: 4704,1928,3343
2596: 2179,2357,621,836
2597: 4339,3674,2359,2374,2080
4447: 1034
2599: 3171,1113,816,2249,2734,4633
4497: 979,3375,441,4435,1081
2601: 2063,1486,1151,1680
2602: 1270,119,941,2893,1083
2603: 4241,1704,107
2604: 2287,1246,3289,3924
2605: 4463,2066,1,2439,2501
2606: 764,3867,957,3613
2607: 701,839,4071,1685,4703
2608: 2215,2451,2258,3790
2609: 2131,2310,255,2736,517
2610: 810,4017
2611: 3278,625
2612: 353,2196,4340
2613: 3461,2830,1871,3227,2313
4442: 1460,3504,1242
2615: 2911,3069,3559,2224
4687: 3458,1234,4049,1399,2343
2617: 3909,3764,4260,3172
2618: 1804,3965,751,961
2619: 2833,587,579,103
4538: 459,1275,752,2818
2621: 3518,4748,3915,932
2622: 1755,3387
2623: 2099,2814,1545
2624: 3843
2625: 3663,4413,2954,4245,1320
2626: 2292,778
2627: 1732,4144,4128,1747
2628: 2971,2949,3034
2629: 4303,1762,4102,2872,319,2189
2630: 656,932
4766: 2526,1965,517,2310,506
2632: 898,1655,1003,1910
2633: 3046,602
2634: 3490,3032,769
2635: 4049,4027,4471,3744,1234
4714: 3408,58,2726,1476
2637: 4671,1109,1914
2638: 1913
2639: 946,2406,1718
2640: 3591,2039,3792,4282,4015
2641: 4334,3985,1713,4603
2642: 3185,4058,2125,2593
2643: 2447,4346,3256
2644: 1477
2645: 1379
2646: 3897,2013,3601,419
2647: 2109,1618
2648: 2448,1547
2649: 3580,1922,1445,2903,4583
2650: 4082,4812
2651: 4642
2652: 1524,941,3675,2149,2893
2653: 3689,496,1026
2654: 1436,540
2655: 421,2570,2851,3697
4468: 2886,303,2137,2859
2657: 655,4584,3271,1031
2658: 4477
2659: 3731,4085,1687,89,1721,1266,4785
2660: 100,3195,3465,3964,3842
2661: 3602,467
2662: 2721,3257,3937,3249
2663: 3528,3542,3537
2664: 4079,3657,4571,4643,4036
2665: 1483
4416: 3722,4390,4308,3379,2277,2408
2667: 4281,4807
2668: 1521,3130
2669: 136,2819,4121,1684,4322
2670: 4542,3842,4428,3636
2671: 3656,2324
2672: 2560,1562,4665,3138,2072,4228
2673: 2222,3445,2382,4164
2674: 3313,4652,3694
2675: 2412,4040
2676: 3553,1617,2858,342,36
2677: 2683,756,2936,3933,1779
2678: 2856,4414,1398,699,3655
2679: 
2680: 3464,3615
4529: 2360,2504
2682: 2308
2683: 2677,756,2936,2156,924
2684: 2349
2685: 3242,4642,4427,3934,3808,133,1814
2686: 1362,2947,4344,1313,3641,3745
2687: 4670,1662,1086
2688: 1984,2803,4216,4607
2689: 4249,4473
2690: 1003,3906,1655,4662
2691: 1874,826,2804
2692: 996,3070
2693: 4164
2694: 4126,1409,3797
2695: 845,1240,3412,1475,4574,1084
4752: 1467,4073,3190
2697: 2015,584,3795
4625: 484,3964,725,3465
2699: 2452
2700: 771
2701: 4075,1934,4287
2702: 3182,1453,4797,2001
2703: 
2704: 877,3525,1087
2705: 1099,4629,1150,355
2706: 1553,4575
2707: 224,303,4014,1423,2886
2708: 2253
2709: 1587,3860,3724,4043
2710: 4029
2711: 3848,2161,2088,4559,4108
2712: 2885,2275,1001,436,2536,2019
2713: 
2714: 3591,2039,2147,661,2737
2715: 942,131,1343,3333,664
2716: 4271,2919,2404
2717: 4822,4376,188,1721
2718: 
2719: 2528,1770,1180
2720: 4480,2976,808,1203,829
2721: 3257,2662,3937,627
2722: 1154,1315,2782
2723: 1324,2471
2724: 4443,4362,3788,3956
2725: 1056,95,2592
2726: 4714,58,1046,774,53
2727: 
2728: 4097
4612: 
2730: 1622,1940,4333,1223,65
2731: 2744,540,4439,1695
2732: 4297,2776,1232
2733: 
2734: 2249,1275,3171,2599,1113,4350,3878
2735: 3516
2736: 255,3283,4773,517,2609
2737: 1976,1370,3494,2147,2714,2259
2738: 3899,1985,3088
2739: 3435,851
2740: 1889
4480: 2720,2976,2806,1582
2742: 823,2895,2339
2743: 1671
2744: 2731,1986,10
2745: 2805
4747: 2838,1439,1953
2747: 142,3740,1473
2748: 4019,1792,793,3687
2749: 1207,1597,1516,111,3069,3559
2750: 2989,3879,3841
2751: 3899,671,1985,2353,2967,4426,392
2752: 1601,3091,3912,460
2753: 1138,4132
2754: 4359,1702,3551,284
2755: 
2756: 2079,2032
2757: 1260,3552,3989
2758: 1183,1022
2759: 3133,699,1730,2793
2760: 175,3550,2922,477,789,618
2761: 209,3701,2347,4254
2762: 4220
2763: 370,3998,2557
2764: 3882,1201,3536
2765: 1182,2790
4606: 3562,391,3221,4114,3064
2767: 765,2466,625
2768: 3856,2248,1178,4372,4230,4742
2769: 791,3253,2178
2770: 2866,529,2878,358,908
2771: 242,3067,3625
2772: 4598,3343,722,1917,653
2773: 1267,1178,101,1793
2774: 1644
2775: 4719,3833,302,1512,8,1071
2776: 4194,4297,720,2732
2777: 2998,1135
2778: 486,4799,268,2114,1485
2779: 2479,15
2780: 107
2781: 3589,1050,3473
2782: 4275,2722,1154
2783: 
2784: 328,3743,1682,1624
2785: 857,3079,223
2786: 
2787: 3083,189,4557,247
2788: 2970,632,190,4109,131
2789: 2321,4797
2790: 960,1182,2765,4433,356
2791: 1235,483
2792: 4527,919,1547
2793: 1730,1587,3860,2759
2794: 1120,298,2571,4044,1261,590
2795: 4769,2421,4799,218
4522: 
2797: 3912,460,2105
2798: 2268,2446
2799: 1772
2800: 802
2801: 2824
2802: 4489,3433
2803: 1984,2688,4216,2415,3947
2804: 3908,2443,2691
2805: 2745,2924,2323
2806: 4480,1582,2453,558,4067
2807: 4485,1152,831,2340
2808: 
2809: 2919,4445,0,2375
2810: 3246
2811: 728,4685,2038,4042,3922
2812: 1337,2915,4211
2813: 3650,188,2301,4376,22
2814: 3204,1668,2623
2815: 4295,3027,1317
4744: 3162,4304,4012,4039
2817: 1165,415,297,2990,244
2818: 752,3287,4538,2229,446
2819: 136,3217,2669,936
4822: 4558,345,2717,1721,1266
4649: 2546,4417,1542
2822: 1730,3133,4569,2204,2410,3567
2823: 3335,4270,375,1577
2824: 2801
2825: 1295,4548,2553,3173,679
2826: 2848,1206,2866,358
2827: 2948
2828: 4394,498,3575,3050
2829: 2504,1094
2830: 2613,3461,927,1871,2068
2831: 4215,923,717,526
2832: 3840
2833: 963,1699,2896,2619,3181,103
2834: 644,3953,2033
2835: 2945
2836: 4697,1382,2089,2471
2837: 
2838: 4747,1143
2839: 3488,965,246
2840: 437,2411,15
2841: 3527,4203,1556,69,4693,400
2842: 1995,230,4282,4670,1011,1305
2843: 
2844: 
2845: 3729,442
2846: 
2847: 1324,556,3217,3196
2848: 2826,41,1206
2849: 3151,2975,281,4370
2850: 302,4519,4354,1821
2851: 3910,2570,2655,3697
2852: 4082,4812,624,802
2853: 1641,3779,1849,3601
2854: 940,1994,772,2226,1548
2855: 3265
2856: 2678,2207,4576,1398
2857: 4381,344,3979,580
2858: 3817,2676,342
2859: 2137,469,4468,1598
2860: 3014,927,2313
2861: 3751,10,925,1994
2862: 4364,423
2863: 2517,2943
2864: 767,1376,4100
2865: 5,2926,2051,1211
2866: 2770,529,2826,358
2867: 46
2868: 3350,670
2869: 815,3366,1384,184,1297
2870: 1443,1962,3077,3630
2871: 4063,922,4276
2872: 1860,4303,2629
2873: 407,1329,4754
2874: 1054,1495,243,3390
2875: 63,141,2983,594,4771
4723: 1433,1032,4801,4727
2877: 4777,599,4811,482
2878: 76,358,2770,1463,2462
2879: 1808,3656
2880: 2094,3448,600,2892,680
2881: 823,1348
2882: 2935
2883: 
2884: 
2885: 2275,1001,2712,4584,3836
2886: 4468,1783,1423,2707,303
2887: 3545,4086
4411: 2262
2889: 270,3139,1854,2330,21,3191
2890: 543,2160,3799
4575: 2706,1553,3295
2892: 3970,2880,680
2893: 82,2149,2652,941,2602,1083
2894: 
2895: 1037,3903,2742,2339
2896: 963,1699,2833,2263
2897: 2358,2254,86,197
2898: 2480,3582,4593,3142,1381
2899: 
2900: 4309,296,1533,125,1454,990
2901: 2090,2319,3454,1121
2902: 2050,3166
2903: 3417,1445,2649,4583
2904: 2267,114,3661,3599
2905: 
2906: 
2907: 
2908: 504,2392,4705,4371,1377,3391
2909: 3602
2910: 3643,3396,2591
2911: 2615,2318,3447,4561,2986
2912: 
2913: 3611,4171
2914: 1756
2915: 1337,2812,2488,272
2916: 3563
2917: 3549,995
2918: 1008,1145,110,475,975,3487
2919: 2809,0,2716,2375,2404
2920: 983,352,11,2282
2921: 1041
2922: 2571,477,2760,3550
2923: 
2924: 2805,2323
2925: 3548,3125,691
2926: 3524,26,2206,2865,5
2927: 
2928: 588,2208,3156,1720,4198
2929: 2525,1654
2930: 4696,3945,3965
4599: 3761,3286
2932: 879,3900
2933: 4314,1611,1187
2934: 1632
2935: 2882,4237
2936: 2677,2683,2156,911,1779
2937: 1644,501
2938: 3211,1885,604
2939: 3125,3115,4563
2940: 1508
4657: 1880,3670,2484,3573,3737
4569: 4121,3133,2822,2410
2943: 2863,1466
4458: 1598,746,469,3245,3497
2945: 2835
4451: 1513,1957,1622,1940
2947: 1362,2686,1313,1670,3846,4811
2948: 2827
2949: 2971,363,2628,1698
2950: 3972,683,3887
2951: 2382,4204,2397
4535: 1518,1196,473
2953: 
2954: 2625,4413,526,2170,3651,4245
2955: 3268,1503,503
2956: 4639,3206,516,2972
2957: 
2958: 843,3110,2052,134
2959: 1469,1853,1150,1231,1099
2960: 4817,2994,1557
2961: 3294,4100,3816,775
2962: 1048,1263,4481
2963: 649,4015,3431
2964: 886,612
2965: 1244
2966: 4065,1334,4169,1954
2967: 4426,227,2353,2751,3899
2968: 2464,1884,573,3690,1778
2969: 3299,55,3811,1806
2970: 2788,190,3299,55,4109
2971: 2949,363,2628,440,3034
2972: 4199,2291,4639,2956
2973: 293,4466,3705,2263,3501
4670: 2687,2842
2975: 2849,3151,281
2976: 2720,4480,991
2977: 1186
2978: 4495
2979: 792,1726,4748
2980: 3089,1253
2981: 1842,2151,4239,1123,3169
4577: 4481,3404,1955,1114,168
2983: 594,2875,4771
2984: 4245,3651
2985: 1463,2462,4549,4014,2115
2986: 4561,4434,1796,2911,2164
2987: 4821,331
2988: 
2989: 2750,3659,3879,400
2990: 297,2229,2817,962,244,2298
2991: 858,3632,4062,80,4314
2992: 1628,3220,1698,2385,363
2993: 3402,3560,4004,1823
2994: 2232,2960,1557,2454
2995: 1494,235,4708,4101
2996: 3397,4197
2997: 2324,483
2998: 4552,3170,2777,1135
4476: 2533,4588,4746,1079
3000: 577,2345,3300
3001: 654,1827,3188,2515,2210
3002: 2198,2500,3665
4618: 2409,2250,4076,4254,4674
3004: 1365
3005: 3825,4003,3884,3009
4589: 723,2119,3530,344
3007: 3309
3008: 3165,4052,979,441
3009: 3005,4046,3884,333
3010: 383
3011: 1642,4605,1051,290,2477,3531
4432: 3187
3013: 814,1235
3014: 2860,1257,4608,2485
3015: 923,4016,815,3957
3016: 4492,1646,1493,1475,4574,1354,3974
3017: 4754,2002,1226
3018: 3225,929,3405,1202
4628: 2077,4154,510,481,85
3020: 4513,4372,1267,4742
3021: 2081,172,3441
3022: 1728,2564,1754
3023: 781
3024: 4312,1884,1501,1778
3025: 1264
4446: 
3027: 4295,2815
3028: 3045,2020,1984,1592
3029: 2333
3030: 2130,4375,4412,3618,1961
3031: 2565,1339,1887,4436
3032: 769,2634
3033: 
3034: 3306,2971,2628
3035: 4705,2392,1722
3036: 2308
3037: 2264,568,4770,3377,3365,513
3038: 3413,3802,993
3039: 2516
3040: 4396
3041: 1222,4315
3042: 451,3758,1679,4725,1265
3043: 1930,120,2023
3044: 1020,1648,3083,2293,4308
3045: 2020,3028,4047,545,3859,1437
3046: 1530,2633,3400,1605
3047: 565,605,1507,1795,1668
3048: 1636,4063,4405,2344
3049: 981,2539
3050: 4166,447,4505,3575,2828,498
3051: 2582,3951,2537
3052: 3620,4061
3053: 3809,3424,4262,113
4430: 3193,4275,1786
3055: 924,4330
3056: 2269,81,158
3057: 994,3375
3058: 3652,3683,1900
3059: 4454,3126,4620
3060: 2060,2274,4745
3061: 2044,3986,2012,2097
3062: 
3063: 1546,410
3064: 2074,1787,4606,562
3065: 3412,175,632,1240
3066: 3612,3697,3827,3910
3067: 2771,1052
4678: 1216,2076
3069: 2615,3559,2749,2230
3070: 2692
3071: 775,3556,1474
3072: 3403,3160
3073: 579,103,4111,4352
3074: 4066,4315,287,3542
3075: 
3076: 
3077: 3107,4310,500,2870,3630
3078: 3277
3079: 338,2018,2785,857
3080: 1468
3081: 3173,2005,679,1046
3082: 
3083: 2787,189,2293,247,3044
4443: 2724,887,4627,3854
3085: 49,340,78,2311,12,1123,2151
3086: 472
3087: 1919,766,2563
3088: 3855,2738,1642,4605
3089: 1007,4374,4796,2980,1673
3090: 
3091: 2752,3410,1374
4750: 4388,2043,3665,3453
4695: 1056,918,2377,95
3094: 
3095: 3756,2212,4659,2477
3096: 1438,4029,4448,642
3097: 479,204,1873,3647,2451
3098: 3537,2341,2132
3099: 4731,1544,1157
4709: 3723,1183,2420
3101: 4774,3369,3210,11
3102: 896,528,3758,1583
3103: 381,3852,82,695
4565: 462,490,3631,1214
4527: 2792,2448,2187
3106: 803,381,4621,1546
3107: 4310,500,3077,1303,844
3108: 4028,1396,1743,3161,4557
3109: 1706,1973
3110: 1406,2958,3966,2052,3310
4791: 274,3180,3114
3112: 1592,1510,3323,3154
3113: 3521,2367
3114: 743,3180,4791
3115: 3716,2939
3116: 3313,2294
3117: 2457,1618,4176,4192
4686: 4006,1577,213,3198,375
3119: 2194,324,1298
3120: 3829,2468,4088
3121: 181,2468
3122: 1250
3123: 1565
3124: 948,795
3125: 3905,2939,3548,2925
3126: 4487,3059,4454,3457
3127: 452,4267
3128: 3132,1766,2116,2433
3129: 458,1342,2381
3130: 2668,2138
3131: 706
3132: 3128,625,2433
3133: 2759,2822,4569
3134: 1565
3135: 987,1457,3917
3136: 1127,1998,3966,4637
3137: 434,1852,3207
3138: 1539,2072,4228,3786,4665,2672
3139: 270,1854,2889,332,3191
3140: 
3141: 3327,409,1163
3142: 3349,1095,372,1381,2898,3582
3143: 4800
3144: 1200,144,956,1067
3145: 1997,1631,805
4820: 1407,1036,1700
3147: 4764
3148: 
3149: 3284,2062,1441,3339
3150: 892,161,1074,4629,894,355
3151: 2849,2975,4370
4414: 2245,1398,978,530,699,2678
3153: 2552,2562,921,4369
3154: 1683,4055,3112,1510,887,3323
3155: 3167,1065,473
3156: 747,1241,588,2928
3157: 4677
3158: 2480,4593,2051
3159: 
3160: 4719,3833,3982,2179,3072
3161: 4728,2098,4557,3374,3496,3108
3162: 1749,4744,1929,4304
3163: 4428,3836,4383,1031,4459
3164: 3676,1607,919,1570
3165: 3008,1902
3166: 2050,4004,1584,2902
3167: 2164,3155,2224,1196,473
4584: 655,2657,2885,2275,3836
3169: 1450,3546,952,1704,2981,1842
3170: 27,4552,2998
3171: 4726,4024,2599,1113,2070,2734
3172: 2617,4260
3173: 3081,2005,679,2825,1295
3174: 1898,2025
3175: 977,3919,269,3581,2264
3176: 247,1396,685
3177: 1996,3444,1013
3178: 3780,422,550,334,4409
4783: 3400,310,3397,4658,1281
3180: 4266,382,3114,274,4791
3181: 2308,1771,963,2833
3182: 2702,3458,2321,2582
3183: 4449,4648,4001,835
3184: 3692,3782,374
3185: 2642,4058,2125,3360,3543
3186: 912,1012,3232,1880,2484
3187: 4432,2546
3188: 3907,1397,654,3001,2515,793
3189: 3293,1439,2288
3190: 722,4073,4752,1917
3191: 3357,332,3139,2889,3750
3192: 4013
3193: 1815,1749,4430
3194: 3778,90
3195: 100,2660,692,1176,3465
3196: 205,2156,556,2847,258
3197: 
3198: 4705,4686
3199: 818,2241,2239,3710,41
3200: 1425,2106,298,3296
3201: 2110,4578,1034
3202: 1720,1316,3325,2208,868,1319
3203: 2492
3204: 2814,2370,1507,1668
3205: 4022,1549
3206: 2956,516,1014
3207: 3891,1353,3920,1852,3137
3208: 3562,1390,4429
3209: 3460,411,4209
3210: 4368,11,4342,3101
3211: 2938,1885,4774,3369,2390
3212: 1815,490,1626
3213: 369,837
3214: 2138,343
3215: 
3216: 575,1336,1363,1108
3217: 136,2819,936,2847
3218: 1309,3322,174,4421,834
3219: 
3220: 2992
3221: 3624,4114,4606,391
3222: 4045,683,1318,4217
3223: 1964
3224: 
3225: 1948,3475,3405,1202,3018
3226: 
3227: 3893,2003,2613,1871
3228: 3790,2111,1967
3229: 2315
3230: 2393,1080,1588,1414
3231: 1418,390,66,1677,402
3232: 1969,1012,968,3186,912
3233: 4198,4665,4536
3234: 1484,2325
4786: 782,1427,2573,867
3236: 1992,4547,687,4823,1351
3237: 3588,3666
3238: 2591
3239: 3765,1360
3240: 4493,197
4615: 4803,3962,4229,4402
3242: 2685,4642,3695,4427,367
3243: 3527,4203,1351,437
4571: 2664,3657,2069,3328,4036
3245: 2589,3497,746,4458,548
3246: 2810
4810: 3363,1431,1314,205,4123
4797: 3493,2789,2702
3249: 827,2662,3937,1508
3250: 1810,2155,4092,2583
3251: 1783,2115,3408
3252: 4221,2553,3272,3800
3253: 2769
3254: 1861,1456,4259,3969,4286
3255: 3378,1439
3256: 4346,2643,452
3257: 2721,2662,627,765,535
3258: 675,3906,4019,4662,1682
3259: 3875,1743
3260: 
3261: 4007,4477,1323
3262: 1289,975,429,3372,2100,1145
4509: 
4645: 435,2337,2397
3265: 2855,147
3266: 4199,2090,4242,722,4073
4774: 3101,3369,171,3211
3268: 2955,3877,670,503
3269: 2079,3403,1192,2444
3270: 1549,3749
3271: 1031,2657,1757
3272: 3728,3800,3252,4221
3273: 4230,2174,4742,1062,3727
4525: 4356
3275: 2185,2470,4470,1813,237
3276: 
3277: 2265,3078
3278: 4289,2217,2611,2584
3279: 882,2014,2190,3367
3280: 671,392,1288,4809,1575
3281: 
3282: 
3283: 255,2736,4231
3284: 3149,2062
3285: 4530,4163
3286: 4599
3287: 1272,752,2818,1198,297,2229
3288: 3880,2096
3289: 2287,2604,289,3924
3290: 1380,4406,3910,215
3291: 1470,4017,918,4077
3292: 1757,1941,270,1854
3293: 3189,1621,1529
3294: 2961,4100,767,3640
3295: 1553,4575,4419,4269,148
3296: 1120,298,1170,1425,3200
3297: 4231,3975
3298: 2318,1651,3456,2383
3299: 2969,55,2970,4109
3300: 2345,3000
4722: 4171,1167,1078
3302: 3763,1855,4208,4585
3303: 2460,4160,848
3304: 
4475: 2364,704,3575,4078
3306: 3034,772,1805,2226
3307: 849,2335,1904
3308: 4278,917,916
3309: 662,3007
3310: 1181,593,1406,3110,387
3311: 137
3312: 4622,296,2338,990
3313: 2674,3116
3314: 3667,493,3438
3315: 2133,4616,4118
4726: 4024,3171,2581,18,816
3317: 1953,3378,1105
3318: 420,3586,940,463
3319: 4124,3464,1385
3320: 
3321: 4617,4136,1276,4688,3393,1306,260
3322: 1309,3218,844,1009,500
3323: 4047,697,3112,1592,3154
3324: 4778,4143,1981,2460,1609
3325: 3202,1316,868,3785,4733
3326: 2143,1735,1434
3327: 3141,4232,879
3328: 1112,2069,494,4036,4571
3329: 186,3535,4356
3330: 
3331: 4212,1569,527,4580,581,2110
3332: 4533
3333: 943,1343,1414,942,2715
3334: 1156,1209
3335: 838,2823,4270
3336: 1302,16,76
3337: 1341,1161,1864,896,9,4159
3338: 2431,2175,1822,708
3339: 1441,3149,1513
3340: 1725
3341: 3415,387,593,551,3571
3342: 977,4760,102,2503,269
3343: 1928,4704,2595,2772
3344: 980,3894,4257
3345: 508,4700,203
3346: 2402,707,434
3347: 4284,2038,3505,4823
3348: 
3349: 3142,1095,3803,3582
3350: 3691,2868,2056,2566
4413: 2625,2954,2170,3720
3352: 87,2059,4761,1665
3353: 455,1394,1249,1277
3354: 897,2025
3355: 2168,832,1600,4222,34,3734
3356: 
3357: 2419,332,3191,3750,2136
3358: 4494,1507,583,2370
3359: 809,3708,164,72
3360: 3543,3185,4058,107,4334
4800: 194,3143
3362: 299,3999
3363: 4810,3812,1838,1314
3364: 199,1115
3365: 3377,513,568,3037,1074,892
3366: 815,2869,1736,3957,59
3367: 2190,3279,882,2123,2103
3368: 4482,3913,3426
3369: 4774,3101,1945,2390,3211
3370: 531,4305
3371: 2320
3372: 3844,3619,2100,3262,975,4272
3373: 1866,2065
3374: 2117,1743,4680,3161,4728,2098
3375: 979,4497,994,3057,4435
3376: 4706
3377: 3365,1674,513,3037,892,161
3378: 1953,3317,3255
3379: 2293,4416,2277
3380: 
3381: 983,4368
3382: 15,502
3383: 470,2107
3384: 2000
3385: 4341,4720
3386: 2585,3425,3664
3387: 2622,1755
3388: 3867
3389: 2288,1847,1590
3390: 495,1907,1054,2874,243
3391: 4371,504,2908,3832,4270
3392: 4578,1395,581,4078,704
3393: 973,2379,1306,2105,3321,4688
3394: 3917,3670
3395: 2560,1562,733,1022,304,832
3396: 2910,2482
3397: 2996,3889,4658,4783
3398: 3797,866,1409
3399: 886,1987,3845
3400: 4783,310,1281,1605,3046
3401: 1939,1238,719,4784,4771
3402: 749,2993,1823,369,2286
3403: 3072,4533,3269
3404: 4481,4577,1955,2568
3405: 929,2334,3475,3225,3018
3406: 4706,578
3407: 
3408: 4714,58,166,3251,1783,3801,1476
3409: 2095,132,1659
3410: 1779,1601,3091,3933,1374
3411: 3605,4739,3823,4776
3412: 3065,1943,1475,1240,2695
3413: 4635,3038,3802,988
3414: 4223,2145,380
3415: 4201,3341,3571,3825,4003
3416: 474
3417: 4638,2903,1607,309
3418: 2410,3567,1684,136,564,1314
3419: 204,3432,860
3420: 795,598,1567
3421: 1895
4823: 4517,3347,1992,3236
3423: 2247,2187,2347,787
3424: 3809,3053
3425: 3742,3386
3426: 1039,3368,3913,1155
4470: 1690,2470,2185,3275
3428: 2211,1676,1097,1554
4771: 4784,2983,2875,719,3401
3430: 4646
3431: 2963,1305
3432: 204,3419,2399,1873
3433: 2802,1193
3434: 2351
3435: 2739,951,591,851
3436: 843,1494
3437: 206,1188,486
3438: 4586,2540,935,3314,493,1479
3439: 4317
3440: 4220
3441: 4631,3021,1825
3442: 2517,4099
3443: 3831
3444: 1996,3177
3445: 2382,1438,4164,2673
3446: 1003,991
3447: 1739,1516,3456,2911
3448: 2880,1122,79,600
3449: 4179,1804,751
3450: 
3451: 2024,2102,2523,3844,3619
3452: 3662,1129,327
3453: 2145,521,3665,4750
3454: 219,1932,4737,1121,2901
3455: 3600
3456: 1739,2383,3447,2318,3298
3457: 682,4487,3126
3458: 4687,1234,2321,2582,3182
3459: 
3460: 3209,1528,4209
3461: 2613,2830,1871
3462: 1564,3828
3463: 777,178,3958
3464: 2680,2544,3319
3465: 2660,3195,692,3964,4625,725
3466: 804
4591: 1191,1459,3714
3468: 1882,2568,648,732,2533
3469: 
3470: 2493
3471: 3822,3746,3830,4178
3472: 1715,3704,322,1065,1736
3473: 4331,4084,2331,2781
3474: 1057,1977,4250,2195
3475: 1948,3859,1437,3225,2334,3405
3476: 2459,785,3930,4363
3477: 1108,1363,2184,39
3478: 1231,349,2043,4031
4642: 2685,3242,2651
3480: 3974,4002,3769,1646,610,3777
3481: 
3482: 3916,410,829,808
4428: 3163,3836,4383,3636,1001,2670
4745: 2274,3060
3485: 1570,2512,4674,787,4076
3486: 1252,1693,312
3487: 1377,2918,475,2392
3488: 2839,40,4252,1706
3489: 630
3490: 3732,2634
3491: 3736
3492: 33,77,4079,3657,68,4554,878
3493: 4797,4760
3494: 684,1370,553,1976,2737,2259
4808: 4511,4690,676,4205
3496: 511,943,3161,2098,189
3497: 3245,4458,469,2500
3498: 812
4559: 3848,2711,2088
4765: 4373,1304,2049,806
3501: 2973,3705
3502: 1506
3503: 2556,4424
3504: 2285,4442,1242
3505: 3608,4103,964,4284,3347
3506: 185,1250
3507: 
4634: 4644,1524
4816: 261,1111,2240,1338
3510: 1476,58,2351
3511: 
4566: 126
3513: 173,2508,2496,3674,2374,965
3514: 4818,3762,563
4819: 2511,4679,2259,1370,2058,1699
3516: 2735
3517: 1875,2183
3518: 2621,932,2290
4454: 3059,3126
3520: 780,1101,3984,560,1734
3521: 3113
3522: 396,3642,4609
3523: 1432,2399,2443
3524: 4499,2926,3644,1637
3525: 884,1170,2704
3526: 4528,2583,499,4251
3527: 3243,71,4203,1556,1351,2841
3528: 2663,3537
3529: 4273
3530: 1418,2119,1677,4589,344
3531: 66,282,4399,1051,3011
3532: 2413
4814: 483
3534: 1346,2126,157,4551
3535: 3329,186
3536: 561,643,167,2764
3537: 3098,3528,2663
3538: 
3539: 522
3540: 234,1321,1260,3980
3541: 1035,4084
3542: 2292,3074,4315,287,2663
3543: 3360,2029,3185,4058
3544: 2587,4707,3558,378
3545: 4086,2887,1711,950,817
3546: 1450,3169,1704,4530
3547: 3825,4201,385,1933,2017,3884
3548: 2925,3125,3905,837,2202
3549: 2917
3550: 2760,175,2922,477
3551: 3615,3804,3719,4359,2754
3552: 2757
3553: 4043,2676,1617
3554: 1420,619,1064
3555: 362,3770,2509
3556: 3071,4586,2540,1474
3557: 4653,1367,1260,4062,3980
3558: 3544,378
3559: 3069,2615,1516,1207,2749
3560: 2993
3561: 735,4620
3562: 4606,391,3208
3563: 2916
3564: 552,2309,2026,1895
3565: 1961,1139,1655,1359
4511: 4808,1408
3567: 3418,2204,2410,2822
3568: 3871,2219
3569: 4467,4033,370
3570: 
3571: 551,3415,3341,4003
3572: 406
3573: 2484,4727,4657,712
3574: 
3575: 3050,4475,2828
3576: 554
4760: 977,3342,1279,3493
3578: 
3579: 4189,753
3580: 573,2649,1922,2464,4078
3581: 269,614,3175,2264,1591
3582: 2898,3142,3349
3583: 1373,1215
3584: 705,4311,541,4806,2245,530
3585: 2527
3586: 420,3318,463,4012
4658: 1681,1281,3397,4783
3588: 3237
3589: 2781,624,802
4691: 4534,1888,3623,4587
3591: 2640,2039,2714,661,3792,3763
3592: 4809,913,569,818
3593: 1013,3813
3594: 1504
3595: 3694
3596: 328,1792,305
3597: 753,4224,2377
4514: 181
3599: 2904
3600: 2279,4297,3455
3601: 2013,1849,2853,3779,2646
3602: 2661,467,2909
3603: 3886,3962,2436,289,4402,2287
3604: 2441,2368,3642,331
3605: 3411,4739,1325,523
3606: 4281
3607: 3955,673,1941,4576
3608: 3505,964,1748,783
3609: 155,3768,1769,2329
3610: 1256,1873,811,3647
3611: 2913,2418
3612: 3066,3827,294
3613: 4632,957,2606
3614: 
3615: 3804,3551,2680,2342,3719
3616: 1301,1390
3617: 3958,1485,4469
3618: 285,384,4375,3030,1961
3619: 3844,3372,2100,3822,3451
3620: 3052,703,1499,4061
3621: 2448,2187
3622: 1039,348
3623: 1888,1620,4534,4691
3624: 3221,4700
3625: 431,2502,2771,242,379
3626: 3959,4486,4596,930
3627: 1489,4053,533,612
3628: 1697,4290
3629: 3999
3630: 4759,4431,500,3077,2870
3631: 4565
3632: 858,2991,2227,225,3774,80
3633: 4286,3969,63,719,1336
3634: 1283,4767
4593: 2898,2480,3158
3636: 4428,2019,1001,4542,2670
4795: 906,3804
3638: 2417,2273
4966: 3976
3640: 2478,4534,3294
3641: 2686,4344,3745,1959,4503
3642: 396,1657,3604,2368,3522
3643: 4034,2910,2591
3644: 3524,3996,4243,2078
3645: 1053,1099,4685,4042
4548: 2825,1532,1295,2553,2495
3647: 2451,1873,3610,3097
4767: 3862,3634
3649: 1153,1918,3826
3650: 2813,2089,188,2301,1517,4697
3651: 526,2954,2984
3652: 3058
3653: 2340,1006
3654: 4775,1991,453
3655: 699,2678,2207
3656: 2671,2879,1027
3657: 4079,2664,4571,2069,121,3492,33
4804: 4532,1893,4271,1276,1000,876,2171
3659: 2989,1009,174,4096
3660: 378,1299,1484
3661: 233,1222,2904,2267
3662: 88,3452,327
3663: 2625,3720,4790,1320
3664: 3386,2176
3665: 1461,3453,3002,4750
3666: 2434,3237
3667: 3314,493,2426,1840,4488
4755: 
3669: 4306,2167,2419,4384
3670: 1880,4657,3394,3737
3671: 2453,4067,2423
3672: 73,2220
4677: 3157
3674: 2597,4339,2496,3993,3513,2374,965
3675: 3911,2652,398,2149
3676: 3164,919,1246
3677: 1969,968,3923,1032,210
3678: 804
3679: 2432,266
4727: 4801,3573,4723,4180,712
4646: 3430
4519: 2850,162,4408,4354,439
3683: 3773,3058,1900
4486: 3959,3626,20,2485
3685: 874,446,1191,1459
4541: 693,2158
3687: 2130,2748,4019
3688: 
3689: 2653,4206,1675
3690: 4580,1778,2968,573,1395
3691: 1465,3350,2056
3692: 3184,1667
4426: 2967,1255,227,1518,2353,2751
3694: 3595,2674,4652
3695: 367,3242
3696: 
3697: 3066,3827,2851,3910,421,2655
4803: 1090,4615,3897,2068,4229
3699: 1345
4421: 174,4794,3218,834
3701: 209,2761,4254,901
3702: 3841,2044,2012
3703: 
3704: 1715,3472,2182,1736,59
3705: 4466,2973,3501
3706: 1168,4144,2181,1104,4377
3707: 186
3708: 531,1982,72,3359
3709: 2225,4733,2426
3710: 41,4508,2239,1775,3199
3711: 1467,1764,4086,1073
3712: 4701,567,1785
3713: 2022,1430
3714: 217,931,4591,1459
3715: 4377,2350,3746,429,2100
3716: 3115
3717: 
3718: 4208,2125
3719: 4195,1385,3615,3551
3720: 2449,3663,4413
3721: 1537,4177
3722: 4416,4390,2408,2070,4024
3723: 198,4709,4573
3724: 1587,2709,4043
3725: 1724
3726: 4289,45,2530
3727: 1062,1510,4230,3273,1916
3728: 3272,214,663,586,3800
3729: 2845
3730: 
3731: 4085,2659,1687,4785
3732: 3490,3984
3733: 289,4402,4229,3893
3734: 729,1413,2168,3355,1600,4323
3735: 3764,1220,4467,3978
3736: 3491,1947
3737: 4651,2086,3670,4657
3738: 220,4818
3739: 
3740: 2747,142,2376,2466
3741: 462,3994,169
3742: 4523,3425,4489
3743: 4444,4106,328,2784
3744: 646,4471,1695,2635,4027
3745: 1959,2686,4344,3641,1664,986
3746: 3822,3471,3715,4377,2100
3747: 1633,408,2108
3748: 
3749: 1689,636,1549,3270
3750: 278,3357,3191,3806,2136
3751: 2861,10,4439,514
3752: 1230,4780,1267
3753: 1446,4220
3754: 1712,727,2495,1532,433
4481: 4577,3404,2962,1114,168
3756: 3095,584,66
3757: 249
3758: 451,3042,1583,3102,239,4725
3759: 1558,494,4815
4664: 457,537
3761: 4599
3762: 4818,3514,686,4570
3763: 3792,1855,3302,661,3591
3764: 1220,3735,2617
3765: 3239,669,1360
4436: 1613,1391,3031,1887
4717: 1273
3768: 1688,1575,3609,678,4524,2329
3769: 4002,3480,989,576,4147
3770: 362,3555,4169
3771: 4222,1980,4544,1747
3772: 549,1702
3773: 3683,2575
3774: 225,3632,2227
3775: 1619,1927,4616,4193,1990,1016
3776: 
3777: 610,3480,2563,4238
3778: 3194,1292,19,90
3779: 2853,708,1867,3601
3780: 422,3178,4023
4563: 749,2939
3782: 3184
3783: 1283,2482
3784: 668,1498
3785: 1316,3325,4198,677,4536
3786: 3138,1539,99,365
3787: 783,4009,987,333
3788: 314,2307,4362,2724,3956
3789: 
3790: 2111,3228,1162,2215,2608
3791: 
3792: 3763,661,2640,3591,2039
3793: 436,2327,404,263
3794: 1386,4110,817
3795: 2015,1534,2697
3796: 792
3797: 3398,2694,1409
3798: 3890,1954
3799: 854,2890,1594
3800: 1448,3272,3728,3252,2266
3801: 1476,1783,3408,166
3802: 4340,833,3413,3038
3803: 4231,3349
3804: 3615,3551,2342,4795,4359
3805: 485
3806: 4185,278,3750,974,2136
3807: 2126,4010,1844,891
3808: 4427,133,2685
3809: 3901,3053,3424,1542
3810: 1858
3811: 1372,1806,846,1019,2969,2393
3812: 890,1838,1314,3363
3813: 4204,2397,3593
3814: 4485
3815: 1321,803,2414
3816: 2961,4587,134,4518
3817: 1540,2465,2858,296
3818: 781,2554
3819: 1014
3820: 864,1905,2473,4259,1861
4633: 4626,2599,816,2249
3822: 3471,3746,3830,3619
3823: 4776,2561,3411
3824: 379,992
3825: 3547,3005,3415,4201,385,4003
3826: 1918,3649
3827: 3612,3066,3697,421,3977
3828: 1564,4320,3462,694
3829: 3120,589,2468
3830: 3822,3471
3831: 3443
3832: 4409,4371,3391
3833: 4719,3160,2775,3982,1512
4532: 1893,4804,4194,4136
3835: 4099,636
3836: 4428,3163,2885,4584,1031
4578: 3392,581,2364,704,3201
3838: 346,1082,3907,4041
3839: 513,1675
3840: 2832,824
3841: 3702,4651,2750
3842: 4542,2670,100,2660,1550
3843: 2624
3844: 3372,3619,3451,2523,4272
3845: 2268,3399,2112,2446
3846: 1670,2587,4539,2947,1313
4590: 1933,349,1469
3848: 2161,2711,3887,4559
3849: 4440,4600,1268,4129,25
4713: 
3851: 4288,737,287
3852: 82,2414,1083,381,3103,803
3853: 
3854: 1520,308,887,4443,1683
3855: 3088,2028,1642,905
3856: 2768,2248,1916,4607
3857: 1900,454
3858: 4500,4736,1156
3859: 3475,1437,3045,545
3860: 1587,2709,978,2793
3861: 320,4684,1132
3862: 4767,1173
3863: 2297
3864: 827
3865: 389,238
3866: 1342,3904,2220,2381
3867: 957,3388,2606
4603: 952,4110,3985,2641
3869: 4719,4137
3870: 1028,4235
3871: 2107,3568
3872: 
3873: 4162,2140,1993,2127,221
3874: 318,1166
3875: 49,2151,2117,3259
3876: 2120,595,425
3877: 3268,4213,2566,503
3878: 4350,1227,459,1275,2734
3879: 788,4355,2750,2989
3880: 1708,3288
3881: 1183,4207
3882: 1245,2764,1201,1795,605
3883: 2346,4636,474,1918
3884: 2017,3547,3005,3009
3885: 3973,2594
3886: 3603,1909,3962,917,2436
3887: 683,2950,3848
3888: 1288,432,569
3889: 3397,2064
3890: 3798,1954
3891: 3207,1353,4807
4720: 3385,910
3893: 3227,2003,3733,1871
3894: 3344,4395,4257,1033
3895: 1523
3896: 4051,648,1638,506,732
3897: 2646,4803,1090
4498: 4034
3899: 2751,671,1985,2967,2738
3900: 879,2932
3901: 3809,1542
4716: 1798,4798
3903: 2895,4787,1320,1986
3904: 1342,3866,542,1421
3905: 3125,837,3548
3906: 675,3258,4662,2690
3907: 3188,3838,793,620
3908: 2804,838,1733
3909: 2617,4260
3910: 2851,3290,4406,3066,3697
3911: 1545,3675,4175,4444
3912: 2797,460,2752,2105
3913: 761,1155,4482,3368,3426
3914: 4167,805,799
3915: 4064,1002,4279,2621,932
3916: 3482,4621,350,829
3917: 3394,987,3135
3918: 
3919: 977,3175,1279,4279,212
3920: 3207
4453: 672
3922: 4775,1991,2811,728,1992
3923: 1622,3677,210
3924: 1445,3289,2604
3925: 1506,420
4749: 822,1350
3927: 
3928: 
3929: 1964,1814
3930: 785,4524,4363,2329,3476
3931: 3950
4441: 1581,512,1411
3933: 2677,756,770,1938,3410,1601
3934: 133,2685
4544: 1104,1747,4222,3771,1600,1413
3936: 1841,1326
3937: 2721,2662,1508,3249
3938: 428,1733,4562,860
3939: 2358,4493,197
3940: 285,1456,1602,4286,976
3941: 846,1606,1019,1277,507
3942: 2007,812,46
3943: 821,2289,4146,2257,2162
4781: 1399
3945: 2930,3965
3946: 435
3947: 2415,444,4216,2803
4512: 342,1981,4622,4020
3949: 743,1460
3950: 2386,3931
3951: 2537,3051
3952: 4366,4504,1593
3953: 2834
3954: 2453,1582
3955: 673,3607,1854,2167
3956: 4627,314,3788,2724
3957: 3015,815,3366
3958: 339,3617,1485,3463,178
3959: 3626,4486,2485,2213,930,726
3960: 1416
4528: 3526,801,4348,4251
3962: 3603,3886,1909,4615,4229,4402
3963: 1726,1296,797
3964: 4625,2113,2660,3465,4542
3965: 2618,751,2930,3945
3966: 1127,3136,2052,4637,1181,3110
3967: 1039,348
3968: 1778,38,2528,1569
3969: 63,141,1659,4259,3254,4286,3633
3970: 2892,1464,1782
4513: 3020,1230,335
3972: 2950,2197,414
3973: 3885
3974: 4002,3480,1354,3016,1647,2121
3975: 4526,1503,1375,3297
3976: 2015,1742,2121,2101,4966,4147
3977: 1788,421,3827,4112
3978: 4433,4033,1220,3735
3979: 1864,1488,2857,580,9
3980: 2083,1915,3540,234,1260,1367,3557
4415: 744,383
3982: 3833,3160,1512,1330,2179,37
4611: 4195,1385,4124,1991
3984: 560,3520,3732
3985: 950,1713,4603,2641
3986: 3061,132,2153,1924
3987: 2344
3988: 438,4163,494,1112
3989: 225,2757
3990: 
3991: 1557,2283
3992: 470,2107
3993: 2496,4339,3674
3994: 3741
3995: 
3996: 1032,4243,210,3644
3997: 245,138,849
3998: 2763,2557,187
3999: 1014,3629,3362
4000: 
4001: 3183,4648,2429
4002: 3974,3769,3480,1647,2121,4147
4003: 235,3415,3571,3825,3005
4004: 2050,3166,2993,1823
4005: 868,1319,4551,933,4183
4006: 4686,213
4007: 3261,906,2463,1323
4008: 1541,309,633,447
4009: 3787,875
4010: 3807,865,317,1136,2547
4011: 1427,2573
4012: 4744,3586,4039,1639,262
4013: 3192
4014: 4549,2985,1423,2115,2707
4015: 4282,2640,2963
4016: 923,3015,184,1160
4017: 1635,431,2610,3291
4018: 1342,995,2569
4019: 2748,3687,675,3258,1682
4020: 2469,4512,1724,4461
4537: 1390,4429
4022: 4422,3205
4023: 3780,4462
4024: 4726,3171,3722,2408,2581,2070
4418: 539
4026: 
4027: 2635,2537,3744,1234
4028: 3108,1396,685,4815,1558
4029: 3096,4037,4448,2710
4030: 4604,1225
4031: 894,1150,1231,3478
4982: 
4033: 3569,4467,3978
4034: 3643,4498
4035: 
4036: 4280,4660,3328,2664,4571
4037: 232,4448,4029
4038: 4531,1970,491
4039: 665,4744,4304,4012,262
4040: 2380,999,2675
4041: 1082,1397,3838
4042: 2038,3645,1853,2811
4043: 3553,1617,2709,3724
4044: 1261,688,2794,590
4045: 683,3222
4046: 2017,1748,3009,783,333
4047: 3323,697,1592,3045,1437
4048: 1419,1067,2062
4049: 2635,4687,1234
4050: 729,1289,1145,110
4051: 3896,648,506,2310,1789
4052: 3008,519,1415
4053: 1415,2064,3627
4054: 1820,323,2041,4217
4055: 3154,1683,697,2334,1616
4056: 1111
4057: 2230,4805,1146,1518,1255
4058: 3185,2642,1713,4334,3360,3543
4700: 4184,3345,3624
4060: 2276
4061: 3620,3052,1499
4062: 1260,80,2991,4653,3557
4063: 1636,3048,2871
4064: 4758,4748,3915,1002
4065: 2966,4326
4066: 3074,4315,4240
4067: 558,2806,2453,3671
4773: 4703,2736,1965,517
4733: 2456,3325,3709,2426,1029
4070: 4313,228,1464,1627,1782
4071: 1042,1685,2607,1649,4703,4619
4543: 112,1947
4073: 722,3190,3266,4752
4595: 2137,469,2191,1461
4075: 2701,1934
4076: 633,4618,3485,2512,4674,1541
4077: 918,3291
4078: 3392,3580,704,4475
4079: 2664,3657,3492,2559,68
4080: 1128
4081: 2375,1226,2404,2002
4082: 2852,2650,1731
4759: 4431,834,3630,1896
4084: 4331,3473,2331,3541
4085: 3731,2659,89,1522,4386
4086: 3545,2887,3711,1711,1073
4087: 1363,976,384
4088: 3120,181,2468
4697: 2836,1517,3650,2089
4090: 279,582
4091: 396,1657,1491,482
4092: 2583,619,3250,1810
4093: 1310,4107,2461
4094: 1225,1543,1149,1745
4095: 1270,119,1126,547
4096: 174,4794,3659,2012
4097: 2728,959
4098: 2519,1964
4099: 3835,3442
4100: 3294,2961,2864,775
4101: 4708,292,2995,4337
4102: 4303,1762,2629,1646,610
4103: 1469,1853,964,4284,3505
4613: 1452
4105: 
4106: 398,4444,3743,695
4107: 4093,2461,4330
4108: 2161,2711,2088,2270,570
4109: 942,3299,2970,2788
4110: 3794,2545,952,4603
4111: 579,3073,4197,2542
4112: 871,1788,2280,3977,1752
4113: 2525,1055
4114: 1787,1094,3221,4606
4115: 79,4474,4380,201
4739: 3411,3605,1068,1327
4751: 1000,257,1946,1845
4118: 3315,2133
4119: 4186,2413,1357
4120: 1787,1094,562
4121: 1684,4322,4569,2669
4122: 1589,1758,1221
4123: 924,1431,4810,205
4124: 3319,4685,4195,1385,4611
4125: 1968,4196,2359,491
4126: 2506,578,2694
4127: 
4128: 221,1388,1980,2627
4129: 1268,1326,4440,3849
4555: 1696,1470
4444: 398,4106,3743,3911
4132: 1492,2753,2159
4133: 2219
4654: 1500
4135: 956,1373
4136: 4617,3321,1276,4532
4137: 3869,2155
4138: 1896,4763,1669
4631: 3441,546
4140: 
4772: 2245,1398,2018,4576
4142: 4663,550,1649,4619,937
4143: 3324,1981,4461,2460
4144: 2627,1732,2401,3706,1747
4409: 3832,334,422,3178
4146: 4349,821,2289,3943,2257
4147: 576,2121,4002,3769,3976
4788: 558
4149: 193,809,883
4556: 
4151: 4671,777
4668: 2266,1106,1448,971,1488
4153: 1593
4154: 2077,4628,1432,85,4174
4155: 1846,2556,4424
4156: 
4605: 1642,1051,3011,1058,290,3088
4158: 346,341,795,948,1082
4159: 239,4725,1341,3337,2129
4160: 468,3303,848,4741
4161: 153,4551,1319
4162: 3873,2140,874,962,2298,2127
4163: 438,3988,628,4530,3285
4164: 2693,1438,3445,2673
4165: 4573,1840,4623,4488,2075
4166: 3050,447,4505,156,4291,498
4167: 1631,3914,1311
4168: 337
4169: 1334,3770,2966
4170: 2416,510
4171: 1167,4722,2913
4172: 705,4311,1705
4173: 770,1938,2242
4174: 811,1432,4154,1256
4175: 1498,3911
4176: 4192,2457,3117,717
4177: 3721
4178: 1550,2272,1168,3471
4179: 3449,1804,961
4180: 4727,712,75
4181: 
4524: 3930,4363,2329,3768,678
4183: 933,4005,451,939,1583
4184: 4700,203
4185: 3806,1836,278
4186: 4119,1357
4187: 4216,326,444
4188: 2562,4383
4189: 3579,973,1306,872,260
4190: 2588,2405
4191: 1790
4192: 4176,1618,3117
4193: 1380,4406,4616,3775,1016
4194: 2776,1190,4532,1893
4195: 3719,1385,4611,4124
4196: 4125,1968,1375,4526
4197: 4111,2996,2542
4198: 3233,2928,1720,1316,3785
4199: 2395,2972,3266,2291,2090
4200: 
4201: 3415,4223,385,3825,3547
4202: 
4203: 3527,3243,1556,437,2841,69
4204: 3813,2397,2951,2382,714
4205: 676,4808,1408,1521
4206: 1675,1352,1152,3689,1586
4207: 1029,4623,2456,3881,1183
4208: 3718,4585,3302
4209: 1046,3209,3460,411
4210: 1883,2501,4821
4211: 466,1337,2812
4212: 1569,3331,527,38
4213: 372,1851,2566,3877,1095,503
4214: 1329,1133
4215: 2831,2457,717
4216: 4187,444,3947,2803,2688
4217: 830,3222,4054
4218: 974,2419,4384,2301
4219: 4626,373,217,2497
4220: 3440,2762,3753
4221: 3252,2553,4363,3272,2459
4222: 733,3771,4544,3355,832,1600
4223: 3414,4201
4224: 3597
4225: 30
4435: 862,4497,3375
4227: 
4228: 3138,2072,1388,1980,2560,2672
4229: 2068,4803,4615,3962,3733,4402
4230: 4742,3273,2768,1916,3727
4231: 3803,3297,3283,1841
4232: 3327,409,70
4233: 
4234: 1555
4235: 1028,4805,3870,227
4236: 
4237: 2935,2255,2317
4238: 2570,3777
4239: 2545,1123,12,2981,2151
4240: 4066
4241: 628,2603,1040
4242: 1928,2090,2319,3266
4243: 3996,1032,1926,210,3644,2078,1433
4244: 2476,2146,2307
4245: 2984,2625,2954
4554: 20,878,3492,2559,68,13
4247: 
4248: 748,139
4249: 2689
4250: 3474,2195
4251: 801,4348,2583,1810,2155,4528,3526
4252: 40,4323,965,3488
4253: 1999,492,2207,4322
4254: 4674,3701,2761,2409,4618,901
4255: 1451,4515
4256: 2118,2342
4257: 4395,2461,3344,3894
4258: 419,622,77,1257
4259: 1659,3820,1861,3254,3969
4260: 1088,2617,3909,3172
4261: 1820,830,2389
4262: 113,3053
4263: 702,1836
4264: 
4932: 4573
4266: 382,3180,743,1242
4267: 4341,3127,2183,4813
4268: 27
4269: 3295,148,897
4270: 3335,2823,3391,504,375
4271: 2716,1893,4804
4272: 1722,975,3844,3372
4273: 231,3529
4274: 551,1494,1406
4275: 1786,2782,4430,1480
4276: 2284,2871,1705
4277: 1197,4597,1303,4310
4278: 3308,1049
4279: 3915,1002,3919,1279,212
4280: 4036,424,4660,4643
4281: 2667,3606
4282: 4015,2640,2842,1995,230,1305
4521: 
4284: 2038,3347,1469,1853,4103,3505
4285: 4518,2303
4286: 3633,3254,1456,3969,3940
4287: 1996,2701,1934
4288: 3851,737,465,1070
4289: 45,3726,3278,2217
4290: 2378,635,1697,3628
4291: 156,1327,633,4166,447,4505
4292: 1130
4293: 1076,161,1030
4294: 738,2165
4295: 2815,410,3027
4296: 2355,1609,2531
4297: 2279,3600,720,2732,2776
4298: 1332,1160
4636: 1433,474,1926,2346,3883
4300: 2202,1093
4301: 
4779: 4592,1740,1813
4303: 4102,2629,2872,1860,4492,1646
4304: 3162,1749,4744,4039
4305: 545,3370,531,2020,809
4306: 3669,2167,673,492
4307: 
4308: 4416,4390,2293,3044,1648
4309: 1627,2900,1782,296,1454
4310: 3107,3077,4277,1303,2084
4311: 4172,705,3584,530
4312: 2313,3024,1072,1884
4313: 4070,1627,1540
4314: 2933,4602,2991,4653,1611
4315: 3074,4066,3041,3542
4316: 1091,2305,1205
4317: 3439
4318: 2503,746,2001,1453,143
4319: 938,1315
4320: 3828,694,928
4321: 62,2165
4322: 4121,4253,1999,2669
4323: 4252,729,3734
4324: 961,1686
4325: 869,1894
4326: 1877,4696,4065
4327: 1015,2377
4433: 356,3978,2790
4546: 1932,2193,2211
4330: 1458,4107,3055
4331: 3473,4084
4332: 588,2208,1752,871,747
4333: 4708,1223,65,2730
4334: 2641,107,4058,3360
4694: 
4336: 1124,1612
4337: 307,1494,4101,292
4338: 
4339: 2597,3674,2359,2496,3993
4340: 3802,2612,4718
4341: 4267,3385,910,4813
4342: 277,3210
4343: 4640,4573,198
4344: 1362,2686,3641,599,1664,3745
4345: 4419,2565,1339
4346: 2447,2643,3256
4807: 944,3891,2667
4348: 801,4251,4528,2421,1492
4349: 4146,2289
4350: 1227,1990,3878,1619,1113,2734
4351: 1647,2121,2101,1084,1354
4352: 2448,3073
4353: 
4354: 439,1096,1821,2850,4519
4355: 183,3879,788,400
4356: 3329,4525
4357: 4360,670,1375
4358: 
4359: 2754,1702,3804,3551,549
4360: 4357,491,1970
4361: 1097,2014,1676
4362: 2543,2174,3788,2724
4363: 785,4524,3930,2459,3476,4221
4364: 2862,2491,1812,1355
4365: 482,1868,2439
4366: 4504,3952
4367: 
4368: 3210,11,3381,983
4369: 2552,3153,2024
4370: 88,2849,3151
4371: 1377,3391,2908,3832
4372: 3020,1267,1178,2768,2248,4742
4373: 4765,986,1304
4374: 1007,3089,4796
4375: 280,4412,1602,3030,285,3618
4376: 22,2813,188,2717
4377: 3715,1168,3706,2181,3746
4378: 
4379: 
4380: 4115,4474
4381: 344,2857,1194,891,124
4382: 1018,739,561
4383: 4428,3163,4188
4384: 2301,1517,3669,4218
4385: 1945,1680,1490
4386: 1522,4085
4387: 487
4388: 4750,2145
4746: 4588,479,2047,4476
4390: 3722,4416,4308,1648,1927
4391: 4640,1970
4813: 1875,253,4267,4341
4393: 
4394: 2828,498,4505,4405,4740
4395: 4257,3894,759
4396: 3040,1298
4397: 191,1594,23,1843
4398: 1474,1694,144
4399: 282,3531,1051,681,1677,402
4400: 
4401: 1538
4402: 3733,289,4615,3603,3962,4229
4403: 
4404: 2218,374
4405: 4740,922,4394,3048
4406: 3290,4193,3910
4407: 4564