0: 4177
1: 
2: 2169,4307
3: 60
4821: 4213,3124,1611
5: 1373,453,3110
6: 1298,856
7: 4313,980,379,1854
8: 923,2154,4092,2159,3566
4728: 3285,3769,4724
4688: 566
11: 4720,109
12: 66,3138,1174,1275
13: 1968,1479,2597,744
14: 4461,1636,3079,1733,4276
15: 4119,864,4801
16: 3006,4797
17: 2158,891,3788
18: 2279,4280,438
19: 1502,1725
20: 2819,3619,1577,2100
21: 4505,163,874,428,3471
22: 4309,2761,4043,2701,2836
23: 1533,630
24: 3462
4153: 1559,2838,2516,756,4418
26: 844,3297,4636
27: 1111,4772,2499,4717,3908
28: 2515,508
29: 
30: 
31: 1093,1671,973
4419: 2479,4022,3377
33: 367,3214,3266,1771,2493,2311
34: 1879,3200,4623,3156,3640
4478: 
36: 3584,2752,2903
37: 
38: 2648,1964,2288,3024
39: 1792,3761,3061,3552
40: 110,3173,2080,3785,1515
41: 2547,486,2352,4469,914,777
42: 4327
43: 2684,2686,4089
44: 
45: 3615,3831,427,1002
46: 
47: 3397,1535,3448,3145,2945
48: 2250
49: 2393,2493,2311,2579,111,1949
50: 839,1326,1649
4657: 2800
52: 809,2165,3447,245
53: 2021,1289,3488,1376
4638: 2260,1820,4648,2593,587,2849
4711: 4192,4799,2704
56: 1379,4070,2234
57: 4100,643,3923,712,3268
58: 2062,4221
59: 1399,2001,724
60: 2432,4176,3
61: 321,2333,3970
62: 983,3179
4645: 4804,3519,966
64: 1680,984,2300
4324: 199
66: 4578,3138,12,4447,4465
4608: 2288,3024,1086
4318: 3532,1197
4666: 
70: 2829
71: 4009,1513,575
72: 1293,4251
73: 572,1374,4564,4053
74: 1421
75: 1309,3414,1944
76: 138,2954,849,469
77: 424
78: 2196,3752,4423
79: 1631,2007,1621
80: 607,2285
81: 1955,4158,4784
82: 4705,1940,2501
83: 3885
84: 
85: 4440,3650,1730
86: 1526,2026
87: 1521,3752
88: 2624,1921
89: 3832,3938,931
90: 1421,4489
91: 3496,157
92: 1297,2881,2944,4005
93: 2143,449
4631: 1402,3743,3021,3103
95: 1478,2909,3548
4169: 1659,3541
97: 2840,3645,3278
4177: 1652,0
99: 1649,2918,2215,3536
100: 332,729,2350,1116,338,2374
101: 1230,2786,4372
102: 4471,2578,1279
4743: 
104: 659
4155: 3273,442,2314
4346: 2773,3253,4493
107: 2477,1595,1471,4044,1850
108: 600,2963,901
109: 2571,11
110: 40,365,3881,1515
111: 2579,1780,2393,49,1570
112: 4299,1144,2315
113: 1151,4302
114: 
115: 735
116: 575,1969,1962,912
4503: 4175,713,3916
118: 
119: 2423
120: 2740
121: 2792
122: 794,2944
4733: 1563,2021,3534,3975,3758,1289
124: 3071,3977,1647
125: 1634,1199
126: 
4198: 3612,1742,2098,1569
128: 2343,154
129: 3808
130: 2811
131: 2128,678
4275: 
133: 3250,2158,1294
134: 4637,3476,3199,1998,4587
4566: 1763
136: 2677,2771,4085,336
137: 382,1942
138: 76,1046,469
139: 
4640: 4444,2568,1284,4450
141: 3552,474,1787,829
4410: 3317,3629,1574,368
4368: 3769,2570,1599,1849
144: 3714,1257
145: 1544
146: 1899
147: 3920
148: 594
149: 3632,168,1350,3001,1961
150: 2520,4293,4099,2814
151: 2182,2537
152: 1480,2744,397
153: 4002,604,3878
154: 128
155: 3975,580,2305,3534
4701: 294,4678,3958,2547,777,681
157: 2599,91,3492,3496
158: 934
159: 2292,2159,3566,2440,2341,3997
160: 2859,3182,3983,2985,894
161: 1853,2056,3816,968
162: 2233,4083,531,1632
163: 1450,1499,21,3471
164: 3927,1916
165: 3610
166: 1534,3232,2510,971,3756
167: 1104,4144,857,2374,1600
168: 149,1350,3001,1664
169: 3783,3098
170: 4750,2582,3547,908
4626: 4569,4071,2877,3262,4822,564
172: 
173: 2004,3873,3755
4745: 628,1608,2437,683,4618
175: 697,785,4607
176: 4585,4642,1368,3861
177: 3211,3214
178: 
179: 1676,3302,2476
180: 629
181: 3179,4704
182: 4671,1380,4112,2280,3930,1575
183: 598,1862,987,549,4560
4611: 4421,3919,1783,2961,493,4750
185: 2751,423,4012,2385
186: 1674,3377,2017
187: 388,4017,1760
188: 1577,1257,2372,2272,2607
189: 3020,219,4086
190: 2769,1418,2109,576
4729: 2314,3856,1394
192: 2203,4393,938
193: 1597,2901,634
4756: 1789,2156,4437,4212
195: 4236,1339,3527
196: 2029,2876
197: 1208
198: 4398,3283,4032,1083
199: 3382,4324
200: 4573,1346,727
4772: 1111,27,4395,1678
202: 3361,3434,4790,3137
203: 508,3736
4296: 4383,3731,1973,965,3097,1693
205: 1166,1041
206: 3447,268,689,801
207: 860,3764
208: 
4427: 3222,3305,2472
210: 4485
211: 
212: 3365,349,3037,4101
213: 1393,2443,1517,436,1455
214: 3957,3521,4014,2702
4585: 176,4642,1417
216: 1690,3986,792
217: 3747,1688,1136,2241,586,2629,2224
218: 3858,317
219: 4190,2357,3374,189
220: 2176
221: 4589,4492,1165,4625
222: 351,1221
223: 1398,1941,4172
224: 4041,2639,1769,2553,4548,3623,2442
225: 4095
226: 566
227: 4469,3870,1146,3821
228: 3575,4404,2104,1122,840
229: 2373,3355,1375,3432,2608,2303
230: 4229,2010,1574
231: 4132,2755,4378
232: 
233: 3542,283
234: 1551,396,4260
235: 1373,3009,3005,1441
4781: 2030,1580,4807,3783
237: 3236
238: 
239: 3488,4531,2635,3294
240: 2835,611,3466
241: 2065,1338,2240
242: 3604,1730,3017,2089
243: 4237,340,367,3214
4742: 4244,3108,2956
245: 3447,52
246: 1515,3653,3723,3436,1419
247: 1871,579,3934,4078
248: 538,2040,2073
249: 
250: 
251: 4026,2971
4287: 4330,1996,312,3567,1615
253: 1596,3833
254: 2467
255: 1432
256: 4077,3115,1705,4397,759,2696
257: 2616,517,3019,2677
4190: 219,4670,2357,789
259: 3711
260: 2384,2379,1013
261: 
4204: 
263: 652,2655,3379,3766
264: 
265: 4101,2153,3037,3012
266: 1138,4341,1121
267: 4224,4785,4532
268: 3447,206,801,339,1948
269: 3665,1410,4421,4601
270: 922
271: 1637,2484,2764,4628,4062,305
272: 3208,1668,3921
273: 2843
274: 2428
275: 1498,2107,3618,2815
276: 4498
277: 
278: 3125,924,489,4214
4288: 905,2861
280: 3770,3931,2576
4246: 2268,3400,2407
282: 2958,2213,2249
283: 501,3542,1160,233
284: 4547,2841,3524,3596
4530: 2019,4229,2010
286: 
4309: 22,2701,2836
288: 3059
289: 3636,1530,3014,848
4695: 1478
4614: 1285,3244
292: 2526,4709,702,3350
293: 
294: 4678,4701,4769,2547
295: 641
296: 4163
297: 2581,2963,974,4596,4655
298: 4230,4490
299: 534,917,3733,4615,3601
4804: 3519,4645,1537,642
4769: 294,4678,3074
4659: 2600,1606
303: 2246,590
304: 1083,2608,3451,775
305: 1940,3649,2720,1637,271,2484
306: 
4577: 744,2210,2439,1215,1687,4329
308: 1080,4724
309: 3959,1305,4225
4582: 1484,1232,2377
311: 3465,916,3968
312: 3567,2531,4287
313: 
314: 4317
315: 3152
316: 3084,2002,3745
317: 905,218,1084,2803
318: 1540
319: 4686
320: 
321: 61
322: 3203,4736,1070
323: 2622
324: 
4592: 2479,3377
326: 4083,3018,439,1632
4680: 3343,813,4302
328: 934,2829
329: 1311,1502,3255,1725
330: 
331: 1630,1435,2717
332: 729,1116,100,2346
333: 1223,1567,4593,4213
334: 4584,4576,4667
335: 
336: 4085,2430,136,1866
337: 
338: 2374,3938,100
339: 1948,268
340: 4479,243
341: 
4786: 1711,2588,425,4058,2640
343: 1814,3362
344: 3051,3592,4468,767
345: 3073,4810,3046
346: 
347: 1935
4333: 1649,599,2533,2748
349: 3365,212,2035,1469
350: 3616,1082
351: 222,4453
352: 3800,3403,4607,3956,3859
4203: 1903,3726
354: 1381,2820,4243
355: 3652,3518,1128
356: 4697,2384,3288,3905
357: 521
358: 1288,4714,647
359: 945
360: 1822,2429,2189,3413,900
361: 
362: 
363: 784,4005,4367
364: 2642,1241,708,1964
365: 506,4391,110
366: 4158,4360,4499,1955
367: 33,3214,4237,243
368: 2019,3317,4410,1909
369: 3096,2242,3486,4089
370: 3043,1470,4403,4037
371: 2486,1129
372: 2659,4071,3669,3468,4822
373: 1393,2443,2416,3483,3335
374: 3048,3621,4172,3198
375: 3936,3649,2720,3047
376: 2462
377: 1759,2583,1274
378: 4746,1428,4754
379: 1854,4732,7,1252
4325: 3598,4031
381: 4755,2221,3062
382: 3286,137
383: 1696,3978,1299
384: 3633,2269,4454,2623
385: 1117,2680,2198,2152,3502
386: 
4654: 2830,3591,3733,4497
388: 187,1224
389: 2006
390: 1569,2872,3612,1884,2426,4591
391: 4355,3871,1440
4387: 1802
393: 2796,418
394: 1819,1148,2270,2714
4801: 4096,1150,1991,864,15
396: 4463,2077,234,4260
397: 1994,152,1480
398: 3021
399: 4551,2359,1388,4165,506
400: 3063,1737,3224,1508,2360,1531
401: 1349,2998
402: 3069,4574
403: 4588,1893,3981,3262
404: 1069,3793,3391,2199,1679
405: 3568,3327
406: 1943,528,2794,1767,3609
407: 443,2201
408: 1492,4809,1573,3550
409: 
410: 
411: 3051,3592,715,2770
412: 2776,1697,3007,1883,1155
413: 
414: 1570
415: 2892,2834,2204,4713,1407
416: 847
417: 3325,4023
418: 2796,393,3890
419: 
420: 3867,2554,4458
421: 3964,2607,1445,2819
4274: 433,1748,2859,2116,2185
423: 1462,185,2971
424: 3285,77,817
425: 2588,4786,2644
426: 
427: 1813,4597,3615,45
428: 673,2310,3471,21,874,2419
429: 962,2199,1034,484,2535,4135
4484: 2009,1195
431: 4249,3348,4717,4818,1509
432: 1418,3550,3795
433: 4274,1748,2116,2031,2035
434: 687
435: 2689
436: 1455,213,1517
437: 3221,2217,1125
438: 4447,4280,4465,18,2279
439: 3899,1632,3869,326,2768
4326: 3561,2983
441: 1137
442: 1230,4704,4155
443: 1645,876,407,2201
444: 559,3353,1646
445: 
446: 1189,2403,1747,3395
447: 2613,612,4197
448: 
449: 93,2143,1052,3450
450: 3007,1920,4754,4746,3092
451: 2024,2136,937,1116,1393,1970
452: 
453: 3178,3110,5,802
454: 3960,2706,2855
455: 845,2352,1425,914,4016
456: 4162,4625,2127
457: 4760,3505,2141,3175
458: 4418,4405
459: 3156,3138,4219
460: 714,3806,4189,509,1757
461: 3979,2208,1063
462: 1887
463: 3336
4463: 396,2077
465: 
466: 2488,2790,3632,899
467: 
468: 3197
469: 4413,4304,2954,76,138
470: 2555
471: 
472: 
473: 2101,1518,4787,1633,1341
474: 1918,4129,1511,1524,4727,141,829
4710: 3149,2303,1114,3420,701,2764
476: 2018
4748: 2271,4007,1074
478: 1806,2178,1372,559,3470
479: 4703,839
480: 
481: 3084,2002,1162,2879
482: 2947,2732,3780,4562,2051
483: 3078
484: 3836,4285,1034,429,4135
485: 
486: 2514,41,2352
487: 4217
488: 3540,1899
489: 924,3125,278
490: 2544,2517,1971,2043
491: 2615,1194,3252,1528
4351: 3807,1850,1059
493: 1127,3825,4421,4611,4601,4750
494: 902,3545,3190,1073
4495: 3627
4156: 1924,1761
497: 1406,4595,1303,1690
498: 3845
499: 1096,1658,2906
500: 2750,1381,2150
501: 3542,1160,3463,283
502: 3077,2025,2087
4196: 1448,2080
504: 3955,536,4121
4391: 2749,506,365
506: 365,1388,4391,399
507: 3926,4675
508: 203,4462,28
509: 1424,3806,460,1757
510: 613,626
511: 664,2088,4088
4344: 4081,2105,4798,2757
513: 2816,2754,3900
514: 2417
515: 2575
516: 2674
517: 2348,1757,257,2677
518: 4481,1266,3948,4222
4539: 3291,1883,982,3007,1920
520: 3122,2675
521: 2578,357
522: 2257,2106,2383,1096
523: 3246,3389
524: 
525: 4279,2164,4775
526: 3651
4161: 2697,1316,2753,750,4235
528: 1943,406,2794,1380,4789,2266
529: 2339,3136,2108
530: 1973,826,3750,4588
531: 1202,3332,2614,162,1632
532: 2714,1719,1606
533: 1922,886,4699,543
534: 299,917,3705,4618,3792,3733
535: 912,4491
536: 504,2310,2364,936
537: 1710
538: 248,2040
539: 
540: 1805,958,2722,2895
541: 1829,1401
542: 4166,3213
543: 533,3340,3782
4675: 507,3085,4639
545: 1208,1542
546: 1978
547: 1511,1524,4727,1245,2488,4707
4793: 4249,3348,2465,3738
549: 1091,2035,1469,987,183,1862
550: 2673,2610,4785,1638,1779
551: 3510,859,3608
552: 736
553: 4308,2570,1704
554: 1672
555: 2643,4432,2296
556: 2691,1424
557: 
558: 795,2816
559: 3470,478,1372,444
4268: 
561: 1326,3935,1226
562: 3345,2450,1578
563: 2710
564: 1256,3650,4626,2877
565: 4138,3109,1319
566: 798,226,4688
567: 3206,3939
4414: 699,4377,865,922,1980
569: 1793,4408,1592
4455: 3267,3290,4010,3667,3571,4542
571: 4676,1644
572: 73,1374
573: 2711,4761
574: 1138
575: 116,1513,71,1962
576: 4725,2769,190,588
577: 4755
4423: 1555,78
579: 1871,2512,3934,853,247
580: 155,3975,2206,1520
4402: 790
4281: 
583: 3993,1284,3349,1886
584: 2456,4434,3480
585: 
586: 2241,2629,4094,217
587: 2849,2260,4638,1417
588: 2140,3807,1919,2769,576
589: 2144,2328
590: 1741,3176,2295,303
591: 4802,2548,1778
592: 2034,2029,2876,4253,2942,2542,2917
593: 2857,3105,732
594: 148
595: 
596: 2667,2992
597: 3987,916,1859
598: 183,1862,3347
599: 4051,1226,4333,2991,2533
600: 108,2963,1878,3842
601: 3664
4323: 2305,3709,1775,678
4652: 2640,3929,3428,4261
604: 2563,3962,1412,4079,153
4314: 1270,3616,4106
606: 4506,2099,3790
607: 80,2741
608: 
609: 3641,4812,1582
610: 1496,3195
611: 2240,3466,240
612: 1386,2287,447
613: 510,4136,3043
614: 3983,1141,3415
615: 3073
616: 4634,3767,1185,896,3158
617: 
618: 3068
619: 1801
620: 2781,2149,2095
621: 2742,623,4055,2665,1216
4269: 1365,3473,4556
623: 2742,621,2882,1225,2934
624: 1992,1487,3541,4009,2611
625: 
626: 510,1868
627: 3329
628: 1608,4745,1819,4334,683
629: 180
630: 23,2525
631: 
4439: 4267
633: 1412,4079,2125,4660
634: 4127,193
635: 1434,2879,648,4081
636: 1308,1756,4031
4540: 1715,1302,1974,2878
4754: 450,1920,4746,378
639: 4044,2129,4627,1471
640: 1633,4574,1518,3910
641: 1439,295
642: 769,4804,1273
643: 3436,3923,57
644: 3490
645: 2271
646: 3966,3537,2239,1494
647: 4049,4714,358
648: 982,4798,1434,2879,635,4081
649: 3934,878
650: 1529,2007,3293,1621
651: 3841
652: 3412,2655,263,4149,1475
653: 3020,1016,2851
654: 1664,1546,1397,4131,2368
655: 1522,3500
4594: 
657: 1125,1939
658: 2015,1722,4297,1721
659: 104
4210: 3103
661: 
4712: 3877,3556
663: 3886,726,2206,2327,1183,1520
664: 511,3976,762
665: 3040,4797,4363
666: 4570
667: 
668: 4158,1567
669: 3817,2903
670: 4451,4629,4003,1888
671: 4787,1633,3910,3299
672: 2964,3664
673: 428,2310,874,4188
674: 4108,3999
4385: 2922,2146,1917
4437: 2215,2873,2156,4756,4371,4212
4644: 3846,4481,2918
678: 131,2305,4323
4580: 1600
680: 3549,3145
681: 1904,3870,4678,3958,4701
682: 2800
683: 3705,4618,628,4745
4320: 
685: 1112,4416,4643
686: 3620,1823,1338
687: 3835,434
4674: 3130,1105
689: 801,206
690: 
4676: 571,2447
692: 2072,1788
693: 2850
694: 
695: 3883
696: 4127,4683
697: 175,3530,2335,3353
698: 1839,3056,4662
699: 3479,4377,4414,930,3292
700: 1989
701: 1114,2303,4710
702: 3691,292,3350,3395
703: 3823,1349
4223: 3680,3687
4525: 1933,792
706: 2299,4103,3295,2152,2680
707: 4549
708: 364,1964,1386
709: 4170,3724,2499,1111
710: 4517,1161,3510
711: 
712: 3582,57,3268
713: 4175,4503,1278
714: 2616,460,3393,4189,2552
715: 2722,2770,3592,1436,411
716: 
717: 3081
718: 3906,3533,4355
4658: 3924,1838,4225
720: 4817,1873,3467
721: 3611,2187,3843
722: 1258
4708: 4316,4595
724: 3119,2001,1399,59,2544
725: 4102,3609,904
726: 4492,3886,2646,663,2818,2327
727: 3283,1926,200,1346
728: 3275,2134,4195,4022,1781
729: 332,2350,100,2403,1189,2346
730: 1175,1198,2753,750,1573,3069
731: 
732: 2526,4709,1562,593,3105,1022
733: 3844,2955,4616,2298,1752
734: 808
735: 115
736: 552
737: 2912,3517
738: 4139,3108,2956,3351
739: 775
740: 2983
741: 
742: 1206,2949,1998,4183,1134,2119,1620
743: 4480
744: 4577,2210,13,2439
4272: 2392,1788
746: 2707
747: 1034,1879,3200,3793,2199
748: 
749: 2222,4504
750: 1198,730,2753,4161,868,2697
751: 2074
752: 3766,2629,2098,2224,1742
753: 2506,2590
754: 1602,2269,1363
755: 4239,952,909
756: 2516,4153
757: 976,4099,3132,1009
758: 4072,1099,2914,2500,2565
759: 2696,1253,4214,256,924,4397
4121: 826,2471,504
761: 1171
762: 789,952,3976,664
763: 3741
764: 2306,3260,3915
4166: 2604,3607,3812,542
766: 930,1396,4226,2941,3479
767: 2826,1037,3592,344,1436
768: 4511
769: 642
4497: 2830,4654,3733,4615,3485
771: 
772: 3040
773: 
774: 3867,856
775: 304,3451,739
776: 
777: 4469,914,2547,41,4701
778: 
779: 
780: 3373,2050,3402
781: 4220,4060,3463
782: 2307,2090
783: 3831,1002,3562
784: 363,3168
785: 3800,4607,3424,175
786: 
787: 4291,2613
4724: 3769,308,4728
789: 952,762,4190,3328
790: 4402,1452
791: 3310,3339,3608,4691,2510
792: 216,4525
793: 3258,4763
794: 122,4014
795: 558,3394,3907
796: 2482,1195,3041
797: 
798: 566,4777
799: 3213,2939
800: 3703
801: 689,206,268
802: 3251,1351,453,3178
803: 1728
804: 
805: 4004,3686,4512,2366
806: 4763,3945
807: 2938,4571
808: 4599,3446,734
809: 52
4569: 4071,4626,1882,1432,3262
4490: 4230,298,1192
812: 
813: 4680,4720,4719
814: 1655,1088,4299
815: 1332,1881
816: 3423,3603,3183,2687
817: 424,3285
4119: 15,3996
819: 3616,4520,4812
820: 2603,4782,1454,3626
821: 850,1064,2020
822: 3847
823: 2906,3515,1420,3901
824: 3301
825: 3031
826: 1973,530,4121,2229
4251: 2861,72
828: 
829: 1201,474,4727,141,3552
830: 4559,3250,1294
4693: 4182,2875,1933
832: 857,3775,4144
833: 4446,1370,4803
834: 3443
4785: 550,1779,4386,4224,267
836: 1592,2695,3016,1261
4705: 82,1795,1940
4449: 4394,3036,1770
839: 2918,50,479
840: 1122,3575,228
841: 3587
842: 3385
843: 1827
844: 26,3297,1556
845: 455,914,4016,3821
4720: 11,813,889
847: 416,1672
848: 3014,3418,3636,289,1941
849: 3966,76
850: 1064,821
851: 4661
852: 4084
853: 2512,3185,4643,1871,579
854: 3014,3418,3959,1305,3201
855: 
856: 3002,2517,6,774,2518
857: 832,4144,167,1600
858: 1564,2399,2602,1956
859: 2062,551,3310,3608
860: 1313,207,3764
861: 2884,2777
862: 3672
4149: 1558,4815,3259,652,1475
864: 1991,4801,15
865: 922,4377,4414,4076
866: 3078
867: 2972,998,3279
868: 2697,1198,750,2456,3480,2230
869: 1480
870: 3602
871: 4790,3751
872: 1866,2430,2111
873: 3903,2532
874: 3164,2419,21,673,428
875: 1991,3581
876: 2387,443,2232,2201
877: 3101,4028,942,3777,4486,4815
878: 649
879: 1392,3401,3457,2148
880: 3223
881: 4145,949
4741: 1133,1314
4815: 1558,4149,3087,877,3259,4486
4542: 3844,4455,3267,3571
885: 2054,2324
886: 3494,1922,951,533
4512: 4328,805,2542,2366
4271: 1390,4634,1918,4129,1524
889: 3794,4720,3018,4719
890: 1734,1700,1135,1124
891: 17,2319
892: 1099,3322,2979
893: 3260,3915,2630,1488
894: 2985,160,2182,4823
895: 1645,4543,2776
896: 1185,1003,3158,616
897: 1979,3516,1403
4607: 352,3800,785,175,1927
899: 466,4707,3998
900: 3413,2830,360,1822
901: 3050,108
902: 3545,3763,4110,494
903: 2193,2371,1763,4241
904: 1688,725
905: 317,4288,1084
906: 2290,1790,4744
907: 1910,1367
908: 170,4629,3547,4388
909: 1855,755,4239
910: 
911: 2344,2822,1168
912: 1962,535,116,1969,2868,4491
913: 3015,1425,2415,1952,3768
914: 4469,777,41,455,845,2352,3821
915: 1371,3099,957
916: 597,1859,3465,311
917: 299,534,3792,1086
918: 1190,4173
919: 2193,3242
920: 3099,3658,1371,2226
4691: 791
922: 865,270,4377,4414,4076,1980
923: 8,2154
924: 489,4397,759,4214,278
925: 3371
4706: 
927: 2344,2207,3050
4524: 3202,4767,1985,3787,1864,4637,3476
4794: 3106
930: 1396,766,3292,699,3479
931: 4663,89
932: 2744,3925,3162,4565
933: 3412,2655,2140,3766,4094
934: 158,328
4604: 3298,1192,4493
936: 2053,1721,536
937: 2136,451,1393,1970,1706,2416
938: 2591,4393,192,2203
939: 3299,2280,4235,1316
940: 1315,1813
4416: 3185,4557,4643,685
942: 4028,877,4199
943: 
944: 4298
945: 359,1105,1368,3861
4784: 2839,81,1223
947: 3788,3545
948: 3911,3940,1139
949: 1156,881,4145
950: 4762,4679,1100
951: 3494,1922,886,2519
952: 789,762,755,3328
953: 4141,3252,3136
4704: 4321,181,442
4479: 4217,340,2656
4717: 3908,431,27
957: 3099,915
958: 540,1805
959: 2874,2699,2774
960: 
961: 
962: 429,2535,1395
963: 3763,1764,2724,4559
964: 2839,4636,3216
965: 3097,2229,1693,4383,4296
966: 2936,4645
4683: 4127,696
968: 3816,1888,4337,161
4399: 2563,1123,3195,4238
970: 3226
971: 3484,3102,166
972: 3204,3523
973: 3344,31
974: 3357,4596,297,4655
4789: 3081,2266,528,1575
976: 4099,757,1181,1251,3464
4806: 2559,3333,2759,4778
978: 3732,1607,3316
4319: 1852,4758
980: 4313,7,1854,3908
981: 
982: 648,4798,3291,4539
983: 62,2296
984: 2970,2300,1680,64
985: 4030,1429
986: 4482
987: 1243,1091,549,4560,183
988: 3085,4761,4110
989: 3531
990: 1101,1643,3817
991: 1317
4546: 3902,1102
993: 3266,3190,1054,1616
994: 
995: 3893,1727,2263
996: 3905,3597,4641,1809
997: 4817
998: 867,2972,3279
4752: 4443,3985,3351,2882,3525,2151
1000: 2046,1912,1678,2531
4462: 1440,508
1002: 2326,45,3831,783
1003: 1185,896,4286,1474,3158
1004: 4392,1342
4154: 
1006: 2848,2071,4245
1007: 
1008: 3324,2171,2858
1009: 3849,1181,757,3132
1010: 1785,3231,2911
1011: 1778,4466,4392
4185: 1397,2812
1013: 2379,260
1014: 2772,4347,3387,4568
1015: 3321,1438
1016: 3328,1343,4199,653
1017: 
1018: 3989,3735
1019: 4660,2125,4726
1020: 1225,2934
1021: 
1022: 3722,3105,2526,732
4560: 987,183
1024: 3209,3434
1025: 1981,3620,1823,4107,4732
4603: 4613,4699
1027: 
4188: 1118,4218,673,2471
1029: 1072,1090,1995
1030: 2653,3518
1031: 4384,3335,3750
4610: 2620,4662,3254
1033: 1601,3520
1034: 3674,747,484,429,2199
1035: 
1036: 2434
1037: 2826,767,1046
4310: 
4757: 
1040: 4078,4726,3760,2871
1041: 3196,205,2813
1042: 2660,2990,2664
1043: 1736,3679
1044: 2041,4615,3601,3485,2648
4557: 3185,4416,1842,4015,2649
1046: 138,4468,1037
1047: 2351,3270,1391
1048: 1094,3441
4139: 2956,738,1219
1050: 2754
4516: 3797
1052: 3874,2027,449
1053: 3950,1385,1461,1352
1054: 3190,993,1616
1055: 
1056: 2552,2325,1708
1057: 
1058: 4162,4633,1176
1059: 4351,3807,1418
4504: 2349,2222,749
1061: 4677
1062: 2468,3116
1063: 2540,461,1448
1064: 850,821,3517
1065: 3167,2866
1066: 4292
1067: 1532,1583,3154,3287,1647,2327
4543: 895,1645
1069: 3793,4159,3391,404
1070: 3334,4736,322
1071: 1178,4030,2289
1072: 1029,1079,3842,2581
1073: 2711,4237,494
1074: 2356,4748
1075: 1235
1076: 2056,1880,4685,3080
1077: 1586,3131,2462
1078: 3435
1079: 1072
1080: 308,4122,1780,3171
4162: 456,4633,1058,4625
1082: 3675,4812,3616,350
1083: 2608,304,198,4032
1084: 2803,317,905,3074
1085: 4227,2960
1086: 4608,2019,917
4395: 4772,1912,1678
1088: 1655,814,2049,3407
4183: 742,1206,2949,1302,2119,2878
1090: 2664,1029,2293,1995
1091: 549,2035,1243,1748,987
1092: 2587,2873,1684
1093: 31,3316,4768
1094: 1048,3441
1095: 2424
1096: 499,1658,522,2106
4698: 3331,2701,2761,3575
1098: 3207
1099: 758,4072,892,2914,2565
1100: 1415,4762,950,3802
1101: 3626,990,4782
1102: 4546
4444: 4640,3325,4207,2568,4023
1104: 167,4144,1732
1105: 4674,2821,945
4798: 648,982,4344,4081,3291,2757
1107: 1415,2842
4205: 2846,1830
1109: 1156
1110: 2438
1111: 4772,27,2499,709
1112: 1588,685
1113: 3112,3878,3875,3139
1114: 3420,1262,701,4710
1115: 4579,4247,3482
1116: 332,100,2024,451
1117: 385,2198
1118: 4188,4218,2471,4384
1119: 3882,3844,3979
1120: 2335
1121: 2020,266,4341
1122: 840,2104,228
1123: 4399,2563,4238,2391,4002
1124: 2093,1135,1700,890
1125: 657,3221,437
1126: 3229
1127: 493,3825,2582
1128: 355
1129: 3367,371
1130: 
4294: 3572,1610,1914
1132: 2409,2880,3686
1133: 4741,2430,2111
1134: 742,2119,1620
1135: 2638,4564,1124,890
1136: 3747,217,1844,2224,3314
1137: 2302,441,1820
1138: 266,574
1139: 3940,948,3382
4747: 2645,3433
1141: 2474,3415,4064,614
4508: 1196,2866,3456
1143: 4098,4435,4063,4802
1144: 112,2139
1145: 3993,3839,1419
1146: 227,2986,1518
1147: 2797
1148: 2656,3242,394,1819
1149: 1467,1204
1150: 4801,4096,1991,3849
1151: 113,2405
1152: 1729,1340
1153: 4065,3907,2130,2746
1154: 4026,2971
1155: 3291,1883,412,1697
1156: 949,1109
4725: 576,2241,1688
1158: 3837,4731
1159: 
1160: 501,3542,3463,283
1161: 2961,3659,710,1783,3510
1162: 1434,1630,481,2002
1163: 3427
1164: 3718,2913,4690
1165: 3827,4625,221,4492,2646
1166: 205
1167: 1442
1168: 2822,3714,3050,911,2272
4529: 2285
1170: 1595,4047,2647,1850
1171: 761
1172: 3883,3624
1173: 4298,3460,3606
1174: 3822,12
1175: 1198,730,2456
1176: 1762,2958,4633,1058
4219: 4740,4332,4465,3138,459
1178: 4030,1071
4628: 3149,2764,271,4062
4392: 3676,1011,1004
1181: 1009,1251,976
1182: 3797
1183: 1520,3786,3886,2646,663
4443: 3985,4752,2882,2934,1806,2151
1185: 896,1003,616,3565
1186: 3257
1187: 2586
4285: 3836,484,4135
1189: 1319,446,2403,729,2346
1190: 2908,3706,918
1191: 1646,1677,3559,1510
1192: 2637,4490,4604,3298
1193: 
1194: 491,1598,2615,1463
1195: 2482,796,4484
1196: 3334,4508,2415,3456
1197: 4318,1315
1198: 1175,730,2753,750,2456,868
1199: 125
1200: 1957,3653,1441
1201: 4707,3998,829,4727
1202: 531,2614,2233,2788
1203: 3647,3557
1204: 2291,1149,1467
4510: 2671,1278
1206: 742,2949,1998,4183,1864,3476
4273: 2073,2848
1208: 197,545
4465: 4740,4332,4219,66,4447,438,1619
4239: 755,1739,909
1211: 3414,2767,1944,2150
1212: 3216,3124,4213
1213: 3696
1214: 2030,1900
1215: 4703,2102,1687,4577,2210
1216: 2211,2665,621
1217: 1910,3021,1682
4808: 4819,3302,2476,2197,2187
1219: 4139,3976,2088
1220: 3673
1221: 222
4316: 4708,3719,2137
1223: 333,1567,4784,2839
1224: 388
1225: 1020,2934,2334,2742,623,2178
1226: 4051,599,561,2991
4483: 3949
4731: 1158
1229: 2361,4730
1230: 101,442,4372
1231: 4259,1556,2609
1232: 4697,4582,3578
1233: 3146
1234: 2707,3193
1235: 4791,2163,1075
4730: 2361,1229,2251
1237: 4760,1702,1935
1238: 1754
1239: 4814,1709
1240: 4002,2391,2872,1884
1241: 2642,364,2041,2648,1964,1976
1242: 1728,3327,4749
1243: 4201,2185,1748,987,1091
1244: 2996
1245: 4634,3767,2790,1524,547,2488
1246: 2880,2446
4133: 
4436: 
1249: 2249,3314,4125
1250: 
1251: 3464,1181,3236,976
1252: 4143,3560,379,4732,1650
1253: 759,4214
1254: 3148,2226,3245,1958
1255: 2795,1348,2654
1256: 564,3650,2823,3419
1257: 188,2372,144
1258: 722,2601,2174,3694
1259: 3365,4101,2153,2989,3409,1406
4290: 
1261: 836,2695
1262: 1114,1738,1926,4032
1263: 2636,3589,1390,2149,3158
1264: 
1265: 4629,3547
1266: 518,3846,1845
4528: 
4697: 356,1232
1269: 1865
1270: 4314,1545,4653,4106
4182: 4693,2875,1933,1433
4797: 1971,665,16
1273: 1673,3445,642
1274: 3943,377,3572
1275: 2444,4591,12
4197: 4312,447,3057,3461
4788: 3641,3281
1278: 2671,4510,713
1279: 2116,102
1280: 1466
1281: 1869,3153,2039
1282: 4374,1673
1283: 
1284: 3993,583,3839,4640
1285: 4614
4660: 1019,1412,633,3112,1870
1287: 4689,4105
1288: 1695,2264,358,4714
1289: 3758,4586,2562,2021,53,4733
4378: 2755,231
4145: 881,4649,949,4348
1292: 
1293: 72,2514
1294: 133,3250,4058,830
4591: 2426,1762,390,1884,1275
1296: 
1297: 2795,92,2831,2881
1298: 6,1640,3150
1299: 383,4194
1300: 4262
1301: 3911,3940
1302: 4540,1715,1528,4183,2119,2878
1303: 4595,497,2767,2150
1304: 3628,3229
1305: 309,3959,854
1306: 2902
1307: 1510,1471
1308: 636,4031,2584,2118
1309: 75,2875
1310: 3924,3605,3399
1311: 329,4115
4347: 1707,3387,1014
1313: 860,4509,4550,2047
1314: 4741,2686
1315: 940,1591,1197
1316: 4161,2697,4235,2280,939,4671
1317: 991,1728
4506: 606,3358
1319: 1189,2346,565
1320: 3606,3041
1321: 4777,4233
4581: 1357
4532: 267
4186: 
1325: 1713,2175
1326: 561,50,1649
1327: 1619,2279,3836
4763: 806,793
1329: 1638,1779,2301
1330: 
1331: 2890,2202,3490
1332: 815,3586,3661
4596: 974,2581,297
4522: 4004
1335: 2995
1336: 4662
1337: 3824,2919,3815
1338: 241,2925,2240,686
1339: 4236,195,2342
1340: 3652,1152,1729
1341: 473,4787,2726
1342: 4291,1004,2223
1343: 3328,1016,4199,4028
1344: 
1345: 
1346: 200,4573,727
1347: 2333,3970
1348: 2756,1618,1255,2654
1349: 703,401,2998
1350: 149,168,2399
1351: 3251,802,3816
1352: 4195,1053,3950,2134
1353: 3371,2862
4601: 269,1410,4421,493,3825
1355: 
4311: 2094,3860,2657,3386,2347
1357: 4581
1358: 3151
1359: 2534
4332: 4740,4219,4465,1619,3674
1361: 
1362: 
1363: 3671,2269,754
1364: 
1365: 3473,1718,4269
1366: 
1367: 907
1368: 945,176,3861
1369: 2325
1370: 1608,833
1371: 915,3099,920,3148,2226
1372: 1927,2178,3956,478,559
1373: 235,3009,5,3110,4252
1374: 572,73,4053,3086
1375: 3355,229,2608,2102
1376: 53
1377: 4811,3426
1378: 4063,4802
1379: 56,2234
1380: 4671,182,1943,528
1381: 500,2150,354
4207: 4444,3513,4343
4278: 2938,2682
1384: 4678,3958,3074,1904,4809
1385: 1053,3950,2735,4597,3615
1386: 612,3662,708,3057
1387: 3257
1388: 2359,2362,399,506
1389: 3570,3229
1390: 4271,2149,3158,2095,1263
1391: 1047,2979
1392: 879,3820,3457
1393: 213,373,1455,2136,451,937,2416
1394: 3856,4729
1395: 4144,962,3734,4128
1396: 930,2039,766,3292,2999
1397: 4185,2812,654,1546
1398: 223
1399: 3458,59,724
1400: 
1401: 3698,541,1829
1402: 4631,3743
1403: 2084,897
1404: 2631
1405: 4130,3508
1406: 497,1259,2153,3986
1407: 2892,415
1408: 3439,2524
1409: 
1410: 269,3665,1695,2264,4601
4382: 3996
1412: 4079,633,604,4660,3112
1413: 4118,3496,2599
4671: 1380,182,1316,2280
1415: 1100,4762,1662,1107
1416: 2203
1417: 4585,587
1418: 432,1059,190,3795
1419: 3436,246,3839,1145
1420: 3901,2906,823
1421: 90,74
1422: 4054
4308: 553,4086
1424: 3639,509,556,1431
1425: 913,3015,455,3768,4016
1426: 1662,2641
4208: 1980,2207
1428: 3980,378,2375
1429: 2205,985,3617
1430: 1643,3198
1431: 3363,1424,3639
1432: 1882,255,2659,4569,4071
1433: 4182,2875
1434: 1162,2879,635,648
1435: 1630,331,2716,2717
1436: 3366,2826,767,3592,715
1437: 
1438: 3398,2422,1015,4641
1439: 641
1440: 4462,3871,391
1441: 4100,1972,1200,235,3005
1442: 1167
4562: 482,2732,2142
1444: 2322
1445: 2272,2607,421
4648: 2593,4638,1820
4383: 4296,1973,965
1448: 4196,4038,2540,1063
4372: 1230,101
1450: 163,1499,4339,2836,3066
1451: 4176
1452: 2996,2082,790
1453: 2001,1640,3119
1454: 820,2603
1455: 436,2136,1393,213
1456: 
4553: 2368,2209,3916
1458: 2465
1459: 2819,3357,3964,2392
1460: 4606,3965
1461: 2057,1053
1462: 2751,423
1463: 3930,4215,1598,1194
1464: 2186,3812,4782,4160
4172: 2160,223,374
1466: 1280,2796
1467: 1149,1204,4792
1468: 1905,2520,3996
1469: 549,2035,3365,349,1862,3186
1470: 370,3043,2693
1471: 1595,4047,1307,639,107
1472: 
1473: 
1474: 2501,3358,1003
1475: 3379,1558,4149,652,1496
4200: 2323,3967,3000,2555
1477: 3810
1478: 95,4695,1617
1479: 1968,13,3163,2597,1836
1480: 152,869,397
4564: 2638,1135,4053,73
1482: 
1483: 
1484: 4582
4511: 768,3918
1486: 
1487: 1992,624,2611,3329,2576
1488: 893,2630
1489: 
1490: 
1491: 
1492: 4809,408
4292: 1066
1494: 2495,646,2295,3176
1495: 2197,2187,3611
1496: 610,1558,1475
1497: 
1498: 275,2107,2815,3281
1499: 1450,163,4339
1500: 
1501: 2336,3553,4810
1502: 329,3289,3282,19
1503: 1747
1504: 1984,4432
1505: 3809,3939
4636: 964,26,3297
1507: 4130,3487,1827
1508: 400,1737
1509: 4818,431,1824
1510: 3559,1745,1191,1307
1511: 1524,4727,547,474,1918
1512: 2577
1513: 575,3464,4293,71
1514: 4805,2773,3264
1515: 246,110,40,3785,3723
1516: 3646,2647
1517: 2443,213,436,4218
1518: 473,2101,1146,1633,640
1519: 3366,2886
1520: 1183,2206,3886,663,580
1521: 3752,87
1522: 2536,655,2135,3500
1523: 
1524: 1511,4727,547,4271,4634,1245,474,1918
1525: 3796,2194
1526: 86,2026,3028
1527: 
1528: 491,2615,1715,1302
1529: 650,2007
1530: 2633,2347,289
1531: 2360,400,3224,3215
1532: 1067,1583,1647
1533: 23,4018
1534: 166,3232,4548,2510,3756,3623
1535: 3397,47,1631
1536: 
1537: 4804,3519,2286
4471: 102
1539: 3054,2540,2115,3882
1540: 2460,318
1541: 
1542: 545,1579
4570: 666
1544: 145
1545: 2933,1270
1546: 654,1664,4811,1397
4428: 4617,2574
4584: 334,1733
1549: 2433,3555,3077
4163: 296,3897,2287
1551: 4746,234,3092
4339: 4043,1450,1499,2836
1553: 
1554: 
1555: 4423,2923
1556: 3596,844,1231
1557: 2096
1558: 4149,4815,3087,1475,1496
1559: 4153,1584,2838,2516
4424: 2076,4498
1561: 3516
1562: 4536,732
1563: 2021,4733,3709,2635
1564: 2399,858,2602,1956
1565: 2054,1868
1566: 2801
1567: 333,1223,4158,668
1568: 
1569: 390,2872,4198,3612
1570: 414,3211,2393,111
1571: 4250,1703,1723
4377: 699,3479,4414,4282,4076,865,922
1573: 4809,408,3069,730
1574: 3509,4410,4229,230
1575: 3930,182,4789
4357: 3647,4766,4765
1577: 188,2100,2372,2607,20,2819
1578: 1817,2450,562
1579: 3829,1542
1580: 2030,4781,3783
4749: 1242,3327
1582: 3491,609,4812
1583: 1067,1532,3154,4381
1584: 2585,2838,1559
1585: 
1586: 2782,1077
1587: 1724,3052,3813,3721
1588: 2125,1112,1599
1589: 2821,2651,3130
1590: 1983
1591: 4201,1315
1592: 836,569
4353: 2763
4458: 2290,420
1595: 4047,1170,1471,1850,107
1596: 4321,253
1597: 2901,1683,193
1598: 1194,1463
1599: 1849,4368,1588
1600: 2374,4580,857,167
1601: 3762,1033
1602: 3826,4019,754
1603: 2063
1604: 4668,2926,3715
1605: 4571,2641
1606: 4659,1719,532
1607: 2338,3732,978,3316
1608: 1370,628,4745,2437
4432: 555,1504
1610: 4800,4202,4294
1611: 3936,4821
1612: 3853,4075
1613: 2057,4195
1614: 4373
1615: 4287,1996
1616: 1054,993
1617: 1478
1618: 3506,2756,1348
1619: 1327,2279,4332,4465,3674,3836
1620: 4517,742,1998,1134
1621: 650,2007,79
1622: 3488,4531,4668
1623: 1951
1624: 1915,3735,3989,3916
1625: 
1626: 2862
1627: 3086,1892
1628: 2365,2831,4500
4593: 333,2915
1630: 1435,331,1162
1631: 79,1535
1632: 439,3899,162,4083,326,531
1633: 4787,640,473,1518,3910,671
1634: 125,2050,3177
1635: 
1636: 4820,4461,14,3079
1637: 271,2484,4062,1940,305
1638: 1329,1779,3228,550,2673
1639: 4049,3751,3710,1958
1640: 3261,1453,1298
1641: 3705,3591
1642: 3424,4408,3332,2614,3323
1643: 1430,990
1644: 2132,571
1645: 895,4543,443
1646: 1191,444
1647: 2327,1067,1532,124
4527: 2250,2752,2903
1649: 4333,99,1326,50
1650: 3724,4143,1252
1651: 3851,2289
1652: 4177,4751
1653: 3264,3564
1654: 1913
1655: 1088,814,2404
4778: 1770,2559,4806,4721
1657: 3522,2748,2533
1658: 499,1096,3529,2179,2906
1659: 4169,3527
4782: 2792,820,4160,2091,1101,3626,1464
4548: 1534,3232,3623,2639,3951,224
1662: 4762,1415,1426
4376: 3610,3125,2325
1664: 654,1546,3001,168
4766: 2587,2736,3522,4765,3647,4357
4259: 1231,2609
1667: 2485
1668: 3921,272
4820: 4461,1636,3055,3693
1670: 1893,3981
1671: 3091,3725,31,3316
1672: 554,847
1673: 1273,1282
1674: 186,2017,2087
4732: 379,1025,1823,4107,1252
1676: 179
1677: 3470,1806,3405,1745,1191,3559
1678: 1912,1000,4772,4395
1679: 3391,404
1680: 2174,984,64
4665: 4709
1682: 3021,1217,1825,2404
1683: 2390,1597
1684: 4371,2873,1092,2051
1685: 4496,3355,1841
4655: 3964,297,2963,3357,974
1687: 4703,2102,1215,4577,4329
1688: 217,904,4725,2241
4555: 
1690: 216,497
4572: 3913,4473
1692: 3810
1693: 2669,965,3097,3731,4296
4301: 2252
1695: 1288,2264,3665,1410
1696: 3978,383,3597
1697: 2776,412,1883,1155,4095
1698: 
4734: 3670,4700,4547
1700: 1734,890,2093,1124,3090
1701: 
1702: 3175,4760,1237
1703: 1571
1704: 2952,2851,553
1705: 4576,4667,256,3115,4397
1706: 2416,937,3483,3204
1707: 4347,4171
1708: 3706,3228,1056
1709: 4814,1239
1710: 537
1711: 4786,3929,4673
4371: 1684,4212,2873,4437,2809
1713: 2313,1325,3934
1714: 4363,2537
1715: 4540,1302,3728,1528,1974,2459
1716: 2977,2235
1717: 3205
1718: 1365
1719: 2270,532,2714,1606
4384: 1031,3335,1118,2471
1721: 3955,936,2015,658
1722: 2015,658,4297
1723: 2779,2977,1571
1724: 1587,2835,3721
1725: 329,19
1726: 2312
1727: 995,2263,4466,4291
1728: 3441,803,1317,1242
1729: 1152,1340,3576
1730: 85,3650,242
1731: 2025,2017,2087
1732: 3755,3690,1104
1733: 4461,14,4584
1734: 3678,1700,890
4127: 634,4683,696
1736: 1043
1737: 400,3063,1508
1738: 1926,1262
1739: 1745,3985,4239
1740: 3654,4575,3278
1741: 590,3176,4141
1742: 4198,752,2098,2672,2224
4356: 
1744: 3192,3730
1745: 3405,1739,1677,3559,1510
1746: 4262
1747: 1503,2403,446
1748: 4274,433,2185,1243,1091,2035
1749: 3336,3994,3511
1750: 1970,4369,2496
1751: 3144,1880,2078,2075
1752: 733,2955,2298
1753: 
1754: 1238,3965
1755: 
1756: 3306,636,2118
1757: 2348,517,509,460
4736: 4348,322,1070
1759: 2045,4262,377
1760: 187
1761: 4156,1861
1762: 1176,2426,4591,2444,4633
1763: 4566,4241,903
1764: 4261,2521,2724,963
1765: 
4517: 1620,710
1767: 3480,2794,2481,3609,406
1768: 3104
1769: 4041,2639,224,2553,2225,2052,3922
1770: 4778,2559,1867,4449,3036
1771: 2543,3266,33,2311,1949
1772: 
1773: 
1774: 4327
1775: 1974,2459,4323,3709
1776: 3791,2079
4466: 1011,2263,1727
1778: 1011,591
1779: 1329,1638,2301,550,4785
1780: 2579,111,4122,1080
1781: 2658,3275,728,4022
1782: 2828,2619,2561,3431,4111,2094
1783: 3919,4611,2961,1161,4750
1784: 2363,4117
1785: 3168,1010
1786: 3361
1787: 141,4429,3761
1788: 692,4272
1789: 4756,3017,1965,4212
1790: 906
4744: 3749,2290,906
1792: 39
1793: 2695,569
1794: 3781,3896
1795: 4062,4705
1796: 
1797: 
1798: 
1799: 2554
4398: 198,3283
1801: 2257,619
1802: 4387,3810
1803: 3968,2355,2487
1804: 
1805: 540,958,3919
1806: 478,2934,4443,1677,3470,3405,2151
1807: 
1808: 2933,3477,4653
1809: 4441,4641,2422,996
4649: 3901,4145
1811: 
1812: 
1813: 427,940
1814: 3362,343
1815: 2663,3586,1906
1816: 3478,3532
1817: 2623,3671,1578
1818: 
1819: 394,1148,628,4334
1820: 4638,1137,2302,4648,2593
1821: 2173,4248
1822: 360,900,3546
1823: 3620,686,1025,4732
1824: 3239,4818,1509,1912
1825: 4764,2404,1682
1826: 
1827: 3487,1507,4547,843
1828: 3177,2777
1829: 4768,541,4300,3698,1401
1830: 4205
1831: 
4819: 4808,2138
1833: 2055,3469
1834: 
4355: 3871,2130,391,3906,718
1836: 2597,1479
4473: 4572
1838: 4225,4658
1839: 3056,698,4480
1840: 2115,2888,4586,2562,2926,3054
1841: 1685
1842: 3225,4015,2649,4557
4559: 830,963
1844: 2672,2224,1136,2249
1845: 1266,3846
1846: 3809,1989
4136: 613
4684: 2538,2950
1849: 1599,2570,4368,2048
1850: 4351,1595,1170,107
4206: 3814,2363
1852: 4319
1853: 161,3816,4485,3080
1854: 379,980,7,3560,3908
1855: 909,4627,4028
1856: 3349,3896
1857: 
1858: 2850
1859: 2037,597,916,3465,2683,2167
4286: 2636,1003
1861: 1761
1862: 183,598,549,1469,3186,2530
1863: 3774,4033,3745,2893,4029,2047,2947
1864: 3202,4524,3476,1206,1998
1865: 1269
1866: 872,336
1867: 2559,3333,2793,1770
1868: 626,1565
1869: 1281,3153,2175,2039
1870: 4660,3760,3112
1871: 579,853,4726,247
1872: 
1873: 720,3868
4293: 4099,3464,150,1513,2814
1875: 3539
4199: 1016,1343,4028,942
4663: 931,4263
1878: 2293,1995,600
1879: 34,3200,4623,747,3793
1880: 1751,1076,4685,2075
1881: 4013,815,4012
1882: 1432,4588,4569
1883: 3291,1155,4539,3007,412,1697
1884: 1240,390,2872,4591
4768: 1829,2487,3303,2355,1093,3316,1981,4300,3698
1886: 2420,4360,3993,583
1887: 462
1888: 4337,4003,4451,670,968
1889: 
1890: 
1891: 3902
1892: 1627
1893: 403,3981,1670
1894: 3113,2848
1895: 2558,4097
1896: 3702
1897: 
1898: 
1899: 146,3540,488
1900: 1214,3342,2589
1901: 2894,3342,4779
4661: 3181,851
1903: 4203
1904: 681,3870,3958,1384,1982,4809
1905: 1468,2520,4096,3132
1906: 3586,1815,3661
1907: 2844,3637
4599: 808,3446
1909: 2981,368,2019
1910: 907,1217
1911: 2573
1912: 1000,1678,4395,1824,3239
1913: 1654
1914: 3554,3572,4294
1915: 1624,3735
1916: 3179,164
1917: 4109,2922,4385
1918: 474,4129,4271,1511,1524
1919: 2477,2853,3807,588
1920: 3007,450,4754,4539
1921: 2624,88
1922: 886,951,533
1923: 
1924: 4156
4306: 2669,3610
1926: 727,3283,1738,1262,4032
1927: 3530,1372,4607,3956
1928: 2612
1929: 4770,2343
1930: 2139
1931: 3193
4618: 683,3705,4745,3792,534
1933: 4525,4693,4182,3645
1934: 
1935: 347,1237
1936: 
4328: 4512,2042,2034,2542
1938: 3089
1939: 3931,657
1940: 3649,305,1637,82,4705
1941: 223,848,3636
1942: 137
1943: 406,528,2230,2794,1380
1944: 3414,1211,75
4783: 4098
4406: 4381,4102,2266,4147
1947: 3990
1948: 339,268
1949: 2579,1771,2543,2311,49
4502: 3146
1951: 1623
1952: 2415,2756,913,2654,3768
1953: 2832,2064
4822: 4440,372,4071,4626,3468
1955: 81,3111,366
1956: 3632,1564,2399,858
1957: 1200,4165,1972
1958: 3710,4049,1639,2226,1254
4767: 3202,4524,1985,4518,2246,3787
1960: 2571,2558,2577
1961: 3001,149,3632
1962: 912,116,575,1992,4046
4189: 3806,3393,714,460
1964: 2648,38,2041,364,1241,708
1965: 4509,4550,1789,2809
4499: 2420,4360,3781,366
4803: 2437,833,2842,3648,3317
1968: 13,1479,4138,3109,3163
1969: 116,2814,912,2868
1970: 1750,451,937,4369
1971: 4797,490,2544
1972: 2442,1957,1441
1973: 826,530,2229,4383,4296
1974: 1775,2459,4540,1715
1975: 2195
1976: 2642,1241
1977: 
1978: 546
1979: 3890,897,3555,2084
1980: 2207,4208,4414,922
1981: 1025,4768,3620
1982: 4809,1904
1983: 4001,1590
1984: 1504
1985: 3202,4524,4767,4518
4714: 4049,647,1288,358
1987: 4160,3607
4755: 381,577
1989: 3809,700,1846
4482: 986
1991: 875,864,4801,1150
1992: 624,1487,4046,1962
1993: 3267,4193,3290,4623,4159
1994: 4393,397
1995: 1878,2293,1090,1029
1996: 4330,4287,1615
1997: 2561,3580
1998: 742,1206,2949,1864,134,3476,1620
4816: 
2000: 2243,4216
2001: 1453,3119,724,59
2002: 316,481,1162
4480: 1839,743
2004: 173,4536,3755,3691
4263: 4505,2100,2372,4663
2006: 389
2007: 650,1529,1621,79
2008: 4007
2009: 4484,4770
2010: 4229,230,4530
2011: 
4226: 2990,766,2941
4639: 4761,4675
4160: 1987,2091,4782,1464,3812
2015: 1722,658,4297,1721,3700
2016: 
2017: 1731,3377,1674,186
2018: 2709,476
2019: 4530,368,1909,1086
2020: 1121,821
2021: 1563,53,4733,2635,1289
2022: 2469
2023: 3656
2024: 2136,451,3938,1116
2025: 1731,2087,502
2026: 1526,86,2666,3028
2027: 2590,2693,1052
2028: 4468,2295
2029: 592,2876,196,2917
2030: 1580,4781,1214
2031: 2078,3144,433
4625: 1165,3827,221,4162,456,2127
4381: 4406,4102,4147,1583
2034: 592,2876,2042,4328,4253,2542
2035: 1091,549,1469,433,1748,349
2036: 3634,2132
2037: 1859,4576,2167
4164: 
2039: 1396,3153,1281,1869
2040: 538,248
2041: 1044,2648,1964,1241
2042: 2785,4328,2034
2043: 2503,2517,490,4470
2044: 3911
2045: 1759,4262
2046: 1000,3239,4330
2047: 4029,1313,2893,1863
2048: 1849,3962
2049: 1088,4764,3407
2050: 2998,1634,780,3177
2051: 1684,3780,482,2947
2052: 3922,1769,2225
2053: 936,3055,3693
2054: 885,1565
2055: 1833
2056: 161,1076
2057: 1461,1613
2058: 2274
2059: 3776
2060: 
2061: 3845,3191,4739
2062: 859,58,4048,4221
2063: 1603
2064: 1953
2065: 241,4313
2066: 2439,3372,3669,4329,3948
2067: 2905,3084
4279: 2500,525,4775
4716: 3208,4814
2070: 3930,2128
2071: 1006,4025
2072: 2392,2560,3357,692
2073: 248,4273
2074: 751,2331
2075: 4685,1751,1880,2078
2076: 4424,3531
2077: 4463,396,3642
2078: 2031,1751,3037,2075
2079: 3791,1776
2080: 3173,4196,40
4656: 3168,2957
2082: 2996,1452
2083: 3815,4386,4074
2084: 1979,3890,1403
4779: 2894,1901,4068
2086: 2840,3236
2087: 1731,2025,1674,502
2088: 511,1219
2089: 4509,242,3604
2090: 3390,2307,782
2091: 4160,4782
2092: 
2093: 1124,4069,3090,1700
2094: 4311,3431,1782,2561,3860,4111
2095: 1390,2149,620,4231,4184,4129
2096: 1557
2097: 3453,4575
2098: 2117,752,4198,1742
2099: 3426,606
2100: 1577,2372,20,3619,4263
2101: 473,3531,1518
2102: 4703,1215,1687,1375
2103: 
2104: 3553,3411,4404,228,1122
2105: 3578,3625,4344,4081
2106: 2257,522,1096
2107: 1498,275,3618,3061,3281
2108: 3299,4112,529,4215
2109: 4434,3795,190
4721: 4778
2111: 2684,2430,1133,872
4125: 3314,1249,3154
4805: 2788,1514
4686: 2401,319
2115: 2888,1840,3882,3054,1539
2116: 1279,3144,4274,433
2117: 2098,3379,2734,2969
2118: 2584,3306,1756,3493,1308
2119: 2878,1302,742,2949,4183,1134
4248: 1821
4447: 4280,438,66,4578,4465
2122: 
4765: 2209,4766,4357
2124: 4266
2125: 1588,633,1019
4380: 
2127: 4193,3290,456,3827,4625
2128: 131,2070,3728
2129: 639,4044
2130: 4355,3871,1153
2131: 2337,2673,2610
2132: 1644,2036,2546
4159: 1069,3391,3267,1993,4616
2134: 3562,3275,728,3950,1352,4195
2135: 2536,1522
2136: 2024,451,937,1455,1393
2137: 4485,3719,3251,4316,4116
2138: 3843,4819
2139: 1144,1930
2140: 588,933,4094
2141: 457,3319,3175
2142: 3557,4562,3027
2143: 93,449,3874,2557
2144: 589
2145: 3409,3986,2530,4359
2146: 4385,2844,4302
2147: 2548
2148: 879
2149: 1390,2095,1263,620
2150: 1211,2767,1303,500,1381
2151: 3405,1806,4443,3985,4752
2152: 4477,385,2680,2299,706
2153: 265,1259,1406
2154: 8,923,4092
2155: 3167,3359
2156: 3846,4756,2215,4437
4361: 
2158: 133,3250,4722,17
2159: 2292,159,3566,8,4354
2160: 4172
2161: 3026,4715
2162: 4021,3891,2365
2163: 4791,1235
2164: 3006,525,4775
2165: 2775,52
2166: 2567,4818
2167: 4576,1859,2037,2683,3115
2168: 3786,3571
2169: 2
4386: 3815,4224,2083,4785
2171: 3324,2761,1008
2172: 
2173: 1821
2174: 1680,3694,1258,2601
2175: 3153,1325,1869
2176: 220
2177: 
2178: 3956,4057,478,1225,2334,1372
2179: 3554,3155,1658,3885,3515
4802: 591,1378,4063,1143,4098,4115
4746: 378,1551,450,4754,3092
2182: 151,894,4201,4823
2183: 
2184: 3394,3907,4059,4065
2185: 4201,4823,1243,4274,1748
2186: 1464,3812,3817
2187: 1495,4808,721
4762: 950,1662,1100,1415
2189: 3413,360,2429
4233: 1321
4498: 3011,4424,276,2239
2192: 
2193: 903,2371,4241,919,3848
2194: 3058,3796,1525
2195: 1975,4771
2196: 78,3159,3752
2197: 1495,4808
2198: 3726,3502,1117,385
2199: 429,747,1034,3793,404
2200: 2633,3386,2603
2201: 443,876,407
2202: 4167,1331
2203: 192,938,1416
2204: 2834,415,3048,3621,4713
2205: 3045,1429,3617
2206: 2327,663,580,1520
2207: 1980,4208,927
2208: 2298,3979,461
2209: 4765,2812,4131,4553,2368
2210: 4577,744,3451,1215
2211: 1216,3108
4403: 4037,370,4194
2213: 282,4589
2214: 2522
2215: 3536,2873,4437,2156,99
4132: 231,2556
2217: 437
4461: 4820,1636,14,1733,3693
2219: 
4650: 3580
2221: 3462,381,3062
2222: 4374,749,4504
2223: 1342
2224: 2672,1844,752,2629,217,1136,1742
2225: 4337,1769,2052
2226: 3148,1254,920,3658,1958,1371
2227: 2732
2228: 
2229: 965,1973,826
2230: 3480,2794,868,2697,1943
2231: 
2232: 876
2233: 162,1202
2234: 1379,56
2235: 2529,1716,4087
4814: 3208,3172,4716,3368,1709,1239
2237: 2319,4244
2238: 
2239: 4498,3537,646
2240: 2925,611,241,1338
2241: 586,4725,217,1688
2242: 369,3486
2243: 2000,3121,3384
2244: 4250
4379: 3346
2246: 303,3787,3051,4767
4470: 3388,2503,2043
2248: 
2249: 1249,1844,282
2250: 4527,2900,48,2338
2251: 4792,2361,4730
2252: 4301
4489: 90
4613: 4699,2950,4603
2255: 
2256: 3558,4074
2257: 1801,522,2106
4615: 1044,3601,3485,3733,299,4497
2259: 
2260: 4638,587
2261: 
4345: 2342
2263: 4466,995,1727
2264: 1288,1695,1410,2474
4588: 403,3750,530,1882
2266: 3081,4789,528,4406,4147
2267: 4813
2268: 3742,3757,4246
2269: 3633,384,754,1363
2270: 1719,394,2714
2271: 4748,645,4007
2272: 2607,1445,3714,1168,188
2273: 
2274: 2058,3189,3400
4128: 3690,4144,1395
2276: 
2277: 3546,3779
2278: 
2279: 1327,1619,18,438
2280: 4112,939,1316,4671,182
4565: 932
2282: 3247
2283: 
2284: 4020,4713,2676
2285: 80,4529
2286: 3519,1537
2287: 612,3662,4163,3897
2288: 4608,3024,38,3662
2289: 2775,1071,1651
2290: 4458,906,3749,4744
2291: 1204
2292: 159,2159,2440,3997
2293: 1878,1995,1090,4076
2294: 
2295: 2028,1494,590,3176
2296: 983,555
4283: 2379,4173,4445
2298: 2208,733,3844,1752
2299: 706,2152
2300: 984,2783,64
2301: 1329,1779
2302: 1137,1820
2303: 3149,4710,701,2373,229,3432
4299: 112,814
2305: 3534,4323,678,155
2306: 764,3915
2307: 782,2090
2308: 2785
4138: 565,3109,3163,1968
2310: 673,428,2364,3471,536
2311: 2393,2493,49,33,1771,2579,1949
2312: 1726,2554
2313: 1713,3338,3779
2314: 4729,4155,3273
2315: 112
4343: 3839,3723,3785,3513,4207
2317: 4001
4551: 399,3756,3623,2359,2442
2319: 2237,891
4606: 1460,2631
2321: 4027,2831,2881
2322: 1444
2323: 3967,4200
2324: 885
2325: 1369,4376,3393,2552,1056
2326: 3347,1002
2327: 1647,2206,1067,3886,726,663
2328: 589
4597: 2735,427,1385
4616: 2955,4159,3391,733
2331: 2074
2332: 
2333: 1347,3970,61,3197
2334: 1225,4057,2742,2178
2335: 1120,697,3353
2336: 1501,3048,4810
2337: 2131
2338: 1607,2250
2339: 3136,529,2726,2495
4180: 4795
2341: 159,3566
2342: 4345,3505,1339
2343: 128,2625,1929
2344: 911,927
4760: 457,3505,3175,1702,1237
2346: 2403,332,729,1319,1189
2347: 2633,1530,3386,3860,4311,2657
2348: 1757,517,2771
2349: 2909,4504
2350: 729,100,2374,2403
2351: 1047,3388,2518
2352: 455,486,41,914
4418: 458,4153
2354: 3023,3075
2355: 3303,2676,1803,4768,2487
2356: 1074,4117
2357: 219,4670,4190,3374
4282: 3479,4377,4076,2941
2359: 3102,1388,399,4551,3756
2360: 1531,400,3215
2361: 4730,1229,2251
2362: 1388,3715
2363: 1784,4206
2364: 2310,536
2365: 1628,2162,3265
2366: 2885,4512,4004,805,2802
4505: 4263,21
2368: 4131,4553,2209,654
2369: 4064
2370: 3427
2371: 2193,903,2965
2372: 188,1577,2100,1257,4263
2373: 3355,229,3432,3149,2303,4496
2374: 338,1600,167,2350,100
2375: 1428
2376: 2855
2377: 4582
4667: 4576,1705,334
2379: 4283,4445,1013,260
4761: 4639,988,573
2381: 
2382: 
2383: 522
2384: 3288,260,356,3905
2385: 2751,185
2386: 
2387: 876,4095
2388: 2417
2389: 
2390: 3026,1683
2391: 2969,2712,4238,1123,1240,4002
2392: 2072,4272,3357,1459
2393: 2493,2311,49,3211,1570,2579,111
2394: 3576
2395: 3611,3152
2396: 4452
4170: 709,3724
4764: 1825,2049
2399: 1564,858,1350,1956
4373: 1614
2401: 4686
2402: 
2403: 1747,729,2350,446,1189,2346
2404: 1825,1682,1655
2405: 1151
2406: 
2407: 4246
4579: 3056,1115
2409: 1132
4238: 4399,1123,2391,2712
4467: 2960
2412: 4738,4669
2413: 3814
4135: 3734,4285,484,429
2415: 2756,1952,1196,913,3456
2416: 1706,937,1393,373,3483
2417: 2388,514
2418: 4679
2419: 874,428
2420: 4360,1886,4499,3781
4662: 4610,1336,698
2422: 1438,3398,3455,4441,1809
2423: 119,3000
2424: 3581,1095
2425: 
2426: 1762,4591,390,3044
4643: 3185,4416,685,853
2428: 274,2740
2429: 360,2189,3225,2649
2430: 336,1133,872,2111
4758: 2630,4319
2432: 60,3481
2433: 1549,3077,3857
2434: 1036
2435: 3847
2436: 3378,4642
2437: 4803,1608,4745
2438: 1110
2439: 2066,4577,744
2440: 2292,159,3997
4230: 4490,298,3273,3833
2442: 1972,4551,3623,224,2553
2443: 213,373,1517,4218
2444: 1275,1762
2445: 4106
2446: 1246
2447: 4676
4298: 3460,1173,3606,944
4229: 230,2010,1574,4530
2450: 1578,3345,562
4225: 4739,1838,4658,309
4224: 3815,4386,4785,267
4250: 1571,2244
2454: 
4520: 4812,4295,3106,819
2456: 584,4434,1175,1198,868,3480
2457: 4813,3528
4184: 2515,4231,2095,4129
2459: 1974,1775,3728,1715
2460: 1540,3724
4587: 134
2462: 376,1077,3730,3131
2463: 
2464: 
2465: 1458,4249,4793
2466: 
2467: 254
2468: 2897,4780,1062,3116
2469: 2022
2470: 4477,3502
2471: 4188,1118,4384,4121
2472: 4427,3222
4260: 3147,234,396
2474: 1141,2264,4064
2475: 
2476: 3302,179,4808
2477: 1919,2853,107,4044
2478: 3173,3513,2959,3722
2479: 4419,4022,3377,4195,4592
4369: 1970,1750,2496
2481: 3480,1767,4434
2482: 1195,796
4297: 3898,2015,1722,658
2484: 1637,271,305
2485: 1667
2486: 2845,371
2487: 4768,3303,2355,1803
2488: 466,1245,2790,547
2489: 
4363: 1714,665
2491: 2675,2546
4709: 2526,4665,732,4536,3691,292
2493: 2393,2311,49,33,3214,3211
2494: 3184,3520
2495: 1494,2339
2496: 3523,3163,4369,1750
4810: 345,2336,1501
2498: 2920
2499: 4143,3560,3908,709,1111,27
2500: 2914,4279,758
2501: 3047,1474,82,3358
4408: 3424,1642,569
2503: 2043,4470
4787: 1633,473,1341,2726,671
2505: 3692
2506: 753,4441,4037
2507: 
4740: 4332,4219,4465
2509: 3770
2510: 1534,166,3232,791,3339
2511: 3340
2512: 3779,3934,853,579
2513: 
2514: 486,3167,1293,3359
2515: 4231,4184,28
2516: 2681,4153,1559,756
2517: 3002,856,490,2043
2518: 3002,856,2351
2519: 3676,3494,951
2520: 1468,1905,150
2521: 2724,1764
2522: 2214,3992
2523: 4222,3468,4440
2524: 3439,1408
2525: 3429,630
2526: 4709,732,3105,1022,292
2527: 
4147: 4381,4406,2266
2529: 2235,4087
2530: 2145,2989,3409,3186,1862,4359
2531: 1000,312
2532: 3265,3903,4192,873
2533: 2991,599,4333,1657
2534: 1359
2535: 962,429
2536: 1522,2135
2537: 1714,4422,151
2538: 4684,2950,3183,3988
4568: 3362,1014
2540: 1539,1448,4038,1063
2541: 3004
2542: 4253,4512,4328,2034,592
2543: 1771,3374,1949
2544: 490,3150,724,1971
4513: 3856,3068
2546: 3122,2491,2132
2547: 41,294,4701,777
2548: 2147,591
4703: 2102,1215,1687,479
2550: 
4474: 
2552: 1056,3393,2325,714
2553: 4041,2639,1769,224,2442,3922,3009
2554: 3867,420,2312,1799
2555: 3000,470,4200,3059
2556: 4132
2557: 3874,2143
2558: 1895,2577,3072,1960
2559: 4806,1867,3333,4778,1770
2560: 2072
2561: 2828,1782,1997,2094
2562: 3758,4586,1289,1840,2926
2563: 4399,1123,3962,604
2564: 3909
2565: 758,1099
2566: 3536,2748,2736
2567: 2166,3348,4818
2568: 4023,4640,4444,4450
4422: 3689,2537
2570: 553,4368,1849
2571: 1960,3068,109
4291: 1342,1727,787
2573: 1911
2574: 2691,4428
2575: 515
2576: 3931,3329,1487,280
2577: 2558,3072,1512,1960
2578: 521,102
2579: 1780,111,1949,2393,2311,49
2580: 3148
2581: 3842,297,1072,4596
2582: 4750,170,1127
2583: 377
2584: 2118,1308
2585: 1584,2681
2586: 1187
2587: 1092,2736,4766,3647
2588: 4786,2644,425
2589: 1900,2894,3342
2590: 2027,2693,753
2591: 4687,4034,4393,938
4362: 4057,3160,2768,3869,3859
2593: 4648,4638,1820
4469: 914,227,777,41,3821
4481: 518,3948,4644
4253: 2942,2542,2885,2034,592,2917
2597: 1836,13,1479
2598: 3318
2599: 157,1413
2600: 4659,3225
2601: 2666,1258,2174
2602: 1564,858,3106
2603: 820,2200,1454
2604: 4166,3607,2681
4454: 4696,3680,384,2623
4146: 3855
2607: 2272,1445,421,2819,188,1577
2608: 1083,304,3451,229,1375,3432
2609: 1231,4259
2610: 550,2673,2131
2611: 3329,3541,624,1487
2612: 3843,1928
2613: 447,3897,787
2614: 1202,531,3332,2788,1642
2615: 491,1194,1528
2616: 714,3019,257
2617: 
2618: 4084
2619: 2828,1782,2687,3431
2620: 4610
4496: 1685,2373,3355
2622: 323,3387,3999
2623: 1817,384,4696,4454
2624: 1921,88
2625: 2343,3563
2626: 
4244: 4742,2237
2628: 3892,4066,3113
2629: 752,3766,4094,586,217,2224
2630: 4758,3260,893,1488
2631: 1404,4606
2632: 3798,4472
2633: 2200,1530,3386,2347
2634: 3090,4018,4069
2635: 1563,2021,239
2636: 1263,4286,3589
2637: 3833,1192,3298
2638: 1135,4564
2639: 4041,3951,1769,224,2553,3232,4548
2640: 4652,4786,3929,4058
2641: 4571,1605,1426
2642: 364,1241,1976,2793
2643: 555
2644: 2922,2850,2588,425
2645: 4747,3433
2646: 4492,3886,726,1165,3827,1183
2647: 3854,1170,1516
2648: 38,1964,3024,2041,1044,3601,1241
2649: 3225,1842,2429,4557
4450: 4640,2568
2651: 1589
4536: 2004,1562,4709
2653: 1030
2654: 4367,2756,1348,1952,1255,3065
2655: 3412,652,933,263,3766,4094
2656: 1148,4479
2657: 3605,2719,3860,4311,2347
2658: 1781,3319
2659: 372,1432,4071
2660: 1042,3492
2661: 3039
2662: 3478
2663: 1815,4456,3586
2664: 2941,1090,2990,1042
2665: 3343,1216,621
2666: 2026,2601
2667: 596
2668: 3887
2669: 4306,3700,1693,3097
4360: 2420,1886,4499,366
2671: 1278,4510
2672: 1844,2224,1742
2673: 550,2610,1638,2131,2908
2674: 516
2675: 2491,520
2676: 2284,2355
2677: 136,517,257
4425: 
2679: 
2680: 385,2152,706,3295
2681: 2516,2585,2604
2682: 4278,4571
2683: 3465,1859,2167,4077,3115
2684: 43,2111,2723
4472: 3422,2632
2686: 1314,43
2687: 816,3423,2619
4329: 4577,2066,1687,3948
2689: 435
4486: 3259,3777,877,4815
2691: 556,2574,4093
2692: 
2693: 2590,2027,1470,3450
4672: 
2695: 1793,836,1261
2696: 759,256,4397
2697: 4161,868,1316,750,2230
2698: 3259,2853,3412
2699: 2874,3146,959
4168: 
2701: 3331,4698,22,4309,3079
2702: 3193,3957,214
4670: 4190,2357,4088
2704: 4021,4711
2705: 
2706: 454,2855
2707: 746,1234,3318
4776: 2942,2885
2709: 3052,2018
2710: 563
2711: 4110,573,4237,1073
2712: 2969,2391,2734,4238
2713: 
2714: 532,4334,394,1719,2270
4152: 2797
2716: 2717,1435
2717: 2716,1435,331
2718: 2779,2977
2719: 3860,4111,2657
2720: 3649,305,3936,375,2915
4365: 3244
2722: 715,2770,3583,540
2723: 2684
2724: 2521,1764,963,3085
4627: 1855,639
2726: 4787,1341,2339
2727: 3221
2728: 
4421: 3919,4611,269,4601,493
4252: 3449,1373,3110
4354: 2159,3651
2732: 482,4562,2227
2733: 
2734: 3379,2117,2969,2712
2735: 4597,3538,1385
2736: 2587,4766,2566,3522,2748
2737: 
4348: 4736,4145
2739: 3094
2740: 120,2428
2741: 607
2742: 623,621,4055,4057,3160,1225,2334
2743: 
2744: 932,3162,152
4678: 294,3958,4701,3074,4769,1384,681
2746: 3907,1153,3906
2747: 
2748: 3522,1657,4333,2566,2736
2749: 3715,4391,4038
2750: 500,2864,4700,2820
2751: 1462,185,2385
2752: 2903,36,4527
2753: 1198,730,750,4161
2754: 1050,513,2852
2755: 4378,231
2756: 2415,1348,1952,1618,2654
2757: 4798,4344
4280: 4447,438,18
2759: 3461,4312,4806,3333
4213: 4821,333,1212
2761: 3324,2171,22,4698
4191: 
2763: 4353
2764: 3556,4710,4628,271
2765: 
4167: 2202
2767: 3414,1211,2150,1303
2768: 4362,439,3869
2769: 190,588,576
2770: 2722,715,3583,411
2771: 2348,3196,136,4085
2772: 1014,3435
2773: 4346,3264,3253,1514
2774: 959
2775: 2289,2165
2776: 412,1697,895
2777: 2929,1828,861
4227: 1085
2779: 1723,2977,2718
4367: 2654,3065,363
2781: 620,3218
2782: 1586
2783: 2970,2300
2784: 3286,3013
2785: 2042,2308
2786: 3829,101
4214: 759,1253,924,278
2788: 4805,1202,2614
4201: 2185,4823,1243,2182,1591
2790: 3767,1245,466,2488
2791: 
2792: 121,4782
2793: 2642,1867
2794: 3480,2230,1767,1943,406,528
2795: 1255,1297,3891
2796: 418,1466,393
2797: 4152,1147
4549: 707
2799: 
2800: 4657,682
2801: 1566
2802: 3953,2366
2803: 1084,317,4809
4215: 4112,2108,1463
2805: 3309,4773
4336: 
4359: 2145,2530
4312: 4197,2759
2809: 3780,1965,4371,4212
2810: 
2811: 130
2812: 2209,1397,4185,4131
2813: 4085,3196,1041
2814: 4293,150,1969
2815: 1498,275,3618,3998
2816: 513,558,3401
4573: 4023,200,1346
2818: 3287,4492,726
2819: 20,1459,3964,421,2607,1577
2820: 2841,4700,2750,354,4243
2821: 1589,3130,1105
2822: 3714,1168,911
2823: 1256,3650,3419
2824: 
4171: 1707
2826: 1037,767,3801,1436
4690: 1164,2913
2828: 2619,1782,2561
2829: 328,70
2830: 3591,4654,3413,900,4497
2831: 1628,1297,2321
2832: 1953,4507
2833: 3431,3423,3603
2834: 2892,415,3046,2204,3048
2835: 240,3466,1724
2836: 3066,4339,4043,22,4309,1450
2837: 
2838: 1584,4153,1559
2839: 4784,964,1223,3216
2840: 3645,97,2086
2841: 4700,2820,4547,284
2842: 2935,3648,1107,4803
2843: 273,3258
2844: 1907,4302,2146
2845: 3219,2486,3711
2846: 4205
2847: 
2848: 1006,1894,4273
2849: 587,4638
2850: 1858,693,2644
2851: 653,2952,1704
2852: 2754
2853: 2477,1919,2698
4633: 4162,1058,1176,1762
2855: 454,2706,2376
2856: 4276
2857: 593,2959
2858: 3500,4404,3324,1008
2859: 160,4274
4452: 2396
2861: 4251,3016,4288
2862: 1626,1353
4434: 584,2456,2109,3795,3480,2481
2864: 4116,2750
4195: 1352,1613,2134,728,2479,4022
2866: 4508,1065
2867: 
2868: 4491,1969,912
2869: 2992,3481
2870: 
2871: 3760,1040
2872: 390,1569,1240,1884
2873: 2215,4437,4371,1684,1092
2874: 2699,959
2875: 4693,4182,1309,1433
2876: 2034,2029,592,196
2877: 3981,3262,4626,564
2878: 2119,4048,4540,1302,4183
2879: 1434,635,481,648
2880: 1246,1132
2881: 2944,1297,92,2321
2882: 623,2934,4443,4752,3351
2883: 2945
2884: 861,4448
2885: 4253,2942,2366,4776
2886: 3366,1519
4792: 2251,1467,4073
2888: 2115,1840,3315,4586
4668: 1604,1622,3715
2890: 1331,3490
4366: 
2892: 2834,415,3046,1407
2893: 3780,4029,2047,2947,4033,1863
2894: 1901,3342,2589,4779,4068
2895: 2931,540
4221: 3294,4048,2062,58
2897: 2468,3083,4780,4417
4491: 2868,912,535
2899: 3643
2900: 3984,3799,2250
2901: 1597,193,2972
2902: 1306
2903: 2752,669,36,4527
2904: 
2905: 3774,3745,3084,3980,2067
2906: 3515,823,499,3529,1658,1420
2907: 2995
2908: 1190,3706,3228,2673
2909: 2349,95,3548
4393: 1994,4687,2591,938,192
2911: 4016,3231,1010
2912: 737
2913: 1164,4690
2914: 2500,758,4072,1099
2915: 3936,4593,2720
4737: 3305
2917: 2029,592,4253,2942
2918: 839,4644,99
2919: 3419,3815,1337
2920: 2498
4397: 924,1705,256,759,2696
2922: 2644,4385,1917
2923: 3026,1555
4131: 2368,2209,2812,654
2925: 2240,3344,1338
2926: 1604,2562,1840,3054
2927: 
2928: 3139,4118,3682,4578
2929: 2777,3952
2930: 3218,3883
2931: 2895,3665
2932: 3949
2933: 1808,1545,4653
2934: 1225,1020,1806,623,2882,4443
2935: 2842,3648,2968
2936: 966
2937: 
2938: 807,4278
2939: 799,3984
2940: 
2941: 2664,2990,4226,766,3479,4282
2942: 4253,2885,592,2917,4776
4235: 3910,4161,1316,939
2944: 2881,92,4005,122
2945: 3145,2883,3397,47
4809: 1982,1573,3958,3074,2803,1384,1492,1904,408,3069
2947: 482,2893,3780,2051,4033,1863
2948: 
2949: 742,1206,1998,4183,2119
2950: 4613,4684,2538,3988
4576: 1705,4667,2167,2037,334,3115
2952: 1704,2851,3087
4726: 1040,1871,1019
2954: 3957,3521,469,4304,76
2955: 4616,733,1752
2956: 4139,3108,738,4742
2957: 4656,3521
2958: 3044,282,1176
2959: 2857,2478
2960: 4467,1085
2961: 1161,3659,4611,1783,4750
4547: 284,4734,1827,2841
2963: 600,108,3842,297,4655
2964: 672,3672,3664
2965: 2371,3695
2966: 3834
4713: 4020,2284,3584,415,2204
2968: 2935
2969: 2391,2712,2734,2117
2970: 984,2783
2971: 4026,1154,251,423
2972: 867,2901,998
2973: 
4571: 2641,807,2682,1605
2975: 
2976: 
2977: 2779,1723,2718,1716
4707: 3998,1201,547,899
2979: 3741,3322,1391,892
2980: 3052,3813,4113
2981: 3792,1909
4370: 
2983: 4326,3561,740
4586: 3758,1289,2562,2888,1840
2985: 894,3983,160
2986: 3870,1146
2987: 3921
2988: 
2989: 3409,3186,2530,3365,1259
2990: 4226,1042,2941,2664
2991: 2533,4051,1226,599
2992: 2869,596
2993: 4107,3698
2994: 3789
2995: 1335,2907
2996: 1452,1244,2082
2997: 4037
2998: 2050,1349,401
2999: 3845,3191,4394,1396,3292
3000: 2555,4200,2423
3001: 1961,1664,149,168
3002: 856,2517,2518
4141: 4518,3252,953,3136,1741
3004: 2541
3005: 235,1441,4100
3006: 2164,16
3007: 450,1920,1883,4539,412
3008: 
3009: 235,1373,2553,3922
4796: 
3011: 4498,3537
3012: 3037,3719,265
3013: 2784
3014: 3418,3399,848,854,289
3015: 913,1425,3456
3016: 836,2861
3017: 242,1789
3018: 326,889
3019: 3706,2616,257
3020: 653,189,4086
3021: 1682,1217,398,4631
3022: 
3023: 2354,3631
3024: 2288,4608,3601,2648,38
4192: 4711,3903,4799,2532
3026: 2390,2923,2161
3027: 2142,3557,3642
3028: 1526,2026
3029: 
3030: 
3031: 825
3032: 
3033: 
3034: 3947
4396: 3862
3036: 4449,4394,1770,3191
3037: 3012,2078,212,265,4101
3038: 
3039: 4264,2661
3040: 665,772
3041: 796,1320
3042: 4243,3596
3043: 370,1470,613
3044: 2958,3612,2426
3045: 2205,3855
3046: 2892,2834,345
3047: 2501,375,3649
3048: 374,3621,2336,2834,2204
4485: 210,3080,2137,1853,3251
3050: 901,927,1168
3051: 3592,344,2246,411
3052: 2980,3813,1587,2709
4715: 2161,3454
3054: 1539,2115,1840,2926
3055: 2053,3066,4820,3693
3056: 1839,698,4579
3057: 3461,1386,4197
3058: 3796,2194
3059: 288,2555
3060: 
3061: 39,3552,2107,3618
3062: 381,2221
3063: 400,1737,3224,3945
3064: 4019,3533
3065: 3231,3768,2654,4367
3066: 2836,1450,3055
4687: 2591,4393
3068: 618,2571,4513
3069: 402,4809,1573,730
4236: 195,1339
3071: 124,3977
3072: 3083,2558,2577
3073: 345,615,3987
3074: 4678,3958,4769,1084,1384,4809
3075: 2354
3076: 
3077: 502,2433,1549
3078: 866,483
3079: 1636,14,3331,2701
3080: 4485,1853,1076
3081: 717,4789,2266
4468: 2028,1046,344
3083: 2897,4417,3072
3084: 316,481,3745,2905,2067
3085: 988,2724,4675
3086: 4053,1627,1374
3087: 1558,4815,2952
4739: 4225,2061
3089: 1938,3445
3090: 2634,2093,1700
3091: 3520,3725,1671,3344
3092: 4746,1551,450
4493: 4604,4346
3094: 2739
4790: 3137,871,202,3801
3096: 369,3486
3097: 965,2669,3700,1693,4296
3098: 4034,169
3099: 920,957,915,1371
3100: 3422,3254
3101: 877
3102: 2359,4531,971,3484,3756
3103: 4210,4631,3743
3104: 3991,1768
3105: 593,2526,732,3722,1022
3106: 4794,2602,4295,4520
3107: 
3108: 2956,738,2211,4742
3109: 4138,565,1968
3110: 453,3178,5,1373,4252,3677
3111: 3268,3582,3508,1955
3112: 1113,1412,4660,1870,3875
3113: 2628,1894
4509: 1965,2089,4550,3404,1313
3115: 256,4077,2683,4576,1705,2167
3116: 1062,2468
4685: 2075,1880,1076
3118: 
3119: 3150,724,2001,1453
3120: 
3121: 3384,2243
3122: 2546,520
4719: 3343,813,3794,889
3124: 1212,4821
3125: 278,489,4376
3126: 
3127: 4669
4389: 
3129: 
3130: 4674,2821,1589
3131: 1077,2462
3132: 4099,757,1009,1905
4642: 4585,176,2436
4637: 134,3476,3199,3787,4524
4165: 399,1957
3136: 2339,529,4141,953
3137: 4790,3663,3434,202
3138: 66,12,459,4219
3139: 2928,3822,1113,3875,3682
3140: 
3141: 
4774: 
3143: 
3144: 1751,2116,2031
3145: 2945,47,680,3549
3146: 4502,2699,1233
3147: 3600,4260
3148: 2226,1254,2580,1371
3149: 2303,4710,4628,2373
3150: 3119,1298,2544
3151: 1358
3152: 315,3611,2395
3153: 2175,1281,1869,2039
3154: 1067,1583,4125,3287
3155: 3554,2179,3851,3885
3156: 459,3640,34
3157: 3688
3158: 1390,1263,896,1003,616
3159: 2196
3160: 4057,4362,2742,4055
4202: 4800,3679,1610
3162: 3925,932,2744
3163: 2496,3523,4138,1968,1479
3164: 874
4222: 3669,518,3948,2523
4700: 2841,2820,4734,2750
3167: 2155,3359,1065,2514
3168: 1785,784,4656
4435: 1143
4247: 1115
3171: 4122,1080
3172: 3208,4814
3173: 2080,2478,3785,40
3174: 3453,4795
3175: 4760,457,2141,1702
3176: 1741,590,1494,2295
3177: 1828,2050,1634
3178: 453,3110,802,3670,3677
3179: 1916,181,62
4451: 4388,670,1888
3181: 4661
3182: 160
3183: 3988,2538,816
3184: 2494
3185: 4416,4557,4643,853
3186: 2989,3409,2530,1469,1862
4276: 2856,14
4722: 2158,4109,3637
3189: 2274
3190: 1054,993,494
3191: 3845,2999,2061,4394,3036
3192: 1744,3773
3193: 2702,1931,1234
3194: 
3195: 610,4399
3196: 1041,2771,2813
3197: 468,2333
3198: 3584,1430,374,3621
3199: 4637,134,3583
3200: 1879,34,747
3201: 3512,3418,854
3202: 4524,4767,1985,1864,3476
3203: 3526,322
3204: 3483,1706,3523,972
3205: 1717
3206: 567
3207: 1098
3208: 272,3172,4716,4814
3209: 1024
4404: 3500,2858,2104,228
3211: 1570,177,3214,2393,2493
4630: 
3213: 799,542
3214: 367,33,243,2493,3211,177
3215: 2360,1531
3216: 1212,964,2839
4429: 3826,1787,3736,3761
3218: 3883,2930,2781
3219: 2845,3367
4641: 1438,996,1809
3221: 437,1125,2727
3222: 4427,2472
3223: 880
3224: 400,3063,3945,1531
3225: 1842,2649,2600,2429
3226: 970
3227: 
3228: 3706,1708,1638,2908
3229: 1126,3628,1389,1304
3230: 3976
3231: 3065,3768,2911,1010
3232: 1534,166,4548,2510,2639,3951
4307: 2
4812: 4520,609,3641,819,1582,3491,1082,3675
3235: 
3236: 2086,1251,237
3237: 
4515: 
3239: 1824,2046,1912
3240: 3876,4073
4441: 1809,2422,2506
3242: 919,1148
4237: 2711,1073,367,243
3244: 4365,4614
3245: 1254
3246: 3389,523
3247: 2282
4771: 2195
3249: 
3250: 133,2158,1294,830,3788
3251: 1351,802,4485,2137,4116
3252: 4141,4518,953,491
3253: 2773,4346,3617
3254: 3422,3100,4610
3255: 4115,329
3256: 
3257: 1387,1186
3258: 2843,793
3259: 2698,4486,3777,4149,4815
3260: 893,3915,764,2630
3261: 4364,1640
3262: 3981,2877,403,4569,4626
4231: 2515,4184,2095
3264: 2773,1514,1653
3265: 2532,2365
3266: 993,33,1771
3267: 4455,1993,4159,4542
3268: 3111,57,712,3582
4677: 1061
3270: 1047,3493
4158: 366,668,81,1567
4267: 4439
3273: 4155,2314,4230
4623: 1879,34,3640,4193,1993
3275: 3562,2134,728,1781
3276: 3656,4335
4777: 798,1321
3278: 3654,4575,1740,97
3279: 4673,867,998,3390
4334: 2714,1819,628
3281: 4788,3641,1498,2107
3282: 3289,1502
3283: 727,1926,198,4398,4032
4751: 3593,1652
3285: 424,817,4015,4728
3286: 2784,382
3287: 2818,1067,3154
3288: 2384,356
3289: 1502,3282
3290: 4193,2127,3667,4455,1993
3291: 1883,1155,4539,982,4798
3292: 930,1396,3845,2999,699
3293: 650
3294: 4221,239,4531,3484
3295: 4103,706,2680
4143: 3560,1252,2499,1650
3297: 26,844,4636
3298: 4604,2637,1192
3299: 2108,939,671
4519: 
3301: 824
3302: 2476,179,4808
3303: 2355,4768,2487
3304: 
3305: 4737,4427
3306: 1756,3493,2118
4220: 781
4129: 474,1918,4271,2095,4184
3309: 2805
3310: 791,3339,3608,859
4401: 
4673: 3279,3929,1711
3313: 
3314: 4125,1136,1249
3315: 3786,2888
3316: 1093,978,1607,1671,4768
3317: 3629,4410,3648,4803,368
3318: 3661,2707,2598
3319: 4795,2658,2141
3320: 4817,3467
3321: 1015
3322: 3741,2979,892
3323: 3800,3332,3899,3424,1642
3324: 2171,2761,1008,2858
3325: 4444,417,4023
3326: 
3327: 3568,405,1242,4749
3328: 1016,1343,789,952
3329: 2611,627,1487,2576
3330: 
3331: 2701,4698,3079
3332: 531,2614,1642,3323
3333: 2559,4806,1867,3461,2759
3334: 1196,1070
3335: 1031,4384,373
3336: 3994,1749,463
4327: 42,1774
3338: 3779,2313
3339: 3310,791,2510
3340: 2511,543,3782
4405: 458
3342: 2894,1901,1900,2589
3343: 4680,4719,2665
3344: 973,3091,2925
3345: 562,2450
3346: 4379
3347: 2326,598
3348: 4793,431,4818,2567
3349: 1856,583,3896
3350: 3395,702,292
3351: 4752,2882,738,3525
3352: 
3353: 697,3530,444,2335
3354: 
3355: 2373,229,1375,1685,4496
3356: 
3357: 974,3964,4655,2072,2392,1459
3358: 2501,1474,4506
3359: 3167,2155,2514
3360: 
3361: 1786,202,3658,3710
3362: 1814,343,4568
3363: 1431
3364: 
3365: 1259,349,212,1469,4101,2989
3366: 3801,1519,1436,2886
3367: 1129,3219
3368: 4814
3369: 3876
3370: 
3371: 1353,925
3372: 2066,3669
3373: 780,4113
3374: 2543,219,2357
3375: 
4249: 4793,431,2465
3377: 2479,4419,4592,186,2017
3378: 2436
3379: 1475,2734,263,2117
4575: 3654,3278,1740,2097,3453
3381: 
3382: 1139,199
3383: 
3384: 3121,2243
3385: 842
3386: 2633,2200,2347,4311
3387: 2622,4347,1014,3999
3388: 4470,2351,4072
3389: 3246,523
3390: 2090,3428,3279
3391: 1069,4159,404,4616,1679
4261: 1764,3428,4652
3393: 4189,2325,2552,714
3394: 2184,3907,4059,795
3395: 3350,702,446
4212: 4371,4756,1789,4437,2809
3397: 47,1535,2945
3398: 1438,2422,3455
3399: 3014,1310,3959
3400: 2274,4246
3401: 3900,2816,879
3402: 780
3403: 352,3800,3899,3869,3859
3404: 3824,4509
3405: 1745,2151,1806,1677,3470
3406: 
3407: 1088,2049
4773: 2805
3409: 2145,2989,3186,3986,2530,1259
4689: 4105,1287
3411: 2104,3512
3412: 652,2655,933,2698
3413: 2189,2830,3591,360,900
3414: 1211,2767,1944,75
3415: 1141,614
3416: 4059
4302: 2844,113,2146,4680
3418: 3014,848,854,3201
3419: 2919,1256,2823
3420: 1114,4710
3421: 
3422: 4472,3254,3798,3100
3423: 816,3603,2687,2833
3424: 4408,1642,3800,785,3323
4750: 170,2582,4611,1783,2961,493
3426: 2099,1377
3427: 2370,1163
3428: 3390,4652,4261
3429: 2525
4417: 2897,3083,4780,3829
3431: 2833,2619,1782,4111,2094
3432: 2373,229,2608,2303
3433: 2645,4747
3434: 202,1024,3663,3137
3435: 1078,2772,4108
3436: 643,1419,3923,246,3653
3437: 
4335: 3656,3276
3439: 2524,1408
3440: 4025
3441: 1728,1094,1048
3442: 
3443: 834
3444: 3574
3445: 1273,3089
3446: 808,4599
3447: 245,206,52,268
3448: 47,3549
3449: 4252
3450: 2693,449
3451: 2608,304,775,2210
4179: 3482
3453: 3174,2097,4575
3454: 4715
3455: 3398,2422
3456: 3015,1196,4508,2415
3457: 3820,1392,879
3458: 1399
3459: 
3460: 4298,4500,1173,4456
3461: 3057,4197,3333,2759
3462: 2221,24
3463: 501,1160,4060,781
3464: 1251,4293,976,4099,1513
3465: 2683,311,916,1859
3466: 611,240,2835
3467: 3868,720,4817,3320
3468: 3669,372,4822,4440,2523
3469: 1833
3470: 559,1677,478,1806,3405
3471: 428,2310,21,163
3472: 4799
3473: 1365,4269
3474: 
4411: 
3476: 4637,134,3202,4524,1864,1206,1998
3477: 1808
3478: 1816,2662
3479: 699,4377,4282,930,766,2941
3480: 2230,2794,1767,2481,584,2456,4434,868
3481: 2432,2869
3482: 1115,4179
3483: 3204,373,1706,2416
3484: 971,3294,4531,3102
3485: 1044,4615,4497
3486: 369,3096,2242
3487: 1827,3677,1507
3488: 239,4531,1622,53
3489: 
3490: 644,1331,2890
3491: 1582,4812
3492: 3657,157,2660
3493: 3306,3270,2118
3494: 886,951,3676,2519
4759: 
3496: 3682,1413,91,157
4216: 2000
3498: 
4240: 
3500: 4404,1522,655,2858
4699: 4613,533,4603
3502: 4477,2470,3726,2198,385
4453: 351
3504: 
3505: 4760,457,2342
3506: 1618,3891,3526
4823: 4201,2185,894,2182
3508: 4130,1405,3582,3111
3509: 1574,4054
3510: 551,710,1161,3659
3511: 3862,1749
3512: 3201,3411
3513: 2478,4343,4207
3514: 
3515: 2906,3885,823,2179
3516: 897,1561
3517: 737,1064
3518: 355,1030
3519: 4804,4645,1537,2286
3520: 3091,3725,1033,2494
3521: 3957,2954,214,2957
3522: 2748,1657,2736,4766
3523: 2496,3163,3204,972
3524: 3596,284
3525: 3985,4752,3351
3526: 3203,3506
3527: 195,1659
3528: 3947,4813,2457
3529: 1658,2906
3530: 1927,697,3353
3531: 2101,989,2076
3532: 4775,3689,4318,1816
3533: 718,3064,3687
3534: 2305,155,3975,4733
3535: 
3536: 2215,99,2566
3537: 3011,2239,646
3538: 2735
3539: 1875
3540: 1899,488
3541: 4169,4009,2611,624
3542: 501,1160,283,233
4574: 402,640,3910
3544: 3673
3545: 902,947,494
3546: 2277,1822
3547: 4629,1265,3659,170,908
3548: 2909,95
3549: 680,3448,3145
3550: 432,3646,408
4620: 
3552: 141,829,39,3761,3061
3553: 2104,1501
3554: 2179,1914,3155
3555: 1979,1549
3556: 2764,4712,3877
3557: 2142,1203,3027
3558: 3731,2256
3559: 1510,1677,1745,1191
3560: 4143,1252,2499,1854,3908
3561: 4326,2983
3562: 3275,2134,3831,783
3563: 3753,2625
3564: 1653
3565: 1185,3767
3566: 159,2159,8,2341
3567: 312,4287
3568: 405,3327
4612: 
3570: 1389
3571: 4010,2168,4455,4542,3844
3572: 4294,3943,1274,1914
3573: 3590,4084
3574: 3444
3575: 228,840,4698
3576: 2394,1729
3577: 
3578: 2105,1232,3625
4727: 1511,1524,547,474,1201,829
3580: 4650,1997
3581: 4243,875,2424
3582: 712,3268,3111,3508
3583: 2722,2770,3199
3584: 3198,36,3621,4020,4713
3585: 
3586: 1906,1815,2663,1332,3661
3587: 3718,841
3588: 4448
3589: 1263,2636
3590: 3573
3591: 2830,4654,3413,1641
3592: 3051,344,767,1436,715,411
3593: 4751
3594: 
3595: 
3596: 1556,3524,284,3042
3597: 3905,996,1696,3978
3598: 4031,4325
3599: 3994
3600: 3147
3601: 1044,4615,299,3024,2648
3602: 870
3603: 816,3423,2833
3604: 242,2089
3605: 2657,1310,3924
3606: 1320,4298,1173
3607: 2604,4166,1987
3608: 3310,791,859,551
3609: 1767,406,725,4102
3610: 4376,165,4306
3611: 721,2395,1495,3152
3612: 4198,390,1569,3044
4541: 
3614: 
3615: 45,3831,427,3950,1385
3616: 819,4314,1082,350
3617: 3253,1429,2205
3618: 275,2107,2815,3061
3619: 20,2100
3620: 686,1823,1981,1025
3621: 3048,374,3584,3198,2204
4818: 1509,3348,431,2567,2166,1824
3623: 4551,1534,4548,224,2442
3624: 1172
3625: 2105,3578
3626: 1101,820,4782
3627: 4495
3628: 1304,3229
3629: 3317,4410,3648
4445: 2379,4283
3631: 3023
3632: 149,1956,1961,466
3633: 2269,384
3634: 2036
3635: 
3636: 289,848,1941
3637: 1907,4109,4722
3638: 
3639: 1424,1431
3640: 3156,34,4623
3641: 4788,609,3281,4812
3642: 3027,2077
3643: 2899
4692: 
3645: 2840,97,1933
3646: 1516,3550
3647: 4357,1203,2587,4766
3648: 2842,2935,4803,3317,3629
3649: 1940,305,2720,375,3047
3650: 564,1256,2823,85,1730
3651: 526,4354
3652: 355,1340
3653: 246,1200,3881,3436
3654: 4575,3278,1740,4795
4173: 4283,918
3656: 3276,2023,4335
3657: 3492
3658: 3710,3361,920,2226
3659: 2961,1161,3510,3547
4175: 713,4503
3661: 3318,1332,3586,1906
3662: 1386,2287,2288
3663: 3434,3137
3664: 601,2964,672
3665: 269,1410,2931,1695
4241: 1763,2193,903
3667: 4010,3827,3290,4455
3668: 
3669: 4222,3468,3372,372,2066
3670: 4734,3677,3178
3671: 1817,1363
3672: 2964,862
3673: 4817,1220,3544
3674: 1034,4332,1619,3836
3675: 1082,4812
3676: 4392,2519,3494
3677: 3670,3178,3110,3487
3678: 1734,3823
3679: 4800,4202,1043
3680: 4223,4454
4507: 2832
3682: 4118,3496,3875,3139,2928
4313: 980,7,2065
4304: 4413,469,3957,2954
4634: 616,3767,1245,4271,1524
3686: 1132,805
3687: 4223,3533
3688: 3157
3689: 4422,4775,3532
3690: 3873,4128,1732,3755
3691: 702,2004,4709
3692: 2505
3693: 3898,4820,4461,3055,2053
3694: 2174,1258
3695: 3802,4679,2965
3696: 1213
4266: 2124
3698: 1401,4768,1829,4300,4107,2993
3699: 
3700: 2669,2015,3097
4811: 1377,3790,1546
3702: 1896
3703: 800
4388: 4451,908
3705: 683,4618,3792,1641,534
3706: 3019,1708,3228,1190,2908
3707: 
4556: 4269
3709: 4323,1775,1563
3710: 3658,1958,3361,1639
3711: 259,2845
4440: 4822,85,3468,2523
3713: 3812
3714: 2822,1168,2272,144
3715: 2749,4668,1604,2362,4038
4262: 1300,1746,2045,1759
4456: 2663,3460,4027
3718: 1164,3587
3719: 2137,3012,4316
3720: 
3721: 1724,1587
3722: 1022,3105,2478
3723: 4343,3785,246,1515
3724: 1650,2460,4170,709
3725: 3091,3520,1671
3726: 2198,4203,3502
3727: 3976
3728: 2128,1715,2459
4500: 3460,1628,4027
3730: 1744,2462
3731: 4296,1693,3558
3732: 978,1607
3733: 4654,299,534,4497,4615
3734: 4135,3775,1395
3735: 1624,1915,3989,1018
3736: 203,4019,4429,3826
4653: 4106,1808,2933,1270
3738: 4793
3739: 
3740: 4400
3741: 3322,2979,763
3742: 2268
3743: 1402,4631,3103
4800: 3679,1610,4202
3745: 3774,1863,2905,316,3084
4217: 4479,487
3747: 217,1136
3748: 
3749: 2290,4744
3750: 1031,530,4588
3751: 4049,1639,871
3752: 1521,87,2196,78
3753: 3563
4813: 2267,3528,2457
3755: 1732,3873,3690,173,2004
3756: 4551,3102,2359,1534,166
3757: 2268
3758: 4586,1289,2562,3975,4733
4245: 1006
3760: 1040,1870,2871
3761: 39,1787,3552,4429
3762: 1601
3763: 963,902,4110
3764: 860,207
3765: 
3766: 752,2629,4094,2655,933,263
3767: 4634,616,1245,2790,3565
3768: 3231,3065,1952,913,1425
3769: 4368,4724,4728
3770: 280,3931,2509
4413: 469,4304
3772: 
3773: 3192
3774: 4033,1863,3745,2905,3980
3775: 3734,832
3776: 2059
3777: 877,3259,4486
3778: 
3779: 2512,2277,3338,2313
3780: 2893,2809,2051,482,2947
3781: 1794,2420,4499
3782: 3340,543
3783: 169,1580,4781
4176: 1451,60
3785: 3173,40,1515,4343,3723
3786: 3315,1183,2168
3787: 2246,4524,4767,4637
3788: 947,3250,17
3789: 2994
3790: 4811,606
3791: 1776,2079
3792: 2981,3705,4618,534,917
3793: 1069,404,1879,747,2199
3794: 889,4719,4055
3795: 4434,2109,432,1418
3796: 3058,2194,1525
3797: 4516,1182
3798: 2632,3422
3799: 3984,2900
3800: 352,3403,785,4607,3323,3424
3801: 3366,2826,4790
3802: 3695,4679,1100,4446
4595: 1303,4708,497
4400: 3740
4799: 3472,4192,4711
3806: 4189,509,460
3807: 4351,1919,1059,588
3808: 129
3809: 1989,1505,1846
3810: 1477,1692,1802
4342: 
3812: 2186,1464,4160,4166,3713
3813: 2980,3052,1587
3814: 4206,2413
3815: 4386,4224,2083,2919,1337
3816: 968,1853,161,1351
3817: 669,990,2186
4448: 3588,2884
4578: 66,2928,4447
3820: 3457,1392
3821: 845,4469,914,227
3822: 1174,3139,3878
3823: 703,3678
3824: 1337,3404
3825: 493,1127,4601
3826: 4429,1602,3736,4019
3827: 1165,4625,2646,2127,3667
3828: 
3829: 1579,4417,2786
4337: 1888,968,2225
3831: 3615,45,783,3950,1002,3562
3832: 3938,89
3833: 2637,253,4230
3834: 2966
3835: 687,3960
3836: 4285,484,1327,1619,3674
3837: 1158
4589: 221,2213
3839: 4343,1419,3993,1145,1284
4321: 4704,1596
3841: 651
3842: 2581,1072,600,2963
3843: 2138,721,2612
3844: 4542,733,1119,3571,2298
3845: 2999,3191,2061,3292,498
3846: 2156,4644,1266,1845
3847: 822,2435
3848: 2193
3849: 1009,1150
4126: 
3851: 1651,3155
4218: 4188,1118,2443,1517
3853: 1612,4075
3854: 2647,3858
3855: 3045,4146
3856: 1394,4513,4729
3857: 2433
3858: 218,3854
3859: 3956,3869,4057,4362,352,3403
3860: 2719,4111,4311,2094,2657,2347
3861: 1368,945,176
3862: 3511,4396
4770: 2009,1929
3864: 
3865: 
3866: 
3867: 2554,420,774
3868: 3467,1873
3869: 439,3899,4362,2768,3403,3859
3870: 681,1904,227,2986
3871: 4355,2130,391,1440
4330: 4287,1996,2046
3873: 3690,173,3755
3874: 1052,3912,2143,2557
3875: 1113,3112,3139,3682
3876: 3240,3369
3877: 4712,3556
3878: 1113,153,4002,3822
4130: 1405,1507,3508
4300: 4768,1829,3698
3881: 110,3653
3882: 1119,2115,1539,3979
3883: 1172,3218,695,2930
4317: 314
3885: 3515,2179,3155,83
3886: 726,2646,663,2327,1183,1520
3887: 2668
4780: 2897,2468,4417
4550: 1965,4509,1313
3890: 1979,418,2084
3891: 3506,2162,2795
3892: 2628,4066
3893: 3897,995
4535: 
4492: 726,2646,2818,221,1165
3896: 3349,1856,1794
3897: 3893,4163,2287,2613
3898: 3693,4297
3899: 439,1632,3869,3403,3323
3900: 3401,513
3901: 1420,823,4649
3902: 1891,4546
3903: 4192,873,2532
4617: 4077,4428
3905: 3597,996,2384,356
3906: 718,4355,2746
3907: 2184,3394,1153,4065,795,2746
3908: 4717,1854,980,3560,2499,27
3909: 2564
3910: 4235,4574,1633,640,671
3911: 2044,948,1301
3912: 3874
3913: 4572
4679: 2418,950,3695,3802
3915: 3260,893,764,2306
3916: 4503,4553,1624
4807: 4781
3918: 4511
3919: 4421,4611,1783,1805
3920: 147
3921: 1668,2987,272
3922: 2052,1769,2553,3009
3923: 643,3436,4100,57
3924: 1310,4658,3605
3925: 3162,932
3926: 507
3927: 164
3928: 
3929: 4673,1711,2640,4652
3930: 1575,1463,2070,182
3931: 1939,2576,3770,280
3932: 
4264: 3039
3934: 2512,579,1713,649,247
3935: 561
3936: 375,1611,2915,2720
3937: 
3938: 3832,89,338,2024
3939: 567,1505
3940: 1139,948,1301
4122: 1780,3171,1080
4518: 4141,3252,4767,1985
3943: 1274,3572
3944: 
3945: 806,3063,3224
3946: 
3947: 3034,3528
3948: 4481,518,2066,4222,4329
3949: 2932,4483
3950: 1053,1385,3615,3831,1352,2134
3951: 2639,4003,3232,4548
3952: 2929
3953: 2802
3954: 
3955: 504,1721
3956: 2178,3859,352,1927,1372
3957: 2954,3521,214,2702,4304
3958: 4678,4701,3074,1384,681,1904,4809
3959: 309,1305,3399,854
3960: 454,3835
3961: 
3962: 2563,604,2048,4079
4295: 3106,4520
3964: 421,4655,3357,2819,1459
3965: 3990,1460,1754
3966: 646,849
3967: 2323,4200
3968: 1803,311
3969: 
3970: 2333,1347,61
4374: 1282,2222
4791: 2163,1235
4795: 3319,3174,3654,4180
4669: 3127,2412
3975: 155,580,3534,4733,3758
3976: 3727,664,1219,3230,762
3977: 3071,124
3978: 1696,383,3597
3979: 461,3882,1119,2208
3980: 1428,3774,2905
3981: 2877,3262,403,1893,1670
3982: 
3983: 614,2985,160
3984: 3799,2900,4000,2939
3985: 4443,4752,3525,2151,1739
3986: 2145,3409,1406,216
3987: 597,3073
3988: 3183,2538,2950
3989: 1018,1624,3735
3990: 3965,1947
3991: 3104
3992: 2522
3993: 1145,1284,583,3839,1886
3994: 3336,1749,3599
3995: 
3996: 4382,4119,1468
3997: 2292,159,2440
3998: 4707,1201,899,2815
3999: 674,2622,3387
4000: 3984
4001: 1983,2317
4002: 1240,153,1123,2391,3878
4003: 670,1888,3951
4004: 4522,805,2366
4005: 363,92,2944
4775: 3532,2164,4279,525,3689
4007: 2008,2271,4748
4144: 1395,4128,832,857,1104,167
4009: 71,3541,624
4010: 3667,4455,3571
4364: 3261
4012: 1881,185
4013: 1881
4014: 794,214
4015: 1842,3285,4557
4016: 2911,1425,455,845
4017: 187
4018: 2634,1533
4019: 3064,3736,3826,1602
4020: 2284,4713,3584
4021: 2704,2162
4022: 2479,4419,4195,728,1781
4023: 2568,4573,417,4444,3325
4738: 2412
4025: 2071,3440
4026: 1154,2971,251
4027: 2321,4500,4456
4028: 942,877,1855,1343,4199
4029: 2047,2893,1863
4030: 1178,1071,985
4031: 3598,636,1308,4325
4032: 3283,1926,198,1262,1083
4033: 3774,1863,2893,2947
4034: 3098,2591
4035: 
4696: 4454,2623
4037: 4403,2997,2506,370
4038: 1448,2540,2749,3715
4629: 1265,3547,908,670
4040: 
4041: 2639,1769,224,2553
4477: 2470,2152,3502
4043: 4339,22,2836
4044: 639,2129,2477,107
4817: 720,3673,997,3467,3320
4046: 1992,1962
4047: 1595,1170,1471
4048: 2878,2062,4221
4049: 1639,3751,1958,4714,647
4194: 4403,1299
4051: 1226,599,2991
4052: 
4053: 3086,4564,73,1374
4054: 1422,3509
4055: 2742,621,3794,3160
4056: 
4057: 4362,3160,2742,2178,3859,2334
4058: 4786,2640,1294
4059: 3416,2184,3394
4060: 3463,781
4394: 4449,3036,2999,3191
4062: 1795,4628,1637,271
4063: 1378,1143,4802
4064: 2369,2474,1141
4065: 1153,2184,3907
4066: 2628,3892
4531: 239,3488,1622,3294,3484,3102
4068: 2894,4779
4069: 2093,2634
4070: 56
4071: 4569,4626,1432,372,2659,4822
4072: 758,1099,3388,2914
4073: 4792,3240
4074: 2256,2083
4075: 3853,1612
4076: 4377,4282,2293,865,922
4077: 256,3115,4617,2683
4078: 1040,247
4079: 1412,633,3962,604
4193: 2127,3290,4623,1993
4081: 4344,635,2105,648,4798
4446: 833,3802
4083: 326,162,1632
4084: 852,2618,3573
4085: 2813,336,2771,136
4086: 3020,189,4308
4087: 2529,2235
4088: 511,4670
4089: 369,43
4243: 3042,3581,2820,354
4091: 
4092: 8,2154
4093: 2691
4094: 3766,2629,2140,2655,933,586
4095: 225,1697,2387
4096: 4801,1150,1905
4097: 1895
4098: 1143,4783,4802
4099: 4293,976,757,3132,3464,150
4100: 1441,57,3005,3923
4101: 265,3037,3365,1259,212
4102: 725,4381,4406,3609
4103: 706,3295
4341: 266,1121
4105: 4689,1287
4106: 4653,4314,1270,2445
4107: 2993,1025,3698,4732
4108: 674,3435
4109: 1917,4722,3637
4110: 2711,3763,988,902
4111: 2719,3860,3431,1782,2094
4112: 2280,2108,182,4215
4113: 3373,2980
4114: 
4115: 3255,4802,1311
4116: 2864,2137,3251
4117: 1784,2356
4118: 3682,1413,2928