0: 2242,4089,3548
1: 1779,4804
2: 
3: 
4821: 1637,81,643,668,4360
5: 3409,4823,4116
6: 4274,915
7: 3115,1607,2633,3198
8: 3456,2417,4354,3231,1196
4728: 511,1927,3637,1739
4688: 4425
11: 2577
3833: 206,322
13: 2210,2616,2051,1968
14: 965,1600
15: 575,1440,4801
16: 1399,1898,892,1298
17: 2090,3085,1370,1764
18: 4285,2279,429
19: 3246,886
20: 4272,66,3357,3836
21: 
22: 3471,4339
23: 2681,1828
24: 2555,4200,2784
4153: 
26: 3105
27: 2166,980
28: 844,1944,964,1567
29: 
30: 
31: 4768,318
3932: 1170,1429,2477,3334,4044
33: 4055,2665,4742
34: 4149,3112,4079
4478: 
36: 241
4083: 1680
38: 2559,4163,3733,2548
39: 3422,1582,2781
40: 3873,2403,1604,4391
41: 1801,4348
42: 1299,1697
43: 
44: 800
4028: 1616,942
46: 4648
47: 1246,4507
48: 3411,3924,4782,4820,1454
49: 789
50: 1940,1827
4657: 1237
52: 
53: 3054,1520,3391,4589,1063
4638: 4661,441,2641
4711: 2162
56: 
57: 4252,3923,2442,3268
58: 1769,1091,4629,3009
59: 3318
60: 4132,520
61: 2029
62: 197,2874,3370
4645: 388,1273
64: 4372,4155
4324: 513,4009
66: 20,3357,3292,1393
3923: 57,4252,506,3268
4318: 3532,160,2351
3911: 150,71,4231,1468
70: 771
71: 150,3911,4065,1524
72: 4367,317,750
73: 3304
74: 2634
75: 2529,2727,2995,1833
76: 1815,3521,1639,2226
77: 2965,2981
78: 3302
79: 2446
80: 
81: 1637,4821,643,354,668
82: 4634,4462
83: 268,2803,801,689
84: 
85: 1638,2256,4644
86: 722,4808
87: 2913,1707
88: 
89: 2669,3553
90: 1951
91: 1396,4078,270
3925: 2894
93: 3874,4441
4631: 2732,4628
95: 2797
4169: 2097,3931
97: 4630,4795,1962,1433
4177: 3519
99: 2587,2987
100: 4822,4038,304,1262
101: 109,3927,2788
102: 521,3199,3310
4743: 1296
104: 
4155: 64,813,1225
4346: 3525,352,4057,559
107: 3550,639,2456,4789
108: 3845,927
109: 101,2637,1202,3927
110: 2526,3534,1563,4165,506
111: 3802,1819,394
112: 
113: 1204,1771,2146,830,4362
114: 
115: 4452,3022
116: 3382,875
4503: 1961,3001,2368
3903: 4021,1958
119: 
120: 2784,4200
121: 223,1627,4253,2603,4020
122: 3958,4030
4733: 124,2426,933
124: 4733,4406,933
125: 
126: 
4198: 2140,2335,4486
128: 3113
129: 2772
130: 
131: 3709,971,4767,221
4275: 
133: 1287,439,2233
134: 4524
4566: 2187,2395,4715,3611
136: 
137: 
138: 3825,2878,4587,2635,1805
139: 
4640: 3722,224,2478,4450
141: 4286,3064,4184
4410: 4278,4402,1105,1011,2019
4368: 2088,1080,755
144: 421,4739,2344,4282
145: 445,2663,4025
146: 
147: 462
148: 3221
149: 2142,1825,1915
150: 3911,71,4231,1524
151: 4195,2326,1009,1385
152: 
153: 3496,2871,1174
154: 2289
155: 217,1175,1647
4701: 339,2775,2547,569
157: 3619,1517
158: 3748,1345
159: 2447
160: 4274,4318,3261
161: 3547,1373,1972,4130
162: 1916,2637,821,2844
163: 3204
164: 2675,3515,2179
165: 4071,1319
166: 2128,1463,2339
167: 3097,4626,1973
168: 743,4185,1201,3767,2488
169: 1462,4549
170: 1206,2722,4421
4626: 3097,167,1856,1973
3864: 
173: 2208,1189,3839,2443,2416,3267
4745: 2641,3792
3992: 1304,4773,1808,1018
176: 
177: 507,3305,1219
178: 
179: 
180: 763,1710
181: 3083,442
182: 647,1598,2986,4141
183: 357,4790,1888,1265,1288
4611: 3608,4750,614,4700
185: 2580,2751,1234
186: 4775,2914,1466,1784
187: 1701
188: 965,332
189: 947,4399,653
190: 1343,2213,4351
4729: 
192: 665
193: 
4756: 2918,1649,2809
195: 1211,3414,4223
196: 2880
197: 62,4321,2874,1208
198: 3734,3483,484
199: 3996,4491
200: 4450,2857,3877,4196
4772: 2693,3239
202: 
203: 2620,1602,829,2269
4296: 
205: 2691,2771
206: 2906,3833,1043
207: 1863,2047
208: 
4427: 3222,2588
4099: 3037,4760,2153,2086,3012,4525
211: 
212: 3409,598,1441
4364: 1047
214: 
4030: 3958,122
216: 2369,433
217: 155,2266,1532
4086: 877,1558,3259
3873: 40,338,2403,4391
3995: 
221: 2080,3756,131,3709,4451
222: 
223: 121,1627,2603
224: 4640,3722,4207
225: 3980,2105,4798,635
226: 1696,2997,872,4741
4027: 1348
228: 2925,1025
229: 2373,4398,4499
230: 4618,1386
231: 
232: 
233: 
234: 4260,2215,2790
235: 1223,1114,1738,2540,3649,3047
4781: 1353,1523,932,3075
237: 1211
238: 2231
239: 678,1943,580,2327
240: 4107,4732,1634,374
241: 820,36,2900
242: 4440,489,3731,4224
243: 1044
4742: 2158,33
4477: 2914,4775
246: 4329,2420,4343,292,461
247: 4416,1855,3760
248: 2848
249: 3627
250: 
251: 893,1462
4374: 
253: 4321
3920: 
255: 2209,2918,1649,1664
256: 3125,1730,4785
257: 2027,1431,2337,1000
4190: 3412,3769,1855,1704
3860: 2392,4282,2344,3546
260: 4804,2716
261: 
4780: 567,3809
263: 2048,2129
264: 
265: 3645,2056,1620
266: 3122,4432
267: 3597
268: 83,1793,4424,689,4016
269: 1994,3040,1254
270: 91,1788,1752
271: 3109,4128,4822,4398,4499
272: 1655,858,3967
273: 718
274: 4210
275: 4520,4506
276: 1302,2128,3882
277: 
278: 4077,973,4768,2460,460
4288: 1632,3855,3334
280: 437,1933,3538,2342
4246: 3360
282: 3252,3299,3154
283: 4192,1234,944
284: 2841,1381,2137
4530: 2437,1819,4802,414
286: 1147
4309: 504,4043,1733
288: 1163,3961
4817: 3585,1389,4777,876,483
4695: 3574
4614: 1808,1682
292: 1955,246,461
293: 
294: 432,2647,3910,4102,4125
295: 2389
4058: 425,4673,1151,4819
297: 3619,1713
298: 3359,4607,1192
299: 4658,3183,2793
4804: 1,1779,260
4769: 836,3273,3359,486
4659: 653,1949
303: 2028
304: 4010,4038,100
305: 3047,1223,1940
306: 
4577: 3806,4588,4071
308: 1869,2429,4557,3603
309: 2293,1995,2207
4582: 1696,2997,4194
311: 4173,2167,2858,1724
312: 3184,756
3986: 4316,1935,1385
3832: 4384,2439,2856
315: 721,4217,4762
316: 3868,1321
317: 4235,72,750
318: 3698,31
4015: 3587
320: 
321: 539,3823,2939
322: 3833
323: 4347
324: 
4592: 1935,1197,1009,2217
326: 1204,1771,3068,736,3250
4680: 3829,1846
328: 1947
329: 4435
4100: 1373,1534
331: 1329,1863
332: 3556,1706,188,965
333: 3109,4822,1970,1750
334: 924,4218,2659,1256
335: 
336: 2430,4189,3363,1133,1041
337: 690,3634
338: 3873
339: 3768,2775,4701,2547,4498,2352,402
340: 664,3020
341: 4269
4786: 4244,3956,2571,2601,3403
343: 2472,2737,587
344: 4003,791,4048,3881
345: 2167,714,1941,3968,2355
346: 1172,1301,4271
4049: 1775,1141
4333: 2099,4496,695,4520
349: 2474,4064,2470
350: 4579,4653,3000,3491
351: 
352: 4346,3525
4203: 1099,3388
354: 3358,1886,668,81
355: 2017,3458,1466,3077
356: 1434
357: 3245,183,908,4790
358: 849,3957,1815,4304
359: 3008,2007,3742
360: 494,4497,2714,4399,2125
361: 3322
362: 3030,4087
363: 3506,4014,4413,3148
364: 1667,591
365: 4629,4700,4337
366: 4369,4343,1419
367: 1570,2543,4497
368: 4802
369: 4330,1673,3321,4017
370: 1015
371: 3421,2728
372: 860,3669,1313
4070: 1951
374: 1634,240,3316
375: 1095,1172,1637
376: 2782
377: 2020
378: 1645
4194: 4582
4325: 4034
381: 986,3021
382: 4114
383: 
384: 3215
385: 3505,3890,3295
386: 
4654: 1417,2548
388: 980,1458,4645
389: 1370,425,2922
390: 3667,3886
391: 3798,1251,1404,3254
4387: 
393: 2706
394: 4122,2842,111
4801: 3382,1181,3042,4708,575,15,4547
396: 1435,1624
397: 4439,1453,3209
4110: 3929,3328
399: 3251,3173
400: 2623,822
401: 2065,413
402: 2352,3176,339,2547,1384
403: 
3869: 1191,823,3617,1632
405: 1772
406: 2213,2698,4678,4351
407: 
408: 528,1302
409: 
410: 2983,4696
411: 715,2911
412: 2387
413: 2286,401,3514
414: 2842,2600,4530
415: 4717,4093,4077,4768
416: 
417: 4010,4709,702,4138
418: 
419: 1871,4334,4643
4085: 1484,4539
421: 4739,2344,144,3500
4274: 6,160,3261
423: 3137,2385,3915
424: 3374,2270,494
425: 4058,1151,4073,389
3909: 3789
3946: 4403
428: 931,3050,3331,3324
429: 4219,4633,2279,18
3999: 1814
431: 2186,1407,3316
432: 294,2647,905,4235
433: 2369,1406,2639,216
3898: 1733,2037,2836,4383,3693
435: 
436: 2659,2822,3693
437: 1513,1933,280,2754,1992
438: 3479,927,3779,1029
439: 1895,4097,2742,133,2233
4326: 4059,3633
441: 4661,4638,3378
442: 181,2666,4417
443: 4467,1883,4353,3735
444: 1904,4308
445: 145,4396
446: 4505,4596,536,3640,4580
447: 848,4229,2834,4225,2171
448: 1077,4807
449: 
3848: 812,2711,833
451: 
452: 
453: 3513,3488,3173
454: 
455: 1952,1192,2079,1071,3901
456: 3138,3964,4118,1034
457: 3275,2989,497,1469
458: 2880
459: 1275,3793,2749
460: 3639,278,973,4768,2460,2993
461: 4573,292,246,2420
462: 147
463: 2704,2365,646
4463: 561,1337,2089,3262
4054: 1574,1667,2849
466: 3106,1201,713,4703,3446,4764
467: 3466,3721
468: 3549,2469
469: 2635,710,4637,2459
470: 
3983: 3361
472: 
473: 4787,3265,1518,2911,2654
474: 4716,1564,3552,2815,4295
4710: 3432
476: 
4748: 1729
478: 2753,1343,4161
479: 2066,2809,565,2301,1893,1266
480: 
481: 2947,3647,3368,4746
482: 1013
483: 876,4817
484: 198,3734,4188,775
485: 1274
486: 4649,836,4769,3273
487: 587,3718,2472,721,4762
488: 2219
489: 2813,3731,242,4283
490: 767,1047
491: 528,4540,3930
4351: 576,4678,190,2769,2213,406
493: 2931,940,2859
494: 360,2270,424
4495: 3181
4005: 869
497: 1303,1690,457,2479,3654
3997: 2447,4012
499: 4298
500: 1620
501: 2154
502: 1718,2940
4196: 2857,3839,733,4450,200
504: 4309,3048,615,4043
4391: 1604,4625,40,3873,4165
506: 4165,110,3923
507: 4559,177,1219,3390
3919: 
509: 2332,3348
510: 1760,1565
511: 1927,4627,1016,3637,1739,4728
4344: 2324,3868
513: 3849,4009,3414,4324
514: 2482
515: 
516: 
517: 2229,840,4461,556,2892
518: 3981,2919,1630
4539: 1484,4085
520: 4132,60,1195
521: 102,3199,4337,1769
522: 
523: 
524: 1701
525: 3453,4388
526: 2598
4161: 4094,2481,478,2698
528: 4540,491,408
529: 3081,4767,678,2327,3975
530: 3824,3164
531: 738,3856,1512,3899
532: 1100
533: 4684,2876,2542
534: 4802
535: 
536: 4596,446
537: 
538: 
539: 321,2942,2939
540: 1341,3366,4601,2075
541: 1829,3560
542: 862,1530,2917
543: 2333
4675: 2319
545: 3876
546: 
547: 1825,1915,3916,2720,3552
4793: 1654
549: 2989,4823,1315,1853,792,3275
550: 2015,4214
551: 4337,614
552: 4073,867,3843,2161
553: 4334,1871,3338
554: 2779
4022: 3772,2134
556: 2284,2892,2229,517
557: 1439
558: 4223,1508,3906
559: 4346,4057
4268: 3765
561: 1313,4463,2089
562: 4059
563: 
4578: 1713,4263
565: 2301,2809,479
566: 960,1182
567: 3809,4780
4414: 2917,1342,3664
569: 3069,1948,4701
4455: 1275,2298,1022
571: 
572: 1252,3812,820,3575
573: 3250,2319
574: 
575: 15,4801,4259
576: 3314,4678,1412,4351,2769,4809
577: 2445,698
4423: 1149,3843,867
579: 2061,4778,685,1040
580: 3882,239,678,2327
4402: 4410,4278,1011
4281: 
583: 3124,3649,620
4093: 4717,415,3465,1501
585: 
586: 4251,1261,3016,1767,4102
587: 487,2472,343
588: 3351,2769,4809
589: 
590: 2459,1161,4685
591: 4278,364
592: 890,799
593: 4451,3756,1289
594: 879
595: 2912,1490
596: 3599
597: 1941,2200
598: 1441,3009,3719,212
599: 2636,3061
600: 874,3553,2701
601: 3435
4323: 2206,2426
4652: 2090,1683
604: 1496,1067,4149
4314: 2269
606: 4705,2839,2523,1491
607: 1238,1792,3100
608: 2661,2902,2093
609: 3616,991,1564,1545
610: 2952,4162
611: 1379,1033,3177
4218: 334,1256
613: 
614: 3186,4611,551
615: 3048,504
616: 4766,1795
617: 
4076: 2581,1327
619: 
620: 583,968
621: 1510,3470
4269: 341
623: 1802,3068,4127,2026,736
624: 2658
625: 
626: 3288
627: 4180,1117
628: 4466,1107,807,4618,3733
629: 763
630: 1135
631: 3226,2407
4439: 3511,2894,1453,397
633: 2313,1588,4643,4197
3962: 3087,2512
635: 225
636: 1308
4540: 528,491,1583,1575
4754: 4033,4543,4553,3764,3642
639: 107,3794,4789
640: 1982,3728,1575
641: 2645
642: 2286,686
643: 4821,81,4360
644: 1734
645: 1352,3960
646: 4021,1332,463,3885
647: 1598,182,4468
648: 
649: 766,2313,1588,1976,4726
650: 970
651: 2438
652: 1558,2391,3112,2512,1496
653: 4659,1949,189,4399
654: 1215,1397,3426,4131
655: 3227,3331,922,1541,3324
4594: 3692
657: 2097,3931,3770
658: 
659: 1796
4210: 3229,1910,274
661: 1129
4712: 4138,832,3948
4775: 1280,2057,186,1816,4477,2914,1784
664: 340
665: 192,4304
666: 2093
667: 1978,3961
668: 1567,354,1637,4821,81
669: 3014,2917,2250
670: 3005,3484,1783,1562,1974
671: 1715,3074,1528,2280
672: 3626,1342
673: 1118,1706,3706
674: 903
4385: 693
4437: 1375,2051,1794,2210,1649
4644: 2325,85,1638
678: 239,580,2327,529,3081,4767
4580: 3640,446,2053
680: 
681: 1194
4107: 240,2835,4732
683: 2649,4237,963,1044,1842
4320: 
685: 1029,1040,3479,579,4778
686: 642
3975: 1864,2224,529,4767
4674: 2418
689: 4424,83,268
690: 337,4145,2132,3634
4676: 
692: 1503,3523,4332
693: 4385,4673,1151
694: 2323
695: 2915,2099,4333
696: 984,2644,998
697: 2237
698: 3441,4794,4812,4480,577
699: 1788
700: 
701: 3358
702: 3979,2955,4010,417,4709
703: 
4223: 3414,1211,195,558
4525: 4795,3377,4693,2875,2086,3037,4760,4099
706: 987,2087
707: 3209
708: 995,3605,2263
709: 2240
710: 2635,1805,469,2459,1206
4026: 3207,1580
712: 3513,2864
713: 734,4703,4506,466
714: 2167,345,1941,4698
715: 411,2076
716: 
717: 2672,4623,1249
718: 273,1392
4658: 2010,1641,299,3183
720: 4233,1066
721: 315,3718,487
722: 86,3279
4708: 3042,4801,3670,4547
724: 1640,4013,920
725: 1494,1316,868,1688
726: 3290,1249
727: 2053,1459,3372
728: 897
3883: 4593,3790
730: 2280,3202,3930,1316
731: 3455
732: 1732,2298,1116,3793,3844
733: 4450,4196
734: 713,4703,3565
4341: 
736: 623,3068,326
737: 
738: 531
739: 4625,4444,3722
740: 3059,3965
741: 
742: 1563,3534,2021
743: 2933,168,4185,1474,3761
744: 2083,4509
4272: 20,4655,3357,3836,1503,4616
746: 2578,915,2985,1410
747: 857,2928
748: 
749: 2092
750: 72,317
751: 
752: 3225,4660
753: 1645
754: 4355,4662
755: 2088,4368,1949
756: 312
757: 795
758: 2462
759: 1424,769,1056,4532
4121: 936,2401
761: 
762: 1642,2405
763: 180,629
764: 3260
4166: 2366
766: 649,4724,3657
767: 490,1047,4013
768: 
769: 759,1056
4497: 360,367
771: 70,3834
772: 1639,1994,3665
773: 
774: 1790,2584
775: 974,4505,4188,484
776: 2071,4779,957
777: 1653,1746,4146
778: 3753
779: 2970
780: 3952,2050
781: 
782: 2395
4004: 2542,805,3782,4699
784: 2108,3051,4518
785: 4057,1595
786: 1489
787: 2147,3418,2042,3580
4724: 766,2313,1909,4404
789: 49
790: 1983,3509
791: 3659,344,4685
792: 1853,1315,549
793: 
794: 2598,1173,1698,2707,2944
795: 757,1508
796: 1283,2162,4060
797: 
4051: 
799: 3213,2585,1601,592
800: 44
801: 2803,3564,83
802: 
803: 3407
4021: 646,1332,3903
805: 2094,3782,4699,4004
806: 2184,1723,4019
807: 2371,1417,3317,628
808: 1003,3618,4766
4044: 1595,3932,1429
4569: 3955,1256
4490: 4805,4230,1746,1653
812: 3848,3390,1294,4479
813: 4155
814: 2550,4299,2423
815: 3193
816: 2082,3605,1004,2039
817: 2357,993,1148,2270,1570
4119: 
819: 1839,3422,1082,3826
820: 241,572,1540
821: 1542,162,2773,2844
822: 400
823: 3869,1191,3323,4372,2695
824: 3145,4522,1535,2838,3490
825: 
826: 996,4283,3731,4224,2131
4251: 3910,586,3016,2155
3991: 1774
829: 3826,2269,203
830: 4362,113,1771,4719
4693: 4795,3377,4525,2875
832: 4138,4712,3483,2053
833: 3788,2724,3848
834: 4797,1061
4785: 3610,1722,3125,256,4376,4214,2015
836: 4769,1516,486
4705: 606,2523,1491,2636
4449: 2793,4806
839: 2215,2375
840: 2229,517,4461,1693
841: 1078,1820,1017,4690
842: 
843: 1944,3297,964
844: 28,3416,3596,3670
4048: 3881,2510,4003,344
4720: 3403,3160,4513,2768
847: 2235
848: 447,3626
849: 358,4471
850: 1610
851: 1662,1415
852: 4763,3215,1861
853: 3763,1597,4559,1917
854: 
855: 
856: 2312,2203
857: 747,2928,4219
858: 272,1655,4106
859: 
860: 4481,372
861: 2567,3738
862: 542,1530,3423
4149: 34,3112,604,1496,1067,3822
864: 2820,4691,3582,3785,4551
4071: 165,4577
866: 
867: 2063,4423,552
868: 1316,1528,725
869: 4220,4005
870: 3912,4741
871: 1037,2770,1985
872: 226,4741
873: 2944
874: 1980,931,600,2701
875: 2841,3297,116,1991
876: 483,4777,4817
877: 3185,4086,3087
878: 3153,1040,2041
879: 594,1237
880: 
4073: 552,2161,425
4741: 1224,872,870,226
4815: 1616,1780,1080
4542: 4809,1844
885: 2454,3043
886: 4328,3431,19
4512: 2885
4271: 1301,2609,346,3790
3813: 4152,3514
890: 592,4564
891: 3108,4239,2405
892: 2584,1298,4744,16,1399
893: 251,1462,2630
4078: 91,901
895: 1088,4091,2315
896: 991,4794
897: 728,1702
4607: 298
899: 3064
900: 2712,3657,4686,1396
901: 1174,4078
902: 2311,3405,4722,4670
903: 674
904: 2895,1998,3102,3011
905: 432,4235,3074,3858
906: 4279,3107,4206
907: 3600,2991,1545,3616
908: 2537,4790,3245,357
909: 4199,2048
910: 2388
911: 3204,2199
912: 3996,3590,1392
913: 989,4787,3586
914: 2352,3176,1573,4498,4787,3065
915: 746,1410,6,4363
916: 4810
917: 2039,4312,2147
918: 2256,2325
919: 
920: 2544,724,3710
4691: 864,4551
922: 1541,3227,655
923: 
924: 334
925: 1756,2030
4706: 
927: 438,108
4524: 134,2949
4794: 698,3441,4812,1048,2095,2815,4480,896
930: 1305,4226
931: 428,1980,3050,874
932: 3076,4781,1353
933: 3071,4406,4733,124
934: 3383
4604: 2773,1746
936: 2401,4121,1499
937: 1022
938: 
939: 4649
940: 493,4797
4416: 247
942: 4139,1616,4028,4627
4095: 3092,2387,2805
944: 1010,3994,283
945: 1662
4784: 
947: 189,2277
948: 4158,1263,3216
949: 
950: 4715
951: 
952: 2956,3985,2311,4722,3929
953: 3751,2578
4704: 3370,1846
4479: 1294,812
4717: 4093,415,3465,4173,4077
957: 776
4103: 1403,1674,2134
959: 1233
960: 566,1182
961: 
962: 1413,2664,1599
963: 4241,4237,2600,2842,683
964: 1944,843,3297,1567,1991,28
965: 1600,14,188,332
966: 4113,1824
3862: 3336,4549
968: 620
4399: 189,2714,360,653
970: 1439,650
971: 131,2895,4003
972: 1266,1893,4212
973: 4768,278,3639,460,4617
974: 775,4505,4596
4789: 1767,1372,3794,1059,107,3550,639,2456
976: 3524,1381,2137
4806: 3934,1770,1641,2793,4449,3191,3036,1241,2175,2347,2538
978: 2604,3201,4253
4319: 3260
980: 388,27,1458
981: 
982: 1270,4814,1126
983: 4738,3179
984: 2640,696,1579
985: 
986: 381,3021,2550
987: 706,2164,2868
988: 3611,2307
989: 913,3870,1380,3663
990: 1008,2366,4776
991: 609,896
4546: 
993: 2357,817,1148,2493,3788
994: 
995: 3893,1574,708,3605
996: 826,4283,3398
997: 3078
998: 1603,696
4752: 1642,1780
1000: 257,1779
4462: 3589,4634,82
1002: 1905,3080
1003: 808
1004: 3662,3191,2288,816,2082
4154: 1478,1996,4164,4395
1006: 4687
1007: 
1008: 3799,990,1530
1009: 1197,3144,151,1385,4592
1010: 944,2580
1011: 4392,1105,4410,4402
4185: 2933,743,168,3767,4764
1013: 482,3797
1014: 2996,3861
1015: 370
1016: 511,4627,3637,3976,3470
1017: 841,1078,3792
1018: 3992,1728
1019: 3461,3682
3976: 1616,4627,1016
1021: 
1022: 937,4455
4560: 4279,4797
1024: 3150,4458,4714
1025: 228,2925,2204
4603: 3057
1027: 
4188: 775,484
1029: 685,2041,3779,3479,438
1030: 2118
1031: 2717,1836,4074
4610: 1947
1033: 611,3177
1034: 456
4003: 3659,344,971,4048
1036: 4816
1037: 2028,871,4141
4310: 
4757: 4098
1040: 685,2041,3461,878,579
1041: 1133,2430,336
1042: 1395,1090,2819,2581
1043: 2165,206,2906
1044: 243,683
4557: 3036,2010,308,2429
1046: 2986,4587,3658
1047: 490,767,4364,4013
1048: 4812,2095,1350,4707,4794
4139: 942,1927,4627,3412
1050: 2074
4516: 4335,2023,1697,1269
1052: 1269,4335,3544
1053: 1099,4597
1054: 1711,1917,1216
1055: 3549
1056: 759,769,3908
3874: 93
1058: 2305,2098,3287,3612
1059: 1261,1592,1372,4789,1767
4504: 3089,3912
1061: 1813,4797,834
1062: 2558
1063: 4589,4465,53,1520,4536
1064: 4502
1065: 3526,3456
1066: 720,4233,3593
1067: 604,1569,4591,1496,4149,1742
4543: 4033,1624,4754,3764,3642
1069: 4465,2127
1070: 1958
1071: 4805,455
1072: 2660,1522,1577
3857: 
1074: 3688
1075: 
4518: 784
1077: 448,4031
1078: 841,1017
1079: 1884,3496,2871,1993,1838
1080: 1780,3328,4368,4815
4162: 1870,610,1123,2952
1082: 1839,819,4662
3957: 358,4304
1084: 4486
1085: 
1086: 3591,3705
4395: 2557,4154,4751
1088: 895,4091,2315,2232
4183: 2224,3480
1090: 2928,1395,1042,2819,1619
1091: 58,3009,3719
1092: 
1093: 3672,2176,2792,3197
1094: 2252
1095: 375
1096: 
4698: 1941,714
1098: 3643
1099: 4203,1053
1100: 4568,532
1101: 2752,1859
1102: 
4444: 739,3722
1104: 2372,3200
1105: 3255,1011,2019,4410
4798: 1220,2379,1362,2105,3007,225
1107: 628,4466,2371,4639,3802
4205: 
3825: 138,1805,4421
1110: 1947
1111: 2531,1823
1112: 2193,3629,3242,3183
1113: 3766,1993,4118
1114: 1738,1419,2568,3649,235
1115: 3491,2631,3345,1317
1116: 2749,3715,3793,732
1117: 627
1118: 673,3604,2496
1119: 4252,1563,1289
4047: 3559,2230,1136
4043: 4309,504,2037
1122: 3411,3984
1123: 3760,4238,4162,1870
1124: 2525
1125: 3538,3278,2342
1126: 3229,1910,982,4814,1217
1127: 2116,4422,3415,2639,1406
1128: 1473
1129: 661
1130: 
4294: 1651,3679
1132: 
1133: 1041,2430,336
1134: 2949
1135: 630
1136: 1343,2230,4047,2753
1137: 2317
1138: 3851
1139: 1991,3416,3382,3042
3822: 4149,3886,4118
1141: 1775,4049
4508: 3526,2803
1143: 1422,1585,3494
1144: 1217,2077,4510,3743
1145: 
1146: 3586,3065,3821
1147: 286
1148: 993,817,2543,1570
1149: 4423,3279
1150: 4259,4009,2576
1151: 2161,693,4673,4819,4058,425
1152: 2855,2907
1153: 1905,3677
1154: 4068
1155: 3172,1551,1270
1156: 3298
4725: 1494,3299,4094,3252
1158: 2899,1749
1159: 
1160: 
1161: 3583,590,4685
1162: 2587,1278
1163: 3022,3961,288
1164: 4737,2476
1165: 2570,2444,3766
1166: 2499,1673,1809
1167: 3861,1763
1168: 2207,1445,2336
4529: 3059,2221
1170: 3932,3800,1429,3334
1171: 
1172: 375,3158,1301,346
1173: 794,2831,2944
1174: 1599,153,901
1175: 4193,155,1647,2963
1176: 1742,4002,4591,3609
4219: 429,3156,857,4633
1178: 3829
4628: 2142,4631
4392: 1011,1378
1181: 4801
1182: 4292,960,566
3967: 1402,272
4443: 
1185: 
1186: 
1187: 
4285: 18,3571,1275,3523
1189: 2926,2208,3755,173
1190: 4461
1191: 3869,3323,1514,823,3617
1192: 455,1952,3359,298
1193: 
1194: 681,3202
1195: 2289,4132,520
1196: 3231,4656,3456,8
1197: 1009,4592
1198: 3559,1240,2109
1199: 4405
1200: 3315,2749,2127
1201: 3106,466,3767,4506,168
1202: 3927,2314,109
1203: 2533,2488,1474
1204: 326,113,1771,3068,2146
4510: 1144,2077,3103
1206: 170,1805,710,4421
4273: 2667
1208: 4502,4321,197
4465: 4589,3758,1063,1069
4239: 3859,2934,1471,891
1211: 237,195,4223
1212: 2520
1213: 
4046: 4491,1578,3940
1215: 4811,654,4131
1216: 3763,2612,1054,4261
1217: 1144,2077,1126,3743
4808: 1676,86
1219: 1294,507,177,3390
1220: 4798,3007
1221: 
4316: 3986,1935,4182
1223: 235,305,3047
1224: 4741
1225: 3899,4155
1226: 1827,3355,2602,3218,2764
4483: 
4731: 
3847: 
1230: 2045
1231: 3719
1232: 2002,1434
1233: 959
1234: 283,185
1235: 
4730: 2300,2644
1237: 4657,879,2195
1238: 607,3100,1336,4247
3856: 2768,2151,531
1240: 2335,1198,2109
1241: 2175,1867,3191,4806
1242: 4606
1243: 1341,3366
1244: 3865,3808
1245: 1460,1390,1956,2533
1246: 47,1347
4133: 
4436: 
1249: 2958,726,717
1250: 4687
1251: 2184,1817,3798,391
1252: 3812,572
3882: 580,1943,276
1254: 1410,269,3040
1255: 3167,1618,2365
1256: 4218,334,4569
1257: 3636
1258: 3240,2486,2243
1259: 3950,4595,3319,3510,1880
4290: 3043,1614
1261: 1059,1492,3016,1767,586
1262: 4822,100,3723,3109
1263: 948,3216,4634,2484,3589
1264: 
1265: 2182,1288,1888,183,2961
1266: 972,2066,479
4528: 2282,3939
4697: 1696
1269: 4292,1052,4516,1697
1270: 1551,982,1155
4182: 1935,4316
4797: 834,4279,4560,940,3182,1061,3478,2680
1273: 4645
1274: 485
1275: 459,4285,4455
4197: 1869,2429,633
4788: 2829,3954,3965
1278: 2215,3989,1162
1279: 4201,2152,1591,4064
1280: 4775
1281: 1541,2135,2607,2336,1398
1282: 4818
1283: 796
1284: 2568,2303,3124,3649,2750
1285: 
4660: 3225,752
1287: 133,2882
1288: 1265,2182,183
1289: 3691,593,4252,1119
4378: 3837
4145: 2132,3634,690
4330: 2689,1673,369
1293: 1516
1294: 1219,812,3390,4479
4591: 1569,1067,4002,1742,1176
1296: 4743
1297: 2239,4471
1298: 892,2584,16
1299: 1697,42
1300: 
1301: 4271,1172,346
1302: 276,408
1303: 1690,497,1469,2530,2767
1304: 3992,4773,1472
1305: 4226,930,2648,2347
1306: 4692
1307: 
1308: 636,2517
3820: 1556,3907,3394
1310: 3485,2538,2990,2347
1311: 
4347: 323
1313: 561,372
4055: 33,2665,3353,1745
1315: 3510,2056,792,549
1316: 3930,868,1528,2280,730,725
1317: 1115
4506: 275,713,1201
1319: 165,3806
1320: 4060
1321: 316,2054,2776
4581: 2244
4532: 3724,759,1424
4186: 1896,3907
1325: 4820,4782
1326: 3061,4496
1327: 4076,3139,2581
4763: 3215,852
1329: 2908,1369,2325,331
1330: 
1331: 
1332: 4021,646,3885
4596: 536,974,4505,446
4522: 824,3145,2409
1335: 2855,2463
1336: 1238,4247
1337: 4765,4463
3859: 4239,1471,3353,4109
1339: 2185
1340: 
1341: 540,1243
1342: 4414,672
1343: 1136,190,478,2213
1344: 
1345: 3748,158,1387
1346: 4062,3355
1347: 1246,3397
1348: 4027,2957,1628,2239
1349: 
1350: 4812,1048,2095,4707
3970: 1529
1352: 645,3960
1353: 4781,932,3076
4601: 3787,3801,540,4790
1355: 
4311: 2094,3897
1357: 3175
1358: 3757,2622,3289
1359: 1404
4332: 2350,1503,692,4655
1361: 3060,1922
1362: 2379,4798
1363: 3345,2107
1364: 2927
1365: 4575,1992
1366: 
1367: 4106,3616,2252
1368: 2485
1369: 2908,1329
1370: 3085,389,17
1371: 
1372: 1592,1059,4789
1373: 3547,161,4130,1534,4100
1374: 
1375: 2051,4437,2608,1750
4053: 1464,1654
1377: 
1378: 2682,4803,4392
1379: 611,3177
1380: 3870,989,3663
1381: 2137,284,976
4207: 1515,224,4668
4278: 4410,4402,591
1384: 4469,2547,402,4147
1385: 1935,151,1009,3986
1386: 3802,2999,4466,4618,230
1387: 1345
3831: 2185,2035
1389: 4817,3320,4777
1390: 1787,1956,1245,2533
1391: 2500,2290
1392: 718,912,1578,3590
1393: 66
1394: 
1395: 1042,1090
1396: 91,900,3682,4280,4686
1397: 1841,4213,3451,3426,654
1398: 1281
1399: 16,1898,4744,892
1400: 
1401: 3724,3404
1402: 3967,1798,3600
1403: 3077,4103
1404: 1359,4019,2184,391
1405: 2225,4734
1406: 2369,1751,433,1127,4422,2639
1407: 3316,431,2531
1408: 1826
1409: 
1410: 1254,3040,746,915
4382: 4293,3080,3524
1412: 3314,576,2769,4809
1413: 962,2444
4671: 4381,3314,2266,1532
1415: 3792,851
1416: 4677
1417: 2019,3317,807,4654
4115: 4291,3676,2223
1419: 1114,1738,366,4329,3993
1420: 2159
1421: 
1422: 1143,1585,1590
4308: 2237,3108,444,2851
1424: 759,4532,2337,2027
1425: 2101,1633,3531
3849: 513,4575
4208: 4225,3621
1428: 2905,3774,2671
1429: 3932,3800,1170,4044
1430: 4713,3198,2835
1431: 2027,257
1432: 3349,2066
1433: 1962,2868,4795,97,3278
1434: 356,1232,3326
1435: 3147,396
1436: 3531
1437: 3121
1438: 
1439: 970,557
1440: 15
1441: 598,3009,212
3900: 4250,4059
4791: 3735,4266,2201
1444: 2235
1445: 2207,1168,4111,2336
4648: 46
4383: 1721,3898,2696
1448: 3173,4636,3420
4372: 64,3323,823
4089: 3519,1612,1652,0,3548
1451: 
1452: 2622
1453: 4439,397,3209
1454: 3411,48
1455: 2608,1750,1856
1456: 
4553: 4033,4754,4814
1458: 4818,388,980
1459: 727,3372,3556,1882,3706
1460: 1245,1918,4286
4064: 1279,349
1462: 169,2630,893,251
1463: 1741,3966,166
1464: 1654,4053
4172: 3029,3762
1466: 355,2017,3458,1784,186,3443
1467: 4216
1468: 4231,2515,3911
1469: 457,2989,4823,1303
1470: 2997
1471: 3859,2934,4239,3353,1745
1472: 1304,4773,1930,3208
1473: 1128,3306
1474: 743,1203,2488,3761
1475: 1606,1976,3878,3657
4200: 2555,24,2784,120
1477: 4040
1478: 4154,4164
3828: 
1480: 2979
4564: 4160,890
1482: 2524
1483: 
1484: 3450,4085,4539
4511: 
1486: 
1487: 4429,3906
1488: 3606,3434,2751
1489: 786
1490: 595
1491: 2636,2523,606,4705
1492: 1261,3016
4292: 1269,1697,1182
1494: 3299,4725,725,1688
1495: 2579
1496: 604,1569,1067,652,2391,3112,4149
1497: 
1498: 
1499: 3553,936
1500: 
1501: 3584,3115,4713,4093
1502: 
1503: 4616,692,4272,4655,4332
1504: 4535,3517,4738,3515
1505: 1526,2970
4636: 3251,4130,1448
3902: 2261
1508: 558,795
1509: 4796,3239,2111
1510: 3470,621
4629: 365,1769,58,3645
1512: 2768,3899,531
1513: 437,2754,1992
1514: 1191,3323,2614
1515: 4207,4668,3513,3781
1516: 3855,1293,836
1517: 3619,157,3938
1518: 2881,4787,3265,473,3148,2911
3954: 4247,2829,4788
1520: 3054,53,1063,3977,4536,2062
1521: 
1522: 1752,1577,1072
1523: 4781
1524: 3533,150,71,4231,1896
3928: 
1526: 1505,2970
1527: 2705
1528: 3074,671,2280,1316,868
1529: 3970
1530: 862,542,1008,3799,1964
1531: 1716,3126,4084
1532: 217,2266,4671,2794
1533: 
1534: 3547,1373,4100
1535: 3397,2838,824
1536: 2575,2356
1537: 2111,4796
4471: 1297,849
1539: 3315,4586,2672,4623,2599
1540: 3198,820
1541: 1281,2135,922,655
1542: 821
4570: 3614,3678
1544: 
1545: 907,3616,609
1546: 2839,3218,2523,4213
4428: 3196,3019,3560
4584: 3055,3048
1549: 1702,3555,4035
4163: 2559,38,3733,3662
1551: 1270,1155
4339: 22
1553: 
1554: 2948
1555: 1911,3752
1556: 3820,3533,1896,3394
1557: 4075
1558: 652,2391,3259,1879,4086
1559: 2202
4424: 689,2954,268
1561: 
1562: 2119,1783,670,3484
1563: 742,3534,110,1119
1564: 4716,474,609
1565: 4441,510
3943: 3155
1567: 668,1944,964,28
1568: 
1569: 4591,1496,1067,2391,1879
1570: 367,2543,817,1148,2270
1571: 
4377: 3153,1909,1869,3603
1573: 2532,4498,3891,914,4787
1574: 3893,995,4054
1575: 4540,640
4088: 2158,3405
1577: 1522,1072
1578: 4046,1392,2843
1579: 984,3116
1580: 4470,3207,4026
4749: 3441,3056
1582: 39,4355,3680
1583: 1688,4540
3988: 2619
1585: 1422,1143
1586: 
1587: 4405,2487
1588: 2313,633,4643,1822,4726,649
1589: 1983,3509
1590: 1422,2833
1591: 1279,1740
1592: 2477,1372,1059
4353: 3309,1883,443
4458: 1640,3150,3137,1024
1595: 4044,785
1596: 2179
1597: 853
1598: 647,182,2878,4587
1599: 1174,4686,2664,962
1600: 965,14,4384
1601: 2585,3213,799
1602: 203,2620,2107
1603: 1960,998
1604: 4625,4391,40,2403,2478
4033: 4543,4553,1624,4754
1606: 1475,1976,3878,4726,1822,3195
1607: 7,2633,2925,2204
1608: 4568
4432: 266,2675
1610: 850
1611: 2130
1612: 3032,1652,3519,4089
1613: 2017
1614: 4290,3043
1615: 1617
1616: 4815,4028,3976,4627,942
1617: 4818,1615
1618: 3167,1255,3566
1619: 4135,2928,1090,2819
1620: 2056,500,3645,265
1621: 2828
1622: 
1623: 4380
1624: 4033,4543,396
1625: 
1626: 2071
1627: 121,223,2250,3512
1628: 1348
4593: 3883,3132,3702
1630: 518,3981,4222
1631: 4489
1632: 3617,4288,3869
1633: 2726,3136,2101,1425
1634: 374,4732,240,2743
1635: 
1636: 3066,4276
1637: 4821,81,668,375
1638: 85,4644
1639: 772,2226,1786,76,3665
1640: 724,3150,4458
1641: 2010,4658,3036,4806,1770
1642: 4752,762
1643: 3984
1644: 3594
1645: 1873,378,753
1646: 2048,3379
1647: 3609,155,4002,1175
4527: 3584,4713,2186
1649: 2918,4756,4437,2210,255
1650: 2691
1651: 3679,4294
1652: 1612,3519,4089
1653: 777,1746,4805,4490,4230,3530
1654: 1464,4053,4793
1655: 272,858,3632
4778: 579,2061,685
1657: 
1658: 3256
1659: 
4782: 4721,3512,2536,1325,48,3924
3835: 1744,2554
1662: 851,945
4376: 4214,4785,4440
1664: 255,2918
4766: 616,808,3618,4260,2790,3001,3557,2987
4259: 1150,4009,575
1667: 364,4054
1668: 2139,4773
4820: 1325,48,3924,4810
1670: 
1671: 
1672: 
1673: 4330,369,1166
1674: 3772,4103,2134
4732: 4107,240,1634
1676: 4808
1677: 2129,1739,2140
1678: 1854,3639,2993
1679: 2372
1680: 2923,4083,3018
4014: 3506,363,1958
1682: 4614,1709
1683: 2090,4652
1684: 3536,4029,3780
3858: 3074,905,2481
4655: 4272,1503,4332,2372
3865: 1244,3808
1688: 1583,1494,3299,725
4555: 
1690: 1303,497,2479,3654,3012,2530
4572: 1872
1692: 3454
1693: 1722,2229,840,1757
4301: 
1695: 3415,3608,4750
1696: 226,2997,4582,4697
1697: 1299,4516,1269,4292,42
1698: 2707,794
4734: 1405,1957
3985: 1711,952,2311,4722
1701: 187,524
1702: 1549,3555,897
3861: 1763,1167,1014
1704: 3211,3379,3769,4190,1855
1705: 4077,1724,3196
1706: 3556,332,3706,673
1707: 87
1708: 3724,3815
1709: 1682
1710: 180
1711: 3985,1054
4371: 3846,2905,3172
1713: 297,4578
1714: 3532,3689
1715: 671,2280
1716: 1531
1717: 
1718: 502,2940
1719: 1842,4122,3629
4384: 2272,2597,2439,1600,3832
1721: 4383,2037
1722: 1693,1757,3610,4785
1723: 3633,806,4019
1724: 3987,2858,311,4173,1705
1725: 3897,1997,4000
1726: 3076,3563,1756
1727: 1997,4000
1728: 1018
1729: 4748
1730: 256,3164,3558
3845: 108,3399,1782
1732: 2004,732,3844,2926
1733: 3898,2037,4309,2836
1734: 3823,644
4127: 623,1802,2026,2923
1736: 
4109: 3859
1738: 1114,1419,2540,3993,235
1739: 1677,511,3637,4728
1740: 4597,1591
1741: 3966,1463,2339
1742: 3886,1176,4591,1067
4356: 2618
1744: 3835,3502
1745: 3353,4055,1471
1746: 4604,1653,777,4490
1747: 2930,2839,2764
1748: 3816
1749: 1158
1750: 1455,2608,333,1375
1751: 2369,1406,4422,2474
1752: 1522,270
1753: 
1754: 
1755: 
1756: 2030,925,3076,1726,3638
1757: 2229,1722,1693
4736: 3015,3885
1759: 
1760: 510
1761: 
1762: 2958
1763: 3861,1167
1764: 3305,17
1765: 2409
4517: 1840,3081,4767,2895
1767: 4789,1261,1059,586
1768: 3585
1769: 58,4337,521,4629
1770: 3934,4806,1641,3036
1771: 326,1204,113,3250,830
1772: 405
3815: 1708
1774: 3991
1775: 1141,4049
1776: 
4466: 628,1107,3802,1386,4618
1778: 
1779: 1,4804,1000
1780: 1080,4752,4815
3979: 702,2136,3335,3734
1782: 2759,3845
1783: 1562,3232,1974,670
1784: 2017,1466,4775,186,2914
3867: 3260
1786: 1639,2226,3665
1787: 1390,3702
1788: 699,270
3980: 225,3647,3368
1790: 2290,774,2584
4744: 892,1399
1792: 2632,3561,607
1793: 268,3069,4016
1794: 4437,3508,4032
1795: 4599,2399,616
1796: 659
1797: 1891
1798: 3774,1402
1799: 
4398: 271,4128,2373,229,4499
1801: 4348,3155,41
1802: 623,3068,4127,2026,2923
3978: 2684
1804: 
1805: 2635,710,138,3825,4421,1206
1806: 4819,4689
1807: 
1808: 4614,3992,4773
1809: 3597,1166
4649: 486,3273,939
1811: 
1812: 
1813: 1061,3478
1814: 3999
1815: 76,4304,358,2295
1816: 4775
1817: 4454,1251
1818: 
1819: 2437,4530,4802,4639,111
1820: 841
1821: 
1822: 4334,1588,1606,4726
1823: 4249,1111
1824: 966,2166
1825: 1915,547,149,4716
1826: 1408
1827: 1226,50,1940,2764
1828: 23
1829: 541
1830: 
3836: 3357,4616,20,4272
4819: 1806,4673,1151,4058
1833: 2995,2727,75
4016: 268,1793,2775
4355: 1582,3680,754
1836: 1031,2301
4473: 
1838: 3138,3964,1993,1079
1839: 819,1082,3826
1840: 3102,2327,3011,3081,4517
1841: 1397,3426,2523
1842: 1719,2842,683,2649
4559: 507,3763,853
1844: 4542
1845: 3262,3017,2812
1846: 4704,4680
4136: 2684,4126
4684: 533,2516
1849: 3338,3285
3934: 4806,1770,3036,2287,2538
4206: 906
3901: 2079,455,1952
1853: 792,3409,4823,549
1854: 1678,3639
1855: 247,4190,1704
1856: 1455,4626
1857: 
1858: 2640,2300
1859: 2752,1101
4286: 4727,141,1460,1918
1861: 852
1862: 3453,3319,3950
1863: 2047,331,207
1864: 3975,2070,4767,2080
3998: 
1866: 3404,2673,2813
1867: 1241,2175,2648
1868: 
1869: 308,4197,2313,4377,1909,3603
1870: 4447,4162,1123
1871: 419,2277,553
1872: 4572
1873: 2324,1645,3868
4293: 4382
1875: 
4199: 909,2048
3987: 1724,2284
1878: 3878,2712
1879: 1558,2391,3259,1569
1880: 3275,3510,1259,4595
1881: 3099
1882: 3556,3706,1459
1883: 2315,4353,3309,443,4467
1884: 3496,1079,3225
4768: 973,415,3584,31,278,4077,3698,3639,460
1886: 2052,3358,3785,4551,354
1887: 3502,2662
1888: 2075,3816,183,1265
1889: 
1890: 
1891: 1797
1892: 2802,3090
1893: 4074,2301,479,972
1894: 4612
1895: 439,4097,4417
1896: 4186,1524,1556
4057: 785,4346,559
1898: 16,1399
1899: 
1900: 3460,3342
1901: 3518
4661: 4638,441
1903: 
1904: 444,2851
1905: 1002,1153
3892: 
1907: 
4599: 1795,4703,3446,4764
1909: 4377,3153,4404,1869,4724,3603
1910: 1126,3229,4210
1911: 1555,2498,2728,4792
1912: 4300
1913: 2338
1914: 
1915: 1825,547,3916,149
1916: 3264,162,2637
1917: 853,1054
1918: 1460,4286,3671,3736
1919: 4809
1920: 3935,4131,3522
1921: 4774
1922: 3060,1361
1923: 
4018: 
4306: 2696,2471,3125
3918: 
1927: 511,4627,4139,4728
1928: 2138
3958: 2155,122,4030
1930: 3407,1472,3208
4081: 3404
4618: 230,628,4466,1386,3733
1933: 437,280,2754,4630,3538
1934: 4818
1935: 1385,4592,3986,4316,4182
4020: 121
4328: 886,3431,2964
3891: 1573,2532,2795,2881,4787,3265
4002: 4591,3609,1647,1176
1940: 50,305,1827
1941: 3968,597,2200,4698,714,345
3812: 1252,572,3575,3725
1943: 1982,3882,239
1944: 843,3297,964,1567,28
4783: 
4406: 1982,124,933
1947: 328,4610,1110
1948: 3069,569
1949: 653,4659,755
4502: 1208,1064
1951: 4070,90
1952: 455,1192,3901
1953: 4052
4822: 4038,100,1262,1970,3723,333,3109,271,4128
1955: 3674,292
1956: 1390,1245,2533
1957: 3623,4734
1958: 1070,3903,4014
4767: 529,3081,678,1864,3975,2070,131,3709,4517,2080
1960: 1603,2174
1961: 4503,4764,3916
1962: 2868,1433,2164,4795,97
4189: 2430,336
1964: 4650,1530,3799
1965: 2089
4499: 4398,271,229
4803: 2682,1378
1968: 2616,13
4795: 3377,4525,4693,2164,1962,2868,1433,4630,97
1970: 3948,4822,333
1971: 3322
1972: 161,3251
1973: 2616,167,4626,2496
1974: 3232,1783,670
1975: 3286
1976: 1475,1606,4726,649,3657
4000: 1727,1997,1725
1978: 3540,667
1979: 
1980: 931,874,2701
4116: 3677,5
1982: 640,4406,1943
1983: 1589,3509,790
1984: 
1985: 3658,871,2770,2986
4714: 1994,1024,3150
1987: 2176,3029,2683,2802,3090
4755: 3462
1989: 2774
4482: 2791,3407
1991: 1139,875,3297,964
1992: 1365,1513,437
1993: 3766,1113,1079,3138,1838,4118
1994: 269,4714,772
1995: 3500,309,3714,2207
1996: 2590,4164,4154
1997: 1727,4000,3340,1725
1998: 3102,904
4816: 1036
3886: 1742,3667,390,3822
2001: 
2002: 3007,2723,1232
4480: 4812,698,4794
2004: 1732,2298,2926,3755
4263: 4578
2006: 
2007: 359
2008: 2462
2009: 2971
2010: 4658,1641,2429,3036,4557
2011: 4040,2920
4226: 1305,930,2990
4639: 3601,2371,4802,2437,1819,1107
4160: 4564,4650,2903,2603
2015: 550,4785,4667,4214
2016: 
2017: 355,3458,1466,1784,1613
2018: 
2019: 1417,3317,3255,1105,4410
2020: 377
2021: 2526,3534,3977,742
2022: 3177
2023: 4516
2024: 2136,3200,2350
2025: 4180
2026: 623,1802,4127,4689
2027: 1431,257,1424,3363,2337
2028: 303,1037
2029: 61
2030: 1756,925,3638
2031: 2246,3365
4625: 1604,4391,4165,739,3722
4381: 4671,4678
4077: 278,1705,4717,415,4768
2035: 2150,2185,3654,3831,4595
2036: 
2037: 1733,3898,4043,1721
4164: 1996,2590,1478,4154
2039: 917,816,2147,3418
2040: 4240
2041: 1029,1040,3153,878
2042: 2511,3057,787,3580
2043: 2653
2044: 2781
2045: 1230
4102: 4125,3910,586,294
2047: 1863,207
2048: 263,1646,909,4199
2049: 4266
2050: 3952,3052,780
2051: 1375,4437,2608,2210,13
2052: 3358,1886,3785,2225
2053: 727,3372,3483,3640,4580,832
2054: 1321,3244
2055: 
2056: 1620,265,1315
2057: 4775
2058: 
2059: 2679
3824: 3164,530
2061: 579,4778
2062: 3977,2249,1520
2063: 867,2161
2064: 
2065: 401,3344
2066: 2809,479,1266,1432
2067: 
4279: 4560,906,4797
4716: 474,1564,1825,3552
2070: 1864,4767,2080,2115
2071: 776,4779,1626,4068
3823: 1734,321
3853: 4692
2074: 4180,1050,4236
2075: 1888,3816,540,4790
2076: 2321,715,2108,3051
2077: 1144,1217,4510
2078: 2767
2079: 3720,3901,455
2080: 221,2115,3756,4767,1864,2070,3709
4656: 1196,3456,2954
2082: 816,3605,2288,3662,1004
2083: 744,2919
2084: 2747
4779: 776,2071
2086: 2875,3464,3012,4525,4099
2087: 3295,706
2088: 4368,755
2089: 561,4463,1965
2090: 1683,17,4652
2091: 
2092: 749,3486
2093: 2902,666,608
2094: 805,3782,4311
2095: 4812,1048,1350,4295,4794
3910: 4251,4102,294
2097: 657,4169,2433,3770
2098: 2305,1058,2888,2241
2099: 4333,4496,695
2100: 3775
2101: 3136,4147,1425,1633
2102: 4023,4811
2103: 4361
2104: 2607
2105: 2823,4798,225
2106: 2165
2107: 1363,2620,1602
2108: 784,3051,2076
2109: 2655,1198,3559,1240
4721: 4782,3959,3014
2111: 1509,4796,1537
4125: 4102,3807,294,2647
4805: 4490,4230,1653,2788,3424,1071
4686: 4280,1599,900,2712,2664,1396
2115: 2080,2070,4492,2562
2116: 1127,4422,2182
2117: 3211,3087
2118: 1030
2119: 1562,3339,4221
4248: 
4447: 1870,2570
2122: 
4765: 2893,1337
2124: 
2125: 2714,360
4380: 1623
2127: 1200,1069
2128: 166,276
2129: 1677,4486,263
2130: 3790,2520,1611
2131: 2552,826,4445
2132: 4145,4813,690
3821: 1146,3870
2134: 4103,1674,4022
2135: 1281,1541
2136: 2024,3200,3335,3979
2137: 1381,284,976
2138: 1928
2139: 1668
2140: 2335,4198,1677
3927: 1202,101,109,2788
2142: 4628,149,2368
2143: 
2144: 
4264: 
2146: 1204,113,4362
2147: 787,3418,2039,917,4312
2148: 
2149: 4158,2930
2150: 2185,2479,2035,3654,3464
2151: 3856
2152: 4201,1279
2153: 3037,2754,4099
2154: 501,2388
2155: 3958,3016,4251
4091: 2315,1088,895
4361: 2103
2158: 4742,4088
2159: 4813,1420
2160: 3714
2161: 1151,2063,4073,552
2162: 4060,4711,796
2163: 
2164: 4795,987,1962,2868
2165: 2106,1043,2906
2166: 27,2228,4113,1824
2167: 714,2858,345,311,2892
3814: 4072,3270,2500
2169: 3118
4386: 
2171: 4225,447,2834
2172: 3749,2503
2173: 
2174: 2196,3384,1960
2175: 1241,2648,1867,2347,4806
2176: 1987,2683,3672,1093,3197
2177: 
2178: 
2179: 1596,164,2675
4802: 534,368,3214,2437,4530,1819,4639
4746: 3764,481
2182: 1265,1288,2116
4111: 1445
2184: 1251,806,4019,1404
2185: 2150,2035,3831,1339
2186: 431,4527
2187: 4566,3611
4762: 315,487,3587
3981: 518,2919,1630,4509
4233: 720,3628,1066,3593
4498: 1573,2532,2495,339,3768,2352,914
2192: 3834
2193: 3629,1112
2194: 3033
2195: 1237
2196: 2174,2361,3439
2197: 
2198: 4195,3347,4388
2199: 911
2200: 1941,3968,597
2201: 4266,4791
2202: 1559
2203: 856
2204: 1025,2925,1607
2205: 2795,3015
2206: 2615,3154,4323
2207: 1445,1168,309,1995
2208: 3755,173,1189,2443
2209: 255,3508
2210: 13,2051,4437,1649
4448: 
4403: 3946
2213: 2698,406,1343,190,4351
2214: 
2215: 839,1278,234,3989
4132: 60,520,1195
2217: 3295,4592
4461: 1190,840,517
2219: 488
4650: 2250,1964,4160,2603
2221: 2555,3059,4529
3935: 1920,4131
2223: 2511,4291,4115
2224: 4183,3975,3071
2225: 1405,2052
2226: 1639,1786,76,3521
4017: 3321,369
2228: 4113,2166
2229: 840,517,556,1693,1757
2230: 4215,4047,2753,1136
2231: 238
2232: 1088,4773
2233: 133,439,2742
2234: 
2235: 1444,847
4814: 4553,982,3797,1126,3229
2237: 697,4308,3108
2238: 
2239: 1297,2957,2415,1348
2240: 2332,709
2241: 2888,2872,3044,3795,2098
2242: 0,3548,2590
2243: 2486,1258
2244: 4581
4379: 2271,4393,2290
2246: 3245,3365,2031
4470: 1580,3205
2248: 
2249: 3054,2062
2250: 4650,669,1627
4038: 4822,100,304
2252: 1094,1367,4106
4489: 1631
4613: 2719,4615
2255: 
2256: 4509,918,85
3878: 1475,1606,1878
4615: 2719,4613,3607,2759,4229
2259: 
2260: 3494
2261: 3939,3902
4345: 3931
2263: 708,3605,3418
2264: 3107,3388
4588: 3806,4577,3228
2266: 217,1532,3314,4671
2267: 
2268: 2996
2269: 829,4314,203,2620
2270: 2357,817,1570,424,3374,494
2271: 3002,4379,3205,2290
2272: 2597,4384,3775,2439
2273: 
2274: 3400
4128: 3109,271,4822,3723,4398
2276: 
2277: 1871,947
2278: 3462
2279: 18,429
2280: 730,671,1715,1528,1316
4565: 2971
2282: 4528
2283: 
2284: 556,3987,3079
2285: 
2286: 642,413,3514
2287: 3934,3485,2538
2288: 3893,2559,3662,1004,2082
2289: 1195,154
2290: 1790,1391,4379,2271
2291: 4216
2292: 2869
2293: 3399,309
2294: 
2295: 3521,1815
2296: 4535,3515,3447,2643
4283: 826,996,2813,489,3731,2673,3398
2298: 2004,732,3793,4455
3907: 3820,4186
2300: 2640,4730,1858
2301: 565,1836,1893,479
2302: 3742
2303: 1284,2568
4299: 2423,814
2305: 1058,3391,2098,3287
2306: 2343
2307: 988
2308: 2964,2950
4138: 832,4712,417,4709
4337: 4700,551,521,365,1769
2311: 902,3405,4722,3985,952
2312: 856
2313: 1588,633,1869,649,4724
2314: 1202
2315: 4091,1883,1088,895,4467
4343: 4329,246,4369,366
2317: 1137
4551: 864,4691,3785,1886
2319: 4675,573
4606: 3059,1242
2321: 2076
2322: 
2323: 694
2324: 1873,4344,3868
2325: 4644,918,1329
2326: 3144,151,3347
2327: 1840,580,239,678,529,3081
2328: 
4597: 1740,4201,1053
4616: 1503,3836,4272
2331: 3770,2800
2332: 2240,509,3348
2333: 2446,543
3948: 1970,4712,3097
2335: 2140,4198,1240,2734
2336: 2607,1445,1168,1281
2337: 1424,2027,257
2338: 1913,4405
2339: 1741,166
4180: 2074,627,2025
3893: 995,2288,1574
2342: 3538,280,1125
2343: 2306,3511
2344: 421,144,4282,3860
4760: 3037,4099,4525
2346: 3468,3228,3806,2717
2347: 2175,2648,4806,1310,1305
4679: 2543
3931: 4345,657,4169
2350: 4332,2024,3200
2351: 3261,3532,4318
2352: 3176,914,402,339,4498
4418: 4167
2354: 3518
2355: 3968,345
2356: 1536
2357: 993,817,2493,2270,3190
4282: 2344,144,3860
3922: 3105
2360: 2966
2361: 3439,2196
2362: 3653
2363: 2565
4105: 3369
2365: 2704,463,1255
2366: 4166,990,4776
4505: 775,974,4596,3640,446
2368: 3557,4503,3001,2142
2369: 1406,1751,433,216
2370: 2396
2371: 3601,4639,1107,807
2372: 1679,4655,1104
2373: 229,4573,4398,3395
4317: 
2375: 839,2566
3977: 4536,2062,1520,2021
2377: 2873,3084,3536
4667: 2015
2379: 1362,4798
4761: 
2381: 
2382: 
2383: 
2384: 
2385: 3137,423
2386: 3224
2387: 3027,412,2805,4095
2388: 2154,910
2389: 295
2390: 2674
2391: 652,1558,1879,1569,1496
2392: 3860,2660
4492: 2562,2115
2394: 
2395: 782,4566,4715,3428
2396: 2370
4106: 1367,858,2252
4764: 3446,4599,466,3767,1961,4185,3916
2399: 3565,1795
4373: 3078
2401: 936,3938,4121,3050
2402: 
2403: 40,3873,1604
2404: 3797
2405: 762,891
2406: 3126
2407: 631
4579: 350
2409: 4522,1765
4238: 3195,1123
4467: 443,2315,1883
3956: 4786
2413: 
4135: 1619,2928
2415: 3148,2957,2239
2416: 2443,3267,173
2417: 8,4354,3167,3231
2418: 2996,4674
4040: 1477,2011
2420: 4329,246,4573,461,3395
4662: 754,1082
3961: 3022,1163,667,288
2423: 4299,814,2550
2424: 4454,3641
2425: 
2426: 2888,2872,4733,4323
4643: 1588,633,419
2428: 3990
2429: 308,4197,2010,4557
2430: 336,4189,1133,1041
4758: 4456
4007: 3157
2433: 2097,3770
4072: 3814
2435: 
4770: 2755
2437: 4530,1819,4802,4639
2438: 3257,651
2439: 2856,3775,2272,4384,3832
2440: 
4230: 4805,4490,1653,3530
2442: 3691,57,4252
2443: 2416,2208,173,2955,4010
2444: 1413,1165,2871
2445: 577,2631,3000,3491
2446: 79,2333
2447: 3997,159
4298: 499,3566
4229: 447,4615
2450: 
4225: 2171,4208,447
4224: 242,3731,826
4250: 3900
2454: 3602,885
4520: 275,4333
2456: 107,3550,4789,4215
2457: 
4184: 3064,141
2459: 590,710,469
2460: 2993,3196,278,460
4587: 1598,2878,1046,138
2462: 2008,758
2463: 1335,2855
4079: 2512,34
3868: 316,2324,1873,4344
2466: 
2467: 
2468: 
2469: 468
2470: 349
2471: 2696,4306
2472: 343,3718,487,587
4260: 3618,234,4766,2790
2474: 349,4422,1751
2475: 
2476: 1164
2477: 1592,3334,3932,3855
2478: 4450,1604,4640
2479: 2150,3654,1690,497,3464
4369: 366,3436,4343
2481: 4094,4161,3858
2482: 514
3906: 1487,558
2484: 4634,3158,3216,1263,3589
2485: 1368
2486: 2243,1258
2487: 1587
2488: 1203,168,1474
3897: 1725,4311
4363: 2537,3592,915
2491: 
4709: 417,702,3734,4138
2493: 2357,993,3152,3788,3190
2494: 3184,4069
2495: 3768,2532,4498
2496: 1118,2616,1973
4810: 3073,4820,916
2498: 1911,2728,4792
2499: 1166,2689
2500: 1391,3814
2501: 3349
3944: 
2503: 3749,2172
4787: 3265,473,1573,3891,914,1518,3586,3065,2654,913
2505: 
2506: 3288,2684
2507: 3143
3947: 4800
2509: 
2510: 4048,3881,4451
2511: 2042,2223
2512: 3112,4079,3962,652
2513: 
4096: 
2515: 4231,1468
2516: 4684,2542
2517: 1308
2518: 2591
2519: 
2520: 2130,1212
3846: 4371,4029,2905
3990: 2428,3056
2523: 2839,1546,1841,606,4705,1491
2524: 1482,4342
2525: 1124,2681
2526: 3534,2021,110,4165
2527: 
4147: 3136,2101,4469,1384
2529: 75,3401
2530: 3012,1303,1690,2767
2531: 1111,1407
2532: 1573,4498,3891,3015,2495
2533: 1203,1390,1956,1245
2534: 
4065: 71
2536: 3621,4782
2537: 908,4363,3592,4790
2538: 3485,1310,3934,4806,2287
4568: 1608,1100,4715
2540: 1738,3993,235,3047
2541: 3576
2542: 4004,533,2516
2543: 4679,1148,367,1570
2544: 920,3710
4513: 3160,4720
2546: 
2547: 339,4701,1384,402
2548: 4654,38
4703: 713,734,4599,466,3446
2550: 986,814,2423
4474: 
2552: 2131
2553: 3881,3339
2554: 3835
2555: 24,4200,2221
2556: 
2557: 4395,4751
2558: 1062,3072,3264
2559: 38,4163,2288,3662
3913: 
3908: 3560,1056
2562: 4492,2115,3756
2563: 
2564: 
2565: 2363,3157
2566: 3419,3989,2375,3017
2567: 861
2568: 1284,2303,1114,3649
4422: 2116,1127,2474,1406,1751
2570: 1165,4447
2571: 4097,4786
4291: 3676,4115,2849,2223
2573: 
3938: 1517,2401
2575: 1536
2576: 1150
2577: 11,4244
2578: 746,3592,2985,953
2579: 1495
2580: 185,2751,1010,4456
2581: 2819,3139,1042,4076,1327
3881: 4048,2510,344,2553
3994: 2663,944
2584: 892,1298,774,1790
2585: 4776,1601,799
2586: 
2587: 1162,2987,99
2588: 3752,4427
3912: 4504,870
2590: 1996,4164,2242
2591: 2518
4362: 830,2146,113
2593: 2913
4469: 1384,4147
4481: 860,3750
4253: 2903,3386,2603,121,978
2597: 2272,4384
2598: 794,2869,526,2831
2599: 2672,4623,1539
2600: 2981,4241,963,414
2601: 3160,4786,3403
2602: 1226,3355,3218,4213
2603: 2903,4253,4650,4160,121,223
2604: 978,3386,2792,4397
4454: 2424,1817
4146: 4493,3679,777
2607: 2336,1281,2104
2608: 1455,1750,1375,2051
2609: 4271
2610: 
4052: 1953
2612: 3763,1216,2724,4261
4019: 1404,806,2184,1723
2614: 3323,1514
2615: 2794,3154,2206,2872
2616: 1973,2496,13,1968
2617: 
2618: 4356
2619: 3431,3988,2964,2950
2620: 203,1602,2269,2107
4496: 2099,4333,1326
2622: 1358,1452,3289
2623: 4771,400
2624: 
2625: 3753
2626: 4799
4244: 4786,3018,2577
2628: 
2629: 3211
2630: 1462,893
2631: 2445,1115,3491
2632: 1792,3561
2633: 2900,2925,3198,7,1607
2634: 74
2635: 1805,710,469,138
2636: 1491,4705,3061,599
2637: 1916,162,2844,109
2638: 
2639: 3415,1127,1406,433
2640: 2300,984,1858
2641: 4745,4638
2642: 3546,3227
2643: 3447,2296
2644: 4730,696
2645: 641
2646: 2888,3480
2647: 432,294,4125,3807
2648: 2175,1867,2347,4312,1305
2649: 683,1842
4450: 2478,733,4640,200,4196
2651: 
4536: 3977,1520,1063
2653: 2043
2654: 4787,473
2655: 2109,3351
2656: 
4097: 439,1895,2742,2571
2658: 3329,624
2659: 436,2822,334
2660: 1072,2392
2661: 608
2662: 1887
2663: 4025,3994,145
2664: 2712,962,1599,4686
2665: 33,4055
2666: 4417,3083,442
2667: 4273
2668: 
2669: 89,3471
4360: 3216,643,4821
2671: 3774,1428,2732
2672: 4623,717,2599,1539
2673: 3404,1866,2813,4283,3398
2674: 2390
2675: 4432,164,2179
2676: 3066
2677: 4313,3567
4425: 4688
2679: 2059,3367
2680: 3478,4797,3182
2681: 23,2525
2682: 3255,1378,4803
2683: 3213,2802,2176,1987
2684: 4136,3978,2506
3885: 4736,646,1332
2686: 4327
2687: 3189
4329: 246,2420,4343,1419,3395,3993
2689: 4330,2499
4486: 1084,4198,2129
2691: 205,1650
2692: 
2693: 3348,4772
4672: 
2695: 823,3800
2696: 4306,2471,4383
4056: 
2698: 2213,406,4094,4161
2699: 
4168: 
2701: 1980,874,600
4059: 4326,3900,562
4670: 902
2704: 2365,463
2705: 1527
2706: 393,3175
2707: 1698,794,2944
4776: 2585,2366,990
2709: 
2710: 
2711: 3788,3848
2712: 900,2664,1878,4686
2713: 3939
2714: 4399,2125,360
4152: 3514,3813
2716: 260
2717: 1031,2346,4074
3926: 
2719: 4615,4613,3607
2720: 3916,547
4365: 
2722: 170
2723: 2002,3007
2724: 2612,833
4627: 511,1927,1016,3976,1616,942,4139
2726: 3136,3176,1633
2727: 75,1833
2728: 1911,2498,371,3421
4421: 3825,1805,170,1206
4252: 57,1119,3923,3691,1289,2442
4354: 2417,8,3231
2732: 4631,2671
2733: 
2734: 2335
2735: 3730
3968: 1941,2200,345,2355
2737: 343
4348: 1801,41
2739: 2832
2740: 
4098: 4757,3360
2742: 439,4097,2233
2743: 3184,1634
2744: 
4678: 576,4351,406,4381
2746: 4429
2747: 2084
2748: 3149
2749: 1116,1200,459,3793
2750: 3124,1284
2751: 2580,185,3434,1488
2752: 1859,1101
2753: 478,2230,1136
2754: 3037,2153,3377,1513,437,1933
2755: 4770
2756: 3661
2757: 3276
4280: 4686,1396
2759: 4615,3607,1782
4213: 1397,3451,2602,1546,3218
2761: 2822,2856
4191: 
2763: 2765
2764: 2839,3218,1827,1226,1747
2765: 2763
4167: 4418
2767: 2078,1303,3012,2530
2768: 3856,1512,4720
2769: 588,4809,576,1412,4351
2770: 2986,4141,871,1985
2771: 3560,2993,205
2772: 3808,129
2773: 4604,2844,821
2774: 1989
2775: 339,3768,4701,4016
2776: 1321
2777: 3952
4227: 
2779: 554
4367: 72
2781: 3422,39,2044
2782: 376
2783: 
2784: 120,24,4200
2785: 3686
2786: 
4214: 4376,4785,550,2015
2788: 3424,101,3927,4805
4201: 2152,1279,4597
2790: 3618,4260,234,4766
2791: 4482
2792: 4397,1093,2604,3197
2793: 4449,299,4806
2794: 2615,3154,1532
2795: 2205,3891,2881
3816: 1888,2075,3366,1748
2797: 95
4549: 169,3862
2799: 
2800: 3401,2331
2801: 3223
2802: 1892,3213,2683,1987,3090
2803: 801,3564,4508,83
4215: 2230,3807,3550,2456
2805: 2387,4095
4009: 4259,1150,513,4324
4029: 1684,3780,2905,3846
4312: 917,2648,2147,3607
2809: 2066,479,565,4756
2810: 
2811: 
2812: 3017,3084,3262,1845,2873
2813: 489,1866,2673,4283
2814: 3394,3940,3533
2815: 4295,474,4794
3952: 3052,2777,2980,2050,780
4573: 461,2420,3395,2373
2818: 3609,3290,2963
2819: 3139,2581,1042,1090,1619
2820: 3420,864
2821: 4370
2822: 2761,436,2659
2823: 2105
2824: 
4171: 
2826: 3434
4690: 841
2828: 1621,3389
2829: 3954,4788
4122: 1719,394,2999,3629,3242
2831: 2869,2598,1173
2832: 2739
2833: 1590
2834: 3399,447,2171
2835: 4107,1430
2836: 4576,1733,3898
2837: 
2838: 1535,824,3490
2839: 1546,2764,2523,1747,606
2840: 
2841: 875,284,3297
2842: 414,963,1842,394
2843: 2977,1578
2844: 2773,821,162,2637
3877: 2857,3839,200,3674
2846: 
4446: 
2848: 248
2849: 4291,4054
4032: 4062,3508,1794
2851: 4308,3108,1904
4738: 983,3072,3179,4535,1504
3876: 545
4633: 429,4219
2855: 1152,1335,2463
2856: 2439,2761,3832
2857: 3839,3877,4196,200
2858: 2167,311,2892,1724
2859: 493
4452: 115
2861: 
2862: 3563,3773
4094: 4161,2481,2698,4725
2864: 712
4195: 2198,151,4388
2866: 3359,3617
2867: 
2868: 1962,1433,2164,4795,987
2869: 2292,2831,2598
4118: 3138,456,1993,1113,3822
2871: 3496,1079,153,2444
2872: 2426,2241,2615,3795
2873: 2377,3084,2812
2874: 4321,197,62
2875: 3562,3464,2086,4525,4693
2876: 533,3782
4807: 448
2878: 1598,4587,138
2879: 
2880: 196,458
2881: 4413,1518,2795,3891,3265
2882: 1287
2883: 3293,3448
2884: 
2885: 4512
2886: 
4792: 1911,2498,4302,3038,3026
2888: 2426,2241,2646,2098
4668: 3488,1515,4207
2890: 
4366: 
2892: 556,2167,2858,517
2893: 4765
2894: 3511,4439,3925
2895: 904,3011,971,4517
4221: 3339,2119
2897: 3116
4491: 4046,199,3996
2899: 1158
2900: 2633,2925,241
3837: 4378
2902: 608,2093
2903: 4253,3386,2603,4160
4300: 3721,1912
2905: 1428,4029,3846,4371,3774
2906: 206,2165,1043
2907: 1152
2908: 1369,1329
2909: 4796
4393: 4379
2911: 1518,473,411
2912: 595
2913: 87,2593
2914: 4477,4775,186,1784
2915: 695
4737: 1164
2917: 4414,542,669
2918: 1649,4756,255,1664
2919: 518,3981,2083
2920: 2011
4397: 2792,2604
2922: 389
2923: 1680,1802,4127,3018
4131: 3935,1920,654,1215,3522
2925: 2900,228,2633,1025,2204,1607
2926: 1189,1732,2004,3755
2927: 1364
2928: 1090,747,857,4135,1619
2929: 3466,3721
2930: 1747,2149
2931: 493,3182
2932: 
2933: 743,4185,3761
2934: 4239,1471
2935: 3509
4114: 382,3257
2937: 
2938: 
2939: 539,321
2940: 1718,502,3469
3955: 4569
2942: 539
4235: 317,432,905
2944: 873,794,1173,2707
2945: 
4809: 1919,588,3351,2769,576,1412,4542
2947: 481
2948: 1554
2949: 1134,4524
2950: 2964,2619,2308
4576: 3471,2836
2952: 610,4162
4726: 1606,1976,1822,1588,649
2954: 4424,4656
2955: 702,2443,4010
2956: 4261,952,3929
2957: 2415,1348,2239
2958: 1249,1762,4623
2959: 3758
2960: 
2961: 4750,1265
4547: 4801,4708
2963: 3044,3612,4193,1175,2818
2964: 3431,2619,4328,2950,2308
2965: 77
2966: 2360
4713: 1430,3115,4527,3584,1501
4068: 1154,2071
4130: 3251,4636,161,1373
2970: 779,1505,1526
2971: 2009,4565
2972: 
4113: 966,2228,2166
4571: 
4013: 3119,767,1047,724
2976: 
2977: 2843
4707: 4812,1048,1350
2979: 1480
2980: 3952
2981: 2600,77
4370: 2821,3194
2983: 410
4586: 3315,3571,1539
2985: 2578,746
2986: 2770,4141,182,1985,1046
2987: 3557,4766,2587,99
2988: 
2989: 4823,549,457,3275,1469
2990: 1310,4226
2991: 907,3616
2992: 
2993: 2460,1678,460,3560,2771
2994: 
2995: 1833,75
2996: 1014,2268,2418
2997: 226,1696,1470,4582
2998: 
2999: 3802,4122,3242,1386
3000: 2445,3491,350,4653
3001: 4503,4766,3557,2368
3002: 2271
4141: 2770,2986,1037,182
3004: 3031
3005: 670
3006: 3388,3098,3689
3007: 2002,2723,1220,4798
3008: 359,3151
3009: 598,1441,3719,58,1091
4796: 1509,2111,1537,2909
3011: 1840,3102,2895,904
3012: 2530,1690,2086,2767,4099
3013: 
3014: 669,3664,3959,4721
3015: 4736,2205,2532
3016: 1261,1492,2155,4251,586
3017: 3084,2812,1845,3419,2566
3018: 2923,1680,4244
3019: 3079,4428,3196
3020: 340
3021: 986,381
3022: 1163,3961,115
3023: 
3024: 3648
4192: 283
3026: 4792,3038
3027: 2387
3028: 4342
3029: 1987,3090,4172
3030: 362,3221,4087
3031: 3004,3652
3032: 1612,3486
3033: 3131,2194
3034: 
4396: 3661,445
3036: 4557,2010,1641,3934,4806,1770
3037: 4760,2153,2754,4099,3377,4525
3038: 4792,3026,3240
3940: 2814,4046
3040: 269,1410,1254
3041: 3231
3042: 4708,3382,1139,4801
3043: 4290,885,1614
3044: 2963,3612,3795,4193,2241
3875: 3292
3915: 423
3047: 305,2540,235,1223
3048: 4584,504,615
4589: 4465,3758,1063,3391,53
3050: 428,931,2401
3051: 784,2108,2076
3052: 3952,2050
4715: 4566,2395,4568,950
3054: 53,1520,3391,2249
3055: 4584
3056: 4749,4653,3990
3057: 2042,4603
3058: 
3059: 740,4606,2221,4529
3060: 1922,1361
3061: 1326,2636,3565,599
3984: 1643,1122,3201
3063: 
3064: 899,4184,141
3065: 3586,1146,3176,914,4787
3066: 1636,2676
4687: 3235,1006,1250
3068: 623,1802,736,326,1204
3069: 1948,569,1793
4236: 2074
3071: 933,2224
3072: 3179,4738,2558
3073: 4810
3074: 1528,3858,905,671
3075: 4781
3076: 932,1726,1353,1756
3077: 3174,355,1403
3078: 997,4373
3079: 3019,2284
3080: 4382,1002
3081: 529,4767,678,1840,2327,4517
4468: 3537,647
3083: 181,2666
3084: 3017,2812,2377,2873
3085: 1370,17
3086: 
3087: 3962,2117,3185,877
4739: 421,144,3714,3500
3089: 4504
3090: 1892,2802,1987,3029
3091: 
3092: 4095
4493: 4146,3679
3094: 
4790: 3592,3787,4601,2537,908,2075,3245,357,183
4075: 1557
3097: 167,4626,3948
3098: 3006,3689
3099: 1881,3137
3100: 607,1238,4247
4112: 3537
3102: 1840,3011,1998,904
3103: 4510
3104: 
3105: 26,3922
3106: 466,1201
3107: 2264,906
3108: 891,2237,4308,2851
3109: 333,271,4128,1262,4822,3723
3996: 912,199,4491
3111: 3623
3112: 2512,652,1496,34,4149
3113: 128
4509: 2256,3981,744
3115: 7,4713,1501
3116: 2897,1579
4685: 3653,590,791,1161
3118: 2169
3119: 4013
3120: 
3121: 1437,3810
3122: 266
4719: 830
3124: 583,3649,2750,1284
3125: 256,4306,4785
3126: 2406,1531
3127: 
4389: 
3129: 3304
3130: 
3131: 3033
3132: 4593,3702
4642: 3378
4637: 469
4165: 506,2526,110,4625,4391
3136: 2726,4147,2101,1633
3137: 423,2385,3099,4458
3138: 456,3964,1838,4118,1993
3139: 2819,2581,1327
3140: 
3141: 
4774: 1921
3143: 2507
3144: 2326,1009
3145: 824,4522
3146: 
3147: 1435,3536
3148: 2415,363,1518
3149: 3522,2748
3150: 1640,4458,1024,4714
3151: 3008
3152: 2493
3153: 4377,1909,3603,878,2041
3154: 2615,2794,282,2206
3155: 3943,1801
3156: 4219
3157: 2565,4007
3158: 4634,2484,1172
3159: 
3160: 4513,2601,3403,4720
4202: 
3162: 
4108: 
3164: 3824,530,1730
4222: 1630
4700: 4337,3608,4611,365
3167: 1255,1618,2417,3231
3168: 3966
4435: 329
4247: 3954,1238,3100,1336
3171: 3929,4722,3328
3172: 1155,4371,3774
3173: 1448,399,453
3174: 3077,3890
3175: 1357,2706
3176: 2352,914,402,2726,3065
3177: 1379,611,1033,2022
3953: 3448
3179: 3072,4738,983
4451: 593,221,3756,2510
3181: 4495
3182: 2931,4797,2680
3183: 4658,299,1112
3184: 312,2494,2743
3185: 877,3087
3186: 614
4276: 1636
4722: 902,2311,3985,952,3929,3171
3189: 2687
3190: 2357,2493
3191: 3662,1004,4806,1241
4535: 2296,1504,4738
3193: 815
3194: 4370
3195: 4238,3285,1606
3196: 4428,2460,1705,3019
3197: 1093,2176,2792
3198: 1540,2633,7,1430
3199: 521,102,3232
3200: 2136,2024,2350,1104,3335
3201: 978,3984
3202: 730,1194
3203: 3564
3204: 163,911
3205: 4470,2271
3206: 
3207: 4026,1580
3208: 1472,1930
3209: 707,1453,397
4404: 1909,4724,3461
3211: 2629,1704,2117
4630: 97,4795,3377,1933
3213: 799,2683,1601,2802
3214: 4802,3601
3215: 4763,384,852
3216: 4360,1263,948,2484
4429: 1487,2746
3218: 1546,2764,1226,2602,4213
4010: 304,417,702,2955,2443
4641: 3558
3221: 4087,148,3030
3222: 4427
3223: 2801
3224: 2386
3225: 752,1884,4660
3226: 631
3227: 3331,655,922,2642
3228: 3468,2346,3806,4588
3229: 1126,1910,4210,4814
4087: 3221,362,3030
3231: 1196,2417,8,3041,4354,3167
3232: 1974,3310,1783,3199
4307: 
4812: 1048,2095,1350,4707,4480,698,4794
3235: 4687
3834: 2192,771
3929: 4110,3171,2956,952,4722
4515: 
3239: 4772,1509
3240: 1258,3038
4441: 1565,93
3242: 4122,2999,3629,1112
4237: 4241,963,683
3244: 2054
3245: 357,3365,908,4790,2246
3246: 19
3247: 
4771: 2623
3249: 
3250: 573,326,1771
3251: 4636,4130,1972,399
3252: 282,4725
3855: 1516,4288,2477,3334
3254: 3798,3687,391
3255: 2682,1105,2019,3317
3256: 1658
3257: 2438,4114
3964: 3138,456,1838
3259: 1558,1879,4086
3260: 764,3867,4319
3261: 2351,160,4274
3262: 1845,4463,2812
4231: 2515,1468,150,3911,1524
3264: 1916,2558
3265: 4787,473,3891,2881,1518
3266: 
3267: 2416,173,3839
3268: 57,3923
4677: 1416
3270: 3814
4158: 948,2149
4267: 
3273: 4769,4649,486
4623: 2672,717,2958,2599,1539
3275: 457,1880,2989,549
3276: 2757
4777: 4817,1389,876
3278: 1433,1125
3279: 3694,722,1149
4334: 1822,553,419
3281: 4727,3671
3282: 
3905: 
4751: 2557,4395
3285: 3338,1849,3195
3286: 1975,4179
3287: 2305,1058,3391
3288: 2506,626
3289: 1358,2622
3290: 3609,2818,3667,726
3291: 
3292: 3875,66
3293: 2883,3448
4126: 4136
3295: 2217,385,2087
4143: 
3297: 1944,843,964,875,2841,1991
3298: 1156
3299: 1494,4725,282,1688
4519: 
3301: 
3302: 78
4295: 2815,3552,474,2095
3304: 73,3129
3305: 1764,177
3306: 1473
4220: 869
4129: 
3309: 4353,1883
3310: 102,3232
4401: 
4673: 693,1151,4819,4058
3313: 
3314: 576,1412,4671,2266
3315: 4586,3571,1539,1200
3316: 1407,374,431
3317: 1417,2019,3255,3601,807
3318: 59
3319: 1862,1259,3950
3320: 3544,1389
3321: 4017,369
3322: 1971,361
3323: 1191,1514,823,2614,4372
3324: 3331,655,428
4084: 1531
3326: 1434
3327: 
3328: 1080,4110,3171
3329: 2658
3330: 
3331: 3227,655,3324,428
3332: 
3916: 2720,4764,1961,1915,547
3334: 2477,4288,3932,1170,3855
3335: 2136,3200,3979,3734
3336: 4025,3862
4327: 2686
3338: 3285,1849,553
3339: 3691,2553,2119,4221
3340: 3580,1997
4405: 1199,1587,2338
3342: 3460,1900
3343: 3829
3344: 2065
3345: 1363,1115
3346: 
3347: 2198,2326
3348: 2693,2332,509
3349: 1432,2501
3960: 1352,645
3351: 588,2655,4809
4074: 1893,1031,2717,4212
3353: 1745,4055,3859,1471
4012: 3997
3355: 1226,1346,2602
3356: 3481,3463
3357: 3836,20,4272,66
3358: 2052,701,1886,354
3359: 2866,298,1192,4769
3360: 4246,4098
3361: 3983
3362: 
3363: 336,2027
3364: 
3365: 3245,2246,2031
3366: 540,1243,3816
3367: 2679
3368: 3647,481,3980,3578
3369: 4105
3370: 4704,62
4023: 2102,3451
3372: 2053,1459,727,3556
3373: 3738
3374: 424,2270
3375: 
4249: 1823
3377: 4795,4525,4693,3037,2754,4630
3378: 4642,441
3379: 3412,1646,1704
4575: 1365,3849
3381: 
3382: 116,1139,4801,3042
3383: 934
3384: 2174
3385: 
3386: 2903,4253,2604
3387: 
3388: 3006,4203,2264
3389: 2828
3390: 812,507,1219,1294
3391: 2305,3287,3054,53,4589
4261: 2956,2612,1216
3826: 829,1839,819
3394: 2814,3533,3820,1556
3395: 3993,4329,2420,4573,2373
4212: 4074,972
3397: 1535,1347
3398: 2673,996,4283
3399: 3845,2293,2834
3400: 2274
3401: 2800,2529
3402: 3520
3403: 4720,4786,3160,2601
3404: 1866,2673,1401,4081
3405: 902,2311,4088
3406: 
3407: 803,1930,4482
4773: 1304,3992,1808,1668,2232,1472
3409: 212,1853,4823,5
4689: 1806,2026
3411: 48,1122,1454
3412: 3379,4190,4139
3890: 3174,385
3414: 4223,513,195
3415: 1695,2639,1127
3416: 1139,844,3670
4302: 4792
3418: 787,2147,2263,2039
3419: 2566,3017
3420: 2820,1448
3421: 371,2728
3422: 39,819,2781
3423: 862
3424: 2788,4805
4750: 3608,4611,2961,1695
3426: 1397,1841,654
3427: 
3428: 2395
3429: 3614
4417: 2666,442,1895
3431: 2964,2619,886,4328
3432: 4710
3433: 
3434: 3606,1488,2751,2826
3435: 601
3436: 3781,4369
3437: 3440
4335: 4516,1052
3439: 2361,2196
3440: 3437
3441: 698,4794,4749
3829: 4680,3343,1178
3443: 3458,1466
3444: 
3445: 
3446: 4764,4703,4599,466
3447: 2643,2296
3448: 3953,2883,3293
3843: 4423,552
3450: 1484
3451: 1397,4213,4023
4179: 3286
3453: 525,1862
3454: 1692
3455: 731
3456: 8,1065,1196,4656
3457: 
3458: 355,2017,1466,3443
3459: 
3460: 4245,3342,1900
3461: 1019,4404,1040
3462: 4755,2278
3463: 3356
3464: 2875,3562,2086,2150,2479
3465: 4717,4093,4173
3466: 2929,3721,467
3467: 
3468: 3228,2346
3469: 2940
3470: 1510,621,1016,3637
3471: 22,4576,2669
3472: 
3939: 2713,2261,4528
3474: 
4411: 
4617: 4313,973,3698,3639
4060: 2162,796,1320
3478: 2680,4797,1813
3479: 438,1029,685
3480: 2646,4183
3481: 3356
3482: 
3483: 198,832,2053
3484: 670,1562
3485: 2538,1310,3779,2287
3486: 3032,2092
4069: 3725,2494
3488: 4668,453
3489: 
3490: 2838,824
3491: 1115,2445,2631,3000,350,4653
3993: 3395,4329,1738,1419,2540
3493: 
3494: 1143,2260
4759: 
3496: 1884,2871,1079,153
4216: 1467,2291
3498: 
4240: 2040
3500: 1995,3714,421,4739
4699: 805,4004
3502: 1887,1744
4453: 
3504: 
3505: 385
3506: 4014,363,4413
4823: 2989,549,1853,3409,5,1469
3508: 4062,4032,1794,2209
3509: 2935,1983,1589,790
3510: 1315,1259,1880
3511: 4439,2894,2343
3512: 4782,1627
3513: 712,453,1515,3781
3514: 4152,3813,2286,413
3515: 164,2296,1504
3989: 2566,2215,1278
3517: 1504
3518: 2354,1901
3519: 4177,4089,1612,1652
3520: 3402
3521: 2295,76,2226
3522: 3149,1920,4131
3523: 4285,692
3524: 976,4382
3525: 4346,352
3526: 4508,1065
3527: 
3528: 
4031: 1077
3530: 1653,4230
3531: 1436,1425
3532: 4318,1714,2351
3533: 1524,3394,2814,1556
3534: 2526,2021,110,1563,742
3535: 
3536: 1684,2377,3147
3537: 4468,4112
3538: 1933,280,1125,2342
3539: 
3540: 1978
3870: 1380,3821,989
3542: 
3924: 48,4782,4820
3544: 3320,1052
3545: 
3546: 2642,3860
3547: 161,1373,1534
3548: 4089,2242,0
3549: 1055,468
3550: 107,2456,4789,4215
4620: 
3552: 547,4716,474,4295
3553: 1499,600,89
3844: 1732,732
3555: 1702,1549
3556: 1882,1706,332,3706,1459,3372
3557: 2987,2368,4766,3001
3558: 4641,1730,3650
3559: 1198,4047,2109
3560: 3908,2771,4428,2993,541
3561: 1792,2632
3562: 2875,3464
3563: 2862,1726
3564: 2803,801,3203
3565: 2399,3061,734
3566: 4298,1618
3567: 4313,2677
3966: 1741,3168,1463
4612: 1894
4034: 4325
3571: 3315,4586,4285
3572: 
3573: 
3574: 4695
3575: 3812,572
3576: 2541
4025: 2663,145,3336
3578: 3745,3368,3764,3642
4727: 4286,3281
3580: 3340,2042,787
3581: 
3582: 3785,864
3583: 1161,3653
3584: 4527,1501,4713,4768
3585: 4817,1768
3586: 3065,1146,4787,913
3587: 4015,4762
3588: 
3589: 4462,1263,4634,2484
3590: 912,1392
3591: 1086
3592: 2578,2537,4363,4790
3593: 1066,4233
3594: 1644
3595: 
3596: 3670,844
3597: 1809,267
3598: 
3599: 596
3600: 907,1402
3601: 2371,4639,3214,3317
3602: 2454
3603: 308,1869,4377,3153,1909
3604: 1118
3605: 816,2082,995,708,2263
3606: 3434,1488
3607: 2719,4615,4312,2759
3608: 4750,4611,4700,1695
3609: 2818,1647,3290,4002,1176
3610: 4785,1722
3611: 988,2187,4566
3612: 3044,2963,1058
4541: 
3614: 3429,4570
3615: 
3616: 609,1545,907,2991,1367
3617: 1632,3869,1191,2866
3618: 4260,808,4766,2790
3619: 157,1517,297
3851: 1138,4800
3621: 4208,2536
4818: 1934,1617,1458,1282
3623: 1957,3111
3624: 
3965: 4788,740
3626: 672,848
3627: 249
3628: 4233
3629: 2193,1112,1719,4122,3242
4445: 2131
3631: 
3632: 1655
3633: 1723,4326
3634: 4145,690,337
3635: 
3636: 1257
3637: 511,1016,3470,1739,4728
3638: 3773,1756,2030
3639: 1854,1678,460,973,4768,4617
3640: 4580,4505,446,2053
3641: 2424
3642: 3764,3578,4543,4754
3643: 1098
4692: 1306,3853
3645: 265,4629,1620
3930: 1316,730,491
3647: 481,3368,3980
3648: 3705,3024
3649: 583,3124,1284,2568,1114,235
3650: 3558,4440
3866: 
3652: 3031
3653: 2362,4685,3583
3654: 2150,2479,2035,1690,497
4173: 311,4717,3465,1724
3656: 
3657: 900,1475,1976,766
3658: 1985,1046
3659: 4003,791
4193: 1175,3044,2963,3795
3661: 4396,2756
3662: 1004,3191,2559,4163,2288,2082
3663: 989,1380
3664: 3959,4414,3014
3665: 1639,772,1786
4241: 4237,963,2600
3667: 3886,3290,390
3668: 
3669: 372
3670: 3596,3416,844,4708
3671: 3736,3680,1918,3281
3672: 1093,2176
3887: 
3674: 1955,3877
3675: 
3676: 4291,4115
3677: 4116,1153
3678: 4570
3679: 1651,4493,4146,4294
3680: 3671,3736,1582,4355
4507: 47
3682: 1019,1396
4313: 2677,3567,4617,3698
4304: 1815,358,3957,665
4634: 3158,2484,1263,4462,3589,82
3686: 2785
3687: 3798,3254
3688: 1074
3689: 1714,3006,3098
3896: 4811
3691: 3339,1289,4252,2442
3692: 4594
3693: 3898,436
3694: 3279
3899: 1225,1512,531
3696: 
4266: 2049,2201,3735,4791
3698: 318,4768,4313,4617
3950: 1259,4595,3319,1862
4669: 
4811: 1215,2102,3896
3702: 4593,3132,1787
4321: 253,2874,1208,197
4388: 525,4195,2198
3705: 3648,1086
3706: 3556,1882,1706,1459,673
3707: 
4556: 
3709: 131,4767,2080,221
3710: 2544,920
3711: 
4440: 242,3650,4376
4035: 1549
3714: 2160,4739,3500,1995
3715: 1116
4262: 3791,4800
4456: 4758,2580
3718: 2472,721,487
3719: 598,3009,1091,1231
3720: 2079
3721: 2929,3466,467,4300
3722: 4640,224,739,4625,4444
3723: 1262,4822,3109,4128
3724: 1708,1401,4532
3725: 3812,4069
3726: 
4062: 3508,1346,4032
3728: 640
4500: 
3730: 2735
3731: 489,242,4224,826,4283
3732: 3762
3733: 38,4163,628,4618
3734: 198,484,3335,3979,4709
3735: 443,4266,4791
3736: 3671,3680,1918
4653: 350,3000,3056,3491
3738: 3373,861
3739: 
3740: 
4696: 410
3742: 2302,359
3743: 1144,1217
4800: 3947,3851,4262
3745: 3578
4217: 315
4092: 3791,4813
3748: 158,1345
3749: 2172,2503
3750: 4481
3751: 953
3752: 2588,1555
3753: 2625,778
4813: 2159,3791,4092,2132
3755: 2208,2004,2926,1189
3756: 2080,221,2562,593,4451
3757: 1358
3758: 4589,4465,2959
4245: 3460
3760: 1123,247
3761: 2933,743,1474
3762: 3732,4172
3763: 853,2612,1216,4559
3764: 4746,3578,4543,4754,3642
3765: 4268
3766: 1993,1113,1165
3767: 1201,4764,168,4185
3768: 339,2775,2495,4498
3769: 4190,1704
3770: 2331,2097,657,2433
4413: 2881,3506,363
3772: 1674,4022
3773: 3638,2862
3774: 1798,2671,1428,2905,3172
3775: 2100,2272,2439
3776: 
3959: 3664,3014,4721
3778: 
3779: 3485,1029,438
3780: 1684,4029
3781: 3436,1515,3513
3782: 805,2094,2876,4004
3783: 
4176: 
3785: 3582,864,4551,2052,1886
3839: 2857,3877,4196,173,3267
3787: 3801,4601,4790
3788: 2711,833,993,2493
3789: 3909
3790: 2130,4271,3883
3791: 4262,4092,4813
3792: 1415,1017,4745
3793: 459,1116,2749,2298,732
3794: 4789,639
3795: 3044,4193,2872,2241
3796: 
3797: 2404,1013,4814
3798: 3687,391,1251,3254
3799: 1008,1530,1964
3800: 1170,2695,1429
3801: 3787,4601
3802: 2999,111,4466,1107,1386
4595: 1259,3950,1880,2035
4400: 
4799: 2626
3806: 4577,4588,1319,3228,2346
3807: 4215,4125,2647
3808: 2772,1244,3865
3809: 567,4780
3810: 3121
4342: 3028,2524