0: 1841,4773,1459,3508,4734
4324: 1975,698,2700,3254
2: 1760,1537
3: 3187
4: 
4202: 
6: 
7: 1828,2286,2681
8: 3247,1208
9: 3264,2931,3020,640,1775
10: 3020
11: 1230,2595
12: 3982,4308,891
13: 3191,2858,3500,1068
14: 3894,1093,2349
15: 1385,2807,448,2271
16: 4388,1740,1152
17: 2307,3274
18: 4438,2970,1482,4680
19: 
4334: 4542,3176,3087,4659,1019
4820: 4352,3145,1734
22: 1282,4447,3115,3987
23: 3271
24: 866
25: 2690,2800,2374,2450,3349
26: 3483,2813,3344
4624: 2067,1915,412
4800: 3481,3366,1986
29: 
30: 
31: 3912
32: 3429,1681
33: 1713,4368,4109,3788,1045,2887
4767: 1099,665,2500,1848,1852
4097: 1486
36: 1454
37: 
38: 3794,2773,3959,419
39: 4794,3457,757,827
3979: 3704,155,681,1243
41: 4456,671,742
42: 3406
43: 1470
44: 2179,3634
45: 
46: 2651,4762
4592: 
48: 4768,3303,4583
49: 540,1295,818
50: 4569,4344,3600,2077,2083
51: 2945
4591: 1449,4792,1842,473
53: 1888,1853,1563,1223
4341: 1661,1775,4711,929
55: 1228,3807,2600
56: 
57: 3510,4192,802,2459,3150
58: 3434,1888,1853,3608
59: 2667,4565,3903
60: 2295,4060,4694
61: 557,2548,4594
62: 1064,3146,1394,3269
4773: 1841,0,3508,2566
64: 2161,1230
65: 3251,2995
66: 742,3294,4456,1028
67: 4131,1400,1708
68: 4313,2619,1378,3153
69: 4686,3879,620
4142: 3283,3940,2520,4703,2617,4180
71: 349,3556,893
4380: 2186,786,3984
73: 1705,4225
74: 3686,2029,447
75: 4289,4821
76: 501,3796,3997,1175
4213: 354,1694,3604
4721: 3808,2972
79: 3402,4776
80: 141,443
4609: 2617,2991,3158,4051
82: 3965,4784,3522
83: 2388,1485,2675
84: 
85: 3948
86: 2981,4190,2786,984
87: 3757
88: 2638,3242,4633
89: 4161,4616,1419,493
90: 2294,4679
4709: 322,3069,1194,1240
92: 815
93: 1177,306,4717
94: 4133
95: 
96: 2023,120
4640: 292,1794,4222
98: 3747,1022,1198,4028
99: 4488,1174,2241
100: 4188,2717,1779,2471,1893
101: 315
4468: 4068
103: 1140,3757,2891
104: 
4017: 1882
106: 
107: 3066,2922,2670
108: 1422,2824
109: 2211,910
110: 2570,4147,1840,2736
111: 623,3222,2674
112: 3327
113: 4678,352,2688
114: 3503,3594,3851
115: 
116: 535
117: 2146
118: 2010,359,2260
119: 3522,3965,1238,1940
120: 96
121: 4115,4776,3402
122: 218,4807,3638
123: 4401,3152,343
4365: 3288
125: 4404,1349
126: 
4652: 
128: 690
129: 
130: 3598
4811: 4503,1220,2142
132: 
4280: 3057,2952,4005,1909,1034
134: 1423,3720,1958
135: 3785,3777,877,2508
136: 4366,4793
4108: 4690,2064,2780
138: 231,434,1544
139: 
4095: 2673,1232,3647
141: 80
4661: 2039,603,2189,4648
143: 3414,4656,2961,1037,1815
144: 4526,732,503,428
145: 1875,514
146: 
147: 2863
148: 
149: 
150: 3474
151: 
152: 1666,154,4508,3521
153: 1134,4551,1677,4605,3531,1520
154: 152,3440,4508
155: 3979,3704,1556,2203,3136
4683: 3776
157: 3849,1532,2480,1794,4071,304
158: 771,3680,4429,280,757
159: 3403,3020,2931
160: 490,1070,2589
161: 284,4274
4511: 1605
163: 3607,2443,978,3626,709
164: 
165: 4006
166: 3136,2203,3923
167: 4184,4712,4333,4462
168: 1560,2501
169: 4436,1784
170: 2035
171: 3926
172: 972,2723,4344,4804
173: 4010,1747,2245,239
174: 316,4207,292,2496
175: 813,2146,1514,1043,993,653
176: 
4206: 4664
178: 4255
179: 2867
180: 
4013: 2862,4612,2591
182: 3209
183: 4256,513,4192
184: 538
185: 3113
186: 4157
4776: 121,4115,1987,79,3402,4309,1310
188: 727,2868,4665,843
4684: 2538
190: 4789,2361,2817,628,1849
191: 1199,3840
192: 
193: 
194: 
195: 3415,4775
196: 1361
4012: 
4107: 
4044: 2861,3403
200: 3465,456,1395
201: 
202: 4508,3542,4034
203: 3407,2555
4598: 
205: 2936
206: 2491
4010: 1747,173,2072
208: 1576
209: 3750,1617,4580,311,1509
210: 2078,1116,3737,4019,4134
211: 381
212: 3080,3547
213: 1649,2375
214: 727,1091,427
4651: 548,3983,1935,544
4483: 
217: 4536,956
218: 1298,122
219: 1802,2695,2827
220: 3698,2487,1033,2833,2633
221: 692,4228,2344
222: 1953,1734,3145,2112
223: 1412,4768,1570
224: 1399,2899,2385
4232: 
4606: 719,1781,4236
227: 2369,1423,949
228: 924,3461,2102,1455
229: 
230: 4058,2187,3494,3802,2512,3289,2903
231: 138,434
232: 3217,4322,2330,4810
4036: 2734,317,3975,290,1191
234: 384,2784,2720,2453
235: 1640
236: 1036,4404
237: 1549,1561
238: 4568,4338
239: 1493,173,4323,2245,1577
240: 3373
241: 449,1041,1007
242: 1874,1893,1721,4037
243: 2158,2190,2418
244: 2229,415
4512: 1727,2029
246: 4222,1116,4371,4134
4790: 1525,2621,2008
248: 776
249: 
250: 2534,4454
251: 920,1971
252: 4065,2814,391
4129: 3124,3589,4788,2930
254: 4149,1742,491,2635,2724
255: 2813,4705,4476
256: 3593,691
257: 2439,2951,3055,4276
258: 468,4224,3410
3984: 1036,4380
260: 691,4249
261: 4570
262: 3162,3521,1666
263: 2493,3255
264: 4441,1041,2430,973
265: 912,875,502,2001
266: 2778,2507
4734: 503,1247,3882,1459,0
4256: 3322,183,513,3510,4192
269: 1010,1729
270: 550,1079,2456,4440,975
271: 3826,1018,4480,2522
272: 2310,481,4437,403
273: 1357
274: 3022,1115
275: 
276: 2009
277: 
278: 3669,702,3935,1649
4654: 1107,4762
280: 757,1754,3871,158,3680
281: 2965,1258
282: 1284,2888,4391
4177: 
284: 3644,161
285: 793,3787,1215,2130
286: 
287: 526
4491: 328,4431,3825,500
289: 1241,3044
290: 1228,2600,3230,4036,2734,3975
4610: 1602,1005,1268,1659,4210
292: 4640,174
293: 1143
294: 632,4408,1736
295: 
296: 1193,2896
297: 404,4329,338,4740,3817,1757
4582: 3348,1015,3134
299: 4722,2988,4603
300: 4438,1762,1023
301: 1765,2942,1369
4595: 1410,3209,590,4101
303: 671,2831,1958
304: 4071,2078,1116,157,4222
305: 2758,2779,1956
306: 3995,2925,749,1177,93
307: 4009,1373,3233,3772
308: 721
309: 1502,2792,2942
4805: 486,2106,836,891
311: 209
312: 3519,3557,1926
313: 4786,3776
4642: 2389,4638,4054
315: 2069,4618,101
316: 4207,174,1012,2496,3110,1841,1459
317: 4036,4559,4457
318: 3140,2684
319: 3878
4030: 455,4541,2571,4774
321: 4143,4307
322: 4709,3859,3710,2861
323: 2714,2682
324: 4807
4123: 4173,4322,1398,3987
326: 552
327: 
328: 4491,4130,2326
4374: 2228
330: 
331: 3229,4194
4413: 4565
333: 4355,3401
334: 1721,1678,4075
4068: 4468,3205
4625: 4235,3149,2224
337: 3661,4484
338: 4740,3793,2918,297,4329
339: 1288,809
4612: 2862,2591,4013
341: 4812,3573
342: 2743
343: 123,4401
344: 2319,3854,3601,2563
345: 810,3620,3602,2557,3019
4486: 4428,838,3832,2037,2167,3170
347: 2517
348: 4707
349: 1702,71,1939,893,3719
350: 3540
351: 
352: 113,2688,2257
353: 
354: 3416,4213
355: 
356: 876,2370,1968
357: 2995,4586,2958,4637,1985
358: 2510,3173
359: 118,2010,4237
360: 2562,588,573
361: 3895
4490: 1555,2543,4728
363: 3704,681,2478,2878,3665
364: 3164,708,3285,726,3601
365: 2608,3693
366: 3826,1670,2632,3482,808
4384: 2678
368: 4253,414,3165
369: 3445
370: 4552
4364: 4797,3336,2979
372: 3241
4447: 1282,22,3392,2399,3115
374: 
375: 840,2419
376: 3157
377: 2728
378: 2422,837,4037
4580: 492,4810,3393,3750,209
380: 4601,4750
381: 211,743
382: 
383: 4444,3745,1256
384: 234,803,1832,2453
385: 1715,2038,1506,490
386: 3673
387: 2095
388: 
389: 
390: 4667,2593,2511
391: 3394,252
4605: 1677,1651,2769,3531,153
4403: 1737,4653,4373,1239
394: 3223,674
4267: 3901,923,2912
396: 2214,482,450
397: 3521,2598,772,1006
398: 470
399: 3728,3938,1031
400: 
401: 2676,3733
402: 3902
403: 876,272,2310,3486
404: 297,4329,1165
405: 3961,3441
406: 1596,2654,2738
407: 965,3955,1189,1938
408: 4288,809,2109
409: 
410: 4620,847
411: 4049,1548
412: 2067,4624
413: 
414: 820,4783,368
415: 1008,2277,244
416: 3278,834
417: 4219,939,4426
418: 4250,4400,2180
419: 1927,3959,4332,38,2715
420: 551,3563,3330
4533: 2775,3065,737,3298
422: 1212,1303,1670
4722: 299,2988
424: 4241
425: 
426: 1607,2275,2669,853
427: 3667,214
428: 144,3700
429: 528,4426,4548,2872
430: 
431: 2686,3625,4033,2590,3579
432: 883
4713: 1609,669,655,4810,579
434: 231,138
435: 1111,1360
436: 1499,2200
437: 1487,3107
4233: 
439: 4519,2000,883
440: 2726,2276,2768
441: 4167
442: 4649,738,4774
443: 4179,80
444: 1492,1020,2545,889
445: 
446: 3977,469,4381
447: 2559,3686,74
448: 1254,2807,15,1833
449: 241,3514,1041
450: 2716,482,396
4740: 338,2858,3793,3817,297
452: 1149,2728
453: 2440,3366,3481,1160
4733: 785,2121,2329
455: 4030,4502,4774,3550,1096,3617
456: 200,3465,1218,1395,729
457: 4064
458: 
459: 615,3968,3822,1869
460: 4214,2847,1959,4617,1269
4665: 2868,4534,188
4450: 3583,4071,2078,4723,4023
463: 4632
464: 2546,2916
4451: 2116
466: 1655,4766,4050,4710
467: 3425
468: 258,2136,3410
469: 446,1372
470: 398
471: 895,1092
472: 
473: 4591,1449,491,2769
474: 544,4182,1998
475: 2443,2176,978
476: 
4337: 4183,3042,3922,2985
4596: 4063,2094,1176,857,1068
479: 1811,2171,2258,972,4569
480: 2662,2954,1010
481: 4444,3745,272
482: 4543,396,450
483: 1039
484: 4440,4698
485: 3539,3643,3099
486: 4805,2106,2934,1062
4574: 3333,2121,3408
488: 
489: 1871,4350,4118
490: 1506,160,1070,385
491: 4149,254,473,1651,2769,2724
492: 4810,4461,4580,3393
493: 1284,4161,89,4616,3297
494: 4803,2644,4199,4055,4427
495: 1542
4510: 1163,2387,4133
497: 568,1440,3687
498: 4562,550,1079,2552,1432
499: 3526
500: 4491,4431
501: 868,76,1175
502: 265,875,2001
503: 1247,4734,144
504: 1999,3017,2980,2002,536
505: 2879,3172,1551,2725
506: 1476,3310,956
507: 2511,3485,3130,2250,4278
508: 1754,2781
509: 1133,1581,3228
510: 4817,4444,2111
511: 618,2596,652,4308
512: 2124
513: 4192,183,4256
514: 2514,145
515: 4646,2706
4079: 
517: 
518: 2597,3172,2982
519: 1570,3303,4583
520: 2079,1208,3572
521: 2878
522: 2675
523: 3386,2288,4522
524: 613
525: 4422
526: 287,2432
527: 1245
528: 429,1860,2872,3785
529: 3623,3677,1448,1898,4103
530: 2229,1119
531: 1646,4443,3869,813
532: 1608,3972,4076,3308
533: 
534: 1983
535: 116,2840
536: 2002,3597,504,3017
537: 2530
538: 184,1451
539: 4489
540: 49,935,785
541: 2980,837,658
542: 4167,1179
543: 
544: 474,1998,4651
4410: 3223,2448
4327: 3422,597
547: 4712,3780,2044,3940
548: 4651,896,964,594
549: 1675,1323
550: 270,1079,498,1967,4445,2552
551: 420
552: 326
553: 4819
554: 4203
3994: 
556: 3331,3019
557: 61,4594
558: 3513,3700,1706
559: 1949
560: 2469,731,4816,2634,3738
561: 2804,3158,1260,860,3989
562: 3141,4286,698
563: 
564: 3410,4785,1999,3874,4697
565: 1181,4590,4106,1373
566: 1350,1664
4653: 4791,3258,4403
568: 1433,497,4821,701
569: 3272,1846
570: 1112,4789,2698,917
571: 3528
572: 3716,2050,1854
573: 2279,846,360,3873
574: 910,3809
4803: 1995,494,830,4055,4427
4093: 4063,1412,2359
4823: 3047,4357,3780
578: 2214,1868
579: 4713,669,4810
580: 4038,1840,3938
581: 1540,2275
4041: 3409,3037,3758,3325
4699: 2058,2913
4071: 2078,304,1532,157,4450,3583
585: 
586: 874,4698,2607,1965
587: 3431,3763,2657,1533
588: 360,2562,2664,4739,2952
589: 4248,2844
590: 4595,1410,4116
4397: 4366,1252
592: 2798,2835,4578
4466: 835,1129
594: 2926,548,4274
595: 
596: 
597: 1872,3422,4327
4566: 
4770: 2949
4383: 3846,2215,839
4570: 261
602: 3778
603: 2039,4661,2189,1219
4552: 370,2469
4531: 3709,1388,3775,2535
606: 4051,1880,3989
607: 1498,1624,2522,1390
4514: 3026,4088,2248
4572: 4029
610: 4285,670,4589,3280
4161: 89,1993,1419,3202,2888,493
612: 
613: 524
614: 2954,3532
615: 3968,459,2953,3603
616: 4765,4062,1564,4266
617: 2815,3491,4156,1804
618: 2596,511,723
619: 2318,2937,1984,3220
620: 1839,69,3604
621: 
622: 1599,2015
623: 111,1870
624: 4035
4276: 3055,257,1424
4222: 246,4640,1794,1116,304
4155: 3729,3256,4361
628: 2817,2485,190
629: 2517,1061
4477: 3354
631: 3672
632: 294,2549,3412,1616
4679: 2294,90,3843,1305
634: 3167,4387,4362
635: 2586,2414,4460
636: 3516
637: 2463,1061
638: 3072
639: 685,3290,2581
640: 1661,1775,1488,2931,9
4197: 3379,4312
642: 
643: 1038,2515,4784
644: 2777,3520
645: 4436,4124
646: 1695,3472,955
4480: 1018,4473,271
648: 3600,1162,4181,4577
4528: 
650: 
651: 
652: 511,1277,3982,4308
653: 1054,993,175,2458
654: 2207,1912
655: 4394,2364,1458,1609,4713
656: 3963,2134
4245: 4797,1756
658: 2980,541,2002
659: 2179
660: 2370,1968
3995: 306,2925,1701
662: 1845
663: 3515,3833,2551,1255
664: 4813
665: 4767,3330
666: 
667: 
668: 4096,795,1153,1048,2099
669: 1609,4713,2443,4741,3607,579
670: 610,4285,1629,3681
671: 303,742,41
672: 979,3812,4414,680,1558
673: 4544,2100,1395,1720,3227
674: 394
4812: 2195,3457,4236,3573,341
4530: 2830,2436,2648
677: 2655,877,1856
678: 3479,2350,3619,3178
679: 4363,1852
680: 3629,1558,672
681: 3979,3704,363,3665,4498
682: 3907,4084
4343: 1201,1139
684: 2274
685: 3156,639,2928,2581,2426
686: 1671,1693,3321,2242
687: 3469,3835,4022
688: 2140,1736,1583
689: 4298
690: 128,3463,2335
691: 260,256
692: 221
693: 
694: 4788,1479,3124
695: 2597
4347: 
4720: 1394
698: 1975,4324,562
4184: 3649,4553,167,3084,4333
700: 1858
701: 1956,718,4821,568
702: 278,2608,3372
4414: 1559,3718,672
4377: 1119,4573
705: 
706: 1536
707: 4279,3502,4430
708: 3164,364
709: 3512,3392,1981,163
710: 2818,3609,1741,2233
4589: 953,1539,610,3280
4146: 
713: 
4745: 2668
4669: 2675
716: 4275,4748
717: 
718: 701,1956,3687,3001
719: 4606,1781
4420: 3429,1291
721: 2014,4673,3279,308
722: 4340
723: 4728,618,2596
724: 3631
725: 4112,3231,1191,1742
726: 3601,2563,364,1073
727: 214,188,2230,2868
4821: 2779,4289,75,701,1956,1637,568
729: 3786,456,1218
730: 1332,1205,3663
731: 4816,560
732: 3618,4526,144,1397,4623
733: 2759
734: 1659,4218,3649,4553,4700
4554: 3374,3694,3792,3591
736: 4073
737: 1216,1633,3323,4533
738: 4354,442,3146,4774
739: 3715,962,3674,931,1844,4398
740: 1918
741: 4555,2776,2502
742: 3294,66,671,41,4456
743: 381
744: 4600
745: 4597
4357: 2049,2206,4823
4361: 4780,4155,3729
748: 4417
749: 1913,1177,306
750: 3252,1449
751: 4421,3241,3063
752: 1706,2420,4619
753: 2902,1101
754: 1716
4409: 4777,3100,2420
756: 2102,1621,1502
757: 280,158,3680,4794,39
758: 1971,1807
759: 4539,2228,3373,3762
4253: 4435,1922,820,4674,3165,368
761: 
762: 2882,2867,2965
763: 3040
764: 3598,2141
765: 2043
766: 2865,2483,2303,3372
4643: 3788,4340,1822,4109
768: 
769: 1034,3496
770: 2204,1593,4224
771: 158,4429,3141,2252
772: 1006,2598,397,2341,3613
773: 1364,3970
774: 2035
775: 3359,4536
776: 248
777: 1184,2421,3074,2119
778: 2625,3440,1214,3506
779: 
780: 
781: 
782: 841
4687: 1209,2680,3563
784: 3137,2321,4587,4363
785: 4733,540,935,3408
786: 4501,2186,4380
787: 2033,3129
788: 2128,3524,4048
789: 3836,2108,1712,2629
4340: 1802,722,4643
791: 3892
792: 892,1702
793: 285,3787,1405,4708
794: 3837,3744
795: 3064,1153,948,2099,668
796: 
4060: 2295,60,3006
4502: 4151,4774,455,3550
799: 2288,2676
800: 
801: 1895,882,1138,3065,1146
802: 57,3510,1030,2459
803: 1832,384
804: 
805: 2548
806: 
807: 963,1004,1585,2042
808: 1624,1270,2522,366
809: 4288,408,339
810: 345,3620,3602,3593
4583: 3303,48,4768,519
4479: 3338,1641
813: 2146,175,1514,1646,531
814: 3320
815: 2704,2398,92
816: 2189,2177
817: 2319
818: 49
4475: 2392,1547,3722,2773
820: 414,4253,1922
821: 3756,3296
822: 2976
823: 949,1297
824: 3889,1987
825: 
4167: 441,3489,1179,542
827: 39
828: 2556
829: 2107
830: 1995,4803,4055,4724
831: 4630
832: 1722,1276
833: 3662,1576,851
834: 416
835: 4466
836: 3564,4725,4805
837: 2980,541,4037,378
838: 4486,4428,3832,3139,1393
839: 2455,3906,2215,3846,4383
840: 4626,375,2941
841: 782,3779
842: 
843: 188,1503
4214: 460,4617,1269
4050: 4710,466,4185
846: 2279,573
847: 4295,4620,410
4716: 3815,3916,1404
849: 
850: 2281
851: 3194,3662,833
852: 
853: 2669,1607,1594,426
854: 988,3185
855: 
856: 3099,2481
857: 3500,1068,4596,2889
858: 
4250: 418,4119,2473
860: 1042,1260,561,2568
861: 
862: 
4622: 3626,2330,1282
864: 3571,3109,1139,3879
865: 1249,3697,4799,1087
866: 3286,24
867: 
868: 501,4439
4433: 
870: 
871: 4787,913,1227
872: 2111,4437,1114,2723,4804
873: 4039,2782
874: 586,4698,1965,1835
875: 265,3645,502,4657
876: 356,403,3486,1968
877: 135,4140,3777,677
878: 3553,916
879: 4771,1050
4022: 687,2575
881: 2726
882: 801,1895,1512,1146,1510
883: 4813,432,439
4521: 3868
4794: 39,757,3680,1336
886: 4523,2247,3397
4255: 178
888: 4549
889: 947,444
890: 4282,2968
891: 3982,3985,12,4805
892: 1519,792
893: 1939,349,71
894: 4359,1309,1613
895: 471,907,1092
896: 4560,2611,548,3983,964
4488: 4140,3777,99
898: 3761,4286,2252
899: 
900: 4628,2199
4695: 
4816: 731,560,3738
4264: 
904: 2857,1016
4663: 1256,4600
4808: 
907: 2083,1092,895
4671: 3956,985
909: 
910: 574,3809,109
911: 1189
912: 265,2630
913: 2329,3816,4787,871,1227
914: 3081,2547,3264,2794
915: 1556,1622
916: 878,2613
917: 1762,1112,570,1272
4295: 847
919: 4058,2187,4098,1312,2308
920: 977,251,1971
921: 1398,4330
922: 2279,4163
923: 3334,3901,4267,3566
924: 228,3461,1455,1122,2892
925: 2855
926: 
4636: 1262,2484,4619,4710
4088: 2248,4514,3026
929: 2794,1775,4341
930: 2528,1086
931: 1840,2736,3715,739,3938,1844
4544: 673,2168,2100,1770
933: 1632,1948
934: 2387,1021
935: 3252,3559,540,785,3408
4064: 457,3818
937: 1649,2823
938: 2807,3652,3295,1254
939: 417,4219
940: 1384,2912,4315,2452
4104: 3216,2221
4163: 2098,2250,1884,922
943: 1885,2596
944: 3207,2226
945: 2624,4237
946: 
947: 4190,889
948: 4200,2099,3064,795,4788
949: 823,3361,227
950: 3169,3974,3855
951: 
952: 4761,4423
953: 1539,4589,1016
954: 2654,4561,2155,2756
955: 646,2910,2911
956: 4536,217,506,1957
4656: 3414,143,2589,1352
958: 1352
959: 
960: 2096
961: 1201,1679,1141,1181,4106
962: 739
963: 807,1004,1585,2896
964: 4657,896,548
965: 407,3955,2416,4476
966: 
967: 2185,3131
968: 4048,3341,1405,3787
969: 1167,3185,988
970: 1407,4802
4321: 4492
972: 2723,172,4344,2258,479
973: 2430,2951,264,4441,2439
4607: 3068,2458,1054
975: 4440,270
976: 1186
977: 1453,920
978: 1981,4806,2443,475,163
979: 672,3812,1558,3799
4714: 1302,2961,4587,4363
981: 4008
982: 
4062: 1602,3477,1564,616,4765
984: 2850,4190,86
985: 2937,1984,4671
986: 1217
987: 2796,4279,4031
988: 854,969,3185
4550: 3789
4150: 3736,3761,1150,4784,2620
4501: 786
992: 1959,3579,1329,2847
993: 1043,1054,653,3273,175
4809: 2704,2362,4781,2028,1695
4007: 1690,1710
996: 1400,3544,2378
997: 1889,2404,3642
998: 4704,3025
999: 2243,4702,1936,1743
1000: 3569,1696
1001: 4772,1777
1002: 3131
4525: 2148
1004: 807,963,4523,3397
1005: 1268,4421,1659,4610
1006: 772,397
1007: 2506,241,1435
1008: 415,2277,2908,3267
4209: 3294,2636
1010: 269,480,1729
1011: 4810,4461,2883,1458
1012: 3882,316,4207,1459
1013: 
1014: 
1015: 4582
1016: 904,953
1017: 2260
1018: 4480,271,1827
1019: 4659,1380,2408,4334
1020: 444,2545
1021: 2602,934
1022: 1198,98,3480,4028
1023: 2392,300,1762,2013
1024: 4781,3015,3472
1025: 4160,2752
1026: 2796,1799,4797
1027: 2156,3228,1269
1028: 2949,66,4456
1029: 3800,1346,3484
1030: 3510,802,3322,3623,3677
1031: 399,3882
1032: 3449,2342,2424,3056
1033: 220,2487,2833,4461
1034: 769,4280,1909
1035: 
1036: 236,3984
1037: 1815,143
1038: 643,2515,4602,2930,4784
1039: 483
1040: 3962,1704,2853
1041: 264,241,449
1042: 860,4600,1260
1043: 993,3273,2146,175
1044: 3792,4241,2041,3266
1045: 2887,2640,3788,33
1046: 2035,3576
1047: 
1048: 1153,3163,4096,668
4109: 33,4368,1822,4643,3788,3902
1050: 4771,879,1954
4207: 316,1326,174,3755,1012
1052: 1253,4584,3650,2136,2422
4487: 1456
1054: 993,653,3273,4607
4316: 2116,4158,2052,1265
1056: 
4641: 2681,2936
4623: 1397,732
4290: 
1060: 3844,1720,4339,1218,1395
1061: 2517,629,637
1062: 2140,2205,486,2106,2934
4313: 68,2619,2213,2871
1064: 62,3146,3269,4774
1065: 3930,1952,2722,2636
1066: 3078
1067: 3479,2350,2133
1068: 857,3500,13,3191,2094,4596
1069: 2337,2574,1803,2696
1070: 2191,3478,160,490
1071: 4251
4704: 998
1073: 2175,726,1982
1074: 4455,1783,1620,3827
1075: 1687
1076: 
1077: 1416
1078: 3343,2965,1164
1079: 270,550,3335,498,4562,2552
4748: 716
1081: 2022,4229,2890,2389,1281
1082: 3022,1115,3104,4621,3767
1083: 3948,2416,3955
1084: 2106,1277
4454: 250,2534
1086: 3496,1180,930
1087: 4799,865
1088: 4764
1089: 2778,4515
4408: 294,4221
1091: 214,2985
1092: 907,471,895
1093: 14,2900
1094: 
4350: 489,1871,4118,3046
1096: 4057,3617,455,3550
1097: 1907,4786,1928,1258
1098: 1214,3506,1790
1099: 2578,4767,1494,3137,2500
1100: 2603,3073
1101: 753,2286,2902,1828
1102: 
1103: 1704,3496
1104: 1475,4573,4212,4655
4444: 3745,383,481,510,2111
1106: 3465
1107: 4654,3711
1108: 2700,3281,3633,1578
4026: 3542
1110: 2326,1513
1111: 435
1112: 4789,570,1849,917
4673: 2158,2874,721,3279
1114: 2723,4085,2683,872,2111
1115: 3022,1082,1737,3104,274
1116: 2078,304,4222,246,210
1117: 2312,2008,1308,1250
4223: 2128,2955,4182,3325
1119: 4377,4573,530,2229,3883
4590: 2130,1181,565,1373
1121: 
1122: 1455,4613,924,4394,2892
4568: 4338,238
1124: 3450
1125: 3430
1126: 3062,4631
1127: 2306,1548,1622
1128: 
1129: 4466
1130: 
1131: 2555
1132: 
1133: 4617,509,2686
1134: 153,3531
1135: 2234
1136: 3200,3747,4028,2426
1137: 3340
1138: 801,3065
1139: 1201,4343,3571,864
1140: 103
1141: 4723,1215,2820,2130,1181,961
4782: 
1143: 293
1144: 1564,3482
1145: 3178,3577,2736
1146: 1573,1793,801,1895,882,3065,1510
1147: 
4692: 3946,1934
1149: 452,2728
1150: 1301,4784,3736,4150,2983
4818: 3035,1382,4121
1152: 2198,16,1740
1153: 2501,1048,3163,795,668
1154: 
1155: 1832
4333: 3241,4462,4184,4553,167,4421
4506: 
1158: 2073
4551: 153,1346,1520
1160: 453
4495: 
1162: 1424,4181,648
1163: 4510,4133
1164: 2972,2231,3343,1078,3367
1165: 1393,404,2019
1166: 1627,3213,1777
1167: 969,4815,2772,1771
4615: 4815
1169: 1235,1546
1170: 4660,1819
4484: 337,3943
4597: 745
4296: 4311
1174: 2241,3484,99
1175: 3997,501,76
1176: 2094,4768,4063,4596,1412
1177: 749,306,93
1178: 3821,1330,4417
1179: 4167,542
1180: 2918,3496,1086
1181: 2130,4590,4106,565,1141,961
1182: 
4132: 2289
1184: 2421,777,2119,4304
4014: 
1186: 2620,4314,976
4400: 418,2180
1188: 
1189: 407,911
1190: 2002,3035,4441,2439
1191: 3231,725,4036,2734,4024
1192: 
1193: 296,4008,2446
1194: 3353,1240,4709,1948
4393: 
1196: 1618,2353,2967,3081
1197: 1236,1791,4345
1198: 1022,98,3480
1199: 191,2945
4229: 1081,2022,2890,3664
1201: 961,4343,4106,1139
1202: 1680,1633,4701,1216
4424: 2457,2614,3334
1204: 3708,3885,4649,1683
1205: 730,3663,4498,3478
1206: 1562,2549,4381,4792
4439: 868,3294
1208: 520,8
1209: 2680,4687,2899,1279
1210: 
1211: 3734,1604,4196,3012,3582
1212: 422,3828
1213: 
1214: 1098,3506,778
1215: 4723,1141,285,2208,2130
1216: 737,1202,1633,1895
1217: 3104,986,1737
1218: 456,1395,729,3786,4339,1060
1219: 2039,603,2950
1220: 3675,4811
1221: 
4539: 759,2228
1223: 3042,3986,53,1888,3105
1224: 2506,4756
4187: 2912,4315
1226: 1657,2526,3846,4369,4499
1227: 2233,1741,913,871
1228: 55,290,2108,2600,3975
4681: 1753
1230: 11,64
4613: 1122,3303
1232: 4095,4131,3647
1233: 1759
4391: 2298,282,3071
1235: 1169
1236: 1197,3931
1237: 
1238: 4373,119
1239: 4373,4403,1772
1240: 1194,3353,3296,3069,4709
1241: 289,3290,4002,2697,3044
1242: 1908,1304
1243: 3979,2886,2191
1244: 2123,4730
1245: 527
1246: 2287
1247: 503,4734,3882,1397
1248: 
1249: 865,3974,3697
1250: 2008,1117
4672: 
1252: 1360,2701,4397
1253: 4785,1052,2422,1999
1254: 448,4470,938,2807
1255: 4535,663,2551
1256: 4663,3745,383
1257: 1662,4076,3308,4118
1258: 1097,281
1259: 4771
1260: 2804,561,1789,860,1042
1261: 
1262: 2566,2959,4636,2484
4685: 2841,1519
1264: 
1265: 4158,4316
1266: 3781,3297,3138,4196,3734
3997: 3088,76,1175
1268: 1005,4210,2609,4610
1269: 4617,4214,460,1027
1270: 1624,808,3482,2748
4234: 2090
1272: 1982,3259,917
1273: 
1274: 3250
4362: 634,3167,2666
1276: 4751,832,2403
1277: 3982,652,1084
1278: 4006
1279: 4072,2899,1209
4354: 2699,738,4151,4774
1281: 4054,2389,1081,3029
1282: 22,4447,4622,3392
1283: 
1284: 493,282,3781,3297,3801
1285: 3007
1286: 1521
1287: 2595,3016,1294
1288: 339
4693: 1769,4048
1290: 
1291: 4420
1292: 
1293: 1917,3370,4492
1294: 2695,2674,1287,3108
1295: 3088,2744,49
1296: 1799
1297: 823,3023,2702
1298: 2625,218,3506
4203: 554
4040: 
1301: 1150,3965,4784,2983
1302: 4714
1303: 422,1670
1304: 1242,1317
1305: 4666,4679,3843
1306: 3978,3166,4164,2379
4505: 4178,1919,1475
1308: 1117,3075
1309: 3107,894
1310: 4776,4309
4359: 894,3415,1613
1312: 4058,2187,919,2657
4066: 1420
1314: 1617,1509
4318: 2374,3215
3996: 2852,3505,2974
1317: 1304,3092
1318: 4737,1764,4401
4179: 3300,443
1320: 2402,1929,2751
4160: 1025
4725: 2601,836
1323: 549
4293: 3551,4310
4620: 410,847
1326: 4207,2216,3755
1327: 3130,4278,1662,4076
4182: 1998,2128,4223,474
1329: 992,2847
1330: 3821,1178,4675
1331: 
1332: 730,3307,2369,2021
1333: 2832
1334: 4646
1335: 2087,3944
1336: 3680,4794
4171: 2780,3648,2846
1338: 
4815: 3255,3850,1167,3185,4615,2772
1340: 
4657: 964,3581,3645,875
1342: 
4658: 4674,3494,3664,4098
1344: 3598
1345: 
1346: 3480,1990,1520,4551,3800,1029
1347: 
1348: 
1349: 4404,125
1350: 1664,566
1351: 1898,3653
1352: 3414,4656,958
1353: 2906
1354: 3395,3794,1386,3959
1355: 2367
1356: 
1357: 1461,2153,273,2479
4404: 1349,125,236
1359: 3630,1944
1360: 1252,2701,435
1361: 196
1362: 4798,4764
1363: 4529,2315,4301
1364: 773,3970
1365: 
4712: 547,3940,4462,167
4694: 3456,60
4210: 2609,1268,1602,4610,3477
1369: 3271,301
1370: 2558,2830
1371: 3837,3537,3744,2335,2986,2449
1372: 2744,3328,469
1373: 307,4009,3233,4590,565
4154: 1678,2709,2523,3993
1375: 2127,3083,4252
1376: 4534
4523: 886,2247,3397,1004
1378: 2619,3873,2562,68
1379: 
1380: 2629,2408,1780,1712,4659,1019
4804: 3639,872,4437,2723,172
1382: 4121,4818
1383: 1525,2182,4124
1384: 940
1385: 15,2914
1386: 1927,3959,1354,3095,3878
1387: 1637,1433,3505,2342
1388: 2655,3775,4531
4356: 
1390: 1624,607
1391: 3077
1392: 3106,3477,2764,4765
1393: 2284,3139,1165,2019,838
1394: 3885,4720,62
1395: 200,456,1218,1060,1720,673,2100
4415: 2096,3288,3569,4376
1397: 4623,1247,732
1398: 921,4322,3898,4173,4123,4330
1399: 2729,2899,224
1400: 996,1708,67
4419: 
1402: 3735,2671
1403: 3726
1404: 1546,4716
1405: 4708,793,3787,968
1406: 4103,3377,1448,2580
1407: 970
4106: 1181,565,1201,961
1409: 
1410: 4595,3102,590
1411: 1925,1630
1412: 223,1176,4768,4063,4093
4603: 4819,2988,299
4723: 1141,1215,4450,2820,4023
4329: 404,297,2918,338
1416: 1077,2729
1417: 
4114: 1772,2784
1419: 1993,3310,4161,89
1420: 4066
1421: 3036
1422: 108,2366,3897
1423: 134,227
1424: 1162,4181,4276
1425: 4221,3977
1426: 
1427: 
1428: 
1429: 2170,4540,2421,3930
4074: 2051,2732,4121
4055: 4199,494,4803,830
1432: 2552,2471,498,4445
1433: 568,1440,1387,2342
1434: 3486,2066,2310
1435: 4061,2506,1007
1436: 2075
4072: 1279
4763: 3654,3263,2433,1473
1439: 2223,1538
1440: 1433,497,2977,2342,3056
1441: 3685,4116,4101,1853
4680: 2787,1482,18,4438,3899
1443: 1991,3699
1444: 
1445: 3725,3411,3170
1446: 2152,4281
4279: 707,987,4031
1448: 529,1406,4103,2580
1449: 4591,4792,750,473
1450: 3112,2391,2015
1451: 538,4016
1452: 4352,3400
1453: 977
1454: 36,3860,3799
1455: 1122,2102,924,228
1456: 4487
4706: 2240,2461
1458: 3690,2883,2892,655,4810,1011
1459: 1841,0,316,3882,1012,4734
1460: 2529,3699
1461: 2153,1357,2479
1462: 2432
4278: 2098,2250,3379,507,3130,1327,1662
4373: 1238,4403,1239
4339: 2003,3195,1218,1060,3844
1466: 1639,3919,3493
4325: 3322,3144,3623
1468: 2012,4795
4169: 
1470: 43
4628: 900,2127
1472: 2805
1473: 1508,4763,2658
1474: 3345,4259
1475: 1104,1919,4505,4212
1476: 506
1477: 4742,2458,3360
1478: 1652,3660,2765
1479: 4788,694,2424,4537
4425: 2716
1481: 
1482: 2787,4680,2120,18
4469: 1810,1875,3515
1484: 1967,4445,2471,1882,2089
1485: 3250,2388,83,4769
1486: 2837,4097
1487: 4195,2630,437
1488: 3351,1850,1661,640
1489: 2407
4619: 4710,4636,752
1491: 2455,3846,4499
1492: 444,2545,4678
1493: 239,2990,3674,1577,2303
1494: 2021,1099,3137
1495: 3865,2088
1496: 3609,3681,2995,4586
1497: 
1498: 1863,607,3103,3838
1499: 436,2355
1500: 4392,3375,2270
1501: 3794,2034,3657,4258
1502: 756,309
1503: 4524,3071,843
4297: 3125
4049: 411,1548
1506: 490,385
4411: 
1508: 1473,4682
1509: 1617,1314,209
1510: 882,3564,1146,1573
1511: 2209,3540
1512: 1767,3564,882
1513: 1110,1896,1611
1514: 813,175,1646
1515: 2989
4430: 707
4083: 1917,2786,2981
4258: 3657,3794,1501,3636,2627,3395
1519: 892,4685
1520: 1990,1346,1677,2760,4551,153
1521: 1286
1522: 3830,3335,3267,4272,2456
1523: 2855
1524: 3198,3728,3935
1525: 1383,2182,4790,4124
1526: 3225,2640
4294: 3572
1528: 2985,1769
4537: 3803,2424,3064,4788,1479
1530: 1814
1531: 
1532: 4524,2480,157,3583,4071
1533: 3718,3431,587
4156: 2815,617
1535: 3711
1536: 706
1537: 1760,2
1538: 1439
1539: 953,4589,4215,4285
1540: 581,2761
1541: 2942,2110
1542: 2309,495
1543: 2467
1544: 138,1628,2383
1545: 
1546: 1404,1169
1547: 4608,3259,4475
1548: 411,4049,1127
1549: 237
1550: 
1551: 2597,3172,505
4105: 1665
4611: 2859
1554: 3572
1555: 4490,2159
1556: 915,2203,2826,3704,155
1557: 4029,3123
1558: 3629,680,3799,672,979
1559: 4414,2065
1560: 2623,3063,2488,168,2501
1561: 3236,2706,237
1562: 1206,4792,3252,3559
1563: 4101,53,1853
1564: 1144,1602,4062,616,4765,4266
4766: 4710,2959,3533,466
1566: 2294
1567: 3737,2820,4023,1679
1568: 
4282: 890,1607,2968,1594
1570: 3014,519,223
4503: 4811
1572: 2513
1573: 1146,1793,1510
4534: 2868,4455,3827,1376,4665
4474: 2968,2200
1576: 208,833
1577: 3715,3674,239,1493
1578: 4529,2700,1108
1579: 3695,3360
1580: 2152
1581: 509,3228
1582: 2375,3483,3618
1583: 1736,3697,2140,688
4542: 3176,4334,2851,2151,3156
1585: 807,963,2042
1586: 2708
1587: 4564,3692,3732
1588: 4728,3428,4239
4741: 3014,1609,669
4363: 679,784,4587,4714
4307: 321,2465,3292
1592: 
1593: 770,2204,3987,4173,3584
1594: 2464,2968,1607,4282,853
4344: 972,172,50,2077
1596: 2174,406,2738,4305
1597: 2850,3273,4541,3617,1745
1598: 2707
1599: 3210,3164,622
1600: 1738,3391
1601: 3312,4309
1602: 4062,4610,3477,4210,1564
1603: 2006,3369,2173
1604: 3734,1211,3801,2298
1605: 2624,4511
1606: 3299
1607: 4282,1594,853,426
1608: 2824,532,3972,3819,2157
1609: 4713,669,655,2364,4741
1610: 1800,2000
1611: 1896,3589,1513
1612: 2909
1613: 894,4359,3415,2690,2800
1614: 2379,2240
1615: 
1616: 3405,1647,632,2549,4792
1617: 3750,3898,1314,209,1509
1618: 1196,2353,2967,2722
4762: 2685,4654,46
1620: 3202,1783,1851,1074
1621: 2102,756
1622: 915,1127
1623: 4465
1624: 808,1270,2522,607,1390
1625: 2975
1626: 
1627: 3213,1166,2033,3129
1628: 2628,1544
1629: 2477,3155,2818,4285,670
1630: 4085,2683,1411,1925,1859
4446: 
1632: 1948,933,3403
1633: 1680,1202,737,1216
1634: 4061
1635: 4516,2304,1915
1636: 3981,2359,2176
1637: 1387,4821
1638: 2401,2419,2072,2990,2483
1639: 1466,3919,3502
1640: 2150,235
1641: 3338,4479,2263
1642: 3712,3074
1643: 3399
1644: 
1645: 
1646: 531,3167,3028,813,1514
1647: 3405,1616,4238,4434,4792,1842
4134: 246,210,4371
1649: 213,937,278,3935
1650: 3129
1651: 1677,2769,4605,2724,491
1652: 1478,3660,2740
4029: 1557,4572
1654: 4418,3090
1655: 466,4494,1877,2049
4584: 2678,3650,2422,1052
1657: 1226,1789,4499
1658: 
1659: 734,4218,4553,1005,4421,4610
1660: 2520,3780,2206,3100
1661: 640,1775,4341,1488
1662: 1257,4076,1327,4278,3379
1663: 2647,1810,3646,1875
1664: 1350,566
1665: 2358,4105
1666: 152,3521,262
4416: 2013,4438,3899
4793: 2634,3738,136
1669: 
1670: 3826,366,1303,422,2632
1671: 3732,1693,686
4073: 736
1673: 4335,3909
1674: 2459
1675: 549
1676: 1826,2196
1677: 1651,4605,2760,153,1990,1520
1678: 4154,2523,334,1733
1679: 961,1567
1680: 1202,1633,2738,2654
1681: 3312,32
1682: 2373,1940,3300
1683: 4649,1204,3885,3146
4407: 3560,2222
1685: 2384
1686: 3349,2852
1687: 1075
4274: 161,2926,594
1689: 2503
1690: 4007
1691: 
1692: 3858
1693: 1671,3732,686
1694: 3604,4686,4496,4213
1695: 646,4809,3472
1696: 2694,2143,1000
1697: 4091,2568,2370
4273: 
1699: 4724
1700: 3197,2810
1701: 3450,3995
1702: 349,3556,3719,792
1703: 2386,4035
1704: 1103,1040
1705: 4225,73
1706: 752,2420,3700,558
1707: 
1708: 3422,2454,1400,67
1709: 4504
1710: 2727,4007
4567: 3176,3087,2151
1712: 4659,789,2629,1380
1713: 33,4368
4575: 
1715: 385,2038
1716: 754
1717: 
4664: 4206
1719: 
1720: 1060,3844,1395,3227,673,2100
1721: 1893,242,2523,1779,334
1722: 1882,832
1723: 4771
1724: 4563
1725: 2603
1726: 4003,3917,2084,4795
1727: 3686,2029,4512,2559,3029
1728: 4120,3000
1729: 2811,1010,269,2621
1730: 3832,4576,3981,2359,2037
1731: 3342
1732: 4252,2048
1733: 2047,1836,1678
1734: 1953,222,2147,4820,3145
1735: 3647,4764
1736: 1583,688,294
1737: 4403,1217,1115
1738: 1600,2497,2133
1739: 3550,4738,3973,4057,3160
1740: 2582,16,1152
1741: 2329,1227,710
1742: 4149,254,4399,725
1743: 1936,2243,4702,999,3695,2300
4417: 748,1178
1745: 1597,3617
1746: 
1747: 4010,173,4212,2922
1748: 2080,3667,3888
4677: 2341,2537,3613
4091: 1697,2947,2568,3828
4080: 
4195: 2630,1487
1753: 4681
1754: 3871,2781,280,508
1755: 
1756: 4245
1757: 3500,3817,297,2889
4310: 3551,2989,4293,3248
1759: 1233,3634
1760: 2,1537
1761: 
1762: 917,300,1023
4429: 158,771,3680
1764: 1318,2189,4648
1765: 301
1766: 
1767: 1512,3564
1768: 
1769: 1528,4693
1770: 3066,3881,4544,2168
1771: 1837,1167
1772: 1239,4114
4065: 252,3132
1774: 3622,3234
1775: 1661,640,4341,3264,9,929
1776: 2923
1777: 1166,4772,1001
1778: 3452
1779: 4188,2523,2717,100,1893,1721
1780: 2629,1380,2408,2013
1781: 4606,719,2086,2781
4249: 3134,260
1783: 1851,1074,1620
1784: 4422,169
4587: 2321,784,4363,4714
4817: 1925,510,2683,2111
4225: 1705,73
3967: 
1789: 1657,2804,1260
1790: 2848,4807,1098
1791: 1197
3998: 4754,4588
1793: 1146,1573,3065,4726,1904
1794: 4640,3284,157,3849,4222
1795: 4703,4777,3100
4797: 4364,4245,1799,2796,1026,2979
1797: 
4178: 4505
1799: 1296,4797,1026
1800: 4262,1610
1801: 3708,4675,2045,3809
1802: 3016,4340,219
1803: 2649,1873,1069,2337
1804: 2815,617
4016: 2449,3034,1451,2226
1806: 
1807: 1923,758,2863
4635: 3934,1855,3375
4183: 3608,4337,3042
1810: 2647,1663,4469
1811: 2171,479
1812: 
4578: 2835,3389,592
1814: 3546,1530
1815: 1037,143
4421: 1005,751,3241,4333,4553,1659
1817: 3864
4309: 4776,1310,1601
1819: 2393,2120,3428,1170
1820: 3662
1821: 
1822: 4643,3902,4109
4038: 580,3755
4569: 50,479,3600
1825: 3277,2805
1826: 3863,1676
1827: 1863,1018,1920,2522
1828: 7,2286,2902,1101
1829: 2286,2105
1830: 
1831: 
1832: 803,384,2453,1155
1833: 2271,448,2198,3365,2841
1834: 
1835: 874
1836: 2047,1733,2181,4075
1837: 1771
1838: 3584,3115,2325,1873,2399
1839: 620
1840: 931,2736,110,580,3938,1844
1841: 4773,1459,0,316,2496,3110,3508
1842: 4591,4792,1647,4434,4399,4149
4288: 809,408,2614,2869
1844: 3938,931,1840,739,4398
1845: 3062,662
1846: 2273,569
1847: 
1848: 1852,4767
1849: 2175,2817,1112,4789,190
1850: 1488,3351
1851: 1783,1993,1620
1852: 1848,4767,2500,679
1853: 53,4101,1563,1441,58
1854: 572
1855: 3934,4635
1856: 2508,677
1857: 
1858: 700
1859: 2171,1630
1860: 528,2241,3484,3785
1861: 3064,3803
1862: 4158,3144
1863: 1827,1498,1920,3838
1864: 2825
1865: 4081
4760: 2662,4319,1923
4698: 874,586,4626,1970,484
1868: 2987,4520,578
1869: 3822,459
1870: 623,3591
1871: 489,4350,2336,3046
1872: 597
1873: 2649,1803,2399,1838,2325,2678
1874: 1893,242
1875: 145,1663,4469
1876: 3157
1877: 3571,4243,4494,1655
1878: 2117,2613
1879: 2760,2344,2635,2724
1880: 4051,606,4180
4779: 3396
1882: 2089,1722,4017,1967,1484
4366: 136,4397
1884: 3112,2250,4163
1885: 943,3169,2596
4586: 2995,357,1496,3681,2958
4445: 1967,1484,550,2552,2471,1432
1888: 53,58,1223,3608
1889: 997
4048: 968,4693,788
4305: 1596,4738,3973,4701
1892: 2169,3184
1893: 1874,242,1721,1779,100
3983: 4651,896,2611
1895: 801,882,4647,1216,1146
1896: 1611,1513,2252
4786: 1097,1907,2158,2190,3279,3776,313
1898: 1351,529,3677,4103
1899: 
4259: 1474,3416
1901: 3528
4332: 2408,3530,419
4120: 1728
1904: 3069,4726,1793,3710
4085: 1630,2258,2683,1114
1906: 4787,3816,2707
1907: 1097,4786,1928
1908: 1242
1909: 4005,3195,4280,1034
3981: 1636,2359,2176,1730,2037,4806
1911: 3856,3695
1912: 2813,2207,654
1913: 749
1914: 3298,2775,3203
1915: 4624,3368,1635
4735: 2588
1917: 4083,4094,1293,4492
1918: 740
1919: 1475,2528,4505
1920: 2262,1827,1863
4056: 
1922: 4253,4435,1964,820
1923: 1807,4760
4516: 1635,2304
1925: 4817,1938,1411,1630,2683
1926: 312,3639
1927: 1386,3959,419,2715,2697,3095
1928: 3942,1097,1907
1929: 2402,1320
1930: 2987
4387: 3381,634
4494: 1655,1877
4191: 
1934: 4692
1935: 4651
1936: 1743,2243,4702,999,2300
1937: 2274
1938: 407,1925
1939: 893,3719,349
1940: 1682,2373,119,2285
4548: 429,4426,2872
1942: 2386
4638: 4642
1944: 1359
1945: 4094,3727,2786
1946: 3427
4690: 4108,2780
1948: 1632,933,1194
1949: 2595,559
3987: 2204,1593,22,4173,4123
1951: 
1952: 2353,2722,3930,1065
1953: 1734,222,2147,3189
1954: 2718,1050
4086: 3259,4608
1956: 701,718,2779,305,4821
1957: 3359,4536,956,4616
1958: 2831,3720,303,134
1959: 3579,992,3625,4617,2847,460
4143: 321,2018,2093
1961: 4266,4765,3258,4791
1962: 3059,2055
1963: 2290,1971
1964: 4435,1922
1965: 2865,874,586
1966: 1988
1967: 4445,1484,550,2552,1882
1968: 3486,356,876,2370,660
4117: 
1970: 4440,4626,4698
1971: 758,251,1963,920
4112: 3231,725,4627
1973: 2847
1974: 3772
1975: 698,4324,2700
1976: 4778,2065,3972,3819
4637: 3691,357,3102
1978: 2142
4180: 4051,1880,2617,4142,3283,3084
4190: 86,947,984
1981: 4806,2167,978,2759,709
1982: 1272,3259,1073
1983: 534,2177,2641
1984: 2937,985,619
1985: 3173,357,2958,3691
1986: 2398,4800
1987: 4115,4776,2798,824
1988: 1966
4520: 3675,2987,1868
1990: 3480,1346,1520,1677,2760
1991: 3174,1443
1992: 4801,2650,3319
1993: 1419,1851,4161
1994: 3951,3476,4549,2075
1995: 4803,830,2319,3854
4675: 2045,1330,1801,3708
4743: 
1998: 4182,2017,3325,474,544
1999: 504,3017,4785,1253,564,3874
2000: 439,4519,4813,1610
2001: 2225,502,3009,265
2002: 1190,3035,536,504,658
2003: 4339
2004: 2024,4323,3577,2245
4660: 1170,3807
2006: 1603
2007: 
2008: 4790,1250,1117
2009: 3187,276
2010: 118,359
4352: 2147,4820,1452,3400
2012: 1468,3080
2013: 4416,1023,2392,1780
2014: 721,2897,2874,3811
2015: 2842,622,1450
2016: 3168
2017: 1998,3325
2018: 2093,4143
2019: 2272,1393,1165
4200: 948,2099,4788,2930
2021: 1494,1332
2022: 1081,4229,3029
2023: 96
2024: 2350,2004
2025: 3186,2095
4710: 4766,4619,4050,4636,466
2027: 2777
2028: 4809,4781
2029: 1727,3686,4512,74
2030: 
2031: 2544
4196: 1266,3734,1211,3582
2033: 3129,787,3316,1627,3213
2034: 4608,1501,2773
2035: 1046,170,774
4235: 4625
2037: 4806,2167,3832,1730,3981,4486
2038: 385,1715,3576,3476
2039: 4661,603,1219,2950
3970: 1364,773,3724
2041: 4241,1044
2042: 807,1585
2043: 3547,765
2044: 3702,3047,547
2045: 4780,4675,1801
2046: 
2047: 1733,1836,4532
2048: 1732,2535
2049: 4357,1655
2050: 4772,572
2051: 4074,4121
2052: 2770,2116,3061,4316
4116: 3685,1441,590
4157: 2530,186
2055: 1962
2056: 3524,3644
4045: 3435
2058: 4699,2913
2059: 3779,2641
2060: 
4018: 
2062: 3877
4221: 1425,3353,4408
2064: 4108,2519
2065: 1976,1559,4111
2066: 1434
2067: 4624,412
2068: 3897
2069: 4208,4618,315
2070: 3619,4360,4147
4802: 970,4594,2838,4507
2072: 2419,1638,4010,2990
2073: 1158
2074: 3740
2075: 1436,1994,3476
4379: 3814
2077: 4344,50
2078: 4071,1116,304,4450,210,3737,4023
2079: 520
2080: 1748,3888
2081: 
4724: 830,1699
2083: 907,50,3600,4577
2084: 4003,1726,4795,3645
2085: 2567,3549,3605
2086: 2781,4431,1781
2087: 1335
2088: 2358,3865,1495,3454
2089: 1882,1484,2471,4188,2709
2090: 2646,4234,3872
4700: 2632,734,4218
2092: 3762
2093: 2018,4143
2094: 1176,3603,3191,1068,4596
2095: 3186,2025,387,2097
2096: 4415,960
2097: 4749,2095
2098: 2250,4163,4278,3379
2099: 4200,948,795,4788,2515,668,2930
2100: 673,4544,2168,1395,1720,3391
4152: 2516
2102: 1621,756,1455,228
2103: 3926
4540: 2170,1429,3884
2105: 3713,1829
2106: 4805,486,1062,1084
2107: 3441,829,2976
2108: 1228,789,3836,3975
2109: 2457,3637,3006,408,2614
2110: 3271,1541
2111: 872,510,4817,4444,1114
2112: 3145,222
4063: 4596,4093,1176,4768,1412
3973: 4738,1739,4305,3160,4701
4164: 1306,2379
2116: 4451,3061,4316,2052,3037
2117: 2619,1878,2613,2213
2118: 
2119: 2273,4304,1184,777
2120: 2393,1819,3428,1482
2121: 3408,4733,4574
2122: 
2123: 1244
2124: 512,3789
2125: 2664,3760,2627
2126: 3754
2127: 1375,4628,2508,3083
2128: 788,4223,3524,4182
2129: 3674,3669
2130: 1181,4590,285,1141,1215
4147: 2570,110,2070,4360
4201: 3758,2770,3497,3061
2133: 4252,1738,1067
2134: 3688,2653,3295,656
4703: 1795,2520,2617,4142
2136: 468,1052,3410
2137: 3015,2944,2751
2138: 3085
4702: 2243,999,1936,1743
2140: 1062,2205,688,1583,3697
2141: 764,2518
2142: 1978,4811
2143: 3234,1696
4791: 4653,4765,1961,3258
2145: 3058
2146: 813,175,117,1043
2147: 4352,3400,1953,1734
2148: 4525,3654
2149: 3536,2982
2150: 1640
2151: 3200,3747,4542,3176,4567,3156
2152: 1446,1580
2153: 1461,1357
2154: 2440
2155: 2318,954,2756
2156: 1027
2157: 3819,1608,3972
2158: 243,2190,4673,3279,4786
2159: 4230,1555
4807: 3638,122,4396,324,1790
2161: 64,3856
2162: 2383,3099
2163: 
4621: 3104,1082,3180
2165: 3939
2166: 2397
2167: 1981,2037,4806,4486,2759,3170
2168: 4544,2100,3391,1770
2169: 1892,2743
2170: 1429,4540,3003
2171: 1811,1859,479,2258
2172: 3135,3377,2340
2173: 1603,3313
2174: 1596,2699,4738
2175: 1849,1073
2176: 3981,1636,475
2177: 1983,816
4737: 1318,2646,2231
2179: 44,659
2180: 4400,418
2181: 2732,4075,1836
2182: 2863,1525,1383
2183: 
2184: 3473
2185: 967
2186: 4380,786
2187: 4058,230,919,3494,2903,1312
2188: 2474,4758,2971
2189: 816,1764,4661,603
2190: 243,2158,4786
2191: 2886,1070,4498,3478,1243
4614: 
2193: 3387,4747
4057: 1096,3550,1739,3160
2195: 4812,3573
2196: 3026,1676
4707: 348
2198: 1152,1833,3365
2199: 3766,4219,4270,900
2200: 2336,3964,4670,436,4474
4252: 2133,3083,1375,1732
4124: 1525,1383,645
2203: 1556,155,3136,166
2204: 770,3987,1593,4173,4330
2205: 1062,2140,2934
2206: 4185,4357,3100,1660
2207: 654,1912
2208: 3888,1215
2209: 3684,3815,1511,3536
2210: 2839,2959,3533
2211: 2251,109
4094: 1917,1945,3727,4492
2213: 2613,2619,2117,4313,2871
2214: 396,578
2215: 3906,3896,3344,4383,839
2216: 3438,1326
2217: 2323
2218: 3567
4103: 1406,3377,1898,529,1448
2220: 2222,2333
2221: 3216,4104
2222: 2220,4407,4796
2223: 1439
2224: 3408,4625
2225: 2001,3009
2226: 3192,944,4016
2227: 3641
2228: 759,4539,4374
2229: 530,1119,244
2230: 3499,2868,727
2231: 2972,1164,3367,2646,4737
2232: 
2233: 1227,3609,710
2234: 3239,1135
2235: 
2236: 4632
4376: 3569,3288,4415
2238: 3504,4755,4599
2239: 3203
2240: 4706,1614
2241: 3484,1860,1174,3785,99
2242: 686
2243: 4702,999,1936,1743
2244: 2799
2245: 4323,2004,173,239
4448: 
2247: 886,4523
2248: 4088,4514
4230: 3545,2159
2250: 2098,4163,4278,507,1884
2251: 2211
2252: 3141,4286,898,1896,771
2253: 
4646: 515,1334
4319: 4760
2256: 4272,2908,2277,3267
2257: 2688,352
2258: 4085,2171,479,972
4750: 2754,4601,380,3497
2260: 1017,118
2261: 
2262: 2982,1920
2263: 2366,1641
4001: 2317
4686: 69,1694,4496
4504: 1709
2267: 3539
2268: 4237,3627
4783: 3705,414
2270: 1500
2271: 1833,2914,15,2841
2272: 2889,2019,4576
2273: 3074,1846,2119
2274: 684,1937
2275: 581,426
2276: 440
2277: 1008,415,2256,2908
2278: 
2279: 846,573,922,3873
2280: 
2281: 850
2282: 2432,3661,3637
2283: 3764
2284: 3139,1393,3830,3267,3725
2285: 2983,2373,1940
2286: 1829,2902,1101,7,1828
2287: 1246
2288: 4522,523,2676,799
2289: 4132
2290: 2385,3182,1963
2291: 3116
4251: 1071
2293: 2969
2294: 90,4679,3843,1566
2295: 4060,60,3006
4442: 3675,4543
2297: 
2298: 3801,4391,1604,3071
2299: 
2300: 3695,1936,1743
3993: 2709,4154
4645: 4822
2303: 1493,2990,2483,766
2304: 3642,1635,4516
2305: 2442
2306: 1127
2307: 17,3274
2308: 919
2309: 3274,2844,1542
2310: 272,403,1434
4314: 2829,2620,1186
2312: 1117
4271: 4006
4141: 4535
2315: 2745,1363
4024: 1191,4228
2317: 4001
2318: 2155,619
2319: 817,1995,3854,344
4401: 123,3152,1318,343
2321: 4587,3478,3663,784
4792: 4591,1449,1842,2549,1647,1616,1562,1206
2323: 2217
2324: 
2325: 1838,1873,2399,3650
2326: 1110,4130,328
4564: 1587,3692
4127: 
2329: 1741,913,4733
2330: 3217,4322,232,4622
2331: 
2332: 3089
2333: 3692,2220
2334: 2844
2335: 690,3463,1371
2336: 2200,3964,3046,1871
2337: 1069,2649,1803
2338: 
4058: 2187,230,919,2903,2657,1312
2340: 2172
2341: 4677,2537,3613,3162,2598,772
2342: 3449,1032,1387,1433,1440
2343: 
2344: 1879,2635,4228,221
2345: 2766,4482
2346: 3604,2750
4054: 1281,4642,2389,3676
2348: 
2349: 14,3739
2350: 3479,1067,2024,678,3178
4559: 317,4457
4006: 165,4271,1278
2353: 1196,1618,2722,3712,1952
4472: 
2355: 2953,3553,1499
2356: 
4119: 2473,4250
2358: 2088,3454,1665
2359: 3981,1636,4093,1730
2360: 2423,3616
2361: 4789,190,2485
2362: 4809
2363: 
2364: 4394,655,1609
4728: 723,4490,2543,1588
2366: 2263,2737,1422
2367: 1355,2904
4000: 
2369: 3307,227,1332
2370: 660,356,1697,1968
2371: 
2372: 
2373: 1682,1940,2285,3300
2374: 3215,4318,25
2375: 1582,3483,213
2376: 
2377: 
2378: 3544,996
2379: 3978,1306,4164,1614
4082: 3773,2747
2381: 
4423: 952,4761
2383: 2162,1544
2384: 1685
2385: 2290,224
2386: 1942,1703
2387: 934,4510
2388: 3250,1485,83
2389: 4642,1081,4054,1281
4398: 3198,739,1844,3669
2391: 3112,1450,3886
2392: 1023,4475,2013,3722
2393: 1819,2120,3428,4239
2394: 
4795: 3556,1468,1726,2084
2396: 
2397: 2166,3713
2398: 1986,815
2399: 2649,1873,4447,1838,2325
2400: 
2401: 2419,1638
2402: 1929,1320,2554
2403: 3693,1276
2404: 2960,997
4633: 3887,2638,88,3242
2406: 
2407: 3282,1489
2408: 1380,1780,4332,1019,3530
2409: 3629,4291
2410: 2776,4287,2610
2411: 4775,2650,3319,2442
2412: 3703
2413: 3354
2414: 635
2415: 3956
2416: 2616,1083,965,3955
4392: 3375,1500
2418: 243
2419: 2401,1638,2072,2607,375
2420: 1706,752,4409
2421: 1184,777,1429
2422: 378,4584,1052,1253
2423: 2360,2764,3616
2424: 3449,1032,4537,4788,1479
2425: 
2426: 2928,3200,1136,685
4452: 4798,4764
2428: 
2429: 
2430: 973,3125,264
4522: 3386,2288,523,2676
2432: 1462,526,3661,2282
2433: 4763
4478: 
2435: 
2436: 4530,2638
2437: 2737
2438: 
2439: 257,1190,4441,973,2951
2440: 453,2154
2441: 
2442: 2305,3319,4801,2411,4289
2443: 475,669,978,3607,163
4507: 4802,2838
2445: 
2446: 1193,4008
2447: 3385
2448: 4410,3223
2449: 3034,4016,1371,3537
2450: 25,3349
4443: 531,3167,3869
2452: 3272,4315,940
2453: 2720,384,234,1832
2454: 1708
2455: 1491,839,3906
2456: 270,4272,1522
2457: 3143,2109,4424,3637
2458: 3068,4607,1477,653,3360
2459: 1674,3150,57,802
4616: 89,3359,1957,493
2461: 4706
2462: 3040
2463: 637
2464: 2885,1594,4768
2465: 2633,2487,4307
2466: 3260
2467: 1543
4031: 4470,4279,987
2469: 560,4552
3986: 3042,1223,3105,3497
2471: 1432,4445,1484,2089,4188,100
4098: 3664,4658,919,3494
2473: 4119,4250
2474: 2188,4039,4758
4499: 3846,1491,1657,1226
4399: 4434,4627,1842,4149,1742
2477: 3155,1629,4215,4285
2478: 3665,363
2479: 2721,3382,1461,1357
2480: 1532,4524,3071,3771,157,3849
2481: 856
2482: 3528
2483: 2865,766,2990,1638,2303
2484: 1262,2566,4636
2485: 3543,628,2361
2486: 2938
2487: 220,1033,2465,2633
2488: 1560,3063,2501,3163,2609
2489: 
2490: 
2491: 206
2492: 4689,3791
2493: 263
4133: 94,1163,4510
4242: 2897
2496: 3110,4371,316,174,1841
2497: 3766,3083,1738
2498: 
2499: 
2500: 3137,1099,4767,1852
2501: 1153,3163,168,1560,2488
2502: 4081,741,4463
2503: 1689,3002,4388
2504: 
2505: 4563
2506: 1007,1224,1435
2507: 266
2508: 1856,135,2127
2509: 3864
2510: 358,3173
2511: 507,3485,3130,390,4667
2512: 3289,3802,230
2513: 1572,3292,3196
2514: 514
2515: 4096,2099,1038,643
2516: 4152
2517: 629,1061,347
2518: 2141
2519: 2064
2520: 1660,3780,4703,4142,3940
2521: 4730,3439
2522: 1624,808,271,1827,607
2523: 4188,2709,1779,1721,1678,4154
2524: 
2525: 3914
2526: 3513,4369,1226
2527: 
2528: 930,1919
2529: 1460
2530: 4157,537
2531: 
4473: 4480
2533: 4369,4777,2991
2534: 250,4454
2535: 2048,3775,4531,3709
4241: 3792,1044,424,2041
2537: 2341,4677,3162,3245
2538: 4684
4524: 1532,1503,3071,2480
4019: 3358,210
2541: 
4151: 4502,4774,4354,3550,4738
2543: 3299,4490,4728
2544: 3371,2031
2545: 1492,444,1020,3985
2546: 464
2547: 914,3081
2548: 805,4069,61
2549: 4381,3412,632,1616,1206,4792
2550: 
2551: 663,1255
2552: 1432,550,1079,498,1967,4445
4436: 645,169
2554: 2402,3023
2555: 1131,203
2556: 828
2557: 3455,3331,3019,345
2558: 1370,2830
2559: 3029,1727,3686,447
4476: 4705,255,965
3965: 1301,4784,82,3522,119
2562: 360,3873,588,1378,4739
2563: 726,3601,2817,344
4224: 258,770
2565: 
2566: 1262,4773,2484
2567: 2085
2568: 1697,2947,4091,860
2569: 4732
2570: 110,4147,4125
2571: 3269,4030,4541
4467: 3043
4775: 2411,2650,195
2574: 1069,2696
2575: 4022
2576: 
2577: 
2578: 1099
4322: 3217,232,2330,3898,4123,1398
2580: 1448,1406
2581: 2928,685,639
2582: 1740
4131: 67,1232
4456: 41,742,66,1028
4482: 2345
2586: 635
4813: 883,664,2000
2588: 3381,4735
2589: 2961,160,4656
2590: 2610,431,3579
2591: 4612,4013
2592: 
2593: 390,4618
2594: 
2595: 1949,1287,11,3016
2596: 618,511,723,943,1885
2597: 518,1551,695
2598: 3162,3521,397,2341,772
2599: 
2600: 1228,55,290,3230
2601: 4725,3985
2602: 1021
2603: 1725,1100
2604: 3255,3266
4705: 4476,255,2813
4508: 202,3542,154,152
2607: 2419,586
2608: 365,3372,702,2823
2609: 4210,3063,2488,1268,3163
2610: 2590,2410
2611: 896,4560,3983
4460: 635
2613: 2213,1878,2117,916
2614: 2869,4288,2109,4424
4418: 1654
2616: 2416,4751
2617: 4609,4703,4142,4180
4388: 16,3002,2503
2619: 1378,2117,2213,68,4313
2620: 2829,4314,1186,4150
2621: 4790,1729
4111: 2065
2623: 1560,3416
2624: 1605,945,3226
2625: 1298,3506,778
4648: 3305,1764,4661
2627: 3395,4258,3760,3636,2125
2628: 1628
2629: 1380,1780,789,1712,4659
2630: 4195,1487,912
2631: 
2632: 4700,4218,366,1670,3482
2633: 2465,220,2487
2634: 4793,3738,560
2635: 254,4228,2724,1879,2344
2636: 1065,4209
4243: 3571,1877,3109
2638: 88,3242,2436,4633
4774: 4502,4151,442,1064,3146,2699,738,4354,4030,455,3550
2640: 1045,3225,2887,1526
2641: 1983,2059
4084: 4431,682
2643: 3805
2644: 3225,2887,3214,4427,494
2645: 
2646: 3367,2090,2231,4737
2647: 1810,1663,3646
2648: 4530
2649: 1803,1873,2399,2337
2650: 2411,4775,1992
2651: 46
4470: 4031,1254
2653: 2134,3688,2811
2654: 954,406,1680,2738
2655: 1388,677,4536
4708: 1405,3667,793
2657: 3763,587,2903,4058,1312
2658: 4682,1473,4771
2659: 2732
2660: 3057,2664,4005
4009: 307,1373
2662: 4760,480
4008: 1193,2446,981
2664: 2125,588,2660
2665: 3240
2666: 3028,4362
2667: 4565,59
2668: 4745
2669: 853,426
2670: 3066,107,3881
2671: 3735,1402
4075: 2181,334,1836
2673: 4095
2674: 3222,1294,3108,111
2675: 4669,522,83
2676: 401,2288,4522,799
4751: 1276,2616
2678: 4584,4384,1873,3650
2679: 
2680: 1209,4687
2681: 4641,7
2682: 3108,323
2683: 4085,1630,4817,1925,1114
2684: 3140,3602,318
2685: 4762,3435
2686: 431,3625,4033,1133
4780: 3053,4361,2045
2688: 2257,113,352
2689: 
2690: 2800,25,1613
2691: 3962,2858,3793
4118: 489,4350,1257
4769: 1485
2694: 1696
2695: 1294,219,2827
2696: 1069,2574
2697: 2715,1927,1241,3044,3095
2698: 2970,570
2699: 4262,4354,4774,2174
2700: 3281,1108,1975,4324,1578
2701: 1360,1252
2702: 1297
2703: 
2704: 815,2986,4809,3458
4778: 1976,3964,3046,4670
2706: 1561,515
2707: 1598,1906
2708: 1586
2709: 4188,2523,2089,3993,4154
2710: 3406,3548
4281: 1446
4355: 333,3401,3394,4682
2713: 
2714: 323,3152
2715: 2697,1927,3959,419
2716: 450,4425
2717: 1779,100
2718: 1954
2719: 2917,3889
2720: 2453,234
2721: 2479,3382
2722: 1618,2353,2967,1952,1065
2723: 972,1114,172,872,4804
2724: 1651,491,254,2635,1879
2725: 3229,4194,3172,505,2879
2726: 440,2768,881
2727: 1710
2728: 377,1149,452
2729: 1399,1416
4003: 3917,1726,2084
2731: 3511
2732: 2181,2659,4074
2733: 3116
2734: 4036,3975,290,3230,3231,1191
4435: 4253,1922,1964
2736: 931,1840,4360,1145,110
2737: 2366,2437,3763
2738: 1680,406,1596,2654
2739: 
2740: 3743,1652
4787: 1906,3816,913,871
2742: 
2743: 342,2169,3239
2744: 3328,1372,1295
2745: 2315,4138,4644
2746: 2758,2779,4289,4801
2747: 4082
2748: 4266,1270,4231
4428: 4486,838,3139,3725
2750: 3345,3604,2346
2751: 2944,2137,4090,1320
2752: 3399,1025
4577: 648,3600,2083
2754: 4750,3105,4601
4002: 3530,1241,3290
2756: 3323,954,2155
4579: 
2758: 2746,305,3877
2759: 733,3170,1981,2167
2760: 1879,1677,1990,1520
2761: 1540,4291
4441: 264,1190,2439,973
4283: 3593,4189
2764: 4765,1392,2423,3616
2765: 3743,1478
2766: 4353,2345
4173: 4123,1398,2204,3987,1593,4330
2768: 3334,3143,440,2726
2769: 1651,4605,491,473,3149
2770: 3497,2052,4201,3758,3061
3985: 2545,2601,891
2772: 4815,1167
2773: 38,4475,2034,3722
4189: 3588,3732,4283
2775: 4726,4533,1914,3298,3203
2776: 2410,4287,4555,741
2777: 644,2027
2778: 266,1089
2779: 2746,4289,305,4821,1956
2780: 4171,4108,4690
2781: 1754,2086,1781,508
2782: 873
2783: 2957,3385
2784: 234,4114
4666: 1305,3843
2786: 4083,1945,2981,86
2787: 1482,4680,3836,3899
4345: 3175,1197,3518
4561: 954
4498: 3665,1205,681,2191
2791: 
2792: 3213,309,2942
4765: 616,2764,4062,1564,1392,4266,1961,3258,3616,4791
2794: 929,914,3081
2795: 
2796: 987,3002,1026,2979,4797
4588: 4754,3998
2798: 592,1987
2799: 2244
2800: 2690,25,3415,1613
2801: 3159
4631: 3062,1126
4338: 4568,238
2804: 3158,1260,561,1789,2991
2805: 1825,1472
2806: 
2807: 938,3652,1254,448,15
4020: 4697,3514
4039: 4758,873,2474
2810: 1700
2811: 1729,2653
4291: 2409,2761
2813: 255,1912,26,4705
2814: 4284,252
2815: 617,4156,1804
4576: 3832,1730,2272,2889
2817: 628,190,1849,2563
2818: 710,3681,1629
4275: 716
2820: 3737,1567,4023,4723,1141
2821: 
2822: 
2823: 2608,937
2824: 1608,108
2825: 1864,3691,3253
2826: 2878,3704,1556
2827: 2695,219
4268: 
2829: 2620,4314,3761,4286
2830: 4530,1370,2558
2831: 2910,3720,1958,3884,303
2832: 1333
2833: 2883,220,3698,1033,4461
4369: 2533,3513,2526,1226
2835: 4578,592
4739: 2952,3153,2562,588
2837: 1486
2838: 4802,4507
2839: 2210,3358,3533
2840: 535
2841: 3232,3365,4685,2271,1833
2842: 2015
2843: 
2844: 4248,2334,589,2309
4701: 4647,3973,1202,4305
2846: 3648,4171
2847: 460,1959,992,1329,1973
2848: 1790,3245
4463: 2502
2850: 1597,984
2851: 4542,3156
2852: 3996,1686,3671,3825
2853: 3962,1040
2854: 4422
2855: 925,1523
4758: 4039,2474,2188,2971
2857: 4215,904
2858: 4740,3793,3817,2691,13
2859: 3336,4611
4368: 33,1713,4109,3902
2861: 4044,322
2862: 4612,4013
2863: 2182,147,1807
4711: 4341
2865: 1965,2483,766,3372
2866: 3796,3081
2867: 2882,762,179
2868: 4534,2230,3499,4665,727,188
2869: 2614,4288
2870: 
2871: 3822,2213,4313
2872: 429,528,4426,4548
4784: 1301,1150,3965,4602,2966,1038,82,643,3736,4150,2983
2874: 2897,4673,2014
2875: 
4563: 1724,2505
2877: 3426
2878: 521,2826,363
2879: 505,3229,2725
4121: 1382,4818,2051,4074
2881: 3098,3741
2882: 762,2867
2883: 3690,1458,2833,3698,1011,4461
4317: 
2885: 2464,4768
2886: 2191,1243
2887: 2644,1045,3225,2640,33
2888: 3202,3436,4161,282
2889: 2272,857,1757,4576
2890: 1081,4229
2891: 3757,103
2892: 3690,1458,1122,924,4394
4138: 3300,2745
2894: 
4726: 2775,3065,1793,3710,1904
2896: 963,296
2897: 4242,2874,2014
4061: 1435,4756,1634
2899: 1399,1209,224,1279
2900: 4311,1093
4560: 896,2611
2902: 2286,753,1101,1828
2903: 3802,4058,2187,230,2657
2904: 2367
4051: 606,4180,1880,4609,3989
2906: 1353
4440: 1970,270,484,975
2908: 2256,4272,1008,2277,3267
2909: 1612
2910: 2831,3884,3003,955
2911: 3361,955,2944
2912: 4187,4315,4267,3566,940
2913: 4699,2058
2914: 2271,1385
4814: 2932
2916: 3956,464
2917: 3742,2719
2918: 1180,338,4329
4284: 2814
2920: 3256
4272: 2256,2908,1522,3267,2456
2922: 3066,107,1747,4212
2923: 1776
2924: 
2925: 306,3995
2926: 594,3009,4274
2927: 
2928: 2581,2426,685
2929: 
2930: 4788,4200,2099,4129,1038
2931: 159,640,9
2932: 4814
2933: 3770
2934: 3941,3756,486,1062,2205
4434: 4238,4399,4627,4799,3405,1647,1842
2936: 205,4641
2937: 985,1984,619,3220
2938: 2486
2939: 
2940: 3944
2941: 840
2942: 1541,2792,309,301
2943: 
2944: 2751,3015,2137,2911
2945: 51,1199
2946: 3624
2947: 4091,2568,3828
4212: 1747,2922,1104,1475
2949: 1028,4770
2950: 2039,1219
2951: 973,2439,257
2952: 4739,588,3057,4280
2953: 2355,615,3603
2954: 614,3532,480
2955: 3409,4223
2956: 
2957: 2783
2958: 357,4586,1985
2959: 1262,2210,3533,4766
2960: 2404
2961: 4714,2589,143
4500: 
4555: 741,2776,4287
4535: 1255,4141
2965: 281,762,1078
2966: 4602,3589,4784
2967: 1196,1618,2722,3796
2968: 4474,890,4282,1594
2969: 4139,3543,2293
2970: 2698,18
2971: 4758,2188
2972: 1164,2231,4721
4228: 4024,2635,2344,221
2974: 3996,4130
2975: 1625
2976: 2107,822
2977: 1440,3056,3803
2978: 3454
2979: 3002,2796,4797,4364
2980: 837,541,504,658
2981: 86,2786,4083
2982: 2262,518,2149
2983: 2285,1301,1150,4784
2984: 3925,3447
2985: 1528,1091,4337
2986: 2704,1371,3837,3458
2987: 1868,4520,1930
2988: 4819,4603,299,4722
2989: 3551,4310,1515
2990: 1493,1638,2072,2303,2483
2991: 4609,2533,2804,3158
2992: 
2993: 4796
2994: 
2995: 357,4586,1496,3609,65
2996: 4465
4541: 4030,2571,3273,1597
4747: 2193,3387,3289,4674
4594: 4069,4802,61,557
3000: 1728
3001: 3936,718
3002: 2796,2979,2503,4388
3003: 2170,2910,3884
3004: 3900
4819: 2988,4603,553
3006: 2295,4060,2109
3007: 1285
3008: 
3009: 2926,2225,2001
3010: 3177
4771: 1723,1050,1259,2658,879
3012: 3582,3284,1211
3013: 
3014: 1570,4741
3015: 2137,3472,1024,2944
3016: 1802,2595,1287
3017: 1999,3597,504,3874,536
4682: 2658,1508,4355
3019: 3331,556,2557,345,3602
3020: 3403,159,10,9
3021: 
3022: 1082,1115,274
3023: 1297,2554
4139: 2969,3543
3025: 998
3026: 4514,4088,2196
4717: 3713,93
3028: 2666,1646
3029: 2559,2022,1281,1727
3030: 3126,3329
4246: 3183
3032: 
3033: 
3034: 2449,4016,4034
3035: 2002,1190,4818
3036: 1421
3037: 4041,3758,2116,3061
4761: 952,4423
4096: 2515,668,1048
3040: 763,2462
4738: 1739,3973,4151,2174,4305
3042: 1223,3986,4183,4337,3922
3043: 4467
3044: 3315,3095,2697,289,1241
4302: 4689
3046: 2336,3964,4778,1871,4350
3047: 4823,4496,2044
4069: 4594,2548
3049: 3953
4090: 2751
3051: 3209
3052: 
3053: 4780
4248: 2844,589
3055: 4276,257
3056: 3803,1440,2977,1032
3057: 4280,2660,2952,4005
3058: 2145
3059: 1962
3060: 
3061: 2116,2770,2052,4201,3758,3037
3062: 4631,1126,1845
3063: 1560,2488,751,2609
3064: 795,1861,4537,4788,948
3065: 4726,4533,1138,801,1146,1793
3066: 1770,107,3881,2922,2670
4822: 3912,4645
3068: 2458,4607,3360
3069: 1904,3710,4709,1240
3070: 
3071: 1503,4524,2480,2298,4391
3072: 638
3073: 1100,4718
3074: 2273,1642,777
3075: 1308
3076: 
3077: 1391
3078: 1066
4553: 4184,4333,4421,1659,734
3080: 212,2012,3547
3081: 914,2547,2794,1196,2866
4149: 1742,491,254,4399,1842
3083: 4252,2497,1375,2127
3084: 3283,4180,3649,4184
3085: 2138,3971
4231: 2748
3087: 3176,4334,4457,4567
3088: 3997,1295
3089: 2332
3090: 1654
4462: 4333,4712,167
3092: 1317,3208
4543: 482,4442
3094: 
3095: 3315,3044,2697,1386,1927,3878
3096: 
4670: 4778,2200,3964
3098: 2881
3099: 856,485,2162,3643
3100: 4409,2206,1660,1795
3101: 4742
3102: 4637,1410
3103: 3954,1498,3684,3838,3815
3104: 1217,4621,1082,1115
3105: 2754,1223,3986
3106: 1392
3107: 1309,437
3108: 2682,1294,2674
3109: 3571,4243,864,3879
3110: 2496,4371,3508,316,1841
3977: 446,1425
3112: 1884,2391,1450
3113: 3920,185
3114: 
3115: 1838,3584,22,4447
3116: 2733,2291
4600: 744,4663,1042
4764: 4798,4452,1735,1088,1362
4777: 4409,2533,1795
3120: 
4810: 492,1011,4461,1458,4713,4580,579,3217,232,3393
4181: 1424,1162,648,3628
3123: 1557
3124: 4129,4788,694
3125: 2430,4297
3126: 3030
4101: 1563,4595,3209,1441,1853
4801: 1992,3319,2442,2746
3129: 2033,787,1650,1627
3130: 507,2511,4667,1327,4278
3131: 967,1002
3132: 4065
4396: 4807
3134: 4249,4582
3135: 2172,3581
3136: 166,155,2203
3137: 784,2500,1494,1099
3138: 3359,1266,3640
3139: 2284,1393,4428,838,3725
3140: 2684,318
3141: 4286,562,2252,771
4626: 840,1970,4698
3143: 2457,3637,2768
3144: 4158,1862,4325
3145: 2112,4820,1734,222
3146: 62,1064,1683,738,4774
4005: 1909,3195,3057,4280,2660
3148: 
3149: 2769,4625,3531
3150: 2459,57
4562: 498,3335,3411,1079
3152: 2714,123,4401
3153: 4739,68
4312: 4197
3155: 2477,1629,3333
3156: 685,4542,2851,3200,2151
3157: 376,1876
3158: 2804,561,4609,2991,3989
3159: 2801
3160: 1739,3973,4057
4287: 2410,2776,4555
3162: 3521,2598,262,2341,2537
3163: 2501,1153,1048,2488,2609
3164: 708,364,3210,3285,1599
3165: 4674,4253,368
3166: 3978,1306,3321,3666
3167: 634,4362,1646,4443
3168: 3862,2016
3169: 950,1885
3170: 2759,4486,2167,1445
4115: 121,1987,4776
3172: 518,1551,505,2725
3173: 1985,358,2510
3174: 1991
3175: 4345,3518
3176: 4542,4334,3087,4567,2151
3177: 3445,3010
3178: 4360,1145,2350,678
3179: 3679,3424
3180: 3767,4621
3181: 
3182: 2290
3183: 4246
3184: 1892
3185: 969,854,988,4815
3186: 2095,2025
3187: 2009,3
3188: 
3189: 1953
3190: 3865
3191: 3603,13,2094,1068
3192: 2226,3207
4731: 
3194: 851,3662
3195: 4005,1909,4339
3196: 2513,3292
3197: 1700
3198: 4398,1524,3669,3935
4519: 439,2000
3200: 3747,2151,1136,3156,2426
4304: 2119,1184
3202: 3436,2888,1620,4161
3203: 3710,1914,2775,2239
4806: 1981,2037,2167,978,3981
3205: 4068
4034: 3034,202
3207: 3440,944,3192
3208: 3092
3209: 4595,3051,182,4101
3210: 4497,3285,4208,3164,1599
4348: 
4308: 3982,12,511,652
3213: 1627,1166,2792,2033,3316
3214: 3332,4427,2644
3215: 2374,4318
3216: 3568,2221,4104
3217: 4322,232,3393,2330,4810,3750,3898
4394: 655,2364,1122,2892
3219: 4261
3220: 2937,619
3221: 
3222: 2674,111
3223: 4410,2448,394
4335: 1673,4204
3225: 2644,2887,2640,1526,4199
3226: 2624
3227: 3746,3844,1720,673
3228: 1027,1581,509
3229: 4194,331,2725,2879
3230: 3231,2600,290,2734
3231: 3230,4112,725,1191,2734
3232: 3365,2841
3233: 3341,3772,307,1373
3234: 2143,1774,3622
4789: 1112,190,2361,570,1849
3236: 1561
3237: 3425
4618: 4208,2069,315,2593
3239: 2234,2743
3240: 2665
3241: 4333,372,751,4421
3242: 2638,88,3546,4633
3968: 615,459,3553,3822
3244: 
3245: 2848,2537
4323: 3577,2245,2004,239
3247: 8
3248: 4310
4289: 2746,2779,2442,75,4821
3250: 2388,1485,1274
3251: 65
3252: 750,935,3559,1562
3253: 3691,2825
3254: 3281,4324
3255: 2604,3850,4815,263
3256: 2920,4155
3257: 
3258: 3616,4765,1961,4791,4653
3259: 1982,1272,1547,4608,4086
3260: 2466
4215: 2857,2477,4285,1539
4529: 1578,1363
3263: 4749,4763
3264: 9,1775,914
3265: 
3266: 1044,3694,2604
3267: 3830,1522,1008,2284,2256,4272,2908
4772: 1001,1777,2050
3269: 2571,62,1064
3270: 
3271: 2110,1369,23
3272: 569,2452
3273: 1043,1054,993,4541,1597
3274: 2309,17,2307
3275: 
3276: 
3277: 1825
3278: 416
3279: 2158,4673,721,4786
3280: 610,4589
3281: 2700,3633,1108,3254
3282: 2407
3283: 4142,3084,3940,4180
3284: 3012,3849,1794
3285: 4497,3210,3601,3164,364
3286: 866
4033: 2686,431,3625
3288: 4365,4376,4415
3289: 2512,3387,4747,230,3494
3290: 1241,4002,639
3291: 3764
3292: 2513,4307,3196
3293: 3696
3294: 742,4209,66,4439
3295: 2134,3688,938,3652
3296: 3353,1240,821
3297: 3781,1266,493,1284
3298: 1914,2775,4533
3299: 2543,1606
3300: 4179,1682,2373,4138
4573: 4377,1119,3883,1104,4655
3302: 3305,3374,3929
3303: 4583,48,4613,519
4798: 4452,4764,1362
3305: 4648,3374,3302
4627: 4238,4434,4399,4799,3534,4112
3307: 2369,3447,1332
3308: 532,3972,1257,4076
3309: 
3310: 506,1419
4757: 
3312: 1681,1601,3429
3313: 2173
4336: 
3315: 3044,3095,3875
3316: 3733,2033,3213
3317: 
3318: 
3319: 2442,1992,4801,2411
3320: 814
3321: 686,3166
3322: 4325,4256,3510,1030,3623
3323: 2756,737
4649: 442,1683,1204
3325: 1998,2017,4041,4223
3326: 
3327: 112
3328: 2744,1372,3559
3329: 3030
3330: 665,420
3331: 556,2557,3019
3332: 3214,3543
3333: 4574,3155
3334: 923,2768,4424
3335: 3830,1522,1079,4562
3336: 2859,4364
3989: 3158,561,4051,606
3338: 1641,4479
4220: 3631
3340: 1137
3341: 968,3233,3772
3342: 3443,3653,1731
3343: 1078,3367,1164
3344: 3896,2215,3483,26
3345: 2750,1474,3687
3346: 3783
4219: 417,939,2199
3348: 4582
3349: 1686,25,2450
4697: 3874,3806,4020,564
3351: 1488,3833,1850
3352: 
3353: 1194,1240,3296,4221
3354: 2413,4477,3937
4270: 3465,3766,2199
4170: 
4371: 2496,3110,246,4134
3358: 4019,2839
3359: 3138,1957,775,4616
3360: 1477,1579,3068,2458
3361: 2911,949
3362: 
3363: 3622
4565: 2667,3903,4413,59
3365: 3232,2841,2198,1833
3366: 453,3481,4800
3367: 2646,3343,1164,2231
3368: 3642,1915
3369: 1603
3370: 4492,1293,3545
3371: 2544
3372: 2608,2865,766,702
3373: 3762,240,759
3374: 4554,3929,3694,3305,3302
3375: 4392,1500,4635
3376: 
3377: 1406,4103,2172
4647: 4701,1895
3379: 2098,4278,1662,4197
3380: 
3381: 2588,4387
3382: 2721,2479
3383: 
4674: 4658,3165,4747,4253
3385: 2447,2783
3386: 4522,523
3387: 2193,4747,3289
4730: 2521,1244
3389: 4578
3390: 
3391: 3471,2168,2100,1600
3392: 709,3626,1282,4447
3393: 3217,492,4810,4580,3750
3394: 3401,391,4355
3395: 2627,1354,3794,4258
3396: 4779
3397: 886,4523,1004
3398: 
3399: 2752,1643
3400: 2147,4352,1452
3401: 3394,4355,333
3402: 79,121,4776
3403: 159,3020,4044,1632
4659: 1712,2629,1380,4334,1019
3405: 1647,1616,4799,4238,4434
3406: 2710,42,3548
3407: 203
3408: 2121,2224,935,785,4574
3409: 4041,3758,2955
3410: 564,2136,258,468,4785
3411: 1445,4562
3412: 2549,4381,632
3975: 4036,2734,1228,290,2108
3414: 143,4656,1352
3415: 195,4359,1613,2800
3416: 354,4259,2623
4286: 3141,562,2252,898,2829
3418: 3894
4247: 
4617: 1133,1269,1959,4214,460
3421: 
3422: 1708,597,4327
3999: 3627
3424: 3179
3425: 3237,467
3426: 2877,4754
3427: 1946
3428: 2393,1819,2120,1588
3429: 4420,3312,32
3430: 1125
3431: 3763,587,1533
3432: 4526
3433: 
3434: 58,3499,3685
3435: 4045,2685
3436: 3202,2888,3827
3437: 
3438: 2216
3439: 2521
3440: 3207,778,154
3441: 2107,405
3442: 
3443: 3653,3342
4237: 2268,359,3627,945
3445: 3177,369
3446: 4634
3447: 3925,2984,3307
4125: 3754,2570
3449: 2342,1032,2424
3450: 1124,1701
4158: 1862,3144,1265,4316
3452: 1778
3453: 
3454: 2978,2088,2358
3455: 2557
3456: 4694
3457: 4812,39
3458: 4781,2704,2986,3837
4549: 888,1994,3951
4035: 1703,624
3461: 924,228,3698
3462: 
3463: 690,2335
4076: 1662,1257,1327,532,3308
3465: 200,456,1106,4270
3466: 
4194: 3229,331,2725
4634: 3446
3469: 687,3835
4239: 2393,1588
3471: 3391
3472: 3015,1024,1695,646
3473: 2184
3474: 150
4081: 2502,1865
3476: 1994,2038,3576,2075
3477: 1602,4062,4210,1392
3478: 2321,1205,3663,2191,1070
3479: 1067,2350,678
3480: 1990,1346,1022,1198
3481: 4800,453,3366
3482: 1144,2632,366,1270
3483: 1582,2375,26,3344
3484: 2241,1029,1860,1174
3485: 507,2511
3486: 1434,1968,876,403
4298: 689
4370: 
3489: 4167,3840
4330: 4173,1398,921,2204
3491: 617
3492: 
3493: 3532,1466
3494: 2187,230,3289,4658,4098
4630: 831
3496: 1086,769,1103,1180
3497: 2770,4750,3986,4201
3978: 1306,3166,3666,2379
3499: 3434,2230,2868
3500: 857,1757,1068,13,3817
3501: 
3502: 707,1639
3503: 114,3851
3504: 2238,4599
3505: 3996,1387
3506: 1214,1098,2625,1298,778
4515: 1089
3508: 3110,1841,4773,0
3509: 
3510: 57,1030,4192,802,3322,4256
3511: 2731
3512: 709
3513: 558,2526,4369
3514: 3806,4020,449
3515: 663,3833,4469
3516: 636
3517: 
3518: 3175,4345
3519: 312,3557
3520: 644
3521: 3162,2598,262,1666,152,397
3522: 119,82,3965
4689: 4302,2492
3524: 2128,788,2056
3982: 1277,4308,891,12,652
3526: 499
4457: 3087,317,4559
3528: 571,2482,1901
3529: 
3530: 4002,2408,4332
3531: 3149,4605,1134,153
3532: 3493,2954,614
3533: 2210,2839,2959,4766
3534: 4799,4627
3535: 
3536: 2149,2209
3537: 1371,3744,2449
4754: 3426,4588,3998
3539: 485,2267
3540: 1511,350
4113: 
3542: 4508,202,4026
3543: 2485,4139,3332,2969
3544: 2378,996
3545: 3370,4230
3546: 1814,3242
3547: 2043,212,3080
3548: 2710,3406
3549: 2085
3550: 1739,4502,4151,4774,455,1096,4057
3551: 4310,2989,4293
3552: 
3553: 878,3968,2355
4360: 3178,2070,4147,2736
4218: 1659,734,2632,4700
3556: 1702,71,4795
3557: 312,3519
4496: 4686,3047,1694
3559: 935,3252,3328,1562
3560: 3894,4407
3561: 
4426: 429,417,4548,2872
3563: 4687,420
3564: 1512,1767,1510,836
3565: 3847,3770
3566: 923,2912
3567: 2218
3568: 3216
3569: 1000,4376,4415
3570: 
3571: 4243,1877,3109,864,1139
3572: 4294,1554,520
3573: 2195,4812,341
4227: 
4437: 872,272,4804
3576: 2038,3476,1046
3577: 4323,2004,1145
4608: 1547,2034,3259,4086
3579: 1959,992,2590,431,3625
3580: 
3581: 3135,3645,4657
3582: 3012,4196,1211
3583: 3888,4450,1532,4071
3584: 1838,3115,1593
3585: 
4655: 1104,4573
3587: 
3588: 4189,3620
3589: 4129,2966,1611
4236: 4606,4812
3591: 3792,1870,4554
4601: 380,4750,2754
3593: 256,4283,810
3594: 3851,3634,114
4140: 3777,4488,877
4718: 3073
3597: 3017,3874,3806,536
3598: 764,130,1344
3599: 
3600: 648,4569,50,2083,4577
3601: 726,2563,344,3285,364
3602: 810,345,3019,2684
3603: 3191,615,2953,2094
3604: 1694,620,2750,2346,4213
3605: 2085
4781: 3458,4809,2028,1024
3607: 163,2443,669,3626
3608: 4183,1888,58
3609: 1496,710,2233,2995
4497: 3210,3285,4208
4315: 4187,2912,940,2452
4732: 2569
3613: 2341,4677,772
3614: 
4599: 4755,2238,3504
3616: 3258,2764,4765,2360,2423
3617: 1096,455,1597,1745
3618: 4526,732,1582
3619: 2070,678
3620: 810,345,3588
4122: 
3622: 1774,3363,3234
3623: 529,3677,1030,3322,4325
3624: 2946
3625: 2686,431,4033,1959,3579
3626: 4622,3607,163,3392
3627: 3999,2268,4237
3628: 4181
3629: 680,1558,3799,2409
3630: 3671,3825,1359
3631: 724,4220
4667: 390,2511,3130
3633: 3281,1108
3634: 44,1759,3594
3635: 3688
3636: 3760,3845,3657,4258,2627
3637: 3143,2457,2109,2282
3638: 4807,122
3639: 4804,1926
3640: 3138,3709
3641: 2227
3642: 997,3368,2304
3643: 485,3099
3644: 284,2056
3645: 3581,4657,2084,875
3646: 2647,1663
3647: 1735,4095,1232
3648: 2846,4171
3649: 4184,3084,734
3650: 2325,2678,4584,1052
4168: 
3652: 938,2807,3688,3295
3653: 3443,3342,1351
3654: 2148,4763
4301: 1363
3656: 
3657: 4258,1501,3636
4244: 
4461: 492,4810,1011,2883,2833,1033
3660: 1652,1478
3661: 337,2432,2282
3662: 833,1820,3194,851
3663: 730,1205,2321,3478
3664: 4098,4658,4229
3665: 4498,2478,681,363
3666: 3978,3166
3667: 427,1748,4708
4602: 2966,1038,4784
3669: 278,3935,2129,3198,4398
4136: 
3671: 3630,2852,3825
3672: 631
3673: 386
3674: 739,1577,1493,2129
3675: 1220,4442,4520
3676: 4054
3677: 3623,529,1030,1898
4526: 3618,732,144,3432
3679: 3179
3680: 158,4429,280,757,4794,1336
3681: 2818,1496,670,4586
4185: 2206,4050
3683: 
3684: 2209,3838,3815,3103
3685: 4116,1441,3434
3686: 1727,2029,2559,447,74
3687: 718,3345,497
3688: 2134,2653,3295,3652,3635
4087: 
3690: 2883,1458,2892
3691: 4637,3253,1985,2825
3692: 1587,4564,2333
3693: 2403,365
3694: 4554,3374,3929,3792,3266
3695: 1579,2300,1743,3856,1911
3696: 3293
3697: 1583,2140,865,1249
3698: 220,3461,2883,2833
3699: 1443,1460
3700: 428,1706,558
4262: 2699,1800
3702: 2044
3703: 2412
3704: 3979,155,681,363,2826,1556
3705: 4783
4788: 1479,694,2424,4537,3064,4200,948,2099,3124,4129,2930
3707: 
3708: 1204,1801,4675
3709: 4531,2535,3640
3710: 3859,3203,4726,3069,1904,322
3711: 1535,1107
3712: 1642,2353
3713: 4717,2397,2105
4285: 610,670,2477,1629,4215,1539
3715: 739,1577,931
3716: 572
4208: 2069,4618,4497,3210
3718: 1533,4414
3719: 1939,349,1702
3720: 2831,1958,134
4427: 3214,2644,494,4803
3722: 2392,4475,2773
4028: 98,3747,1136,1022
3724: 3970
3725: 1445,2284,3139,4428,3830
3726: 1403
3727: 4094,1945
3728: 399,1524
3729: 4155,4361
4238: 4434,4627,4799,3405,1647
4465: 2996,1623
3732: 1671,1693,1587,4189
3733: 3316,401
3734: 1604,1211,3781,1266,4196,3801
3735: 2671,1402
3736: 3761,4150,1150,4784
3737: 1567,2820,4023,2078,210
3738: 4793,2634,560,4816
3739: 2349
3740: 2074
3741: 2881
3742: 2917
3743: 2740,2765
3744: 1371,3837,3537,794
3745: 4444,383,481,1256
3746: 3227,3844
3747: 3200,2151,1136,98,4028
3748: 
4025: 
3750: 1617,3898,209,4580,3217,3393
4130: 2974,328,2326
3752: 
4192: 57,3510,513,183,4256
3754: 2126,4125
3755: 4038,1326,4207
3756: 3941,2934,821
3757: 87,103,2891
3758: 4201,2770,3061,4041,3409,3037
4023: 3737,1567,2820,4450,2078,4723
3760: 3845,3636,2627,2125
3761: 3736,4150,898,2829
3762: 3373,2092,759
3763: 3431,587,2657,2737
3764: 3291,2283
4536: 956,217,2655,1957,775
3766: 2497,2199,4270
3767: 3180,1082
3974: 950,1249
4768: 48,2464,2885,1176,4583,4063,223,1412
3770: 3565,2933
3771: 2480
3772: 1974,3341,3233,307
3773: 4082
3774: 
3775: 1388,4531,2535
3776: 4683,4786,313
3777: 4140,4488,135,877
3778: 602
3779: 841,2059
3780: 2520,1660,4823,547
3781: 1266,3297,1284,3801,3734
4749: 2097,3263
3783: 3346
4678: 113,1492
3785: 135,1860,528,2241
3786: 729,1218
3787: 793,285,1405,968
3788: 4643,33,4109,1045
3789: 2124,4550
4742: 3101,1477
3791: 2492
3792: 4241,3591,1044,4554,3694
3793: 338,4740,2858,2691
3794: 38,1501,4258,3959,3395,1354
4353: 2766
3796: 2866,2967,76
3797: 
4204: 4335
3799: 3629,1558,979,1454
3800: 1029,1346
3801: 2298,1284,3781,3734,1604
3802: 2512,2903,230
3803: 3056,4537,2977,1861
3804: 
3805: 2643
3806: 3874,4697,3597,3514
3807: 3855,4660,55
3808: 4721
3809: 910,574,1801
4755: 4599,2238
3811: 3926,2014
3812: 672,979
4489: 539
3814: 4379
3815: 3684,2209,3103,3954,3916,4716
3816: 4787,1906,913
3817: 4740,2858,3500,1757,297
3818: 4064
3819: 2157,1608,3972,1976
3972: 532,1608,3819,2157,3308,1976
3821: 1330,1178
3822: 2871,1869,3968,459
3823: 
4077: 
3825: 2852,3630,3671,4491
3826: 271,366,1670
3827: 3436,1074,4455,4534
3828: 2947,4091,1212
4422: 525,1784,2854
3830: 3335,1522,3267,2284,3725
4037: 837,242,378
3832: 1730,4576,4486,838,2037
3833: 663,3515,3351
3834: 
3835: 687,3469
3836: 789,3899,2787,2108
3837: 1371,3744,794,2986,3458
3838: 3684,1863,1498,3103
4092: 4604
3840: 191,3489
4644: 2745
4266: 2748,1961,1564,616,4765
3843: 2294,4679,4666,1305
3844: 1060,1720,4339,3746,3227
3845: 3760,3636,3886
3846: 4383,1491,839,1226,4499
3847: 3565
4431: 4491,4084,500,2086
3849: 157,3284,2480,1794
3850: 3255,3929,4815
3851: 3594,114,3503
4199: 4055,3225,494
3853: 
3854: 1995,2319,344
3855: 3807,950
3856: 1911,3695,2161
3857: 
3858: 1692
3859: 3710,322
3860: 1454
4492: 3370,4321,1917,4094,1293
3862: 3168
3863: 1826
3864: 2509,1817
3865: 3190,1495,2088
3866: 
3867: 
3868: 4521
3869: 531,4443
4438: 300,18,4680,3899,4416
3871: 1754,3907,280
3872: 2090
3873: 2562,2279,573,1378
3874: 3806,4697,564,1999,3597,3017
3875: 3315
3876: 
3877: 2062,2758,3936
3878: 319,1386,3095
3879: 3109,864,69
3880: 
3881: 3066,1770,2670
3882: 1012,1031,1459,1247,4734
3883: 1119,4573
3884: 2831,2910,4540,3003
3885: 1394,1204,1683
3886: 2391,3845
3887: 4633
3888: 3583,2080,1748,2208
3889: 824,2719
3890: 
4381: 2549,3412,446,1206
3892: 791
4188: 2709,2523,1779,100,2471,2089
3894: 14,3418,3560
3895: 3915,361
3896: 3906,3344,2215
3897: 2068,1422
3898: 3750,1617,3217,4322,1398
3899: 3836,2787,4680,4438,4416
3900: 3004
3901: 4267,923
3902: 402,1822,4368,4109
3903: 4565,59
3904: 
4311: 2900,4296
3906: 3896,2215,2455,839
3907: 682,3871
4052: 
3909: 1673
4799: 3534,1087,865,3405,4238,4434,4627
4632: 2236,463
3912: 4822,31
3913: 
3914: 2525
3915: 3895
3916: 3954,3815,4716
3917: 4003,1726
4756: 4061,1224
3919: 1466,1639
3920: 3113
4047: 
3922: 3042,4337
3923: 166,3951
4604: 3947,4092
3925: 3447,2984
3926: 3811,2103,171
3927: 
3928: 
3929: 3374,3694,3302,3850
3930: 1065,1952,1429
3931: 1236
3971: 3085
4455: 1074,3827,4534
3934: 1855,4635
3935: 3669,278,3198,1524,1649
3936: 3001,3877
3937: 3354
3938: 1844,399,931,1840,580
3939: 2165
3940: 4142,3283,2520,547,4712
3941: 2934,3756
3942: 1928
3943: 4484
3944: 2940,1335
4785: 1253,3410,564,1999
3946: 4692
3947: 4604
3948: 1083,85,4532
3949: 
3950: 
3951: 1994,4549,3923
3952: 
3953: 3049
3954: 3103,3815,3916
3955: 965,407,2416,1083
3956: 2916,4671,2415
4261: 3219
4796: 2993,2222
3959: 1386,1927,419,3794,38,2715,1354
4532: 2047,3948
3961: 405
3962: 1040,2853,2691
3963: 656
3964: 2200,2336,3046,4778,4670