0: 4585,1503,3987
4486: 4350,4625,2419
2: 413,3738,3444
3: 665,4694,1283
4548: 4209,1904,2571,904,685
5: 1598,282,1010,2115,3827
6: 
7: 1374,4330,125,1685
8: 2440
9: 3657,3461,3685
4717: 4177
4739: 1913,2034,3057,1439,2060
12: 1216,3190,3016
13: 4036,3580,3682,1770,1987
4792: 2860,323,2328,2231,3988,2948,4086
4186: 3825,4595
16: 4551,2225,1898,3979
17: 4305
18: 4208,1103,674
19: 79
20: 536,1445
4119: 3215
22: 3035,3471,1033
23: 
24: 
25: 225,4227
26: 2051,1008,2915,956,4071
27: 3301,4732
28: 
29: 608
4523: 295
3940: 1115
32: 1502,3166,2890,2917
33: 1167,917,988,2436
34: 3603,121
35: 2522,3482,4483,2285
36: 673,1449,3873,2403
37: 4012,1895
38: 1987,1981,922,1541,1941
4433: 
40: 3780,2256
41: 4731,4439
42: 1652
43: 96,1187,2156
4461: 3952,1092
45: 1586
46: 2123,4058
47: 2838
48: 3312,1414
49: 1175,1948,1086,1793,2654
4628: 1872,2375,866
51: 3057,1291,533,1590
52: 1016,4457,4815
4319: 1488,742,1046
54: 4313,2104,1166,306
55: 3292,604
56: 
57: 2145,155
4561: 
59: 3862,2040,3521,514
60: 128,1963,202,2971
61: 4386,1724,3125
62: 
4622: 4309,2648
64: 534,4666,1699
4128: 3685,2715,930
66: 1095,1284,2266
67: 2936,3853,512,626
4525: 4797
69: 739,4274
70: 2265
71: 535,3457,3327,2550
72: 1895
4651: 2474,102
4689: 
75: 4087,2534,3221
76: 462
77: 2771,319,2408,3138
4378: 3003,2236,758,4273
79: 19
80: 609,3012,182,4775
81: 3849,1747,150
4771: 1795
4354: 
84: 1338,3140
4172: 556,2813
86: 1875,1743,3982,3530,4094
87: 
88: 3389,3448
89: 3290,2928,4102
90: 4613,1179,979,1415
91: 3266,3259,4334
92: 1744,2030,147
93: 2939,1828,4257
94: 1082,4142
95: 
96: 43
97: 614,3209
98: 823,1418,1661
99: 1034,3136,4726,3750
100: 1747,3882
4037: 2725,1389,3832
102: 2043,4651
103: 1148,1725,3214
104: 2906
4733: 1405,1436,1397,1539
106: 4748
107: 4308,4198,2563,1198,586
4087: 75,2534,4431
4491: 457,4284,2055,987
110: 3410,1116
111: 4049,1642,4769,3754,4587,4534
112: 
113: 914,171,1711,2296
114: 2663,2076
115: 
116: 4779,977
4626: 4623,2892,978,415
4784: 948,182,609,2038
119: 3311
120: 386,1220,1400
121: 4554,3603,34
122: 3209,2005,4767,3753
123: 3875,1388
4006: 4185,4564
125: 3125,1685,7
126: 4317
127: 4214,2337,2804,2272
128: 1644,1963,60,202
129: 1368,2064
130: 2008,2354
131: 4686,939,459,3374
132: 
133: 2876,3889
134: 843,3105,210
135: 
136: 3239,1411
137: 158
138: 3710,2826,2637
3830: 4440,428,3358
140: 3837,452
141: 3394
4314: 3790,1039,3104
143: 2995,1385,1391
144: 2191,3497,3975,3171
4702: 4021,621,4255
146: 482,694,712,2620,3416
147: 2320,92,2030,1986
148: 3630,728,4355,2035
4576: 1604,4390,3339,2140,4238
150: 1972,3849,81,1223
151: 408,4767,160
4072: 2503,915,3071,646
153: 166,671,1488
154: 392,1480
155: 57,3576
156: 699,3690,878
3844: 3479,974
158: 137,2718,1668
159: 4669
160: 4767,2789,151
161: 357,2074,3986
162: 3045,377
163: 3226,1541,3799
164: 2132
4270: 3487,1619,2608
166: 153
4064: 4256,1127,4787
168: 3218,607
169: 3566
4593: 4621,1511,606,1856
171: 914,113,621
4012: 37,3517
173: 752,3650,3722
174: 303
175: 2913,3637
176: 
177: 289,3353,1943,2853,3612
178: 
179: 
180: 
181: 302,1267,3018,1417
182: 3951,4775,80,609,4784
4477: 1991,3261,4421,4169,1525
184: 2848,4066,3609,4809
185: 231
4732: 1696,27
187: 274,635,3300,2067,1560
188: 4409,3674
189: 3290,2928
190: 2778,1736,3456,2937,1297,1195
191: 
192: 
193: 983,4735
194: 
4004: 3090,1177,990,4160,1593
4521: 
197: 836,2492,3747,4216
3900: 3516
199: 
4786: 4704,3222,2666,4789
4100: 4201,624,3649,1944,3347
202: 128,60,2971
3876: 
204: 2111,616,509,4032
205: 3560,1593,1177,2487,1166,1996
206: 4066,4251,4809
207: 4822,481
208: 
4767: 4413,2789,151,408,122,160,387
210: 1012,843,134,4207
211: 4425,2227
4373: 4463,1079
213: 4588,4558,599,257,1162
214: 2071,4685,1385
215: 4805,4671,4187
3909: 4764,713
217: 3417,2391,3987
218: 4694,955
3853: 1133,2936,67
220: 2661,686,4070
221: 2955,1990
3917: 4046,2961,2080,4775
4357: 2430,2686,3358,1835
4397: 4563,3052,3725,1636
225: 25
226: 2997,1126,1865,3229,1978
227: 1796
4780: 4021,1895
229: 1275,1550,3138
4441: 2689
231: 185
232: 2819,4322
233: 3168,4251,2273,3903
234: 372,4266,1131
3857: 
236: 1777,630,1055,1834
4520: 370,3320
4353: 1304,356,2156
3884: 3040,3720
240: 
241: 345,2709,2819
242: 3824,4297,2757
243: 1826,3971
4330: 1438,1374,7,4818,3567,1678
245: 
3982: 2106,3530,4141,326,86
247: 2393
248: 1156,2224,873
249: 
4581: 4812,1094
251: 4132,1264,1628
252: 4556,3581,2038,4345,4811
253: 1596,3274,4040
254: 2009
255: 1180,4263,1412
3957: 4049,2021,865,4587
257: 1970,2488,4588,213,1162
4798: 4403,1947,3208,3158,3552,1545,2620,1392,2745
259: 841,4757,736,1983,4199
260: 691,4189,2692
261: 2539,4336
4136: 3039,2743,267
263: 4312,3934,1819
4501: 2585,1667
4014: 1410
266: 1173
267: 2743,4136
268: 3870,2986
4691: 1180,319,1412
270: 4505,4816,965,3201
271: 2764,1877,1003
272: 
273: 
274: 635,187,1435
4174: 1189
276: 4656
277: 2011
278: 4462,4371,2330
279: 985,4092
280: 2262,1285
3980: 3577,3262,3639
282: 5,1598,1010,3081
4633: 2761,4111,901,1788,1312
284: 4419,1237
285: 331,2315
4470: 3645,2746
4377: 4625,3886,729,4384
288: 
289: 177,2853,3534,3612,4616,3230
290: 3044,942,569,618,1676
291: 3362,3159,1983,736,4239
292: 3232,4118,711,4682
293: 4774,4757
294: 1573,3545,4724,2600
295: 4523
296: 2649,3242
297: 2880
298: 3120,2383
4371: 2209,1262,278
300: 1198,586,2277,3727,2697
4813: 2906
302: 181,2640,3018,1417
303: 3473,174
4150: 1664,4794,3522,2012
305: 2857,491,568,1161,4766
306: 1166,54,3019
307: 474,1032,1961
308: 1891,2277,494,4567,2178
4307: 3614
4608: 4414,1788,2761
311: 543,3765,2634
312: 3196,2460,2638,2338
313: 495,3085,1054
4369: 936,3514,4121,2401,838
315: 1230,2205,2543
4306: 519,4820,2917
4554: 3603,3587,121
318: 3666
319: 77,2771,4038,1412,3138,4691
320: 
321: 1407,854,3621,2029
322: 1271
323: 4792
324: 
325: 
326: 1228,3974,3982,4141
327: 2274
3904: 
4572: 2201
330: 
331: 2315,3841,285
332: 1185,4071,2919,4196,4450
4356: 
334: 1499
335: 
336: 
337: 688,2106,3370,1229,4805
338: 692,2175,4640
4657: 2396,4142,3103
340: 2157,4347,3308
341: 2700,1795
342: 1617,383,732,2994
343: 4261
344: 2788,730,3531
345: 241
4665: 1715,1062,3200
347: 4677,2185,764,3075
348: 
349: 3175,1640,2055
350: 3820,3061,2342,4811
351: 
352: 688,1206,1086,1793
353: 2733,2972
354: 3623,437,3951,4775
4595: 3551,2424,4186
356: 4353,4292,2156
357: 161,4412,3473
4210: 4095,2932,1260
359: 
4649: 4605,3298
361: 
362: 
3993: 2993,2936
3902: 2000,3564
365: 4705,1441,3484
366: 1060,3582,1794,1841,1063
367: 3779,1605,1281,1928
368: 4802
369: 4386,2592,1182,3125,4768
370: 2673,4520
371: 4774,841
372: 234
373: 4531,1091
374: 2429
375: 4644,2368,2210,4403
376: 
377: 3045,162
4794: 1664,4150,668,3522,2800,1531
379: 
4545: 3907
381: 
382: 1669
383: 1617,342
384: 1469,3533
385: 4289,4456
386: 120,1220,899,1400,1126
387: 4767,2789
388: 2454
4718: 2612
390: 2562,446,1275
4019: 503,3691,3268
392: 1480,940,154,3665
4339: 4574,2955,3524,989
394: 3435
395: 629,4379,3532
396: 578,1872
397: 
398: 
399: 2889,2167,2403,2051,1008
400: 3469
401: 3376
402: 2545,1933,2126
3905: 3765,756,1147
404: 1265,620,4316
405: 
4381: 3543,2213,3941
4113: 3593,2752,1890,1701,3363
408: 151,2459,4413,4767
409: 2386,4763
4252: 1567,3715,1226,3468
411: 785,3704,3681,1618
412: 1873,839,4754,3262
413: 3738,2
414: 3792,1475,3612,3353
415: 3357,978,4626,4623
416: 4326
417: 2347,3846,1275,3372
418: 
419: 3185,4416,4803
4382: 4431,3990
421: 3836,3886,1445
422: 3944,3420,3541
423: 
424: 4678,943
425: 2248,1151,3971,4789
426: 1843,3189,2072
427: 1215,1076
428: 3830
429: 466,1789,2131,1083,1511
430: 3991,4814,3134
431: 4131
432: 4315,4800,2912
433: 2518,3252
434: 2172,3960
435: 3519,2286
436: 1953,2112,4144,4414
437: 3623,354,551,1076
438: 2048,3587,3259
439: 1842,1767,2753
4631: 
441: 4404,1654
4656: 2655,276,785
443: 3180
444: 947,3854
445: 3730,575,1309,629
446: 1275,390
447: 2871,2287
448: 1790,3920
4103: 2206,2130,2758,4708
4465: 
451: 
452: 140
3835: 3275,2735,1672
454: 2226
455: 3526,3412
456: 4165,3723,4391,2748,1441
457: 4491,4284,3251
4493: 
459: 4640,2941,2512,4686,131
460: 4816,489,3312,4505
4176: 
462: 76,1096
463: 2036,1852,4790
464: 
465: 
466: 429,2131,3618,1108,3784
3922: 3443,2989,2406
468: 3706
469: 1539,739,2137,4134
470: 2323,4777
4231: 
472: 
473: 2615,2931,1319,2477
474: 307,2730
4009: 879,4758
4056: 703
477: 2596,950,1477,4720
478: 2144,689
4725: 3734,1762,1677
4257: 1224,93
481: 1697,207,4822,972
482: 694,3967,146,3416
4715: 
484: 4686,2646,1995,3559
485: 
486: 3408
487: 2291,1437,3926
488: 3828,1337
489: 3163,460
4425: 211
491: 305,568,4766,3284,2553
492: 2049
4304: 2154,881
494: 2334,308,2277
495: 313,3085,4541
3998: 3504,2124
497: 3224,3633
498: 3626,4747,2759
499: 
4538: 3156,573
501: 
502: 1433
503: 4019,1993,3268
4457: 52,4815,3102
505: 1697,578,3912
4602: 2330,2209,2812,4496
507: 3769,2048,4603
4290: 
509: 4131,616,3228,204
4227: 25
511: 3499,4390,3339
512: 3544,753,67
4544: 2284,2536,1999
514: 2040,59,3862,2554,3098
515: 4046,2961,2841
516: 3893
517: 1965,3771,1189
518: 1684,2797,1031
519: 4306,4820
4288: 
521: 2500,4597,3394
522: 571
523: 1011,1257,1951
524: 1306,2798,2942
525: 2735
526: 1271
527: 2047,1750,2171
528: 4471,3881,643
529: 3583,3394
4121: 2797,2401,3607,4369,3514
3987: 3417,217,0
532: 2200,1569,3733,3580
533: 1291,51,1590,1342
534: 1771,64,2978
535: 3457,71,4788
536: 20,1445,2613,3886
537: 2796
538: 1881,1903
539: 3340
3983: 2864,2985,2052,1935
4343: 1732,1040,3846
542: 3605,704
543: 311,2660,1011
4484: 1492,2417,1156
4061: 3578,1253
3971: 243,425,1151
547: 1531,844
548: 2731,575
549: 4379
4625: 4377,4486
551: 3623,437,3443,598
4474: 1997,2838,4167
4563: 4397,3090,1636
4505: 3312,270,4816,460
555: 
556: 4172
557: 2268,3094,2297
558: 4727,3474
559: 
4394: 4258,816
4580: 2186,4078,4309,579
4698: 878,2892,2024,4796,3350
563: 1369
4724: 3545,3546,1573,294,3044
4456: 4714,4289,385
566: 1235,3684
567: 4255,3854
568: 1161,3188,491,305,2553
569: 618,2120,290
570: 988,807,3808
571: 522
4026: 
573: 4538,4038
4817: 4543,1269
575: 3730,445,548,3741,3192
576: 1952,2571,584,3800,3646
577: 
578: 396,3912,505
579: 4585,1382,4309,4580
580: 1950,4323,1373
581: 3266,4334
582: 1355
583: 743,1367,1245
584: 2571,1742,3708,1016,1952,576
585: 4645
586: 1198,300,107,2563,2697
587: 1014,1294
3986: 4182,946,161
589: 2309
4783: 1055
591: 1719,1258
592: 3817,2485
3899: 2114,3412,1228,3974
594: 2217,1443
595: 4607
4766: 1091,1583,4682,2857,491,305,3284
4648: 1855,3926,2665,2737
598: 3562,2576,3443,551
599: 213,4558,1218,3393
3978: 4765
601: 4806,2785
602: 4613,1421
603: 
604: 2613,55,2953
605: 774
606: 1856,898,4621,4593
607: 4621,168,1789,3218,898
608: 29
609: 80,182,4775,4784
4331: 4082
611: 2678,4820
4795: 2811,3834,1956,1197,3630,3409
613: 
614: 3753,3209,97
615: 1414,4578,2422
616: 4131,509,872,204
617: 3864
618: 569,2120,290
619: 
620: 404,1265
621: 171,4702
622: 2712
623: 1151
624: 4100,4201,4750,3649,2650
625: 
626: 1938,67,1133
3871: 
628: 1294,4148
629: 395,445,3532
630: 1055,236
631: 
4764: 3070,3684,2740,2107,713,3909
633: 2098
634: 1753
635: 274,187,2067,1435
4512: 2648,2186
637: 1791,4421
638: 2314
4591: 1633,3897,4670
640: 1796,1492,949
641: 3686
642: 
643: 4471,528,3191,1679
4109: 2390,3788,2644
4053: 2344,835
646: 1316,4072
647: 1250,1544,3586
3845: 1727,1570,2200
4390: 4576,3339,511,2140
650: 2846
651: 
652: 2688,3074,2724
4065: 3100,4051,941
654: 2531,1256
4242: 3475
656: 3342,4668
657: 
4131: 616,509,431,3228
4187: 1297,2937,215
4802: 3889,368,1286,1142
4789: 4786,425,2248,4729,1554,3369,3809
662: 3063,1115
663: 1864,2241,4455
664: 1597,2251
665: 3,1353,1283
666: 3588
667: 3992,1363,1611
668: 3522,4794
669: 2610,4291
4082: 4331
671: 153,2329
672: 
673: 36,4821,1449,3873
674: 4761,18,4208
675: 3216,3571
676: 3893,4762
4169: 1525,4630,1991,4477
678: 3777,3230,1943,2853,1240
4778: 3213,786
4365: 2932
4414: 4608,1788,436
4322: 232,2819
683: 3211,4642,4762,3509
684: 
685: 904,4209,2635,4548
686: 2661,220
4643: 3413,1164,2189,4122
688: 352,1206,337,3370
689: 1071,2144,478,3447
690: 
691: 260,2375
692: 338,2175,1633,4670
693: 1225
694: 482,3967,146,2620
695: 4531,774
696: 4387,4190
4289: 385,4714,1352,4456
698: 
699: 3690,1168,156,1266,878,1780
700: 1773,3146,2282
4776: 4699,979,2810,1415,1143,2964
702: 1091
703: 3429,4056
704: 542,4459
705: 974,1395,3492,3066
706: 1473,2575
707: 1506,1315
708: 4139,2714
709: 3184,4420,3079
4052: 1734,2448,4584
711: 2374,3232,292
712: 2620,1169,146
713: 3684,4764,3909
4655: 846,3014,1072
4667: 1503,3164,1266
716: 1280
717: 730,3870,1106
718: 
719: 1675,765
4809: 4251,4066,206,3609,2911,184
721: 
722: 1178,2193
723: 1515,3199,2990
724: 
4502: 3093
4032: 3523,204,3277
727: 1265,1992,4703
728: 792,148,4355
729: 2938,4377,4384
730: 717,3068,2788,344
731: 3445
732: 1617,342
733: 2136
4155: 4492
735: 4791
736: 4757,259,291,1983
737: 
738: 950,4055,1477,1044,1396
739: 469,1539,69,4274
740: 
4118: 3232,2266,2442,4518,1022,292
742: 4319
743: 583,2976,1245
744: 3523,872,1809,866
745: 3077,897
746: 815,1695,3182
747: 1191,1174
748: 817,3525
749: 3406
750: 3511,1376,801
751: 4556,2520
752: 173,935,4734
753: 1617,512,3544
754: 1723,2746,2356,3645,1833
4134: 1479,469
756: 1838,3905
4122: 3413,4643,2189
758: 3003,4378,4273
4418: 
760: 2490,2344
761: 
762: 1014,882
763: 2565,1047
764: 3075,1214,347
765: 3749,719
766: 3750,832,4726,1191
4823: 893,3801,1461,1234,896,1848,4157
768: 1467
4775: 182,3951,4046,3917,2961,2080,3623,354,80,609,3012
770: 
771: 2435
772: 1156
4220: 2971
774: 605,695
3838: 4454,934
776: 3751,4042,3005
3829: 2654,4385,2353
778: 3040,1328,3720,2119
779: 
780: 1007
781: 
4055: 738,950,1396,1020
783: 3906,3852,4295
784: 845,2119
785: 411,1618,4656,2655
786: 4778,1331
3818: 1903,2005
788: 2575
789: 4427
790: 2876,3629,2259,4819
791: 2756,1786,3539
792: 3322,728
793: 3513,3906,4236,2012
794: 3837,4807,2321
795: 3632,1905,2814
796: 
797: 1351,2170
4141: 2106,3982,326,3974
3990: 4129,4382
800: 
801: 750,1255
4040: 3274,253,1596
4364: 
804: 4552,1415,2964
805: 4278,1137,3165
806: 2370,3961,2716
807: 570,2711
808: 991,3416
4753: 2343
810: 4614,3466
811: 4067,2404,2346,1910,4224
3819: 1858
813: 2824,1837,4423
814: 1737,2373,4260
815: 746,3182,1037
816: 4394,3271
817: 748,3525
4763: 409,2386
819: 
4808: 1129,4673,1964,3352
821: 
4772: 3399,1778,4721,4713,2448,2218
823: 2164,1418,98
3862: 59,514,3098
825: 
4321: 
827: 3275,3186,1675
3880: 3544,2873
829: 
830: 1995,2113
831: 2084,2720
832: 766,2280,3497
4616: 3230,2129,2068,3534,3760,289
834: 
835: 1521,4053,2344
836: 1408,2492,197,3250
837: 
838: 2401,4369
839: 4773,412
4311: 3575,4747
841: 259,371
842: 3634
843: 134,1060,2526,4207,210
844: 1602,547,3931
845: 784,2119,883
846: 4655
847: 
848: 2633,2793,2858,2089
849: 2224,2159
850: 2440
851: 4401,3591
852: 4129
4661: 4466
854: 1407,321,3621,1594
855: 
856: 
857: 1867,1388,4135
858: 
859: 3702,4184,4750,3012
4787: 879,1127,1423,4064,1243,4388,2754
861: 1654,4115
4726: 99,1034,766,3750
4647: 1208,1914
864: 4562,4707,2766,2404,2346
865: 2021,3957,4587
866: 4628,1809,744,3523
867: 
868: 1776
869: 1462
870: 
871: 4534,2922
872: 616,744
873: 2224,248
4529: 
875: 3451
876: 2947,1220
877: 2724
878: 2892,4698,1780,699,156
879: 4787,4009
4267: 3517
881: 3122,4304
882: 3381,762
883: 3643,3720,845
4345: 2781,2038,252,3581
885: 1478
886: 
887: 2223,2177,1103
888: 2589,1448
4728: 4347,3308,2827,3317,1078
890: 2890,1584
891: 1240,3155,4589
4073: 2014
893: 4823
894: 4213,3319,1383
895: 
896: 1740,1848,4823,3023
897: 745
898: 3218,607,4621,606
899: 1978,1000,1126,386
4555: 1634,3444
901: 4633,4111,1312
4262: 4513,1408,2492,2383
4473: 
904: 685,3800,2571,4548,2878
905: 1842,2353
4480: 
4781: 2141
908: 3051,3958,2795,2510
909: 3116
910: 1271
911: 1925,1859,2399
3875: 1100,123
913: 1952,2928,3646,4102
914: 171,113
915: 2503,4072
916: 2135,2903,1499
917: 1167,33,4761,3266
918: 
919: 2996,3494,1422,3226
920: 2226,2008
921: 2364,975,2004
922: 1981,2871,3682,38
923: 1519,2894
924: 1874
925: 2320,1986
926: 4539,1865,4271,4822
927: 4218,1289,3487
4427: 789,1989,1437
929: 2196,4604,3210
930: 4128,2715,2572
3967: 482,694
932: 
933: 1927,2850,1949
934: 4454,3838
935: 3975,3171,4734,752,4705
936: 4369,2037,3514
937: 
938: 3076,1629,1351,1315
939: 4479,3964,3374,131
940: 392,1480,3631,2992
941: 3268,4051,4065
942: 3044,290,1676,2850
943: 4678,2120,424
944: 
4650: 4583,2835,1257
946: 2413,2074,3986
947: 444,1178
948: 4784
949: 1492,1775,1796,640
950: 738,4055,1477,477,4720,1020
4143: 3170
952: 3475,3763,4803
4720: 3190,1526,2596,477,950,2357
954: 3811,3405
955: 1250,1544,218,4694
956: 2915,26,1185,4071
957: 1141
3832: 4037,1389,4814
959: 4361,3072
960: 2982
961: 1125
962: 2280,4238,3734,1762,3975
963: 2649
964: 3216
965: 4085,2422,270,3201
966: 
967: 1527,2122
968: 2459,2432,3744
4679: 4352,2896,4745
970: 1625,2042,2446,1909
971: 3102,3760,3328
972: 2590,1428,481,4822
973: 4428,2372,4000
974: 705,1395,4263,3066,3962,3844
975: 3908,2664,921,1023
976: 3527,2424,3798
977: 116,4779
978: 2607,2892,4626,415
979: 3060,4699,4776,90
980: 3055,2046,1765
981: 
982: 3548,3419
983: 193
3892: 1462,4807
985: 279
986: 1171
987: 2868,4491,2864
988: 570,3627,33
989: 4574,4339,3199
990: 4004,4160,1593
991: 1169,3416,1321,808
992: 4376,1491,3894,3490
993: 4511,3810,998
994: 4254
995: 3049
996: 2790
997: 4376,4818
998: 1801,2837,993,4511
999: 
1000: 899,2139
4317: 126
1002: 2770
1003: 1404,1761,2764,271,1954
1004: 4054,1017,4819
1005: 4707,1735,2414
1006: 2031,4485
1007: 780
1008: 2051,26,2889,399
3970: 2548,2719,3145,4552
1010: 5,282
1011: 523,2660,543,1701,2634
1012: 2215,210,4003,4316
1013: 2065,4075
1014: 4730,587,762
1015: 1027
1016: 52,4815,3708,4002,584
1017: 4054,1004,4819
1018: 1877,2814,3341
1019: 1386,3972,1704,3496
1020: 2357,950,4055,3083
1021: 1611,4081,1317,3114
1022: 4118,4518,2857
1023: 2181,3195,975
4093: 2439,2169
1025: 3489,3664
1026: 
1027: 1015
1028: 3440,1196
4392: 3629
1030: 3365,1726
1031: 2359,518
1032: 3297,4243,307,1961
1033: 4407,3471,22,3035,2909
1034: 99,1604,3339,4726,3750
1035: 4687,2727
1036: 3402,2676
1037: 2848,815
4785: 4017,2710,4296
1039: 3790,1552,4314,3104
1040: 2347,3846,4112,1732,4343
1041: 4614,2222
1042: 2399,2877,2570,1859
4215: 3539,2119
1044: 2737,2665,738,1396
4393: 
1046: 2028,4319,2121
1047: 2565,763
4439: 2185,41,3631
4527: 1928,2069
1050: 2811,2413,4182
4351: 4188,4803,3769
1052: 2732,1232
1053: 3434,3243
1054: 313,4730
1055: 630,4783,236
4051: 941,4116,3451,4065,1313
4748: 106,4592
3825: 4186,1939
1059: 4086,4683,2223
1060: 366,2526,4041,843
1061: 
1062: 3200,1715,4665
1063: 1794,3882,366,3582,1972
1064: 4149,3240,2753
1065: 2831
1066: 2652,1967
1067: 1316,3051
4596: 3559,2646
4481: 2812,4476,2209
1070: 1109,3272,3617,1632
1071: 689,3403,3069,4362,3447
1072: 3014,4655
4313: 2104,54,3731
1074: 2959,2056,4161
1075: 
1076: 437,427
1077: 
1078: 2827,3308,4728
1079: 4463,3911,4442,4373
1080: 1475,3470
1081: 3014,4312,2642,2761,4111
1082: 2815,4812,94
1083: 2131,1789,429
3973: 1225,1646
1085: 
1086: 1175,49,1793,352,4406
1087: 
4566: 4190,1097
1089: 2388,2273,3663,3903
1090: 3908,4796,4218,1289
1091: 4766,373,702
1092: 4461
4334: 3259,91,581,3934
1094: 4812,4581,1110
1095: 66,4542,3232,2266
1096: 462
1097: 4704,4566,3206
1098: 
4705: 365,935,3171,4734,3488
1100: 3875,3959
4489: 3588,3418
1102: 4514
1103: 18,887
1104: 3475,4803
1105: 
1106: 4524,3870,717,1879
1107: 1589,2007
1108: 1498,3948,3618,466,3784
1109: 1297,1195,3833,1070,1632
1110: 1962,1094
1111: 4017
4112: 1836,1040,1732
1113: 1949,1486
4562: 1270,864,4707,2346
1115: 3940,662,3616
1116: 1609,110
1117: 
4068: 1718
1119: 3374,3480,2646
1120: 2133,1806,3794,2334
4114: 2515,2095
1122: 3575
4041: 2062,1060,2526
1124: 
1125: 961
1126: 2997,226,1978,899,386
1127: 4256,4787,4064
1128: 
1129: 4808,2157
1130: 3656,1899
1131: 2805,234,4609,4266
1132: 
1133: 3853,626,1938
1134: 1255,1563
1135: 3324
1136: 2512,2113
1137: 3165,805
4340: 3116,4514
4140: 1575,4567,1493,2851,1307
1140: 2656,2490
1141: 3377,957,3202
1142: 3304,4802
1143: 2964,4776
1144: 
1145: 4551,3002
1146: 2495,2697,4815
1147: 3905
1148: 103,3214
1149: 4752,2643
1150: 2035,1153,3630,3834
1151: 425,623,3971
4182: 1251,3986,1050
1153: 2035,1150,2914
4416: 2600,3185,419,3545
3823: 4328
1156: 248,772,4484
1157: 2967,3851,2702
1158: 2591
1159: 3237
1160: 2738,3117,4202
1161: 568,3188,4211,305
1162: 257,213
1163: 
1164: 4643,2189,3379
4504: 4814,4173,1912
1166: 306,1996,205,54
1167: 33,917,4761
1168: 699,1266,2938,2627
1169: 991,3416,712,1321,2764
1170: 3240,1192
1171: 986
4811: 2038,2342,3820,350,4556,252,3581,2520
1173: 266
1174: 3042,1516,3351,747
1175: 1948,49,1086,4406
4575: 1991,3261,3175,2055,2868
1177: 4004,205,1593,2104
1178: 722,947,2193
1179: 4613,90,1415,4475
1180: 4263,255,4691,1973
1181: 1406,2854,3202,2580
1182: 1635,369,3410
4686: 484,2646,131,459,3374
4179: 1337,2933
1185: 332,956,4071
1186: 
1187: 2763,43
4730: 1014,1054
1189: 4174,517
1190: 1635
1191: 747,766,1622
1192: 1170,3240,2753,1293,1767,4711
4511: 993,2837,998
1194: 1476
1195: 1297,1109,2937,1736,190,3833
1196: 1028,4145
1197: 4795
1198: 586,300,2760,4308,107
1199: 1276
4429: 1832
4278: 805,2656
1202: 3108
1203: 3687,2962
4793: 1572,3411,2505,4672,3692
1205: 1288,1302
1206: 688,352,4385
4624: 1624,1362,2324,3764,1866
1208: 4647,3503
4250: 
1210: 3542,4790,1963,1320
3826: 3064,2745,2501,1578
3946: 3316
1213: 
1214: 2899,2264,764
1215: 427,2326
1216: 12,3190
1217: 
1218: 3393,599,2991,1270
1219: 2685,3024
1220: 386,120,2947,876
1221: 4020
1222: 
1223: 150,2426
1224: 4257,2696
1225: 693,3973
1226: 4252,3468,1883
4810: 2242,1631,1700
1228: 1743,326,4349,3899
1229: 3370,4805,3976,337
1230: 3856,315
1231: 3659,2252
1232: 3585,2324,1052,1612
1233: 
1234: 2606,1461,4823,4157
1235: 566,1409
4495: 3305
1237: 3749,2331,4801,284
1238: 
1239: 
1240: 3169,891,3601,1943,2853,678
3852: 2566,783
1242: 2515,2235
1243: 4787,3294,1751
1244: 
1245: 3114,583,743,1367
1246: 3189,1310,1342,2072
4259: 4104
1248: 3160
4446: 
1250: 955,647,3586
1251: 4182
1252: 
1253: 3578,2003,4061
1254: 3252,3919,1352
1255: 1134,1563,4298,801
1256: 654,4564
1257: 2835,4650,523
1258: 591
1259: 2537,1702,2198
1260: 3790,1552,4210,2932
1261: 1806,2334,2588,2629
1262: 2256,1465,2216,4371
1263: 
1264: 251,1628
1265: 404,620,727
1266: 699,1168,3164,4667
1267: 181,1989,2254
1268: 2368,3111,4600,2441,2533
1269: 4177,4817
1270: 4562,1218,3557
1271: 526,910,322
3955: 2813
1273: 
1274: 4361
1275: 446,229,390,2347,417
1276: 1199,3184
3827: 3667,5,1598
4308: 4198,107,2699,1198
1279: 
1280: 716
1281: 2978,367,1605,1928
1282: 1926,3803,2214,2378
1283: 3207,3122,3,665
1284: 2442,1957,66,2266
1285: 280,1497
1286: 2259,3889,4802
4188: 4351,4258
1288: 1205,1328,3318,1302
1289: 4218,927,1090,3487,2004
1290: 
1291: 3057,533,51
3837: 140,2040,794,2321
1293: 2193,1514,4711,1192
1294: 628,2390,587
1295: 1563,3710
1296: 1344,4500,1971
1297: 1195,1109,4187,2937,190
1298: 3606,4279
1299: 1693
1300: 
4768: 369,3410
1302: 3318,1288,1205,4396
1303: 3547,3831
1304: 4353
4328: 4020,3823
1306: 524,1912
1307: 3727,1870,1891,4567,4140
4411: 3590
1309: 1689,445,3741
1310: 4459,1342,1246
4436: 
1312: 4633,901,1788
1313: 4051,4116,3462
1314: 2725
1315: 1506,1351,707,938
1316: 1067,646,3071
1317: 1021,1611
1318: 2685,4045
1319: 2318,3460,473
1320: 1210,4790
1321: 2764,1169,991,3565
4238: 2280,962,1604,4576
3858: 
1324: 2664,3391,1455,2181
1325: 3610,2037,1484
1326: 2210,2977,1947
1327: 
1328: 3040,778,1288,3193
1329: 
4209: 2635,4548,685
1331: 786
1332: 3506,3920,2984
1333: 
1334: 
1335: 
4404: 441
1337: 4179,488,2933
1338: 84
3929: 4197,4312,3014
4171: 
1341: 3351
1342: 1310,533,1246
4672: 3692,4793
1344: 1296,4059,3502,3576
1345: 
4036: 3494,13,1987
1347: 2927
1348: 3396,4367
1349: 1934,2092
4558: 213,599,3393
1351: 3592,1315,938,797
1352: 4714,3252,1254,4289
1353: 665
4011: 
1355: 582
1356: 
1357: 
3974: 3899,2114,326,4141
4254: 994,3242,2649,2999
1360: 3866
4335: 
1362: 2692,4189,4624
1363: 1611,667
1364: 3433
4269: 3453
4571: 4742,4557,3279
1367: 583,1245
1368: 129
1369: 2709,563
1370: 3293
4294: 
1372: 1736,3833
1373: 4323,580
1374: 1438,4330,7,4688,1685
1375: 3188,1405
1376: 4298,750
4463: 3911,1079,1851,4373
3889: 4802,1286,2259,2876,133
1379: 3984
3958: 2831,908
4070: 220
1382: 2391,4309,3799,579
1383: 894
1384: 1519,1548
1385: 1391,1729,214,4685,143
1386: 1019,3972
1387: 4749
1388: 1867,857,123
1389: 4037,3832
1390: 3420,2150
1391: 1385,1729,143,3741
1392: 2745,4798,3208,3552,2501
4644: 1551,1687,375,2221,4403
1394: 2675,2643
1395: 705,974,4350
1396: 1044,738,4055
1397: 4733
1398: 3465,1874,2186,1540
4403: 4798,4644,375,2221,3158
1400: 2997,3096,386,120
1401: 
4272: 2562,2572,1722,1413
4129: 3990,852
1404: 1003,1682,1761,4494
1405: 4733,1436,1375
1406: 1181,2854,3202,1816
1407: 1464,854,321
1408: 836,2492,3250,4262
1409: 4692,2428,1235
1410: 4014
1411: 2232,136
1412: 4038,319,255,4691
1413: 1722,1677,4272
1414: 4617,615,48
1415: 4776,90,1179,4475,804
1416: 
1417: 2882,2640,181,302
1418: 2164,823,98
1419: 4196,1883,4444
3947: 1821
1421: 4613,3060,602
1422: 4166,3494,2996,919
1423: 4787,2208
1424: 3625
1425: 4097
1426: 
1427: 
1428: 3764,2765,1624,972
1429: 3220,2482
1430: 
1431: 4015,2953,3417
1432: 4138,3746,3191,1752
1433: 502
1434: 4765,2677,2757,3824
1435: 274,635
1436: 1405,4733,2137,1539
1437: 487,1989,4427,3926
1438: 1374,4330,3567,2483,1760
1439: 2060,4739,3057
4708: 2758,4103
1441: 3438,365,456,3723
1442: 
1443: 594
1444: 1686,2700
1445: 20,536,421
4749: 1387,1817,2555
4243: 3297,1032
1448: 888,2589
1449: 4821,36,673
4711: 1767,3939,1293,1192
1451: 3405
4074: 2455,2359
4615: 
1454: 3489,2810
1455: 4634,1324,2792
1456: 4609
4185: 4006,4564,3455,3486
1458: 1636,3731,3578,2176
4599: 2806
4685: 4517,2071,214,1385
1461: 4042,3005,1234,4823
1462: 869,3892,2154
1463: 3075
1464: 1407,2633
1465: 1262,2256,1567,3715,4503
1466: 4117
1467: 768,3360
1468: 
1469: 384,3100,1754
1470: 1908,2049
1471: 2495,4002,4815
1472: 1882
1473: 706
1474: 3691
1475: 3612,1080,414
1476: 1194
1477: 738,950,2291,477
1478: 885
1479: 4134
1480: 392,3631,940,154
4428: 973
1482: 
1483: 1692,1831
1484: 3610,1325,2037
1485: 2362,1916,4800
1486: 3271,4740,1113
1487: 
1488: 4319,153
1489: 2147
1490: 3269
1491: 2568,4818,992
1492: 2417,4484,1775,949,640
1493: 4567,2178,1844,2851,4140
3906: 783,3513,793
4138: 1432,4375
1496: 2659,1550,2562
1497: 1285
1498: 1108,3948,3618,1970
1499: 2968,916,2135,334
1500: 
4674: 2595
1502: 2890,32,1594
1503: 4667,0,4276
1504: 3901,2246
1505: 
1506: 3592,1315,707
1507: 3785
1508: 2044,4101,1723
4723: 1562,2526
4277: 
1511: 4593,429,3097
1512: 1711,1543,4738,2296
4165: 456,3910,3723,4391
1514: 2295,1293
1515: 723,3199,3888,1647,3781,1864
1516: 3351,2115,3042,1174
1517: 3894,3602,3520,2568
4568: 
1519: 1384,923,2894
3981: 2908,4578
1521: 835
1522: 3836
4443: 3976,2698
4080: 
1525: 4169,4630,4477,1586
1526: 3190,4720,2357,4719
1527: 967
1528: 3781,4147,2128
1529: 4001,2490
1530: 3696,2516
1531: 547,2800,4794,3969
1532: 2518,4027,3510
1533: 2996,1601
4421: 637,1791,4477,3261
4820: 3575,2678,611,4306,519
1536: 1939,2386
1537: 3614
1538: 
1539: 469,739,4733,1436,2137
1540: 2229,2186,4078,1874,1398
1541: 163,1987,38,3799
4518: 2442,4118,1022
1543: 4738,1810,1512
1544: 955,647,3606
1545: 2977,1947,4798,2620
4510: 
3928: 4083,2711
1548: 1384,1994
1549: 
1550: 1496,229
1551: 4644,1687,2368,4600
1552: 3790,1039,3992,1260
4132: 251
1554: 2020,2248,4789,3809
4224: 1910,4067,811
1556: 1637,3002,3785
4475: 3145,1179,1415
1558: 3108,2405,3856,2969
1559: 4721,1778
1560: 4233,3300,3106,187
1561: 3278
1562: 3087,4723,4444
1563: 1134,1255,1295
1564: 
1565: 2873,2445
1566: 3887
1567: 3715,4252,1465,4503
1568: 
1569: 532,2883
1570: 1727,3845,2287,3733
4503: 3536,1567,1465
1572: 1584,3411,2505,4793
1573: 294,3065,2393,4724
1574: 
1575: 4140,2851,2558
1576: 3304,1937
4184: 4750,859
1578: 3300,3826
1579: 1692
1580: 3895
4543: 4817
1582: 
1583: 4682,2857,4766
1584: 1572,3411,890,3584
1585: 
1586: 45,1525
4449: 
4323: 1591,580,1373
1589: 1107
1590: 4584,3448,1734,533,51
1591: 4323,3677
1592: 2923
1593: 3560,205,4004,1177,990
1594: 3621,854,1502
4189: 260,1362,2692
1596: 253,4040
1597: 664
1598: 5,282,1862,3081,3827
1599: 2161,4148,2874
4476: 2812,4481,1721
1601: 1533,1854
1602: 844
1603: 
1604: 4576,3339,1034,3750,4238
1605: 3779,367,4261,1281,2978
4539: 926,1865,4822
3865: 2867
4240: 
1609: 1116,2399
1610: 4426,2132,2625
1611: 1021,1317,1363,667
1612: 2994,1232,3585
1613: 4758,3709
1614: 
1615: 4126
4610: 3590
1617: 753,342,383,732
1618: 3681,2967,411,785
1619: 2327,2608,4270,2364,2117
4553: 3078,2893,2693
1621: 2676
1622: 1191
1623: 3742
1624: 2765,4624,1428,3764,1866
1625: 970,2446,2619,2255
4015: 2953,1431,2313
1627: 
1628: 251,1264
1629: 3510,938
1630: 2382
1631: 2502,4115,4810
1632: 3617,1109,3280,1070
1633: 4591,4063,692,4670
1634: 4555
1635: 1182,1190
1636: 1458,3731,4563,4397,2176
1637: 1556,3785
1638: 3784
1639: 4760,3979,2208
1640: 349,1791
4453: 
1642: 111,4049,3460
3908: 975,1090,4796
1644: 128,1963
1645: 
1646: 3932,3973,2319
1647: 4574,1515,3199
4066: 206,3609,2895,4809,184
1649: 1975
4387: 696
4021: 4702,1895,4780
1652: 42,2790
1653: 2729,1903
1654: 861,441
4217: 4761,2431
4671: 3069,4805,215
3962: 3066,974,4796
1658: 2704,2079
4492: 2803,4155
4556: 252,3581,4811,751
1661: 98
1662: 4135,3878
1663: 4315,2647,4426
1664: 4794,4150
3903: 1931,2273,1089,233
4284: 457,4491,2055
1667: 2585,4501
1668: 158,2718
1669: 382
4168: 4145,2159
4432: 
1672: 3835
4729: 4105,4701,4789
4589: 891,3155,3461
1675: 827,719,3186
1676: 1927,942,290,1844
1677: 3795,4725,1762,1413
1678: 4818,3567,3716,4532,4330
1679: 3191,3775,1712,2820,643
4170: 4420,3201,4816,3079
1681: 3237
1682: 1404,1761,2962,4494,1940
1683: 2164
1684: 2245,2117,518,2797
1685: 4688,2616,125,1374,7
1686: 1444
1687: 1551,4644,1926,2221
1688: 3447,4805
1689: 1309,3243,1729
1690: 
1691: 3049
1692: 1483,1579
1693: 1299
4617: 1414,4578
1695: 746
1696: 3091,4732
1697: 505,3084,481
1698: 2316,2863
1699: 4666,64
1700: 4810,2242
1701: 1890,2634,1011,4113,2752
1702: 1259
1703: 3295
1704: 3185,1019
4455: 3233,663,2241
1706: 2730,2078,4180
1707: 
1708: 2652,1882
1709: 2716,3234
1710: 3330
1711: 1512,113
1712: 3775,1679,3438
1713: 2860,2138
1714: 
1715: 4479,4665,3353,1062,3169,3601
1716: 
4774: 4338,4237,371,293,4757
1718: 4068
1719: 591,4338
4419: 284,3077
1721: 1992,4476
1722: 1413,4272,3650
1723: 754,2746,1508
1724: 4386,4437,2638,61
1725: 2593,3214,103
1726: 1030
1727: 3845,1570
3953: 3812
1729: 1385,1391,1689
4102: 913,2928,89,3646
3963: 4203
1732: 4343,1040,1836,4112,2670
4208: 18,674
1734: 4052,4584,1590
1735: 4707,1005,3432,2991
1736: 190,1195,1372,3833
1737: 814,2373,4200,2766
1738: 2350,2670,4471
1739: 2588,1806,3794
1740: 896,1848,3502
3846: 1040,417,3372,2528,4343
1742: 584,3708,1904
1743: 1228,4349,86
1744: 92,2030,4779
4099: 
1746: 4315,4202
1747: 100,3882,81
4046: 515,3917,2961,4775
4584: 3448,1590,4052,1734,3389
1750: 527,2047,1835
1751: 2306,2500,1243
1752: 4375,1432
1753: 634,2309
1754: 2533,3178,1469
1755: 
1756: 
1757: 2513
1758: 
4670: 3313,4591,1633,692
1760: 1824,1438,4818,3567,2483
1761: 1003,1682,1404,1954
1762: 3734,4725,1677,962
1763: 4058
1764: 
1765: 980,2046
1766: 4359
1767: 4711,3939,2753,1192,439
1768: 2557,2586
4115: 1631,2502,861,3373
1770: 3682,3733,13,3580
1771: 534,2828
1772: 
1773: 700,3146,2014
1774: 2982,2689
1775: 1492,2417,949
1776: 868,3403,3006,3859
1777: 236,1890,1834,3363
1778: 4079,1559,4772
4721: 1559,4772
1780: 878,699,2024
4424: 2949
1782: 3373,2847
4201: 4100,624,2650,3061
4623: 4626,415,3391
1785: 
1786: 2637,791
1787: 
1788: 4414,4608,4633,1312
1789: 1083,607,429
1790: 448
1791: 3175,1640,637,4421,3261
1792: 4442
1793: 49,1086,352,2654
1794: 1841,3882,1063,366,3582
1795: 341,4771
1796: 227,949,640
3968: 1951,3593,2505
1798: 3743,3491,4081,2453,3540
4104: 4259
3961: 2370,806
1801: 998,4230
1802: 2123,4139
3893: 676,516,4660
4678: 2120,943,424
1805: 4677
1806: 1261,3794,2334,1739,1120
4124: 3113
1808: 
1809: 744,866
1810: 1543
1811: 2469
3833: 1736,1195,1109,1372
3910: 4165,3723,2374
1814: 
4081: 1021,3743,1798
1816: 2351,1406,2854
1817: 4749,2555
1818: 
1819: 263
1820: 1902,2288
1821: 3947
1822: 
1823: 2645
1824: 1760,4818,2483
1825: 3573
1826: 2358,243
4482: 
1828: 2939,93
1829: 2809,2693,3569
1830: 
1831: 1483
1832: 4429
1833: 754,2356
1834: 3363,1777,236
1835: 2430,4357,1750
1836: 3881,4112,1732
1837: 4423,813
1838: 756
1839: 
1840: 
1841: 1794,2062,366
1842: 439,905
1843: 426,3696
1844: 2178,1493,1676
4336: 2539,261
1846: 3168,2273
4248: 
1848: 1740,896,3801,4823
4534: 871,111,3754
4198: 4308,107,2563
1851: 2111,4463
1852: 4275,4790,463
4094: 1875,86
1854: 2497,1601,2125
1855: 4648,3611,3956,2737
1856: 606,4593,3204
4773: 839,2488
1858: 3819
1859: 911,2877,1042,2399
4338: 4774,1719,4237
4530: 2061,2409,2275
1862: 3081,1598,2199,1888
3840: 
1864: 663,2241,3888,1515
1865: 926,4539,3419,1978,226
1866: 2324,1624,4624
1867: 857,1388
1868: 
4266: 4609,234,1131
1870: 3727,1307,2558
4178: 
1872: 4628,2375,4506,396
1873: 412,3577
1874: 3465,1398,1540,924
1875: 86,3939,4094
4496: 3618,2812,4602
1877: 1018,271
1878: 3878,4658
1879: 4434,3870,1106
4389: 3161
1881: 538
1882: 1472,1708,3368
1883: 3105,4444,1419,1226
4442: 1792,1079
1885: 2457
1886: 
3919: 3005,2606,1254,3366
1888: 2199,4488,1862,3667,3415
4297: 242
1890: 1701,2634,1777,4113,3363
1891: 308,2277,4567,3727,1307
1892: 2925
4677: 1805,347,2185
1894: 
1895: 4021,37,72,4780
4045: 3302,1318
1897: 3778
1898: 2351,2225,16
1899: 3656,1130
1900: 
1901: 2071,4517,2474
1902: 2082,1820,2288
1903: 3818,1653,538
1904: 3768,1742,4548
1905: 3178,795
4355: 728,148,2035
1907: 
1908: 1470,2806,3647
1909: 970,2810
1910: 2404,2373,811,4224
1911: 
1912: 1306,4814,4504
1913: 4739,2548,2719,2034
1914: 4362,4647,3238
4681: 
1916: 1485,3712,4800
1917: 
4192: 3207
1919: 2068
1920: 
1921: 2090,2972
4485: 1006
1923: 
1924: 3449,2930
1925: 911,2399
1926: 1282,2221,3204,1687
1927: 1676,2850,2851,933
1928: 4527,367,1281
1929: 4279
1930: 
1931: 3903
1932: 3018,3369
1933: 2545,402,2126,3136,2922
1934: 2092,1349,2240
1935: 3983,3245,2052
4031: 3342,3472
1937: 2010,1576
1938: 626,1133
1939: 3825,2217,1536
1940: 1682
1941: 2391,1981,38
1942: 
1943: 3353,177,2853,678,1240,3601
1944: 3649,1961,4100,3347
4799: 4348
4244: 
1947: 4798,1326,2210,2977,1545
1948: 1175,49,3074,2688
1949: 1113,3225,933
1950: 580,2754
1951: 3968,523,3166
1952: 913,576,584,3646
1953: 436,4098
1954: 1003,1761,3565
4260: 2451,814,2373,3989
1956: 3245,2750,4795
1957: 2442,1284,2056,2990,2959
1958: 
4500: 3023,3502,1296
1960: 
1961: 1944,1032,307
1962: 1110
1963: 1644,128,3542,1210,60
1964: 4673,4808
1965: 517,3771,4751
4361: 959,1274,2237
1967: 2652,1066
1968: 2214,3422
1969: 3616,2815
1970: 257,2488,1498,3948,4588
1971: 2343,2312,1296,2340
1972: 150,1063,3582
1973: 2392,1180,4821
1974: 
1975: 1649,3691
1976: 3130
1977: 4696,2450,2095
1978: 899,1865,3419,1126,226
4133: 2265
1980: 3488,4536,3722
1981: 2313,922,38,1941
4683: 2177,3988,1059,2223
1983: 291,3159,736,259,4199
1984: 
1985: 3646,2878,3800,4005
1986: 147,2320,925
1987: 38,3682,13,4036,1541
1988: 
1989: 2254,1267,4427,1437
1990: 4147,221
1991: 4575,4477,3261,2868,4169
1992: 1721,727
1993: 503,2206
1994: 1548
1995: 830,484
1996: 1166,205,2487,2610
1997: 3431,4474
1998: 3051
1999: 3465,4544,3392
2000: 3902
2001: 
2002: 3935
2003: 3079,4816,1253
2004: 3487,1289,921
2005: 3818,3753,122
2006: 
2007: 1107
2008: 130,920
2009: 254,4800,2362
2010: 1937,2366
2011: 277
2012: 4236,3513,3263,4150,793
4805: 3370,1229,3976,1688,337,4671,215
2014: 4073,1773
4202: 1746,1160,3117
2016: 4519,2165
3972: 3279,1386,1019,3496
4049: 111,1642,3957,3754,4587
2019: 2649
2020: 1554,2640
2021: 865,3957
3956: 3611,2197,1855
2023: 
2024: 3066,3492,4698,1780
4166: 2409,2883,1422
2026: 2307,4047,2063
4519: 2016
2028: 1046,2121
2029: 3621,4160,321,3052,3090
2030: 92,1744,147,2517
2031: 1006
4682: 1583,292,4766
4197: 3929
2034: 2548,4739,1913,2060,2333
2035: 1153,1150,3630,148,4355
2036: 463
2037: 936,3514,3610,1325,1484
2038: 2342,4784,4345,252,4811
2039: 2366
2040: 3521,514,3837,59
4479: 1715,939,3964,3169
2042: 970,2446
2043: 102,4517,2474
2044: 2721,1508,4101
2045: 2300
2046: 980,3874,1765
2047: 527,1750,2171
2048: 3587,438,507
2049: 2414,492,1470
2050: 
2051: 1008,26,3873,3115,399
2052: 2985,3205,3983,1935
4464: 3109,2456,4276,3485
2054: 
2055: 4491,4284,3175,349,4575
2056: 2442,1957,2959,1074,4161
2057: 
2058: 2950
2059: 
2060: 1439,4739,2034,2333
2061: 3036,2712,4530
2062: 4041,1841
2063: 4047,2026
2064: 129
2065: 3321,1013
2066: 3991,2994
2067: 2741,3300,635,187
2068: 3534,1919,3760,4616
2069: 4083,4527
4123: 3301
2071: 214,1901,4685,4517
2072: 1246,3189,426
3824: 242,4765,1434,2677,2757
2074: 2326,946,161
4347: 3308,4728,340
2076: 3250,114
4300: 3490,4327
2078: 1706
2079: 1658
2080: 3702,3917,4775,3012
3841: 331,2315
2082: 1902
2083: 3254,2269,2097
2084: 831
4765: 1434,3978,4445,4688,3824
2086: 3382
4086: 2948,4792,1059
2088: 4735,3564,4604
2089: 848
2090: 1921,3152,4239
4258: 4394,4226,4188
2092: 1934,1349
2093: 
4160: 3621,2029,4004,990
2095: 2466,4114,1977
2096: 2689,3177
2097: 2269,3254,2083
2098: 4740,633,4226
2099: 4797
2100: 3088,3657
2101: 4524,2318
2102: 3358,2279
2103: 
2104: 4313,54,1177
2105: 
2106: 3982,3530,4141,337
2107: 4764
2108: 3155,2817,3640
2109: 
2110: 4578,3217
2111: 1851,204
2112: 4144,436
2113: 1136,830
2114: 3899,3974,2698
2115: 1516,3351,5
2116: 
2117: 2245,1684,1619
4498: 4468,2369
2119: 784,845,778,4215
2120: 4678,943,569,618
2121: 1046,2028
2122: 967
2123: 1802,46
2124: 3998
2125: 2968,2497,1854,2536
2126: 3499,2545,402,1933
4005: 3499,1985,2249
2128: 3667,1528,3781
2129: 4616,3230,3760
2130: 2758,2206,4103,4526
2131: 3618,1083,466,429
2132: 2467,2625,1610,164
2133: 1120
4585: 0,579
2135: 916,2793,1499
2136: 733,3732,2607
2137: 1436,469,1539
2138: 2860,1713
2139: 1000
2140: 3795,4576,4390
2141: 4781,3371
2142: 3931
2143: 
2144: 4535,478,689
2145: 2354,2203,57
2146: 2760,2629,2699
2147: 1489
2148: 
2149: 4791,2741
2150: 3263,1390
4658: 2880,1878
4001: 1529,2344
4804: 3568,2227
2154: 3783,1462,4304
2155: 4305,2319,2295
2156: 4292,4353,356,43
2157: 4199,340,1129
2158: 2803,3932
2159: 4168,849
4017: 4785,1111
2161: 1599,2874,3591,3611
4466: 4661
4177: 4717,1269
2164: 1683,823,1418,2615
2165: 2016
2166: 3324
2167: 2889,2403,399,2327,2608,2337
4788: 3030,535,3457,2550,3671
2169: 4746,4093
2170: 3592,797,2886
2171: 527,2047
2172: 4206,3260,3960,434
4034: 
2174: 
2175: 692,338,3792,2872
2176: 3578,2909,1458,1636
2177: 4058,4683,887,2223
2178: 4567,1493,1844,308
3851: 2702,1157
4777: 470,2323
2181: 1023,2664,1324
2182: 2352,4770
2183: 4533,4669
2184: 
2185: 4677,347,4439
2186: 4580,4078,4512,1540,1398
2187: 
2188: 
2189: 3379,1164,4643,4122
2190: 
2191: 144,3766,3171,3349
2192: 
2193: 1293,722,1178,2295
4422: 3023,2340,3434
4083: 2069,4660,3928
2196: 4604,929
2197: 3956
2198: 2537,1259,4646
2199: 1888,4488,2744,1862
2200: 532,3845
2201: 4572
2202: 
2203: 2145
4666: 1699,64
2205: 315,2543
2206: 1993,2130,4103
2207: 3674
2208: 1639,4760,1423
2209: 4371,4481,4602,2330
2210: 1326,2368,375,1947
2211: 
4207: 843,2215,210
2213: 3543,4381
2214: 1968,1282,2378
2215: 1012,4207,2865
2216: 4462,1262
2217: 594,1939
2218: 4772,3605,3289
2219: 
2220: 3376
2221: 1926,3803,4644,1687,4403,3158
2222: 4614,3466,1041
2223: 887,1059,2177,4683
2224: 849,2417,873,248
2225: 1898,16
2226: 920,454
2227: 211,4804
2228: 4204,2929
2229: 1540,4078,3485
2230: 2734,3480,3461
2231: 3413,4792,3988
2232: 1411
2233: 
4273: 4378,758
2235: 1242
2236: 3003,4378
2237: 4361,3564
2238: 2345
2239: 4807,2321
2240: 1934
2241: 1864,663,4455
2242: 4810,1700
2243: 2713
2244: 
2245: 1684,2117,2364
2246: 1504
4526: 2130,2758
2248: 425,4789,1554
2249: 3088,3640,4005
4309: 3799,4622,1382,2648,579,4580
2251: 664
2252: 1231
2253: 3275
2254: 1989,1267
2255: 1625,3676
2256: 1262,1465,40,3715
2257: 
4239: 3152,2090,291
2259: 3629,1286,3889,790
4069: 3094
2261: 
2262: 3965,280
4634: 1455,2908,4663
2264: 2899,1214
2265: 70,4133
2266: 3232,4118,66,1095,2442,1284
2267: 
2268: 3378,557
2269: 2396,2097,2083
4699: 4776,979
4535: 2144
2272: 2804,127,4214,3780
2273: 1089,233,3168,1846,3903
2274: 327
2275: 4530,4806,2409,2485
4142: 94,3103,4657
2277: 1891,308,494,300,3727
2278: 3907,2815
2279: 2455,2102
2280: 962,4238,832,3497
2281: 4060
2282: 700
4063: 1633
2284: 2536,4544
2285: 35
2286: 3519,435
2287: 1570,447
2288: 1902,1820
3856: 1230,2405,1558,2969
2290: 
2291: 487,1477
2292: 2385,3537,3137
4607: 595
2294: 
2295: 1514,2155,2193
2296: 3703,1512,113
2297: 3094,557
4312: 263,3929,1081
2299: 
2300: 2045
2301: 3062,3674
4621: 607,4593,3218,898,606
4352: 4679,2896,3024,2612
2304: 
4819: 2876,790,3848,2317,4054,1004,1017
2306: 1751,2500,3144
2307: 2026,3637,2573
2308: 4079,4246
2309: 1753,589
3915: 3388
3949: 
2312: 2343,1971,3719,2340
2313: 1981,4015
2314: 3385,638
2315: 331,3841,285,2816
2316: 1698,2863,3960
2317: 2876,4819,4054
2318: 1319,2101
2319: 2155,1646
2320: 147,925,1986
2321: 2554,3837,2239,794
2322: 
2323: 470,4777
2324: 1232,3585,4624,1866
4592: 4748
2326: 2781,1215,2074
2327: 1619,2608,2167
2328: 4642,2860,4792,2948
2329: 2958,2547,671
2330: 4602,2209,278
2331: 1237
2332: 
2333: 2034,2060
2334: 1806,1261,1120,494
2335: 
4362: 1914,1071,3403
2337: 2804,2889,2167,127
2338: 3091,312,3196
2339: 3318,3137,2421
2340: 4422,2312,1971,3434
3847: 
2342: 2038,3820,350,4811
2343: 2312,1971,3719,4753
2344: 4053,4001,835,760
2345: 2238
2346: 2404,4562,864,4707,811
2347: 1040,417,1275
2348: 3700,4814
2349: 
2350: 1738,2915
2351: 1898,1816,3979
2352: 2182
2353: 905,3829
2354: 2145,130
2355: 4167
2356: 754,4101,1833
2357: 1020,1526,4720,3083
2358: 2728,1826
2359: 1031,4214,4074
4407: 4447,1033,3163,4816
4095: 4210,3743
2362: 1485,2009,4800
4092: 279
2364: 921,1619,2245
4384: 4377,729
2366: 2010,2039
4405: 4075,2777
2368: 1268,3111,4600,1551,375,2210
2369: 4498
2370: 806,3961
4727: 558,3443,2989
2372: 973,4000
2373: 1737,814,1910,4260,3989
2374: 711,3910,3232
2375: 1872,4628,4506,691
2376: 3555
2377: 3548
2378: 4200,3557,2214,3803,1282
2379: 3512,3620,2592
2380: 
2381: 
2382: 1630
2383: 298,3120,4262,4513
2384: 
2385: 2292,3137,3481
2386: 409,1536,4763
2387: 
2388: 3459,3663,1089
2389: 
2390: 4109,2458,3788,4598,1294
2391: 1382,1941,217
2392: 1973,2823,4821
2393: 3065,247,1573
3886: 421,536,4377
2395: 2950
2396: 4657,3103,2269
3874: 2046
4261: 3779,1605,343,2978
2399: 1042,1609,911,1925,1859
4060: 2281
2401: 4121,2797,4369,838
2402: 3542
2403: 2889,2167,399,36,2608
2404: 2766,2346,1910,864,811
2405: 3108,1558,3856
2406: 3922,2864
4532: 3716,4818,3567,1678
2408: 77
2409: 4530,2275,4166
4801: 2529,3430,3749,1237,3382,3077
3894: 1517,2568,992
2412: 3269
2413: 946,2811,1050
2414: 2049,1005
4098: 2642,1953
2416: 
2417: 1492,4484,1775,2224
2418: 
2419: 4486,4350
3895: 3598,1580
2421: 2339,4396
2422: 965,615
3960: 2172,2316,434
2424: 4595,3551,976,3798
2425: 
2426: 1223
3944: 422,3541
2428: 1409,4692,2673
2429: 374
2430: 2686,3935,4357,1835
2431: 4217
2432: 2582,4027,968,3744
4600: 1268,2368,1551
4022: 
2435: 771,3828
2436: 33
4020: 4328,1221
2438: 
2439: 4093
2440: 8,850
2441: 3462,1268
2442: 1957,1284,2056,2266,4118,4518
4494: 3341,2962,1682,1404
2444: 
2445: 1565
2446: 970,1625,2042,2619
2447: 2774
2448: 4713,4052,4772
3882: 1794,1063,1747,100
2450: 1977
2451: 4260,2501,3989
2452: 
2453: 3540,1798,3491
2454: 388
2455: 2279,4074,2597
2456: 4276,4464,3109,3732
2457: 1885
2458: 2390,3788,4105,4701,4598
2459: 968,3481,408
2460: 2638,3762,312
2461: 2669,4746
4126: 1615
2463: 
4299: 
4271: 3368,4822,926
2466: 2095,3278,2631
2467: 2132,2625,3821,2912
4396: 3704,1302,2421
2469: 1811
4276: 2456,1503,4464,3109
4305: 2155,17
2472: 2808,2644
4696: 1977,2720
2474: 4517,2537,1901,4651,2043
4054: 1004,1017,4819,2317
4148: 1599,2874,628,4401,2772
2477: 2931,473
3860: 3392,3706,4447
4514: 1102,4340
2480: 3395
4745: 4679,3024
2482: 1429
2483: 2757,1438,1824,1760
3834: 2811,4795,3630,1150
2485: 4806,2275,592
2486: 3121
2487: 4291,3560,205,3584,1996
2488: 257,1970,4773
2489: 3145,2719
2490: 760,1529,1140
2491: 3521
2492: 836,1408,197,4216,4262,4513
4349: 4255,1228,1743
4450: 332,2919,4196
2495: 1471,2697,1146,4815
2496: 3001,3395
2497: 1854,2125
4342: 4237
2499: 
2500: 1751,2306,521,4597
2501: 2451,1392,3826
2502: 1631,4115,3373
2503: 4072,915,2744
4333: 
2505: 1572,3968,4793
4084: 3126
3890: 
2508: 3693
4597: 2500,521
2510: 4611,2795,908,2589
4814: 4504,1912,3832,430,3991,2348
2512: 1136,2941,459
2513: 1757
2514: 
2515: 1242,4114
2516: 1530
2517: 2030
2518: 1532,433,3510,3076
2519: 3429
2520: 4811,751
2521: 4742
2522: 35
4487: 
2524: 2842
4247: 
2526: 1060,4041,4723,843
4564: 4185,4006,1256,3455
2528: 2823,3372,3846,4821
2529: 4801,3382
2530: 4797
2531: 654,2616
2532: 3515
2533: 1754,3178,1268,3111
2534: 4087,75,3221
3831: 2852,2639,3547,1303
2536: 2284,4544,2968,2125
2537: 1259,2198,4646,2474
4779: 116,1744,977
2539: 4336,261
3988: 4792,2231,3413,4683
4757: 736,4774,293,259
4761: 4217,674,1167,917
2543: 315,2205
4646: 4668,2198,3342,2537
2545: 402,1933,2878,3499,2126
2546: 
2547: 2329
2548: 2719,3970,2034,1913
3948: 1498,1108,1970,3784,4588
2550: 3457,71,4788
4350: 4486,2419,1395
4139: 1802,708
2553: 3284,568,491
2554: 2321,514,3098
2555: 1817,4749
4341: 
2557: 1768,3815
2558: 1870,1575
3976: 2698,4443,1229,4805
4206: 3260,2172
2561: 2714,3763
2562: 390,4272,1496,2572
2563: 4198,107,586
2564: 
2565: 763,1047
2566: 3852,4295
2567: 
2568: 1491,3894,1517
2569: 
2570: 2877,4569,3693,4619,1042
2571: 584,576,4548,904,3800
2572: 930,2562,4272
2573: 2307,3637
4445: 4765,3486
2575: 788,706
2576: 3562,2750,598
2577: 3805
4697: 4440,4569
2579: 3498
2580: 1181
4367: 1348
2582: 2432,4027,3744,4090
2583: 4097
4822: 207,481,4271,972,926,4539
2585: 3817,4501,3914,1667
2586: 3916,1768
2587: 
2588: 2629,1739,1261
2589: 888,1448,2795,2510
2590: 972,2893
2591: 1158
2592: 4386,369,2379,4437
2593: 1725,3214,4497
2594: 
2595: 4674,3152
2596: 477,3343,3190,4720
2597: 2455
4105: 4729,4701,4598,2458
4796: 3962,4698,3350,3908,1090
2600: 4416,294,3545
2601: 
2602: 3276,4233
4059: 1344,3576
4567: 2178,1493,1891,308,1307,4140
2605: 3815,3180
2606: 3005,1234,3919,3366
2607: 978,2136,3732
2608: 1619,2327,4270,2167,2403
4027: 2432,2582,1532,3510
2610: 669,1996,3812
2611: 
2612: 3181,4718,4352
2613: 536,604,2953
3951: 182,4775,3623,354
2615: 473,2164,4434
2616: 4688,1685,2531
4090: 3744,2582,3510
3959: 1100,4135
2619: 1625,2446
2620: 4798,712,1545,694,146
3888: 3781,1864,1515
3864: 617
4226: 2098,4258
3952: 4461,4420
2625: 2467,2132,2647,1610
2626: 
2627: 2938,1168
4111: 4633,2761,901,1081
2629: 2588,1261,2699,2146
2630: 3251
2631: 2466,3278
4458: 
2633: 848,1464
2634: 1890,1701,311,1011
2635: 4209,685,4769
2636: 3233,2825
2637: 1786,138,3710
2638: 2460,3762,4437,1724,312
2639: 3547,3831
2640: 2020,2882,1417,302
3887: 1566,3367
2642: 4098,1081,2761
2643: 4752,1149,2675,1394
2644: 3788,2472,4109
2645: 3046,1823
2646: 484,4686,3374,1119,4596
2647: 4426,1663,2625
2648: 4309,4622,4512
2649: 2019,296,963,4254,3242
2650: 4201,624,3061
2651: 3130
2652: 1708,1066,1967
3883: 3654
2654: 3829,49,1793
2655: 4656,785
2656: 1140,2896,4278
2657: 4598
4279: 1929,1298
2659: 1496,2715
2660: 543,1011
2661: 220,686
2662: 3804,3707
2663: 114
2664: 1324,975,2181
2665: 4648,1044,2737
2666: 3222,3206,4786
2667: 3041
4211: 1161,3188,2888
2669: 2461,4746,3512
2670: 1738,3881,1732
4237: 4342,4774,4338
3828: 488,2435,3059
2673: 370,2428
4298: 1376,1255
2675: 4752,2643,1394
2676: 1621,1036
2677: 2757,1434,3824
2678: 611,3575,4820
4000: 3625,2372,973
2680: 
4255: 567,4349,4702
4071: 2919,956,26,1185,332
4735: 2088,193
2684: 
2685: 1219,1318
2686: 2430,4357,3358,4440
2687: 4762
2688: 652,1948,3074
2689: 2096,1774,4441
3992: 667,1552
4611: 2510,3377
2692: 1362,260,3806,4189
2693: 2893,4553,1829
2694: 
2695: 3530,4385
2696: 1224
2697: 2495,586,300,1146,4815
2698: 3976,2114,4443
2699: 3405,2629,2146,4308
2700: 1444,341
2701: 4296
2702: 2958,3851,1157
2703: 4807
2704: 1658,3463
4754: 412
4144: 2112,3181,436
4506: 1872,2375
4640: 459,338
2709: 241,1369,2819
2710: 4785,4296
2711: 3928,807
2712: 2061,3036,3112,622
2713: 2243
2714: 2561,708
2715: 4285,4128,930,2659
2716: 2947,806,1709
4038: 2771,319,1412,573
2718: 3505,158,1668
2719: 2548,3970,2489,3145,1913
2720: 831,4696
2721: 2044
4281: 
2723: 
2724: 2788,877,652
2725: 4037,3558,1314
4752: 2643,1149,2675
2727: 1035
2728: 2358,3810,4704
2729: 1653
2730: 1706,3737,4180,474
2731: 548
2732: 1052
2733: 3332,353
2734: 2230,3480
2735: 525,3835
2736: 3451
2737: 1044,1855,4648,2665
2738: 1160,3117
2739: 
2740: 2924,3684,4764
2741: 2067,2149
2742: 3187
2743: 267,4136
2744: 2199,4488,2503
2745: 1392,4798,3064,3826
2746: 1723,754,4470,3645
4517: 4685,2474,1901,2071,2043
2748: 3349,4391,456
2749: 
2750: 3562,2576,3245,1956
4746: 2169,2461,2669
2752: 4113,3593,1701
2753: 3240,1192,1767,439,4149,1064
2754: 4388,4787,1950
2755: 3712
2756: 2826,791
2757: 2677,2483,1434,3824,242
2758: 2130,4103,4526,4708
2759: 498,3626
2760: 2146,1198
2761: 4633,4111,2642,1081,4608
4483: 3482,35
2763: 1187
2764: 1321,271,1003,1169
2765: 1624,1428,3764
2766: 2404,4200,864,1737
4079: 2308,1778
2768: 3515
4807: 3661,2703,2239,794,3892
2770: 1002
2771: 77,4038,319
2772: 4401,4148
4295: 2566,783
2774: 2447,2957
2775: 
2776: 3569,2924
2777: 3344,4075,4405
2778: 190,3859,3456
2779: 
2780: 3662
2781: 4345,2326,3581
2782: 
2783: 3160,3901
2784: 
2785: 601,3802,3036
3911: 4463,1079,3639
4468: 4498
2788: 2724,344,730
2789: 4767,160,387
2790: 996,1652
2791: 
2792: 3610,1455,3514
2793: 2135,2858,848
3854: 444,567
2795: 908,2589,2510
2796: 537
2797: 4121,2401,3607,3195,1684,518
2798: 524,2942
2799: 
2800: 4794,3258,3969,1531
2801: 
4285: 2715
2803: 4492,2158,3932
2804: 2337,2272,127
2805: 1131
2806: 1908,3647,4599
4524: 1106,2101
2808: 2472
2809: 3096,1829,3569
2810: 1909,4776,1454
2811: 3834,4795,2413,1050
2812: 4476,4481,4602,4496
2813: 3955,4172,3170
2814: 3341,795,1018
2815: 1082,1969,2278
2816: 2315
2817: 2108,3640,3088,3657
4645: 585
2819: 232,4322,2709,241
2820: 3484,3438,1679
4326: 416
2822: 3217
2823: 3372,2528,2392,4821
2824: 813,4423
2825: 2636
2826: 2756,138
2827: 4635,3317,1078,4728
2828: 3352,1771
4196: 1419,332,4450
2830: 
2831: 1065,3958
3914: 3817,2585,2996
4420: 4170,3079,3952,709
2834: 
2835: 1257,2917,4650
3881: 1836,528,2670
2837: 998,4511
2838: 47,4167,4474
4569: 2877,2570,4697
3817: 2585,592,3914
2841: 3583,515,2961
2842: 2524
4791: 3647,735,4067,2149
2844: 4088
3989: 2373,4260,2451
2846: 650
2847: 1782
2848: 184,1037
3849: 4180,81,150
2850: 1927,3044,942,933
2851: 1493,1927,4140,1575
2852: 3831
2853: 289,1943,177,3230,678,1240
2854: 1181,1406,1816,4256
2855: 3182,3977
4806: 601,2275,2485
2857: 305,1583,1022,4766
2858: 2793,848
2859: 
2860: 2138,1713,4792,2328
2861: 2986
2862: 
2863: 3665,2316,1698
2864: 3245,2406,3983,987
2865: 2215
4434: 1879,2615
2867: 3865
2868: 987,1991,4575
2869: 2949
2870: 
2871: 447,922
2872: 3792,2175
2873: 1565,3880
2874: 1599,2161,4148,4401,3591,3611
2875: 
2876: 133,790,3889,4819,2317
2877: 4569,2570,1042,1859
2878: 1985,904,3800,2545
4676: 
2880: 4658,297
4190: 4566,696
2882: 1417,2640
2883: 3580,1569,4166
2884: 3239
2885: 3802
2886: 2170
4587: 3754,3957,111,4049,865
2888: 4161,3785,4211
2889: 2167,2403,399,1008,2337
2890: 1502,3166,32,890
3991: 430,4814,2066
2892: 878,4698,978,4626
2893: 2693,2590,4553,3244
2894: 3098,1519,923
2895: 4066
2896: 4679,4352,2656
4812: 1094,4581,1082
4203: 3963
2899: 1214,2264
4448: 
2901: 
2902: 3721
2903: 3626,4747,916
3912: 578,505
4145: 4168,1196
2906: 4813,104
4157: 1234,4823
2908: 3981,4634,4663
2909: 3035,1033,2176
4348: 4799
2911: 3040,4809,3193
2912: 3821,4800,432,2467
2913: 175
2914: 1153
2915: 956,2350,26
2916: 
2917: 2835,4306,32
4760: 1639,3677,2208
2919: 4071,332,4450
4663: 4634,2908,3610
2921: 
2922: 3136,1933,871
2923: 1592
2924: 3684,2740,2776
2925: 1892,3739
2926: 3314
2927: 1347
2928: 89,189,913,4102
2929: 2228
2930: 3449,1924
2931: 473,2477
2932: 4210,1260,4365
2933: 1337,4179
4444: 1883,3105,1562,1419
4067: 811,4224,4791
2936: 67,3993,2993,3853
2937: 3456,190,1297,1195,4187
2938: 729,2627,1168
2939: 93,1828,3321,3344
4088: 2844
2941: 2512,459
2942: 524,2798
4376: 992,997,4818,3490
2944: 
4797: 4525,2099,2530
2946: 
2947: 2716,1220,876
2948: 4086,4792,4642,2328
2949: 2869,4424
2950: 2058,2395
4583: 4650
4734: 935,752,4705,3488
2953: 4015,1431,604,2613
4117: 1466
2955: 221,4339
2956: 3752
2957: 3599,2774
2958: 2329,2702
2959: 2990,3314,1074,1957,2056
4275: 1852,4790
2961: 4046,515,3917,2841,4775
2962: 3687,1203,4494,1682
2963: 
2964: 1143,4776,804
4557: 4571
2966: 
2967: 1157,1618
2968: 1499,2125,2536
2969: 3016,1558,3856
4230: 1801
2971: 4220,60,202
2972: 3332,353,1921
2973: 
4413: 4767,408
4246: 3802,2308
2976: 743
2977: 1326,1947,1545
2978: 1281,534,1605,4261
4815: 1016,4457,52,2495,1471,2697,1146,3708,4002,3102
2980: 
4344: 
2982: 1774,960,3398
2983: 4620
2984: 1332
2985: 2052,3983
2986: 2861,268
4660: 3893,4083
2988: 
2989: 3443,3922,4727
2990: 2959,3314,723,1957
2991: 3432,1218,3393,1735
2992: 940
2993: 3993,3134,2936
2994: 1612,2066,342
2995: 143
2996: 1533,919,1422,3914
2997: 1400,1126,226,3229
2998: 
2999: 4254
3979: 2351,16,1639
3001: 2496,4003
3002: 1145,1556
3003: 4378,2236,758
3004: 
3005: 2606,3919,776,3751,1461
3006: 3859,3456,3403,3069,1776
3007: 
3008: 
3820: 350,3061,2342,4811
4609: 1456,4266,1131
3873: 3115,36,673,2051
3012: 80,3702,2080,4775,859
4541: 495,3085,3332
3014: 1072,1081,3929,4655
3965: 2262
3016: 2969,12
3984: 1379
3018: 3369,1932,181,302
3019: 3316,306
4135: 1662,857,3959
3021: 3573
4400: 
3023: 4500,896,4422
3024: 1219,4352,4745
3935: 2430,2002
3026: 
4695: 3789
4614: 3466,2222,810,1041
4782: 
3030: 4788,3671
3031: 
3969: 4232,3258,2800,1531
4212: 
3034: 
3035: 22,2909,1033
3036: 2061,2712,2785
4216: 2492,197
3038: 4635,3211
3039: 4136
3040: 2911,1328,3884,778,3193
3041: 2667
3042: 4147,1174,1516,3351
3043: 
3044: 942,290,4724,2850
3045: 162,377
3046: 2645
4454: 934,3838
3048: 3620
3049: 1691,995
4630: 4169,1525,3205
3051: 908,1067,1998
3052: 4397,3725,2029,3090
3053: 
3054: 
3055: 980
4707: 1735,1005,4562,864,2346
3057: 1291,51,4739,1439
3058: 3772
3059: 3828
3060: 979,1421
3061: 3820,350,2650,4201
3062: 2301
3063: 662,3446
3064: 3826,2745
3065: 2393,1573
3066: 2024,3962,3492,705,974
4409: 188
3068: 730,3176
3069: 1071,3403,3447,3006,3456,4671
3070: 3096,4764
3071: 4072,1316
3072: 959
4613: 1421,90,1179,602
3074: 1948,652,2688
3075: 764,347,1463
3076: 938,2518,3252
3077: 3382,4801,4419,745
3078: 4553
3079: 2003,4816,4420,4170,709
3836: 421,1522
3081: 1862,1598,282
3082: 
3083: 1020,2357
3084: 1697
3085: 495,313,4541
4315: 1746,432,1663
3087: 1562
3088: 2100,2249,3640,2817,3657
4447: 4407,3860,3471
3090: 4004,2029,4563,3052
3091: 1696,2338
3092: 
3093: 4502
3094: 2297,557,4069
4762: 3509,683,676,2687
3096: 2809,1400,3070
3097: 3204,3422,1511
3098: 514,3862,2554,2894
4703: 727
3100: 4065,1469,3533
3101: 3384
3102: 971,3328,4457,4815
3103: 4142,4657,2396
3104: 3790,1039,4314
3105: 1883,4444,134
3106: 1560
3931: 2142,844
3108: 2405,1202,1558
3109: 4464,2456,4276,3485,3732
4047: 2026,2063
3111: 1268,2368,2533,3178
3112: 2712
3113: 4124
3114: 1245,1021
3115: 3873,2051
3116: 4340,909
3117: 3238,2738,1160,4202
4151: 
3119: 
3120: 298,2383
3121: 2486
3122: 881,3207,1283
3123: 
4701: 4105,4729,4546,3222,3788,2458
3125: 369,61,125
3126: 4084
4292: 2156,356
4147: 3042,1990,1528
3129: 
3130: 1976,2651
4127: 3421
4042: 1461,776
3133: 
3134: 2993,430,3700
4204: 2228
3136: 2922,1933,99
3137: 2339,2385,2292
3138: 77,319,229
3907: 2278,4545
3140: 84
4790: 1852,4275,463,1210,1320
4542: 1095,3524
4731: 41,3631
3144: 4213,3294,3493,2306
3145: 4475,4552,2489,2719,3970
3146: 700,1773
4146: 
3148: 3476
4233: 1560,2602
4604: 2196,2088,929
4706: 
3152: 4239,2090,2595
3866: 1360
4605: 4649,3298
3155: 2108,3777,891,4589
3156: 4538
3157: 
3158: 3208,3552,3803,2221,4403,4798
3159: 3362,291,1983
3160: 2783,1248
3161: 4389
3977: 3537,2855,3182
3163: 489,4407,4816
3164: 4667,1266
3165: 1137,805
3166: 2890,32,1951
3167: 
3168: 233,1846,2273
3169: 1240,3601,4479,1715,3964
3170: 2813,4143
3171: 3975,935,2191,144,4705
4472: 
3932: 2803,2158,1646
4296: 2710,4785,2701
3175: 349,1791,2055,4575,3261
3176: 3768,3068
3177: 2096
3178: 1754,2533,3111,1905
3179: 
3180: 443,2605
3181: 2612,4144
3182: 2855,3977,815,746
4214: 127,2272,2359
3184: 709,1276
3185: 419,1704,4416
3186: 827,1675
3187: 2742
3188: 568,1161,4211,1375
3189: 1246,2072,426
3190: 1526,4720,2596,1216,12
3191: 3775,1679,643,1432,3746
3192: 3730,575
3193: 3537,2911,3040,1328
3194: 
3195: 1023,2797,3607
3196: 312,2338
3197: 
3943: 
3199: 723,1515,1647,4574,989
3200: 1062,4665
3201: 4170,270,965,4085
3202: 1141,1181,1406
4232: 3258,3969
3204: 3097,3422,1856,1926
3205: 2052,4630,3322
3206: 4704,1097,2666
3207: 4192,1283,3122
3208: 3158,3552,4798,1392
3209: 122,3753,614,97
3210: 929
3211: 683,4635,3038,3509
3212: 3506,3920
3213: 4778
3214: 2593,1725,103,1148
3215: 4119
3216: 3347,675,964
3217: 2110,2822
3218: 898,168,607,4621
3219: 
3220: 3515,1429
3221: 75,2534
3222: 4546,2666,4786,4701
3223: 
3224: 497,3633
3225: 1949
3226: 163,3494,919
3227: 3714
3228: 4131,509,3639
3229: 3244,2997,226
3230: 4616,2129,289,2853,678
4391: 3349,2748,456,4165
3232: 2266,4118,1095,711,2374,292
3233: 2636,4455
3234: 1709
3901: 3526,2783,1504
4426: 2647,1610,1663
3237: 1681,1159
3238: 3117,1914
3239: 136,2884
3240: 1170,2753,1192,1064
4818: 3567,1678,4532,1491,4330,4376,997,1824,1760
3242: 4254,296,2649
3243: 1053,1689
3244: 3229,2893
3245: 2864,2750,1935,1956
3246: 
4423: 1837,2824,813
4747: 498,3626,2903,4311
3249: 
3250: 2076,836,1408
3251: 2630,457
3252: 1254,433,3076,1352
3253: 3408,4406
3254: 2083,2097
3255: 3289
3256: 
3257: 
3258: 4232,3969,2800
3259: 4334,91,438
3260: 4206,2172
3261: 1991,4575,4477,3175,1791,4421
3262: 412,3980
3263: 3513,2150,2012
4437: 3620,2638,4386,2592,1724
4359: 4156,1766
3266: 581,917,91
4075: 2777,1013,4405
3268: 941,4019,503
3269: 2412,1490
4769: 2635,111
3271: 1486,816
3272: 3617,1070
4642: 2328,683,2948
3274: 4040,253
3275: 827,2253,3835
3276: 2602
3277: 4032
3278: 2466,2631,1561
3279: 3972,4571
3280: 3408,3298,3617,1632
4471: 528,643,1738,3746
3282: 
4713: 3389,2448,4772
3284: 2553,491,4766
4669: 159,2183
3286: 
4719: 1526
3288: 
3289: 3255,2218
3290: 89,189,3777
4551: 16,1145
3292: 55
3293: 1370
3294: 1243,3144
3295: 1703
4488: 2199,1888,2744,3415
3297: 1032,4243
3298: 3408,4605,4649,3280
4738: 1543,1512
3300: 1578,2067,1560,187
3301: 27,4123
3302: 4045
3303: 
3304: 1576,1142
3305: 4495
4552: 3145,804,3970
4097: 2583,1425
3308: 4347,4728,340,1078
4406: 1175,1086,3253
3878: 1878,1662
3311: 119
3312: 48,4505,460
3313: 4670
3314: 2990,2959,2926
4740: 2098,1486
3316: 3019,3946
3317: 4635,2827,4728
3318: 1302,2339,1288
3319: 894,4213
3320: 4520
3321: 2065,3344,2939
3322: 792,3205
4236: 2012,793
3324: 1135,2166
3934: 4334,263
3326: 
3327: 71
3328: 971,3102,3760
4412: 357
3330: 1710
4116: 3451,4051,1313
3332: 2733,4541,2972
4164: 
4167: 2838,2355,3431,4474
3335: 
4533: 2183
4694: 218,955,3
3338: 
3339: 1604,4576,4390,511,1034
3340: 539
3341: 4494,2814,1018
3342: 4031,4646,4668,656
3343: 2596
3344: 2777,3321,2939
3345: 3505
4742: 4571,3379,2521
3347: 3216,1944,4100
4386: 369,2592,1724,4437,61
3349: 4391,2748,3766,2191
3350: 4698,4796
3351: 1516,1341,2115,3042,1174
3352: 4808,2828
3353: 1943,177,3612,414,3601,1715
3354: 
4078: 4580,2186,2229,1540
3356: 3440
3357: 415
3358: 2102,3830,2686,4357
4058: 2177,1763,46
3360: 1467,3810
4536: 1980,3484
3362: 291,3159
3363: 1834,1890,1777,4113
3364: 
3365: 1030
3366: 4714,2606,3919
3367: 3887
3368: 4271,1882
3369: 3018,3809,1932,4789
3370: 1229,4805,688,337
3371: 2141
3372: 2823,2528,417,3846,4821
3373: 1782,2502,4115
3374: 1119,3480,939,4686,2646,131
3375: 
3376: 2220,401
3377: 3476,4611,1141
3378: 2268
3379: 2189,1164,4742
4687: 1035
3381: 882
3382: 3077,4801,2529,2086
3916: 2586
3384: 3101
3385: 2314
4714: 3366,1352,4289,4456
3387: 
3388: 3915
3389: 4713,4584,3448,88
4213: 894,3144,3493,3319
3391: 1324,4623
3392: 3860,1999
3393: 1218,4558,599,2991
3394: 141,521,529
3395: 2480,2496
3396: 1348
3397: 
3398: 2982
3399: 4772
4291: 2487,669
3401: 
3402: 1036
3403: 1071,3069,4362,1776,3006
3937: 
3405: 2699,954,1451
3406: 749
4755: 
3408: 3253,3298,3280,486
3409: 3630,4795
3410: 110,1182,4768
3411: 1572,1584,4793,3584
3412: 3899,455
3413: 2231,4643,3988,4122
4606: 3624
3415: 1888,4488,3667
3416: 1169,991,482,146,808
3417: 217,1431,3987
3418: 4489,3588
3419: 982,1865,1978
3420: 422,3541,1390
3421: 4127
3422: 3097,3204,1968
4149: 1064,2753
3424: 3747
3425: 
4750: 4184,859,624
3427: 
3428: 
3429: 703,2519
3430: 4801
3431: 1997,4167
3432: 2991,1735
3433: 3672,1364
3434: 1053,2340,4422
3435: 394
4256: 2854,1127,4064
4816: 460,3163,4407,270,4505,4170,3079,2003
3438: 1441,2820,1712
4598: 4105,2390,2458,2657
3440: 1028,3356
3441: 
3442: 
3443: 3922,2989,4727,551,598
3444: 2,4555
3445: 731
3446: 3063
3447: 1688,1071,689,3069
3448: 4584,1590,3389,88
3449: 2930,1924
3450: 
3451: 875,4116,2736,4051
4603: 3603,507
3453: 4269
3861: 
3455: 3486,4185,4564
3456: 3006,3069,2937,2778,190
3457: 535,71,2550,4788
3941: 3543,4381
3459: 2388,3663
3460: 1319,1642
3461: 2230,4589,9
3462: 2441,1313
3463: 2704
4578: 4617,615,3981,2110
3465: 1874,1398,1999
3466: 4614,2222,810
3467: 
3468: 3715,4252,1226
3469: 400
3470: 3534,1080
3471: 4447,1033,22
3472: 4031
3473: 303,357
3474: 3623,558
3475: 952,4242,1104,4803
3476: 3377,3148
4821: 1449,2823,3372,2528,2392,1973,3714,673
3848: 4819
3479: 3844,4218
3480: 3374,1119,3964,2734,2230
3481: 2385,2459
3482: 4483,35
4379: 395,3683,549
3484: 2820,365,4536
3485: 4464,3109,2229
3486: 3455,4185,4445
3487: 4270,2004,1289,927
3488: 1980,4734,4705
3489: 1025,1454,3664
3490: 4300,4376,992
3491: 3743,1798,2453
3492: 705,2024,3066
3493: 4213,3144
3494: 4036,1422,3226,919
4758: 1613,4009
3496: 1019,3972
3497: 144,832,2280
3498: 2579
3499: 2126,4005,511,2545
4478: 
4375: 1752,4138
3502: 1740,1344,4500
3503: 1208
3504: 3998
3505: 2718,3345,3624
3506: 3212,3920,1332
4459: 1310,704
3508: 4274
3509: 4762,3211,683
3510: 1629,4027,4090,1532,2518
3511: 750
3512: 2379,2669
3513: 3263,3906,2012,793
3514: 936,4369,2037,2792,4121
3515: 3220,2768,2532
3516: 3900
3517: 4012,4267
4388: 2754,4787
3519: 435,2286
3520: 1517,3597
3521: 2040,2491,59
3522: 668,4794,4150
3523: 744,4032,866
3524: 4339,4542
3525: 817,748
3526: 3901,455
3527: 976
3528: 
3529: 
3530: 2106,3982,86,2695
3531: 344,3869
3532: 395,629
3533: 384,3100
3534: 2068,3470,4616,289
3535: 
3536: 4503
3537: 3193,3977,2292
4327: 4173,4300,3558
3539: 4215,791
3540: 2453,1798
3541: 3944,422,3420
3542: 2402,1210,1963
3543: 2213,4381,3941
3544: 512,753,3880
3545: 4724,3546,294,4416,2600
3546: 3545,4724
3547: 2639,3831,1303
3548: 982,2377
3549: 
3921: 
3551: 4595,2424,3798
3552: 3208,3158,4798,1392
3843: 
3554: 
3555: 2376
4440: 3830,4697,2686
3557: 4200,2378,1270
3558: 4327,4173,2725
3559: 4596,484
3560: 205,1593,3584,2487
4668: 4646,3342,656
3562: 2576,2750,598
3869: 3531
3564: 2088,2237,3902
3565: 1321,1954
3566: 169
3567: 4818,1678,4532,1438,4330,1760
3568: 4804
3569: 2776,2809,1829
4431: 4382,4087
3571: 675
3572: 
3573: 1825,3021
4316: 404,1012,4003
3575: 4311,1122,4820,2678
3576: 155,1344,4059
3577: 3980,1873
3578: 2176,1253,1458,4061
3920: 3506,3212,448,1332
3580: 2883,13,532,1770
3581: 4556,252,2781,4345,4811
3582: 366,1794,1063,1972
3583: 2841,529
3584: 3560,1584,3411,2487
3585: 1232,2324,1612
3586: 1250,647
3587: 2048,438,4554,3603
3588: 4489,3418,666
3589: 
3590: 4610,4411
3591: 4401,851,2161,2874,3611
3592: 1506,1351,2170
3593: 4113,2752,3968
4803: 419,1104,952,3475,3769,4351
3926: 4648,487,1437
4385: 3829,2695,1206
3597: 3520
3598: 3895
3599: 2957
3964: 4479,939,3169,3480
3601: 1240,3169,3353,1943,1715
3602: 1517
3603: 4554,4603,34,3587,121
4002: 3708,1471,1016,4815
3605: 542,2218
3606: 1298,1544
3607: 4121,2797,3195
3859: 3006,1776,2778
3609: 4066,4809,184
3610: 2792,1325,4663,2037,1484
3611: 3956,2161,2874,3591,1855
3612: 1475,414,289,3353,177
3975: 935,3171,962,3734,144
3614: 4307,1537
3615: 
3616: 1969,1115
3617: 3272,1632,3280,1070
3618: 2131,4496,1498,1108,466
4582: 
3620: 4437,3048,2379
3621: 4160,2029,1594,854,321
3622: 
3623: 354,551,437,3474,3951,4775
3624: 4606,3505
3625: 4000,1424
3626: 498,4747,2759,2903
3627: 988
4101: 2044,1508,2356
3629: 4392,2259,790
3630: 148,3409,3834,4795,2035,1150
3631: 1480,940,4731,4439
3632: 795
3633: 3224,497
3634: 842
3635: 
4673: 1964,4808
3637: 2307,175,2573
3638: 
3639: 3911,3228,3980
3640: 2108,2817,3088,2249
4003: 1012,4316,3001
4546: 3222,3788,4701
3643: 883
4508: 
3645: 4470,754,2746
3646: 1985,1952,913,576,4102
3647: 4791,1908,2806
3648: 
3649: 1944,4100,624
3650: 173,1722,3722
3651: 
3652: 
4770: 2182
3654: 3883
3867: 
3656: 1130,1899
3657: 9,2817,2100,3088
3658: 
3659: 1231
4688: 1685,2616,1374,4765
3661: 4807
3662: 2780
3663: 3459,2388,1089
3664: 3489,1025
3665: 2863,392
3666: 318
3667: 3827,1888,3415,2128
4462: 2216,278,3771
3669: 
4199: 2157,259,1983
3671: 4788,3030
3672: 3433
3673: 
3674: 2207,2301,188
3939: 1767,4711,1875
3676: 2255
3677: 4760,1591
3678: 
3679: 
4619: 3693,2570
3681: 1618,3704,411
3682: 1770,13,922,1987
3683: 4379
3684: 2924,2740,566,4764,713
3685: 4128,9,3795
3686: 641
3687: 1203,2962
3688: 
3689: 
3690: 699,156
3691: 1474,1975,4019
3692: 4672,4793
3693: 4619,2508,2570
4263: 1180,255,974
3695: 
3696: 1530,1843
4692: 1409,2428
4588: 213,3948,257,1970
3699: 
3700: 2348,3134
4751: 1965
3702: 2080,3012,859
3703: 2296
3704: 3681,4396,411
3954: 
3706: 468,3860
3707: 2662
3708: 4002,1016,4815,584,1742
3709: 1613
3710: 138,1295,2637
3711: 
3712: 3821,4800,1916,2755
3713: 
3714: 4821,3227
3715: 1567,4252,3468,2256,1465
3716: 4532,1678
3717: 
3718: 
3719: 2343,2312
3720: 883,3884,778
3721: 2902
3722: 173,3650,1980
3723: 456,4165,3910,1441
3724: 3738
3725: 4397,3052
3821: 3712,4800,2912,2467
3727: 1307,1870,1891,2277,300
4635: 2827,3317,3211,3038
3729: 
3730: 445,575,3192
3731: 1458,1636,4313
3732: 2136,2456,3109,2607
3733: 1770,1570,532
3734: 4725,1762,962,3975
4800: 3712,3821,2912,432,2009,1485,2362,1916
4435: 
3737: 2730
3738: 413,3724,2
3739: 2925
4156: 4359
3741: 1309,1391,575
3742: 1623
3743: 1798,3491,4081,4095
3744: 4090,968,2432,2582
4620: 2983
3746: 1432,4471,3191
3747: 3424,197
3748: 
3749: 1237,765,4801
3750: 766,99,1034,1604,4726
3751: 776,3005
3752: 2956
3753: 614,2005,122,3209
3754: 4587,111,4049,4534
3897: 4591
4574: 4339,1647,3199,989
3757: 
4251: 233,206,4809
4274: 3508,739,69
3760: 971,3328,2068,4616,2129
3870: 268,717,1879,1106
3762: 2460,2638
3763: 2561,952
3764: 1428,2765,1624,4624
3765: 3905,311
3766: 2191,3349
4200: 2378,3557,1737,2766
3768: 1904,3176
3769: 507,4803,4351
4497: 2593
3771: 1965,517,4462
3772: 3058
3773: 
4401: 851,2772,3591,4148,2874
3775: 3191,1679,1712
4085: 965,3201
3777: 678,3290,3155
3778: 1897
3779: 367,1605,4261
3780: 40,2272
3781: 1528,2128,3888,1515
4218: 1289,927,3479,1090
3783: 2154
3784: 1638,1108,3948,466
3785: 1507,2888,1637,1556
4180: 3849,1706,2730
4173: 4327,3558,4504
3788: 2644,4546,4701,2390,4109,2458
3789: 4695
3790: 1039,1552,4314,1260,3104
3791: 
3792: 414,2872,2175
4513: 4262,2492,2383
3794: 1806,1739,1120
3795: 1677,2140,3685
4704: 1097,2728,3206,4786
3797: 
3798: 976,3551,2424
3799: 4309,163,1541,1382
3800: 904,2571,576,1985,2878
3801: 1848,4823
3802: 4246,2885,2785
3803: 1282,2221,2378,3158
3804: 2662
3805: 2577
3806: 2692
4531: 373,695
3808: 570
3809: 3369,4789,1554
3810: 993,3360,2728
3811: 954
3812: 3953,2610
3813: 
4161: 1074,2056,2888
3815: 2557,2605