0: 3577,4371,739,2865
1: 3540,3277,2345,3916
2: 3089
3: 571,3099
4: 266,3634
5: 1972,1620
6: 1128
7: 3912,2557,241,2349
8: 1776
9: 3252,2212,3979,1449,1906
10: 4141,4535
11: 1230,3068,1822,4308
12: 4805,2600,3169,1895,1240,4390,4102
13: 4667,1257,436,2871,2336,2761
14: 4405,837,3514,2204
15: 1791,1991,3107,4795
16: 1726,1391
17: 664,3250,1683,738
18: 1819,2125,4163,1395
19: 3242,3289,3705,2559
4334: 4351,1112,4680,1780,1228
4820: 592,995,4352,3029,73
22: 3968,4596,3830
23: 4816
24: 512,348
25: 594,1877,2746,2411
26: 2526,2771,3938,4369
4624: 4550,505,3486,3368
4800: 2742,4267,2295,2036
29: 
30: 4115,3399
31: 770,2061,1617
32: 4404,2085,2487
33: 917,1045,3374,816,3470,3266,494
4767: 1037,2321,1332,4770,1026
35: 4794,3001,1839
36: 4225,1533,3799
37: 4387,2173,3381
38: 2098,3959
39: 
40: 58,3071,1972,3608,3583,1284
41: 1297,2751,2949
42: 1224,3978,4287
43: 759
44: 1233
45: 2781,745
46: 394,835,603,4722
4592: 645,831,1525
48: 3626,1981,4093,1499
49: 750,473,1632,3405
50: 518,839
51: 
4591: 632,446,1712,3200,317
53: 134,3209,4209
4341: 4381,1518,4221,3756,1288
55: 4803,1112,726
56: 
57: 3758,1436,1528,3497,3322,529
58: 3339,3071,40,4116,1972
59: 2398,3034
60: 2295,1796,2036
61: 1953
62: 1984,2699,117,1773
4773: 4526,4619,3669,3674,732
64: 4109,2595,623
65: 1862,3839,4518
66: 3314,4637,4209,2306
67: 2111,4181,1798,1402
68: 1884,3759,1450,4739,4118
69: 1659,3879,4634,4106,643
70: 3961
71: 1373,4223,3986,3677
4380: 2513
73: 3029,4820
74: 592,523,4776
75: 4065,740
76: 3137,2578
4668: 868,2722,1376,2280,4586,3923
4721: 1964,963
79: 1342,805
80: 149
4609: 606,3604,366,1660,4142
82: 4593,3426,271,4707,4503
83: 3526
84: 4264
85: 1925,2258,407,2659,3639,4804,4577
86: 1216,4774,4408,1945,2257
87: 291
88: 854,3629,1662,2436,3255,2824
89: 2736,4196,4391,2958
90: 1964,963
4709: 4559,4239,2596,4055
92: 2432,3168,2273
93: 435,753,2701,1360
94: 3441,934
95: 3123
96: 
4640: 198,3582,1567
98: 2115,1741
99: 1993,1016,1198,3800,939,1600
100: 1733,4562,2284,4440
101: 2773,3259,2293
4468: 1320,1399,3753
103: 3194,1820,4819
104: 
105: 3587,3648
106: 1790,2367,1154
107: 685,289,2013
108: 3897,4538,1871,3636
109: 4387,959,2588
110: 2126,493,3297,365
111: 3854,1482,4308,344,3428
112: 2285,3633,4286,1363,2933,1578
113: 2000,4701,352,3273,3269
114: 1759
115: 
116: 1197,4119
117: 2020,2699,1330,62
118: 1830,951
119: 3684,4716,4194,398
120: 4452,3326
121: 4352,2288,523,1705
122: 3720,791,152,4781
123: 3285,4401,3108,3225
4365: 1709,1400
125: 3842,4768,1011,4741,4622
126: 4652,612
4652: 238,126
128: 248,4026
129: 4546,721
130: 3532,2141,4422,3148,3131
4811: 3062,396,2586
132: 
133: 243
134: 53,671,3460
135: 3855,3836,943,3975
136: 2018,3713,2333
137: 3022,483
138: 434,2992
139: 
140: 2114,2452,4469,1914
141: 203,2221,3462,2315
4661: 1107,1129
143: 1556,2203,1351,182
144: 3669,1262,1145,4263
145: 717,2032,4508
146: 662,3880
147: 4124,3963
148: 2708
149: 1908,80,2107
150: 2706,4325,4318,4289,3243
151: 797
152: 3318,1805,2402,122
153: 1879,2697
154: 4026,4012,4396
155: 3209,4209,2306,2770
4683: 4607,4720,2165,1054
157: 1794,1957,3755,1063,292
158: 
159: 3015,1462,1160
160: 3051,1205,1563
161: 718,894,2342,961
4511: 
163: 769,2419,4188,1079
164: 3729,2380
165: 1329,264,2439
166: 2636,4637,1783,1127
167: 4700,4496,2804,1706
168: 2966,1839,4129
169: 3652,3688
170: 182,1352,707
171: 999,2248,4317
172: 4577,1434,2723,2002
173: 2918
174: 3105,2820,2540,3583,3737
175: 3869,1477,3101,1514
176: 
177: 4280,1034,4475,1354
178: 
179: 1244,661
180: 
181: 3240
182: 170,143,707
183: 1998,3042,1076,4003,3232
184: 1173
185: 1901,2236
186: 2145,2807,1334,792
4776: 672,3448,2022,74,995
188: 365,4360,3771,2216
4684: 3696,3036
190: 3727,618,3370,3697
191: 3402,644
192: 4500,1812
193: 4105
194: 
195: 3555,2025,718,894
196: 3984,2945,542
197: 
198: 3347,4640,3582,4207,956
199: 1108
200: 588,1475,3878,1388
201: 4404,3549
202: 2341,2481,4413,3563,3307
203: 141,2221
4598: 3305,3929
205: 3032,3739,2900
206: 2281
4405: 14,2204,3732,3331
208: 1847
209: 1025,4257
210: 565,1223,4134
211: 
212: 4775,3581,284,1487
213: 4371,739,2813,2823
214: 1888,4048,4451,3499,4101
4651: 843,3936,3188,3464
4483: 4114,2244
217: 2535,4252,677,1022,3754
218: 2625
219: 4139,2682,323,3343
220: 1601
221: 4616,3881,677
222: 862,4052,1439,249
223: 228,4063,338,489
224: 1296,3002,2582,4790
225: 1735,383,3422,356
4606: 3907,771
227: 1028,742,1618,3447
228: 4583,2761,223,338
229: 3471,2627,2229,2277,1919
230: 4392,1370,2737,4474
231: 
232: 4344,4276,1411,1133,4822
233: 
234: 3180,1404,274
235: 4685,4750,1030
236: 2234,2634,1724
237: 2025,2989,284,3996,4775
238: 4652
239: 1375,3102,2298,2230
240: 
241: 431,7,2349
242: 1484,3017,4584,1678
243: 4340,1921,133
244: 2229,3822,1919,4272
4512: 2022,4435,3448
246: 1405,3667,1397,1211
4790: 1756,480,1296,224
248: 128,776
249: 1439,222
250: 2534,624,3890
251: 480,1279,2582,1209
252: 273,1309,3174
253: 1261,2282,1064,4354
254: 3617,1745,3203,3020,1425
255: 2072,1750
256: 3625
257: 564,4344,1959
258: 3292,2883,3905,1609
259: 1665,1495,4423
260: 2349,2684
261: 413,2681
262: 3521,1283
263: 2787,4332,1616,2497,2969
264: 992,165
265: 3175,987,3689,2841,2001
266: 4,2768,3851
4734: 1211,956
4538: 3897,108,573
269: 2979,2914,1674,2796
270: 2401,1008,3227,530
271: 4091,82,3426,4503
272: 4062,422,4481,1005
273: 252,1723,4277,1309
274: 4138,443,1404,234
275: 834,410
276: 985,2507
277: 2418,3026
278: 2301
4654: 841,2965,2177
280: 4491,341
281: 4635,3580,2558
282: 2495,2744,3681,417,610,3609
283: 3851,3385
284: 3581,896,4775,212,237
285: 4657,4041,3571,2730
286: 
287: 3517,3805,4092
4491: 280,2718
289: 685,107,4280,319,1060,2013
290: 3982,4055,1651,3974,4416
291: 87,4171
292: 3438,1503,157,2959
293: 1758,1707
294: 4094,1510,3976,1895
295: 441,1937,981,2890
296: 1422,4747,1605,3242,3289
297: 2853,2885
4582: 1671,1306,3348,4692
299: 782,3222
300: 2069,1762,4618,1396,2393
301: 
4595: 1622,1091,4665,2888,3951
303: 469,3280,1715,1046,3434
304: 3173,3781,3709,1419
305: 307,3350,372,3702
306: 3520
307: 305,3350,3877,2208,1201
308: 3872,3206,2328,4786
309: 3716,2822,3429
4805: 12,3169,1249,3985,929
311: 572,990,890
312: 4033,2506
313: 4139,3779,3305
4642: 4782,1137,4148
315: 1662,3387
316: 1031,1145,3935
317: 723,4591,4399
318: 449,4376,2067
319: 2003,1060,289,2013,1040
320: 1834
321: 2053,733,3725,2037,2399,2364,770
322: 794,1160
323: 219,3343
324: 2591,2264
325: 2124,1664
326: 4514,4689
327: 1379
328: 2814,4788,3416,4412,1153,4295
4374: 1282,2461,1671
330: 3539,4315,4736
331: 1498,1546,4791,3477
4413: 202,3563
333: 968,4801,3464
334: 3650,3217,2574,2696,1999
4662: 3158,558,1150,1144,2099
4625: 4534,3685,3827
337: 3943,4251,2643
338: 4063,916,436,228,223,581
339: 4769,2415
4612: 571,434,3440
341: 280
342: 4793,2169,1854,3133
343: 1044
344: 652,3854,111,424,3428
345: 1007,4564
4486: 4596,857,2213,415,1180
347: 1729,2271,2463
348: 24,512
349: 3677,3341,1095,2116,3377
350: 2441,398,1868,1321
351: 
352: 1891,113,2000,4701,2571,821
353: 2948
354: 568,751,1032
355: 629
356: 3642,225,3422,1088,4131
357: 727
358: 1449,1741
359: 951,1143
360: 3886,3496
361: 
4490: 887,3370,3697
363: 3337,4656,2035
364: 1049,3112
365: 188,110,3297,4360
366: 4703,941,4409,1660,4609
4384: 3393,4006,4020
368: 4523,3501,2429,1725,3165
369: 4717,3602
370: 3738,714
4364: 3749,1254,3751,1815,457
372: 1694,3849,305,1474
4447: 1327,3968,2094
374: 1987,919,4225,1705
375: 1836,2375,3955,1432
376: 1061
377: 
378: 1133,4121,4822,1424,4085
4580: 3817,1327,2669,1570,2759,4806
380: 3623,4048
381: 1021
382: 667,1021
383: 1735,225,1232,2171
384: 562,4210,2423,3482,1940,4602,1682
385: 3576,1352,1506,4797,2503,2662,551
386: 
387: 3061,1935,3555
388: 
389: 
390: 4258,3543,4122
391: 847,3630,912,4065,3473
4605: 4024,688,1062,2205
4403: 1825,1832,2924
394: 46,1129,4722
395: 2943
396: 2893,2586,4811
397: 2848,3162,3265,4807
398: 4194,2441,350,119,4716
399: 832,4263,1116,1262,3483
400: 2700
401: 1627,3399
402: 4036,4416,1842,1742
403: 4091,1551,1670,3980
404: 2229,2277,2528,2279,1909
405: 3847,2504,4358,3864
406: 984,2934,1745
407: 3519,2659,1114,4804,85
408: 2614,801,486,4647
409: 
410: 275
411: 1715,3704,730,1046
412: 1708,430,2740,3043
413: 261
414: 4633,4079,1662,3629
415: 1445,2213,4596,4486
416: 2086,3401,1050,3077
417: 868,2722,1376,3681,282,3609
418: 4084
419: 2817,3413,2640,2563
420: 746,1963
4533: 836,4146
422: 272,4481,2370,2149,3522
4722: 1566,46,394,603
424: 1885,3428,344
425: 
426: 4167
427: 843,2116,1095
428: 2375,2823,826,4371
429: 1475,2344,2392,588
430: 2960,412
431: 241,2684,2379
432: 1793,486,3323
4713: 2889
434: 138,4612,3440,3643
435: 93,3166,3666
436: 4667,13,581,338
437: 1334,2153,1468,1939
438: 3379,3850,2125
439: 1300,1394,4155,555,2282
440: 3463,3472
441: 1734,295,1937
442: 2300,589,3932
443: 274,1955
444: 3727,1084,1249
445: 4436
446: 942,789,1712,4591
447: 1976,2366,878,3763
448: 3518
449: 318,872
450: 482,4425,4480,4194,2441
4740: 4078,2127,1455,1412
452: 4202,2467
453: 4540,2362,2647,2119,3663
4733: 681,3979,4426,2549,3252,590
455: 738,2063,2165
456: 900,1788,877,1380,729
457: 1674,3336,1010,3749,4364
458: 
459: 1040,3153,1844,1119
460: 4136,4415
4665: 1091,4629,4337,2888,4595
4450: 2056,3524,1201
463: 3783,1353
464: 3809,2778,1692
4451: 214,1888,4183,3499,2961
466: 2597,3906,1657,2370
467: 2832
468: 3410,4330,517,1838
469: 3280,303,2967
470: 
471: 3228,2143,4463,3244
472: 1700
473: 750,3154,49,1534
474: 3772,1918,2730,4158,544
475: 3626,4741,3392
476: 2925,1252,4366,2397
4337: 4665,2888,1748,1933,4116
4596: 4486,415,22
479: 4017,2523,1779,4445
480: 1279,251,1639,4790
481: 1630,1925,2723
482: 450,4425,4480,2879,895
483: 137
484: 4212,937
485: 2491,1481,3862
486: 432,1793,801,408
4574: 3408,2635
488: 
489: 1122,655,223,4063
490: 2478,4439,3884,4456
491: 1174,933,3359,3484
492: 2399,2942,921,2037,2422,709
493: 4628,3178,110,2126,3297
494: 3266,4368,4618,1771,1045,33
495: 2588,2307,4704
4510: 2784,4067
497: 1479,4421,4359,1686,2750,4259
498: 1079,2552
499: 3179,1610,522
500: 1359,3449,1975
501: 1548,2362,2751
502: 3248
503: 4476,4218
504: 4445,2683,975
505: 4624,3486,996
506: 1104,3395,4010
507: 3185,570,3492
508: 1531,1290,4812
509: 4798,4588
510: 1313,2616
511: 887,2108,3214
512: 24,348,806
513: 3144,3645,3983
514: 1958,1986,3081,2986,923
515: 2653,3516,4753,4206
516: 2808,2668,1665,1014
517: 4154,1838,3115,468
518: 4754,3172,50,839
519: 799,3860,1179,756,3316
520: 3503
521: 4072,1853,707,1898
522: 3805,3179,499,2546
523: 74,592,1987,121
524: 2592
525: 
526: 3566,1846,2440,3006,2432
527: 3993,1189,2416
528: 2070,3728,1459,3178
529: 2052,57,3497,3322,1950
530: 3139,702,270,2024
531: 3545,3167,2695,2146
532: 4076,1558,2313
533: 3904
534: 3452,2972,4603,1292,1699
535: 1443,852
536: 4257,3981,709,1593
537: 1979,3857
538: 3481,2731
539: 1890,2489
540: 2233,2931,953,1952
541: 3335,550,1873,3693,4746,1859
542: 1777,2835,3489,196
543: 4802,4783
544: 968,4801,3644,474,2730
4410: 4679,988
4327: 1428,3774,4204,1269
547: 4106,643,668
548: 1991,3443,3080,1791
549: 4117
550: 1873,1859,2284,541
551: 2662,1152,4797,385
552: 3026,4541,1911
553: 1137,2268,3501,2429
554: 
555: 2786,1064,439,1300,4155
556: 4810,1509,3560,4793,1101
557: 1147,804
558: 3345,3258,4662,3158,1144
559: 2938,4340
560: 731
561: 3100,2346,4062
562: 1038,2423,384,4602
563: 
564: 257,4818,2980
565: 210,2985,1139
566: 3427,2400
4653: 4765,3106,3989
568: 354,864,701,4150
569: 2239,4711,3456,2421
570: 4217,3302,1995,4368,507,3185
571: 3,4612,1355
572: 311,4672
573: 1878,2613,1608,3893,3897,4538
574: 4675,3146
4803: 4459,55,1616,2497
576: 2825,935,3785,1496
4823: 3358,4766,4243,2210,4357
578: 4631,2345,3916
579: 3621,2409,3690
580: 4005,4178,4147,3722
581: 3603,4428,436,916,338
582: 1355,3099
4699: 2448,3509,2223
584: 1633,4146
585: 2454,4335,3797
586: 692,1388,2990,4147,4339,2100
587: 3705,2968,1922,3494,1976
588: 200,1577,2392,846,1475,429
589: 2897,3932,1603,442
590: 681,4733,4426
4397: 3402,1135
592: 74,4820,523
4466: 4757
594: 25,2746,694,2852
595: 659
596: 4066
597: 3368,1915
598: 2316,3936
4770: 1332,4767,3122,1099,3818
4383: 3882,4705,1083,2533,907
4570: 1177
602: 3664
603: 835,46,4722
4552: 1654,2777,731
4531: 4391,2230,4628,4222
606: 4609,3604,1582,4142,2520,607
607: 2520,606,3604,1582,3241
4514: 1831,326
4572: 3853,3579
610: 3609,2510,2744,282,1677
611: 1310,2633
612: 126
613: 3070
614: 2312,4687,3635
615: 3603,4667,705
616: 3798
617: 2843
618: 3370,3727,190
619: 4424,3006,3566,2032
620: 4634,3533,3649,4636
621: 2309
622: 2842
623: 2772,64,1467,2595,3941
624: 250,3890
625: 4345
626: 
627: 3944,2376
628: 4199,2563,1780,4438
629: 355,763
4477: 4575,1385
631: 3778
632: 4591,891,2101,3480,4399
633: 3844,3153
634: 1960,2837
635: 895,2893
636: 4022
637: 2466,4035
638: 1776
639: 2715,4086,2117
640: 2794,1295,1341
641: 1953
642: 
643: 547,4106,1659,69,2609,668
644: 3239,191
645: 4592,3058,1807
646: 2944,2984,4090,1423
4480: 482,450,4425,4353,2879,2441
648: 3628,1299,1092,1434
4528: 
650: 4522
651: 
652: 344
653: 1287
654: 2526,2403,2771,4218,4050
655: 489,1122,1869,699
656: 1391,4293
657: 1586,3261
658: 2136,4020,3832,2523
659: 595
660: 4481,1657,1005,1795
661: 179
662: 146,866
663: 4221,1288
664: 3250,17,1683,4649
665: 1320,3396,2188
666: 4152
667: 2555,382
668: 1303,4462,547,643,2488
669: 1001
670: 4488,727,3827
671: 2478,730,2826,134
672: 3448,4776,3145
673: 3479,2100,3775,3195,1927
674: 1964,2622,880
4812: 4771,508,1290
4530: 1368,1855,3887,4479,4679
677: 4252,217,4616,221
678: 1441,2241,1183,4285,4125,4548
679: 2702,2949,2170,2944
680: 3197,2186
681: 3979,4733,590,1906,871
682: 4537
4343: 4009,1181,4134
684: 
685: 107,289,4280
686: 1892
687: 
688: 4024,4605,1895,1240,1062,4102
689: 
690: 
691: 3134,4170
692: 1029,586,1388,4005,4147
693: 
694: 4182,3349,2852,594
695: 3815,2947,2982,3097
4347: 4568,3711,4648
4720: 2165,4683
698: 2373,2252,2974,2814,1754
699: 2691,1122,655,3303,4313,3812
700: 1826,3116
701: 864,3505,1880,568,3124,2424
702: 530,3139,2024,2908,1069
4414: 3799
4377: 1909,2401,2168
705: 615
706: 1833,4119,3950
707: 1853,3414,182,170,521
708: 2485,2098,1450
709: 3981,2422,536,921,1593,492
710: 1622,3310,3839,4518,4629
4589: 1562,4551,933
712: 1390,1270
713: 1863,3735,4181,876
714: 2701,2202,370,3738
4669: 4738,1663,4604,2514
716: 
717: 2032,145,3334,2583
718: 161,195,827
719: 1781,844,2095,1944
4420: 4143,2465
721: 4261,129
722: 3788,4660
723: 317,3231,4457,2629
724: 3867
725: 2660,3044,3760,4258,4475
726: 3777,2311,4351,1112,55
727: 3640,670,357
4571: 3164,2660,1395,3760
729: 2697,2872,1241,2818,456
730: 3704,411,2478,671
731: 4552,2777,560
732: 4369,3674,4773,4619,3938
733: 2053,3725,2037,321,2330
734: 793,3940
4554: 3972,3492,2860,2319
736: 2956,4808
737: 3264,809,1916,2109
738: 455,17,3869,1408
739: 3198,4371,213,0
740: 4182,3349,75
741: 4164
742: 227,915,2707,1598
743: 3568
744: 3846,860,1926,4817
745: 2721,45
746: 420,2030
4361: 2309
748: 1773,2699,3127
749: 3052,2469
750: 473,49,1534,3155
751: 1896,1032,864,354
752: 2359,2508,1031
753: 2701,1823,1360,93
754: 
4409: 4019,366,941,4184
756: 1540,3316,1179,519
757: 1962,4771
758: 
759: 43
760: 
761: 
762: 1294,4724,1743
763: 629
764: 2182,3023,4124,3963
765: 2153,3107,2084,1939,3132
766: 1393,2113,4626
4643: 3210
768: 
769: 163,838
770: 31,321,2399,3217,2364
771: 2930,948,2829,4606
772: 3506
773: 1361,1691
774: 2662,3365,1352,3414
775: 3110,3436,3781
776: 248
777: 3003,1194
778: 3481,2731,2904
779: 
780: 
781: 
782: 1292,4635,299
4753: 1117,3831,515
784: 4797,2369,4744
785: 1775,1196
786: 4563,3953
787: 2200
788: 4103,964,2017,1702,1265
789: 942,446,1712,1842
4340: 243,559
791: 122,3720,4781,2628,3098
792: 4195,2479,186,1334
793: 1474,3940,734
794: 1160,2273,3661,322,4508
795: 847,912,1962
796: 4781,1024,2971,944
797: 151
4502: 1192,1121
799: 3860,1179,519,3312,3698
800: 
801: 4146,486,2614,408
802: 1515,4775,1751
803: 3106,3300,1564
804: 557
805: 79,4594,2835,1342
806: 2219,2278,512,2387
807: 
808: 1321,2605,3616
809: 954,1796,1916,737
810: 1177,4641
4583: 228,2761,3733,4578
4479: 3887,2157,4530,4679
813: 3028,4362,3545,3167
814: 1652
815: 1173
816: 1995,3470,33,3266,4368
817: 1272,4615,2593,1849,3850,4497
818: 1196,1775,1175
4475: 177,4258,725,3760,1354,2408
820: 4674,1502,3718
821: 352
822: 
823: 3663,2751,1618,3447,2949
824: 3461,4613,1310,1541
825: 
826: 428,4371,911
827: 3551,1905,718
828: 2073
829: 2933,1728
830: 2543,4217,2641
831: 3157,3075,4592
832: 399,4263,2918,1738,3012
833: 
834: 275
835: 46,603
836: 1680,2775,4146,4533
837: 14,3514,2204,4322,2242
838: 1757,4093,2464,769
839: 2066,2877,518,4754,50
840: 4655,2168,2908,3619,3391,4272
841: 4654,3843
842: 4066
843: 4651,427,2316,3936
844: 719,2095,3278
845: 3253,4551,4787,1677
846: 2392,2922,588,1577
847: 391,912,795,3473,4284,1962
848: 1913,1654
849: 2532,1875
850: 
851: 3223,2651,3662,4757
852: 1443,3457,535
853: 4111,3014,2676
854: 3417,88,3255,2824,4054
855: 
856: 967,1580
857: 4486,2536,1180,1721,930
858: 1697,2262,2725,3229
859: 2820,2868
860: 744,3846,3700,1926
861: 
862: 222,4052
863: 2580,2841,1675,2530,3236
864: 1880,701,2374,751,568
865: 3480,1520,4399,3534,2121,4135
866: 662,3880
867: 3026,2088,1911,2666
868: 2722,4668,417,2280,1227,3816
4433: 
870: 1693
871: 1906,1227,3681,681,3979
872: 3234,2410,449
873: 3613,3098,1852,955
874: 2303,931,2245
875: 3689,2001,2172
876: 1088,713,3486
877: 900,456,2857,4219
878: 2391,3763,3046,447
879: 4059
880: 3181,674
881: 2482,3537,3511
882: 3941,1059,2146
883: 1261,4348
4521: 
4794: 3803,35,1861,2252,1754
886: 2896,3340,3435,1004
887: 4490,511,4239
888: 1074
889: 1767,3550
890: 2110,311,2218,1033
891: 4235,632,1206,1647,2101
892: 
893: 4611,3453,3518
894: 161,3555,195,961
895: 635,2879,2083,482
896: 3996,2225,284,3319
4488: 670,3801,1748
898: 3215,1186,4529,2285,1363
899: 
900: 1788,456,877,4219,4005
4695: 3376
4816: 23
903: 
904: 1629,4112,4567,1879,3095
4663: 1668,4499,3745,3906
906: 3453,1640
907: 4600,2533,4383,1083
4671: 4469,3859,2114,3403,2353
909: 
910: 4780,1330,2020
911: 2865,3674,826
912: 847,3630,391,795,1359
913: 1341,3003,3408
914: 3353,1850
915: 2339,1618,2707,1695,742
916: 4063,338,581,4428,1068
917: 1045,33,2640,4110,2393
918: 3762,3739,2900
919: 2638,374,4225
920: 3915,2863
921: 2942,4296,1593,492,709
922: 2272,1218,2277
923: 2986,514
924: 3620
925: 3895
926: 
4636: 3879,2484,3533,3940,620
928: 4133,1832,2924
929: 4094,4492,3985,4805
930: 978,3227,857,2536,1721
931: 2129,874,2570
4544: 3066,1927,3775,2303
933: 1174,491,4551,3149,1562,4589
934: 3462,94
935: 2825,576,3609,2510,3766
936: 965,2047,1967,1276,2337,1965
937: 4329,1750,3746,484
938: 1591,2680,4687,1756
939: 1198,2599,99,2199
940: 2352,1384,4809,2794,3003
941: 4703,366,4496,4409
942: 446,789,1842,2760,3069
943: 3836,3230,3855,135,2969
944: 2667,796,1024
945: 3627,1625,2538
946: 2843
947: 3332,1907
948: 3680,2977,771
949: 2226,2354,2537
950: 
951: 359,118,3226
952: 4097
953: 2233,540,2549
954: 809,3646,4288,1916
955: 3919,873
956: 3582,4207,4734,198
4656: 4714,363
958: 1532,1622
959: 4702,109,4387,2588
960: 1889
961: 2342,2411,3555,161,894
962: 1266,3734,4010,4573
963: 3073,90,1100,4721
964: 4693,3232,2017,788,4103
965: 2047,936,2181,1722,1484,1965
966: 2092
967: 856,1580,3330
968: 333,4801,544,3644
969: 2512,1641,1837,3546,2039
970: 
971: 3287,3881
972: 1114,1789,2608,1162,1083
973: 3948,4017,4075
4607: 2920,4683,4317,2165
975: 1638,4440,4698,3335,504
976: 1545,2983
977: 4245,1848,3753,1209,1453
978: 1008,930,3227
979: 4732,4309,3024
4714: 4656,1302
981: 3742,1951,295,1937
982: 2740
983: 3424,3973
984: 1510,406,3976,1745,1736
985: 276,2742
986: 3828,1126,4231
987: 265,1689,1030,4685,3689
988: 4410,4679,2950
4550: 4624,3486,3368
990: 311,1621,1430
4501: 2917,3129,2890,1681
992: 264,4756,2156
993: 4673,1054
4809: 2794,1384,2547,1642,940
995: 4776,2022,4820
996: 3486,4131,505
997: 3569
998: 2674,3360
999: 171,4704,2920,4317
1000: 2692,3647,2439
1001: 3607,669,4296
1002: 4124
4525: 4059,2721,1473,1050
1004: 2268,3340,886
1005: 4481,660,3163,4062,272
1006: 2598
1007: 345,4290
1008: 978,3227,270,2858
1009: 2038,3719,3653,1853,3414,1898,4587
1010: 3635,457
1011: 2828,3584,3842,125,4622
1012: 3355,4712,2839,1247,3054
1013: 
1014: 1665,516
1015: 2710
1016: 1174,1993,3149,99,1600
1017: 1417,2603,1778,2010
1018: 1212,2991,4777,4180
1019: 4002,1704,4459,4659,3807
1020: 2120
1021: 381,382
1022: 2535,217,3754,1856,1752
1023: 3807,2734,4002,3176,3156
1024: 4781,796,2628,944
1025: 209
1026: 2589,4767,2321,1099
1027: 1696,1273
1028: 227,4439,3447
1029: 692,1388,3878
1030: 1689,235,4685,987
1031: 316,752,3577
1032: 3879,2484,1896,751,354
1033: 2218,1324,1607,890,2176
1034: 4280,177,3760,2664
1035: 
1036: 2489,4113
1037: 4767,2354,3137,1332
1038: 562,2423,1827,1792,1737
1039: 4482
1040: 459,319,2003,1844,2013
1041: 4173,4330,4154,1838
1042: 4051,2566,3513,2215
1043: 3273,4432,4305,4057,1801,1646
1044: 343
1045: 917,33,3266,494,2393
1046: 1715,411,303,3434,3314
1047: 4025
1048: 3965,1602,3056,3736
1049: 364,2604,1312
1050: 2840,3401,416,4525
4378: 
1052: 2951,2506,1329
4487: 
1054: 993,4683
1055: 4000
1056: 1760
4641: 3738,4796,3588,810
4623: 1266,2672,1732,1856,3728
1059: 882,3941,2644,1597
1060: 319,4280,2664,289
1061: 1807,376
1062: 1240,1651,688,4605,3974
1063: 3755,3202,1794,157
1064: 4519,4354,2786,555,253,4155
1065: 2984,3744,4090,3458,3245
1066: 3570,4614,3797
1067: 1856,3138,1752,4323
1068: 1570,2759,4428,916,1176
1069: 3372,2908,702
1070: 3884,2170,1423,4363
1071: 1274
4704: 999,495,1676,2458
1073: 3152,4241,3942,2711
1074: 888,1994,3251,3209,1862
1075: 3326
1076: 3645,4003,183,3232
1077: 2290
1078: 3367,4073,4338,4761
1079: 498,2419,163
1080: 1555,1870,4234,3016
1081: 2830,4253,4392,1370
1082: 1150,2099,3056,1602
1083: 972,2608,1162,4383,907
1084: 1277,3727,444
4454: 1473,2840
1086: 3793,1501,2853,2127
1087: 3710,3296,3328,1904
1088: 876,356,4131
1089: 
4408: 1216,86,4774,4701,2159,1945
1091: 4629,4665,2888,4595,1622
1092: 1253,648,1299
1093: 4189,3196,2993,4061,2286,2752
1094: 3590,2406
1095: 349,3677,2116,427,3986
1096: 1225,2174,1512,3475
1097: 
1098: 2862,1214
1099: 3818,2137,4770,1026
1100: 4782,963
1101: 3762,3739,556,1509,4793
1102: 1936,2733
1103: 1176,3191,3553,2952,3873
1104: 506,1747,2350
4444: 2597,2310,4705,4600,2533,3700
1106: 1990,2344,3171,2151,3290,3315
1107: 4661
1108: 199,3633,3624,3216
1109: 3646,2912,2514
1110: 1457,2800
1111: 1829,2993,2222,2752
1112: 4334,4680,55,726
4673: 993,2158,1486,3971
1114: 1789,972,2608,3519,407,2659
1115: 2227,2453
1116: 399,4023,2812,3483
1117: 4753,2008,3831,1923,1818,1729
1118: 2627
1119: 1386,1844,459,3875
4590: 4316,2316,4708,3409,2078
1121: 1192,2020,4502
1122: 489,655,3303,699
4568: 4347,3421
1124: 2902
1125: 2747
1126: 4791,986,3828,1498,4231
1127: 3966,166,4637,1783,2306
1128: 6,2727
1129: 394,4661
1130: 
1131: 
1132: 3246
1133: 378,4822,1411,232
1134: 3534,2121,4627,3333
1135: 2513,4397
1136: 2872,1860,3530,4028,2818
1137: 553,4642,2268
1138: 4647,3203,4044,1425
1139: 3737,1405,3888,565,2985
1140: 3648,3352,3587
1141: 4201,3476,3105
4782: 4642,3509,1100
1143: 2287,359
1144: 1150,4662,558,3258,3446
1145: 316,2918,1738,4263,144
1146: 4492,2257,3985,3564
1147: 557
4692: 3348,4582,1306,4717
1149: 
1150: 1144,2099,1082,4662,1602
4818: 2980,1874,564
1152: 2662,551,3365
1153: 2360,1560,4412,2373,2814,328
1154: 2367,2848,106,3182
1155: 1242,4067,3180
4333: 1659,2609,3687,2568,3047,2623,2515
4506: 1792,1301,1737,3798
1158: 
4551: 845,3253,3149,2477,4589,933
1160: 794,322,159
4495: 
1162: 972,1083,1189
1163: 2142,3675
1164: 2867
1165: 2858,2552,2167,3139
1166: 2633,2880
1167: 3802,2950,2648,3387
4615: 1272,817,4278,4608,1550,1849
1169: 3300,1511,1564,1624,3103
1170: 1948,4024,4792
4484: 
4597: 1710,1740,1675,1259,1549
1173: 815,184,3015
1174: 491,933,3359,1016,3149,1600,3484
1175: 2329,2707,1695,1775,818
1176: 1103,4428,2952,1570,1068
1177: 810,1966,4570
1178: 1394,2174,3298
1179: 799,519,3312,756
1180: 2528,2279,2213,4486,857
1181: 4134,4343,4009,2056
1182: 3913
1183: 3723,678
1184: 2637,3472,2647
1185: 4553,3852,3820,4210,1940
1186: 4529,898,1363
4400: 2433
1188: 3594,2768,2179
1189: 3993,527,1162
1190: 1382,4033
1191: 3878,4140
1192: 1121,4502
1193: 3165,3094,3501,3686
1194: 777
4393: 
1196: 818,785,1775
1197: 116,4119,3937,4419
1198: 3800,1851,939,1600,2599,99,3359
1199: 3605
4585: 4045
1201: 4450,3877,307,3350
1202: 2614,2318
4424: 619,2109,2032
1204: 2211,2045
1205: 1351,1563,160,2021,3478
1206: 1647,1534,891
4439: 1028,490,2478
1208: 2778,3973,2783
1209: 1453,977,3753,1279,251
1210: 
1211: 4734,1397,246,3667
1212: 1018,2991
1213: 
1214: 1098
1215: 1794,1957,3436,1620
1216: 86,4774,4408,4701,2571
1217: 1832,3309,1239
1218: 3875,3844,922,2272
1219: 1305,2512,3085
1220: 1708,2023
1221: 1379,3668
4539: 
1223: 210,2078,4316,2926
1224: 42,4287
1225: 2174,1096
1226: 4634,4019,3687
1227: 1906,871,3681,868
1228: 1780,2698,3259,4680,4334
4681: 3791
1230: 3854,1917,11,1293
4613: 824,1650,2288,3213,1310
1232: 2384,3557,1735,383
1233: 44
4391: 4531,2230,4196,89
1235: 3921,2124
1236: 3814
1237: 1456
1238: 2784,4644
1239: 3309,2107,1825,1217
1240: 1651,1062,4390,4102,12,688,3982
1241: 4198,2872,2426,2697,729
1242: 1155,3180,4301,3954
1243: 3758,3922,4072
1244: 179
1245: 4705,1968,3882
1246: 3914,2548
1247: 4165,4710,1012
1248: 2380,4294,2556
1249: 3985,444,4805,3169
1250: 
4672: 572,3402
1252: 2531,4366,476
1253: 2430,1435,1092,1299,3419
1254: 3749,3751,4364,3150,4064,1674
1255: 2869,3353,2353,4141
1256: 3955,1432,2416
1257: 4667,13,2871,3057
1258: 2714,3439
1259: 3917,1549,4597,4646,1340
1260: 4473,1735,3422
1261: 2654,253,883,4348
1262: 3669,144,399,4263,3483,4526
4685: 235,4750,1030,987
1264: 4255
1265: 1702,3415,788,2017,2128,2305
1266: 4623,2672,962,3728
4358: 405,3847,3864
1268: 2623,2488,2609
1269: 4327,3774
1270: 2748,712,4553
1271: 2352,3272
1272: 4615,817,2069,2175,3850
1273: 1027
1274: 1071,1759
4362: 813,3028,1477,2850,1514
1276: 1967,936,1965
1277: 1293,2970,1084,1917
1278: 1313,2051,3519
1279: 480,251,2954,1209,2385
4354: 4519,1692,1064,253
1281: 2830,1725
1282: 3363,4564,4374,1671
1283: 2971,2667,3521,262
1284: 3583,40,1620
1285: 
1286: 
1287: 4242,4109,653
1288: 3756,4341,4221,663,2224,4799
4693: 3377,964,3232,3341
1290: 508,1531,4812
1291: 2645,4522
1292: 782,4635,534,4603
1293: 1277,2970,4230,1230,1917
1294: 762,2161,1743
1295: 3065,1642,640
1296: 3388,3002,224,1756,4790,1815
1297: 41,2911,3744
1298: 2848
1299: 3628,4532,648,1092,1253,3419
1300: 439,1394,555
1301: 4506,1792,3446,3565
1302: 2886,3665,4714
1303: 668,4462,2966
1304: 3675,2304
1305: 3591,1219,2157,3085
1306: 4582,3166,3348,4692
4505: 1412,2272,2528
1308: 1640,2811
1309: 1723,1672,252,273,3174
1310: 3213,611,4613,824
4359: 1479,4421,497,2631,1956
1312: 1049,2604,1558
1313: 2616,1278,510,1789,3519
1314: 3874,1587,3196,3567,4061
1315: 
1316: 1632,3977,4725
1317: 3000
1318: 2714,3779
1319: 3173,3691,4161
1320: 4468,665,2474,1399
1321: 3616,808,350
4725: 4726,2140,3930,1632,1316
1323: 1923
1324: 2218,1033,3905,3050,2176
4620: 3254
1326: 2566,2839,4494,3468,3618,1649
1327: 4580,3817,4806,4447,2094
1328: 3143
1329: 165,1052,4555,2378
1330: 2699,3127,910,2020,117
1331: 
1332: 4770,2354,4767,1037
1333: 
1334: 437,186,792,1468
1335: 3890
1336: 2718,3401
1337: 2617,3172
1338: 2921,2240
4815: 4737,4241,3152
1340: 4646,1259
1341: 913,640,2794,3408
1342: 2835,79,4004,805
4658: 3417,4208
1344: 1466
1345: 
1346: 4252
1347: 
1348: 2578
1349: 
1350: 2387,2081
1351: 2203,1205,1563,2021,143
1352: 385,3576,170,2662,774
1353: 3076,463,2862
1354: 2408,3962,177,4475
1355: 582,571
1356: 
1357: 3132,3248,2148
4404: 32,3549,201
1359: 500,912
1360: 2222,753,93
1361: 2927,773,2516
1362: 1946,4764
1363: 2285,112,3633,1186,898
1364: 
1365: 1979
4712: 3355,1012,2839,4071,3054,3468
4694: 3637,2742
1368: 1855,4530
1369: 
1370: 4392,230,4718,1081
1371: 3837,3207,1451
1372: 4799,2224,2866
1373: 71,4223,3986,1992
4736: 2957,330,4315
1375: 239,1459,3102,2070,2230
1376: 2722,4668,417,3609,4586,2825
4523: 368,1725,3165,4638
1378: 2313,2511,3423
1379: 1221,327,3397
1380: 4140,2818,1788,456
4804: 1938,3639,2051,3519,407,85
1382: 1190,3444,1835,1959,2430
1383: 2621
1384: 3833,2547,940,2352,4809
1385: 4477,4575,4646
1386: 2048,1119,2670,3875,1493
1387: 3770,4324
1388: 4015,1029,692,586,3878,200,2990
4356: 2550,4007
1390: 2131,712,3063,2764
1391: 656,16
1392: 3063,4784,3820,4210,2423
1393: 2483,3372,766,2113
1394: 439,1300,1178,2174
1395: 2660,3044,1819,18,4571,3164
1396: 300,1762,2715
1397: 1211,246,3667
1398: 1643,4772,3620
1399: 2474,1320,4468,3741
1400: 4365,1709
4419: 1197,1690,3261
1402: 1915,67,4181,1798,3600
1403: 
1404: 274,4138,234
1405: 246,3667,3888,1139
1406: 2001,2530,2340,2172,2043,3135
1407: 1734
1408: 3869,1477,738
1409: 3909
1410: 1864,2075,1985,1476
1411: 4441,3948,1133,232
1412: 4505,1770,1455,4740,4078
4603: 2972,534,1292
4723: 3233,3325,4185
4329: 937,1750,3746,2456,1733,4562
1416: 4430,2782,3023
1417: 2603,1017
1418: 3899,2787,3299
1419: 2298,2080,304,3709
1420: 2556,4813
1421: 
1422: 296,4053,4747,3289,2559,2187
1423: 646,2944,2170,1070
1424: 378,4121,3055,3344,3908,4085
1425: 4434,3203,1138,4044,254
1426: 
1427: 4808,2733
1428: 4327
1429: 1929,2481,1986
1430: 2050,2798,990
1431: 2709,3512,2471,3650,2364
1432: 3955,1256,2416,375
1433: 2450,4041
1434: 4577,172,2002,648
1435: 1253,2430,3444,3419
1436: 3758,57,1528
1437: 4262,1739
4763: 1515,3825
1439: 249,3189,222,3036
1440: 1479,2631
1441: 2241,678,3723,4161
4680: 3259,1547,1228,4334,1112
1443: 852,2087,1703,535
1444: 2435,1460
1445: 3465,2213,415
1446: 3631,3994,3867
1447: 2294
1448: 2630,4587,3510,3556,3144
1449: 358,9,3979,1906
1450: 2842,3759,3657,708,68
1451: 3542,1805,1371
1452: 3060,2317,3914
1453: 1209,4245,977
1454: 2033,3765
1455: 2127,3844,4740,2272,1412
1456: 1237
1457: 1110
1458: 1594,3584,2561,3987,2892
1459: 1375,3102,1604,3715,528,2070
1460: 1444
1461: 4775,2989
1462: 159,3015
1463: 3245,3137,4090
4373: 
4339: 4147,3722,586,2100,3083
1466: 1344
1467: 623
1468: 2012,3931,437,1334
4629: 1091,4665,3310,3284,710
1470: 2710
4628: 493,3178,4531,4222
1472: 3462
1473: 4454,4525,2840
1474: 793,372
1475: 3878,429,200,588
1476: 1410,2075,1985,1783,4215
1477: 3869,1408,175,1514,4362
1478: 2527
1479: 497,4359,1686,2650,2631,1440
4425: 482,450,4480
1481: 3862,485,4132
1482: 4308,2981,1822,111,3428
4469: 4671,2452,140,2114
1484: 242,4584,965,2181,3344
1485: 3220,2514,4738,1633
1486: 2158,2665,4673
1487: 3443,212,1751
1488: 2831,2861
1489: 2407
4619: 4773,732,4476,2403,3938
1491: 3283,4218,4050,4499
1492: 1801,2000
1493: 3066,1927,2048,1386,3875,2627
1494: 2035,4549,3576,1506
1495: 1936,2196,4752,259,1665
1496: 3785,576
1497: 4114
1498: 1868,331,1126,4231
1499: 2464,3411,2678,48
1500: 3222,2882
1501: 3793,1086,2127
1502: 4674,820,2996,2308,4001
1503: 3438,292,2959,2206
1504: 2457,1543,1610
1505: 1821,3053
1506: 385,3576,1494,2503
4411: 
1508: 3996,2025
1509: 1892,3560,4311,556,1101,3739
1510: 984,3976,4094,294
1511: 3300,1169,1564,3103,4138
1512: 2174,1096,3956
1513: 2631,1956,2326
1514: 3101,1477,175,4362
1515: 802,4763
4430: 1416
1517: 1965,2207,1970,2616
1518: 4381,4341,3412,3977,3756
1519: 1784,1903
1520: 865,3480,4135,3531,4149,4228
1521: 1576,1983
1522: 3746,2456,3267
1523: 
1524: 4494,3896
1525: 4592
1526: 1949,3374,2646,4728
4432: 1043,1801
1528: 3497,2961,4388,57,1436
4537: 682,2977,2373
1530: 3889,2347,2719,2187,1727,2559
1531: 508,1290,3834,2055
1532: 2995,958,3839
1533: 36
1534: 750,473,4235,1206
1535: 3223
1536: 3354
1537: 
1538: 
1539: 
1540: 1541,756,4778,2355,3316
1541: 1540,3461,824,2633
1542: 
1543: 3947,2457,1504
1544: 4066
1545: 976,2983,3834
1546: 4765,3838,4503,4791,3477,3989,331
1547: 3259,3794,4680
1548: 2028,1958,501
1549: 1259,3917,3236,1675,4597
1550: 2069,4618,1771,4608,4615
1551: 4091,403,3828,1920
1552: 
4611: 893,3295,3453
1554: 
1555: 2361,1080,1870,3016,4083,3788
1556: 143,2021,3922
1557: 1696,3978
1558: 2604,532,1312
1559: 3271,4282,2409
1560: 2360,1611,1153,2977
1561: 1833,4195
1562: 4589,2510,933,3766
1563: 2203,1351,1205,160
1564: 3300,1169,1511,1624,803
4766: 4823,2758,3109,4243
1566: 4722
1567: 4038,3771,4640,4686
1568: 
1569: 
1570: 2759,1068,1176,4806,4580,2669
4503: 1546,4707,3838,82,271,4791
1572: 
1573: 4044,2869
4534: 4625,3785
4474: 2737,230,3338
1576: 1521,2685
1577: 588,846
1578: 112,3633,3216
1579: 3332,3971
1580: 967,856
1581: 3419,1687,4297,4532,4095
1582: 606,3047,4142,2632,2520,607
1583: 2600,4390,3982
4542: 3786,2245,1720,3138
1585: 3094,2389
1586: 657
1587: 3874,3331,1314,3133
1588: 1606,4332,3230,2969
4741: 3392,4768,125,475
4363: 2886,3884,4456,1070,4758
1591: 2680,938,4068,1639
1592: 4417,3247
1593: 3170,921,536,709
1594: 1458,3014,3860,2561,3698
4344: 232,4276,257,2776
1596: 2155,1984,3475
1597: 2644,3068,4230,3902,1059
1598: 1715,3704,2707,2878,742
1599: 3413,4728,4110
1600: 1198,3800,99,1174,3359,1016
1601: 2487,2093,220
1602: 3965,1048,3056,1150,1082
1603: 3932,589,4780
1604: 4616,3715,1679,1459,3102
1605: 2737,3242,296
1606: 1588,4559,2596,4036
1607: 3698,2110,2176,1033
1608: 2485,573,2613
1609: 3170,258
1610: 499,1504
1611: 2360,1560,3680,4610
1612: 4029,1865,3288
1613: 3917
1614: 4614
1615: 
1616: 2787,263,2497,4803
1617: 4123,2061,31
1618: 2339,915,3663,823,227
4762: 
1620: 5,1972,3110,1215,1284
1621: 990
1622: 4595,710,958,1091
1623: 2287,3778
1624: 3482,1169,1564
1625: 945,3627,2538
1626: 3270
1627: 401,4004,3399,1681
1628: 2335,3143,2009
1629: 4228,4112,4567,2249,904,2121,4135
1630: 481,3998,2723,2077
4446: 4171
1632: 1316,4726,4725,49,3155
1633: 584,3220,1485,2756
1634: 3874,4173
1635: 
1636: 3842,4768,3812,2792,2828
1637: 3571,3702
1638: 975,4440,2047,1722
1639: 4068,2385,480,1591
1640: 2198,1308,906,2811
1641: 2512,969,3546
1642: 2547,1688,4809,1295
1643: 1398,4772,3292,3620
1644: 
1645: 
1646: 1801,4057,1043
1647: 1206,2101,891
4650: 3970
1649: 3618,2566,1326
1650: 1705,2288,4613
1651: 1240,1062,4390,290,3982,3974,4416
1652: 814
1653: 2415,4187,2452
1654: 4552,848
1655: 1795,3084,4703,3163
4584: 1484,3017,242,2683,1722
1657: 4481,660,466,2370
1658: 4561,4092,1810
1659: 69,2609,3687,4333,4106,643
1660: 366,4609,3604,3100
1661: 2547,3712,4535
1662: 2436,315,414,88,3629
1663: 4669,4738,4047,2546
1664: 325,2124
1665: 259,1014,1495,516
1666: 2703
4416: 4036,402,1651,290,3974,1842
1668: 4663,1968,3906
1669: 3699
1670: 2617,2209,403,3980
1671: 4582,1282,3363,4374
1672: 1723,1309
1673: 
1674: 2796,457,3749,1254,269
1675: 2580,863,1740,4597,3236,1549
1676: 2458,4704
1677: 2744,845,610
1678: 242,4121
1679: 4536,4455,1604
1680: 2775,2654,836,3298
1681: 1627,4004,3129,4501
1682: 384,3482,4602
1683: 664,17
4407: 2502,2610,3115,1811,4107
1685: 2143,3228
1686: 1479,497,2750,4259,2650
1687: 3419,1581,4297,2732
1688: 1642
1689: 3502,1030,987
1690: 4250,3261,3937,4419
1691: 773,4113
1692: 4519,4354,464,2778,4262
1693: 870,4249
1694: 372,4243,2130,4213
1695: 2329,2707,1175,1775,2339,915
1696: 1557,1027
1697: 2262,858,4473,3422,2725
4752: 1495
1699: 1855,534,3130
1700: 472,3970
1701: 2902
1702: 1265,3415,4289,2611,788
1703: 1443,2087
1704: 4002,1019,2151
1705: 1650,374,1987,121
1706: 2044,2804,4051,167,4700
1707: 293
1708: 1220,412,2023,2740
1709: 4365,1400
1710: 1740,4597
4567: 1629,904,2121,3333,3747
1712: 446,789,2724,4591,3231
1713: 1743,4427
4575: 4157,4477,1385
1715: 1598,3704,411,303,1046
1716: 
1717: 3726
4664: 2150,2653,3683
1719: 
1720: 3083,3786,4542
1721: 2401,2279,1909,857,930,3227
1722: 965,2047,1638,2683,4584
1723: 4277,1309,3248,1672,273
1724: 4563,2634,236
1725: 2830,368,4523,1281
1726: 2859,16
1727: 1922,3494,2559,1530,2719
1728: 829,2933
1729: 347,1818,1117,3831
1730: 3693,4746,2709,3512
1731: 3547,1992,1935
1732: 4270,1856,3728,4623
1733: 100,4562,4329,1750,2256
1734: 441,1407,2917
1735: 225,383,1232,1260
1736: 1745,984,3710,1948
1737: 1038,4506,1792
1738: 2918,1145,832,4263
1739: 2786,1437,1773
1740: 1710,2580,1675,4597
1741: 2967,3088,98,358
1742: 2724,402
1743: 4427,1713,4724,762,1294
4417: 1592,3247
1745: 3617,254,1736,406,984,3710
1746: 3503
1747: 2570,3619,1104,2350
1748: 3801,4488,4337
4677: 3532,2141
1750: 4329,937,1733,255,2072
1751: 4795,1487,802
1752: 1067,1856,3138,1022,3754
1753: 3572,3256
1754: 2814,2252,4794,698
1755: 4690
1756: 4790,938,1296,1815
1757: 4093,838,3830,2419
1758: 293,2891
1759: 4813,114,1274
1760: 1056
1761: 3327
1762: 300,2069,2175,1396,2715
4429: 1961
1764: 3942,2682,3305,3929
1765: 2833,2649
1766: 
1767: 2545,3550,889
1768: 
1769: 2206,2955,3888
1770: 1412,4078,2213,3500
1771: 494,4368,4618,4608,3185,1550
1772: 3965,3565,2602
1773: 748,2699,62,1739
1774: 3597,2673
1775: 785,818,1196,2339,1695,1175
1776: 8,638
1777: 542,3489,4167
1778: 2975,1017
1779: 2089,3806,4445,479
1780: 2698,1228,4438,4199,628,4334
1781: 719,1944
1782: 3664,2029,3145
1783: 3923,166,3966,1127,2075,1476
1784: 3963,2134,1519
4587: 1448,2630,1898,3719,1009
4817: 2149,2947,2982,1926,744
1787: 2690,3551,1905,2095
1788: 900,456,1380
1789: 1114,972,1313,3519
1790: 106,3182
1791: 15,3080,3382,1991,548
1792: 4506,1301,1827,3446,1038,1737
1793: 432,486,3323
1794: 1215,157,1957,3436,1063
1795: 1655,3084,2455,3745,660
1796: 2295,60,809
1797: 
1798: 3647,3600,67,1402
1799: 2369
1800: 2556,2314,4515,3679
1801: 1646,1492,3273,4432,1043
1802: 3902,2146,4190,4742
1803: 2019,1981
1804: 
1805: 1451,4304,152
1806: 2158,2665,2579
1807: 1061,3058,645
4635: 782,1292,281
1809: 4204,4617,2673
1810: 1658,4092,3901,2912
1811: 4154,3115,4407
1812: 192
4578: 2250,3733,4583,3271
1814: 4718,2913
1815: 1756,1296,4364
4421: 497,4359,4182,2852
1817: 2323
1818: 1729,1117,3831
1819: 18,3044,1395
1820: 4819,103
1821: 1505
1822: 4789,11,1482,4308
1823: 753,2701,2202,3032
4569: 
1825: 4403,1908,1239
1826: 700
1827: 3446,3258,1038,1792
1828: 
1829: 2993,1111,2900
1830: 2287,118
1831: 4514,3121
1832: 1217,2924,4403,928,4133
1833: 706,1561,3814
1834: 320
1835: 2776,3125,1959,2430,1382
1836: 375,2607,1967,3955
1837: 2512,969,4058
1838: 4154,517,468,4330,1041
1839: 168,2966,4129,3803,35
1840: 3883,4573
1841: 2758,3109,4185
1842: 3974,2760,4416,402,942,789
1843: 
1844: 2013,1040,459,1119
1845: 4764
1846: 2335,2440,2432,2009,526
1847: 208
1848: 4245,977,3122,2188
1849: 2593,3112,4615,817,4278
1850: 3353,914,3296,4141,4381
1851: 1198,2599,3359,2655,2928
1852: 4039,2628,873,3098
1853: 3414,707,1898,521,1009
1854: 3762,2900,342
1855: 1699,1368,4530,4745
1856: 1067,1752,1022,3754,1732,4623
1857: 2457
1858: 
1859: 2284,4698,550,3335,541
1860: 3176,2581,3156,3530,1136
1861: 2424,3001,3124,4794
1862: 65,1074
1863: 713,4181,3486
1864: 1410,2075,3294
1865: 1612
4760: 2621
4698: 1859,3335,975,4440
1868: 1498,350
1869: 2691,655,2759
1870: 1555,1080,4427,4083
1871: 108,3964,3057
1872: 3569
1873: 550,3693,541
1874: 4006,4751,2919,4441,4818
1875: 2507,2916,849
1876: 2194,2462,3994
1877: 3787,2746,25
1878: 573,2613,3845,3423,3897
1879: 153,3095,904
1880: 864,3505,701,2374
4779: 2854,1900
1882: 2051,1912,4558,1938
4366: 2531,1252,2166,476
1884: 68
1885: 424,2108
4586: 3923,4215,4668,1376,2825
4445: 2683,504,1779,4017,479,3017
1888: 214,4451,2961
1889: 960,4516
1890: 539
1891: 2000,352
1892: 1509,4311,686,3739
1893: 4322,2204
1894: 
1895: 688,4094,294,12,4102
1896: 751,3940,1032,2484
4786: 2328,2190,308,1921
1898: 1853,521,3719,1009,4587
1899: 2081
1900: 4748,4779
1901: 185
4332: 2787,263,3299,1588,2969
1903: 2854,1519
1904: 1087,3328,3412
1905: 827,3551,2342,1787
1906: 871,1227,9,681,3979,1449
1907: 3332,947
1908: 149,1825,2107
1909: 2279,404,4377,2401,1721
1910: 3907,3111,3215
1911: 2088,2874,552,867,3026,4541
1912: 3908,2051,3035,1882,4558
1913: 848,3724
1914: 2551,140
1915: 1402,597
1916: 4288,2738,954,809,737
1917: 1230,3854,1277,1293,3727
1918: 474,2730,4657,3787,2450
1919: 3822,2941,3471,229,244
1920: 3828,1551,4520
1921: 2573,4786,243
1922: 1727,3494,587,2719,4098
1923: 1323,1117,2008
4516: 2671,2960,1889
1925: 2258,85,4577,2723,481
1926: 2370,744,860,4817,2149
1927: 3066,1493,4544,2048,3195,673
1928: 2090,2827,4139
1929: 2911,1429,3307,2881,3744
1930: 4353,4231
4387: 109,37,959
4494: 1524,2839,1326
1933: 4337,2888,3951
1934: 
1935: 387,3061,1731,3555
1936: 1102,2196,1495
1937: 441,295,981
1938: 3639,4804,1882
1939: 3132,437,2153,765
1940: 3482,1185,3852,4210,384
4548: 4455,4285,3287,4125,2241,678
1942: 2217
4638: 3676,3819,4523
1944: 3263,719,1781
1945: 2159,86,4408
1946: 1362
4690: 1755
1948: 1170,3328,1736,3976
1949: 1526,3374,4728,4110
1950: 3322,2052,529,4003,3042
1951: 2548,3742,981
1952: 2635,540,2931,2115
1953: 641,2147,61
1954: 2406,2509
1955: 2453,443
1956: 2631,1513,4359,2326
1957: 1215,1794,157,2959,2955
1958: 1986,514,3081,2986,1548
1959: 257,1835,2776,1382
1960: 4443,2837,634
1961: 4579,4429
1962: 757,847,795
1963: 420,4565
1964: 90,674,4721
1965: 2207,1517,1276,965,936,2181
1966: 1177
1967: 1276,2337,1836,936
1968: 4705,1245,1668,3906,2310
1969: 2959,2955
1970: 1517,2616
1971: 
1972: 5,1620,3110,58,40
1973: 2590,2111
1974: 4048
1975: 3449,500
1976: 447,587
4637: 166,2636,66,3314,2306,1127
1978: 4227
1979: 1365,537
4887: 
1981: 48,3626,2019,1803
1982: 3694,2189,2646
1983: 1521
1984: 2155,62,1596
1985: 1410,1476,4215,3785
1986: 1958,514,2481,1429
1987: 374,523,1705
1988: 
4520: 2522,2262,1920
1990: 2344,1106,2562,3290
1991: 3443,548,1791,15
1992: 1373,4223,3547,1731
1993: 3149,2477,99,3095,1016
1994: 3051,3251,1074
1995: 816,4217,570,4368
4675: 574,3101
4743: 2517,2576
1998: 4046,183,4601,3377
1999: 3393,334,2574,2696
2000: 1891,113,4701,352,1492
2001: 1406,2530,265,875,3689
2002: 3628,1434,172,4798
2003: 319,2013,1040
2004: 3734,4323,3395,2245,3138
4660: 722
2006: 2243
2007: 
2008: 1117,1923
2009: 2432,1628,2335,1846
2010: 2603,1017
4352: 4008,121,4820
2012: 1468,3931,2479
2013: 1844,107,289,319,2003,1040
2014: 4244
2015: 4312
2016: 
2017: 964,788,1265,2128
2018: 136,2822,3692,4307,3713
2019: 3817,2889,1803,1981
2020: 117,1121,4780,910,1330
2021: 3478,3136,1351,1205,1556
2022: 4512,3448,4776,995
2023: 1708,1220,2766,2740
2024: 2168,2908,530,702
2025: 237,2989,3996,1508,195
4710: 1247,2496
2027: 
2028: 2647,1548,3081
2029: 2308,1782,3664
2030: 746
2031: 
2032: 717,145,4424,619
2033: 1454,3197,3239
2034: 3496,4350,3657,3886
2035: 4549,1494,3337,363
2036: 2295,60,4800,2937
2037: 2053,733,321,2443,2330,2942,492,2399
2038: 3653,1009,3365,3414
2039: 3302,2641,3546,969
4558: 4271,4437,1912,1882
2041: 4058,2263
2042: 2317
2043: 1406,2530,2340,3135
2044: 1706,2210,2049,2804,4357
2045: 1204
2046: 4810,3184
2047: 965,936,1722,1638,2337
2048: 2670,3195,1386,1493,1927
2049: 2130,2804,4357,2044
2050: 1430,2880,2798
2051: 1912,3035,1882,1278,4804
2052: 529,3497,1950
2053: 733,2037,321
2054: 
2055: 3834,3126,1531
2056: 2926,1181,4134,4450,3524
2057: 4630,2466,3773
2058: 
2059: 4648
2060: 2147
2061: 3981,2422,3048,31,1617,4123
2062: 4071,2496,3233,2758
2063: 3885,455
2064: 4819,2624
2065: 2200
2066: 839,2877,3846
2067: 318,2379
2068: 3959
2069: 300,1762,2175,1550,4618,1272
2070: 528,1459,1375,2230,3178
4802: 543,2112,2890
2072: 255,1750
2073: 828
2074: 4082
2075: 1410,1864,1476,1783,3966,3294
4379: 2118
2077: 1630,3998,2384,4588
2078: 4708,1223,4590
2079: 
2080: 2298,4196,1419,3709,3202
2081: 1899,1350
4724: 762,1743
2083: 2879,2404,895
2084: 4795,765,3132
2085: 2634,32
2086: 2097,416
2087: 1443,1703
2088: 3360,1911,2874,867,2666
2089: 2717,1779,2709,3806
2090: 1928,2827
4700: 167,4496,1706,4051
2092: 966
2093: 2487,1601
2094: 3968,4447,1327
2095: 719,844,3551,1787
2096: 3673
2097: 2086,4355,2800
2098: 38,3959,708
2099: 1150,1082,4129,4662
2100: 673,3479,586,2990,4339
2101: 1647,891,632,3480,4149
2102: 2471,3750,3411,2678,3725
2103: 4244,3313
4540: 453,2362,2647
2105: 2557,4290,2936
2106: 4151,3323,3708,3351
2107: 1239,149,1908
2108: 3214,2357,1885,511
2109: 4424,737,3264,2583
2110: 890,3312,1607,3698
2111: 67,1973,3735
2112: 4802
2113: 4212,4626,1393,766
2114: 140,3997,4671,4469,3403,3712
2115: 98,1952,2635,2931
2116: 349,1095,427
2117: 4122,4199,4086,639
2118: 4379,3814,4157
2119: 453,3663,2339
2120: 1020,2493
2121: 3534,4135,1134,865,1629,4228,4567
2122: 
2123: 3776
2124: 325,1664,1235
2125: 18,3379,438
2126: 110,493
2127: 3844,1455,1501,1086,4740
2128: 2305,4727,2017,1265
2129: 2303,931,4128,2941,2570
2130: 2049,2804,4357,1694,4213
2131: 1390,2520,2632,2764
2132: 3187
2133: 2199,2857,2599,2928
2134: 2680,4687,1784
4703: 366,941,1655
2136: 4006,658,4751,4075,4020,2523
2137: 1099,3818
2138: 2243,4244
4702: 959,3240
2140: 4726,3069,4725,3930,2205
2141: 3532,130,4677,3915
2142: 1163,3675,2304
2143: 1685,4463,3228,471
4791: 1126,1546,3838,4503,331
2145: 186,2807
2146: 1802,3902,531,882
2147: 1953,2569,2060,2810
2148: 1357,2565,4277
2149: 4817,2947,3522,4481,2370,1926,422
2150: 4664,4293
2151: 3171,2851,1704,1106
2152: 2470
2153: 3107,765,437,1939
2154: 2986,4498,2637,3081
2155: 1984,1596
2156: 4214,992,2692
2157: 3887,4479,1305,3085
2158: 1486,2665,1806,4673,3971
2159: 2601,3269,4408,1945
4807: 397,3162
2161: 1294,3225
2162: 3437,3187
2163: 
4621: 2893,2586,4764
2165: 4720,4607,4683,455
2166: 2220,4366
2167: 1165,2552,3655,3267
2168: 2024,840,4377,4272
2169: 342,4793,3133
2170: 679,2702,2944,1423,1070
2171: 3735,383
2172: 2340,875,1406
2173: 37,3381
2174: 1225,1096,3956,1512,1394,1178
2175: 2069,1762,1272
2176: 3050,2833,2892,1607,1324,1033
2177: 2965,4654
4737: 4815,2558,3792,3591
2179: 3385,1188,2768
2180: 2840
2181: 965,1484,1965,2207
2182: 3023,764,3963
2183: 
2184: 
2185: 3148,3688
2186: 4309,3765,680
2187: 3889,1530,4053,1422,4747,2559
2188: 2729,3919,665,1848,3122
2189: 2543,3285,4401,3694,1982
2190: 4761,4073,2328,4786
2191: 3665,2459
4614: 1614,1066
2193: 2657,3338,3934,3431,2648,4465
2194: 1876,2863
2195: 
2196: 1936,1495,4423
4707: 4765,3838,4503,3536,82,4593
2198: 1640,2312
2199: 2133,2857,939,2599
2200: 4670,2065,787
2201: 3320,3656
2202: 2701,1823,2397,714
2203: 1351,1563,3337,143
2204: 4405,837,14,4322,1893
2205: 3930,4605,2760,2140
2206: 1769,2959,1503,3888
2207: 1965,1517,2181
2208: 3877,4185,4009,3849,307
2209: 3815,1670
2210: 3487,3618,3358,4823,4357,2044
2211: 1204,4780
2212: 9
2213: 1445,415,1770,1180,4486
2214: 4467,3552
2215: 3432,2455,1042,3084
2216: 188,3771,4686
2217: 2509,1942
2218: 1324,1033,890
2219: 806,2278
2220: 2166,2338
2221: 141,203,3114
2222: 1111,1360
2223: 4699
2224: 3065,2866,1288,4799,1372
2225: 2305,4727,3319,896
2226: 949,2354
2227: 1115,3684,3104
2228: 3321,3373
2229: 404,2277,229,244
2230: 4531,4391,239,1375,2070
2231: 3343
2232: 
2233: 540,2931,953,3559,2549
2234: 236,2567
2235: 3699
2236: 2343,185
4376: 4785,3019,318
2238: 
2239: 569,2421,3272
2240: 3398,2921,1338
2241: 1441,678,4455,4548,3691,4536
2242: 3898,4322,3048,4123,837,3514
2243: 2138,2006
2244: 4483
2245: 3786,4542,2303,874,2004
4448: 
2247: 2519
2248: 4097,2307,171
2249: 1629,4228,4112,3531,4787,2477
2250: 2903,4578,4291,3271
2251: 
2252: 2974,4794,698,1754
2253: 
4646: 1340,1385,1259
2255: 
2256: 4074,1733
2257: 1146,86,3525
2258: 1925,85,2659,2809
4750: 235,4685
2260: 3194,2975
2261: 3025
2262: 1697,858,4520
2263: 2041
2264: 324,4632
4686: 1567,2216
4504: 3853,4081
2267: 
2268: 1004,553,1137
4783: 4435,2446,543
2270: 3183,3181,4246
2271: 347,2463
2272: 922,3844,1455,1218,4505
2273: 794,92,3661
2274: 
2275: 3682,2391,2871,3988,4197
2276: 
2277: 2229,404,922,229,2528
2278: 2219,806,4599
2279: 2528,1180,1909,404,1721
2280: 868,2722,4668,3816,4049
2281: 206
2282: 2654,253,439,4155
2283: 
2284: 1859,550,100
2285: 112,4286,1363,898
2286: 3567,4061,1093,2752
2287: 1623,1143,1830
2288: 4008,121,1650,4613,3213
2289: 2795
2290: 2854,1077
2291: 3752
2292: 2440
2293: 3794,3214,2357,101
2294: 1447,2978,3648
2295: 60,1796,2036,4267,4800
4442: 3675
2297: 
2298: 4196,2080,1419,239
2299: 2363,2727
2300: 3885,442
2301: 4369,278
4645: 2686,3625,4785
2303: 2129,874,4544,3786,2245
2304: 3675,1304,2142
2305: 2128,2225,4727,1265,3415,3319
2306: 4209,155,66,4637,2770,1127
2307: 4097,495,2248
2308: 2029,2996,1502,4001
2309: 4361,621
2310: 2597,3906,4444,4705,1968
2311: 726,3777,4459
2312: 3493,614,2198
2313: 1378,2511,532,4076
2314: 1800,3679
2315: 3462,141
2316: 598,3936,4590,3409,843
2317: 3060,2042,1452
2318: 2614,1202,4044
2319: 2860,3601,4554,4633
4401: 3285,123,3694,2189
2321: 4767,1026
4792: 1170,4024,3930
2323: 1817
2324: 4249
2325: 4785,4697,3455
2326: 1956,1513,3630
4564: 1282,3363,345
2328: 4786,2674,3206,2190,3872,308
2329: 2707,2878,1695,1175
2330: 2443,2678,733,2037
2331: 
2332: 3089
2333: 3713,136,3090,3418,3466
2334: 3703
2335: 1846,1628,2440,2009
2336: 4291,4197,3733,2871,13,2761
2337: 1967,4074,2047,936
2338: 3466,2220
2339: 915,1618,2119,1775,3663,1695
2340: 2172,4318,1406,2043,4325,3135
2341: 2481,202
2342: 961,2411,161,1905
2343: 2236,3346
2344: 1990,1106,2392,3315,429
2345: 3277,1,3916,578
2346: 3163,4062,3100,561
2347: 3889,3718,1530,2719
2348: 2689,4077,3288
2349: 2684,260,7,2557,241
2350: 2483,1747,3619,1104
4559: 4709,2596,1606
2352: 940,1271,3272,3833,1384
2353: 3403,4671,1255,3859
2354: 949,2226,1332,1037
2355: 4778,3799,3461,1540
2356: 3835
2357: 2108,3214,2293
2358: 2521,4423,3279
2359: 752,3935,2508
2360: 1560,4412,1611,1153,4295,3064
2361: 1555,3016,3788
2362: 453,4540,2647,501,2751
2363: 4022,2727,2299
2364: 3217,3725,321,1431,770
4728: 1949,1526,1599
2366: 447,2511,3763
2367: 1154,106
4351: 4334,726
2369: 784,2503,1799
2370: 1926,466,4481,1657,422,2149
2371: 
2372: 3090,3418
2373: 698,2814,4537,1153
2374: 864,1880
2375: 428,2823,375
2376: 3944,627
2377: 
2378: 4297,2951,1329
2379: 2067,431
2380: 1248,164
2381: 
4423: 2196,259,2358
2383: 2704,3168
2384: 1232,4588,3998,2077,3557
2385: 1639,4319,2954,1279
2386: 
2387: 1350,806
2388: 2643
2389: 1585,3389
2390: 
2391: 878,3763,3046,3682,2275,4197
2392: 2922,3315,846,2344,429,588
2393: 917,1045,2640,300
2394: 
4795: 2084,1751,15,3107
2396: 
2397: 476,2202
2398: 2663,2731,59
2399: 492,2037,321,2422,770
2400: 3427,566
2401: 270,1721,1909,4377,3227
2402: 152
2403: 2526,654,3938,4619
2404: 2522,2905,2083
4633: 4079,414,2319
2406: 1954,1094
2407: 1489,4052
2408: 1354,4258,3543,4475
2409: 3621,579,3271,1559
2410: 3234,872,2506
2411: 2342,961,25
2412: 
2413: 3730,2463
2414: 3544,3244
2415: 1653,339,3859
2416: 1432,1256,527
4392: 1370,230,2830,1081
2418: 277
2419: 3830,1757,1079,163
2420: 3508,3483,3896,4476
2421: 569,2239,2831
2422: 3981,709,2061,492,2399
2423: 562,4210,1038,384,1392
2424: 4150,3001,1861,701,3124
2425: 3752
2426: 3747,4198,1241
4452: 4460,3326,120
2428: 
2429: 368,3501,553,3375
2430: 1253,1435,1835,3444,1382
4522: 650,1291
2432: 2009,92,1846,526
2433: 4400
4478: 
2435: 1444
2436: 1662,4465,2657,88,3629,3255
2437: 3386,4053,4747,4229,4674
2438: 4579,4286
2439: 3647,165,1000
2440: 3006,2937,2292,2335,1846,526
2441: 4194,398,350,4353,450,4480
2442: 2750,4821
2443: 2330,2942,4296,2037
4507: 
2445: 3078
2446: 4435,4783,3400
2447: 
2448: 4699,2603
2449: 3307,3563,3366
2450: 4821,1433,1918,4657,4041,3787
4443: 1960,3120,2837
2452: 4187,1653,4469,140
2453: 1955,1115
2454: 4335,585
2455: 2215,3432,3745,1795,3084
2456: 3655,3267,3746,1522,4329,4562
2457: 1857,1543,1504
2458: 1676,2468,4704
2459: 3460,2826,2886,3665,2191
4616: 1604,3715,221,677
2461: 4374
2462: 1876,3915,2863
2463: 347,3730,2271,2413
2464: 1499,3411,4093,838,3750
2465: 4420,4143,3292,2883,4772
2466: 2057,3773,637
2467: 4202,452
2468: 3369,2458
2469: 3052,749
2470: 2152
2471: 2102,3725,1431,3512
2472: 3926
2473: 4250
2474: 1399,2544,1320
4499: 3432,3745,3283,1491,4663
4399: 865,3480,632,317,3534
2477: 1993,3149,4112,2249,3253,4551
2478: 490,671,4439,730
2479: 4195,792,2012
2480: 3582,4207,4038,3451
2481: 2341,202,1986,1429
2482: 881,3539
2483: 1393,2350,2508
2484: 1032,3879,4636,3533,3940,1896
2485: 1608,708,3485,3959
2486: 2521,3595,2666,3360
2487: 2093,1601,32
2488: 1268,668,4462
2489: 1036,539
2490: 3863,2808
2491: 485
2492: 
2493: 2120,2817
2494: 4283
2495: 282,3681
2496: 2062,4710,3233
2497: 2969,263,1616,4459,4803
2498: 3572
2499: 
2500: 4470,4064,4256
2501: 3826,3158,3345
2502: 2610,4407,4224,3115
2503: 4797,2369,385,1506
2504: 405,3847
2505: 4527,2945,2516,2525,2838
2506: 4555,312,1052,2410
2507: 1875,2916,276
2508: 2359,752,2483
2509: 1954,2217
2510: 610,1562,935,3766
2511: 2313,1378,2366
2512: 969,1641,1837,1219
2513: 1135,4380
2514: 3220,1485,4669,4738,1109
2515: 2632,3826,4333,3047,2623
2516: 2505,2525,1361
2517: 4080,4743
2518: 3532
2519: 2247
2520: 2131,607,606,1582,2632
2521: 2486,2358,3595,2666
2522: 2404,4520
2523: 4017,479,2136,658
2524: 
2525: 4527,2505,2516
2526: 26,654,2403,2771,3938
2527: 1478
2528: 2279,1180,4505,404,2277
2529: 3590
2530: 1406,2001,863,3236,2043
2531: 2681,1252,4366
2532: 849
2533: 4600,907,4705,4383,4444
2534: 250,3535
2535: 217,4178,1022,3754
2536: 857,930
2537: 3361,3458,949
2538: 945,1625
4524: 4207,2736
2540: 3608,3476,3583,3105,174
2541: 
2542: 3799
2543: 830,2189,3285
2544: 2474
2545: 1767,4030,3550,4742
2546: 4047,522,3805,1663
2547: 1661,3712,1642,1384,4809
2548: 2569,1246,1951
2549: 2233,953,3559,4733
2550: 4356,4007
2551: 4187,3264,1914
2552: 1165,2167,498
4436: 445
2554: 3366,3903,3318,3720
2555: 667,3286
2556: 1800,1420,1248
2557: 2105,4290,7,2349
2558: 3580,281,3792,4737
2559: 1727,19,3289,1422,1530,2187
4476: 503,2420,4619,3896
2561: 3698,1594,1458,2892
2562: 3156,3530,3290,1990,4028
2563: 2817,419,4438,628
4328: 3866,4069,4489
2565: 3931,2148
2566: 3513,1326,1649,1042
2567: 2234
2568: 3047,4142,4184,3687,4333
2569: 2548,2147
2570: 1747,2129,931,3391
2571: 4701,352,4151,1216,4774
4467: 2214
2573: 1921,4073,4338
2574: 3217,334,2696,1999
2575: 
2576: 4743
2577: 
2578: 1348,4758,76
2579: 1806
2580: 863,2841,1675,1740
2581: 1860,3176,4238,2734,3087
2582: 251,224
2583: 3334,2109,3264,717
4456: 3884,490,4363,2886
4482: 1039
2586: 4764,2893,4621,396,4811
4813: 1759,1420
2588: 495,109,959
2589: 1026,4279
2590: 4798,4095,1973
2591: 324,4013
2592: 524
2593: 3112,1849,817,4497
2594: 3529
2595: 64,623,3695
2596: 4709,4559,4055,4036,1606
2597: 3906,2310,4444,466
2598: 1006
2599: 1198,1851,939,2199,2133,2928
2600: 12,3169,1583,4390
2601: 2159,3269,4030,3550
2602: 4179,3965,1772
2603: 1417,1017,2010,2448
2604: 3308,1558,1049,1312
2605: 3477,808
4508: 2726,3661,145,794
2607: 1836
2608: 1114,972,1083
2609: 1659,3687,4333,643,1268,2623
2610: 2502,4407,3824,4037
2611: 1702,4289,4318
4460: 4452
2613: 573,1878,3485,1608,3897
2614: 1202,2318,408,801
4418: 3866,4069
2616: 1313,1970,1517,510
2617: 1670,1337,3980
4388: 4183,1528
2619: 3682,3845,3423
2620: 3907,4200
2621: 4760,1383
2622: 4666,674
2623: 1268,2609,4333,2515,3826
2624: 2064
2625: 218,3511
4648: 2059,4347,3711
2627: 3471,229,1118,3066,1493,4128
2628: 4781,1024,791,4039,1852,3098
2629: 4457,4238,4627,723
2630: 1448,4587,3719,3144
2631: 1956,1513,1479,4359,1440
2632: 2515,3826,3047,1582,2520,2131
2633: 1166,611,1541
2634: 2085,1724,236
2635: 1952,3408,4574,2115
2636: 166,4637
2637: 1184,4498,3463,2154
2638: 919,3718
4774: 1216,86,4408,2571,4151,3708
2640: 917,4110,3413,419,2393
2641: 4217,3302,2039,830,3546
4390: 1240,1651,4102,2600,12,1583,3982
2643: 4251,2388,337
2644: 1597,3068,1059,4789
2645: 1291
2646: 1526,3374,1982
2647: 2028,1184,453,4540,2362
2648: 3431,2913,2950,1167,4465,2193
2649: 3170,1765,3607
2650: 3124,3505,4259,1479,1686
2651: 3662,3223,851
4470: 4064,2500,4031
2653: 515,4664
2654: 1261,2282,1680,2775
2655: 3287,4125,3359,1851,3484,4285
4708: 3409,2078,4590
2657: 2193,3338,3934,2436,4465,3255
2658: 2943
2659: 407,1114,2258,85
2660: 3044,725,1395,3760,4571
4746: 3693,1730,541
2662: 1152,551,774,4797,385,1352
2663: 2398,4304
2664: 3886,4280,1034,1060
2665: 2158,1486,1806,4321
2666: 2521,2486,867,2088,3360
2667: 944,1283,3265
2668: 3190,516,2808
2669: 4580,3817,1570,2759,2889
2670: 2048,3195,1386,4144
2671: 4516,2960
2672: 4623,1266,3728
2673: 3597,1774,1809
2674: 998,3206,2328
2675: 3729,3053,3424
2676: 3690,3621,4778,4111,853
4751: 4006,2136,4075,1874,4441
2678: 1499,3411,2330,2102
2679: 2714,3779,3439
2680: 1591,938,2134,4687,4068
2681: 2531,261
2682: 219,3305,1764
2683: 4445,504,1722,3017,4584
2684: 2349,260,431
2685: 1576
2686: 3625,3455,4645
4780: 910,2211,1603,2020
2688: 4305
2689: 2348,4077,3123
2690: 1787,3349
2691: 1869,699,3812,2792
2692: 1000,2156
4769: 339,2756,2738
2694: 3070
2695: 3545,531
2696: 3832,3650,334,2574,2717,1999
2697: 729,2872,1241,153
2698: 1780,1228,4438,2773
2699: 3127,1330,117,1773,748,62
2700: 400
2701: 753,1823,2202,714,93
2702: 3447,679,2170,2944
2703: 1666
2704: 4016,2383,3168
4778: 2355,1540,2676,4111,3316
2706: 150,4325,3443
2707: 2329,2878,1695,1175,915,742,1598
2708: 148
2709: 1431,3512,1730,2717,2089
2710: 1470,1015
2711: 3285,1073
4355: 4130,2097,2800
2713: 
2714: 2679,3779,3439,1318,1258
2715: 639,1396,1762,4086
2716: 3660,4543
2717: 2089,2709,3650,3832,2696
2718: 1336,3077,4491
2719: 3889,2347,1530,1922,1727
2720: 3441
2721: 745,4059,4525
2722: 868,4668,417,1376,2280,3609
2723: 4577,172,1925,1630,481
2724: 1742,1712,3231
2725: 3422,1697,858,3229
2726: 4508,2861,3074
2727: 2363,2299,1128
2728: 
2729: 2188,3892,3919
2730: 474,1918,544,4657,285
2731: 538,3481,778,2398
2732: 2951,3444,1687
2733: 1427,4808,1102
2734: 3975,1023,3807,4238,3176,2581
4435: 2446,4783,4512
2736: 89,2958,4524
2737: 1605,4474,230
2738: 2756,4288,1916,4769
2739: 3696
2740: 982,2023,1708,412,3043
4787: 3531,2249,845,3253
2742: 4800,3637,985,4694
2743: 3090,4160
2744: 282,1677,610
2745: 4301,4314
2746: 3787,1877,4821,25,594
2747: 1125
2748: 1270,4777,4180
4428: 581,3603,2952,916,1176,1068
2750: 2442,4259,497,1686
2751: 3957,823,2362,501,41,2949
2752: 1093,2993,1111,2286
4577: 1434,172,2723,1925,85
2754: 4274
2755: 3437
2756: 2738,3220,1633,4769
4579: 2438,1961,4120
2758: 1841,3109,2062,4766
2759: 1570,1068,1869,4580,2669
2760: 3974,1842,2205,942
2761: 228,4583,2336,3733,13
4441: 1411,4751,4075,1874,3948
4593: 82,3780,2991,4707
2764: 3063,4784,1390,2131,3345
2765: 
2766: 4543,2023
4546: 129
2768: 1188,266,2179,3385
2769: 4726,3069,3200,3155
2770: 2306,155
2771: 2526,26,654,4050
2772: 623,3941,4234,4789
2773: 2817,101,2698,4438
4485: 2859,2914,3502,3175
2775: 1680,2654,4348,836
2776: 1835,3125,4344,4276,1959
2777: 4552,4152,731
2778: 1208,464,4262,2783,1692
2779: 4560,3772,4158
2780: 3421
2781: 45,4084
2782: 1416
2783: 4262,1208,2778
2784: 4510,1238
4666: 2622
2786: 555,1739,1064,4155
2787: 4332,263,3299,1418,1616
4345: 625,3683,4157
4561: 1658,3045
4498: 2154,2637
2791: 
2792: 4461,4313,3812,2828,2691,3842,1636
4765: 1546,4707,3838,4653,3989
2794: 640,4809,940,1341
2795: 2289
2796: 1674,3336,2979,269
4588: 2384,509,2077
2798: 3197,1430,2050
2799: 3141
2800: 1110,4355,2097
2801: 3219
4631: 578
4338: 1078,4073,2573
2804: 2049,2130,1706,2044,167
2805: 
2806: 
2807: 186,2145
2808: 516,2490,3190,2668
2809: 2258
2810: 3433,2147
2811: 3453,1308,1640,3295
2812: 3508,3483,1116
2813: 213,2823
2814: 328,1754,2373,698,1153
2815: 
4576: 3873,3465,3500
2817: 2773,419,2493,2563
2818: 4140,4028,1380,1136,2872,729
2819: 4562
2820: 859,3105,2868,174
2821: 
2822: 3692,309,2018,3429
2823: 428,2375,4371,213,2813
2824: 3255,854,88,4054
2825: 576,935,1376,3609,4586,4215
2826: 2459,3460,671,2886
2827: 2090,1928
2828: 4461,2792,3584,3842,1636,1011
2829: 3589,771
2830: 1081,4253,1725,4392,1281
2831: 3463,1488,2421
2832: 467
2833: 3050,2176,1765,2892,3987
4369: 732,2301,26,3938
2835: 1342,3489,805,542
4739: 3496,4312,3759,68,4118
2837: 4443,1960,634
2838: 4594,2505
2839: 4712,1012,4494,3468,1326
2840: 1050,4454,1473,2180
2841: 2580,863,2859,3175,265
2842: 3657,1450,622
2843: 946,617
2844: 
4701: 113,2000,352,2571,1216,4408
2846: 3352,3587
2847: 4697
2848: 397,3162,1154,1298
4463: 2143,471
2850: 3028,4362
2851: 3171,2151
2852: 4182,694,594,4421
2853: 297,3793,1086,2885
2854: 2290,1903,4779
2855: 3270
4758: 2578,4363
2857: 2199,2133,877,4219
2858: 1165,1008,3139
2859: 1726,4485,3175,2841
2860: 2319,4554
2861: 3456,3074,2726,1488
2862: 1098,1353
2863: 3915,920,2194,2462
4711: 569,3456
2865: 911,3577,0
2866: 2224,3065,1372
2867: 1164
2868: 859,3105,2820
2869: 1255,3859,1573
2870: 
2871: 3988,2275,2336,4197,1257,13
2872: 1136,1241,2818,2697,729
4784: 3063,3820,1392,2764,3345,3258
2874: 2088,1911,3926,4541
2875: 
4563: 1724,786
2877: 2066,839,4754
2878: 2329,2707,1598
2879: 2083,895,482,4480
2880: 2050,1166
2881: 1929,3361,3744
2882: 3439,1500
2883: 258,3292,3905,2465
2884: 
2885: 2853,297
2886: 1302,4363,3665,4456,2459,2826
2887: 3856,4242
2888: 1091,4337,4665,4595,3951,1933
2889: 4713,3817,2019,2669
2890: 4802,295,4501
2891: 1758
2892: 2833,2176,1458,2561,3987
2893: 635,4621,396,2586
2894: 4145
4726: 2140,3069,2769,4725,1632,3155
2896: 3435,886
2897: 3939,589
4581: 2983,3871,3221
2899: 3371
2900: 918,3762,1854,3739,205,1829
4560: 3188,3464,4801,2779,4158
2902: 1124,3574,1701
2903: 2250,3046,4291
2904: 778
2905: 3229,2404
2906: 3356
4440: 975,1638,100,4698,4074
2908: 4655,2024,840,702,1069,3372
2909: 
2910: 3997,3117
2911: 1929,1297,3744
2912: 3646,1109,3901,1810
2913: 3431,2950,2648,1814,4718
2914: 2979,269,3502,4485
4527: 2505,2525
2916: 1875,2507
2917: 4501,1734
2918: 173,1738,1145,832
2919: 4224,1874
2920: 4607,4317,999
2921: 2240,1338
2922: 2392,3315,846,3962
2923: 
2924: 1832,4403,928
2925: 476
2926: 3009,2056,1223,4316,3524
2927: 1361
2928: 1851,2599,2133
2929: 
2930: 771,3221
2931: 2233,540,1952,2115
2932: 4247
2933: 829,112,4286,1728
2934: 3351,3020,3708,406
4434: 1425
2936: 2105,4170
2937: 2440,3637,2036
2938: 559
2939: 
2940: 
2941: 3822,1919,3471,2129,4128
2942: 921,4296,2443,2037,492
2943: 2658,395,4084
2944: 646,679,2702,2949,2170,1423
2945: 2505,196
2946: 3624
2947: 4817,2149,3522,2982,3097,695
2948: 3219,353
2949: 679,41,2751,823,2944
2950: 2913,2648,988,1167
2951: 2732,1052,3444,2378
2952: 3603,4428,3553,1103,1176
2953: 3485,3423
2954: 3741,4319,2385,1279
2955: 1969,1769,2959,1957
2956: 736,4808
2957: 4736
2958: 3755,3202,4196,89,2736
2959: 1969,2206,2955,1957,292,1503
2960: 430,4516,2671
2961: 1528,3497,1888,4451
4500: 192
4555: 2506,1329,4756
4535: 10,1661
2965: 4654,2177
2966: 168,1839,1303,4462
2967: 1741,3088,469
2968: 4054,587,4076
2969: 3855,2497,1588,4332,263,3230,943
2970: 3811,4230,1277,1293
2971: 1283,3521,796
2972: 3452,534,4603
2973: 
2974: 2252,698
2975: 2260,1778
2976: 
2977: 4537,1560,3680,948
2978: 2294
2979: 269,2914,2796
2980: 4818,564
2981: 1482,3428
2982: 4817,2947,695
2983: 4581,976,1545
2984: 1065,3744,4090,646
2985: 565,1139
2986: 2154,923,1958,514,3081
2987: 3684,4716
2988: 
2989: 237,2025,4775,1461
2990: 4144,586,1388,2100
2991: 1018,1212,4180,4593
2992: 138,3481
2993: 1829,1111,4189,1093,2752
2994: 
2995: 1532,3136
2996: 3386,2308,4674,1502,4001
4541: 3926,552,1911,2874
4747: 296,4053,1422,2437,2187
4594: 805,2838
3000: 1317
3001: 2424,4150,1861,3124,35
3002: 3388,1296,4744,224
3003: 777,940,913
3004: 3457
4819: 1820,103,2064
3006: 2440,619,3566,526
3007: 
3008: 3999,4370
3009: 2926,4316,3524,3644
3010: 
4771: 4812,757
3012: 832
3013: 
3014: 853,4461,1594
3015: 159,1462,1173
3016: 4789,4234,1555,2361,1080
3017: 242,4584,4445,2683,4017
4682: 3186
3019: 4033,4376
3020: 3351,2934,3203,3821,254
3021: 
3022: 137,3743
3023: 2182,1416,764
3024: 4732,979,4008
3025: 2261
3026: 867,552,277,1911
4717: 3602,369,4692
3028: 813,4362,2850,3545,3167
3029: 73,4820,4732
3030: 3770
3031: 
3032: 205,1823
3033: 
3034: 59
3035: 3908,2051,1912,3055
3036: 3696,4684,1439
3037: 4103,3645
4761: 2190,1078,4073
3039: 
3040: 
4738: 4669,1663,1485,2514
3042: 183,1950,4003
3043: 412,2740
3044: 2660,725,1395,1819
3045: 4561
3046: 878,2391,4291,2903
3047: 2568,4142,4333,1582,2515,2632
3048: 3981,2061,2242,4123,3514
3049: 4113
3050: 2833,2176,1324,3905
3051: 1994,3460,160
3052: 2469,3574,749
3053: 3424,4302,1505,2675
3054: 3355,4712,1012
3055: 3344,1424,3908,3035
3056: 4788,1082,1048,1602
3057: 3964,1871,4667,1257
3058: 3075,645,1807
3059: 
3060: 2317,1452,3672,3914
3061: 387,1935,3772
3062: 4811,3540,3552
3063: 4784,3820,1392,2764,1390
3064: 3736,4295,2360,4610
3065: 2224,1295,2866
3066: 1493,1927,4544,2627,4128
4822: 378,1133,232,4276,4085
3068: 2644,1597,4230,11
3069: 4726,2140,2769,942
3070: 613,2694
3071: 3339,58,40,4116,3608,3476
3072: 3809
3073: 963,3375,4148,4253
3074: 3456,2861,3334,2726
3075: 3058,4275,831,3157
3076: 1353
3077: 2718,416,3401
3078: 2445
4553: 1185,1270,3820
3080: 3382,1791,548
3081: 1958,514,2986,2154,2028
3082: 
3083: 3479,3775,4339,1720
3084: 1795,1655,2215,2455
3085: 1305,1219,2157
3086: 
3087: 3333,4238,4627,2581
3088: 1741,2967
3089: 2332,2
3090: 2743,2372,2333,3418
4462: 668,1303,2488,2966
3092: 
4543: 4233,2716,2766
3094: 1193,3165,1585,3686
3095: 1879,4112,904,1993
3096: 
3097: 2947,3522,695
3098: 873,2628,791,1852
3099: 582,3
3100: 4777,561,1660,2346
3101: 4057,1514,175,4675
3102: 239,1459,1375,1604
3103: 1169,1511,4138
3104: 2227
3105: 2820,2868,174,1141,2540
3106: 3477,3989,803,4653
3107: 2153,765,15,4795
3108: 3225,123
3109: 1841,2758,3849,4243,4766
3110: 775,1972,1620
3111: 4200,1910,4120,3215
3112: 2593,1849,364
3113: 
3114: 2221
3115: 4154,517,2502,4407,1811
3116: 700
3117: 2910
4764: 2586,4621,1845,1362
4777: 3100,3241,1018,2748,4180
3120: 4443
3121: 1831
3122: 4245,1848,2188,3892,4770,3818
3123: 95,2689
3124: 2650,3505,701,2424,3001,1861
3125: 1835,2776,4276,4271,4437
3126: 2055,3770
3127: 2699,1330,748
4801: 968,333,544,4560,3464
3129: 4501,1681
3130: 1699
3131: 3148,130,4422
3132: 1357,1939,765,2084
3133: 4189,3196,342,2169,1587
3134: 691
3135: 4325,1406,2340,2043
3136: 2021,3478,2995
3137: 1463,1037,76
3138: 1067,1752,4542,2004,4323
3139: 530,702,1165,2858
3140: 3894,3567
3141: 2799
4626: 3714,4212,2113,766,3198
3143: 1328,1628
3144: 513,1448,2630,3556
3145: 4001,1782,672
3146: 574
4481: 1657,660,1005,2370,422,272,2149
3148: 2185,3131,130
3149: 1993,2477,3253,4551,1174,933,1016
3150: 3388,4744,4256,1254,3751,4064
4562: 2819,1733,100,3655,2456,4329
3152: 1073,4241,4815
3153: 459,633,3844
3154: 473
3155: 4235,1632,4726,2769,750
3156: 3530,2562,1023,4002,1860,3176
3157: 831,4275,3075
3158: 4662,2501,558
3159: 
3160: 3956
4459: 4803,4659,2497,2311,1019
3162: 2848,397,4807,3182
3163: 2346,1655,1005,4062
3164: 4571,1395
3165: 1193,3094,368,4523,3501,3686
3166: 435,1306
3167: 3545,531,813,3028
3168: 2383,92,2704
3169: 4805,2600,12,1249
3170: 1609,2649,1593
3171: 2151,2851,3962,1106,3315
3172: 518,1337
3173: 304,1319,3640,3781
3174: 3394,1309,252
3175: 265,2859,4485,2841
3176: 1860,2581,1023,2734,3156
3177: 3363,3348
3178: 493,4628,528,2070
3179: 3526,499,522
3180: 234,1242,1155,3954
3181: 4246,880,2270
3182: 1154,3162,1790
3183: 2270,4745,4108,4246
3184: 3713,4307,4810,2046,3560,4311
3185: 4608,507,570,1771
3186: 4682,3263
3187: 2132,2162
3188: 4560,3464,4651
3189: 1439
3190: 3863,2808,2668
3191: 1103,3873,4806
3192: 3506
4731: 
3194: 2260,103
3195: 2048,2670,4144,673,1927
3196: 4189,3133,1093,1314,4061
3197: 680,2033,2798
3198: 739,4626
4519: 1692,1064,4354
3200: 4235,2769,4591
4464: 4107
3202: 3755,1063,2958,4196,2080
3203: 3821,1138,3020,1425,254
4806: 3191,1570,4580,1327
3205: 4281,3330
3206: 2674,3872,308,2328
3207: 3837,1371
3208: 
3209: 4209,155,53,1074
3210: 3694,4643
4348: 4047,883,1261,2775
3212: 
3213: 1310,4008,2288,4613
3214: 2108,2357,511,3899,2293
3215: 4120,898,1910,3111,4529
3216: 3624,1108,3633,1578
3217: 334,2364,770,2574
4394: 3964
3219: 2948,2801
3220: 1485,2514,1633,2756
3221: 3871,2930,4581
3222: 1500,299
3223: 851,2651,1535
4335: 2454,585,3913
3225: 2161,3108,123
3226: 951
3227: 978,1008,930,2401,270,1721
3228: 3544,471,2143,1685
3229: 2905,858,2725
3230: 3836,943,1588,2969
3231: 723,1712,2724,4457
3232: 4693,964,1076,183,4103
3233: 4723,2062,2496
3234: 2410,872,4756
4789: 3016,1822,2772,2644
3236: 1549,863,1675,2530
3237: 
4618: 494,1771,300,2069,1550
3239: 2033,644
3240: 181,4702
3241: 4777,3604,607
3242: 19,3289,1605,296
3243: 3581,3319,3415,4289,150
3244: 2414,471
3245: 1463,3458,1065,4090
3246: 1132
3247: 1592,4417
3248: 502,1357,1723
3249: 
3250: 664,17,3885
3251: 1994,1074,3478
3252: 9,3559,3979,4733
3253: 845,4551,4787,3149,2477
3254: 3740,4620
3255: 2824,2436,2657,854,88
3256: 1753
3257: 
3258: 3345,558,4784,1144,1827
3259: 3794,4680,1547,101,1228
3260: 
3261: 1690,4419,657
4529: 1186,898,3215
3263: 3186,1944
3264: 737,2109,2551,2583
3265: 2667,397
3266: 494,4368,816,3470,1045,33
3267: 3655,2456,2167,1522
4772: 1398,1643,4143,2465
3269: 2601,2159,3273,113
3270: 1626,2855
3271: 1559,2250,4578,4282,2409
3272: 1271,2352,2239,3833
3273: 1043,1801,113,3269
3274: 3572
3275: 4206
3276: 
3277: 3552,2345,3540,1
3278: 844,4130
3279: 3454,2358
3280: 469,303,4049,3434
3281: 4232
3282: 
3283: 1491,3513,3432,4499
3284: 3801,3294,3310,4629
3285: 123,2711,4401,2189,2543
3286: 2555,3967
3287: 2655,4125,971,3881,4548
3288: 2348,4029,1612
3289: 3242,19,296,1422,2559
3290: 2562,1990,1106
3291: 
3292: 258,2883,2465,1643
3293: 
3294: 3284,3966,1864,2075
3295: 2811,4611
3296: 1087,1850,4381
3297: 4360,4398,4222,493,110,365
3298: 1178,1680
3299: 2787,4332,1418
3300: 1169,1511,1564,803
4573: 4010,3734,962,1840
3302: 4217,2039,570,2641
3303: 3690,1122,699,4313
4798: 2590,2002,509
3305: 3929,4598,3779,2682,313,1764
4627: 4238,2629,1134,3087
3307: 2449,202,3563,1929
3308: 2604,4208,3601,4079
3309: 1239,1217
3310: 4518,3284,710,4629
4757: 4466,851
3312: 799,1179,3698,2110
3313: 4321,2103,3856
3314: 3434,66,1046,4637
3315: 2392,2922,3171,3962,2344,1106
3316: 4111,4778,1540,756,519
3317: 3509
3318: 152,3720,2554
3319: 3243,3581,3415,2305,2225,896
3320: 2201
3321: 2228,3588
3322: 3556,1950,57,3510,529
3323: 4151,2106,432,1793
4649: 3932,664
3325: 4185,4009,4723
3326: 4452,1075,120
3327: 1761
3328: 1948,1087,1904
3329: 
3330: 4220,3205,967
3331: 3874,1587,4405,3732
3332: 1579,1907,947
3333: 3087,1134,4567,3747
3334: 2583,717,3074
3335: 3806,541,1859,4698,975
3336: 2796,457
3337: 363,2035,2203
3338: 2657,2193,3934,3431,4474
3339: 58,3071
3340: 3435,886,1004
3341: 349,3677,4693,3377
3342: 4031,3653
3343: 2231,219,4139,323
3344: 3055,1484,4121,1424
3345: 558,3258,2501,4784,2764
3346: 2343
3347: 198
3348: 4692,4582,1306,3177
3349: 4182,740,694,2690
3350: 305,307,1201,3702
3351: 2934,3020,2106
3352: 2846,3587,1140
3353: 914,1850,1255,4141
3354: 1536
3355: 4712,1012,3054
3356: 2906
4371: 213,739,0,428,2823,826
3358: 4823,4071,3468,2210
3359: 1174,491,1198,1851,1600,3484,2655
3360: 2088,2486,2666,998
3361: 2537,3458,2881
3362: 
3363: 1282,4564,1671,3177
4565: 4034,4039,1963
3365: 1152,774,3414,2038
3366: 3903,2554,2449
3367: 1078
3368: 597,4550,4624
3369: 4735,2468
3370: 618,190,3697,4490
3371: 3631,2899
3372: 1069,4655,2908,1393
3373: 2228
3374: 1949,1526,2646,33
3375: 4148,3073,4253,2429
3376: 4695
3377: 4693,4046,1998,349,3341
4647: 3821,1138,408
3379: 438,3850,2125,4163
3380: 
3381: 37,2173
3382: 3080,1791
3383: 
4674: 820,1502,2996,2437,4229
3385: 2179,2768,283
3386: 2996,2437,3676,3819
3387: 1167,3802,315
3388: 1296,3002,4744,3150,3751
3389: 2389
3390: 4342
3391: 3619,4272,3822,2570,840
3392: 4741,3626,475
3393: 1999,4020,4384
3394: 3174
3395: 2004,4010,506
3396: 4034,665
3397: 1379
3398: 2240
3399: 401,1627,30
3400: 3742,2446
3401: 1050,416,1336,3077
3402: 4397,191,4672
3403: 2353,4671,2114,3712
4659: 4459,3807,1019
3405: 4799,49
3406: 4287
3407: 
3408: 2635,913,1341,4574
3409: 4708,2316,4590
3410: 4123,3514,468
3411: 1499,2464,2678,3750,2102
3412: 4381,1518,3977,1904
3413: 1599,2640,4110,419
3414: 1853,707,774,3365,2038,1009
3415: 1702,1265,4289,2305,3243,3319
3416: 4788,3803,4129,328
3417: 854,4658
3418: 3466,3090,2372,2333
3419: 1581,1687,1253,1435,4532,1299
4617: 1809,3579
3421: 2780,4568
3422: 225,1260,4473,1697,356,2725
3423: 2619,2953,1378,1878
3424: 3053,2675,983
3425: 4489
3426: 82,3780,4091,271
3427: 2400,566
3428: 424,111,1482,2981,344
3429: 309,2822
3430: 
3431: 2913,2648,2193,3338
3432: 2215,2455,4499,3513,3283
3433: 2810
3434: 3314,3280,303,1046
3435: 2896,3340,886
3436: 3781,3709,775,1215,1794
3437: 2755,2162
3438: 292,1503
3439: 2714,2679,1258,2882
3440: 4612,434,3643
3441: 2720,94
3442: 
3443: 1991,548,1487,2706
3444: 1382,2430,1435,2951,2732
3445: 
3446: 1827,1144,1792,1301
3447: 2702,823,1028,227
3448: 672,4776,2022,4512
3449: 1975,500
3450: 
3451: 4038,3771,4398,2480
3452: 2972,534,4745
3453: 906,2811,3518,893,4611
3454: 3279
3455: 3824,4697,4037,2686,2325
3456: 2861,3074,569,4711
3457: 3004,852
3458: 3361,2537,1065,3245
4549: 2035,1494,4279,4192
3460: 2459,2826,134,3051
3461: 824,2355,1541
3462: 934,1472,2315,141
3463: 2831,440,2637
3464: 4560,3188,4651,333,4801
3465: 1445,3500,3873,4576
3466: 3418,2338,2333
4509: 
3468: 3618,4712,2839,3358,1326
3469: 
3470: 816,33,3266
3471: 229,2627,4128,2941,1919
3472: 440,1184
3473: 847,391,4284
3474: 3654
3475: 1596,1096
3476: 2540,3608,3071,1141
3477: 3106,3989,1546,331,2605
3478: 2021,3136,3251,1205
3479: 673,2100,3775,3083
3480: 865,1520,4399,632,2101,4149
3481: 538,2731,2992,778
3482: 1940,1624,384,1682
3483: 2812,2420,399,1116,1262,4526
3484: 4285,1174,491,3359,2655,4125
3485: 2953,2485,2613
3486: 996,876,1863,4550,4624,505
3487: 3618,2210
4370: 3999,3008
3489: 2835,542,1777
4330: 468,1838,1041,4173
3491: 
3492: 4554,3972,507
3493: 2312
3494: 1922,1727,3705,587
4630: 2057
3496: 4312,2034,4739,3886,360
3497: 1528,2961,57,2052,529
3498: 
3499: 3951,4101,214,4451
3500: 3465,4078,4576,1770
3501: 368,2429,553,1193,3165
3502: 1689,2914,4485
3503: 520,1746
3504: 
3505: 1880,701,4259,2650,3124
3506: 3192,772
4515: 1800,3679
3508: 2812,2420,3896
3509: 3317,4699,4782
3510: 1448,4072,3322
3511: 881,3537,2625
3512: 1431,2709,2471,1730
3513: 2566,3283,1042,3432
3514: 837,14,3048,2242,4123,3410
3515: 
3516: 515
3517: 287
3518: 448,3453,893
3519: 407,1313,1278,1114,1789,4804
3520: 306
3521: 262,2971,1283
3522: 2149,2947,422,3097
4689: 326
3524: 3644,2926,3009,2056,4450
3525: 4492,2257
3526: 3179,83
4457: 2629,3231,723
3528: 
3529: 2594
3530: 3156,2562,1860,1136,4028
3531: 4787,4149,1520,4135,4228,2249
3532: 2141,130,4677,2518
3533: 3940,2484,4636,620
3534: 2121,4135,1134,865,4399
3535: 2534
3536: 4707
3537: 881,3511
4754: 518,839,2877
3539: 330,4315,2482
3540: 3062,1,3277,3552
3541: 
3542: 1451,3837
3543: 390,4258,3777,2408
3544: 2414,3228
3545: 3167,531,813,3028,2695
3546: 969,1641,2039,2641
3547: 1731,4223,3996,1992
3548: 4077
3549: 4404,201
3550: 1767,2545,4030,2601,889
3551: 827,1905,1787,2095
3552: 3277,3062,3540,2214
3553: 3603,2952,1103
4360: 3297,4398,365,188
3555: 195,387,1935,894,961
3556: 3322,1448,3144,4003
3557: 1232,2384
4496: 167,4700,4019,941
3559: 2233,2549,3252
3560: 1509,4311,3184,4810,556
3561: 4104
4426: 4733,590
3563: 4413,202,2449,3307
3564: 3985,1146
3565: 3965,1301,1772
3566: 3661,526,3006,619
3567: 4061,2286,1314,3140
3568: 743
3569: 997,1872
3570: 1066,3797
3571: 285,1637
3572: 1753,2498,3274
3573: 
3574: 3052,2902
4437: 4271,4558,3125
3576: 385,1352,1506,1494
3577: 0,1031,2865
4608: 3185,1771,1550,4615,4278
3579: 4572,4617,3774
3580: 2558,3929,281
3581: 3243,284,3319,212
3582: 4207,2480,956,4038,198,4640
3583: 1284,40,2540,3608,174,3737
3584: 1458,2828,1011,3987
3585: 
4655: 2908,840,3619,3372
3587: 105,2846,3352,1140
3588: 4796,3321,3738,4641
3589: 2829
3590: 1094,2529
3591: 1305,3792,4737
4601: 3623,1998
3593: 4164
3594: 1188
3595: 2521,2486
4718: 1814,2913,1370
3597: 3622,2673,1774,4214
3598: 3895
3599: 
3600: 3647,1798,1402
3601: 2319,4079,3308
3602: 4717,369
3603: 581,4428,2952,615,3553
3604: 4609,606,1660,3241,607
3605: 1199
4781: 796,2628,1024,122,791
3607: 1001,2649
3608: 2540,3476,3071,40,3583
3609: 610,282,2722,417,1376,2825,935
4497: 817,2593
4412: 2360,1153,328,4295
4732: 4309,979,3024,3029
3613: 873,3925
3614: 
4599: 2278
3616: 1321,808
3617: 1745,254,3710
3618: 3468,3487,1649,2210,1326
3619: 3391,1747,4655,840,2350
3620: 924,1398,1643
3621: 579,2409,2676
3622: 3597
3623: 4274,380,4601
3624: 3216,1108,2946
3625: 2686,256,4645
3626: 48,1981,475,3392
3627: 945,1625
3628: 2002,4532,648,1299
3629: 88,1662,2436,414
3630: 391,912,4065,2326
3631: 1446,3371,3867
4667: 1257,13,436,3057,615
3633: 112,1363,1108,3216,1578
3634: 4021,4
3635: 1010,614
3636: 3988,3845,3897,108
3637: 2742,4694,2937
3638: 3783
3639: 1938,4804,85
3640: 727,3173
3641: 3743
3642: 356,4131
3643: 434,3440
3644: 3524,3009,968,544
3645: 1076,513,3037
3646: 2912,1109,954
3647: 1798,3600,2439,1000
3648: 1140,105,2294
3649: 620
3650: 334,1431,2717,2696
3651: 
3652: 169
3653: 2038,3719,1009,3342
3654: 4310,3474
3655: 2456,3267,2167,4562
3656: 2201
3657: 2842,3759,1450,4350,2034
3658: 
4461: 4313,3812,2792,2828,3014
3660: 2716
3661: 3566,794,2273,4508
3662: 2651,851
3663: 823,453,2119,2339,1618
3664: 1782,602,2029
3665: 1302,2886,2459,2191
3666: 435
3667: 1405,246,1397,1211
3668: 1221
3669: 1262,144,3674,4773,4526
4518: 3310,3839,65,710
3671: 3871
3672: 3060
3673: 2096
3674: 911,3669,4773,732
3675: 1304,2304,4442,2142,1163
3676: 4638,3819,3386
3677: 349,3341,1095,71,3986
4526: 4773,3669,1262,3483
3679: 1800,2314,4515
3680: 948,2977,1611,4610
3681: 871,1227,2495,282,417
3682: 2619,2275,2391,3763
3683: 4345,4664
3684: 119,4716,2987,2227
3685: 3723,4161,4625,3827
3686: 1193,3165,3094
3687: 1659,2609,4333,1226,2568
3688: 2185,169
3689: 875,987,265,2001
3690: 3303,2676,579
3691: 1319,2241,4536
3692: 2822,2018,4307
3693: 4746,1730,1873,541
3694: 3210,1982,4401,2189
3695: 4234,2595
3696: 3036,4684,2739
3697: 190,3370,4490
3698: 1607,2561,799,3860,3312,1594,2110
3699: 1669,2235
3700: 4600,4444,3846,860
3701: 3914
3702: 305,3350,1637
3703: 2334
3704: 1715,1598,411,730
3705: 4054,587,19,3494
4788: 3416,3056,328,4295
3707: 
3708: 4151,2106,4774,2934
3709: 3436,3781,304,2080,1419
3710: 1087,3617,1745,1736
3711: 4237,4347,4648
3712: 1661,2547,2114,3997,3403
3713: 3184,2333,136,2018,4307
3714: 4626
3715: 4616,1604,4270,1459
3716: 309
3717: 
3718: 2347,820,2638
3719: 3653,1009,1898,2630,4587
3720: 122,791,3318,3903,2554
4427: 1743,1713,1870
3722: 4147,4339,580,4178
3723: 3685,4161,1183,1441
3724: 1913
3725: 733,321,2471,2102,2364
3726: 1717
3727: 190,444,1084,1917,618
3728: 528,1732,4623,1266,2672
3729: 164,2675
3730: 2413,2463
4465: 2436,2648,2657,2193
3732: 4405,3331,4173
3733: 4291,2336,4578,4583,2761
3734: 2004,4323,962,4010,4573
3735: 2171,2111,713
3736: 3064,1048,4179
3737: 1139,3583,174,3888
3738: 370,4641,714,3588
3739: 1101,918,3762,2900,1892,1509,205
3740: 4324,3254
3741: 1399,2954
3742: 3400,981,1951
3743: 3641,3022
3744: 2984,1065,2881,1929,2911,1297
3745: 2455,4499,4663,1795
3746: 1522,2456,4329,937
3747: 2426,3333,4567,4198
3748: 
3749: 1254,4364,1674,457
3750: 2102,2464,3411
3751: 1254,4364,3388,3150
3752: 2291,2425
3753: 4468,977,1209
3754: 2535,217,1022,1856,1752
3755: 1063,2958,3202,157
3756: 1288,1518,4341,3977,4221
3757: 
3758: 57,1436,1243
3759: 3657,1450,68,4739,4118
3760: 2660,725,4571,1034,4475
3761: 
3762: 1101,918,1854,3739,2900
3763: 878,2391,447,2366,3682
3764: 3916
3765: 2186,1454
3766: 2510,1562,935
3767: 
4727: 2128,2305,2225
4768: 3842,1636,125,4741
3770: 3030,3126,1387
3771: 4038,3451,1567,188,2216
3772: 474,4158,2779,3061
3773: 2057,2466
3774: 4327,4204,3579,1269
3775: 673,3479,3083,4544,3786
3776: 2123
3777: 726,2311,3543
3778: 631,1623
3779: 2714,2679,1318,313,3305
3780: 4593,3426
3781: 3436,3709,304,3173,775
4749: 4236
3783: 463,3638
4678: 3811,4742,3902
3785: 4534,1496,4215,576,1985
3786: 2245,4542,3775,1720,2303
3787: 1877,2746,1918,4821,2450
3788: 722,1555,2361
3789: 
4742: 1802,4190,2545,4678
3791: 4681
3792: 2558,4737,3591
3793: 1501,1086,2853
3794: 3259,1547,2293
4353: 1930,2441,4480
3796: 
3797: 3570,1066,585
3798: 4506,616
3799: 2542,36,4414,2355
3800: 1198,1600,99
3801: 3284,4488,1748
3802: 1167,3387
3803: 4794,1839,3416
3804: 
3805: 522,287,2546
3806: 3335,2089,1779
3807: 3975,1023,2734,4659,4002,1019
3808: 
3809: 464,3072
4755: 
3811: 4678,2970,4230
3812: 4461,4313,2792,2691,699,1636
4489: 3866,4328,3425
3814: 2118,1236,1833
3815: 2209,695
3816: 4049,868,2280
3817: 4580,2019,1327,2669,2889
3818: 1099,2137,4770,4245,3122
3819: 3676,4638,3386
3820: 3063,4784,1392,4553,1185,4210
3821: 4647,3203,3020
3822: 2941,1919,244,3391,4272
3823: 3995
3824: 3455,4037,2610,4107
3825: 4763
3826: 2515,2632,2501,2623
3827: 4625,3685,670
3828: 986,1920,1551,1126
4422: 130,3131
3830: 2419,22,1757
3831: 1117,4753,1818,1729
3832: 2696,2717,658
3833: 1384,2352,3272
3834: 2055,1531,1545
3835: 2356
3836: 3230,943,135
3837: 3207,3542,1371
3838: 1546,4765,4707,4503,4791,3989
3839: 4518,65,1532,710
3840: 
4644: 4314,1238
3842: 1636,4768,125,2792,2828,1011
3843: 841,4237
3844: 2127,633,1455,3153,1218,2272
3845: 2619,1878,3897,3988,3636
3846: 744,860,3700,2066
3847: 405,2504,4358
4431: 
3849: 3109,2208,372
3850: 3379,438,1272,817
3851: 266,283
3852: 1185,1940
3853: 4572,4504
3854: 1230,111,1917,344
3855: 135,2969,943
3856: 2887,3313
3857: 537
3858: 
3859: 2869,2415,4671,2353
3860: 799,519,1594,3698
4492: 1146,3525,4094,929
3862: 1481,485,4132
3863: 3190,2490
3864: 405,4358,3949
3865: 
3866: 4418,4328,4489
3867: 3994,724,1446,3631
3868: 
3869: 1477,1408,175,738
4438: 1780,2698,2773,2563,628
3871: 3671,3221,4581
3872: 308,3206,2328
3873: 4576,1103,3191,3465
3874: 3331,1587,1314,1634
3875: 1218,1119,1386,1493
3876: 
3877: 2208,1201,307
3878: 1475,1191,200,4015,1029,1388
3879: 1032,2484,4636,4106,69
3880: 866,146
3881: 3287,971,221
3882: 4383,3993,4705,1245
3883: 1840
3884: 4456,1070,490,4363
3885: 2300,2063,3250
3886: 2664,3496,2034,360
3887: 4479,2157,4530
3888: 1405,1769,2206,1139,3737
3889: 2347,4229,1530,2719,2187,4053
3890: 1335,250,624,4082
4381: 1518,4341,3412,1850,3296
3892: 2729,3122
3893: 573
3894: 3140
3895: 3598,925
3896: 1524,3508,2420,4476
3897: 4538,108,573,1878,2613,3845,3636
3898: 4322,2242,4257
3899: 1418,3214
3900: 
3901: 4604,4092,1810,2912
3902: 1802,2146,4678,1597
3903: 3366,2554,3720,3925
3904: 533
3905: 1324,3050,258,2883
3906: 2597,2310,466,1968,4663,1668
3907: 1910,4606,2620
3908: 1912,3035,3055,1424
3909: 1409
4799: 1372,1288,3405,2224
4632: 2264
3912: 7,4290
3913: 4335,1182
3914: 3701,1246,3060,1452
3915: 2863,920,2462,2141
3916: 3764,1,2345,578
3917: 1259,1549,1613
4756: 4555,3234,992
3919: 955,2188,2729
3920: 
3921: 1235
3922: 1556,1243
3923: 4586,1783,4668
4604: 3901,4669
3925: 3903,3613
3926: 4541,2874,2472
3927: 
3928: 
3929: 3305,4598,1764,3580
3930: 2205,4792,2140,4725
3931: 2012,1468,2565
3932: 1603,589,442,4649
4455: 4548,2241,1679,4536
3934: 2657,2193,3338
3935: 2359,316
3936: 598,2316,4651,843
3937: 1197,1690
3938: 2526,26,2403,4619,732,4369
3939: 2897
3940: 793,3533,734,1896,2484,4636
3941: 882,1059,2772,623
3942: 1764,1073
3943: 337
3944: 627,2376
4785: 4376,2325,4645
3946: 
3947: 1543
3948: 973,4075,4441,1411
3949: 3864
3950: 706,4195,4119
3951: 3499,4101,4595,2888,1933
3952: 
3953: 4000,786
3954: 1242,3180,4301
3955: 1432,1256,375,1836
3956: 2174,1512,3160
3957: 2751
4796: 3588,4641
3959: 38,2098,2068,2485
4532: 3628,1299,3419,1581,4095
3961: 70
3962: 1354,3171,2922,3315
3963: 1784,764,2182,147,4124
3964: 3057,4394,1871
3965: 1048,1602,3565,2602,1772
3966: 1127,1783,2075,3294
3967: 3286
3968: 2094,22,4447
4657: 285,4041,1918,2730,2450
3970: 4650,1700
3971: 4673,2158,1579
3972: 4554,3492
3973: 983,1208
3974: 1842,2760,1651,1062,290,4416
3975: 3807,2734,135,4238
3976: 1510,984,294,1948
3977: 1518,3412,3756,1316
3978: 42,4287,1557
3979: 681,4733,3252,9,1449,1906,871
3980: 1670,2617,403
3981: 4257,2422,3048,536,709,2061
3982: 290,4055,1583,1240,1651,4390
3983: 513
3984: 196
3985: 1249,3564,1146,929,4805
3986: 1373,71,3677,1095
3987: 1458,3584,2833,2892
3988: 2871,3636,3845,2275,4197
3989: 3477,3106,1546,4765,3838,4653
4536: 1679,2241,4455,3691
4602: 562,384,1682
3992: 
3993: 527,1189,3882
3994: 3867,1446,1876
3995: 3823
3996: 896,3547,237,2025,1508
3997: 2114,2910,3712
3998: 1630,2077,2384
3999: 4370,3008
4000: 3953,1055
4001: 3145,2996,2308,1502
4002: 1019,1704,1023,3807,3156
4003: 1076,3556,1950,183,3042
4004: 1627,1681,1342
4005: 580,900,692,4147
4006: 2136,4751,1874,4020,4384
4007: 4356,2550
4008: 4352,2288,3213,3024
4009: 3325,4185,4343,1181,2208
4010: 4573,3734,3395,962,506
4716: 119,3684,2987,4194,398
4012: 4026,154
4013: 2591
4014: 
4015: 1388,3878
4016: 2704
4017: 479,2523,4445,3017,973
4018: 
4019: 4409,4496,1226,4184
4020: 4006,2136,658,3393,4384
4021: 3634
4022: 2363,636
4023: 4165,1116
4024: 688,4605,1170,4792
4025: 1047
4026: 154,128,4012
4622: 125,1011
4028: 4140,2818,3530,2562,1136
4029: 1612,4077,3288
4030: 2545,3550,2601
4031: 3342,4470
4398: 3297,4360,4222,3451
4033: 312,3019,1190
4034: 4565,3396
4035: 637
4036: 4416,402,4055,2596,1606
4037: 3824,4697,3455,2610
4038: 3771,3451,1567,3582,2480
4039: 1852,2628,4565
4040: 
4041: 4657,285,2450,1433
4697: 3455,4037,2847,2325
4350: 3657,2034
4044: 1573,2318,1138,1425
4045: 4108,4585
4046: 1998,3377
4047: 2546,4348,1663
4048: 214,380,1974
4049: 3816,3280,2280
4050: 654,2771,1491
4051: 1042,1706,4700
4052: 862,222,2407
4053: 1422,4747,2437,3889,4229,2187
4054: 3705,2968,854,2824
4055: 290,3982,4709,2596,4036
4056: 
4057: 3101,1646,1043
4058: 2041,1837
4059: 4525,879,2721
4060: 4298,4315
4061: 3567,2286,1314,3196,1093
4062: 272,1005,3163,2346,561
4063: 916,338,223,489
4064: 4470,2500,3150,1254
4065: 75,3630,391
4066: 842,596,1544
4067: 1155,4510
4068: 1639,1591,2680
4069: 4418,4328
4745: 3183,3452,1855
4071: 2062,4712,3358
4072: 521,1243,3510
4073: 1078,4338,4761,2190,2573
4074: 2256,4440,2337
4075: 2136,4751,973,3948,4441
4076: 532,2968,2313
4077: 2348,2689,3548,4029
4078: 4740,1412,1770,3500
4079: 4633,414,3601,3308,4208
4080: 2517
4081: 4504
4082: 2074,3890
4083: 1555,1870
4084: 418,2781,2943
4085: 4271,378,4822,1424
4086: 4199,639,2715,2117
4087: 
4088: 
4687: 2680,938,2134,614
4090: 2984,1065,646,3245,1463
4091: 403,271,1551,3426
4092: 1658,287,3901,1810
4093: 1757,838,48,2464
4094: 929,294,4492,1510,1895
4095: 2590,4532,1581
4096: 
4097: 2307,2248,952
4098: 4670,1922
4821: 2450,3787,2746,2442
4705: 1245,1968,3882,4383,2310,4444,2533
4101: 3499,3951,214,4201
4102: 1240,4390,12,688,1895
4103: 788,3037,964,3232
4104: 3561
4105: 193
4106: 547,643,3879,1659,69
4107: 4464,4407,3824
4108: 4045,3183,4246
4109: 64,1287
4110: 917,2640,1949,1599,3413
4111: 3316,853,4778,2676
4112: 1629,4228,2249,904,2477,3095
4113: 3049,1691,1036
4114: 4483,1497
4115: 30,4309
4116: 58,3071,4337
4117: 549
4118: 3759,68,4739
4119: 1197,116,706,3950
4120: 3215,3111,4579
4121: 378,1424,1678,3344
4122: 2117,390
4123: 1617,3410,3048,2061,2242,3514
4124: 147,1002,764,3963
4125: 2655,3287,3484,4285,678,4548
4670: 4098,2200
4127: 
4128: 2129,3066,3471,2627,2941
4129: 168,1839,3416,2099
4130: 4355,3278
4131: 996,1088,356,3642
4132: 1481,3862
4133: 928,1832
4134: 1181,210,4343,2056
4135: 3534,2121,865,1520,3531,1629,4228
4136: 4415,460
4610: 1611,3064,3680
4138: 274,3103,1511,1404
4139: 219,313,1928,3343
4140: 4028,2818,1380,1191
4141: 10,1255,3353,1850
4142: 2568,3047,4184,4609,606,1582
4143: 4420,2465,4772
4144: 2990,2670,3195
4145: 2894
4146: 836,4533,801,584
4147: 4339,3722,692,586,4005,580
4148: 3375,4642,3073
4149: 3531,2101,3480,1520
4150: 2424,3001,568
4151: 3323,2106,3708,2571,4774
4152: 666,2777
4748: 1900
4154: 517,1838,3115,1041,1811
4155: 439,1064,2786,555,2282
4156: 
4157: 4575,4345,2118
4158: 474,3772,4560,2779
4159: 4219
4160: 2743
4161: 3723,3685,1441,1319
4368: 3266,494,1771,816,1995,570
4163: 3379,18
4164: 741,3593
4165: 1247,4023
4634: 620,1226,69
4167: 1777,426
4168: 
4169: 
4170: 2936,691
4171: 4446,291
4810: 556,2046,3184,3560
4173: 1041,3732,4330,1634
4793: 342,2169,556,1101
4357: 2049,2130,4243,4823,2210,2044
4775: 212,284,237,2989,802,1461
4177: 4706
4178: 580,3722,2535
4179: 2602,3736
4180: 4777,1018,2991,2748
4181: 67,1863,713,1402
4182: 3349,740,694,2852,4421
4183: 4388,4451
4184: 2568,4142,4019,4409
4185: 3325,4009,4723,2208,1841
4473: 1260,3422,1697
4187: 2551,2452,1653
4188: 163
4189: 3133,3196,1093,2993
4190: 1802,4742
4191: 
4192: 4549,4279
4342: 3390
4194: 2441,398,450,119,4716
4195: 2479,792,1561,3950
4196: 2298,2080,4391,2958,3202,89
4197: 4291,2336,2275,2391,2871,3988
4198: 1241,3747,2426
4199: 4086,628,1780,2117
4200: 3111,2620
4201: 1141,4101
4202: 2467,452
4203: 
4204: 1809,4327,3774
4472: 
4206: 3275,515
4207: 3582,4524,2480,956,198
4208: 3308,4079,4658
4209: 3209,2306,155,66,53
4210: 2423,384,3820,1392,1185,1940
4735: 3369
4212: 484,2113,4626
4213: 1694,2130
4214: 2156,3597
4215: 4586,2825,1985,1476,3785
4600: 2533,907,3700,4444
4217: 3302,570,2641,830,1995
4218: 1491,503,654
4219: 4159,900,877,2857
4220: 3330
4221: 663,4341,3756,1288
4222: 3297,4398,4531,4628
4223: 1373,71,3547,1992
4224: 2919,2502
4225: 36,919,374
4706: 4177
4227: 1978
4228: 1629,4112,2249,1520,2121,4135,3531
4229: 3889,4053,2437,4674
4230: 1597,3068,3811,2970,1293
4231: 1930,1126,986,1498
4232: 3281
4233: 4543
4234: 3695,2772,3016,1080
4235: 891,3200,3155,1534
4236: 4749
4237: 3711,3843
4238: 2629,4627,3975,2734,3087,2581
4239: 4709,887
4240: 
4241: 1073,3152,4815
4242: 1287,2887
4243: 3109,4823,4766,1694,4357
4244: 2103,2138,2014
4245: 1848,977,3122,3818,1453
4246: 3181,4108,3183,2270
4247: 2932
4248: 
4249: 1693,2324
4250: 1690,2473
4251: 2643,337
4252: 677,217,1346
4253: 2830,1081,3073,3375
4415: 4136,460
4255: 1264
4256: 4744,3150,2500
4257: 3981,536,209,3898
4258: 390,3543,725,2408,4475
4259: 3505,2750,497,1686,2650
4797: 784,2503,385,2662,551
4261: 721
4262: 1437,2783,2778,1692
4263: 832,399,1738,1145,1262,144
4264: 84
4336: 4268
4266: 
4267: 4800,2295
4268: 4336
4730: 
4270: 1732,3715
4271: 4085,4437,4558,3125
4272: 3391,3822,244,2168,840
4273: 
4274: 3623,2754
4275: 3075,3157
4276: 4344,232,4822,2776,3125
4277: 1723,2148,273
4278: 4615,4608,1849
4279: 4549,2589,4192
4280: 1034,177,2664,685,289,1060
4281: 3205
4282: 3271,1559
4283: 2494
4284: 3473,847
4285: 3484,2655,4125,678,4548
4286: 2285,112,2438,2933
4287: 1224,42,3978,3406
4288: 2738,1916,954
4289: 1702,3415,2611,4318,150,3243
4290: 2105,2557,1007,3912
4291: 2336,4197,3733,3046,2903,2250
4396: 154
4293: 656,2150
4294: 1248
4295: 3064,328,4788,2360,4412
4296: 2942,921,1001,2443
4297: 1581,1687,2378
4298: 4060
4679: 4410,988,4530,4479
4808: 1427,2733,736,2956
4301: 2745,1242,3954
4302: 3053
4744: 3388,3002,3150,784,4256
4304: 2663,1805
4305: 1043,2688
4814: 
4307: 3692,2018,3184,3713
4308: 1482,1822,111,11
4309: 4732,979,4115,2186
4310: 3654
4311: 1892,1509,3560,3184
4312: 3496,4739,2015
4313: 4461,3812,2792,3303,699
4314: 4644,2745
4315: 3539,330,4736,4060
4316: 4590,1223,2926,3009
4317: 4607,2920,999,171
4318: 2340,4289,2611,150,4325
4319: 2385,2954
4566: 
4321: 3313,2665
4322: 3898,2242,1893,837,2204
4323: 3734,2004,1067,3138
4324: 1387,3740
4325: 2706,150,3135,2340,4318