0: 2597,4496,3283,1861
4324: 2509,1754
2: 1612
3: 3440
4: 1658
3692: 220,3466,3560
6: 1391
7: 4539,4287,2092,4641
8: 
9: 10,929,871
10: 2233,9,2549
11: 2300,4387
12: 3370,801,4321
13: 2619,4280,4339
14: 810,4170,3588,4796
15: 4664,3719,3322,3652
16: 4201
17: 4689
18: 2013
19: 592,886,807
3685: 1990,4116,1741,4391,4285
4820: 1585,3664,4658,2147,447,4414,3400
22: 4311,370,220
23: 2085,3213,3399
24: 814,866
25: 2450,3132,4801,2974,3645
26: 2416,4751,2732,965
4624: 460,509
4800: 4267,4781,1544,2282,3006
3923: 4540,1906,3884,2995,182,513
30: 4501,1333
31: 1412,2422,2833
32: 
33: 1911
4767: 4090,1297,1077,3563,2782,324,4587
4097: 1427,813
36: 301,1734,2110,4309,2792
37: 
38: 3379,922,3636,3822
39: 3141
3979: 1629,868,2831,501,1958,4787
41: 4209,2995,1410
42: 2461,4692
43: 2143
44: 2916,4262,464
45: 3349,4682
3875: 4559,1386
4592: 4430,4760,2796,2680
48: 1627
49: 1449,933,3252
50: 4543
51: 2838
4591: 3794,4024,1780,3484,685
53: 2500,3071
4341: 2119,4711,985,923
3777: 1019,2168,1106
56: 2058
57: 3377,4601
58: 1476,2477,3251,3102,1127
59: 4677
60: 1901,1462
61: 1364
62: 3053,4774
4773: 1567,1284,210,3110,2496,3709,2216,2078
64: 277
65: 750,1958,1629,380,411
66: 1556,3691,2233,750,411
67: 
68: 857,1454,3793,2627
69: 1918,3737,3877,307,2442
4142: 2839,354,1655,4788,3803
71: 2340,4041
4380: 2050,228
73: 3389,1081,121
74: 4802,79,2743
75: 2764,1440,4266,948,372
76: 1914,4701,914,294
4213: 948,1479,2488
4721: 2558,1370,1167,3185,4648
79: 1654,4802,74
3806: 468,4037
4609: 561,2370,1114
82: 4602,1235
83: 4146,2415,2912
84: 2092,4641
85: 1893,1795,4663,527
86: 2682,1078,2897,3367,2595,4083
87: 1017
88: 2737,1976
89: 3438,3781
90: 2294,3662,293
4709: 2794,2707
92: 3187
93: 2397,3738,240
94: 3021
95: 4214,3166
96: 1946,3815
4640: 968
3718: 3386,951,2275,414
99: 3881,1841,3178
100: 550,4384,1779
101: 1837,3164
4468: 2855,130
103: 
104: 
4017: 484,1957,2303,173,399,1732
106: 3162
3797: 4335
108: 489,223,1559,2308,1540
109: 621,164,4348
110: 239,1600
111: 123,1814,3210,4603
112: 1108,1975
113: 3550,4535
114: 
115: 
116: 
117: 266,4030
118: 
119: 2609,4791,141
120: 
121: 447,3389,73,3686,2147
122: 4779,2367
123: 111,3305,2604
4365: 
4087: 
3734: 4101
4788: 1655,1660,565,4142,3571,4184,694,3803,1373
128: 4363,4315,690
129: 
130: 4468
4811: 3427,505,2345,1845,4233
132: 
4280: 13
134: 2369,3472,3144,681
135: 1008,2670,2528
3849: 3280,188,1844,2298,3667
4108: 782
138: 
3698: 2945,4420
4095: 2304
141: 4791,119,934,382,4707
4661: 4615,1500,2068
143: 3042,3377
144: 3700,752
145: 4151,2654
146: 
147: 2030
148: 3950,4157,3551
149: 4411
150: 3687,3186,2631,3671,3573
151: 3920
152: 2703,3741
153: 580,2344,3480
154: 3943
3700: 3372,860,144
4683: 3299,4305,984
157: 3358,4553,3233
158: 3416,4130,3401,3825
159: 3408,322,1520
160: 3986,4595,956
161: 3341,1139,795
4511: 3181,3165
163: 4562,1757,1838
164: 621,109,1054,4348
165: 1938,4476,481
166: 1740
3962: 3844,3873
168: 3258,384,4765
169: 3895,3867
170: 774,1674
171: 2486,308
172: 471,3948,2111,4452
173: 1840,937,484,4017,1957
3762: 741
175: 3146,1477,4720,3167
3818: 2474,977
4206: 
178: 571
179: 4808,1318
180: 
4013: 1098,2625,231
182: 1622,1548,3923,513
3951: 3476,1994
184: 3143
185: 
186: 3677,3653
4776: 523,4772,1621,4613,2409,1033
188: 968,3280,3849,1174,3827
4684: 249,2042
190: 3657,4163
191: 2719
192: 434,3511
193: 
194: 452,1121,3791
195: 2001,544,1998,2779
196: 4563,786
4012: 
4107: 2377,2232
4044: 3531,4627,821
200: 3747,4628,673,1198
201: 4594,3213
202: 636
3788: 1164,4109,3543,263
3741: 152
205: 258,4796,2465,3019
206: 
4010: 1119,404,1649
208: 2821,4495
209: 1892,3115,2037,4583
210: 1567,4773,2078,1031
211: 
212: 792,4041
213: 3846,2823,3693,1965,586,2256,3344
214: 2153,4201,4795,2706
4651: 3583
4052: 
217: 
218: 1353
219: 3367,4083,2138,1287,3016
220: 3466,4672,22,3692
221: 1819,3405,865,4028
222: 3501
223: 489,108,1559,1878,1455
224: 4220,4632
4232: 1468
4606: 4355,1531
227: 4587,1506,3023
228: 4380,311,1987
3840: 805,1777
230: 4246,4618,1662,4783
231: 2625,4013
232: 4768,2892,3217
4036: 2599,1539,1019
234: 2620
3785: 1134,3534,2760,2724
236: 321,492,3750
237: 964,387,2084,3077
238: 4762
239: 110
240: 2333,1829,2902,93
241: 4271,1269,1999
242: 4577,4476
243: 4443,4735,3876,4780
244: 3603,3873,2660
4512: 3763,4058
246: 1326,2070,4371,4494,3640
4790: 2811,2582,3677,2198,1152,987,1519
248: 842,4807
249: 4684,2223,2042
250: 3551
251: 2290
252: 1030,515,4359,3581,4065
4129: 4462,3736
3697: 4221,1295,1510,2151
255: 586,3344,1721,4383
256: 1587,2847
257: 
258: 205,2993,4170,4796
3984: 666,1333
260: 3666,3228
261: 2531,686
262: 
263: 2950,3543,323,3788,1164,3285
264: 3993,3874,579
265: 4103
266: 117
4734: 3508,2298,1201
4256: 2052,1223
269: 
270: 4576,2256
3679: 748
272: 1551,407,3536
273: 2479,3937
274: 
275: 2509,4794,4620
276: 881,2432,440
277: 2196,2161,64
278: 2865,1493
4654: 1107
280: 976,3871,3059,2852
281: 3934,4673,2882
282: 3202
4177: 
284: 2800,4708,3772,893
285: 
286: 
287: 1371,4565,791
4491: 1839,1670
3959: 4659,1860,319,419
290: 632,1346,4589
4610: 4619,3241,694
292: 2959,1116,493,1856
293: 3662,90,1778
294: 1742,76
3920: 151,3783
296: 
297: 1475,1119,2100,2456
4582: 691
299: 4241
300: 4548,4270,3395
301: 36,523,4309
4595: 3051,3294,160
303: 2578,4413,2335,2191
304: 1016,1174,1856,3253
305: 3248,3645,3132
306: 4268
307: 795,3877,69
308: 2486,171
309: 3032,1445,401,4322,4810
4805: 570,3982,1228,3836,3156,954,4680,1191,3722
311: 228,1987,2102
312: 1382,479
313: 2190,4234
4642: 3686,4658,3676,4522,1585
315: 2772,3591,3338,2563,2511
316: 2080,2038,968
317: 528,3807,904,639
318: 4081
319: 2392,3465,4659,3959
4030: 1857,117
321: 236,492,560,4160,3292,1011
322: 3408,1372,3403,1736,159
323: 2159,1164,3285,263
324: 1006,2782,4767
4123: 1973,4376,691,3363
326: 2291
327: 3340,4069
328: 4286,4236,3505
4374: 1013
330: 3638
331: 1926,1362
4413: 2744,955,4498,303,2335
333: 
334: 4188
3916: 4712,864,3106,3828,1392
4625: 4586,953
337: 514,2869
338: 2858,3395,3044
339: 1810,1288,2869,3203
4612: 2992
341: 
342: 2634,4816,476
343: 1422,1641,2270
344: 4332,4490
345: 2610,4189,4486,2325
4486: 2325,4189,579,345
347: 2299
348: 2632,2947,616
349: 2989,4007,2727,1076,2721
350: 2142
351: 
352: 4308,882,652
353: 2867,2972
354: 2839,1262,4142,3803
355: 525
356: 3639
357: 4456,2510,1985
358: 775
359: 2010,945
360: 4258,4005,507,2581
361: 
4490: 943,1073,344
363: 818,3294,3105
364: 2817,2950,3854
365: 2455,3198,3935,1459
366: 1624,1115,1920,3104
4384: 1838,2337,100
368: 592
369: 2502,3010
370: 22,4311,1314,3690,1981
4364: 1197,2754,2807
372: 2764,75,4602
4447: 3584,2980,4806
374: 3073
375: 2918,415,3786,1730
376: 2565
377: 4681
378: 2471,1874,1859
4580: 4672,3898,3461,1981
380: 3209,1783,65,4787,411
381: 3007
382: 934,1217,3761,141
383: 422
384: 2360,168,4765
385: 3336,4714,4797,2754,1466,2807
386: 388
387: 964,3547,2084,237
388: 386
389: 
390: 1292,4340
391: 2097
4605: 4116,3155,1476,2477
4403: 2252,3441,4301
394: 2448
4267: 4781,4800
396: 2716
397: 3453,1929,3330
398: 1930
399: 1577,1732,4017,1957,3669
400: 3327
401: 2942,1445,756,309
402: 2108,4660,3617
3853: 
404: 1649,4010,2303
405: 2700,3834
406: 664,621,1054
407: 3536,272
408: 4424
409: 4120
410: 
411: 65,750,66,380
412: 4033,1056
413: 
414: 4479,4058,2275,951,3718
415: 2918,375,1730
416: 
417: 2655,2697
3867: 3493,169
419: 3959,3845
420: 4345,3002,892
4533: 652,1084
422: 872,383
4722: 2059,4718,2641
424: 1928,2358,4105
425: 
426: 2176,1873
427: 2038,2230
3802: 2436,3431,2187
429: 1879,1346,2872
430: 1966
3907: 4644,3254,3624
432: 
4713: 2050,3316
434: 192,3511
435: 2018
436: 4329
437: 2746,2820,4801
4233: 3062,4811,3427
439: 2109,4769,1485
440: 4781,2432,881,276
441: 
442: 1146,1610
443: 3561,4096,3180,2244
444: 2243,3231,511,726
445: 4575,1385
446: 742,1632
447: 121,2147,3129,4820
448: 2030,2899
449: 1811,517,468
3761: 382
4740: 1594,1609
452: 194
453: 3796,540
4733: 913,1736,933
455: 2179,1543,1202,4813
456: 2408,4219,3227
457: 4064,4072,4797
458: 2516
459: 1919,2403,1970
460: 1362,4624,2960
4665: 3110,2484
4450: 3882,4009
3699: 
464: 44
4451: 4101
466: 1620,2230,1266,4183
467: 
468: 517,449,3806
4262: 44
470: 
471: 172
472: 
473: 2655,2344
474: 2374,4708,2056
475: 1165,3746
476: 1101,4816,2634,342
4337: 3583,4183
4596: 2941
479: 536,1382,312,1162
480: 3135,1279,1197
481: 165,1245
482: 3675,4520
483: 2748
484: 4017,1957,2303,937,173
485: 
3708: 1542
4574: 1136,1520,2769,4112
3728: 1459,1912,4019
489: 223,108,2308,890,3271,1455
490: 3137
491: 2547,1194,913
492: 2102,3750,2883,236,321
493: 292
494: 4416,4199
495: 2556,3250
4510: 
497: 620,2930
498: 2051,1835,3267
3690: 1981,370,1314,1253
4489: 
501: 3979,2831,4637,1958
502: 875,2086,2926,4274,4223
503: 1181,4600,4333
3687: 150,3186,682,3671
505: 4811
506: 710,1127
507: 2581,360
508: 2829,4529,1682,4429
509: 4624
3709: 4371,2216,3138,4773
511: 444,2243,3200,2887
512: 
513: 2878,3923,2995,1548,182
514: 337,2869,3334
515: 4003,2095,4359,252
4079: 532,4118,4815
517: 468,1190,3331,1811,449
518: 536
519: 3145,3972,4772,2917
520: 1692,4669,3851,3526
521: 4540,1906,4787
522: 4519,4146,4769
523: 4776,301
524: 4572
525: 355,2145,2134,1352
526: 800,4066
527: 2616,4663,1893,85
528: 317,639,4228,1927
529: 2116,1223
530: 2094
531: 3101,3545,3856
532: 2511,4079,2068,3897
3881: 99,678,1841
534: 1167
535: 
536: 518,479
537: 1545,3931,1991
538: 778,2906
539: 4418,731
540: 3796,453
3672: 2603,1452,2446
542: 970,2838
543: 
544: 1998,2086,195,2075
4410: 4098,2638,4045
4327: 1056,3622
547: 1260,3780,3896,1212
548: 1748,3524
549: 
550: 100,4573
551: 1503
552: 2666,1646
553: 1949
554: 1125
3994: 
556: 1093,1630,2684
557: 2489
558: 911,2077,1247,4532
559: 3872
560: 4160,3292,787,321
561: 4609,2047,1256,1114
562: 3573,3671,4784
563: 3380
564: 4074,2709,1836,837
565: 1660,4723,4788
566: 2345,1845
4653: 
568: 1433,3936,3341,1139,4801,3064
569: 1658,2388
570: 4805,954,1616,3722,865,4028
571: 178
572: 2469,2372,3399
573: 2355,2613,1068
574: 
4803: 2485,1599,1272
4093: 3139,1180,1570
4823: 864,3477,4373,2522,4231
578: 2023
579: 4189,264,3874,4486
580: 2344,153,2655
581: 1727,2275,3860
4041: 71,212,792
4699: 2058,3999
4071: 4534,2172
585: 
586: 255,2256,3344,213
3791: 638,194
588: 4670,3968,2098,4313,1040
589: 1821
590: 1441,2825,3436,1348,3879
4397: 
592: 368,19,3029
4466: 4819
594: 4537,1433,2099
595: 
596: 
597: 2694,2592
4566: 
4770: 4049,3136,3081,2751,671
4383: 255
4422: 4379,656
602: 1700,4001
603: 1521
4552: 2633,2102,2883
4531: 4488
3724: 
607: 1270,3649
4514: 1102
4572: 524
610: 1449,1482,4439
4161: 1375,1419,3715,2959
612: 
613: 1232,3078
614: 1525
615: 2627,2953,1594
616: 1772,348
617: 822
618: 4094,1020
619: 1793
620: 3124,497,4286,2488
621: 164,109,406,1054
622: 2117,2355,1068
623: 
624: 852
4276: 874,1484,1835
4222: 1031,2049
4155: 1831,1230,1204,3160
628: 3902,4332,4643
629: 
4477: 637,2473
631: 3696
632: 2510,290,3149
4679: 4523,1221
634: 3885,3279
635: 
636: 202
637: 4477,1340
638: 3791
639: 904,3230,528,317,4228
640: 1332,1618,3088
4197: 4789,2613
642: 3368
643: 
644: 2505,1179,2945
645: 
646: 2944,2170,2910
3776: 889,2418
648: 2416,3170,658
4528: 2728
650: 3489
651: 
652: 4533,352
653: 2934,3225,3266
654: 4494,3640,3198,3745
655: 4584,3894,2364
656: 920,4422
4245: 2459,3963,2961,4797
658: 4272,2471,648,1859,965
659: 3526
660: 4496,3241,4821,3940
3995: 2925,1111
662: 1546,806
663: 
664: 3247,406
665: 2863,2134,1799,1296
666: 3984,4816
667: 3216,1317
668: 2966
669: 1892,4404,4394,4810
670: 3012,3781
671: 2751,4770,3136,3472
3855: 3550
673: 2697,200,3747,900
674: 4229,4747,2512
4812: 3961,1242,1108,2387
4530: 
677: 3297
678: 3881,1012
679: 3144,730,681,3478
680: 4312,3964
681: 3144,679,134
682: 2411,2099,2690,3687
4343: 2130,4723,4289,2750,4462
684: 1953
685: 3484,3794,4591
686: 2531,261
687: 2394,2530
688: 3564,3065,2647
3809: 1486
690: 2402,128,1024
691: 4582,4123
3898: 4583,3461,3115,4580,1981
693: 
694: 4184,3803,4788,4610
695: 4798
4347: 
4720: 175,3167
698: 
4184: 694,3803,4788,4777
700: 1192
4381: 
702: 2823,2865
4414: 1607,1585,3664,4820
4377: 1104,2456,1638,1475
3936: 568,1433,2450,4801,2342
706: 1536
707: 1006,3098
708: 3553,3379,2250
709: 2399,4806,3584
710: 4551,1127,1410,506
4589: 290
4146: 83,4769,522
3871: 280,976,3059
3760: 4438,4239
4669: 520,1692
716: 2855
717: 2768,1642,4809,3187
718: 4009,4686
3720: 2578,4758
4420: 2945,3698
721: 4171
722: 4242,3856
723: 1293,1583,3299,1767
724: 1416,1453
725: 4228,4024
726: 4643,444
727: 2985,3436,3922,1348
4821: 3940,660,4619,839,2520,2804,1474,1144,1602
729: 1034
730: 3144,679,1622
731: 539,4418
732: 2736,1965,4440
733: 3674,1484
734: 3241,3047
4554: 947,1045,1870,4737
736: 
737: 1680,2699,1096,3068
738: 1492,1633
739: 2024,2868,1067
740: 1387,1309,3188,2658,2208,1443,1956
741: 2557,3762
742: 446,1184,1488,1952
743: 
3837: 
3865: 
4357: 3106,1048,4712
3930: 2009,815
748: 1753,3679
749: 2234
750: 65,3691,66,411
4077: 
752: 2206,4333,144,2210
753: 3978,3455
754: 
3804: 
756: 3316,2942,401
757: 3624
3873: 244,3962
759: 
4253: 1281,3778
761: 
4604: 
3744: 2137,2667,2944
764: 
765: 1461,4310,2630
766: 2570,4626,4212,4440
4643: 726,628,3902
768: 909
769: 1704,2199
3877: 4590,3737,69,307
771: 2852
772: 
773: 
774: 170,3576,1674,896
775: 358
776: 4807
777: 4809,2009
778: 4677,538
779: 
780: 
3902: 628,4643
782: 4108
4687: 
784: 1070
785: 4235
786: 196
787: 1617,560,1643
788: 2056,4708,4590
789: 1380
4340: 390
791: 287,4565
792: 212,4041,4685,3556,4775
793: 4106
794: 1371
795: 307,161
3896: 1827,1260,547,4062
4060: 849
4502: 1745,2786
799: 3733,2110
800: 526
801: 12,4321,1822,1555,1588
802: 1351,2035,4656,3497
803: 3834,1242,1108
804: 
805: 1364,3840,4507,1777
806: 662,1546,1155
807: 951,2389,19
808: 4503,3519
809: 1071
810: 4170,14,4796,4822,2993
4583: 921,3898,3461,2037,3115,209,2443
4479: 4058,414,2669,2389,2737
813: 2173,4097,1427
814: 24,4814
815: 3930,3366
816: 1907
817: 3792,1870,4737
818: 363,1028,958
4475: 3290,4542
3704: 2911,3608,1028,2878
821: 1194,4044,2353
822: 617
823: 2722,2021,4315,4363
824: 
3716: 3312
4167: 1361,2832,3429
827: 4431
828: 3805
829: 
830: 3428,3266,4368
831: 4748,967
832: 4037,4074
833: 1305
834: 3740
835: 
836: 3323,1663,4057
837: 1836,4476,564,4074
838: 978,4622,2952,1765
839: 4619,4821,1144
840: 2167
841: 2978
842: 248,4807
843: 3524,893
4214: 95
4050: 4009
846: 3886,1327,2691
847: 4150
4716: 3838
849: 4060,2183
850: 
851: 1778,1439
852: 624,4250
853: 2942,2676,2968,4778
854: 3812,2187
855: 
856: 1297
857: 68,2627
3681: 1556,4439,2826
4250: 1954,852
860: 4019,4703,3700
861: 
862: 1213
4622: 978,838,2952,1180
864: 3916,3106,1863,3477,4823
865: 3722,4028,570,221
866: 3552,24
867: 
868: 3979,2831,3088,4049,4787,1205
4433: 1039,3277
870: 2377,1013
871: 3691,3977,929,9
872: 422,1276,2732
873: 1876,1815
874: 4276
875: 502,2086,2148
876: 1498,2877,2066,3616
877: 931,2004,3284
878: 2279,3485,4815
879: 1611
4022: 3354,4117
881: 276,440,4469
882: 1512,2850,352
883: 1596
4521: 
4794: 4429,275
886: 2193,1964,19
3903: 1160,1423
3838: 4716
889: 3776,2418
890: 3271,1499,489,1455
891: 3564,4541,2174
892: 1689,420,4345
893: 3772,843,2374,4708,284
3794: 4591,4024,685
895: 4271,973
896: 1674,774,3232
4488: 4399,4531
898: 1479,3505,3056,1513
899: 
900: 1198,4140,673,3747
3948: 172,2111,4452
4816: 666,2027,2634,342,476
4264: 2567
904: 3230,639,3807,3601,317,2715
4663: 2813,2420,85,527
4808: 1318,179
3737: 4590,3877,1918,69
4671: 2273,2295,1384
909: 768
3926: 3026
911: 558,2077
912: 4201,4525
913: 4733,2353,491
914: 2514,76
915: 4399,4586,1741,4285
916: 3964,1699,2773,4815,2871,1327
917: 3370,2874
4295: 
919: 2669,1533,2187
920: 656,2796
921: 4583,3461,2443
922: 3379,38,3553,2175
923: 4341
4678: 2543,3200,3353
3931: 537,1545,3937
926: 3569,960
4636: 1260,3780,2210
4088: 
929: 3796,871,9
930: 4548,1539,3057,3315
931: 2229,2004,877
4544: 1419,2535,3310,2241
933: 4733,49,1449
934: 1217,382,141,4707
935: 2831
4064: 457,4797
937: 3178,1841,173,484
938: 3414,1352
939: 1704,2858
940: 2295,2931
4104: 
4163: 190,1380
943: 4490,1073,1606
944: 
945: 359,2260
946: 
947: 4554,3929
948: 2764,75,1479,4213
949: 2667
3793: 3308,68,1454
951: 807,2389,414,3718
952: 3190,2956
953: 4586,4235,4625
954: 3156,4805,570,1616
955: 4413,2744,2578
956: 160,4524,1046
4656: 802
958: 2203,818
3942: 1286
960: 4033,926
961: 3434,4693,3644
962: 
963: 
964: 387,3547,237
965: 1859,26,658,2732
966: 
967: 831,4748
968: 3280,188,4640,2080,316
969: 1167
970: 542
4321: 984,12,801,1822
972: 4764
973: 4754,895
4607: 4362,2837
975: 3674,1484,2608,3267
976: 280,3871,3491,2781,4156
977: 3818
978: 838,4622
979: 2308,1727
4714: 385,3336,2754,3510,2807
981: 4069
982: 
4062: 1303,3896,1827
984: 4305,4683,4321
985: 4711,4341
986: 2501,3649,2784
987: 1519,3322,4790,4664
988: 4718,2641
4550: 
4150: 847
4501: 2505,2046,30
992: 1708,3735
993: 3381,2666,3085
4809: 777,2009,2768,717,1642,3187
4007: 349,4195,1076,2043
996: 1735,1092
997: 
998: 
4438: 3760
1000: 
1001: 2169
1002: 
4525: 3917,912
3883: 4219
3864: 4156,2055,3263
1006: 707,324,1077,2782
1007: 2181,3055
1008: 135,3083,2528
4209: 3884,41,1783
3836: 3899,1228,4805
1011: 4672,321,3292
1012: 2133,678
1013: 4374,870
1014: 
1015: 
1016: 304,3173,1856
1017: 87
1018: 2262
1019: 3777,4036,2168,1106
1020: 3273,4094,618
1021: 
1022: 4252,3582
1023: 2599,1770
1024: 2402,690
1025: 3739,2506
1026: 4031,2841,2979,3919,3532
1027: 
1028: 1548,2878,818,2911,3704
1029: 1562,1780,2306,2724,1134,1879
1030: 252,2433,4454
1031: 3100,2375,210,2078,4222
1032: 2617,1215,4243,1877
1033: 2409,3733,4776
1034: 729
1035: 
1036: 
1037: 2702,1994,4750
1038: 1270,1150,2977,1235
1039: 4433,1350,4194
1040: 588,4313
1041: 3602,2430,3035
1042: 2982,2370
1043: 2775,1277,3941,3901,1512
1044: 3242,3183,2604
1045: 2714,4554,4737
1046: 4524,956
1047: 2518
1048: 4357,1474
4109: 3788,3543,2817
1050: 3009
4207: 3745,1397,1706
1052: 2574,3335,4573
4487: 
1054: 406,621,164
3833: 1680,2699,1663
1056: 4327,3622,412
4641: 2092,84,4539,7
3819: 2648,1500
4290: 1828,4614
1060: 2670,2528
1061: 1383
1062: 4799,3985,1914
4313: 4608,2098,588,1040
1064: 1610,2507,1597
1065: 1243,1618,2704,2722
1066: 1915
1067: 739,4360
1068: 622,2355,573,2319
1069: 3170,1432,4344
1070: 3023,784
1071: 809,1481,2318
4704: 1192
1073: 4490,943,3428
1074: 3012
1075: 3288
1076: 3077,2727,349,4007
1077: 2782,1320,4767,1006
1078: 2103,2897,3367,3811,86
1079: 2607,4344,2552,1432
4748: 831,967
1081: 73,3340
1082: 
1083: 1245
1084: 4533
4454: 1515,2433,1030,1359
4311: 22,370,2900
3739: 1025
1088: 1133,4131,1278,2740
1089: 
4408: 1194,3296
1091: 4549
1092: 4131,4818,1278,996,1735
1093: 556,4796
1094: 
4350: 2657,3763
1096: 2647,1680,737
1097: 
1098: 4013,1812
1099: 2984
1100: 4666,3397
1101: 476,2902
1102: 3369,4514
1103: 2284,4178,2664
1104: 4377,1600,2456,4428
4444: 3486,4297,3172,3998
1106: 3777,1019,2168
1107: 2429,4654
1108: 112,803,1242,4812
3803: 4184,694,4142,354,4788
1110: 2097
1111: 3450,3995
1112: 3792
4673: 2882,281
1114: 561,4609,1256
1115: 366,1920
1116: 292,2959,3253,4536,3801
1117: 3002,3150,4279
4223: 4646,502,2086,4274
1119: 297,1475,2100,4010
4590: 3737,3877,788
1121: 194
1122: 2889,3139,1180,2019
3811: 2679,1078,2897
1124: 4563
1125: 554
1126: 
1127: 710,4551,58,3102,506
3719: 1365,3322,2463,3652,15
1129: 
1130: 
1131: 3092
4796: 810,4170,3588,14,2993,258,205,1093,4173,3019
1133: 1088,4181
1134: 3785,3975,3534,2724,1562,1029
1135: 3520,2701
1136: 4574,4112,2760
1137: 3400,4772
3876: 243,4443,1683
1139: 3341,161,568,3064
1140: 
3801: 3359,4360,1116,4536
4782: 3648,4370,2010,2801
1143: 
1144: 1474,839,4821,3345
1145: 2350,2133,3775
1146: 442,2205,4738
1147: 
4692: 42
1149: 
1150: 1270,1038,2977
4818: 4131,1092,2439,1735
1152: 3677,2198,1448,2811,4790
1153: 2966,3258
1154: 3162
1155: 1825,2214,1546,806
4333: 2206,752,4600,503
4506: 
1158: 
4551: 710,1127
1160: 3903,3542
4495: 2821,208
1162: 1382,479
1163: 2400
1164: 3788,323,3543,263
1165: 475,3191
3955: 2167
1167: 2558,4721,969,534,4690
4615: 4661,1500,4118
1169: 2209,2987,2149
1170: 3095,3465,1380,3530,4659
4484: 
4597: 1334
3773: 
1174: 304,188,3827
1175: 3977,4637
1176: 3153
1177: 4793
1178: 3250
1179: 2505,644,2085
1180: 4093,3139,4622,1122
1181: 4600,503
1182: 
4132: 3440,3638
1184: 742,2362
4014: 
4130: 3416,158,3401,2829
4400: 
1188: 4251,1628
1189: 1678,1434
1190: 517,3331
1191: 1885,4680,4805,3722,2013
1192: 4704,700
1193: 2644,2247
1194: 821,4408,3296,2547,491
4393: 
4185: 4085,3344,1925,2089
1197: 4364,1279,480
1198: 4140,900,200,3747,4628,4252
1199: 
4229: 674,4392,3387,4747
1201: 2298,1528,3888,4734
1202: 2654,455
4424: 2546,408
1204: 1230,4155,1831
1205: 4787,868,4049,3136
1206: 1651,2151
4439: 1482,610,1556,3681
1208: 2291,2665
1209: 2899,2863
1210: 
1211: 
1212: 3084,2044,547,2597
1213: 862
1214: 
1215: 4710,1974,3233,1032,2617
3895: 169
1217: 934,382
1218: 4140
1219: 3431
3844: 3962
1221: 4679
4539: 4287,7,4641
1223: 4256,529
1224: 3912,4806,2364,4020,3393
3950: 4157,148,4195
1226: 2723
1227: 1985
1228: 3982,3836,2629,2243,3231,4805
4681: 377
1230: 1204,4155,3146,3160
4613: 1621,4776
1232: 613,3078,3368
1233: 2675
4391: 4116,2477,3102,2818,3685
1235: 1270,1038,2977,82
1236: 3275,1383
1237: 2435,2217,2323
1238: 2244,3965,3561,1940
1239: 
1240: 1512,3974,3901,4799,3559
1241: 4239,3530,1860
1242: 803,1108,4812
1243: 1065,1618,3081
1244: 
1245: 1083,481,1938
1246: 
1247: 4532,4817,558
1248: 
1249: 2787,2393,3200,3353,2629
1250: 
4672: 4580,1011,220
1252: 2684,4376
1253: 4224,3690,1314
1254: 2708,3232
3887: 1312,4076
1256: 561,1114,4437
1257: 4118,4474,4815
1258: 2668
1259: 3114
1260: 4636,3780,547,3896
1261: 
1262: 2839,354,3047
4685: 3917,792,4775
1264: 1746,2162
1265: 3476,3758
1266: 4183,1794,3888,466
3997: 2707,2794,2421
1268: 3407
1269: 4075,241
1270: 1150,1038,2977,1235,607
4234: 313
1272: 4416,3152,4803,1599
1273: 
3727: 3273,3269
4362: 4607,1743,2981
1276: 1721,2416,872
1277: 2775,1043,4057,3941
1278: 4131,1092,1088
1279: 2914,3135,480,3919,1197
3835: 3270
1281: 4253,3778,2022
1282: 3650,3217,2399
1283: 
1284: 4773,2496
3786: 375
1286: 3942
1287: 3222,3016,219,2418
1288: 339
4693: 3644,961
1290: 2943
1291: 
1292: 390
1293: 723,4660,1767
1294: 2159,2698
1295: 3697,2224,1510
1296: 1799,4039,3098,665
1297: 4767,856,3563
1298: 
4203: 
4040: 
1301: 4482
4431: 827
1303: 4062,1968
1304: 3568
1305: 833
1306: 2502
4505: 1722,1882
1308: 
1309: 740,1387,3415
1310: 2792,2110,2033
4359: 4646,515,252,3581
1312: 3887,2657,1869,4312
4066: 526
1314: 370,3690,1253,4461
3906: 2083,3600,2258
3996: 1956,2208
1317: 3568,667
1318: 4808,179,2189
4179: 4579,1940,4791
1320: 1848,1077,3563
4160: 560,3292,321,3567
4725: 1945
1323: 3814
4293: 4657,3342
4620: 275,2509
1326: 3669,246,3754,1840,2070
1327: 3886,2871,846,916,2691
4182: 3061,1992,1898,1748
1329: 1774
1330: 3247
1331: 
1332: 1496,640,1618
1333: 3984,30
1334: 4597
1335: 
1336: 3565
4171: 721,4338
1338: 2092,4717,4366
4815: 4474,2773,4079,1257,4118,2279,878,1699,2824,916
1340: 637
4657: 4293,3683
1342: 1643,3239,2752
4658: 3664,3686,4642,2147,3676,1585,4820
1344: 4281
1345: 
1346: 1879,2857,290,429
1347: 
1348: 3436,590,727,3879
3755: 3983,3524
1350: 1039
1351: 802,3497,4325
1352: 3414,938,525
1353: 2016,218
1354: 2015,3766
1355: 
1356: 2482
1357: 3001,3188,3215
4404: 669,4143,3750
1359: 4284,1586,4454
1360: 1701
1361: 4167
1362: 460,1926,331,2023,2960
3830: 2051
1364: 805,61
1365: 3719,3322
4712: 3916,2991,3106,4357
4694: 3179
4210: 1513,1637,2690,4537,3056
1369: 2349,3239,1572
1370: 2558,4721,3185,2651
1371: 287,794
1372: 3408,322,2866,4792,3403,4215
1373: 2758,3571,4788,3736,1670
4154: 2813
1375: 3715,2959,4161
4644: 3907
4523: 2407,3705,4679,4465
1378: 3886,2824,3485,2391
1379: 
1380: 4239,3530,789,1170,4163
4804: 3600
1382: 312,1162,479
1383: 1061,3275,1236
1384: 2295,4671,4304,2726
1385: 4575,445
1386: 4559,3875
1387: 740,1309,3415,3001,3188
3684: 3647,4621,3229,4442,4798
3747: 200,4628,673,1198,900
1390: 
1391: 6
1392: 3916,2632
1393: 2649,3500
1394: 4423,2588,2371
1395: 1909,3083,2528,1600
4415: 3642,3622,2156
1397: 4207,1706
1398: 4282,2200,4741,3626
1399: 4039,4797,1466
1400: 2723,4569,4764
3949: 
1402: 4441,2384
1403: 3915
1404: 1624,1546,2987
1405: 
1406: 
1407: 
4106: 793
4092: 3334,1850,2551
1410: 41,710
1411: 1967,2204,4785
1412: 31,2422,4768,4330,3014
4603: 1641,111,1814,1771
4723: 4343,2130,565
4329: 1871,2953,436
1416: 724
1417: 4465,2407,4352
4114: 4247
1419: 4038,3715,4544,4161
1420: 
1421: 
1422: 1995,343,2270
1423: 3903,2986
1424: 
1425: 1742,1842
1426: 1625,1951
1427: 1826,4097,813
1428: 
1429: 2362
4074: 564,832,837
4055: 2827
1432: 1069,1079,4344
1433: 568,3936,4801,3064,2342,594
1434: 2732,1189
1435: 2847,1973,4376,3602
1436: 2340,2035,2116
4072: 1506,3502,457,4797
4763: 3900
1439: 851
1440: 75,4266,2758
1441: 590,2825
4680: 1885,1191,2120,3982,3231,4805
1443: 2208,3188,740
1444: 
1445: 401,309,4282,2200,4322
1446: 3076
4279: 3135,3075,1117
1448: 2503,3653,1152
1449: 49,933,610
1450: 4427,3130
1451: 3015,2906,1790
1452: 3672,2446
1453: 724,3148
1454: 68,3793
1455: 489,223,890,1878
1456: 
4706: 3010
1458: 4291,4778
1459: 3728,3935,365
1460: 2386
1461: 765,1939
1462: 1628,60
4278: 4086,4789,2391
4373: 2522,4231,4823
4339: 2094,2660,4608,13
1466: 2754,2028,1399,4797,385
4325: 1351,2116
1468: 4232
4169: 2541
1470: 
4628: 200,3747,1198,4252
3675: 482
1473: 
1474: 1144,4821,3345,1048
1475: 297,1119,1638,4377,2456
1476: 58,2477,3251,3102,4605
1477: 175,3146,3160
1478: 3774
1479: 898,948,4213
4425: 3585
1481: 1071
1482: 4439,610,4456
4469: 881,2931
1484: 3674,975,3267,733,4276
1485: 4769,439,4519
1486: 3256,4780,2334,3809
1487: 3415,3581
1488: 1952,742
1489: 2525
4619: 839,4610,3241,4821
1491: 1912,4817
1492: 4561,1633,738
1493: 4698,3938,2922,278
1494: 2474
3863: 
1496: 1332,2704
1497: 
1498: 2877,876,4473,3616
1499: 890
1500: 4615,4661,3819,2648
1501: 1677,1819,3405,1651
1502: 
1503: 3071,551
4297: 4444,3172
4049: 4770,3136,3081,868,4787,1205
1506: 3502,4072,3023,227,4587
4411: 149
1508: 2630
1509: 3393,3987
1510: 2151,1295,3697
1511: 1961,1737
1512: 882,3974,1240,1043,2850,3901
1513: 1637,4210,3056,898,3505
1514: 3298
1515: 2225,4454,3654
4430: 4592,4760,2796,1689,2462
4083: 2595,2138,2682,86,219
4258: 360,1762
1519: 987,2582,4790
1520: 4574,3408,4149,159
1521: 4762,603
1522: 2922,3619
1523: 2881,2954
1524: 1882,2100,1649
1525: 614
1526: 2965,3591,4208
4294: 
1528: 2298,3667,1201,3888
4537: 594,4210
3860: 581,1727,4054
1531: 4606,4355,1611
1532: 4616
1533: 1608,2187,919
4156: 3864,2852,976,2055
1535: 
1536: 706
1537: 
1538: 
1539: 930,2599,4036
1540: 2157,108
1541: 4322,4394,2330,4810
1542: 3708
1543: 2179,455,4813
1544: 3956,4800
1545: 537,3931
1546: 2214,1404,662,806,1155
1547: 4199,3822
1548: 1622,182,1028,2878,513
3974: 1512,1240,4799,3559
3850: 4086,1764,4667
1551: 272
4105: 424,2358
4611: 2203,3361,1715
1554: 2079
1555: 4728,1822,801,1588,2543
1556: 66,3681,2233,4439
1557: 
1558: 3029,2022,2830
1559: 223,108,1878
1560: 2515,3345,4777,2977
1561: 2662,2271
1562: 1780,1029,1134,3975
1563: 3480
1564: 2262,2877
4766: 2533
1566: 2294
1567: 4773,210
1568: 3226
4282: 1398,2200,1445,2330,3626
1570: 4093,3139
4503: 808,4442,3519
1572: 3567,3466,1369,2220
1573: 
4534: 4071,2172
4474: 4815,1257
1576: 
1577: 399,1732,3669,2129,4125
1578: 2423,3522,4084
1579: 2211,2196,2545
1580: 4500
4536: 3253,1116,3359,3801
1582: 3618,3100,2375
1583: 3299,723,2734,2293
4542: 3807,4475
1585: 4522,3664,4658,4642,4414,4820
1586: 1359,3215
1587: 256,3055
1588: 2969,801,1555,2543
4741: 1398,4768
4363: 128,4315,823,2744
4307: 1693
1592: 
1593: 
1594: 4740,615,2627
4344: 1079,1069,1432
1596: 883,2045,1984
1597: 2507,1610,1064
1598: 1775
1599: 4803,1272
1600: 1104,1909,3083,1395,110
1601: 4578,1650
1602: 2991,1659,4821,2520,2804
1603: 1665
1604: 1990,2958,2818,1993
1605: 4237
1606: 2887,943
1607: 4414,2029,2559
1608: 1533,3812,2366
1609: 2952,2953,4740
1610: 1064,1597,442
1611: 879,1531
1612: 2
1613: 3325
1614: 2710
1615: 
1616: 954,570,4028
1617: 2186,2752,787,1643
1618: 1065,1243,1332,640
4762: 1521,238
1620: 466
1621: 4613,4776
1622: 1548,182,730
1623: 1725,2603
1624: 366,2720,1404
1625: 1951,1426
1626: 4632
1627: 48,2890
1628: 1462,1188
1629: 3979,65,1958,4787,3209
1630: 3593,556
4446: 1755,2064
1632: 2421,2636,2119,446
1633: 1492,738
1634: 1865,2694,2592,1635
1635: 2590,1634
1636: 1873,3289,1871
1637: 1513,2814,4210
1638: 3577,4377,1475
1639: 
1640: 2721,2575,2727
1641: 4603,3210,343
1642: 3566,717,4809,3187
1643: 1342,787,1617,2752
1644: 
1645: 
1646: 552,2666
1647: 3412,4190,3069,2756
4134: 4023,4634
1649: 404,2072,4010,2100,1524
1650: 1601
1651: 1206,1501
1652: 1664
4029: 
1654: 79,2093,2798
1655: 1660,3446,2839,4142,4788
4584: 655,2364,4806
1657: 3669,4494,4125
1658: 4,3851,569
1659: 2991,1602
1660: 1655,565,3446,4788
1661: 2449
1662: 230,4783,2648
1663: 836,1680,3833
1664: 1652,2414
1665: 1603
1666: 3207
4416: 494,1272,4199
4793: 1177
1669: 3257
1670: 3736,3571,1373,2758,4491
1671: 1693
3766: 1354
1673: 
1674: 896,774,170,2035
1675: 
1676: 2588,4780,3240,4423
1677: 1501,2034,2426,4567
1678: 1189,2709,1836,4476
3845: 419
1680: 2699,737,3833,1096,1663
1681: 1829,2701,3614
1682: 508,4429
1683: 3876
3832: 2051,1835,1967
1685: 
3826: 4473
4025: 4220
4274: 4003,4560,502,4223
1689: 892,4345,4430,4760
1690: 3635,4664
1691: 
1692: 520,4669
1693: 1671,4307,3978
3822: 3878,1547,4199,38
1695: 3542
1696: 
1697: 1861,2206,2210
4273: 
1699: 2279,2824,2773,4815,2871,916
1700: 602,3433
1701: 1360
1702: 3077,2043,3107,4795,2025
1703: 2875
1704: 939,769,3057,2858,3315
1705: 1724
1706: 2566,4207,1397
1707: 4370,2801
1708: 992,3735
1709: 
3696: 631
4567: 3975,3534,1677,1927
1712: 2715,3601
3693: 3846,213,1965,2256
4575: 1385,445
1715: 2478,4611
1716: 
1717: 
4664: 15,3322,987,1690
1719: 
1720: 4178,2664
1721: 1276,255
1722: 4505,4440,1882
1723: 4035
1724: 1705
1725: 3094,1623
1726: 3409
1727: 581,3860,979
1728: 
1729: 
1730: 375,415
1731: 2017,2611,3061,1833,1898
1732: 399,1577,4017,2129
1733: 1968,1880
1734: 36,2792
1735: 996,2673,4818,1092
1736: 2353,3403,322,4733
1737: 1511
1738: 3310
1739: 2045,2688
1740: 4750,166,4192
1741: 4116,3155,915,3685,4285
1742: 1425,294,2280,2756
1743: 2595,2138,4362
4417: 1800
1745: 2786,4502
1746: 1264
1747: 3178,2990
1748: 548,4182,1864
4677: 778,59
4091: 3172
4080: 2141
4195: 2989,4007,3950,3551
1753: 748,2257
1754: 4324
1755: 4446
1756: 2859,2979,3510
1757: 163,2889,3500
4310: 765,3654
1759: 2491
1760: 
1761: 
1762: 1849,4258
4429: 4794,508,1682
1764: 2563,4122,4667,3850
1765: 4291,2952,838
1766: 
1767: 4660,1293,723,2734
1768: 
1769: 3665,3986
1770: 1023,3230,2715
1771: 4618,2903,1814,4603
1772: 616,4473
4065: 3581,252,4284
1774: 1329,4441
1775: 1598,2636
1776: 3072
1777: 805,3840,4507
1778: 851,293
1779: 100
1780: 1562,1029,2306,3484,4591
1781: 3004
3676: 3686,4658,4642
1783: 380,3209,4787,3884,4209
1784: 
4587: 4767,227,1506,3023
4817: 1247,1925,1491
3934: 281,2231
3967: 2107
1789: 3536
1790: 3076,1451
1791: 2299,4319,2312
3998: 3172,3486,4444
1793: 4711,619
1794: 1266,3888
1795: 2077,85
4797: 4064,3502,4072,2961,457,1399,4245,3963,1466,385,3336
4492: 
4178: 2094,2660,1720,2664,1103
1799: 1296,1963,665,2134
1800: 4417,2577
1801: 2307
1802: 2361,3152,3428,2485
1803: 2284,2918
1804: 2221
4016: 
1806: 
1807: 
4635: 3374
4183: 1266,466,4337
1810: 339,3203
1811: 449,3597,2325,517
1812: 1098
4578: 1601
1814: 111,4603,1771
1815: 873,3182
3752: 
1817: 3141
4309: 36,301,2409
1819: 221,3405,2034,1501
1820: 
1821: 589
1822: 4728,1555,4321,801
4038: 1419,3715,3310
4569: 2310,1400
1825: 1155,2214,2345
1826: 1427,4387
1827: 3896,3989,4062
1828: 4290,4614
1829: 1681,2902,3952,240
1830: 
1831: 4155,1204
3796: 453,540,929,2547
1833: 4103,1731,1898
1834: 
1835: 2051,498,3832,3267,4276
1836: 2709,837,4476,564,1678
1837: 101,3164
1838: 2337,4384,3411,4562,163
1839: 4491
1840: 173,2024,1957,2070,1326,3754
1841: 3881,99,937,3178
1842: 4792,1425
4288: 
1844: 3827,3849,2298
1845: 2345,566,4811
1846: 3006
1847: 
1848: 1320
1849: 1762,4497,4005
1850: 2551,4092
3733: 1033,799
1852: 3613,3396
4768: 2892,3817,4741,232,3014,3217,1412
3868: 
3899: 3836,2787
1856: 3173,292,304,1016
1857: 3167,3939,4030
1858: 3703,4735
1859: 965,658,2471,378
1860: 4659,3959,1241
1861: 1697,3283,2597,0
1862: 
1863: 3477,864
1864: 2770,3983,1748
1865: 1634,2694
4760: 4592,4430,2680,2008,1689
4698: 3935,1493,3938,2455
1868: 
1869: 4312,1312,2657,2336
1870: 3792,817,4737,2674,4554
1871: 4329,2953,1636,1873
1872: 3557,2171,2310,2673
1873: 1636,426,1871
1874: 4188,4272,2471,378
1875: 3068,3220,2699
1876: 873
1877: 2623,1032,2617
1878: 223,1559,1455
1879: 2857,1346,2724,1029,2306,429
1880: 1733
4779: 122,2367,2848,3521
1882: 1524,2100,1722,4505
4366: 1338
1884: 2098,2319,4670
1885: 4680,1191,2120,2013,2970
4586: 953,4625,915
4445: 2619
1888: 3499
1889: 4764
4048: 2056,3319,4023
4305: 984,4683
1892: 669,209,4394,2037
1893: 85,4051,527,2982
3983: 3755,1864,2770
1895: 2786
1896: 4784,3059
4786: 1949,2827
1898: 1992,1731,2611,4182,3061,1833
1899: 
4259: 3407
1901: 60
4332: 628,344,2596
4120: 409
3834: 803,405,2700
4085: 4185,3344,1925
1906: 4540,3923,521,2369
1907: 816
3758: 1265
1909: 1395,1600
3963: 4245,2961,4797
1911: 33,3808,4139
1912: 3728,4019,1491
1913: 
1914: 76,4701,1062,3985,2514
1915: 1066
4735: 243,1858
1917: 4647,2458
1918: 4243,69,3533,3737,2442
1919: 459,2403
1920: 3103,3616,1115,366
4056: 
1922: 3129
1923: 
3927: 2778
1925: 4185,4085,4817
1926: 2378,331,1362
1927: 4228,528,4567,3975
1928: 424,2668
1929: 3453,3015,3346,3330,397
1930: 398
4387: 2300,11,1826
4494: 654,3640,1657,246
3884: 4209,2995,4787,1783,4540,3923
1934: 
3715: 4038,1419,1375,2959,4161
1936: 
1937: 
1938: 165,1245
1939: 1461
1940: 2609,3022,1238,4179,4791
4548: 930,300,4270
1942: 
3722: 865,4805,570,1191,2013
1944: 3630,2580
1945: 4308,4725,2601
1946: 3815,2404,96
4690: 2996,2039,1167
3740: 834,2529
1949: 553,4786
3987: 3393,2136,4189,1509
1951: 1625,1426
1952: 2170,1488,742
1953: 684
1954: 3009,4250
4086: 3850,4278,3485,2391
1956: 3996,740,2658,2208
1957: 484,4017,1840,173,3669,399
1958: 65,4637,3979,1629,501
1959: 3177,3620
4143: 1987,4810,3750,4404
1961: 1511,4231
3879: 1348,590
1963: 1799,2028,3414
1964: 4674,886
1965: 2736,732,3846,213,3693
1966: 430
1967: 1411,3832,2204
1968: 1733,1303,2526
4117: 4022
1970: 459
1971: 2954,2385,2881
4112: 2760,1136,4574
1973: 4123,4376,1435,3602,3363
1974: 1215,4710,4553
1975: 112
1976: 88
4637: 3977,1175,501,1958
3956: 1544,3862
4427: 1450
4190: 3412,1647,2140,3169,3069,2756
1981: 3690,3898,3461,4580,370
1982: 2319,3603
1983: 
1984: 2775,1596
1985: 2510,3333,357,1227,4235
3939: 3053,3360,1857
1987: 4143,228,311,4810,2102
1988: 2232
4520: 482
1990: 1604,3685,4285,3297
1991: 537
1992: 1898,4182
1993: 3499,3297,1604
1994: 3951,1037
1995: 1422,2068
3814: 1323
4743: 
1998: 544,2001,195
1999: 4121,241,4271
2000: 
2001: 195,1998
2002: 2610,3140
3754: 1326,1840
2004: 2229,931,877,3284,2350
4660: 1767,1293,402
2006: 
2007: 2780
2008: 2680,4345,4760
2009: 777,4809,3930,3537
2010: 4370,4782,359
4352: 2538,1417
2012: 
2013: 2970,18,1885,1191,3722
2014: 2158
2015: 2175,1354
2016: 1353,3245,4396,2481
2017: 1731,2611,4103
2018: 435,3184
2019: 4063,3139,1122
3909: 
2021: 823
2022: 3029,1281,3778,1558
2023: 1362,578,2960
2024: 739,1840,2070
2025: 4795,1702,2043,4119,4157
4710: 1215,1974,3533
2027: 3605,4816
2028: 2754,1466,1963
2029: 3386,2559,1607
2030: 147,448
2031: 
3688: 2662,2463,2363
2033: 1310,2835
2034: 1819,1677,2426
2035: 802,1674,1436,2340
4235: 953,3333,1985,785
2037: 1892,209,2443,4583
2038: 2080,316,427
2039: 2638,4690
3970: 
2041: 3302,2646,2674
2042: 2223,4684,249
2043: 1702,2025,4007
2044: 3084,1212,2597,4496,3940
2045: 1739,2688,1596
2046: 2505,4501
2047: 2616,3600,561
3780: 1260,4636,547,2597
2049: 3882,2375,4222
2050: 4713,4380,3316
2051: 1835,498,3832,3830
2052: 3443,4256
4116: 4605,1741,3155,4391,2477,3685
4157: 3950,148,2025
2055: 4156,3864
2056: 3319,4048,788,474,4708
4045: 3387,4098,4410
2058: 4699,56,3999
2059: 4722
2060: 2274
4018: 
2062: 4784,3491
4221: 3697,4792,2866,4149
2064: 4446
3775: 2133,3582,1145
2066: 876,3616,3103
2067: 
2068: 3897,1995,4661,532
2069: 3302
2070: 2497,2024,1840,1326,246
4802: 74,79
2072: 1649
2073: 
2074: 
2075: 2779,2086,544
4379: 4422
2077: 911,558,4705,1795
2078: 4773,210,3100,1031
2079: 1554
2080: 316,2038,968,3280,3667
2081: 3208
4724: 3305
2083: 3906,2207
2084: 3107,387,4795,237,3077
2085: 23,1179
2086: 875,502,544,4223,2075
2087: 
2088: 
2089: 4185,4532
2090: 2698
4700: 3989,4051
2092: 1338,4641,84,7
2093: 2798,1654
2094: 4339,4178,530
2095: 3174,4003,515,2433
2096: 2410
2097: 1110,391
2098: 2319,1884,4670,588,4313
2099: 2342,2690,594,682
2100: 297,1119,1649,1524,1882
4152: 3953
2102: 492,3750,311,4552,1987,2883
2103: 1078,3367,3694,4401
4540: 1906,3923,521,4787,3884,2995
2105: 
3705: 2407,4523
2107: 3967
2108: 402
2109: 4769,2912,3821,439
2110: 36,2792,1310,799
2111: 4452,2454,3948,172
2112: 4522,2830
4063: 2019
3778: 4253,1281,2022
4164: 
2116: 529,4325,1436
2117: 622,4789,2355
2118: 
2119: 4341,2421,1632
2120: 1885,4680,2970
2121: 2440
2122: 
2123: 
2124: 4814
2125: 3044
3888: 1528,1201,1266,1794
2127: 
3828: 2632,2991,3954,3916
2129: 3938,1577,1732
2130: 4343,4723
3862: 2628,3956
4201: 16,912,2706,214
2133: 3775,1145,1012
2134: 665,2863,2145,1799,525
4703: 4019,860
2136: 3912,3393,4224,3514,3987
2137: 3744,2704
2138: 4083,1743,219,3016
3750: 2102,492,4143,4404,236
2140: 3756,2635,3169,3069,4190
2141: 4080
2142: 3647,4621,350
2143: 43
4791: 141,1940,2609,119,4179,4579
2145: 2863,2134,2653,525
2146: 4774
2147: 3664,3686,4658,121,447,4820
2148: 875
2149: 1169,2214
2150: 4082
2151: 1510,3697,1206
2152: 3598,2182
2153: 214
2154: 4304,2452
2155: 3065,3068,2738
2156: 3642,4415,3622,2671
2157: 2263,1540
2158: 2014
2159: 1294,323
4807: 842,248,776
2161: 2196,277
2162: 1264
3799: 
4621: 3647,3684,3229,4588,2142
2165: 3703,2665
2166: 3738
2167: 840,3955
2168: 3777,1019,1106
2169: 1001
2170: 1952,646
2171: 4452,1872,4543,2310
2172: 4071,4534
2173: 813,3298
2174: 4541,891
2175: 2015,922
2176: 426
2177: 
4737: 3792,1870,817,1045,4554
2179: 1543,455,3179
2180: 2875
2181: 1007
2182: 2881,3598,2152
2183: 849
4204: 
3915: 1403
2186: 1617,2752,2218,2487
2187: 1533,854,3802,919
2188: 3371,2729
2189: 1318
2190: 313
2191: 3613,303,2589
4614: 1828,4290
2193: 886
4057: 1277,836
2195: 4355
2196: 1579,2211,2161,277
4707: 3540,934,141
2198: 3677,1152,4790
2199: 769
2200: 1398,4282,1445
4252: 3582,1022,4628,1198,4140
4124: 4436
2203: 958,4611,3447
2204: 3874,1411,1967
2205: 1146
2206: 752,4333,1697,2210
2207: 2616,2420,2083,3600
2208: 1443,740,1956,3996
2209: 3519,1169,2987
2210: 4636,2206,752,1697
2211: 1579,2196,2545,2897
4094: 2981,3273,1020,618
2213: 3112
2214: 1546,2149,1825,1155
2215: 3158
2216: 3709,4773
2217: 2435,1237
2218: 2186
4103: 1833,2017,265
2220: 2349,3466,1572,3560
2221: 1804
2222: 
2223: 2042,249
2224: 3412,4238,1295
2225: 1515,2433
2226: 3318
2227: 2805
2228: 
2229: 931,2004
2230: 427,466
2231: 2646,3934
2232: 1988,4107
2233: 10,66,1556
2234: 749
2235: 
2236: 
4376: 1973,4123,1252,1435
3843: 3226,2603
2239: 
2240: 
2241: 3310,4544
2242: 3732,3177
2243: 444,3231,511,2629,1228
2244: 1238,3965,443,3561
4037: 832,3806
4448: 
2247: 2512,1193,2644
2248: 3885
3703: 2165,1858
2250: 3379,3636,708
3707: 
2252: 3441,4403,4301
2253: 
4646: 4223,4359
4319: 1791,2299
2256: 586,270,213,3693
2257: 1753
2258: 3906
4750: 1740,2459,1037,4192
2260: 945
2261: 
2262: 1564,1018
2263: 2157,3763
4001: 602
4686: 718
4504: 
2267: 3099
2268: 4757,3060,3648
4783: 230,4246,4435,1662,2648,3812
2270: 1422,343
2271: 3652,1561
2272: 
2273: 4671,2295
2274: 2060
2275: 414,3386,3718,581
3961: 4812,2387
2277: 
2278: 
2279: 878,1699,2824,3485,4815
2280: 1742,3816,4792
2281: 
2282: 4781,4800
2283: 
2284: 1103,1803
3732: 3019,2242
3738: 2166,2397,93
3712: 3531,3351
3808: 1911
3919: 1279,4031,1026,2841
2290: 251
2291: 326,1208
4251: 1188
2293: 2734,1583,4728
2294: 90,1566
2295: 1384,940,2273,4671
4442: 4353,4798,3647,3684,4503
3770: 2620,4765
2298: 1528,3667,1201,3849,1844,4734
2299: 1791,347,4319
2300: 4387,11
3993: 264,2980
4645: 
2303: 484,4017,404
2304: 4095
3943: 3537,154
2306: 1780,1029,3484,1879,2872
2307: 1801
2308: 979,489,108,3271
2309: 
2310: 4569,2171,1872,4543
3781: 89,670
2312: 2363,3058,1791
4271: 241,895,1999
4141: 3594,3385
2315: 2829,4529,2423
4024: 3794,4591,725
2317: 
2318: 1071,2546
2319: 2098,1884,1982,1068
4401: 3694,2103
3748: 2406
4792: 1842,2280,3816,4627,4221,4215,3408,1372,2866
2323: 2435,1237,2406
3869: 3053,3360
2325: 4486,345,1811
2326: 
4564: 4463,2686,4121
4127: 
3947: 
2330: 1541,4394,4810,4282,3626
2331: 
2332: 
2333: 3952,240
2334: 4248,1486,3381
2335: 3663,4413,303
2336: 1869
2337: 1838,4384,3411,3650
2338: 2487,3213
4058: 4479,414,2737,4512
2340: 1436,71,2035
2341: 
2342: 2099,4801,1433,3936
2343: 
2344: 580,153,473,2655
2345: 1845,566,1825,4811
2346: 2758,4777,4266
4054: 2917,3860,3972
2348: 
2349: 1369,2220
2350: 3284,2004,1145
4559: 3875,2851,1386
4006: 4075
2353: 1736,821,913
4472: 
2355: 573,2613,4789,2117,622,1068
2356: 3131
4119: 2025
2358: 424,4105
3677: 2198,1152,3150,186,4790
2360: 384,3449,4765
2361: 1802,3152
2362: 1429,1184
2363: 2312,3688
2364: 4584,655,4806,4020,1224,3912
4728: 1822,1555,2293
2366: 1608
2367: 4034,2904,122,4779
4000: 2645
2369: 134,1906,3144
2370: 1042,4609,3639
2371: 1394
2372: 572
2373: 3407,3589
2374: 474,4708,893
2375: 3100,1031,1582,2049,3882
2376: 3430
2377: 870,4107
2378: 1926
2379: 
4082: 2150
2381: 3823
4423: 1394,1676
2383: 3034,2457
2384: 1402,4441
2385: 1971
2386: 1460
2387: 4812,3961
2388: 569
2389: 951,807,2669,4479
3792: 1870,817,4737,1112
2391: 4086,4278,3485,4789,1378
2392: 319,4005,3465
2393: 1249,2787,3617,2600,3353
2394: 687,2517,3175
4795: 2706,2084,3107,3342,214,1702,2025
4023: 4134,4048
2397: 3398,93,3738
2398: 2742
2399: 3512,3335,1282,709
2400: 1163
3937: 2479,273,3931
2402: 2986,690,1024
2403: 1919,459
2404: 1946
3787: 
2406: 3748,2323
2407: 3705,4523,4465,1417
2408: 456
2409: 1033,4776,4309
2410: 3123,2096
2411: 682,2690,2814
2412: 4780
3817: 4768
2414: 1664
2415: 2912,83
2416: 648,26,2523,1276
4392: 3387,4229
2418: 3776,889,3222,1287
2419: 3195
2420: 2813,4663,2483,2207
2421: 2636,1632,2119,3997
2422: 1412,31,3392,2833,2464
2423: 1578,3522,2315
3953: 4152
2425: 
2426: 2034,1677
4452: 2111,2171,2454,3948,172,4543
2428: 
2429: 1107,3352
2430: 1041,3035
4522: 2112,1585,4642
2432: 4781,440,276
2433: 2225,4454,2095,1030
4238: 3412,3156,2224
2435: 1237,2217,2323
2436: 3802,3431
3944: 
4455: 
2439: 4818
2440: 3264,2121
2441: 
2442: 4243,1918,69
2443: 2833,2464,2037,4583,921
4507: 805,1777
4353: 4442,4798
2446: 3672,1452
3938: 2129,2922,4698,1493
2448: 394,3375
2449: 3003,3529,1661
2450: 3132,25,4801,3936
4443: 243,3876,4780,3256
2452: 2154
3686: 4658,4642,2147,3676,3389,121
2454: 2111,4452
2455: 4323,4698,3935,365
2456: 4377,1104,4428,297,1475
2457: 3661,2383
2458: 4647,1917
2459: 4245,4192,4750
4616: 1532,3173
2461: 42
2462: 4430
2463: 3688,3652,3719
2464: 2833,2443,3392,2422
2465: 205
2466: 
3756: 3559,2140,2635
4031: 1026,3919
2469: 572
3986: 160,3608,1769
2471: 658,4272,1874,1859,378
4098: 4410,4045,2644
2473: 4477
2474: 3818,3892,1494
4499: 
4399: 915,4488
2477: 1476,58,3102,4605,4116,4391
2478: 3361,1715,2702
2479: 273,3937
2480: 
2481: 4034,2016,3245,2904
2482: 3643,1356
2483: 2420
2484: 3827,3110,4665
2485: 4803,1802,3152
2486: 308,171
2487: 2338,2186,2752
2488: 4286,3505,4213,3124,620
2489: 557
2490: 
2491: 1759
2492: 
4756: 3625
4133: 
4242: 722
2496: 3110,1284,4773
2497: 2070,3138,4360
2498: 2594
2499: 
2500: 53,4158,4549,3922
2501: 986
2502: 369,1306
2503: 1448,3518,4388
2504: 
2505: 1179,644,4501,2046
2506: 4173,1025
2507: 1064,1597
3872: 2874,2640,559
2509: 275,4324,4620
2510: 632,1985,357
2511: 532,315,3897
2512: 2247,4747,674,3629
3890: 
2514: 3020,1914,914
2515: 3345,1560,4777
2516: 458
2517: 2394
2518: 1047
2519: 3159
2520: 2526,2804,3084,4821,1602
2521: 
2522: 4373,3477,4823
2523: 4576,2416
2524: 
2525: 1489
2526: 2520,3084,1968
2527: 
2528: 3083,1395,1060,1008,135
2529: 3740
2530: 687,3236
2531: 261,686
4473: 1772,1498,3826
2533: 4766
3789: 3244
2535: 4544,3310
4241: 299
2537: 
2538: 4352
4524: 1046,956,2888
4019: 860,4703,3728,1912
2541: 4169
4151: 145
2543: 4678,1555,1588,2887
2544: 
2545: 2682,1579,2211,2897
2546: 4424,3385,2318
2547: 491,1194,3796
2548: 
2549: 10
2550: 
2551: 1850,4092,3220
2552: 4626,1079
4436: 4124,2621
2554: 3892
2555: 2843
2556: 495
2557: 741
2558: 4721,1370,1167,2996
2559: 2029,1607,3972
4476: 1836,837,1678,165,242
3965: 1238,2244,4301
2562: 2664,2908,3191
2563: 1764,315,3591,4122,4208
4224: 1253,2136,3514,3125
2565: 376
2566: 1706,3372
2567: 4264
4799: 3985,3323,3941,3901,3974,1240,4649,1062,3559
2569: 
2570: 4626,766
2571: 
4467: 
4775: 3556,792,4685
2574: 1052,3335
2575: 2727,1640
2576: 
2577: 1800
2578: 303,955,3720,3613
4322: 1541,4810,1445,309,3032
2580: 3215,3630,1944
2581: 507,360
2582: 2811,4790,1519
4131: 4818,1092,1278,1088
4456: 357,1482
4482: 2720,1301
3694: 4401,2679,2103
4813: 3821,1543,455
2588: 4780,1676,1394,4248
2589: 3663,2191
2590: 1635
2591: 2894
2592: 2694,597,1634
3743: 
2594: 2498
2595: 4083,1743,2837,2682,86
2596: 4332
2597: 4496,0,1861,3780,1212,2044
2598: 
2599: 1023,1539,4036
2600: 2734,3617,2393
2601: 2688,4308,1945
2602: 
2603: 3672,2685,1623,3843
2604: 3210,1044,123
4705: 2077
4508: 
2607: 1079,4576
2608: 2659,2696,975
2609: 1940,119,4791
2610: 345,2002,3017
2611: 1731,2017,3061,1898
4460: 
2613: 2355,573,4789,4197
2614: 
4418: 539,731
2616: 2207,2047,527
2617: 1032,1215,3233,1877,2623
4388: 3518,2503
2619: 13,4445
2620: 3770,4084,234
2621: 4436
4261: 
2623: 1877,2617
2624: 
2625: 231,4013
4648: 3185,4721
2627: 615,68,857,1594
2628: 3862
2629: 3200,1249,1228,2243
2630: 765,1508
2631: 150
2632: 348,3828,1392
2633: 4552
2634: 342,4816,476
2635: 3169,3756,2140
2636: 2421,1632,1775
4243: 1918,1032,2442
2638: 3073,2039,4410
4774: 3298,2146,62
2640: 3222,2874,3872
2641: 4718,4722,988
4084: 2620,3522,3449,1578
2643: 
2644: 4747,4098,1193,2247
2645: 4000
2646: 2231,2041,3302
2647: 1096,688
2648: 3819,1662,4783,1500
2649: 1393,3500
2650: 2800
2651: 3185,1370
4470: 
2653: 2899,2863,2145
2654: 1202,145
2655: 417,473,580,2344
4708: 474,2374,2056,788,893,284
2657: 4350,1312,1869
2658: 740,1956
2659: 2608,2696
2660: 4339,4178,244,4608
4009: 4050,4450,718
2662: 3688,1561
4008: 
2664: 2562,1720,4178,1103
2665: 1208,2165
2666: 552,1646,993
2667: 3481,2944,949,3744
2668: 1258,1928
2669: 919,2389,4479
2670: 3195,1060,135
2671: 3642,2156
4075: 4006,1269
2673: 1872,1735
2674: 1870,2041,3108
2675: 3805,1233
2676: 2942,853,4778,3303
4751: 2732,26
3779: 3492
2679: 3811,3694
2680: 2008,4592,4760
2681: 3373
2682: 2545,2837,2595,4083,86
2683: 
2684: 1252,556
2685: 3435,2603
2686: 4463,4564
4780: 2588,2412,1676,243,4443,1486,4248
2688: 2045,1739,2601,4308
2689: 3089
2690: 2099,2411,682,4210
2691: 1327,846
4118: 1257,4615,4079,4815
4769: 4146,2109,439,522,4519,1485
2694: 597,2592,1865,1634
3713: 3614,3952
2696: 2659,2608
2697: 673,417
2698: 3214,2090,1294
2699: 1680,737,3833,3068,1875
2700: 3441,405,3834
2701: 3614,1135,1681
2702: 1037,2478
2703: 152
2704: 2137,1496,1065
4778: 3303,4291,2676,853,1458
2706: 4795,3683,4201,214
2707: 3997,2794,4709,3296
2708: 1254,3232
2709: 1836,564,1678
2710: 1614
4281: 1344
4355: 4606,4682,2195,1531
3964: 916,680
2714: 1045,4139
2715: 1712,904,3230,1770
2716: 396,3519
3892: 2554,2474
2718: 
2719: 191,3189
2720: 4482,1624
2721: 1640,349,2989
2722: 823,1065
2723: 1400,1226,4764,3426
2724: 2760,1134,3785,1879,2857,1029
3680: 3401,3825,4784,2983
2726: 2768,1384,4304
2727: 2575,1076,1640,349
2728: 4528
2729: 2188
4003: 515,4274,4560,3174,2095
2731: 
2732: 4751,1434,26,872,965
2733: 
2734: 2293,2600,1583,1767
4435: 4246,4783
2736: 732,1965
2737: 88,4479,4058
2738: 2155
2739: 
2740: 1088
4787: 1205,3979,1629,868,4049,3136,380,3209,1783,4540,521,3884
2742: 2398
2743: 74,2798
2744: 4413,955,3307,4363
3857: 3175,3635
2746: 437,2820,2974,4801
2747: 
2748: 483
4428: 2759,1104,2456
2750: 4289,4343,4462
2751: 671,4770
2752: 2186,1617,2487,1342,1643
4577: 242,4617
2754: 2028,1466,385,4714,4364,2807
3815: 1946,96
2756: 3069,4190,1647,1742
4579: 4179,4791
2758: 1373,2346,1670,1440,4266
2759: 4428
2760: 4112,2724,1136,3785,2857
3901: 3941,1043,1512,1240,4799
4441: 1402,1774,2384
4283: 3614
2764: 75,948,372
3851: 1658,520,3526
3941: 3901,1043,1277,3323,4799
4173: 4796,2506
2768: 2726,717,4809
2769: 4149,4434,4574
2770: 1864,3983
3985: 4799,1062,1914,4701,3710
2772: 315,3591,3338
2773: 4815,1699,916
4189: 579,3987,4486,345
2775: 1984,1043,1277
2776: 3602,3035
3952: 2333,3614,1829,3713
2778: 3927
2779: 2075,195
2780: 2007
2781: 3491,976
2782: 1077,4767,324,1006
3805: 2675,828
2784: 4218,986,3258
4666: 1100
2786: 1745,4502,1895
2787: 1249,2393,3899
4345: 420,2008,892,1689
4561: 1492
4498: 4413,3307
2791: 
2792: 1310,36,1734,2110
4765: 4096,2360,384,168,3770,3180
2794: 4709,2707,3997
2795: 3511
2796: 4592,4430,920
4588: 4764,3426,3229,4621
2798: 2093,1654,2743
2799: 
2800: 284,3772,2650
2801: 4370,1707,4782
4631: 
4338: 3587,4171
2804: 2520,4821,3940,1602
2805: 3764,2227
2806: 
2807: 3510,2754,385,4714,4364
4020: 4806,2364,1224
4039: 1399,1296
2810: 
2811: 2582,4790,1152,3518
4291: 1765,4778,1458
2813: 4663,2420,4154
2814: 1637,2411
3674: 1484,975,733
4576: 2607,270,2523
2817: 364,4109,3543
2818: 2958,4391,1604
4275: 
2820: 2746,437,4801
2821: 208,4495
2822: 3489
2823: 3846,213,702
2824: 2279,1699,3485,4815,3886,2871,1378
2825: 1441,590
2826: 3681
2827: 4055,4786
4268: 306
2829: 2315,508,4130
2830: 1558,2112
2831: 3979,868,501,935,3088
2832: 3429,4167
2833: 2443,2464,31,2422
3954: 3828
2835: 3312,2033
3683: 4657,2706
2837: 2682,4607,2595
2838: 51,542
2839: 1262,4142,354,1655
2840: 3236
2841: 1026,3919,3532
3856: 3545,722,531
2843: 2555,3000
2844: 
4701: 1914,76,3710,3985
2846: 3094
2847: 1435,256
2848: 3506,4779
4463: 4564,2686,3406
2850: 1512,882
2851: 4559
2852: 4156,280,771
4785: 1411
2854: 
2855: 716,4468
4758: 3720
2857: 1879,1346,2760,2724
2858: 4270,3057,3395,338,939,1704
2859: 4192,1756
4368: 3285,830
2861: 3020
3935: 4698,2455,365,1459
2863: 665,2145,2134,1209,2653
4711: 1793,985,4341
2865: 278,702
2866: 3408,1372,4792,4221,4149
2867: 353
2868: 739
2869: 337,514,339,3203
2870: 
2871: 3886,1327,1699,2824,916
2872: 2306,429
4784: 562,2983,1896,2062,3680
2874: 3872,2640,917
2875: 1703,2180
4563: 196,1124
2877: 1498,876,1564
2878: 513,1548,1028,3704
2879: 3989
4121: 1999,4564
2881: 1523,1971,2182
2882: 4673,281
2883: 4552,2102,492
4317: 3026,3313
2885: 
2886: 2985
2887: 1606,2543,511
2888: 3436,4524
2889: 1122,3500,1757
2890: 2968,1627
2891: 3008
2892: 4768,232,3014,3217
3807: 3601,4542,317,904
2894: 3113,2591
4726: 3272
2896: 
2897: 1078,2211,3811,2545,86
4061: 3560,3455
2899: 2653,1209,448
2900: 4311,2993
4560: 3174,4003,4274
2902: 1829,1101,240
2903: 1771,4618
2904: 2367,2481
4051: 1893,4700
2906: 538,1451
4440: 1722,766,732
2908: 2562,3191
2909: 
2910: 646,2944
2911: 3704,3294,1028
2912: 2415,3821,83,2109
2913: 
2914: 1279
4814: 814,2124
2916: 44
2917: 4054,519,3972,4772,3271
2918: 375,415,1803
4284: 1359,4065
3925: 2984,3542,3458
4272: 658,2471,1874
2922: 1522,3938,1493
2923: 3634
2924: 
2925: 3995
2926: 502
2927: 
2928: 
2929: 
2930: 497
2931: 4469,940
2932: 
2933: 
2934: 3225,2969,653
4434: 2769
2936: 
3725: 4212,4655
2938: 
2939: 
2940: 3430
2941: 4596
2942: 2676,401,853,2968,756
2943: 1290
2944: 2667,646,2910,3744
2945: 3698,4420,644
2946: 
2947: 348
4212: 3725,4655,4626,766
2949: 4090
2950: 3543,263,364,3854
2951: 3363
2952: 1609,1765,838,4622
2953: 1871,4329,615,1609
2954: 1523,1971
4199: 1547,494,4416,3822
2956: 952
2957: 
2958: 2818,1604,3665
2959: 292,1116,1375,3715,4161
2960: 2023,1362,460
2961: 3502,4797,4245,3963
4500: 1580
4555: 
4535: 3550,113
2965: 1526
2966: 668,1153,3300
3783: 3162,3920
2968: 2890,2942,853
2969: 1588,2934
2970: 2013,1885,2120
4028: 865,570,1616,221
2972: 353
4228: 725,1927,528,639
2974: 2746,3645,3109,25,4801
2975: 
2976: 
2977: 1270,1150,1038,4777,1560,1235
2978: 3454,841
2979: 3510,1756,1026
2980: 4447,4806,3993
2981: 4094,3269,4362
2982: 1042,1893
2983: 4784,3680
2984: 3542,1099,3925
2985: 727,3922,2886
2986: 2402,1423
2987: 2209,1169,1404
2988: 3343
2989: 349,4195,2721,3551
2990: 3577,1747
2991: 1602,1659,4712,3828
2992: 4612
2993: 4822,2900,810,4170,4796,258
2994: 
2995: 3884,41,4540,3923,513
2996: 4690,2558
4541: 2174,891
4747: 3387,2644,2512,674,4229
4594: 201
3000: 2843
3001: 1357,3188,1387
3002: 1117,420
3003: 2449,3529
3004: 1781
4819: 4466
3006: 4800,1846
3007: 381
3008: 2891,3757
3009: 1954,1050
3010: 4706,369
4771: 3900
3012: 670,1074
3013: 
3014: 4330,3217,4768,2892,1412
3015: 1451,3076,3453,1929
3016: 3222,1287,2138,219
3017: 2610,3593
4682: 4355,45,3349
3019: 3732,4796,205
3020: 2514,2861
3021: 94,3641
3022: 3561,1940
3023: 1506,3502,1070,227,4587
4139: 1911,2714
3897: 2068,3338,2511,532
3026: 4317,3926
4717: 1338
3028: 3247
3029: 2022,592,1558
3030: 
4246: 230,4435,4783
3032: 309,4322,4810
3033: 
3034: 2383,3143
3035: 1041,2430,2776
3036: 
3037: 3051
4761: 3190
4096: 4765,443,3180
3040: 
4738: 1146
3042: 143,3377
3043: 
3044: 2125,338
4302: 
3746: 475
3047: 3241,734,1262
4069: 981,3340,327
3049: 
4090: 4767,2949
3051: 4595,3037
4532: 1247,2089,558
3053: 62,3360,3939,3869
4248: 2334,2588,4780
3055: 1007,1587
3056: 1513,4210,898
3057: 4270,2858,930,3315,1704
3058: 2312
3059: 1896,280,3871
3060: 2268,3648
3061: 4182,1731,2611,1898
3062: 4233
3063: 
3064: 1139,568,1433
3065: 2155,688
3900: 4771,4763
4822: 4461,2993,810
3068: 3220,1875,2155,2699,737
3069: 2756,2140,4190,1647
3774: 3244,1478
3071: 1503,53
3072: 1776
3073: 2638,3375,374
3691: 3977,871,750,66
3075: 4279
3076: 1446,1790,3015
3077: 1702,1076,2084,3107,237
3078: 613,1232
4553: 1974,3233,157
3080: 3174
3081: 3088,1243,4770,4049
4149: 2769,4221,3408,2866,1520
3083: 1395,2528,1008,1600
3084: 1212,2044,2526,2520
3085: 3381,993
4231: 4373,4823,1961
3087: 3284
3088: 3081,640,868,2831
3089: 2689
3090: 
4462: 4343,2750,4129,3736
3092: 1131,3641
4543: 50,2171,4452,2310
3094: 2846,1725
3095: 1170,3465
3096: 
4670: 588,3968,2098,1884
3098: 707,1296
3099: 2267
3100: 2375,1031,2078,3618,1582
3101: 531,3545,3269
3102: 1476,58,2477,1127,4391
3103: 1920,2066
3104: 366
3105: 363,3294
3106: 4357,3916,4712,864
3107: 2084,4795,3077,1702
3108: 2674
3109: 3248,3645,2974
3110: 2496,4665,2484,4773
3977: 3691,871,4637,1175
3112: 2213
3113: 2894
3114: 1259
3115: 209,4583,3898
3116: 
4600: 1181,503,4333
4764: 3426,4588,2723,1400,972,1889
4777: 4184,2346,2515,1560,4266,2977
3120: 
4810: 4322,1541,4394,2330,309,3032,4143,1987,669
4181: 1133
3123: 3544,2410
3124: 620,2488
3125: 4224,3514
3126: 
4101: 4451,3734
4801: 2450,3132,25,2746,437,2820,2974,3341,568,1433,3936,2342
3129: 3340,447,1922
3130: 4122,4208,1450
3131: 2356
3132: 2450,25,4801,305,3645
4396: 3245,2016
3917: 4525,4685
3135: 1279,480,4279
3136: 4770,4049,671,4787,1205,3472
3137: 490,3478
3138: 2497,4371,3709
3139: 4093,1180,1570,2019,1122
3140: 2002
3141: 39,1817
4626: 2570,766,4212,2552
3143: 184,3034
3144: 679,730,681,2369,134
3145: 519,3972,4772
3146: 175,1477,1230,3160
4005: 2392,1849,360
3148: 1453
3149: 3328,632
3150: 1117,3677
4562: 163,1838,3411
3152: 1802,2361,2485,1272
3153: 1176
4312: 1869,680,1312
3155: 4605,4116,1741
3156: 954,3412,4805,4238
3157: 
3158: 2215
3159: 2519,3362
3160: 1230,4155,3146,1477
4287: 4539,7
3162: 1154,106,3783
3816: 3531,2280,4792
3164: 101,1837
3165: 3181,4511
3166: 95
3167: 1857,4720,175
3168: 
3169: 2635,2140,4190
3170: 1069,648
4115: 3184
3172: 3998,4297,4444,4091
3173: 1856,4616,1016
3174: 3080,2095,4560,4003
3175: 3857,2394
3735: 992,1708
3177: 1959,2242,3620
3178: 1747,937,99,1841
3179: 4694,2179
3180: 4096,4765,443
3181: 4511,3165
3182: 1815
3183: 1044
3184: 3239,2018,4115
3185: 4648,4721,1370,2651
3186: 150,3687
3187: 92,717,1642,4809
3188: 1357,3001,740,1387,1443
3189: 2719
3190: 952,4761
3191: 2562,2908,1165
3192: 
4731: 
3194: 
3195: 3227,2670,2419
3886: 2871,1378,1327,846,2824
3889: 
3198: 4323,654,3745,365
4519: 522,4769,1485
3200: 4678,3353,2629,1249,511
4304: 2154,1384,2726
3202: 282
3203: 2869,1810,339
4806: 4330,709,4584,2364,3584,2980,4447,4020,1224
4188: 1874,334
4034: 2367,2481,3245
3207: 1666,3245
3208: 2081
3209: 380,1783,1629,4787
3210: 2604,111,3492,1641
4348: 164,109
4308: 1945,352,2688,2601
3213: 23,201,2338
3214: 2698
3215: 1357,1586,2580,3630
3216: 667
3217: 3014,4768,2892,1282,232
4394: 1541,2330,4810,669,1892
3219: 
3220: 3068,1875,2551
3221: 
3222: 1287,2640,3016,2418
3736: 1670,4462,3571,4129,1373
4335: 3797,3548
3225: 2934,653,3266
3226: 3843,1568
3227: 3195,456,4219
3228: 3666,4081,260,4136
3229: 3426,4588,3684,4621
3230: 904,639,2715,1770
3231: 444,2243,3982,1228,4680
3232: 896,1254,2708
3233: 1215,4553,157,2617
3234: 
4789: 3553,4278,4197,2391,2117,2355,2613
3236: 2840,2530
3237: 
4618: 1771,2903,230
3239: 1342,3184,1369
3240: 1676
3241: 734,3047,660,4619,4610
3242: 1044
3968: 4670,588
3244: 3774,3789
3245: 4396,2016,3207,4034,2481
4323: 2455,3198,4125
3247: 1330,3028,664
3248: 305,3645,3109
4289: 4343,2750
3250: 1178,495
3251: 1476,58
3252: 49,3328
3253: 4536,1116,304
3254: 3624,3907
3255: 
3256: 1486,4443
3257: 1669,3329
3258: 1153,2784,168
3259: 3657
3914: 
4215: 3403,4627,4792,1372
4529: 2315,508
3263: 3864
3264: 2440
3265: 
3266: 830,3428,3225,653
3267: 1835,498,1484,975
4772: 3145,519,3972,2917,1137,4776
3269: 3545,3101,3727,2981
3270: 3835
3271: 890,2308,2917,489
3272: 4726
3273: 3727,4094,1020
3874: 264,579,2204
3275: 1383,1236
3276: 
3277: 4433
3278: 
3279: 3313,634
3280: 968,188,3849,2080,3667
4266: 75,1440,2758,2346,4777
3282: 
3283: 1861,0
3284: 2350,3087,2004,877
3285: 4368,323,263
3286: 
4033: 412,960,3569
3288: 1075
3289: 1636
3290: 4475
3291: 
3292: 560,4160,321,1011,3567
3293: 
3294: 2911,363,3105,4595
3295: 
3296: 1194,4408,2707
3297: 1993,1990,677
3298: 4774,2173,1514
3299: 1583,4683,723
3300: 4602,2966
4573: 550,1052
3302: 2041,2646,2069
3303: 4778,2676
4798: 4442,4353,695,3684
3305: 4724,123
4627: 3531,4044,4792,4215
3307: 2744,4498
3308: 3793
3309: 
3310: 2241,1738,4038,4544,2535
4757: 2268
3312: 3716,2835
3313: 3279,4317
4336: 
3315: 930,3057,1704
3316: 756,4713,2050
3894: 655,3461
3318: 2226
3319: 2056,4048,4634
3320: 
3321: 
3322: 1365,3719,987,4664,15
3323: 836,3941,4649,4799
4649: 3323,4799
3325: 1613
3757: 3008
3327: 400
3328: 3252,3149
3329: 3257
3330: 3346,1929,397
3331: 517,1190
3846: 2823,213,3693,1965
3333: 1985,4235
3334: 4092,514
3335: 3512,2399,2574,1052
3336: 385,4714,4797,3510
3989: 4700,1827,2879
3338: 3897,315,2772
4220: 224,4025
3340: 3129,327,1081,4069
3341: 161,1139,4801,568
3342: 4293,4795
3343: 2988
3344: 586,255,213,4185,4085
3345: 2515,1560,1474,1144
3346: 1929,3330
4219: 3883,456,3227
3348: 
3349: 45,4682
3729: 
3351: 3712
3352: 2429
3353: 4678,3200,1249,2393
3354: 4022
4270: 3057,2858,3395,300,4548
4170: 810,14,4796,2993,258
4371: 3709,3138,246,3640
3358: 157
3359: 4360,3801,4536
3360: 3053,3939,3869
3361: 2478,4611
3362: 3159
3363: 1973,4123,3602,2951
4565: 287,791
3365: 
3366: 815
3367: 1078,2103,86,219
3368: 1232,642
3369: 1102,3885
3370: 12,917
3371: 2188
3372: 2566,3700
3373: 2681
3374: 4635
3375: 3073,2448
3972: 3145,519,4772,2559,2917,4054
3377: 3042,143,57,4601
4647: 2458,1917
3379: 38,2250,922,3636,3553,708
3380: 563
3381: 993,2334,3085
3382: 
3383: 
4674: 1964,3629
3385: 2546,4141
3386: 3718,2275,2029
3387: 4045,4747,4392,4229
4730: 
3389: 73,3686,121
3390: 
4208: 3130,4122,1526,2563
3392: 3626,2422,2464
3393: 1224,3912,2136,1509,3987
3394: 
3395: 4270,2858,300,338
3396: 1852
3397: 1100
3398: 2397,3450
3399: 23,572
3400: 1137,4820
3401: 3680,3825,3491,158,4130
3929: 947
3403: 4215,1736,1372,322
4659: 3959,1860,1170,3465,319
3405: 221,1819,1501
3406: 4463,3422
3407: 1268,4259,2373
3408: 1372,322,2866,4792,4149,159,1520
3409: 1726
3823: 2381
3411: 1838,2337,4562,3650
3412: 4190,1647,3156,2224,4238
3975: 1134,4567,1927,1562
3414: 1352,938,1963
3415: 1487,1387,1309
3416: 158,4130
4286: 4236,2488,328,3505,620
3928: 
4247: 4114
4617: 4577
3421: 
3422: 3406
3999: 2058,4699
3424: 
3425: 
3426: 4764,4588,2723,3229
3427: 4811,4233
3428: 830,3266,1073,1802
3429: 2832,4167
3430: 2940,2376
3431: 1219,3802,2436
3854: 2950,364
3433: 1700
3434: 3644,961
3435: 3509,2685
3436: 2888,1348,590,727
3437: 
3438: 3480,89
3439: 
3440: 4132,3
3441: 2252,4403,2700
3442: 
3443: 2052
4237: 1605
3445: 
3446: 1655,1660
3447: 2203
4125: 4323,1657,1577
3449: 2360,3522,4084
3450: 1111,3398
4158: 2500,4549
3452: 
3453: 1929,3015,397
3454: 2978
3455: 4061,753
3456: 
3745: 654,3198,4207
3458: 4315,3925
4549: 1091,2500,4158
4035: 1723
3461: 4583,921,3898,4580,3894,1981
3764: 2805
3463: 
4076: 3887
3465: 3095,1170,4659,319,2392
3466: 3567,220,1572,2220,3692
4194: 1039
4634: 3533,4134,3319
3763: 4512,4350,2263
4239: 1380,3530,3760,1241
3772: 893,284,2800
3472: 134,671,3136,3663
3473: 
3474: 
4081: 3666,3228,318
3476: 3951,1265
3477: 1863,864,4823,2522
3478: 679,3137
3922: 2500,727,2985
3480: 1563,153,3438
3481: 2667
3711: 
3710: 4701,3985
3484: 1780,2306,4591,685
3485: 2279,878,2824,4086,2391,1378
3486: 4437,4444,3998
4298: 
4370: 2010,2801,1707,4782
3489: 650,2822
4330: 3014,1412,4806
3491: 3401,2062,976,2781
3492: 3779,3210
3493: 3867
3821: 4813,2912,2109
4630: 
3880: 
3497: 802,1351
3978: 753,1693
3499: 1993,1888
3500: 2889,1757,2649,1393
3501: 222
3502: 1506,4072,3023,2961,4797
3827: 2484,1844,1174,188
3504: 
3505: 898,1513,4286,2488,328
3506: 2848
3940: 4821,4496,660,2044,2804
3508: 4734
3509: 3435
3510: 2979,2807,3336,4714,1756
3511: 192,434,2795
3512: 3335,2399,3650
3513: 
3514: 2136,4224,3125
3825: 3680,3401,4236,158
3516: 
3882: 2049,2375,4450
3518: 4388,2503,2811
3519: 2209,4503,808,2716
3520: 1135
3521: 4779
3522: 3449,1578,2423,4084
4689: 17
3524: 843,3755,548
3982: 1228,3231,4805,4680
3526: 659,520,3851
4755: 3552
3528: 
3529: 3003,2449
3530: 4239,1380,1170,1241
3531: 4044,3816,4627,3712
3532: 1026,2841
3533: 4634,4710,1918
3534: 1134,4567,3785
3535: 
3536: 407,1789,272
3537: 2009,3943
4754: 973
3539: 
3540: 4707
4113: 
3542: 2984,1695,1160,3925
3543: 2950,263,3788,1164,4109,2817
3544: 3123
3545: 3269,3856,3101,531
3912: 1224,2136,2364,3393
3547: 964,387
3548: 4335
3913: 
3550: 4535,113,3855
3551: 250,4195,2989,148
3552: 4755,866
3553: 708,3379,922,4789
4360: 3359,3801,1067,2497
4218: 2784
3556: 4775,792
3557: 1872
4496: 2597,0,660,2044,3940
3559: 3756,3974,1240,4799
3560: 2220,3692,4061
3561: 443,3022,1238,2244
4192: 2859,2459,1740,4750
3563: 1320,4767,1297
3564: 688,891
3565: 1336
3566: 1642
3567: 3466,1572,4160,3292
3568: 1317,1304
3569: 926,4033
3885: 634,2248,3369
3571: 4788,3736,1670,1373
3572: 
3573: 562,150,3671
4227: 
4437: 3486,1256
3576: 774
3577: 1638,2990
4608: 4313,3603,4339,2660
3742: 
3580: 
3581: 4065,4359,252,1487
3582: 4252,1022,3775
3583: 4337,4651
3584: 4447,709,4806
3585: 4425
4655: 4212,3725
3587: 4338
3588: 14,4796
3589: 2373
4236: 4286,328,3825
3591: 315,2772,1526,2563
4601: 57,3377
3593: 1630,3017
3594: 4141
4140: 1198,900,1218,4252
4718: 4722,988,2641
3597: 1811
3598: 2152,2182
3599: 
3600: 3906,2207,2047,4804
3601: 3807,904,1712
3602: 1041,1435,1973,3363,2776
3603: 244,1982,4608
3866: 
3605: 2027
4781: 2432,440,4267,4800,2282
4285: 1741,915,1990,3685
3608: 3704,3986
3609: 
4497: 1849
4315: 3458,823,128,4363
4732: 
3613: 2191,2578,1852
3614: 2701,1681,3713,4283,3952
4599: 
3616: 1498,876,2066,1920
3617: 2600,402,2393
3618: 3100,1582
3619: 1522
3620: 3177,1959
4122: 3130,4208,1764,2563,4667
3622: 4415,2156,4327,1056
3726: 
3624: 3254,757,3907
3625: 4136,4756
3626: 3392,1398,4282,2330
3627: 
4465: 1417,2407,4523
3629: 4674,2512
3630: 1944,3215,2580
4632: 1626,224
4667: 4122,1764,3850
3633: 
3634: 2923
3635: 1690,3857
3636: 3379,38,2250
3637: 
3638: 4132,330
3639: 356,2370
3640: 654,4494,246,4371
3641: 3021,3092
3642: 4415,2156,2671
3643: 2482
3644: 3434,4693,961
3645: 305,3248,3109,2974,3132,25
3878: 3822
3647: 3684,4621,4442,2142
3648: 4782,2268,3060
3649: 607,986
3650: 1282,2337,3411,3512
4168: 
3652: 2463,3719,2271,15
3653: 1448,186
3654: 1515,4310
4301: 3965,2252,4403
3656: 
3657: 190,3259
3812: 4783,854,1608
4461: 4822,1314
3660: 
3661: 2457
3662: 293,90
3663: 2335,3472,2589
3664: 4658,2147,1585,4414,4820
3665: 1769,2958
3666: 4081,3228,260
3667: 2298,1528,2080,3280,3849
4602: 3300,82,372
3669: 1657,1326,1957,399,1577
4136: 3625,3228
3671: 150,3687,3573,562