0: 2391,579,3417,217,4580
4486: 4625,573,1395,4350,2419
2: 3133
3: 665
4548: 1642,2571,4209
5: 1598,3754,1010
6: 
7: 4768,4330
8: 
9: 3795,3155,2230,2249
4717: 1401
4739: 2548,2034
12: 3190,1526
13: 38,1981
4792: 323,4683,4086
4186: 1939,1536,2515
16: 2225,2351,1898
17: 2155,4305,175,2295
18: 887,2431,674
19: 3549,1758,2519
20: 
4119: 3215
22: 1033,4407
23: 3418
24: 
25: 225,3815
26: 4071,332
27: 4732,2286,3762
28: 3505
29: 2684
4523: 
3940: 1954,3565,1761,1115
32: 1502,3166,1257,2835
33: 1167
34: 2213,3941
35: 
36: 2403
37: 4012
38: 13,1981,163,2391,1541
4433: 370
40: 3780,2256
41: 3631
42: 1652,4692
43: 4292,4353
4461: 1092,3048
45: 1525
46: 1103,4557,2177,4058
47: 2355,4167,4474
48: 615,1414,924,460
49: 2654,1175
4628: 1809,4506,2375
51: 4056,1590,3057
52: 3708,4815,4002,1952
4319: 742,135
54: 3090,1177,2104
55: 3292,604
56: 
57: 3576
4561: 
59: 1628,2491,3521
60: 1320,1210,4790
61: 3196,4768,125,1685
62: 
4622: 4036,3226,1533,1382
64: 4802,1281,368
4128: 2715,4272,3461,2140
66: 1095,4542,4339,3232
67: 753,732,3544
4525: 
69: 2078,739,4243,2730
70: 761,4480
71: 535
72: 4021,4349
4651: 4646,3342
4689: 
75: 4431,4382,3990
76: 
77: 4596
4378: 4273,2236
79: 2519
80: 3347,3012,4201,3061
81: 150,3849
4771: 1795
4354: 
84: 3140
4172: 3669,2461
86: 777,1743,3982,4094,2106,3530
87: 
88: 3389,4584,3448
89: 2928,3640,913,1985,4102
90: 4475,979,4776
91: 4334,2561
92: 3388
93: 2696
94: 3589
95: 
96: 
97: 776,3005
98: 823,4178,1418
99: 3136,2126,4726
100: 4766,3284
4037: 3832,1389,2066,2725,4814
102: 
103: 
104: 3160
4733: 1397,1539,1436,2137
106: 1923,4458
107: 4308,4680,2697,1277
4087: 4431
4491: 349,987,2055,2406
110: 1190,2592,1116,1182
111: 3754,3957,4587,4769,1010
112: 
113: 914
114: 2704,2079
115: 1942
116: 4779
4626: 3350,4796,4698,4623,415
4784: 354,948,2038,4775
119: 3311,1920
120: 2740,2809,3070
121: 4655,4197,3929
122: 4767
123: 1867,857,1388
4006: 744,616,4131
125: 312,3125,369,61
126: 
127: 2455,2272,1031
128: 1320,3041
129: 2064
130: 2008,2145
131: 459,4686,4479,4640,3374
132: 4763,409
133: 1576
134: 843,1012,1883
135: 785,4319
136: 
137: 3103
138: 1134
139: 634
140: 2239,794,452,4807
141: 
4314: 3790,1552
143: 2995,1385
144: 3975,2280,4725,3171
4702: 1895
146: 694,712,808
147: 3915
148: 2914,3630,2035
4576: 1677,2100,3657,3339,1762
150: 1972,3882,81,3849,1223
151: 4027,433,2432
4072: 3071,1476,646,1316
153: 2547,2477,2931
154: 392
155: 434,2145,3576
156: 2607,2456,3732
3844: 2392,1973,4263
158: 
159: 3805
160: 2789,387,433,3751
161: 1251,3527,1050
162: 
163: 4036,1987,38,1541,1382
164: 2625,2132,522
4270: 2004,921,2117,1619
166: 2477
4064: 4787,1127,879
168: 3395,3218
169: 3566
4593: 1926,3204,1856,1511,3097
171: 664,4255,947
4012: 37
173: 3650,3734,1722
174: 3473,3258
175: 2913,17,4305
176: 1623,3340
177: 4616,3230,3534,289
178: 
179: 4511
180: 
181: 1417,3369,1267
182: 3623,3951,4775
4477: 1991,3261,3175,3205
184: 3182
185: 
4732: 435,2286,27
187: 274,4233,1560
188: 911,1925,3062
189: 2129,3290,971
190: 3456,2778,4187
191: 3433
192: 2343,2340,3719,4059,1971,3683
193: 4735
194: 
4004: 205,3731,4563
4521: 325,4777
197: 
3900: 
199: 4326
4786: 2728,3360,3206,1826,2666,3222,3788,4789,4701
4100: 3649,1944,4184,3654,624,4750
202: 1790,3041
3876: 
204: 866,4032
205: 3731,4563,4004,2104
206: 4251,3168
207: 4822
208: 
4767: 4413,3818,122,2005,3753
210: 2215,4003,1012,3582
211: 
4373: 3277
213: 4588,257,1162,4754,3393
214: 4685,2071
215: 3298,4805,688,4649
3909: 1171,2763,1187,1163
217: 4580,0,3417,3987
218: 1250,3586,4694,1544
3853: 3993,1133
220: 4291,4672,4070
221: 1174,1622,3351,747
3917: 4134,580,2841
4357: 1835,2686,2430
4397: 2176,1636,4563
225: 25,2586,3815
226: 2997,1126,1978,1865,3244
227: 3712,949,1775
4780: 3160,2783
229: 2127,4038,1275,4691,958
4441: 2096,4817
231: 
232: 1696,1369
233: 2273,1089
234: 1716,1131
3857: 
236: 630,1777,4783
4520: 4473
4353: 356,43,4292
3884: 1931,4066,4251,4809
240: 
241: 2709,345
242: 2483
243: 3971,1826,425,4789
4330: 1678,3716,3196,4768,7
245: 2774
3982: 777,86,1228,326,2106
247: 1386,1704,1573,2600
248: 3643,772,4484
249: 
4581: 
251: 1628
252: 609,2038,4775,3820,2650,3061,2342
253: 779,4432
254: 4800,2009,2362
255: 1973,1180,2419,4263
3957: 282,111,4587,3081,865
257: 1970,839,1162,213
4798: 1947,3158,3208,1392,2620,3064,2745
259: 1976,841
260: 1329,2375,691,4506
261: 2998,861
4136: 
263: 3929,1819
4501: 3255,2485,4772,2218
4014: 4206,614,3960,4042
266: 796,1173
267: 3140
268: 1879,2164,4434
4691: 3372,958,229,417
270: 924,3312,3163
271: 1682,1003,1321,1954,1761
272: 
273: 2184,4250
274: 187,2067,635
4174: 2488,517,4602,2330
276: 1618,2967
277: 2011,4317
278: 4371,1262,2209
279: 985,4092
280: 1263
3980: 1079,3911,3639
282: 3754,3957,3081,1598
4633: 1788,4111,2761
284: 3749
285: 3446
4470: 1153,2746,1443,1536
4377: 3886,4350
288: 
289: 1475,3230,177,3612
290: 2178,1844
291: 3362,4674,4239
292: 1022,2442,2266,4118,4682
293: 4757
294: 3065,4724,3545,3044
295: 
296: 4053,835,760
297: 2871,3292
298: 4262
4371: 278,1262,937,1465
300: 4308,2760,2146,2277,2699
4813: 
302: 4729,4789,1554
303: 3258,4412
4150: 1664,793
305: 3009,2857,4766,491
306: 3953,3812
307: 474,1032,3297,2730,1944
308: 1891,2334,1844,2178
4307: 2884,3614
4608: 436,1953,2761,2642
311: 2634,1701,543,1838,523
312: 125,2638,3125
313: 2472,1054
4369: 4212
315: 2543,424,1230
4306: 4820,2917,519
4554: 3603,4197
318: 2105
319: 2771,1412,4038
320: 
321: 1407,1464,854,2029,3725
322: 910
323: 2827,4792
324: 1900
325: 4521
326: 2114,1228,3899,3982,2106,4141
327: 4615
3904: 
4572: 2201
330: 3566
331: 
332: 2889,3468,26,4071,4450
4356: 2550,4788
334: 3706,3392,3465
335: 
336: 3824
337: 352,3370,688
338: 4640,2512
4657: 4142
340: 3159,4347,3308
341: 1444,1795
342: 2993,732
343: 2828
344: 3768,1471,3531,730,3068
345: 2709,241,4322
4665: 4479,3200,3601,4640
347: 2185,4731
348: 
349: 4491,4284,1383
350: 4811,2342,2650,4333
351: 2288,2082,1820
352: 337,1206,1086
353: 2733,3332,4774,1921
354: 4784,3623,4345,4775
4595: 2515
356: 3104,4353,4292
357: 2074
4210: 1798,4095,1552,4755
359: 
4649: 1086,215,3408
361: 3058,3772,657
362: 
3993: 3853,1938
3902: 2000
365: 3438,1441,456,4734,2748
366: 1060,1063,1841
367: 1281,2978,1605,1928
368: 1281,2978,534,64,4802
369: 3125,4386,125,3410
370: 4433,2673
371: 841,736
372: 2602,1716
373: 1091,4766
374: 
375: 1326,2210,3111
376: 4748
377: 
4794: 1531,3522
379: 1269
4545: 662,1825,3907
381: 2933
382: 
383: 1617,2324
384: 4295
385: 4668,3342,1613,4289,4031
386: 1400,2997,2947,899
387: 2789,160,3753,3209
388: 
4718: 2612,3181
390: 1722,2572,3650
4019: 1993,1975,3268
392: 154,940,1480
4339: 3199,66
394: 
395: 4379,4753,1689
396: 866,3523,3912
397: 881,3122
398: 4483
399: 3115,2403
400: 961
401: 780
402: 3499,2126
3905: 756,1147
404: 4503,4316,620
405: 
4381: 3543
4113: 1890,1834
408: 2385,3481,2459
409: 132,1242
4252: 4444,4196,1226,1883,3105
411: 4396,1618,3704
412: 839,1792,3262,3911
413: 3738
414: 1062,3271
415: 3357,4626,4698,4623
416: 
417: 1040,4691,2535,3372
418: 
419: 1104,3185
4382: 3990,75
421: 3836,3886
422: 3944,2650,3420,4333
423: 
424: 315
425: 243,4789
426: 3189,2333
427: 1215,1956,1076,1197,4795
428: 4212,3830,4440,3358
429: 4496,2812,2131,4476
430: 3991,4814,2066,1612
431: 509,3228
432: 4800,2912,868,1746
433: 151,2789,160
434: 155,2172
435: 2286,4732
436: 4144,1953,4608,2642
437: 1076,4345,3443,551
438: 2714,3763,2048,2561
439: 1170
4631: 
441: 4778,1331,1654
4656: 785,2655
443: 2370,3180,2605,1363
444: 2193,722,1293
445: 3730,1309
446: 1275,1496,2347
447: 2871,2880
448: 3920,4770
4103: 4708,503,1993,2758,2130
4465: 4278,3802,2885
451: 4488,1194
452: 3837,794,140
3835: 1675,1672
454: 4059
455: 3901,3526,2246
456: 365,3438,2748,3910
457: 3245,2406,3922
4493: 4294,1917
459: 3559,4686,131,4640,2941
460: 3201,3163,615,48
4176: 
462: 3356,1087
463: 3542,1963,4790
464: 
465: 
466: 4476,607
3922: 2989,2576,457
468: 2135,3706
469: 739
470: 
4231: 3001,4703
472: 2446,3293
473: 3855,2101,1319
474: 307,1706
4009: 2859,4758
4056: 703,51,1590
477: 487,3343,2291,3190
478: 3503,4443,4535
4725: 1413,2280,962,3171,144
4257: 2980,2819,1224
481: 1472,4822,1428
482: 3841,808
4715: 
484: 3156,1995,4538
485: 3554
486: 4605,3298,3253
487: 477,3343,3926,1477,2665,2291
488: 1337,3504,2933
489: 3465,4544
4425: 2304
491: 3284,568,305
492: 1470,2384
4304: 3892,869
494: 2760,2277,1891,1146,1198
495: 3085
3998: 2262,2124
497: 2252,3633,3224
498: 2759
499: 
4538: 1522,1995,830,3156,484
501: 
502: 
503: 1993,2130,4103
4457: 3102,3328,3534
505: 1472,3912,578,3084,1882
4602: 2209,4174
507: 4603
4290: 
509: 431,2111,3228
4227: 2605
511: 4005,4102,2878,3088
512: 1133
4544: 1874,489,3465
514: 3521,2554,2321
515: 529,2961
516: 3893,3211,4762
517: 2488,4174
518: 2359,4214,2401,3195,2797
519: 2917,854,4820,4306
4288: 
521: 1751,2306,3251
522: 4168,2159,164,2132,2755
523: 2752,543,311,1701
524: 2798
525: 2735
526: 
527: 4773,2047,2723
528: 1679,3191,3488,1441
529: 1243,515
4121: 3514,2037
3987: 4276,3417,217
532: 3845,1770,1569,3580
533: 1734,1590,3448,1291
534: 1771,368,2978
535: 3327,71
536: 4384
537: 3635
538: 2031,1903,1881,3631
539: 2429
3983: 1935,2750,2868,2864,2985
4343: 3227,4471,2670
542: 3605,1310,3289
543: 4650,2660,3402,1838,523,311
4484: 640,1492,1775,2417,248
4061: 2909,3578,1253
3971: 243,1151
547: 3969,1531,1602
548: 637,4421
549: 4753,4059
4625: 4486,573,4350
551: 3474,598,3443,437,4345
4474: 3194,4167,1997,47
4563: 205,3731,4397,4004,1636
4505: 4816,3201,4420
555: 
556: 4578,3217
557: 4069
558: 3394,4597,4727,598
559: 3819,1858,3843
4394: 4740
4580: 217,4585,0,579,3799
4698: 4626,4796,978,2892,415
563: 3520,1224
4724: 4490,3545,294,3546
4456: 4289,797,4646,2198
566: 1409
567: 1743
568: 1375,1161,491
569: 943,618,3065
570: 2436,3808
571: 2132
4026: 
573: 4486,4625,1412
4817: 2096,4441
575: 3192,3730,2116
576: 3800,1742,904
577: 2816,1825
578: 3912,3084,505
579: 2391,0,1541,4580
580: 4134,3917
581: 3302,2436,1167
582: 
583: 2805
584: 4002,3176
585: 
586: 2697,1277,4815,2495
587: 4730
3986: 946
589: 
4783: 236
591: 4338,1719,4342
592: 2275,2409,3817,3494
3899: 1228,3412,326
594: 
595: 
4766: 2857,1091,1583,373,305,100
4648: 3611,1855,3591
598: 551,558,4727,3443
599: 4588,1968
3978: 1609
601: 2712,4530,1569,2061
602: 4613,1179,1421,4475,979
603: 
604: 55
605: 2820,1712,774
606: 898,4621,4600,1687
607: 1856,466
608: 
609: 4775,252,3820,3061
4331: 2530
611: 2835,2678
4795: 1197,1956,2750,427,2413
613: 
614: 776,4014,4042
615: 48,1414,460,2422
616: 4131,4006
617: 
618: 569,943,1822,2120
619: 
620: 4316,404,1265,1721
621: 
622: 4414,1312,2200
623: 929,4294
624: 4750,4100,3654
625: 3699
626: 1133,3544
3871: 4529
628: 1294,4598,2657,4109
629: 3532
630: 236
631: 
4764: 2107,1220,3070,2740,876,2156,1304
633: 4803
634: 2309,139
635: 2067,3916,274
4512: 2536,1398,3392,1540
637: 2731,548
638: 2923
4591: 3313,1388
640: 4484,1492,1775,1156
641: 
642: 
643: 3746,4471,3881,3775,3191
4109: 4598,1294,628
4053: 296,2344
646: 1067,4072,1476,4488
647: 2352,2182
3845: 1770,2200,532
4390: 3339,4238,2100,1604
650: 
651: 2438
652: 4406
4065: 1313,4116,4051
654: 2531,1182
4242: 3972,3496,1019,3475
656: 4668,1613,3493,4758
657: 3772,361
4131: 616,3228,4006
4187: 1195,3456,190,1297,4605
4802: 64,1699,368,1368,1286
4789: 302,4729,243,425,4786,3222,1554,4701
662: 4545,3446
663: 2926,1886,3314
664: 171,914
665: 1544,3
666: 
667: 4081,3992
668: 2520,4811
669: 3874,3324,2046
4082: 
671: 742,2329,2702,1488
672: 1820
673: 927,3714
674: 2431,18,2123
675: 3541
676: 3893,4660,3928
4169: 3205,2057
678: 1240,3169
4778: 441,1331
4365: 1260,3104,2932
4414: 622,1788,2287,1312
4322: 2568,1369,345,3602
683: 4762,2948
684: 
685: 2922,2545
686: 2661,2166,4070
4643: 1044,1763,2189,1164
688: 3370,337,4805,215
689: 1208,1071,3403,4671,2144,3069
690: 
691: 1434,3824,260,4297
692: 2872,3313
693: 2319,1225
694: 146,3064,2745,3967
695: 1432,1712,774,1752
696: 4704
4289: 4456,3472,385
698: 
699: 3492,2627,3690,1168,1780
700: 2014,3146
4776: 1454,4475,90,1415,1143,804,2964
702: 4531
703: 4056
704: 4459
705: 2419,4263,1395,3066
706: 788
707: 1816,957,3202
708: 3496
709: 4085,3952
4052: 4584,1734
711: 2672
712: 1169,146,808
713: 3684,986,2924
4655: 846,121,3014
4667: 2456,1503,4276,1266
716: 1280
717: 3068,3870
718: 
719: 827,3186,2331
4809: 4066,1931,3884,2911,3609,2855
721: 4495
722: 444,2319,947
723: 2926,1864,3888,1515
724: 
4502: 3093
4032: 204,3326
727: 1992,1789,1083
728: 4630,792,1508
729: 
730: 877,2724,3068,344
731: 
732: 342,67
733: 3109,2136,1327
4155: 2020,4492
735: 4791
736: 371
737: 3187
738: 2737,1396,950
739: 2137,469,69,4243
740: 
4118: 2672,3232,2266,292
742: 671,4319
743: 
744: 4006,3486
745: 3615,4419,3707
746: 815,1653,1695
747: 3351,221,1528,1990
748: 3525,1230
749: 
750: 1070,1372,4508
751: 3581,4811,2520
752: 3975,935,1980
753: 67,1617,1866,3544
754: 2356,4101,2746,1723
4134: 580,3917,1950,1373
756: 3905
4122: 1763,3413,4058
758: 2971,4220,3003,4273
4418: 1654
760: 296
761: 70
762: 4401,3381
763: 3354
764: 1463,3075
765: 3082
766: 1604,1034,4726
4823: 896,3801,1410,3005,1740,4157,2782,3023
768: 4511
4775: 609,2038,252,182,3623,3951,4784,354,3061
770: 2222,1041
771: 1456
772: 248,3643
4220: 758,2971
774: 1712,695,2820,605,4531
3838: 4454,1203
776: 614,97,1410,3005
777: 3982,86
778: 883,784,845,1288
779: 253
780: 1007,401,3376
781: 4364
4055: 4742,950,1020
783: 3852
784: 2756,778
785: 135,4656,1618
786: 
3855: 473,2615
788: 1290,706
789: 2063
790: 4819
791: 2826,2637,1786,3539
792: 2052,4630,728
793: 4150,1664,3906,1531,1602
794: 4060,452,2703,140
795: 4295,3178,3341
796: 266
797: 4456,2170
4141: 2106,3976,326,3974
3990: 4382,75
800: 
801: 1563,1376
4040: 3274,1596
4364: 781
804: 1143,2964,4552,4776
805: 1137,2649,2019
806: 2370,3961,2139
807: 2069,1318
808: 712,146,482
4753: 549,3683,4379,395
810: 4785,2222
811: 2404,864,2346,4791
812: 
813: 3956
814: 2451,1392,1737,3552,2501
815: 746,2594,3977,1653,1037
816: 2175,1633,4258,3543,4063
817: 3856,3637,2405
4763: 3831,132,2779
819: 
4808: 1983,4199,2157,1129,2651,1964,3159
821: 1505
4772: 4721,2448,1559,3399,3389,3255,4501,4713,2218,3605
823: 2164,98,2949
3862: 1846,3098
825: 
4321: 2045
827: 3186,1675,719
3880: 
829: 
830: 1995,4538
831: 4696,1686
832: 1191,3349,3497,3766
4616: 2129,2853,177,3534
834: 3257
835: 1758,296
836: 2076,1408,3250,2492
837: 2349
838: 2279,3830,2686,3358
839: 1162,412,1792,4773,2171,257
4311: 3626,4747
841: 371,259
842: 
843: 134,4041,2526
844: 3931,3969
845: 1288,778
846: 4655,1662,4449
847: 
848: 3338,1464,3725
849: 4145,4168,2159
850: 2440
851: 3381
852: 4129
4661: 
854: 2917,519,321
855: 1707
856: 
857: 1867,123,4135
858: 3965
859: 1479,3012,3702,2080
4787: 4064,1423,879,2208,2754,4388,3583
861: 2502,2998,261
4726: 3750,766,99
4647: 2492,4262
864: 4562,2346,1270,811
865: 3081,2021,3957
866: 204,3523,396
867: 
868: 4315,4800,432
869: 881,3892,4304
870: 
871: 4534,1010,1341
872: 
873: 2911,3720,3903,1931
4529: 3871
875: 1313,2441,898,2533
876: 1709,1039,2947,4764
877: 730,4198,2788
878: 978,2892
879: 4787,4064
4267: 3167,3517
881: 869,397,955,3122
882: 1014,3711
883: 778,2119,3643
4345: 437,551,354
885: 
886: 3305
887: 3988,2177,18
888: 1448
4728: 4635,1078,4347
890: 1584,1594,1502,4160,990
891: 1715,3374
4073: 
893: 3434,3023,896,2782
894: 4213
895: 
896: 4823,4157,2782,893,3023
897: 3707,3804
898: 606,875,4600,3462,1268
899: 1000,2997,386
4555: 3133,3444,3866
901: 2880,1072
4262: 298,1408,2492,4647
4473: 4520
904: 576,3800
905: 2695,4385,1206,1793
4480: 70
4781: 2141
908: 3051,3958,2831,1316
909: 4340
910: 3805,322
911: 188,1925,4409,4564
3875: 2113,2512,4670
913: 1952,89,971,1985
914: 113,664
915: 1046,3071
916: 2585,2793
917: 4761,1167
918: 
919: 1422,4166,3494,4036,3226
920: 2008
921: 2117,4270,2004
922: 3682,4015,2313
923: 3892
924: 270,48
925: 2320
926: 4271,3548,3368,3921
927: 673,4218,1289
4427: 2063,2161,1989
929: 999,623,3210
930: 2715,4272,2562,2408,2572
3967: 694
932: 
933: 1080,3225,2850,3470
934: 
935: 4734,752,3484,3488
936: 1484
937: 2256,1465,2216,4371
938: 1351,2170,2582,2518,1629,3076,1532
939: 3480,4686,4285,1119,2646
940: 2031,1480,392
941: 3268,4051
942: 3044,1927,3065,1676
943: 569,618,2120,2133
944: 
4650: 543,2660,1843,1011
946: 3986,4182,2413
947: 3854,171,4255,722
948: 1076,4784,2326
949: 4298,1796,1485,227
950: 4720,2737,1477,738,4055
4143: 2508,4093
952: 3769,4803
4720: 2291,950,1477
954: 1806,3811,3405,1261
955: 3122,881,4694
956: 2051,4071
957: 3377,1506,707
958: 4691,2823,3372,2127,229,4038
959: 3256
960: 3673
961: 400
962: 2280,1762,1034,1413,4725
963: 2019,4254
964: 3571,3541
965: 4578,3952
966: 
967: 
968: 4090,2432,2459,3744,3481
4679: 
970: 2446,3375
971: 2928,1016,189,913
972: 2893,4539,4822,4553
973: 4428
974: 3066,3962
975: 1023,2664,2364,3607
976: 3798,3473
977: 4779,3388,1744
978: 878,2892,4796,4698
979: 4475,90,4613,602
980: 2046
981: 
982: 3419,1978,1126
983: 1394
3892: 923,4304,869
985: 279
986: 713
987: 2989,4491
988: 2711,2687,1148
989: 2990,1515,1528,1647,3199
990: 4160,890,1584,3090
991: 3416,3565
992: 4818,3894,3490,3597
993: 3810,1097
994: 4254
995: 3672
996: 2790
997: 1314,1824,3567
998: 4230,1801,2358
999: 2196,929,3210
1000: 899,2716
4317: 4011,277
1002: 2589
1003: 271
1004: 4054,4819,4453
1005: 2414,1470,1908,3647
1006: 
1007: 780,3376,3721
1008: 2337,2327,2167,2889
3970: 4552
1010: 871,4769,3754,111,5
1011: 2835,4650,2752
1012: 134,210,4003
1013: 4405,4075
1014: 882
1015: 
1016: 3708,4815,971
1017: 3304,2317,4819,2366
1018: 1404,1940,1682
1019: 1386,4242
1020: 1526,4055
1021: 1611,4081
1022: 292,1211,4518,2442,2266
1023: 975,3908,2004
4093: 3693,4143
1025: 3489,3008
1026: 2264
1027: 
1028: 3459
4392: 2524
1030: 1726,3365,2008
1031: 2455,127,2597
1032: 307,3297,1944,1961
1033: 22,2176,4407
1034: 1762,4238,766,962
1035: 
1036: 4020
1037: 3182,815,2594,3977
4785: 810,4296
1039: 876,1709,3234
1040: 417,1732,2347,4112,2535
1041: 770
1042: 3935,3674,3062,2877
4215: 1205,3704
1044: 4643,4742,2189
4393: 
1046: 915
1047: 
4439: 1480,4677,4731
4527: 1928,4660,4083
1050: 161,1251,3527,3834
4351: 4603
1052: 2324,3806
1053: 3243,2343,3719,2312
1054: 313
1055: 
4051: 3268,4065,941,3100
4748: 376
4181: 
1059: 3988,2223
1060: 366,1063,1841,1794
1061: 1098
1062: 414,1475
1063: 366,1060
1064: 2588,1739
1065: 4468,4396,2369
1066: 2377,2806
1067: 646,1316
4596: 2646,77,1550
4481: 1992,1721,2812,2131
1070: 3617,750,1109,3833,4508
1071: 689,3403,4671,3006
1072: 4658,4111,901
4313: 3019
1074: 1284,2056,1957
1075: 
1076: 437,948,427
1077: 2331,3186
1078: 4728,4347
1079: 4442,3911,3980
1080: 933,1486,1949,2850
1081: 2642,4098
1082: 2815,4812
1083: 2131,4476,727,1992,1789
3973: 1597
1085: 
1086: 4649,352
1087: 462,3356
4566: 4546,3206,4190,3360
1089: 3903,233,2273
1090: 3962,4796
1091: 1583,373,4766
1092: 4461,1276
4334: 91,3259,3266
1094: 
1095: 66,4542,4165,2374
1096: 3515
1097: 2728,993,4704
1098: 1061
4705: 2748
1100: 3959,4670
4489: 2661,3588
1102: 
1103: 4557,46,2177,2431,2123
1104: 419,4803
1105: 
1106: 3870,2318,4524,4209,3460
1107: 
1108: 3618,1498,3948,3784
1109: 1070,1195,3833
1110: 1962
1111: 
4112: 2347,1040,1732,1836
1113: 4226,2098
4562: 864,1270,3557,2214
1115: 3940,3565,3446
1116: 110
1117: 2253
4068: 
1119: 4285,939,2408
1120: 3794,2133,1844,2629,2334
4114: 
1122: 1530,4583,2678
4041: 3054,1841,2526,843
1124: 
1125: 3364
1126: 226,1978,982
1127: 3979,4064
1128: 1672
1129: 3130,4808,2651
1130: 
1131: 4266,234
1132: 3303
1133: 626,3853,512
1134: 1295,138
1135: 
1136: 3959,3836
1137: 805,2490
4340: 909
4140: 1575,1307,1870,1919
1140: 1529
1141: 1406,3377,1816
1142: 1286,2876
1143: 804,2964,4776,2355
1144: 
1145: 1637,1556,4551,3002
1146: 3727,1198,2760,494,2697
1147: 3905
1148: 2687,3928,2711,988,2069
1149: 1597,2643,4752
1150: 1443,2914,3834,2035,1153
1151: 3971,3210
4182: 2413,946,2811,1251
1153: 4470,2914,1443,1150
4416: 2098,4490
4329: 1275,1496
1156: 640
1157: 2702,3851
1158: 
1159: 
1160: 4315,3117
1161: 1375,568,2888,1211,3009
1162: 839,1792,257,213,4754
1163: 4335,3909
1164: 3379,4571,4643
4504: 4327
1166: 1996
1167: 33,917,2436,581
1168: 1266,3690,2627,699
1169: 712,1545,1877
1170: 3240,439
1171: 3909,2763,3320
4811: 350,2342,4556,4333,3581,751,2520,668
1173: 266
1174: 221,1516,1622,3351
1175: 49,3408
4575: 2055,2868,4284,1991
1177: 54,3560,2104,2610
1178: 1293,4711
1179: 4613,602,1430
1180: 255,1973,2771,4038
1181: 1406,1816
1182: 2531,654,110,2592,4386
4686: 459,131,939,2646
4179: 
1185: 4444,4196,2915,4450,1419
1186: 
1187: 3909,2763
4730: 587
1189: 3771
1190: 110,1635,2169,2592
1191: 832,3349,2955
1192: 1767,4711
4511: 768,179
1194: 4488,2128,4455,451
1195: 3833,4187,1109
1196: 3858
1197: 4795,427,1215
1198: 3727,1146,1891,494,1307
1199: 2286
4429: 
4278: 4465,2896
1202: 2573,3108
1203: 1940,4236,2962,3838
4793: 2505,3411,1572,3363,3692,4672
1205: 4215
1206: 352,3976,4385,905
4624: 
1208: 689,4362
4250: 1924,4472,273
1210: 60,1320
1211: 1022,4518,3009,1161
3946: 2513,1757
1213: 
1214: 2899
1215: 427,1197,2326
1216: 2596,2969
1217: 
1218: 2214,2991
1219: 2685,3214,4745,3024
1220: 3070,2947,4764
1221: 4328
1222: 1658
1223: 3849,1972,150
1224: 3520,4257,563
1225: 1646,693,4305
1226: 4252,4196,3105
4810: 1631,4115,2242,2502
1228: 3899,3982,326,2106
1229: 3447,1688,2698,4805
1230: 3525,748,315
1231: 2252
1232: 2994,1612,3585
1233: 
1234: 4157,1259,3366
1235: 3320
4495: 721
1237: 4801
1238: 
1239: 
1240: 3777,678,2108,4589,3169
3852: 2566,783
1242: 2235,409,2466
1243: 529,1751,2500
1244: 
1245: 2557,1317
1246: 1291,2516
4259: 3221
1248: 1425
4446: 
1250: 218,3586
1251: 161,3527,1050,4182
1252: 
1253: 2372,3578,4061,2003
1254: 3252,3076,4714
1255: 1372,2944,1796
1256: 4564,4185
1257: 32,3166,2835,2752,1951,3968
1258: 4774
1259: 3366,1234,1702,2537,1901
1260: 1552,4365,4755,2932
1261: 2146,3405,954
1262: 278,4371,4462
1263: 1285,280
1264: 1628
1265: 2496,4316,620
1266: 1168,1503,4667
1267: 3809,1599,181
1268: 3462,898,4600,2368,1551
1269: 379
1270: 864,4562
1271: 2577
3955: 2813
1273: 
1274: 
1275: 446,4329,1496,2347,229
1276: 3048,1092
1277: 586,2697,3869,107,2495
4308: 2760,300,107,2563,2699
1279: 
1280: 716,4203
1281: 367,368,2978,64
1282: 1926,3204
1283: 3122,1353
1284: 1074,2990
1285: 1263
1286: 3889,2876,4802,1368,1142
4188: 4740
1288: 845,1328,778,2119
1289: 4218,3908,927,2004
1290: 788
1291: 1342,533,1246
3837: 2554,452,2040
1293: 444,1178
1294: 2772,628,4109,4148
1295: 1134,2637
1296: 4500,1344,1971,2340
1297: 3298,4805,4187,4605
1298: 1929,2185
1299: 3078
1300: 
4768: 3196,61,4330,7
1302: 3318,2339,2421
1303: 3831,2852
1304: 2156,4764,2107
4328: 3823,1221
1306: 
1307: 4140,1891,2178,1198
4411: 4606,3624,3590
1309: 1391,445
1310: 542,4459
4436: 2001
1312: 1727,4414,622,2200
1313: 4065,4116,2441,875
1314: 997,1824,3558
1315: 2582,1629,3510,3592
1316: 1067,4072,3051,908
1317: 1611,1245
1318: 807,3214
1319: 473,4587
1320: 60,1210,128
1321: 271,3416,1954
4238: 3339,1762,4390,1034,2100,1604
3858: 1196
1324: 3391,4634,2181,3610,2792
1325: 4663,2822
1326: 2210,375
1327: 1414,733,2136
1328: 1288,3040,3318,3537
1329: 260,4297
4209: 3460,1106,4548
1331: 441,4778,1654
1332: 2899,3506,2984
1333: 
1334: 
1335: 4080
4404: 
1337: 488
1338: 
3929: 263,121,3014,4312
4171: 
1341: 1516,871
1342: 1291,3189
4672: 220,4793
1344: 1296,1971
1345: 
4036: 4622,163,1987,919,1382
1347: 2847
1348: 3207,2895,3034
1349: 
4558: 2991,3393
1351: 938,2170,1629,3592
1352: 2606,3366,2198
1353: 1283
4011: 4317
1355: 
1356: 
1357: 1714
3974: 4141,2698,3370
4254: 963,994
1360: 3866
4335: 1163
1362: 2324
1363: 3992,2370,443
1364: 
4269: 3615
4571: 1164,3496
1367: 2976
1368: 4802,1286
1369: 2568,4322,232
1370: 
4294: 623,4493
1372: 2944,750,1255
1373: 1950,4134
1374: 4445,4765,2757
1375: 568,1161,2888,3188
1376: 4508,2233,801,1563
4463: 1851,3277
3889: 1286,2876
1379: 1997
3958: 3051,908,2831
4070: 2166,686,220,3324
1382: 1541,2648,4036,4622,163
1383: 3319,349
1384: 1519
1385: 3741,2995,143
1386: 1019,1704,247
1387: 1817
1388: 3897,4591,123
1389: 2066,2725,4037,4814,1612
1390: 3522,2012
1391: 1309,1729,3741
1392: 3208,4798,3552,2501,814
4644: 2221,1926,4403
1394: 983,2675,4752,2643
1395: 4350,4486,2419,705
1396: 2197,3956,738
1397: 4733,3737,2137
1398: 2536,4512,2186,4309,1540
4403: 3158,1551,2221,4644
1400: 386
1401: 4177,4717,3177
4272: 2715,930,4128,2140,3685,2572
4129: 1962,852
1404: 4494,1018,3341
1405: 1637,3785
1406: 1141,1181,2854
1407: 321,4820,1464
1408: 836,2076,2492,4262
1409: 4692,566
1410: 3005,776,4042,3801,4823
1411: 2939,2232
1412: 573,319,2771
1413: 4725,3734,3685,962
1414: 615,1327,48
1415: 2719,3145,4776,2964
1416: 
1417: 181,1989
1418: 4424,3511,98
1419: 4723,2526,3087,1562,2915,1185,4444
3947: 
1421: 3060,602
1422: 919,3580,3494
1423: 3979,4760,4787
1424: 3019,4428,4000,3625
1425: 4097,1248
1426: 
1427: 
1428: 4822,4553,1624,481
1429: 3463,2482
1430: 4613,1179,2719,3145
1431: 2938
1432: 1712,695,1679,3191,3775
1433: 
1434: 691
1435: 
1436: 4733
1437: 2254
1438: 2677,2757,4765
1439: 2034,2333,3057
4708: 4103,2758,1469
1441: 365,3438,4734,528,3488
1442: 
1443: 1939,1536,1150,4470,1153
1444: 341,2700
1445: 1974,1878,3878
4749: 
4243: 3297,2730,739,69
1448: 4611,888
1449: 3873,3115,2670
4711: 1767,1178,1192,3939
1451: 2353,2688
4074: 2216,2455,3780
4615: 2064,327
1454: 4699,4776
1455: 2908,3610
1456: 771,3954
4185: 1256,3455,3486
1458: 1636,2909
4599: 
4685: 214,4517,2474
1461: 3919
1462: 4807,3783,2154
1463: 764,3075
1464: 2633,321,1407,848
1465: 937,2256,3715,4371
1466: 
1467: 
1468: 
1469: 4708
1470: 492,2384,2414,1005,2049
1471: 344,3531,2495,3176
1472: 505,1882,1697,481
1473: 
1474: 3691,1975
1475: 289,1062,3612,3353
1476: 2503,4072,646,4488
1477: 2737,2665,487,4720,2291,950
1478: 
1479: 859,4046
1480: 4677,4439,4731,940,392
4428: 973,1424
1482: 2395
1483: 
1484: 936
1485: 2009,4800,1916,4298,949
1486: 1080,1949,3271
1487: 
1488: 2547,2329,2702,671
1489: 2867
1490: 
1491: 4818,1517
1492: 640,4484,1775,2417
1493: 1676,4567
3906: 1664,793
4138: 3746,2350
1496: 446,4329,1275,2347
1497: 
1498: 1108,2330,1970,3948
1499: 2968,2135
1500: 
4674: 3362,291,4239,3308
1502: 32,3166,890,2890
1503: 2938,1266,4667
1504: 2783
1505: 2174,821
1506: 3592,957
1507: 3188
1508: 728,4801
4723: 1419,2526,4444
4277: 
1511: 1856,1638,3204,4593,3422
1512: 4738,1543,2251
4165: 3910,4542,4391,1095
1514: 2295,2155
1515: 989,3888,723
1516: 1341,3351,2115,1174
1517: 3091,1491
4568: 4088
1519: 1384,2894
3981: 3357,4634,2908,2110
1521: 3549
1522: 4538,3156
4443: 4535,478,2114
4080: 1335
1525: 45
1526: 2357,1020,12
1527: 
1528: 1647,747,3781,3888,1990,989
1529: 4001,2010,1897,1140
1530: 1122,4583,2072,3696,3575
1531: 4794,793,547
1532: 3252,3076,2518,938,4601
1533: 3226,2996,1601,4622,2125
4421: 548,1586
4820: 2903,4747,4306,2633,1407,519
1536: 1939,1443,4470,2217,4186
1537: 1892
1538: 
1539: 4733
1540: 2186,4078,1398,4512
1541: 1382,38,163,2391,579
4518: 1211,1022,1957,4211,2888
1543: 1512,2251,1810
1544: 665,4694,218
1545: 2977,2620,3064,1169
4510: 
3928: 2687,1148,676
1548: 2894,1994,4192,3207
1549: 
1550: 3138,4596,2659
1551: 2368,4403,4600,1268
1552: 1260,4314,4210,4095
4132: 
1554: 2248,302,4789
4224: 2741,1910,4791,2149,3916
1556: 1145
4475: 90,979,4613,602,4776,3145
1558: 3016
1559: 4079,1778,4772,4721
1560: 4233,1578,187
1561: 
1562: 3087,2915,1419
1563: 801,1376
1564: 2718
1565: 2445,3569
1566: 
1567: 3715,4503,3105
1568: 
1569: 2883,2061,601,2712,532
1570: 3682,1727
4503: 1567,3536,404
1572: 3411,2890,1593,4793
1573: 2600,247,2393,3545
1574: 
1575: 4140,2851,3760,1919
1576: 3778,133
4184: 3649,4100,4274,4750
1578: 3300,4260,1560
1579: 2412,4681
1580: 3895
4543: 
1582: 
1583: 1091,2857,4766
1584: 890,1593,990,3090,3584
1585: 
1586: 4421
4449: 1662,846,3941
4323: 1591
1589: 3686
1590: 1734,533,4056,51
1591: 4323
1592: 3072,3256
1593: 1584,2890,1572,3584
1594: 2917,890
4189: 3806
1596: 4432,4040
1597: 1149,2643,3973
1598: 5,3754,282,1862
1599: 3018,2657,1267
4476: 2131,1083,429,466
1601: 2996,1533,1854,2125
1602: 793,547
1603: 2860
1604: 766,4238,4390
1605: 3779,367,2978
4539: 972,3244,4822,1865
3865: 
4240: 2188
1609: 2399,1925,3978
1610: 1785,2467
1611: 1317,1021,4081
1612: 1232,1389,2066,430
1613: 4668,385,656,4031,2886,2859
1614: 
1615: 
4610: 4104,3590
1617: 383,2994,753,1866
1618: 3681,2967,276,411,785
1619: 1684,3487,4270,2117,2245
4553: 4822,1428,972
1621: 
1622: 221,1174
1623: 3340,176,3742
1624: 1428
1625: 1909,2042
4015: 2313,922,1981,2953
1627: 
1628: 251,1264,59
1629: 2582,2518,1315,938,1351
1630: 2143
1631: 4810
1632: 3280
1633: 2175,816,4063
1634: 3444
1635: 1190,2439,2169,2416
1636: 1458,4397,3731,4563
1637: 1145,4161,1405,3785
1638: 1968,3784,1511,3422
1639: 3002,4551,1898,3979
1640: 2731,1791
4453: 4054,1004
1642: 4548,1933,4049
3908: 4218,1289,1023,2004
1644: 2402
1645: 
1646: 1225,2913,2803,4305
1647: 1528,4574,1990,989,3199
4066: 4251,3884,4809
1649: 3883
4387: 
4021: 72
1652: 42,2790
1653: 815,746,2594
1654: 2927,441,1331,4418
4217: 4761,4139
4671: 689,1071,3069,3447,3006
3962: 974,4796,1090
1658: 2704,2079,3120,1222
4492: 2158,4155
4556: 4811,2342,3581
1661: 3710
1662: 4449,4135,846
1663: 3117,4315,4426,2912
1664: 4150,793,3906
3903: 1089,873
4284: 349,1991,3175,2055,4575
1667: 
1668: 
1669: 
4168: 522,2159,849,4145
4432: 253,3274,1596
1672: 1128,3835
4729: 302,4789,4701,1932
4589: 3155,2108,2230,1240,3169
1675: 3835,827,3275
1676: 1493,942,1927
1677: 2140,4576,3339,1762
1678: 4330,3716,4818
1679: 3191,528,2820,1432,1712
4170: 3578,4816,2003
1681: 
1682: 271,1018
1683: 4178
1684: 1619,2608,2117,2245
1685: 3410,61
1686: 4487,831
1687: 4600,3097,4621,606
1688: 2114,1229,2698
1689: 4379,395
1690: 
1691: 3049
1692: 
1693: 2590,2765
4617: 2110
1695: 2385,746
1696: 232,2460
1697: 1882,1708,1472
1698: 2203,2517,2354
1699: 2963,4666,4802
1700: 2567
1701: 311,2634,1890,3593,523
1702: 1259,2537,1901
1703: 3295
1704: 3083,1386,2357,247
4455: 2128,1194,3233,2241
1706: 474
1707: 855
1708: 1697,4582
1709: 876,1039
1710: 3330
1711: 1810,1895
1712: 1432,695,774,1679,2820,605
1713: 2138
1714: 1357
1715: 1943,891
1716: 234,372
4774: 1258,4338,1719,2733,353,1921
1718: 
1719: 4342,4338,591,4774
4419: 745,3615
1721: 4481,1992,620
1722: 2572,390,173,3650
1723: 2746,4355,2914,754
1724: 2379,4437,4386
1725: 4497,2593
1726: 1030
1727: 1312,3682,1570,3733
3953: 306
1729: 1391,3741
4102: 4005,511,89,1985,2878
3963: 4203,3031
1732: 1040,4112,2535,3227,3846
4208: 
1734: 1590,533,3448,4052,4584
1735: 4707,3432,2414
1736: 2362,2778,3833
1737: 2378,2766,3552,814
1738: 4536,1836,4471,3881
1739: 1806,2588,1064
1740: 1848,3801,4823
3846: 3227,1732,2535
1742: 1904,3176,576
1743: 86,567,1875
1744: 977
4099: 
1746: 3859,4800,432
1747: 4180
4046: 1479,3951
4584: 88,4052,1734,3448
1750: 2047,1835
1751: 521,2500,1243
1752: 695,4375
1753: 
1754: 3111
1755: 
1756: 4367,2848,2729
1757: 3946
1758: 3242,835,19
4670: 1100,3959,2113,3875
1760: 2757,2483
1761: 1954,3940,271
1762: 3339,4238,1034,1677,4576,962
1763: 4122,3413,4058,2189,4643
1764: 
1765: 3812
1766: 4156
1767: 2753,4711,1192,3939
1768: 3815,2586
4115: 4810,3373
1770: 3845,532,3580,3733
1771: 534,3887,2828
1772: 1787
1773: 2282,2014,3146
1774: 2096,3177
1775: 640,4484,1492,227
1776: 3403,3859
1777: 3765,236
1778: 1559,4079
4721: 4772,2448,1559
1780: 2024,3492,699,4796
4424: 2869,1418,3511
1782: 3373
4201: 3820,3061,80,3347
4623: 4626,3350,4796,415,2181,3391
1785: 1610
1786: 2637,791,2826,3539,2967
1787: 1772
1788: 4633,4414,2287
1789: 727,1992,1083
1790: 202,2971
1791: 1640,3261,3175
1792: 839,1162,412,4754,3911
1793: 3829,905
1794: 2062,1841,1060
1795: 341,4771
1796: 4298,949,2944,1255
3968: 3593,1951,3166,1257
1798: 4210,3540
4104: 4610
3961: 806,3419,2139
1801: 3752,998,2358
1802: 2123,4557
3893: 516,676,3038
4678: 1822,3016,4719
1805: 2320
1806: 1739,954
4124: 
1808: 
1809: 4628,2375
1810: 1543,1711
1811: 4405
4680: 107
3910: 4165,456,2374,3723
1814: 
4081: 667,1611,3992,1021
1816: 707,1141,1181
1817: 3555,1387
1818: 
1819: 263,4098
1820: 672,351
1821: 
1822: 4678,4719,2393,618
1823: 3823
1824: 3567,997,1314
1825: 4545,577,3573
1826: 243,2728,4786
4482: 1920
1828: 2696,2939
1829: 3229,2693
1830: 
1831: 3385,2412
1832: 
1833: 
1834: 1890,4113
1835: 4357,2430,1750
1836: 1738,4536,4112
1837: 
1838: 3402,543,2660,311
1839: 2345
1840: 
1841: 3054,4041,1794,366,1060
1842: 4149,2353,3811
1843: 4650,2660,2381,2676
1844: 2133,1120,308,290
4336: 2502,2242,3724
1846: 3862
4248: 
1848: 1740,3502,3801
4534: 871,4769
4198: 2563,877,2788
1851: 2111,4463
1852: 4275
4094: 1875,86,3530,2695
1854: 2585,1601,2968
1855: 4648
1856: 607,1511,3097,4593
4773: 527,3577,839
1858: 3819,559
1859: 3935,2570,4619
4338: 591,1719,4774
4530: 601
1862: 2199,1598,1888
3840: 3375
1864: 3667,3888,2241,723
1865: 1978,4822,3244,4539,226
1866: 1617,753
1867: 123,857
1868: 
4266: 1131,2315
1870: 3727,4140,2558,4815,1919
4178: 1683,98
1872: 4506
1873: 3262,3577,2207,3639
1874: 4544,3485
1875: 4094,3939,1743
4496: 429,2812,3618
1877: 2977,2764,2814,1169
1878: 1974,1445
1879: 268,3870,2318,4434
4389: 3932
1881: 538,4485
1882: 1697,505,1472
1883: 3105,4252,4444,134
4442: 1079
1885: 
1886: 2636,663,2225
3919: 1461,3751
1888: 2744,2199,1862
4297: 691,3824,1329
1890: 2634,1701,4113,1834
1891: 308,2178,494,1198,1307
1892: 1537,3614
4677: 1480,4439
1894: 
1895: 4702,1711
4045: 
1897: 3778,2010,1529
1898: 4551,2351,16,1639
1899: 3656
1900: 324
1901: 2537,4517,1259,1702
1902: 3848
1903: 538,2729
1904: 1742,3176,3768,3531,4524
1905: 4295,3632,4494
4355: 4101,1723
1907: 
1908: 1005,4791,4067
1909: 1625
1910: 2373,2741,4224,4791
1911: 4514,2844
1912: 3832,4173,3010,4814
1913: 2548
1914: 4202,4362,3238,4513
4681: 1579
1916: 3821,4800,1485,3712
1917: 4493
4192: 2894,1548,3207
1919: 3328,3760,1870,4140,1575,2558
1920: 119,4482
1921: 4757,2972,353,4774
4485: 1881
1923: 106
1924: 4250,2930,3449
1925: 188,911,2399,1609
1926: 3204,4593,1282,4644
1927: 942,3044,1676,2850,4567
1928: 4527,367,4660
1929: 1298
1930: 
1931: 3884,873,2911,4809
1932: 3018,4729,4105,3809
1933: 1642,2571,2635
1934: 
1935: 3983,2750,2985,3409
4031: 2580,2886,385,1613
1937: 2010,2039,3304,3778
1938: 3993
1939: 1443,1536,4186
1940: 1203,2962,1018
1941: 1981,3417
1942: 2555,115
1943: 3612,3353,1715
1944: 3649,4100,3297,307,1032,3654
4799: 
4244: 4088,3729
1947: 4798
1948: 2688,4406
1949: 2850,1080,1486
1950: 1373,4134
1951: 3593,2752,2835,3166,1257,3968
1952: 913,52,3800,1985,3646
1953: 436,4608
1954: 3940,3565,1761,271,1321
4260: 2067,2149,1578
1956: 3562,4795,427
1957: 2056,4211,1074,4518
1958: 3071
4500: 1296,3502,4422
1960: 
1961: 3654,2206,1032,3216
1962: 4129,1110
1963: 2036,3542,463
1964: 4808
1965: 4462,3771
4361: 
1967: 2652,2806
1968: 1638,3784,599,3422
1969: 3063,3616
1970: 257,3948,1498
1971: 4059,1344,1296,2340,192
1972: 150,3882,1223
1973: 255,1180,4263,2392,3844
1974: 1445,1878,3959
1975: 3691,1474,4019
1976: 259
1977: 2720,4696
1978: 1865,982,1126,226
4133: 
1980: 3484,752,4536
1981: 13,38,4015,1941
4683: 4792
1983: 4808,4199,2157,3362
1984: 
1985: 3646,913,1952,89,4102
1986: 
1987: 4036,163
1988: 2873
1989: 2161,4427,1417
1990: 4574,747,1528,1647
1991: 3261,4477,3175,4284,4575
1992: 4481,1721,727,1789,2131,1083
1993: 4019,503,4103
1994: 1548
1995: 830,3156,484,4538
1996: 2610,1166,3812
1997: 3431,4167,4474,1379
1998: 3476,3148
1999: 
2000: 3564,3902
2001: 4436
2002: 4697,2877
2003: 3079,3578,4170,2372,1253
2004: 4270,3908,1289,1023,921
2005: 3753,4767
2006: 
2007: 
2008: 920,130,3365,1030
2009: 1485,4800,254,2362
2010: 1937,3778,1897,1529
2011: 277
2012: 2150,1390
4805: 1297,3298,215,1229,3447,3370,688,3456,2937,4605
2014: 700,1773
4202: 1914,4362
2016: 4519
3972: 4242,3496,3279,3083
4049: 1642
2019: 963,805,2649
2020: 2882,4155
2021: 4363,865
3956: 2197,1396,3611,813
2023: 2348,3700
2024: 3066,1780,4796
4166: 3817,3494,3914,919,3226,2996
2026: 2158,2307
4519: 2016
2028: 2121,2199
2029: 3725,3035,321,3621,3052
2030: 3365,2354
2031: 538,940,3631
4682: 2857,2672,292
4197: 3259,4554,121
2034: 1439,4739,3057
2035: 3834,2811,3630,2914,148,1150
2036: 1963,2281
2037: 3514,4121
2038: 4775,252,4784
2039: 1937,3304,2366
2040: 3837
4479: 4665,4640,3374,131
2042: 1625,3375
2043: 2474
2044: 2086
2045: 2300,4321
2046: 669,980
2047: 1750,527,2723
2048: 3587,2561,438
2049: 2414,1470,2384
2050: 2834,2202
2051: 956,2350,3873
2052: 792,3322,3409
4464: 3732,2456
2054: 
2055: 4575,2868,4491,4284,2406
2056: 1957,4211,1074,4161
2057: 4630,4169
2058: 2950
2059: 
2060: 2333
2061: 2883,1569,601,2712,2275
2062: 1794
2063: 4427,789
2064: 4615,129
2065: 
2066: 1389,4037,430,4814,1612
2067: 4260,2149,3916,635,274
2068: 3230,3534,3470,3225,3760
2069: 807,1148,2711
4123: 4000
2071: 214
2072: 3696,2516,3575,1530
4363: 2021
2074: 2781,357
4347: 340,4728,1078
2076: 836,1408,2383
4300: 
2078: 69,3737,2553
2079: 2704,1658,114
2080: 859,3012
3841: 482
2082: 351
2083: 3589
2084: 
4765: 4688,2616,3455,4445,1374,1438
2086: 2356,2044
4086: 4792
2088: 4604
2089: 2858
2090: 2595,3711
4258: 2175,816
2092: 2847
2093: 
4160: 3621,990,3052,890
2095: 2466
2096: 1774,4817,4441
2097: 2269
2098: 4416,1113
2099: 3847
2100: 3088,3657,3339,4238,4390,4576
2101: 4434,473,2318,3460
2102: 2279
2103: 
2104: 1177,54,205
2105: 318
2106: 4141,3976,3530,1228,3982,86,326
2107: 4764,2156,1304
2108: 3155,4589,3640,1240,3777,2817
2109: 2335
2110: 2908,3981,4617
2111: 3228,509,1851
2112: 3112,3036
2113: 3875,4670
2114: 326,4443,1688
2115: 3351,4147,1516,3042
2116: 575
2117: 921,4270,1684,1619,2245
4498: 2770
2119: 883,3720,1288
2120: 943,618
2121: 2199,3081,2028
2122: 
2123: 1802,1103,2431,674
2124: 3998
2125: 2497,1533,1601,2648
2126: 3136,2922,402,99
2127: 229,4038,958
2128: 4455,4488,1194
2129: 4616,2853,189,3290
2130: 503,4103
2131: 4476,1083,4481,1992,2812,429
2132: 571,164,522,2755
2133: 3794,1120,1844,943
4585: 4580,3799,4078
2135: 468,1499
2136: 733,3109,1327
2137: 739,1397,4733,3737
2138: 2824,1713
2139: 3419,806,3961
2140: 1677,4272,4128,3685
2141: 4781
2142: 
2143: 1630
2144: 4535,689,3069
2145: 3576,155,130
2146: 3405,1261,2277,2699,300
2147: 
2148: 2799
2149: 2067,4260,3916,2741,4224
2150: 3263,2012
4658: 1072
4001: 1529
4804: 2227,3568
2154: 3783,1462
2155: 17,2193,1514
2156: 1304,4764,2107
2157: 4808,1983,4199
2158: 4492,2026,2803
2159: 4168,522,2755,849,4145
4017: 4296
2161: 1989,4427
4466: 
4177: 1401
2164: 823,268,2615,4434
2165: 
2166: 2661,4070,686,3588
2167: 2327,2403,3487,1008
4788: 3457,3030,2550,4356
2169: 4746,2439,3170,1635,1190
2170: 938,1351,3076,797
2171: 2488,839
2172: 434,3502
4034: 2862
2174: 1505
2175: 3792,1633,816,4258
2176: 4397,3035,1033
2177: 1103,46,4058,3988,887
2178: 290,1891,308,1307
3851: 2329,2702,1157,2958
4777: 4521,470,3092
2181: 2664,4623,1324,3391,3607
2182: 2352,4770,647
2183: 2663
2184: 273
2185: 1298,347
2186: 3799,4078,4309,1398,1540
2187: 
2188: 4240
2189: 1763,3413,4643,1044
2190: 3223
2191: 3171,3766
2192: 
2193: 444,2155
4422: 3023,4500,2312
4083: 4660,4527
2196: 999
2197: 1396,3956
2198: 4646,1352,4456
2199: 2121,1862,2028,1888
2200: 3845,622,1312
2201: 4572,3622
2202: 2569,2050
2203: 1698,2517,2354
4666: 2963,1699,2274
2205: 2543,3794
2206: 1961,3883,3216
2207: 3577,1873
2208: 3677,4787,2754,3583
2209: 278,4602
2210: 1326,375,3111,2814
2211: 
4207: 3582,2215,3001
2213: 3897,34
2214: 3557,4562,1218
2215: 210,4003,3582,4207,3001
2216: 4462,4074,3780,937
2217: 2386,3645,1536
2218: 4713,4772,4501,3605
2219: 
2220: 3721,2902
2221: 4644,4403
2222: 770,810,3466
2223: 1059,3988
2224: 2417,2388
2225: 16,1886,3314
2226: 
2227: 3568,4804
2228: 
2229: 3485
2230: 3155,4589,9,3795
2231: 3413
2232: 2939,1411
2233: 1376,4508,3617
4273: 4378,758,2236
2235: 1242,2631,2466
2236: 3586,4378,4273
2237: 3072
2238: 
2239: 140,2321,4807
2240: 
2241: 3233,4455,1864
2242: 4810,4336,2502
2243: 
2244: 
2245: 3195,2117,1684,1619
2246: 455,3412
4526: 3263
2248: 1554,2640
2249: 3088,9,3657
4309: 2186,2648,2536,1398
2251: 2296,4738,1543,1512
2252: 497,1231
2253: 1117
2254: 2882,1437
2255: 3676,2810
2256: 937,1465,40,3715
2257: 
4239: 3152,291,4674
2259: 
4069: 3549,557,3094
2261: 3498
2262: 3998
4634: 1324,3391,3357,3981,2908
2264: 2899,1026
2265: 
2266: 2442,2959,4118,3232,292,1022
2267: 
2268: 2297,3378,3282
2269: 2396,2097
4699: 2810,1454
4535: 4443,478,2144
2272: 3780,127,2804,2919
2273: 233,3459,3663,1089
2274: 4666
2275: 2409,592,2883,2061,3494
4142: 4812,4657
2277: 2146,2760,300,494
2278: 3021,2815
2279: 838,2102
2280: 962,3497,4725,3171,3766,144
2281: 2036
2282: 1773,3146
4063: 3897,1633,816,3313
2284: 2536,3392,2968
2285: 2522
2286: 435,1199,4732,27,3762
2287: 2880,1788,4414
2288: 351
3856: 817
2290: 
2291: 4720,1477,487,477
2292: 3137,2385
4607: 
2294: 
2295: 1514,17
2296: 2251,4738
2297: 2268
4312: 3014,3929,4111
2299: 
2300: 2045
2301: 2877
4621: 606,1687
4352: 4745,3024
2304: 3491,4425
4819: 790,1017,2317,2366,4054,1004
2306: 4213,3294,521
2307: 2026
2308: 2785,4079
2309: 634
3915: 147,3075
3949: 
2312: 2343,2340,4422,1053,3243
2313: 4015,2871,922,2613
2314: 3385,3269
2315: 2602,4266
2316: 3960,4206
2317: 1017,3304,4819
2318: 1106,3870,1879,4434,2101,3460
2319: 693,722
2320: 1805,925
2321: 2554,514,2239
2322: 2575,3453
2323: 
2324: 1052,1362,383
4592: 3119
2326: 948,1215
2327: 2167,2403,3487,2608,1008,2337
2328: 2827,4642
2329: 2702,3851,2958,1488,2547,671
2330: 4174,1498
2331: 1077,3186,719
2332: 
2333: 1439,2060,426
2334: 308,2629,1120
2335: 2109
4362: 4202,1914,1208,3403
2337: 1008,2804,2327
2338: 3091
2339: 3318,3137,1302
2340: 2343,192,2312,1296,1971
3847: 2099
2342: 350,4811,252,2650,4556
2343: 2340,192,3719,2312,1053
2344: 4053,3165
2345: 1839
2346: 864,4707,811
2347: 446,1275,1496,4112,1040
2348: 3134,3700,2023
2349: 837
2350: 2670,2051,4138
2351: 16,1898
2352: 3506,2182,647
2353: 1451,3829,1842
2354: 1698,2203,2517,2030
2355: 47,1143
2356: 2086,754
2357: 1526,1704
2358: 998,1801
2359: 518,4214,3195
4407: 2909,1033,22
4095: 4210,1552
2362: 1736,2944,254,2009
4092: 279
2364: 3607,975
4384: 2627,536,3164
2366: 4054,4819,1017,3304,2039
4405: 4075,1811,1013
2368: 3158,1551,1268
2369: 2831,2655,4468,1065
2370: 806,443,1363
4727: 558,4597,598
2372: 1253,3079,2003,3519
2373: 2741,1910,2766,2404,3989
2374: 1095,3910
2375: 260,4628,1809,4506
2376: 
2377: 1066
2378: 1737,3552,3803,4200
2379: 3512,4437,1724
2380: 
2381: 2676,2660,1843,3402
2382: 3789
2383: 2076
2384: 492,1470,2049
2385: 1695,408,2292
2386: 2217,3645
2387: 
2388: 2224
2389: 3676
2390: 4598,2644
2391: 0,579,38,1541
2392: 3844,1973,2823
2393: 1822,1573
3886: 4377,421
2395: 1482
2396: 2269
3874: 669,4291,3324
4261: 3317,3211,3038,3779
2399: 1609,1925
4060: 794,2703
2401: 518,4214,2797
2402: 1644
2403: 2327,2167,36,399,3487
2404: 811,2766,2373
2405: 3108,3637,817
2406: 457,4491,2055,2868
4532: 4376,3567
2408: 3461,1119,2715,930
2409: 2275,592,4806
4801: 1237,3430,2721,1508
3894: 4818,992,3597
2412: 1579,3385,1831
2413: 4182,4795,946
2414: 1005,2049,1735,1470
4098: 1819,1081
2416: 3693,1635
2417: 2224,4484,1492
2418: 
2419: 705,4263,4486,1395,255
3895: 1580
2421: 3704,1302,4396
2422: 4578,615
3960: 2316,3260,4206,4014,4042
2424: 
2425: 
2426: 3849
3944: 422
2428: 
2429: 539
2430: 4697,2686,4357,1835
2431: 1103,18,2123,674
2432: 4090,968,2459,151
4600: 1687,606,898,1268,1551
4022: 
2435: 3828,2966
2436: 570,1167,581
4020: 1036,3402
2438: 651
2439: 2169,3170,3693,1635
2440: 850
2441: 3395,3218,1313,4116,875
2442: 2959,2266,292,1022
4494: 1404,3341,1905
2444: 
2445: 1565
2446: 3293,472,970
2447: 
2448: 4772,4721,2999,3389
3882: 1972,150,4180
2450: 3551
2451: 814,2501,3826
2452: 
2453: 
2454: 
2455: 3780,127,1031,4074
2456: 4667,4464,3732,156
2457: 
2458: 4105,4701,3788
2459: 2432,968,408,3481
2460: 3762,1696
2461: 3669,4172
4126: 3789
2463: 
4299: 
4271: 926
2466: 2095,2235,1242
2467: 1610
4396: 411,2421,1065
2469: 
4276: 3987,4667
4305: 17,1225,1646,2913,175
2472: 3121,313
4696: 831,1977
2474: 2043,4685
4054: 2366,1004,4819,4453
4148: 2874,1294,3591
2477: 153,166,2931
3860: 3338,3471
4514: 1911
2480: 4703,3451,3395
4745: 2685,1219,3024,4352
2482: 1429,2738,3220
2483: 3824,1760,2757,242
3834: 2811,2035,1050,1150
2485: 3255,4806,4501
2486: 2901
2487: 3692,4291
2488: 517,4174,2171
2489: 3429
2490: 2656,1137,3165
2491: 3521,59
2492: 836,1408,4262,4647
4349: 72
4450: 2915,4071,332,1185,4196
2495: 586,1277,3869,1471
2496: 1265
2497: 2125
4342: 1719,4237,591
2499: 4204
2500: 1751,3144,1243
2501: 3826,1392,3552,2451,814
2502: 4336,861,4810,2242
2503: 1476
4333: 3420,422,350,4811
2505: 4793
4084: 3278,3126
3890: 
2508: 4143,4569
4597: 558,4727
2510: 4611
4814: 3991,430,4037,1912,3832,3335,1389,2066
2512: 3875,338
2513: 3946,3316
2514: 4669
2515: 4595,4186,3825,3551
2516: 2072,1246
2517: 1698,2203,2354
2518: 2582,1629,4027,1532,938
2519: 19,79
2520: 668,4811,751
2521: 3279,3379
2522: 2285
4487: 1686
2524: 4392,3629
4247: 3441
2526: 4723,1419,3087,4041,843
4564: 3486,911,1256,4409
2528: 2535,2823,3372,4821
2529: 3382
2530: 4331,2631
2531: 654,1182,2616,4386,3410
2532: 2768
2533: 875,3462
2534: 
2535: 2528,3372,417,1040,1732,3846
2536: 1398,4512,2284,4309
2537: 1901,1259,3366,1702
4779: 977,116,3388
2539: 
3988: 1059,887,2223,2177
4757: 1921,293
4761: 4217,917
2543: 315,2205,3794
4646: 2198,4456,3342,4651
2545: 2878,685,3499
2546: 3179
2547: 153,1488,2329,2958
2548: 4739,1913
3948: 1970,1498,1108,4588
2550: 4356,4788
4350: 1395,4377,4486,4625
4139: 2714,4217
2553: 3737,2078
2554: 3837,2321,514
2555: 1942
4341: 
2557: 1245
2558: 4815,3727,1870,3102,1919
3976: 2106,4141,3530,4385,1206
4206: 3688,4014,3960,2316
2561: 2048,438,91
2562: 2659,930,2572
2563: 2699,4198,4308,2788
2564: 
2565: 
2566: 3852
2567: 1700
2568: 1369,4322,3602
2569: 2834,2202
2570: 1859,4619
2571: 4548,1933
2572: 1722,4272,930,2562,390
2573: 1202,3108,2596,2969
4445: 1374,4688,4765
2575: 2322
2576: 3443,3922,3562
2577: 1271
4697: 2430,3935,2002,2877
2579: 
2580: 4031,3202,2886
4367: 3034,1756,2848
2582: 2518,1629,3510,1315,938
2583: 4097
4822: 4553,1428,207,481,1865,972,4539
2585: 1854,916
2586: 225,3815,1768
2587: 
2588: 1064,4149,1739
2589: 1002
2590: 1693
2591: 
2592: 4386,110,1190,1182
2593: 1725,2685
2594: 815,1653,1037
2595: 3711,2090
2596: 2969,1216,2573
2597: 1031
4105: 2458,3018,1932,2657
4796: 4626,3350,4698,4623,2024,1780,978,3962,1090,2664
2600: 1573,247,3185
2601: 
2602: 372,2315
4059: 1971,454,192,549
4567: 3225,2851,2850,1493,1927
2605: 3180,4227,443
2606: 4714,1352
2607: 2892,156
2608: 1684,3487,2327
4027: 151,2518
2610: 1996,1177,3560
2611: 3004
2612: 4718,3181,3112
2613: 2313,2953
3951: 182,4046,4775
2615: 2931,2164,4434,3855
2616: 2531,3410,4765
4090: 2432,968,3744
3959: 1100,4670,1136,1974
2619: 
2620: 3064,2745,4798,1545
3888: 1864,1528,723,1515
3864: 3590
4226: 1113,4740
3952: 4420,965,709
2625: 164
2626: 3428
2627: 3492,4384,699,3164,1168
4111: 4633,2761,4312,1072
2629: 1120,2334
2630: 3251,4213
2631: 2235,2530
4458: 106,3330
2633: 1464,4820
2634: 311,1701,1890,3765
2635: 1933
2636: 3233,1886,2825
2637: 1786,1295,791,2826
2638: 312
2639: 3547
2640: 2248
3887: 1771
2642: 2761,1081,436,4608
2643: 1597,1149,4752,1394
2644: 2390
2645: 3194
2646: 4596,939,4686
2647: 4800,2912,3821
2648: 1382,2125,4309
2649: 3165,805,2019
2650: 3820,252,422,350,2342
2651: 1129,4808
2652: 4582,1967
3883: 1649,2206
2654: 49,3829
2655: 2369,4656
2656: 2490
2657: 3018,1599,4105,628
4279: 4731
2659: 2562,1550
2660: 4650,543,1843,2381,3402,1838
2661: 2166,686,4489,3588
2662: 
2663: 2183
2664: 2181,3350,4796,975
2665: 2737,1477,3926,487
2666: 3222,3788,4546,3206,4786
2667: 
4211: 2056,1957,4518,3188
2669: 4085
2670: 2350,3227,4343,1449
4237: 4342
2672: 4118,711,4682
2673: 370
4298: 949,1796,1485,2944
2675: 4752,3703,1394
2676: 2381,1843
2677: 2757,1438
2678: 1122,611
4000: 4123,1424,3625
2680: 
4255: 171,3854,947
4071: 2915,4450,956,26,332
4735: 193
2684: 29
2685: 1219,2593,4745
2686: 4440,3358,838,4357,2430
2687: 3928,1148,988
2688: 1948,1451
2689: 2982
3992: 1363,4081,667
4611: 1448,2510
2692: 3764
2693: 3078,3569,1829
2694: 
2695: 905,4094,4385
2696: 1828,93
2697: 586,1277,107,3727,1146,4815
2698: 3370,1688,3974,1229
2699: 2563,2146,3405,4308,300
2700: 1444
2701: 2710,4296
2702: 2329,3851,1157,2958,1488,671
2703: 3661,4807,4060,794,3651
2704: 1658,2079,114,3120
4754: 3393,1162,1792,213
4144: 436,3181,3112
4506: 1872,4628,260,2375
4640: 338,4665,4479,459,131
2709: 345,3602,241,2819
2710: 2701,4296
2711: 988,1148,2069
2712: 601,1569,2061
2713: 3274
2714: 438,4139,3763
2715: 4272,930,4128,3461,2408
2716: 1000
4038: 2127,229,319,2771,1180,958
2718: 3624,1564
2719: 1415,3145,1430
2720: 1977
2721: 4630,3430,4801
4281: 
2723: 2047,527
2724: 730
2725: 1389,2732,4037
4752: 2675,1394,1149,2643
2727: 3157
2728: 1097,1826,4786
2729: 1756,1903,3818
2730: 3297,4243,69,307
2731: 1640,637
2732: 2725
2733: 4541,353,4774
2734: 3480
2735: 525
2736: 4703,3451,3691
2737: 1477,738,2665,950
2738: 2482,3117
2739: 
2740: 120,3070,4764
2741: 2373,1910,4224,3989,2149
2742: 2775
2743: 3239
2744: 1888
2745: 2620,3064,4798,3826,694
2746: 4470,1723,754
4517: 1901,4685
2748: 4705,4734,4391,365,456
2749: 
2750: 1935,3983,2864,4795
4746: 2169
2752: 3593,523,1951,1011,1257
2753: 1767
2754: 4787,2208,3583
2755: 2132,522,2159
2756: 784,2826
2757: 2677,1760,1438,1374,2483
2758: 4708,4103
2759: 498
2760: 4308,300,494,2277,1146
2761: 2642,4608,4633,4111
4483: 398
2763: 1171,3909,1187
2764: 1877
2765: 1693
2766: 1737,2404,2373
4079: 1559,3399,1778,2308
2768: 2532
4807: 2703,3661,2239,140,1462,923
2770: 4498
2771: 319,1412,4038,1180
2772: 1294
4295: 795,1905,384
2774: 245
2775: 2742
2776: 3229,2809
2777: 3321,3445
2778: 190,3833,1736
2779: 4763
2780: 
2781: 3581,2074
2782: 4157,4823,896,893
2783: 1504,4780,3901
2784: 
2785: 4246,2308
3911: 1079,3980,412,1792,3262
4468: 1065,2369,2831
2788: 4198,2563,877,3869
2789: 160,387,433
2790: 1652,996
2791: 
2792: 3610,3514,1324
2793: 916,3626
3854: 947,4255
2795: 
2796: 4400
2797: 3195,518,2401
2798: 524
2799: 2148
2800: 4232
2801: 
4285: 1119,939,3480,3461,3964
2803: 2158,1646
2804: 2337,2919,2272
2805: 583
2806: 3647,1967,1066
4524: 1106,3768,1904
2808: 
2809: 3229,2776,120,3096
2810: 4699,2255,3060
2811: 3834,2035,4182
2812: 4481,2131,429,4496
2813: 3955,2822
2814: 2210,2977,1877
2815: 1082,2278
2816: 577,4609
2817: 4005,3640,3777,3155,2108
4645: 
2819: 2980,4257,2709
2820: 605,1679,1712,774
4326: 199
2822: 3217,1325,2813
2823: 2528,3372,958,2392,4821
2824: 2138
2825: 2636
2826: 791,2756,2637,1786
2827: 323,2328
2828: 343,3367,1771
4196: 4252,1185,4444,4450,1226
2830: 
2831: 2369,4468,3958,908
3914: 4166,3817
4420: 3952,4816,4505
2834: 2569,2050
2835: 611,1011,1951,32,1257
3881: 4471,643,1738,3191
2837: 4230,3810
2838: 3718
4569: 2508
4490: 4724,4416
2841: 2961,3917
2842: 
4791: 4067,4707,811,1908,1910,4224,735
2844: 1911
3989: 2373,2741
2846: 
2847: 1347,2092
2848: 4367,1756
3849: 2426,1223,150,81
2850: 3225,4567,1927,1949,1080,933
2851: 3225,4567,1575
2852: 3077,1303
2853: 4616,2129
2854: 1406
2855: 3193,4809
4806: 2485,3399,2409
2857: 4682,3009,1583,305,4766
2858: 2903,2089
2859: 4009,2886,4256,1613
2860: 1603,3308
2861: 
2862: 4034
2863: 3665
2864: 3245,3983,2750
2865: 
4434: 2101,2164,268,1879,2318,2615
2867: 1489
2868: 2055,4575,2406,2985,3983
2869: 4424,3511
2870: 
2871: 447,297,2313
2872: 692,3792
2873: 1988
2874: 4148
2875: 3401
2876: 3889,1286,1142
2877: 3674,4697,1042,2002,2301
2878: 2545,4102,511,3499
4676: 
2880: 901,2287,447
4190: 4566
2882: 2020,3369,2254
2883: 1569,2061,3580,2275
2884: 3239,4307,2925
2885: 3036,4465,3802
2886: 2580,4031,1613,2859
4587: 1319,3957,111
2888: 1375,1161,4518,3188
2889: 332,3468,1008
2890: 1593,1502,1572
3991: 430,4814,3134
2892: 2607,878,978,4698
2893: 972,3229
2894: 1548,1519,4192
2895: 3207,1348,3034
2896: 4278
4812: 1082,4142
4203: 3963,1280
2899: 1332,1214,2264
4448: 
2901: 2486
2902: 2220
2903: 4747,2858,4820
3912: 578,396,505
4145: 849,4168,2159
2906: 4533,3250
4157: 1234,2782,4823,896
2908: 2110,3981,4634,1455
2909: 4061,4407,1458
4348: 
2911: 873,3720,1931,4809
2912: 4800,432,2647,1663,4426
2913: 1646,4305,175
2914: 148,2035,1153,1723,1150
2915: 4071,4450,1562,1419,1185
2916: 
2917: 854,1594,519,4306
4760: 3002,1423
2919: 2804,2272
4663: 1325
2921: 
2922: 685,2126
2923: 638
2924: 713
2925: 2884,3239,3614
2926: 723,663,3314
2927: 1654
2928: 3290,89,971,3640,3777
2929: 
2930: 1924,3449
2931: 2615,2949,153,2477
2932: 1260,4365,4755
2933: 381,488
4444: 4252,1185,4196,4723,1419,1883
4067: 4791,4707,1908
2936: 3700
2937: 3456,3447,3006,4805
2938: 1503,1431
2939: 2232,1828,1411
4088: 4244,4568
2941: 3559,459
2942: 
4376: 4818,4532,3567
2944: 2362,1372,4298,1796,1255
4797: 
2946: 
2947: 1220,386,876
2948: 4642,683
2949: 2931,823
2950: 2058
4583: 1122,1530,3696
4734: 2748,935,365,1441,3488
2953: 2613,4015
4117: 
2955: 3524,1191,4574
2956: 
2957: 3943
2958: 2329,2702,3851,2547
2959: 2442,2266
4275: 3783,1852
2961: 2841,515
2962: 1940,1203,4236
2963: 4666,1699
2964: 1143,804,4776,1415
4557: 1103,46,1802
2966: 3589,2435
2967: 1618,3681,1786,276
2968: 1854,2284,1499
2969: 2596,1216,2573
4230: 998,2837
2971: 758,4220,3003,1790
2972: 1921
2973: 4435
4413: 4767
4246: 2785,3802
2976: 1367
2977: 1545,1877,2814
2978: 367,1281,368,534,1605
4815: 2558,3727,1870,586,2697,3102,4002,3708,1016,52
2980: 2819,4257
4344: 
2982: 3398,2689
2983: 
2984: 3506,1332
2985: 2868,1935,3983
2986: 
4660: 4083,676,1928,4527
2988: 
2989: 987,3922
2990: 989,3199,1284
2991: 3432,4558,1218
2992: 
2993: 342,3134
2994: 1232,3585,1617
2995: 143,1385
2996: 3226,1533,1601,4166
2997: 226,899,386
2998: 261,861
2999: 2448
3979: 1423,1127,1639
3001: 4231,4207,2215
3002: 1639,4760,4551,1145
3003: 758,2971
3004: 2611
3005: 1410,776,97,4823
3006: 1071,4671,2937
3007: 
3008: 3664,1025
3009: 1211,2857,1161,305
3010: 1912
3873: 3115,1449,2051
3012: 3702,859,2080,80,4750
4541: 2733,3332
3014: 4312,3929,4655
3965: 858
3016: 1558,4678
3984: 
3018: 1599,1932,2657,4105
3019: 1424,3316,4313,3625
4135: 1662,857
3021: 2278,3907
4400: 2796
3023: 893,4422,4823,896
3024: 1219,4745,4352
3935: 1042,1859,4697
3026: 
4695: 3789
4614: 
4782: 
3030: 3457,4788
3031: 3963
3969: 547,844
4212: 428,4369
3034: 1348,2895,4367
3035: 2029,3725,2176
3036: 2885,2112
4216: 3503,3747
3038: 4261,3779,3893
3039: 
3040: 1328,3537
3041: 128,202
3042: 3827,4147,2115
3043: 
3044: 942,1927,294,3065,3546
3045: 3791
3046: 
4454: 3838
3048: 1276,4461,3620
3049: 1691
4630: 2721,2057,728,792
3051: 3958,908,1316
3052: 3621,4160,2029
3053: 
3054: 4041,1841
3055: 
4707: 1735,2346,4791,4067
3057: 51,2034,1439
3058: 361
3059: 3828
3060: 1421,3676,2810
3061: 3820,4201,80,609,4775,252
3062: 3674,1042,188
3063: 3616,1969
3064: 2620,2745,4798,1545,694
3065: 294,569,942,3044
3066: 2024,705,974
4409: 911,4564
3068: 717,730,344,3768
3069: 3447,2144,689,4671
3070: 1220,120,2740,4764
3071: 1958,4072,915
3072: 1592,2237
4613: 602,1179,4475,979,1430,3145
3074: 3408,3253
3075: 3915,1463,764
3076: 1254,3252,1532,938,2170,4601
3077: 2852
3078: 2693,1299
3079: 2003,2372
3836: 421,1136
3081: 865,282,3957,2121
3082: 765
3083: 1704,3972
3084: 3764,578,505
3085: 495,3332
4315: 868,1160,1663,3117
3087: 1562,1419,2526
3088: 2100,2249,511,3657
4447: 4816
3090: 54,3584,990,1584
3091: 1517,2338
3092: 4777
3093: 4502
3094: 4069
4762: 683,516
3096: 2809,3684
3097: 1687,1856,4593
3098: 3862
4703: 2736,3451,4231,2480
3100: 4051
3101: 
3102: 3328,2558,4815,4457
3103: 137
3104: 356,4365,4292
3105: 1883,4252,1226,1567
3106: 
3931: 844
3108: 2405,1202,2573
3109: 733,2136,3732
4047: 
3111: 1754,3178,2210,375
3112: 2112,3181,2612,4144
3113: 
3114: 3743
3115: 3873,1449,399
3116: 
3117: 1663,2738,4315,1160
4151: 
3119: 4592
3120: 2704,1658
3121: 2472
3122: 955,881,397,1283
3123: 
4701: 2458,4786,3222,3788,4729,4789
3125: 369,125,312
3126: 4084
4292: 43,4353,356,3104
4147: 3351,2115,3781,3827,3042
3129: 
3130: 1129
4127: 
4042: 4014,614,3960,1410
3133: 4555,2,3444
3134: 2348,3991,2993
4204: 2499
3136: 2126,99
3137: 2339,3537,2292
3138: 1550
3907: 3573,4545,3021
3140: 267,84
4790: 3542,463,1210,60
4542: 3524,4391,66,1095,4165
4731: 4279,347,1480,4439
3144: 3709,2500
3145: 1415,2719,4613,4475,1430
3146: 700,2282,1773
4146: 
3148: 3476,1998,3377
4233: 1560,187
4604: 2088
4706: 
3152: 4239
3866: 4555,1360
4605: 486,1297,3298,4805,4187
3155: 2108,2230,4589,2817,9
3156: 484,1995,1522,4538
3157: 2727
3158: 2368,4403,4798
3159: 340,4808,4199,3308
3160: 104,4780
3161: 3932
3977: 815,1037,3193
3163: 460,3201,270,3312,4816
3164: 4384,2627
3165: 2649,2344,2490
3166: 1502,32,1257,1951,3968
3167: 4267
3168: 206
3169: 1240,678,4589
3170: 2439,2169
3171: 2191,3766,2280,4725,144
4472: 4250
3932: 4389,3161
4296: 4017,4785,2701,2710
3175: 1991,3261,4477,4284,1791
3176: 1904,1742,1471,3531,584
3177: 1401,1774
3178: 3111,795
3179: 2546
3180: 2605,443
3181: 2612,4718,4144,3112
3182: 3609,1037,184
4214: 2359,518,2401
3184: 3519
3185: 419,2600
3186: 827,719,2331,1077
3187: 737,3638
3188: 3785,1507,4211,1375,2888
3189: 426,1342
3190: 12,477
3191: 1679,528,3881,643,3775,1432
3192: 575,3730,3532
3193: 2855,3977
3194: 4474,2645
3195: 2245,2359,518,2797
3196: 61,4768,3716,4330
3197: 
3943: 2957
3199: 4339,1647,2990,989
3200: 3601,4665
3201: 460,3163,4816,4505
3202: 707,2580
4232: 2800
3204: 1926,4593,1282,1511,3422
3205: 4169,4477
3206: 4566,4546,3360,4786,2666
3207: 1348,2895,4192,1548
3208: 1392,4798
3209: 387
3210: 1151,999,929
3211: 4261,3317,3509,516
3212: 
3213: 
3214: 1219,1318
3215: 4119
3216: 1961,3654,2206
3217: 2822,4578,556
3218: 3395,168,2441,4116
3219: 
3220: 3515,2482
3221: 4259
3222: 2666,3788,4786,4789,4701
3223: 2190
3224: 497,3633
3225: 2851,2850,4567,933,2068,3470
3226: 2996,1533,919,4166,4622
3227: 3846,4343,1732,2670
3228: 2111,4131,431,509
3229: 1829,2893,2776,2809
3230: 2068,3534,3470,289,177
4391: 4542,2748,4165
3232: 4118,66,2266
3233: 2636,2241,4455
3234: 1039,3790
3901: 455,3526,2783
4426: 1663,2912
3237: 
3238: 4513,1914
3239: 2884,2743,2925
3240: 3525,1170
4818: 1491,992,1678,3894,4376,3490,3597
3242: 1758
3243: 1053,2312
3244: 4539,1865,226
3245: 2864,457
3246: 3676
4423: 
4747: 2903,4311,4820
3249: 
3250: 2906,836
3251: 2630,4213,521
3252: 1254,3076,1532
3253: 3408,3074,486
3254: 
3255: 4501,2485,3399,4772
3256: 959,1592
3257: 834
3258: 303,3473,174
3259: 4334,3587,4197
3260: 3960
3261: 1991,4477,3175,1791
3262: 1873,412,3911
3263: 2150,4526
4437: 3620,2379,3512,1724
4359: 4156
3266: 4334
4075: 4405,1013,3344
3268: 4051,4019,941
3269: 2314
4769: 4534,1010,111
3271: 1486,414
3272: 3511
4642: 3509,2328,2948
3274: 4040,4432,2713
3275: 1675
3276: 
3277: 4373,4463,3326
3278: 4084
3279: 3379,2521,3972
3280: 1632,3617
4471: 3881,643,1738,4343
3282: 2268
4713: 2218,4772,3389,3605
3284: 491,100
4669: 2514
3286: 
4719: 1822,4678
3288: 3398
3289: 542,3605
3290: 2928,3640,189,2129,3777
4551: 1898,1145,3002,1639
3292: 55,3878,297
3293: 2446,472
3294: 3493,2306,4213
3295: 1703
4488: 1194,1476,646,2128,451
3297: 4243,2730,307,1032,3649,1944
3298: 1297,4805,215,486,4605
4738: 1512,2296,2251
3300: 1578
3301: 
3302: 581
3303: 1132
3304: 1017,2317,2366,2039,1937
3305: 886
4552: 804,3970
4097: 2583,1425
3308: 2860,4674,3159,340
4406: 1948,652
3878: 1445,3292
3311: 119
3312: 270,3163
3313: 4591,4063,692
3314: 663,2926,2225
4740: 4188,4226,4394
3316: 3019,3625,2513
3317: 4261,3211,4635
3318: 2339,3537,1302,1328
3319: 1383
3320: 1235,1171
3321: 2777,3344
3322: 3409,2052
4236: 1203,2962
3324: 4070,3874,669
3934: 
3326: 4032,3277
3327: 535
3328: 3102,3760,1919,3534,4457
4412: 303
3330: 1710,4458
4116: 1313,4065,3451,3395,3218,2441
3332: 4541,353,3085
4164: 3813
4167: 1997,3431,47,4474
3335: 4814
4533: 2906
4694: 955,218,1544
3338: 848,3860
3339: 1762,4238,4390,2100,3657,1677,4576
3340: 1623,176
3341: 4494,1404,795
3342: 4668,385,4646,4651
3343: 487,477,3926
3344: 3321,4075
3345: 
4742: 4055,1044
3347: 80,4750,4201
4386: 2592,369,1724,2531,1182,3410
3349: 832,1191
3350: 4626,4796,4623,2664
3351: 4147,2115,747,1516,221,1174
3352: 
3353: 3612,1943,1475,3601
3354: 763
4078: 3799,2186,4585,1540
3356: 462,1087
3357: 415,3981,3391,4634
3358: 4440,2686,3830,428,838
4058: 1763,4122,46,2177
3360: 4566,3206,4786
4536: 1738,1836,1980
3362: 291,4674,1983
3363: 4793
3364: 1125
3365: 2030,1030,2008
3366: 1259,1352,1234,2537
3367: 2828
3368: 3921,926
3369: 181,2882
3370: 2698,688,3974,337,4805
3371: 
3372: 4691,2535,2528,2823,958,417
3373: 1782,4115
3374: 891,4479,131
3375: 3840,970,2042
3376: 780,1007
3377: 957,3148,1141
3378: 2268
3379: 1164,3279,2521
4687: 
3381: 851,762
3382: 2529
3916: 2067,2149,635,4224
3384: 
3385: 2314,2412,1831
4714: 2606,1254
3387: 
3388: 92,4779,977
3389: 88,4772,2448,4713
4213: 2306,3294,894,2630,3251
3391: 1324,4634,4623,3357,2181
3392: 4512,2284,334,3465
3393: 4754,213,4558
3394: 558
3395: 168,3218,2441,3451,2480,4116
3396: 
3397: 
3398: 2982,3288
3399: 4079,4772,3255,4806
4291: 220,3692,2487,3874
3401: 2875
3402: 1838,2381,4020,543,2660
3403: 689,1071,4362,1776
3937: 
3405: 2146,1261,954,2699
3406: 
4755: 4210,1260,2932
3408: 3253,3074,4649,1175
3409: 3322,1935,2052
3410: 1685,4386,369,2531,2616
3411: 1572,4793,3692
3412: 3899,2246
3413: 1763,4122,2189,2231
4606: 4411
3415: 3667
3416: 1321,991
3417: 0,1941,3987,217
3418: 23
3419: 982,2139,3961
3420: 4333,422
3421: 
3422: 1511,1968,1638,3204
4149: 2588,1842,3811
3424: 3526
3425: 
4750: 624,3012,4100,4184,3347
3427: 
3428: 2626
3429: 2489
3430: 2721,4801
3431: 1997,4167
3432: 2991,1735
3433: 191
3434: 893
3435: 3695,3757
4256: 2859
4816: 4505,4447,3201,3163,3578,4170,4420
3438: 365,1441,456
4598: 2390,628,4109
3440: 
3441: 4247
3442: 
3443: 2576,551,598,437
3444: 1634,4555,3133
3445: 2777
3446: 285,1115,662
3447: 3069,1229,4671,2937,4805
3448: 1734,533,88,4584
3449: 1924,2930
3450: 
3451: 4703,2736,2480,4116,3395
4603: 4351,507
3453: 2322
3861: 
3455: 4765,4185
3456: 2937,190,4805,4187
3457: 3030,4788
3941: 34,4449
3459: 1028,3663,2273
3460: 4209,1106,2318,2101
3461: 3964,4285,2715,4128,2408
3462: 1268,898,2533
3463: 1429
4578: 2422,965,3217,556
3465: 489,3392,334,4544
3466: 2222
3467: 
3468: 332,2889
3469: 
3470: 2068,3230,3225,933
3471: 3860
3472: 4289
3473: 174,3258,3798,976
3474: 551,3623
3475: 4242
3476: 1998,3148
4821: 2528,2823,3714
3848: 1902
3479: 4218
3480: 939,2734,3964,4285
3481: 3744,408,968,2459
3482: 
4379: 3683,395,4753,1689
3484: 1980,935,3488
3485: 2229,1874
3486: 4564,4185,744
3487: 1619,2608,2327,2167,2403
3488: 528,4734,935,3484,1441
3489: 1025
3490: 3597,4818,992
3491: 2304
3492: 2627,699,1780
3493: 656,4758,3294
3494: 4166,3817,2275,592,919,1422
4758: 3709,656,4009,3493
3496: 3972,4242,4571,708
3497: 3750,2280,832,3766
3498: 2261
3499: 402,2878,2545
4478: 
4375: 1752
3502: 1848,2172,4500
3503: 478,4216
3504: 488
3505: 28
3506: 2352,2984,1332
4459: 1310,704
3508: 4274,3702
3509: 4642,3211
3510: 2582,1315
3511: 3272,4424,2869,1418
3512: 2379,3620,4437
3513: 
3514: 2792,4121,2037
3515: 3220,1096
3516: 
3517: 4267
4388: 4787
3519: 2372,3184
3520: 1224,563
3521: 2491,514,59
3522: 1390,4794
3523: 866,396
3524: 2955,4542
3525: 3240,748,1230
3526: 455,3901,3424
3527: 161,1251,1050
3528: 
3529: 
3530: 2106,3976,4385,86,4094
3531: 344,3768,1471,1904,3176
3532: 629,3192
3533: 
3534: 2068,3230,3328,4457,4616,177
3535: 
3536: 4503
3537: 3318,3137,3040,1328
4327: 4504,4173,3558,3832
3539: 3681,791,1786
3540: 1798
3541: 3571,964,675
3542: 463,1963,4790
3543: 4381,816
3544: 753,67,626
3545: 4724,1573,294
3546: 4724,3044
3547: 2639,4156
3548: 926,3921
3549: 4069,1521,19
3921: 3368,926,3548
3551: 2515,2450
3552: 2378,1737,1392,2501,814
3843: 3819,559
3554: 485
3555: 1817
4440: 2686,3358,428
3557: 2214,4562
3558: 1314,4327,3832
3559: 459,2941
3560: 1177,3584,2610
4668: 3342,385,1613,656
3562: 1956,2576
3869: 1277,2788,2495
3564: 2000
3565: 1954,3940,991,1115
3566: 330,169
3567: 1824,4532,4376,997
3568: 2227,4804
3569: 2693,1565
4431: 75,4087
3571: 964,3541
3572: 
3573: 3907,1825
4316: 620,404,1265
3575: 2072,1530
3576: 2145,57,155
3577: 4773,2207,1873
3578: 4170,4816,4061,2003,1253
3920: 448
3580: 2883,1770,532,1422
3581: 2781,751,4556,4811
3582: 4207,2215,210
3583: 4787,3677,2208,2754
3584: 3090,1584,1593,3560
3585: 1232,2994
3586: 2236,1250,218
3587: 2048,3259
3588: 4489,2661,2166
3589: 94,2083,2966
3590: 4610,3864,4411
3591: 4148,4648
3592: 1506,1315,1351
3593: 2752,1951,1701,3968
4803: 1104,633,952,3769
3926: 2665,487,3343
4385: 3976,3530,2695,905,1206
3597: 3490,4818,992,3894
3598: 
3599: 
3964: 3461,3480,4285
3601: 3200,3353,4665
3602: 2709,2568,4322
3603: 4554
4002: 4815,3708,52,584
3605: 542,4772,4713,2218,3289
3606: 
3607: 2364,975,2181
3859: 1776,1746
3609: 3182,4809
3610: 2792,1324,1455
3611: 4648,3956
3612: 3353,1943,289,1475
3975: 144,752
3614: 4307,2925,1892
3615: 745,4419,4269
3616: 3063,1969
3617: 1070,3280,4508,2233
3618: 1108,4496
4582: 2652,1708
3620: 4437,3048,3512
3621: 4160,3052,2029
3622: 2201
3623: 182,3474,354,4775
3624: 2718,4411
3625: 3019,1424,3316,4000
3626: 4311,2793
3627: 
4101: 4355,754
3629: 2524
3630: 148,2035
3631: 41,2031,538
3632: 1905
3633: 497,3224
3634: 
3635: 537
4673: 
3637: 2405,817
3638: 3187
3639: 1873,3980
3640: 3290,2928,89,3777,2817,2108
4003: 2215,210,1012
4546: 4566,3206,2666
3643: 248,772,883
4508: 1376,2233,3617,750,1070
3645: 2217,2386
3646: 1985,3800,1952
3647: 2806,1005
3648: 
3649: 1944,4100,4184,3297
3650: 173,1722,390,3722
3651: 2703,3661
3652: 
4770: 448,2182
3654: 1961,1944,4100,624,3216
3867: 
3656: 1899
3657: 2100,3088,2249,3339,4576
3658: 
3659: 
4688: 4765,4445
3661: 2703,4807,3651
3662: 
3663: 3459,2273
3664: 3008
3665: 2863
3666: 
3667: 1864,3415
4462: 2216,1965,1262
3669: 4172,2461
4199: 4808,1983,2157,3159
3671: 
3672: 995
3673: 960
3674: 3062,2877,1042
3939: 1875,1767,4711
3676: 3246,2255,2389,3060
3677: 2208,3583
3678: 
3679: 
4619: 2570,1859
3681: 1618,3539,2967
3682: 922,1570,1727,3733
3683: 4379,192,3719,4753
3684: 713,3096
3685: 1413,3734,2140,4272
3686: 1589
3687: 
3688: 4206
3689: 
3690: 1168,699
3691: 1474,1975,2736
3692: 2487,3411,4793,4291
3693: 4093,2439,2416
4263: 2419,705,255,1973,3844
3695: 3435
3696: 2072,1530,4583
4692: 1409,42
4588: 213,599,3948
3699: 625
3700: 2936,2348,2023
4751: 
3702: 3012,3508,4274,859
3703: 2675
3704: 2421,4215,411
3954: 1456
3706: 334,468
3707: 897,745
3708: 1016,52,4815,4002
3709: 4758,3144
3710: 1661
3711: 2595,2090,882
3712: 227,1916
3713: 
3714: 4821,673
3715: 1567,2256,1465
3716: 3196,4330,1678
3717: 
3718: 2838
3719: 2343,192,1053,3683
3720: 873,2911,2119
3721: 2220,1007
3722: 3650
3723: 3910
3724: 4336
3725: 2029,3035,321,848
4601: 3076,1532
3727: 1870,1146,1198,2697,2558,4815
4635: 4728,3317
3729: 4244
3730: 445,3192,575
3731: 205,4563,4004,1636
3732: 4464,2456,156,3109
3733: 1727,1770,3682
3734: 1413,3685,173
4800: 432,2912,2647,868,1746,254,1916,3821,2009,1485
4435: 2973
3737: 2553,1397,2137,2078
3738: 413
3739: 
4156: 1766,3547,4359
3741: 1385,1729,1391
3742: 1623
3743: 3114
3744: 3481,4090,968
4620: 
3746: 643,3775,4138
3747: 4216
3748: 
3749: 284
3750: 3497,4726
3751: 160,3919
3752: 1801
3753: 2005,4767,387
3754: 282,111,1010,5,1598
3897: 4063,1388,2213
4574: 1990,1647,2955
3757: 3435
4251: 4066,206,3884
4274: 3508,3702,4184
3760: 3328,1919,1575,2068
3870: 1106,2318,717,1879
3762: 2460,2286,27
3763: 438,2714,3769
3764: 2692,3084
3765: 1777,2634
3766: 2191,3171,3497,2280,832
4200: 3803,2378
3768: 344,3531,3068,4524,1904
3769: 952,3763,4803
4497: 1725
3771: 1189,1965
3772: 361,657
3773: 
4401: 762
3775: 3746,643,3191,1432
4085: 709,2669
3777: 1240,3290,2928,3640,2817,2108
3778: 1576,2010,1937,1897
3779: 1605,4261,3038
3780: 2455,2272,40,2216,4074
3781: 4147,1528
4218: 3908,1289,3479,927
3783: 4275,1462,2154
3784: 1968,1638,1108
3785: 3188,1637,4161,1405
4180: 1747,3882
4173: 4327,1912
3788: 2666,3222,4786,2458,4701
3789: 2382,4695,4126
3790: 4314,3234
3791: 3045
3792: 2175,2872
4513: 3238,1914
3794: 2133,1120,2205,2543
3795: 9,2230
4704: 696,1097
3797: 
3798: 976,3473
3799: 2186,4078,4585,4580
3800: 576,1952,904,3646
3801: 1410,1848,1740,4823
3802: 4465,2885,4246
3803: 4200,2378
3804: 897
3805: 910,159
3806: 4189,1052
4531: 702,774
3808: 570
3809: 1932,1267
3810: 2837,993
3811: 1842,954,4149
3812: 306,1765,1996
3813: 4164
4161: 1637,2056,3785
3815: 1768,225,25,2586
4609: 2816
3817: 4166,3494,3914,592
3818: 2729,4767
3819: 1858,3843,559
3820: 4201,2650,3061,609,252
3821: 1916,4800,2647
4005: 4102,2817,511
3823: 4328,1823
3824: 336,2483,691,4297
3825: 2515
3826: 2501,2745,2451
3827: 3042,4147
3828: 3059,2435
3829: 1793,2654,2353
3830: 428,838,3358
3831: 1303,4763
3832: 1912,4327,3558,4037,4814
3833: 1195,2778,1736,1070,1109