0: 1841,580,4773,3938
1: 3062,4520
2: 
3: 3187
4: 2556,3594
4202: 2643
6: 
7: 4164
8: 3247
9: 2866,1775,914,10
10: 914,1661,9
11: 4321,2595,1822
12: 2596,1736,1277
13: 2885,2871,2858,3603
14: 1093,3032,1314,3894
15: 2841,2271,235
16: 2198
17: 4155,3729,3809
18: 3259,300,2698,1023,2293
19: 4098,3718,587,2187
4334: 3200,4659,2013,3176,2851
4820: 981,3676
22: 1282,2399,3115
23: 301,1001,4772
24: 149,866
25: 3415,1613,4284
26: 2616,4705
4624: 1635
4800: 2398,3481,881,2726,2154
29: 
30: 1691,1724
31: 258,3410,770,1838,1593,3987
32: 4420,4380
33: 2827,3902,4643,2644,3788
4767: 2554,2881,3023
4097: 326,2837
36: 3629,3799,2409
37: 1192
38: 4086,1547,3657,4608
39: 4324,847,1336,4429
40: 3827,1993,2298
41: 2636,671,3925,4209
42: 95
43: 1470,95
44: 2179,3851,1759
45: 1545
46: 299,2668
4592: 2462
48: 853,1594,4768
49: 2547,469,933,1372,446
50: 2083,471,907,4569
51: 
4591: 1651,1562,4434,2549
53: 3476,182,2754
4341: 159,1488,2931
55: 865,3855,3807
56: 
57: 183,513,4192,958
58: 214,4183,3608,3434,3499,1091
59: 3903,3741,4565
60: 3947,499,3526
61: 805,2945,4594
62: 574,117,3932
4773: 1459,3938,0,1841,503
64: 1945,2981,4094
65: 357,3609,2825
66: 3294,2949,742,411
67: 
68: 3822,1040,4313,1103,3962
69: 3001,620,3604,2750,2346
4142: 4051,4180,2617
71: 1898,3135,2340,3232,893
4380: 4501,4420,32
73: 4512
74: 979,1558,2029,4522
75: 3215,3996,2342
76: 2707,1295,3294,868
4213: 3047,1694,4496
4721: 2972,2641,4737,1318
79: 4420
80: 2453,829
4609: 2533
82: 2423,4096,2515
83: 4769,1485,464,2546
84: 
85: 4075,658,4154
86: 4541,4678,1492,947
87: 
88: 2638,4479,1837
89: 3781,1419,1266,1284,282
90: 2260
4709: 1240,4044,3069
92: 1986,2440
93: 4717,1177
94: 1304
95: 43,1470,42,3548
96: 3743,120
4640: 246,3284,3849,304,2496
98: 2760,1677,491,1879
99: 2241,2510,506
100: 1779,1432
101: 3255,364,390,4615,4208
4468: 1077,2729
103: 
104: 
4017: 1967,975
106: 
107: 2024,1475
108: 3130,2068,2366
109: 4387,2211,4443,4720
110: 1840,2570,4147,4038,1012
111: 2682,623
112: 3327
113: 2688,352,984
114: 1746,1857,2957
115: 
116: 535,418,4400
117: 3885,3269,62
118: 2260,2010
119: 1301,3300,2285
120: 1915,96
121: 4776
122: 778,1298,2625,3638
123: 3792,1870,3152,623
4365: 3234,1774,2592
125: 1601,1681
126: 3711
4652: 2801,2780
128: 3463,2335
129: 
130: 2343,2152,1446,251
4811: 3062
132: 624
4280: 2952,588,1501,705
134: 2702,823,1297,2911,1958,949,3307
135: 3785,3777
136: 4796,1360,435,1252
4108: 
138: 842,231
139: 
4095: 2404
141: 3441
4661: 1855,3934,4648
143: 170,1352,160,2961
144: 4526,2420,4619,4369
145: 809,3646
146: 2414,2586
147: 1807
148: 250,1586,3077
149: 24,1472
150: 3474,4763
151: 2236
152: 2226,3192,3440,154
153: 2769,4235,4574,3149,3531
154: 2598,152,3192,3162,3440
155: 1715,490,3704,1205
4683: 1097
157: 2078,1794,3849,4723,4071,304
158: 4794
159: 929,4341,1642
160: 4714,170,143
161: 2411
4511: 1605,2260,4679
163: 3170,475,3607,4447,2759,1981
164: 2467
165: 2384,1133,4033
166: 2306,3923
167: 3940,4700,3283,3780
168: 497,4259,1560,1861
169: 4422,1876,2863,4743
170: 143,160,4656,3150
171: 2243,3926,3811
172: 872,972,1114,4344
173: 2004,2245,4323
174: 292,3582
175: 4607,2146,531
176: 
4206: 1385,3688
178: 1158
179: 3779
180: 
4013: 330,218
182: 4595,1563,53,1223,4101
183: 57,513
184: 
185: 3113,1812
186: 3937,1236,4477
4776: 1987,2719,121,2798
188: 2888,4534,4524,843
4684: 3094,3501
190: 2969,4803,4789,2361
191: 1179,2186
192: 4012
193: 3240
194: 1233
195: 2374,4821,4318,2800
196: 1724
4012: 192
4107: 2710
4044: 3859,1240,2239,1948,4709
200: 3465,2127,3471,4270
201: 3402
202: 4034,3521,3542
203: 1131
4598: 1837
205: 
206: 
4010: 2072,4212,4655,1493
208: 4782
209: 1509,1033,2487,4307,4580
210: 2496,1116,4222,4134,3358
211: 2924
212: 3547,2012,4293,4310
213: 4623,399,3935,3669,278,2375
214: 4183,58,427,3667
4651: 2611,4560
4483: 3834
217: 956,4628,2655,1856
218: 4013,2625
219: 2695,3413,3222,1287,3225
220: 321,2465
221: 692,1990,4228,1022,4028
222: 1953,1734
223: 1176,1757,1412,2094
224: 3502,3493,614
4232: 3126
4606: 508,719,1781,4812
227: 2984,2831,3447
228: 1540,426,1122
229: 1450
230: 2903,3494
231: 571,434,138
232: 3393,4810,4713,3217,4622
4036: 1712,3975,317,4559,4457,4659
234: 3022,348,803,1772
235: 15,2841
236: 
237: 3080,3547
238: 1286,4338
239: 2483,2990
240: 4539
241: 4290,3514,4697
242: 3035,658,4154,1678
243: 2190,4105,721,4786
244: 1008,4329,415,2277,2908,3267
4512: 73,3029,2022
246: 1326,3284,4640,3849,2496,4371
4790: 2008,1923,480,2470
248: 776
249: 
250: 1586,148
251: 2343,130,2141
252: 2025,2097,4065
4129: 694,4537,1896,4788
254: 1134,1651,473,2760
255: 965,2771,4476
256: 4555,3140
257: 3125,973,4276,2430,4818
258: 31,3410,3987,2325,1052
259: 3926,2103
260: 810,4189
261: 
262: 397,3162,2598
263: 2493,817
264: 1041,2951,2439
265: 4195,4003,1726,3917
266: 2079,1089
4734: 1262,2484,2566
4256: 958,513,1030,3322
269: 938,1639,3963
270: 4440,1079,550,1522,498,1432
271: 606
272: 876,2066,2877
273: 4293,2153,1461,2433
274: 1082,4403,1115,3022
275: 
276: 2628,3943,526
277: 3026
278: 3669,2823,213,2375
4654: 4762,1566
280: 1781,500
281: 1928,1078
282: 1284,4391,4161,1419,89
4177: 3288,4136
284: 4223,4048,3325,2128
285: 793,1769,3341,4590
286: 
287: 2282,596
4491: 1359,1944,3349,391
289: 
290: 3975,317,3230,2734,2600
4610: 1564,2609,3106,4765,4062
292: 174,3582,1211,3012,3284
293: 4782
294: 4792,4799,688,821
295: 
296: 3705,2896,3676,981
297: 769,2853,2691,338
4582: 
299: 2668,4045,46
300: 3259,18,1112,2698,570
301: 23
4595: 1853,182,1563,3209
303: 1423,646,2831,3925
304: 4071,1116,157,3849,4640,2496
305: 3936,1839,3877,1956,3687
306: 4717
307: 2442,718,3936
308: 2874
309: 3271,2942
4805: 2545,836,652
311: 492,4461,1033,2633,2487
312: 895,1687
313: 1258,3279,4786
4642: 4674,414
315: 3988,4079,2068
316: 1841,3110,4207,2210,3508
317: 1712,3975,4036,290,1228,2600,789
318: 3620,3602,4061,3593
319: 3959,3878,3395,4005
4030: 1043,1054,2571,4774,3273
321: 220,1369
322: 1341,2861,640,3403
323: 3152,2646,2231,2714
324: 
4123: 2330,3898,1398,2204
326: 4097
327: 1004,1246,2247
328: 1896,3111,2326,4130,2086
4374: 1966,3445
330: 4013,2591
331: 4482,3536,2879,4442
4413: 2449,791,3744
333: 4812,719
334: 1721,2523,4154,1678
4068: 1283
4625: 2121,1449,3328,3252,3408
337: 1462,2432
338: 2691,297
339: 619,3646,2514,1663
4612: 2016
341: 
342: 3466
343: 4737,2646
344: 1849,2563,1995,3601,726
345: 3588,3732,3602,3620
4486: 2284,3725,2037,3139
347: 1323,2517,549
348: 3022,803,234,3767
349: 1939,1702,4685,4795
350: 2209,3536,1511
351: 
352: 1512,2688,113,882
353: 
354: 
355: 4281,4220
356: 876,660,403
357: 3609,913,65
358: 670,2510,4285,3280,3173
359: 2058,2010
360: 573,922,2213
361: 
4490: 1885,723,3169
363: 3447
364: 3255,101,2772,4208,4618
365: 2865,3372,766
366: 1303,1144
4384: 2471,1803,1874,1893
368: 2648,1922,4253,4435
369: 
370: 4793,2469
4364: 4797,3002,2979,707
372: 2346,620,3702,751
4447: 3607,3392,163,3626,1981,3584
374: 4523
375: 586,4655,1638
376: 4422,1876,2854
377: 
378: 541,1253,837,2980
4580: 3750,4672,1033,209
380: 4601,4750,1436,1862
381: 3504,4599
382: 1472,3309
383: 2310,839,527,3745
384: 2784,2720,4179
385: 3576,1506,1715,490,1243
386: 4204,3774
387: 437,912
388: 1409
389: 4808
390: 4615,101,4208
391: 4491,1359
4605: 3531,1520
4403: 274,3180,1082,1404
394: 4819,3183
4267: 940,4187
396: 482,450,4798,1868,3675
397: 262
398: 1039,1930,578
399: 4623,213,1524,3935
400: 
401: 426,1621,3461,1540
402: 1020,3545,4308
403: 4600,356
404: 1165,3500,2229,4329,415
405: 2745
406: 1633
407: 1083,1189,2771,1925
408: 2869,2295
409: 1456
410: 4620,4295
411: 66,4770
412: 1428,982
413: 458
414: 4642,4674,4658
415: 1008,4329,244,2229,404,1165,3817
416: 1531
417: 2872,2199
418: 116,4400
419: 3845,2034,3794,4258,1354
420: 665,1848,4758
4533: 1216,1202,737,3323,3065
422: 606,1670,4218
4722: 1983,816,2988,4635,4246
424: 830,1044,1045,4724
425: 
426: 756,401,228
427: 727,214,2080,3667
428: 4526,3432,3846
429: 3484,2599
430: 
431: 4033,1959,2686,1133
432: 4146,439,3956
4713: 4810,579,1609,232
434: 231,571
435: 2372,2634,1252,136,1360
436: 2336,1871,1878
437: 387
4233: 2023
439: 432
440: 3661,3143,2742
441: 3840,557,4167
442: 1739,4649,3146
443: 2784,1772,2720
444: 947,3985,3545,4308,891
445: 3075,2008
446: 3559,1372,1206,49
447: 4229,2559,3389,3860,3686
448: 2807,3652,2271
449: 1435
450: 396,482,1362
4740: 2528,2918
452: 2728
453: 
4733: 540
455: 4678,4774,1597,3550,984
456: 900,2928,2508,3766
457: 784,1852,2578
458: 413
459: 2691,3153,2858,2853,3962
460: 2454,597
4665: 4455,3827
4450: 1215,4723,2208,3583
463: 4632
464: 83,2546,2415
4451: 2052
466: 4050,752,1706,4710
467: 
468: 1999,1052,564
469: 2547,49
470: 
471: 2083,50,1075,1092
472: 
473: 4149,1647,1651,254,2760
474: 594,544
475: 4806,163,3981,4093,3607,978
476: 731
4337: 3667,3409,1528
4596: 1869
479: 1162,4577
480: 4790
481: 1256,1434
482: 396,450,4543
483: 
484: 1835,1965,832
485: 3539
486: 4725,2934,2205
4574: 4235,153,2818,1520
488: 
489: 1871,1878
490: 1715,155,2886,1205,1243,385
491: 4149,2635,2724,2760,98,1879
492: 311,4461,1033,4810
493: 4391,1376,4534
494: 2485,1045,2640,4427
495: 1831
4510: 1021
497: 168,4259,1032
498: 1069,270,550,1522,1432
499: 60,3947,3526,2937
500: 1754,2086,3630,280
501: 3088,3796,1618
502: 3243,4657
503: 3882,732,1459,4773,1247
504: 1253,2678,2422
505: 3998,3229,4353
506: 3359,2510,99
507: 2250
508: 4606,4812,4236
509: 1027
510: 4444,4663,4817
511: 1020,618,723
512: 4467,3789
513: 183,57,958,4256,1030
514: 1914,2514
515: 3518,4646
4079: 315,3988,3897
517: 921,3894
518: 2982,2597,3172,1551
519: 1765,1458
520: 1753
521: 1556,3136,2203
522: 659,2388,3634
523: 4578,3389
524: 3853,2689,2994
525: 763
526: 2009,276
527: 1245,2455,839,383
528: 
529: 3144,1448,2580,1265
530: 1119,2528,4377,2918
531: 1514,3028,175
532: 4076,1662
533: 
534: 1855,816,4635,2177
535: 116
536: 4037,564,2980,3806,3017,4441
537: 2530,3950
538: 2481,1451
539: 
540: 4733,818,785
541: 378,3035,1678
542: 4167,4802
543: 2645
544: 788,594,474,4274
4410: 674,3181
4327: 4131
547: 2520,3780,4823
548: 2225,3009
549: 1323,347,4117,2466
550: 270,4440,498,975,1432
551: 1026,3563,1848,1037
552: 
553: 3223
554: 
3994: 
556: 4645,3410,770,3331
557: 4594,441
558: 4777,3513,3700,1226,3100
559: 3971,1911
560: 2469,4552,731,4793
561: 1042,3158,860,2947,2568
562: 2373,2315,3847,4529,2745
563: 
564: 536,1999,468,3806,4785
565: 2062,4106,4009
566: 1350,4227,2163
4653: 986,4231,4791
568: 2424,1032,2852
569: 3272,3074,2273
570: 3543,1112,300,1272
571: 231,434
572: 1369,4772
573: 2664,3760,4739,360,1378,922
574: 62,1204,910,1394
4803: 2969,190,2361,2817
4093: 2176,1570,3981,475,3607,978
4823: 1795,547
578: 1845,1039,398
579: 669,2443,4713
580: 1840,1031,1012,0,3938
581: 1621
4041: 2017,4223
4699: 1576
4071: 4023,1116,304,2078,157,3737,4723
585: 
586: 2419,375,4655
587: 3494,19,2187
588: 4280,2952,2660,1501,2664,2562
589: 3120,959,2307
590: 3051,1410,2306
4397: 4366,3713,1252
592: 2676,799
4466: 1129,1107
594: 474,544,4274
595: 
596: 287,3661
597: 1269,460,3622
4566: 
4770: 4209,742,411
4383: 3432,3846,3906,1226
4570: 
602: 2407,2569
603: 3302,2039
4552: 731,2027,2777,560
4531: 3640,3138,775
606: 422,3989,1212,271
607: 1624,3838,616,1390
4514: 1427
4572: 2096
610: 3280,4589,3681
4161: 1419,282
612: 4730
613: 
614: 3493,1466,224
615: 4282
616: 3482,607,4765
617: 
618: 2159,2543,511,3299
619: 339,2514
620: 4496,69,2346,372
621: 4780,1330,3821
622: 4208,4618
623: 111,123
624: 132
4276: 3125,257,4818,2051
4222: 4134,1116,210,1679
4155: 4361,17
628: 4055
629: 
4477: 3857,186,1236,3354
631: 3672
632: 1616,4627,4792,4799,4399,3405
4679: 1605,4511
634: 3167
635: 2400,2586,4460
636: 2463,3516
637: 1061
638: 3072
639: 2715,3290,2697,685,2151
640: 663,322,2861,2931
4197: 2098
642: 
643: 2515,3820,1038,4602,4784
644: 2027
645: 4575
646: 3472,1423,3884,303
4480: 1920,2262
648: 2083,1685
4528: 2713
650: 
651: 3114
652: 891,2601,836,2545,4805
653: 813,3101,4742,3727
654: 
655: 2883,3690,4741,1458,1011,2833
656: 3295,4470,4430
4245: 2961,3336
658: 4154,242,85,4075,1836
659: 522,3634
660: 876,356,1697,4473,2066
3995: 2397
662: 
663: 3833,1255,640,2114
664: 3250,4813
665: 3330,420,4758
666: 
667: 3092,1908,1242
668: 1560,795
669: 579,1011,2443
670: 358,2510,4285,2241
671: 2636,41,2967
672: 2187,4414,3718,979,3860,1558
673: 3844,1218
674: 4410,4530,2436
4812: 333,2631,4606,508,719,4236
4530: 674,2436
677: 
678: 3479,2133,1732,3619,2070,2535
679: 784,1815,2500
680: 3629,3812,4414
681: 2878,2826
682: 1754
4343: 4634
684: 804
685: 2151,1241,639
686: 2286
687: 2363
688: 4408,821,294
689: 1071,3517
690: 2398,3463
691: 4287,4555,741
692: 3087,221,4567,4228
693: 
694: 3056,4537,2326,4129,4788
695: 4473,2597,1920
4347: 3421
4720: 109,2211,2063
698: 1363,2700,771,4324
4184: 3241,3649,4421
700: 
701: 2442,2746,1956
702: 2129,3198,1649,766
4414: 672,3812,1558,680
4377: 2528,2229,530,4329
705: 4280
706: 1536
707: 2796,4364,3002,4279
708: 726,3601,3210,1599,3164
709: 2649,2759,3626,1981
710: 2825
4589: 3280,610,1985,3173
4146: 432,2000
713: 4764,1735,2304
4745: 3498
4669: 
716: 4275
717: 2614,4424,3901
718: 307,2442,2779
719: 4606,333,1781,4812
4420: 79,4380,32
721: 2158,4105,243,4786
722: 1822,1802
723: 511,4490,3169
724: 
725: 1191,4457,2344,3975,3230
726: 708,1073,3601,2563,344
727: 427,3436,843
4821: 2374,4289,195,2746,2800,3215,2342,3505
729: 1395,3465,2581,1106,900
730: 4498,3663,2021,2478,3665
731: 4552,2027,560,476
732: 3882,503,1397,1247
733: 2759,2574,1445,3170,4562,3411
734: 4553,3649,4700,3084,1659
4554: 1526,2604,830
736: 4673
737: 2155,2654,2738,4533,1202
738: 1330,4675
739: 1649,3935,4398
740: 4727,4359
741: 691,2610
742: 2636,66,4770,4209
743: 
744: 2370,4499,1260
745: 4597,1391
4357: 2049,4185
4361: 4155
748: 
749: 4366,2397
750: 3328,3408
751: 4712,4462,372
752: 466,4050,4636,4409
753: 2902,2220,1828
754: 
4409: 4636,3513,4050,752,3100
756: 2102,426,924
757: 4236,827,3457
758: 977,3453,2290,4319
759: 4539,4692
4253: 4747,4435,368
761: 
762: 1078,2882,2965
763: 525
764: 
765: 2012
766: 2823,702,365
4643: 2827,3902,33,4109
768: 
769: 297,1086
770: 31,3410,1593,4173,556
771: 4286,698
772: 796
773: 2838,4507
774: 2035,3150,1046
775: 1957,4536,1476,4531
776: 248
777: 3712,1952,1184
778: 122,1298,1098
779: 
780: 
781: 
782: 
4687: 3919,1416,2385
784: 1852,457,679,2500
785: 868,1295,540
786: 2186,1291,1036,3984,2505
787: 1650,2033
788: 544,4182
789: 1780,1228,1712,317,4559
4340: 2595,3016,4109,1822
791: 3744,3015,4413
792: 4795,3556
793: 285,1769,1181
794: 3366,2986
795: 2488,668,3064
796: 772,3098
4060: 4694,2432
4502: 4774,1064,2571,1739
799: 2676,592,3316
800: 
801: 1202,4738
802: 
803: 348,234
804: 684
805: 61,2810,2945
806: 
807: 963
808: 3838,2748,1498,3103
809: 2937,1288,145
810: 4189,260
4583: 4063,1570,3014
4479: 3185,969,88,1837
813: 653,4607,1054,4742
814: 
815: 3366
816: 4722,1983,534,4635
817: 2493,263,2319,3266
818: 1295,1175,540
4475: 2629,3530,3722,4332
820: 2308,3289,2890,3664
821: 688,294,4799
822: 1908,2107,2555
823: 2702,134,1297,2137,2911
824: 3889,4225
825: 
4167: 542,441
827: 757
828: 2556
829: 80,3441
830: 424,1044,1526,4554,4724
831: 4630
832: 1835,484
833: 3452,4782
834: 
835: 
836: 2601,652,4805
837: 1999,1253,378,2980
838: 3832,1445,2359,4576,3725,4562
839: 2455,527,2310,383
840: 2456,2419,2941,4272
841: 2882,2641,1764
842: 138
843: 1503,1748,188,727
4214: 992,1329,1973,2847
4050: 466,752,1706,4636,4409
846: 3636,4163,2279
847: 39
4716: 3954,3916,1169
849: 
850: 
851: 3362
852: 
853: 1594,48,1607,1499
854: 3694,2041,4815
855: 
856: 2481
857: 1869,1176,1757,1068
858: 4754
4250: 4419,4119
860: 1260,561,2568
861: 3380
862: 
4622: 3584,1282,3217,232
864: 3446,4634,4686,3879
865: 55,943,950,1170
866: 24
867: 1244
868: 785,76,1295,3294,2949
4433: 
870: 1557
871: 1598,1906,4787,1227
872: 172,2723,4804
873: 4039,2680,4779
874: 2401,2483,3372
875: 2084,3645
876: 356,272,660,2066
877: 2655,956,1476,3640
878: 2953,2613,1878,3553
879: 4682,3573
4022: 3469,2466
881: 3481,4800
882: 2257,1512,352
883: 4813,2000,4348
4521: 1350,2163
4794: 158,3680,1336
886: 3397,1004
4255: 
888: 4549
889: 4492,2981,2161,1293
890: 2275,1540
891: 652,4308,444,3985,2601
892: 2841,2914,4685
893: 3232,1898,71,2340
894: 3319,4727,1613,4318
895: 312,1075,1687
896: 4657,2001
4488: 3785
898: 4429,3907,2829
899: 
900: 2581,456,729,2127
4695: 
4816: 3738,2832
4264: 1701
904: 953,1539
4663: 510,1256
4808: 389
907: 2083,50,4569
4671: 2916,3220,2937
909: 
910: 1394,3809,1801,574
911: 1245,4476,965
912: 1309,387
913: 357,3609,3251
914: 10,3403,3264,9
915: 1622,1127,1556
916: 2619,2117,4118,3873,3822
917: 4086,1547,3259,1762,2773
4295: 4620,3864,410
919: 1533,1608
920: 1971,3182
921: 1617,1398,4330,517,2204
922: 2619,1378,2213,360,573
923: 2276,2109,3481
924: 4613,2892,756
925: 1626
926: 966
4636: 4409,3513,2420,4050,752,4369
4088: 2665
929: 1850,159,3074,1642
930: 1086,3496,1909,3746
931: 1844,1031,3728
4544: 4178,1720,1770,3881,2670
933: 3264,1632,1372,2547,49
934: 1155
935: 2224,3997,1175
4064: 2971,3330
937: 2608,2813
938: 269,3295,2811,2662
939: 1136,4426
940: 4267,1384
4104: 
4163: 1884,2391,846,2279,3379
943: 865,1277,1249
944: 2904,2226,4508
945: 2624,2268,1538
946: 3770,1728
947: 444,3985,86,4190
948: 3416,1861,3803,3064,2930
949: 2984,1958,134,3307
950: 1482,3169,865,1170
951: 
952: 4423
953: 1629,904,1539
954: 2756,4561,2738,2155
955: 3720,4809,1695,3361
956: 217,877
4656: 2035,3150,1046,2589,170
958: 4192,4256,57,513
959: 3120,589,1542
960: 
961: 1139,1201
962: 2303,1577
963: 2042,807,2996
964: 2001,3645
965: 255,911
966: 926
967: 2185,1002,3131
968: 3787,1528
969: 4815,988,1292,4479,3185
970: 
4321: 11,4492,4094,2161
972: 1114,172,4344
973: 3125,257,2430
4607: 2146,175,813,1054
975: 4017,1967,1970,4440,550
976: 2620,2983,2373
977: 3453,758,2290
978: 3607,3392,4093,2176,2443,475
979: 3860,1558,3686,74,672,2029
4714: 1815,160
981: 4820,296,3676
982: 412
4062: 4765,3106,4610,3477,2764
984: 3550,1745,455,113
985: 3220
986: 4653,4791,1217,3104,4621
987: 2796,4031
988: 969,4815,1292
4550: 2124,3789
4150: 1110,1611,3124,4286,3761
4501: 3489,4380,1291
992: 4214,3363,4463
993: 2850,2786,2458
4809: 3458,4304,4781,2421,1695,3720,955
4007: 1675,1710
996: 2378,3544,3228
997: 1088,3642,1635
998: 4704
999: 4702,2300
1000: 4376,1865,1774,3569
1001: 1541,2050,23,4772
1002: 2185,967,3131,1784
4525: 1473,3654,4763
1004: 2287,327,2247,886,3060
1005: 4421,1268,1602
1006: 3098
1007: 1435,1224
1008: 4329,244,415,1393,2908,3267
4209: 4770,1028,742,41
1010: 2662
1011: 669,4741,655,2833,1609
1012: 3755,110,1840,580,3438
1013: 2710
1014: 
1015: 2610
1016: 1539,1346,1174,3785,2241
1017: 2913
1018: 2522,1827
1019: 4559,2013,1780,2392
1020: 511,402
1021: 4510
1022: 4028,3484,221,1198,1029
1023: 3259,18,4680,4416
1024: 3015
1025: 2752
1026: 1296,3563,551,1799,4797
1027: 509,1581
1028: 4209
1029: 1860,1198,1022,3484,2857,3800
1030: 3322,4256,3510,513
1031: 1840,580,931,3728
1032: 568,2424,497
1033: 492,311,2487,4580,209
1034: 4739,1040
1035: 
1036: 1291,786,3984
1037: 1756,551
1038: 643,4602,2966,4200,4788,4784
1039: 398,578
1040: 68,1034,1103
1041: 264,1224,2951,2439,2590
1042: 3158,561,1789,1491
1043: 4030,1054,3269
1044: 4241,1526,830,424
1045: 2485,494,424
1046: 2589,1506,2035,774,4656
1047: 
1048: 3106,4210,1153,3477,4096
4109: 1822,4340,3902,4643
1050: 2943,2718
4207: 3110,3438,316
1052: 1999,2325,258,468
4487: 
1054: 1043,4030,4607,813,4742
4316: 3497,2116
1056: 
4641: 3321,2092
4623: 213,399,2375
4290: 241,4697
1060: 2003,3395,3875,3959,4339,3195,3786
1061: 637
1062: 2140,2106,2934
4313: 2871,3153,4118,3822,68
1064: 1683,3932,1739,4774,4502
1065: 1196,1618,3712,3930,2722
1066: 2765
1067: 3881,2670,1475,1738,2024
1068: 2019,857,1757
1069: 498,2471,2337
1070: 2321,4363,2191
1071: 689,3456
4704: 998,2248
1073: 726,2563,2175,1272
1074: 1441,4116,1853,2868
1075: 471,895
1076: 3175,3518
1077: 2030,4468
1078: 1928,281,762,1164
1079: 270,4440,1522,3830,2256
4748: 2855,3270
1081: 1727,4638
1082: 274,3180,4403
1083: 407,1938,1925
1084: 4725,2934
4454: 4059,2534
1086: 930,3496,1180,769
1087: 3855,4799
1088: 997,3642,1946
1089: 2179,266
4408: 688,1583,3353
1091: 3105,3608,3042,58
1092: 471,1278,2378,3544
1093: 14,3560,3418
1094: 2435
4350: 1257,4312
1096: 4057,4151,3973,4305,4701
1097: 2138,4683,2014
1098: 1214,3638,778,4807
1099: 3337,1494
1100: 3226,2603
1101: 1828
1102: 1826,2486,2196
1103: 2853,3962,68,1040
1104: 2922,4573
4444: 510,2111
1106: 3095,2581,1395,729
1107: 4690,4466
1108: 3254,2700,1578
4026: 2341,3613
1110: 1611,4150,3589,3124
1111: 2634,2752,1135
1112: 2361,2817,2698,1849,3543,570,300
4673: 736,2874,4242
1114: 972,2171,1811,172
1115: 4373,1239,274
1116: 4071,4023,304,210,4222
1117: 1250
4223: 2017,4041,284,4048
1119: 2277,530,4573,2072
4590: 3233,1373,285
1121: 2045
1122: 1765,228,1455,2669,4613
4568: 
1124: 3450
1125: 
1126: 1546,1169
1127: 1548,2826,1622,915
1128: 
1129: 4466
1130: 
1131: 203
1132: 
1133: 165,431,1581
1134: 254,1677,2769
1135: 2338,2634,1111
1136: 939,4542
1137: 1734,3145,2112
1138: 1793,1146,1216
1139: 961,1201,4019,3109
1140: 4171,2846,3648
1141: 2820,1405,3737,1215,2208
4782: 1778,208,293,3452,833
1143: 3008
1144: 366,1564,3482
1145: 1844,1577,3178,3577
1146: 1138,1793,1216,3564,3941
1147: 
4692: 759
1149: 4302
1150: 3761,4784,2983,2620
4818: 1382,257,4276,2051
1152: 1254,4388
1153: 2488,1048,2099,4096
1154: 2544,2703
1155: 2602,934
4333: 3241,4712,4462,2501,3163
4506: 
1158: 178,2073
4551: 3480,1198
1160: 2119
4495: 
1162: 1811,1859,4577,479
1163: 3277,2227
1164: 2972,1078,2090
1165: 404,3500,3817,415
1166: 1310
1167: 3492,1771
4615: 390,3255,101
1169: 1126,4716
1170: 3836,3807,950,865
4484: 1481,3943
4597: 745
4296: 1509,3196,3292,4311
1174: 3785,3777,1346,1860,1016
1175: 818,1295,2280,935
1176: 223,857
1177: 2397,2166,93
1178: 3821
1179: 191,4563
1180: 1086,3496
1181: 2820,793
1182: 
4132: 2267
1184: 2910,4540,2362,777
4014: 4500
1186: 3141,2620,4314,2373
4400: 2180,418,2550,116
1188: 
1189: 407,2771,1925,1630
1190: 4121
1191: 4457,3176,725,2344,4567,3087
1192: 37
1193: 4008
1194: 1425,3296
4393: 
1196: 3796,1618,1065,2353,3081,3712
1197: 3814
1198: 3480,4551,1022,1029
1199: 3840
4229: 447,3029
1201: 961,1139,4009
1202: 4533,801,2654,4738,737
4424: 2768,2457,717
1204: 574
1205: 2886,2191,155,490,1243
1206: 4221,446,3559
4439: 2967,2722
1208: 
1209: 2899,1296,3563
1210: 
1211: 1604,3734,3297,292,3582
1212: 1880,606
1213: 1417
1214: 1098,1790,1666
1215: 3737,4723,4450,2208,1141
1216: 4533,3564,1138,1793,3065,1146
1217: 4791,986,4621
1218: 3786,3746,3227,673,3844
1219: 2558,3302,4648
1220: 4798,1868
1221: 2975
4539: 240,759
1223: 4101,3608,182,1563,3434,1888
1224: 1007,1041,2439,2590
4187: 4267
1226: 3700,4383,3432,558,1657
1227: 4787,871
1228: 2600,789,4660,317
4681: 2778,2079,1753
1230: 3856,2595
4613: 924,1765,1122
1232: 1708,1400
1233: 2179,194
4391: 1284,282,493,4534,3071,3801
1235: 
1236: 186,2727,3260,4477
1237: 
1238: 3258,4373
1239: 4373,1115
1240: 3859,4044,3756,4709
1241: 4002,2851,685
1242: 2107,1908,667
1243: 2589,2886,1205,490,385,1506
1244: 867
1245: 911,527
1246: 327
1247: 1524,503,732
1248: 2713
1249: 2596,943
1250: 1117
4672: 4580,1509,1617,4330
1252: 4397,2372,435,136
1253: 504,837,378
1254: 1152,4470,1833
1255: 663,2861
1256: 481,4663
1257: 4350,2613
1258: 3343,313,4786,1907,1928
1259: 1991,2708,3474
1260: 860,4499,1491,744
1261: 3424,3053,2045,4780
1262: 2484,4734,1706,2566,4710,2959
4685: 3719,1702,892,349,2914
1264: 
1265: 529,1448,2580
1266: 1957,1419,89
3997: 2224,935,2744
1268: 3063,1602,3241,4421,1005
1269: 597,3622,3234,2671
1270: 3826,1670,2632,1390,1624
4234: 3971,3085
1272: 2175,1762,2563,3543,570,1073
1273: 
1274: 2388,2507
4362: 2173,3369
1276: 3693,2207,4751
1277: 12,2596,1736,943
1278: 1092,3544
1279: 4072,3919,2899
4354: 1739,2174,3617,4151
1281: 4098,3664,2559
1282: 22,3217,4622
1283: 4068,1580
1284: 282,4391,89,3781,3801
1285: 
1286: 238,4690,4338
1287: 3222,3788,2695,219,2827
1288: 4288,3526,809,2937
4693: 3341,4708,1769
1290: 
1291: 4501,786,2186,1036
1292: 1500,2950,969,988
1293: 889,3370
1294: 3016
1295: 818,1175,76,785,868
1296: 1026,3563,1799,2899,1209,3753
1297: 2702,823,134,2402,2137
1298: 122,778,3207
4203: 2875
4040: 
1301: 4784,3820,119,2285
1302: 4363,3478
1303: 366,4553,1659
1304: 94,2387
1305: 
1306: 4164,3978
4505: 1919,2918,4573
1308: 1729
1309: 2630,912
1310: 2050,1166,1541
4359: 4775,4727,740
1312: 2737
4066: 
1314: 2349,3894,3032,14
4318: 3415,3319,894,195
3996: 2800,3215,2450,3671,75
1317: 1497
1318: 2189,4721,4737
4179: 384,4114
1320: 4090,2881
4160: 2752,3184
4725: 486,2934,1510,1084,2205
1323: 347,2517,4117,549
4293: 273,212,4310
4620: 3221,3864,2509,4295,410
1326: 246,3284,3110
1327: 4278,2250,1662
4182: 1998,2017,788
1329: 4214
1330: 3821,738,621,4675
1331: 
1332: 3307,2021,3663
1333: 
1334: 
1335: 
1336: 3680,4429,3907,4794,39
4171: 1140,1707,2801,3648
1338: 2925
4815: 969,988,854,3850,3185,1771
1340: 1669,1942
1341: 322,2861
1342: 3520
4658: 4674,414
1344: 
1345: 
1346: 2857,1860,1016,1174
1347: 
1348: 3476
1349: 
1350: 4521,566
1351: 4325,3653
1352: 143,2961,1689
1353: 2906
1354: 2627,4258,419,3315
1355: 2904,2367
1356: 
1357: 2721,2479,2153,1461
4404: 1681
1359: 4491,3349,391
1360: 4796,136,2993,435
1361: 
1362: 450,2716
1363: 2700,698,4314,3847
1364: 3970
1365: 1710,1675,1690
4712: 4462,751,2520,4333
4694: 4060,3006
4210: 1048,3106
1369: 572,321,3716
1370: 1500,2270,4392,4633
1371: 4016
1372: 3977,933,49,446
1373: 4590
4154: 658,242,1678,334,85
1375: 4548,4219
1376: 2888,4534,493
4523: 2538,374
1378: 2619,922,573,4739
1379: 
1380: 2392,2629,4002,4332
4804: 3639,2723,872,4437
1382: 4818,2181,1859,2051
1383: 4436,4743,3040
1384: 1488,2551,940
1385: 4206,3688
1386: 3878,3044,3315
1387: 1686,2974,1479,3449
1388: 1856,4125,4252,1732,2655,3775
4356: 
1390: 3482,1270,2632,607
1391: 3382,745
1392: 3616,2764,2360,1961
1393: 4428,2037,3139,3817,1008
1394: 910,1646,574
1395: 3465,729,1106
4415: 3569
1397: 3882,732,4619
1398: 1617,921,4123,2204
1399: 1963
1400: 1708,1232
4419: 4119,4250
1402: 2143,1872
1403: 
1404: 3104,3180,4403
1405: 2208,2130,1141
1406: 1731,2172,4103
1407: 4069,4802
4106: 4009,565
1409: 388
1410: 1864,4637,590
1411: 4532,3948,1836
1412: 4768,223,2094
4603: 3580,3509
4723: 3737,1215,4450,2078,157,4071
4329: 1008,244,415,2229,4377,404
1416: 4687,2729,2385
1417: 1213
4114: 1682,4179
1419: 4161,1266,282,89
1420: 3528
1421: 
1422: 2366,4667,3431
1423: 3472,646,303
1424: 3628,3055,4181
1425: 1194,3977
1426: 
1427: 4514
1428: 412
1429: 3884,4540,1952
4074: 2181,2659
4055: 4427,2640,628
1432: 2552,270,550,498,100
1433: 2746,1637,3505,1440
1434: 481,1926
1435: 1007,449,2684
1436: 380,1862
4072: 1279,3753
4763: 3654,4525,2658,150,1723,4771
1439: 
1440: 1433,3505
1441: 4116,1074,4637
4680: 4416,4438,1023
1443: 4771
1444: 1817
1445: 3832,838,2359,3725,4806,4562,733
1446: 2152,3371,130
4279: 4031,707
1448: 2052,3623,529,3144,1265
1449: 4381,3559,3328,4625
1450: 4608,4122,229
1451: 2481,538
1452: 3778,2446,4352
1453: 3205
1454: 4778,2409,2761
1455: 2275,2669,1122
1456: 3327,409
4706: 2461,3348
1458: 2364,4741,519,1765,655
1459: 4773,3938,1524,503
1460: 
1461: 2433,2153,273,1357
1462: 337,3637,3143
4278: 2250,1327
4373: 1115,1238,1239
4339: 3057,3195,3959,1704,3395,1060
1466: 3493,614,3963
4325: 1351,1731,2580
1468: 3917,3556
4169: 3430
1470: 43,95,3548
4628: 2048,217,1856,4252
1472: 382,3309,149
1473: 4525,3132,2658,1508
1474: 3345,3604,2750,4259
1475: 4178,2670,1067,107
1476: 877,775
1477: 3101,1579
1478: 3743
1479: 2424,2852,1387,3449
4425: 3326
1481: 4484
1482: 950,3169
4469: 1663,1875
1484: 4751
1485: 4769,83
1486: 2837
1487: 
1488: 1384,1850,4341
1489: 
4619: 2420,1397,2484,144
1491: 4499,1789,2526,1042,1260
1492: 86,3985
1493: 4212,4010,2990
1494: 4587,3137,1099,3337,2500
1495: 4317,2088
1496: 1629,3333,3681,4285
1497: 1317
1498: 3103,808,2149,3684
1499: 1607,2355,853,2464
1500: 1370,1292,2270,2950,4633
1501: 2660,2125,2627,4280,588
1502: 2792,3461
1503: 843,4524,1532
4297: 2506,2439,2951,2686
4049: 3251
1506: 3576,385,1046,2589,1243
4411: 
1508: 2148,4749,1473,3132
1509: 4296,209,3196,4672
1510: 4725,4647,2257
1511: 3540,350
1512: 2688,352,3160,882
1513: 2252,1896
1514: 531,3028,4443,3869
1515: 3263
4430: 3295,656
4083: 3856
4258: 2627,1354,3845,419,2125
1519: 2914,3236,1640
1520: 4215,4574,4605,2477
1521: 
1522: 270,1079,3335,498
1523: 
1524: 399,1459,1247
1525: 2182,1923
1526: 4554,1044,4241,830
4294: 
1528: 3787,4337,3922,968
4537: 3056,694,4129,4788
1530: 1814
1531: 3473,416
1532: 4524,1503,2078
1533: 2657,1608,2157,919
4156: 3949,3491
1535: 3711
1536: 2122,706
1537: 1612
1538: 945
1539: 1016,904,953,2241
1540: 228,890,1621,401
1541: 1001,1627,1310
1542: 2334,959
1543: 2467
1544: 1628,2162
1545: 45
1546: 2142,1126
1547: 4086,38,917,2773
1548: 1127,2826
1549: 2150,2706
1550: 4122,2175
1551: 3172,4588,2597,518
4105: 2358,721,2158,243
4611: 1689,2859,2503
1554: 
1555: 3370,2161,1802
1556: 521,915,2203
1557: 870,2710
1558: 979,74,672,4414
1559: 4474,3964
1560: 668,168,1861,3064
1561: 2012
1562: 1651,4591,2549,3252
1563: 4595,182,1223,1888
1564: 4610,2609,1144,3482,4765
4766: 1877
1566: 4045,4654,4762
1567: 1679,3737,4023
1568: 3627
4282: 615,2968,4291,1607
1570: 1636,3981,4583,3014,4093,2176
4503: 2142
1572: 3292,4311,2061,2513
1573: 3756,3941,1895,2205
4534: 2888,1376,188,493,4391,3071
4474: 3964,4670,1559,4778
1576: 4699,3452,1778
1577: 1844,1145,2303,962,3577,4398
1578: 3565,1108
1579: 1477,1743
1580: 3205,1283
1581: 2847,1133,1027
1582: 3896,4705
1583: 4408,3353
4542: 2151,3156,1136
1585: 3165,4783
1586: 250,148
1587: 
1588: 4239,4728
4741: 2364,1458,655,1011
4363: 1070,1302,3478
4307: 2487,2465,209
1592: 2594
1593: 1838,3987,31,770
1594: 853,2275,48,1607
4344: 172,972,4569
1596: 3973,2174,4305,1800
1597: 3273,4774,2786,4541,455,4678
1598: 871,1906
1599: 3164,3210,708,4618
1600: 2127,3083,2100
1601: 1681,125,3312,3429
1602: 3063,1268,1005,2609
1603: 
1604: 2480,3734,1211,3801
1605: 4237,4511,3226,4679
1606: 3332,4239
1607: 1499,4282,4291,853,1594
1608: 3972,3819,2157,1533,919
1609: 2833,1011,4810,4713
1610: 4262,1800
1611: 1110,1910,4150,2252,2829
1612: 1537,2909
1613: 894,25
1614: 2240,2379
1615: 
1616: 632,4627,4792,4799
1617: 1398,921,4672,4330
1618: 1196,3796,1065,501,2722
4762: 4654,2685,1566
1620: 3202,1993,1851
1621: 581,1540,401
1622: 915,1127
1623: 3073,4718
1624: 3838,607,1270
1625: 2975
1626: 925
1627: 3213,1541
1628: 2383,1544
1629: 953,1496,3333,4285
1630: 2258,1925,1189,4817
4446: 
1632: 933,3264,3020
1633: 2654,1680,406
1634: 2506,3625,2590,3579,2410
1635: 4624,1889,997,3642
1636: 1570,3981,2167,1730,2889
1637: 1956,3687,1433
1638: 2607,375
1639: 3502,269
1640: 3236,1519
1641: 3897,3338,3802
1642: 159,929,3074
1643: 3399
1644: 
1645: 
1646: 3869,1394,3885
1647: 4149,473,1842,4434,1742
4134: 4222,2839,3358,210,1679
1649: 739,2303,3198,702,3669
1650: 2835,787,4115
1651: 1562,4591,473,254
1652: 2740
4029: 
1654: 4113,2516
1655: 3109,4243,3879
4584: 2678,1893,1721
1657: 1789,2526,1226,2804
1658: 2447,3503,1857,3385
1659: 1880,4553,734,1303
1660: 
1661: 2794,2931,10
1662: 532,1327
1663: 4469,339
1664: 2441
1665: 3454
1666: 3162,3440,1214
4416: 4680,1023,2787,3899
4793: 370,2469,560,2372,3713
1669: 1340
1670: 3826,1270,2632,422
1671: 3166,4283
4073: 3313
1673: 3673,1709
1674: 3443
1675: 4007,1710,1365
1676: 2371,2486
1677: 98,1134,2769,3531
1678: 3035,4154,242,334,541
1679: 1567,4222,4134
1680: 3525,1633,2738,1984,4561
1681: 1601,125,4404
1682: 2784,4114
1683: 1064,3932
4407: 2993
1685: 3600,648
1686: 2974,3630,1387,3825
1687: 3557,895,312
4274: 3644,544,594
1689: 4611,1352,2859
1690: 1365
1691: 30
1692: 3858
1693: 
1694: 3047,2044,4213
1695: 4809,955
1696: 2694
1697: 4091,660,4473
4273: 
1699: 3854,2319,4724
1700: 3400
1701: 1913,4264
1702: 3719,4685,349,4795
1703: 3773
1704: 2952,3057,4339
1705: 3145,2112,4225
1706: 1262,2484,4710,466,4050
1707: 4171,3648
1708: 1232,1400
1709: 3797,1673
1710: 1365,4117,4007,1675
4567: 1191,2344,3231,4228,3087,692
1712: 4036,317,789,4559
1713: 3332,2887,4139
4575: 645
1715: 155,490,3136,4549,385
1716: 
1717: 
4664: 
1719: 
1720: 4270,4544
1721: 334,2696,4584
1722: 1882,3955,3993,1912
1723: 4763,4771
1724: 196,30
1725: 2624,2603
1726: 3917,4003,265
1727: 1081,4638,3340,2022
1728: 946
1729: 2653,1308
1730: 2272,2889,1757,1636,2167
1731: 3653,3342,4325,1406
1732: 1388,4252,678,3775,2535
1733: 2089,4188,1882,2709
1734: 1137,222
1735: 4764,713,2304
1736: 12,1277,2140,3697
1737: 4791,3258
1738: 3066,2168,1067,2024
1739: 4354,442,1064,4774,4502
1740: 3443,1939
1741: 2233
1742: 4399,4024,3405,1842,1647
1743: 3856,1579
4417: 2045,3424
1745: 984,4057,4701,2688
1746: 114,2447,1857
1747: 2004
1748: 843,3583,2985
4677: 
4091: 1697,4473
4080: 
4195: 265
1753: 520,4681
1754: 500,2086,682
1755: 
1756: 1037,3336
1757: 223,857,1068,1730,2889
4310: 212,4293
1759: 3851,44,3594
1760: 
1761: 
1762: 2175,1272,4086,917
4429: 898,3907,1336,39
1764: 841
1765: 519,1122,4613,1458,3690
1766: 2074
1767: 2601
1768: 
1769: 285,793,4708,4693
1770: 3883,2922,4178,4544,3844
1771: 1167,4815,3185
1772: 2720,443,234
4065: 2097,3186,2690,252
1774: 4365,1000,3569
1775: 9,2866,3081,3796
1776: 
1777: 2050
1778: 4782,3452,1576
1779: 100,2696
1780: 789,3899,1019
1781: 280,4431,4606,719
4249: 3134
1783: 1851,4116,2868
1784: 2863,1002
4587: 3137,1494
4817: 3745,1630,510
4225: 824,1705
1788: 
1789: 2526,1657,2804,1491,1042
1790: 1214,4807,4396,3506
1791: 3236,3175
3998: 505,3426,4353
1793: 1138,3065,4726,1146,1216
1794: 2078,157,3849,3012,2480
1795: 4823,4703
4797: 4364,1026
1797: 
4178: 4544,1770,2922,2670,1475
1799: 1026,1296,3563,3753
1800: 3146,2699,1610,4262,1596,2174
1801: 910,3809
1802: 722,1555
1803: 2471,4384,2337,2649,1874
1804: 
4016: 1371,3034
1806: 3108,3776,2679,3085,2674
1807: 2182,147
4635: 2177,4246,4722,816,534
4183: 214,58
1810: 3901,2647,3515
1811: 2171,1162,1114
1812: 3920,185
4578: 523,2029
1814: 1530,2193
1815: 4714,2500,679
4421: 3649,3241,4184,1268,1005
1817: 1444
4309: 3312,3129
1819: 2970,2120,2393,2293
1820: 3362
1821: 2492
1822: 722,4109,11,4340,2595
4038: 2216,2570,110
4569: 4344,50,907
1825: 3277
1826: 1102,3026
1827: 2522,1018,2149
1828: 1101,753,2681,2936
1829: 2681,2105
1830: 
1831: 495,3256,2588
1832: 
1833: 1254
1834: 2274
1835: 484,832,4751
1836: 2732,4075,658,1411
1837: 4598,4479,88,2512
1838: 2399,1593,3987,31
1839: 305,3877,3001,3687
1840: 110,1031,580,1012
1841: 0,316,4773,3508
1842: 4434,4792,1742,4399,3405,1647
4288: 3526,1288
1844: 1577,1145,931
1845: 578
1846: 2440,2273
1847: 
1848: 4758,420,3563,551
1849: 2563,3543,344,1995,1112,2817
1850: 929,1488,2452
1851: 1783,3253,1620,1993
1852: 784,3337,457
1853: 4595,3051,1074
1854: 3716,4143
1855: 4661,534,2177
1856: 1388,4252,217,4628,2655
1857: 2447,1658,1746,114,2957
1858: 3116
1859: 1162,2659,1382
1860: 2599,1029,2857,1346,1174,3777
1861: 3416,948,168,1560,3064
1862: 3322,1436,380,3677
1863: 2982,2725
1864: 1410,4637
1865: 4376,1000,3288,4136
4760: 3532
4698: 1965,2607,4626
1868: 3675,1220,4798,396
1869: 857,4596
1870: 3792,123,4241
1871: 489,1878,436,2336
1872: 1402
1873: 1874,3115,3650
1874: 1873,1803,4384,3650
1875: 2647,4469
1876: 376,4422,169
1877: 4019,2839,4766
1878: 878,489,1871,436
1879: 1990,4228,491,2724,98
1880: 3084,1659,1212
4779: 2782,873
1882: 1722,2709,1733,3993
4366: 4397,3713,749
1884: 2391,3485,4163,2098,3379
1885: 4490
4586: 2233,2329,2825
4445: 2089,1967,2552
1888: 3434,3499,1563,1223,3608
1889: 3647,2960,3642,1635
4048: 1935,3758,4223,284
4305: 1596,3973,2174,4151,1096
1892: 2169,2093
1893: 2678,3512,4584,4384
4102: 
1895: 3941,1573,2205
1896: 328,3111,4129,1513
4786: 721,2190,243,3279,1907,1258,313
1898: 71,3135,3342,893
1899: 3320,2527
4259: 168,497,3345,1474
1901: 2289
4332: 3722,1380,4475,4002
4120: 3961
1904: 3710,4726,3941
4085: 
1906: 2949,1598,871
1907: 4786,1258,1928
1908: 822,1242,2555,667
1909: 3057,3195,3746,930,3496
1910: 1611,2829
1911: 3811,2138,559
1912: 2416,3955,1722
1913: 1701
1914: 514,3351
1915: 4516,120
4735: 2588,2251
1917: 1945,2786,4541
1918: 4775,3009
1919: 4505
1920: 695,2597,4480
4056: 
1922: 1964,2648,368,4435
1923: 4790,1525
4516: 1915
1925: 2258,1630,407,1083,1189
1926: 4437,1434,3639
1927: 2408,3315,2715
1928: 1078,1907,281,1258
1929: 2944
1930: 1978,398
4387: 109,4443,2251
4494: 2839,3358
4191: 
1934: 1988
1935: 4048,3758,4201
1936: 2173
1937: 
1938: 1083,4532,3948
1939: 349,1740
1940: 3522,1961,3258
4548: 2508,4219,1375
1942: 1340,2386
4638: 1727,1081,3340
1944: 2814,2450,4491,3349
1945: 64,1917,2981
1946: 1088
4690: 1286,1107
1948: 4044
1949: 3971
1950: 3476
1951: 
1952: 777,3712,4540,1429
1953: 3189,4352,2147,222
1954: 
4086: 1547,38,917,1762,4608
1956: 1637,3687,701,305
1957: 1266,4536,775
1958: 2911,3361,2984,949,134
1959: 4271,2686,431,4617
4143: 3716,1854,2018
1961: 3522,3258,1940,1392,2360
1962: 
1963: 3182,1399
1964: 1922
1965: 4698,2865,484
1966: 4374,3445
1967: 4017,975,4445
1968: 2568,2370
4117: 1710,1323,549
1970: 2256,2456,4440,975
1971: 920
4112: 4024,2635
1973: 2847,4214,2156
1974: 3524,3233
1975: 2700,4324,3281
1976: 3308,3046,2824,2200
4637: 1410,1864,2995,1441
1978: 1930
4180: 4703,4142,3940,3283
4190: 2981,947,3545
1981: 3626,163,4447,2759,709
1982: 4122
1983: 4722,816,3808
1984: 1680
1985: 3691,3173,3102,4589,3253
1986: 92,2440
1987: 2719,2798,4776
1988: 3445,1934
4520: 3062,1
1990: 1879,4228,221,3480
1991: 1259,3699
1992: 3644
1993: 1620,1851,40,2298
1994: 3576
1995: 3285,1849,344
4675: 1330,738
4743: 2863,4422,169,1383
1998: 4182,2225
1999: 1052,837,468,564
2000: 883,4146
2001: 964,2926,896
2002: 3017,4441,2430
2003: 3395,1060
2004: 173,1747,2245
4660: 2787,3836,2108,1228
2006: 3695,2243
2007: 
2008: 4790,445,2470
2009: 526,2742
2010: 2268,359,118
4352: 2147,1452,1953
2012: 765,1561,212
2013: 1019,4559,4334,4659,2851
2014: 3811,1097,2138
2015: 2842,3112,2391
2016: 2862,4612,2591
2017: 4041,4223,4182
2018: 3567,4143,2218
2019: 1068,3817,4428
4200: 2099,2966,1038
2021: 3307,1332,2478,730
2022: 3029,1727,3340,4512
2023: 4233
2024: 107,1067,1738
2025: 4749,252,3132,3394
4710: 1262,1706,2959,466
2027: 4552,731,2777,644
2028: 3837
2029: 4578,979,3686,74
2030: 1077
2031: 4220,3631,2544,4281
4196: 3709,4616
2033: 2792,787
2034: 3845,419,3657
2035: 774,4656,3150,1046,2589
4235: 153,4574,3149
2037: 4576,1393,3725,4428,3139,2284,4486
2038: 
2039: 603,3929
4059: 4454,2534
2041: 3266,3694,854,3850
2042: 963,4718
2043: 3188
2044: 4243,1694
2045: 1121,4417,1261,3424,3053
2046: 2567
2047: 4075,2709
2048: 4628,4252,2133
2049: 3533,4185,4243,4357
2050: 1777,1310,1001,4772
2051: 1382,4818,4276
2052: 1448,3037,4451
4116: 1441,1074,1783,2868
4157: 
2055: 
2056: 3325,2128
4045: 1566,299
2058: 359,3627
2059: 3779
2060: 
2061: 1572,3292,4311
2062: 565,3571
2063: 4720
2064: 3587
2065: 4111,2200,3964
2066: 2877,876,272,660
2067: 3368
2068: 108,3130,315,2593
2069: 4497
2070: 4360,2535,678,3479,2350,3619,3715
4802: 1407,542
2072: 4573,1119,4010,4655
2073: 1158
2074: 1766
2075: 4601
4379: 3814
2077: 3519,3639
2078: 157,1794,1532,4723,4071
2079: 266,4681
2080: 3667,3409,427,2985,3888
2081: 
4724: 830,424,1699
2083: 471,648,50,907
2084: 875,4003
2085: 3520,3549,2567
2086: 500,1754,2974,4130,328
2087: 
2088: 3865,1495,3190
2089: 1733,4445,2552
2090: 3367,1164
4700: 3940,167,3283,3084,3649,734
2092: 3762,4641
2093: 2218,1892
2094: 4063,4768,1412,223,2889
2095: 2097
2096: 4136,4376,4572
2097: 2095,3186,252,4065
2098: 1884,3379,4197
2099: 4200,1153,4096
2100: 3471,1600,2127,3083,3391
4152: 4113
2102: 756,3461,2942
2103: 3926,4242,259
4540: 2910,1184,1952,2170,1429
2105: 2902,2681,1829
2106: 1062,2140,2934
2107: 1242,822
2108: 2970,2120,3836,2787,4660
2109: 2276,923
2110: 
2111: 4437,4444,2723
2112: 3145,1137,1705
4063: 4583,2094,4768
2114: 3833,663
4164: 1306,7,2379
2116: 3986,4201,4316,3061
2117: 2213,916,3873
2118: 2413,2575
2119: 2362,2273,1160
2120: 2108,2970,1819,2393,3836
2121: 4625,3252,3408,3149
2122: 2299,1536
2123: 
2124: 4550
2125: 2660,1501,3886,4258
2126: 2216,2570
2127: 1600,900,200,2100
2128: 2056,3325,3787,284
2129: 3372,702,2483,3674
2130: 4708,1405
4147: 2736,2570,110
4201: 2116,1935,3758
2133: 678,3479,2048
2134: 3635
4703: 4180,1795,3940
2136: 3987,2325,2422,3650
2137: 2751,4090,2911,823,1297
2138: 1097,1911,2014
4702: 2300,999
2140: 1062,2106,1736,3697
2141: 251,3131
2142: 1546,4503
2143: 1402
4791: 1737,4653,986,1217
2145: 
2146: 4607,175,3269
2147: 4352,4001,1953
2148: 1508,3263
2149: 1827,1498,3684
2150: 1549
2151: 685,4542,639,3290
2152: 1446,130
2153: 273,1357,1461
2154: 2726,4800
2155: 737,3323,2738,954
2156: 3622,1973
2157: 3972,1608,2657,1533
2158: 721,2418,4105,2874
2159: 618,4230,2543
4807: 4396,3638,1098,1790,2848
2161: 4321,4492,889,1555
2162: 3099,1544
2163: 4227,4521,566
4621: 3104,986,1217
2165: 
2166: 2397,1177
2167: 1636,3981,1730,3832,4806
2168: 3066,3391,1738
2169: 1892
2170: 2421,4540
2171: 1811,2659,1114
2172: 1406,3135
2173: 4362,1936
2174: 1596,4305,1800,3146,4354,4151
2175: 1762,1272,1073,4122,1550
2176: 3014,4093,2443,1570,978
2177: 4635,1855,534,3375
4737: 343,4721,1318
2179: 1233,44,1089
2180: 4400,2550
2181: 4074,4121,1382
2182: 1807,1525
2183: 
2184: 3473,3004
2185: 967,1002
2186: 786,191,1291
2187: 672,3812,587,19,3718
2188: 2899,2474,3919
2189: 1318,4648
2190: 243,4786
2191: 1205,3665,2321,1070
4614: 
2193: 1814
4057: 3617,4151,1096,1745,4701
2195: 
2196: 2486,1102
4707: 3641,2227
2198: 16
2199: 4426,417
2200: 1976,3046,2065
4252: 1856,1388,1732,4628,2048
4124: 4436
2203: 4549,3923,1556,521
2204: 4123,1398,921,4322
2205: 1895,486,4725,1573
2206: 3533,4185
2207: 1276,3693,4751,2403
2208: 1215,4450,1405,3583,1141
2209: 4194,350
2210: 4371,316,3508
2211: 109,4720
4094: 4492,64,4321
2213: 2117,922,360
2214: 
2215: 2455,3906
2216: 2126,3709,4038
2217: 2406
2218: 2093,3567,2018,2234
4103: 1406,3377
2220: 753,2286
2221: 
2222: 
2223: 
2224: 3328,935,2744,3997
2225: 3983,1998,548
2226: 4508,3192,944,152
2227: 1163,4707
2228: 
2229: 2528,4377,404,4329,415
2230: 3436,3499
2231: 323,2646
2232: 
2233: 4586,3816,1741,2329
2234: 2218,3567,3184
2235: 
2236: 151
4376: 1000,1865,2096,4136
2238: 4247
2239: 3859,3710,4044,4535
2240: 1614
2241: 99,1539,1016,670
2242: 
2243: 2300,171,2006
2244: 2799
2245: 4323,173,2004,3674
4448: 
2247: 327,1004
2248: 4704,3025
4230: 2159,2543
2250: 507,4278,1327
2251: 3381,4735,4387
2252: 1513,4084,1611,2829
2253: 
4646: 515,2479
4319: 2290,758,2954
2256: 1970,4272,3830,4440,1079
2257: 882,4647,1510
2258: 1925,1630,2683
4750: 4601,380,3497,2770,4158
2260: 90,118,4511
2261: 
2262: 4480,4218
2263: 3802,4058
4001: 2147
4686: 3879,864
4504: 
2267: 2482,4132
2268: 2010,4237,2624,945
4783: 3165,1585,2996
2270: 3375,2558,2950,1500,1370
2271: 3635,448,15
2272: 1730,3832,2359
2273: 3074,2119,569,1846
2274: 1834
2275: 1594,890,1455
2276: 2742,2109,923
2277: 1119,244,4655
2278: 
2279: 3379,4163,3636,846
2280: 3088,2707,1175
2281: 
2282: 287,3385,2432
2283: 
2284: 3830,4486,2037,3139
2285: 3300,1301,119
2286: 2220,686
2287: 1004,3060
2288: 3386,3733
2289: 1901
2290: 4319,977,758,3182
2291: 
4251: 
2293: 2970,1819,18
2294: 3662
2295: 408
4442: 2879,4452,4482,331
2297: 
2298: 1993,40
2299: 2122
2300: 2243,4702,999,3695
2301: 2608,3693
4645: 556
2303: 3198,962,3577,1577,4398,1649
2304: 4543,4764,713,1735
2305: 2650
2306: 166,3051,590,3209
2307: 589
2308: 3289,2903,820
2309: 
2310: 383,839,4499
4314: 3847,1186,3141,1363
2312: 3814
4271: 1959,2686,2506,3625
4141: 2756,2318
2315: 2373,562,4138
4024: 1742,4399,4238,4112,2635
2317: 3282,2407
2318: 3323,4141
2319: 3266,1699,817
4401: 3792,3591,2604,3305
2321: 1070,4498,2191
4792: 294,4799,1616,632,3412,1842,4434,4399,3405
2323: 2406
2324: 
2325: 3987,2136,2422,258,1052
2326: 3449,4130,694,328
4564: 3455
4127: 
2329: 4586,2233,3609
2330: 4123,3898,3393,3217
2331: 
2332: 
2333: 
2334: 1542
2335: 128
2336: 436,1871,4670
2337: 2471,1803,2649,2574,1069
2338: 1135
4058: 2737,3387,2263,3802
2340: 71,3135,3232,893,4795
2341: 4026,3542
2342: 3505,4821,3215,75,2852
2343: 130,3598,251
2344: 1191,4457,725,4567,3231
2345: 4452,4764,4798
2346: 372,69,620,2750
4054: 
2348: 
2349: 1314
2350: 3619,2070,3178,4323
4559: 1019,2013,789,1712,4036,4659
4006: 2951,3628
2353: 4711,3081,3712,1196
4472: 
2355: 3968,1499
2356: 
4119: 4419,4250
2358: 4105,2418
2359: 3832,1445,838,2272,4576
2360: 3965,2423,1392,3522,1961
2361: 1112,2698,190,4803
2362: 3074,2119,1184
2363: 687
2364: 4741,1458,4394
4728: 1588
2366: 4667,1422,108
2367: 1355
4000: 2505,3605
2369: 2702,2402,3663
2370: 4600,744,1968
2371: 1676
2372: 435,4793,3713,1252
2373: 2315,562,1186,976
2374: 4289,195,4821
2375: 278,4623,213
2376: 
2377: 
2378: 996,3544,1092
2379: 1614,4164,3666
4082: 3773
2381: 
4423: 4761,952
2383: 1628
2384: 165,3544,3228
2385: 2729,1416,4687
2386: 1942
2387: 1304
2388: 1274,522
2389: 2896
4398: 3728,1577,2303,739
2391: 1884,3485,4163,3112,2015
2392: 1380,1019
2393: 3428,2120,1819
2394: 
4795: 349,3232,2340,3719,1702,792
2396: 
2397: 1177,2166,749,3995
2398: 4800,690
2399: 1838,3115,22
2400: 635
2401: 874
2402: 2702,1297,2369
2403: 3955,2207,4751
2404: 4095
4633: 1500,1370
2406: 2323,2217
2407: 602,2317
2408: 1927,3315,3794,3530
2409: 4778,1454,3629,36
2410: 3579,1634
2411: 161,3644
2412: 
2413: 2118
2414: 146,2586
2415: 2546,464
2416: 1912
4392: 1370
2418: 2158,2358,2874
2419: 586,2908,2941,840
2420: 4619,2484,144,4636,4369
2421: 2170,4809,3720,3472
2422: 2325,2136,2678,3512,504
2423: 82,2515,2360
2424: 1479,568,1032,2977,3449
2425: 
2426: 3747,4028
4452: 2766,2879,4764,2345,4442
2428: 
2429: 3181
2430: 2002,257,973
4522: 3799,74,3386
2432: 337,4060,2282
2433: 1461,273,3551
4478: 
2435: 1094
2436: 4530,674
2437: 2737,3802
2438: 
2439: 2590,4297,1041,264,1224,2951
2440: 1846,92,1986
2441: 1664
2442: 307,701,718,2746
2443: 2176,669,579,978
4507: 773,4489
2445: 3376
2446: 1452
2447: 1658,3503,1857,1746
2448: 4465,3073
2449: 4413,4034
2450: 1944,3415,3996,3671
4443: 109,4387,3869,1514
2452: 1850
2453: 80,2720
2454: 3735,3422,460
2455: 2215,839,527
2456: 840,1970,4626
2457: 2614,2768,4424
2458: 4742,3727,3068,993,2850
2459: 2859,4192,3414
4616: 3297,4196
2461: 4706,3348
2462: 4592
2463: 636,3516
2464: 4768,1499
2465: 2487,4307,220
2466: 549,4022,3469
2467: 1543,164
4031: 4279,987
2469: 560,4793,370
2470: 2008,4790
2471: 1803,4384,2337,1069
4098: 19,3718,1281,2903,2559
2473: 2840
2474: 4039,2680,2188
4499: 1491,2310,1260,744
4399: 1742,4024,3405,4792,632,4627,1842
2477: 4215,1520
2478: 2021,730
2479: 1357,4646
2480: 1604,3771,1794,3012
2481: 856,538,1451
2482: 2267
2483: 239,2990,874,2129,3372
2484: 1262,4734,1706,2420,4619
2485: 1045,494,4139,2640
2486: 2196,1676,1102
2487: 2465,4307,311,1033,209
2488: 1153,795
2489: 
2490: 
2491: 
2492: 1821
2493: 263,817
4133: 2805
4242: 2103,4673
2496: 210,246,4640,304
2497: 3083
2498: 
2499: 
2500: 1815,784,1494,679
2501: 4462,4333,2623,3163
2502: 
2503: 4611,2979
2504: 
2505: 4000,786,3984
2506: 1634,3625,4297,4271,2686
2507: 1274
2508: 4548,4219,456,3766
2509: 4620
2510: 358,670,99,506
2511: 2593,3130
2512: 2638,1837
2513: 1572
2514: 619,339,514
2515: 643,3820,82,2423,4784
2516: 1654,4113
2517: 1323,347
2518: 3598
2519: 3435
2520: 3780,547,4712
2521: 4730
2522: 1018,3826,1827
2523: 4188,2717,334,2696
2524: 
2525: 2739,4069
2526: 1789,1657,3906,1491
2527: 1899
2528: 2229,4377,4740,2918,530
2529: 3699
2530: 537
2531: 3762,3398
4473: 695,1697,4091,660
2533: 3100,4777,4609
2534: 4059,4454
2535: 2070,4360,3754,1732,678
4241: 3225,1044,1870,1526
2537: 
2538: 4523
4524: 3071,188,1503,1532
4019: 1877,1139
2541: 
4151: 3617,4057,1096,4354,2174,4305
2543: 618,2159,4230,3299
2544: 1154,3631,2031,4281
2545: 3974,4805,652,3982
2546: 2415,83,464
2547: 469,49,933
2548: 2945,4594
2549: 4381,1562,4591
2550: 2180,4400
2551: 3833,1384
2552: 1432,4445,2089
4436: 1383,4124
2554: 4767,3396
2555: 822,1908
2556: 4,828
2557: 3455,3019
2558: 1219,2270,3375,2950
2559: 447,4098,3718,1281,3860
4476: 911,4705,255
2561: 3191
2562: 2664,4739,2952,588
2563: 1849,3543,344,726,1073,1272
4224: 3912
2565: 
2566: 1262,4734,2959
2567: 2046,2085,3549
2568: 1968,561,860,2947
2569: 2645,602
2570: 2126,4147,4038,110
2571: 4030,4774,4502
4467: 512,3789
4775: 1918,4359
2574: 2649,2759,733,3411,2337
2575: 2118
2576: 
2577: 3072
2578: 3330,457
4322: 4173,2204
2580: 529,4325,1265
2581: 1106,900,2928,729
2582: 3365
4131: 3647,4327
4456: 2878
4482: 331,3536,4442
2586: 635,146,2414
4813: 883,3250,664,3708,4348,4519
2588: 1831,4735
2589: 1046,1243,3478,1506,2035,4656
2590: 1634,2439,1041,1224
2591: 330,2016
2592: 3363,4365
2593: 2511,3130,2068
2594: 1592
2595: 4340,1230,11,1822
2596: 12,1277,1249
2597: 695,1920,518,1551
2598: 154,3542,3162,262
2599: 1860,3484,429,2872
2600: 1228,2734,290,317
2601: 1767,836,652,891
2602: 1155
2603: 1725,2624,3226,1100
2604: 3305,4401,4554,3374
4705: 4476,26,1582
4508: 2226,944
2607: 1638,4626,4698
2608: 2301,937,2813,3693
2609: 4610,1564,1602
2610: 4756,1015,741
2611: 4651,4560
4460: 635
2613: 878,1257
2614: 2457,717
4418: 
2616: 26
2617: 3828,4142,4051
4388: 3365,2796,1152
2619: 1378,922,916,3822
2620: 976,2983,1186,3761,1150
2621: 3963,3532,2662
4111: 2065
2623: 2501,3163
2624: 1725,2603,945,2268
2625: 218,122
4648: 1219,3934,2189,4661
2627: 4258,1354,1501
2628: 276
2629: 4475,4438,1380
2630: 3107,1309
2631: 4812
2632: 1670,1270,1390
2633: 3698,311
2634: 2993,1111,1135,435
2635: 4149,491,4024,4112
2636: 742,671,41
4243: 1655,2049,2044
2638: 88,2512
4774: 4502,1064,2571,4030,1739,1597,3273,3617,3550,455
2640: 4199,4139,2485,494,4055
2641: 4721,2972,841,2882
4084: 2252,3871
2643: 4202
2644: 3788,33
2645: 2569,543
2646: 323,3152,2231,343,3591
2647: 1875,1810,3515
2648: 368,4465,1922
2649: 2759,709,2574,1803,2337
2650: 2305,4289
2651: 3843,3352
4470: 1254,656
2653: 1729
2654: 1633,2738,4738,737,1202
2655: 877,217,1856,4125,1388,3640
4708: 2130,2955,4693,1769
2657: 3431,1533,2157
2658: 1473,4763
2659: 4074,2171,1859
2660: 1501,2125,2664,588
4009: 1201,4106,565
2662: 2811,3963,2621,938,1010
4008: 1193
2664: 573,3760,4739,2660,588,2562
2665: 4088
2666: 3167
2667: 4034,4565
2668: 299,46,2988
2669: 3303,1455,1122
2670: 3881,1067,4178,4544,1475
2671: 3234,1269
4075: 85,2047,658,3948,1836
2673: 
2674: 1806,2679,3085
2675: 2778
2676: 592,799,3316
4751: 1276,2207,1835,1484,2403
2678: 3512,1893,4584,2422,504
2679: 1806,3108,2674,2682
2680: 4039,873,2474
2681: 1829,2936,2105,1828
2682: 111,2714,2679
2683: 2258
2684: 4061,1435
2685: 4762
2686: 4271,1959,2506,4297,431
4780: 1261,3053,621,3729,3821
2688: 1512,113,352,1745,4701,3160
2689: 4335,524,2994
2690: 2814,4284,4065
2691: 459,2853,297,338
4118: 3873,916,4313,2871
4769: 1485,83
2694: 1696
2695: 3413,219,1287
2696: 1721,1779,2523
2697: 3722,639,2715
2698: 1112,2361,4789,18,300
2699: 1800,3146,4649,4262
2700: 1363,1975,698,4324,1108
2701: 
2702: 823,134,1297,2402,3307,2369
2703: 1154
2704: 2986,3463,3537
4778: 1454,2409,4474
2706: 1549
2707: 76,2280
2708: 3474,1259
2709: 1882,1733,2047
2710: 1013,4107,1557
4281: 3371,355,2544,2031
4355: 3401,4682
2713: 4528,1248
2714: 2682,323
2715: 639,2697,1927
2716: 1362,3427
2717: 2523
2718: 1050
2719: 1987,2917,4776
2720: 1772,443,384,2784,2453
2721: 1357,3382
2722: 2967,3930,4439,1618,1065
2723: 872,2111,4437,4804
2724: 3231,491,1879,4228
2725: 4194,2982,3172,1863
2726: 4800,2154
2727: 3931,3260,1236
2728: 452
2729: 2385,4468,1416
4003: 265,2084,1726
2731: 
2732: 4121,1836
2733: 
2734: 3534,2600,4238,290
4435: 4253,4747,1922,368
2736: 4147,4360,3754
2737: 2437,1312,4058,3802
2738: 3525,2654,1680,4561,954,737,2155
2739: 2525,3914
2740: 1652
4787: 871,1227
2742: 2276,440,3661,2009
2743: 3466
2744: 2224,3328,3559,3997
2745: 405,562,4529
2746: 1433,701,2442,4821
2747: 
2748: 4231,4266,3838,808,3103
4428: 4576,1393,3725,2037,2019,3817
2750: 3345,1474,3604,69,2346
2751: 2137,4090,3892,3015,2944
2752: 4160,1025,1111
4577: 1162,479
2754: 53,4101,3042
4002: 1241,2851,1380,4332
2756: 954,4141
4579: 3565,4529,4301
2758: 3877,3936
2759: 2649,709,2574,733,3170,163,1981
2760: 98,4149,491,473,254
2761: 1454
4441: 2002,3017,536,3806,3597
4283: 3166,1671,3588
2764: 3477,3106,1392,4765,4062
2765: 1066
2766: 4452,4353,4764
4173: 4322,770
2768: 4424,3143,2457
2769: 153,3149,1134,1677,3531
2770: 3497,4601,4750
2771: 255,407,1189
2772: 3255,364
2773: 1547,917
4189: 810,3588,260
2775: 4535
2776: 3579,4756
2777: 4552,2027
2778: 4681,2675
2779: 4801,718
2780: 4652,2846
2781: 3680,3871
2782: 4779
2783: 3851
2784: 1682,384,443,2720
4666: 4757
2786: 993,1597,4541,1917
2787: 4660,3899,2108,2970,4416
4345: 3683
4561: 3525,2738,1680,954
4498: 730,2321
2791: 
2792: 2033,1502,3461,3213
4765: 3616,4062,3106,4610,1564,616,3482,2764
2794: 1661,2931
2795: 
2796: 987,707,3002,4388
4588: 3172,1551,2877
2798: 3129,1987,4776
2799: 2244
2800: 3215,3996,195,4821
2801: 4652,4171
4631: 
4338: 238,1286
2804: 1789,1657,2991
2805: 4133
2806: 
2807: 448
4020: 3912,3331
4039: 2680,873,2474
2810: 2945,805
2811: 3652,2662,938,3295
4291: 4282,2968,1607
2813: 2608,937
2814: 1944,4284,2690
2815: 3770
4576: 3725,4428,2037,838,2359
2817: 1112,4803,1849
2818: 4574
4275: 716
2820: 1141,1181
2821: 
2822: 
2823: 3669,766,278
2824: 4076,3763,3972,3308,1976
2825: 710,4586,3609,65
2826: 1548,1127,2878,681
2827: 3902,4643,33,3788,1287
4268: 
2829: 4286,2252,1910,1611,898
2830: 3546
2831: 3925,303,2984,227
2832: 3738,4816
2833: 1609,2883,655,1011,4461,4810
4369: 3700,2420,144,4636,3513
2835: 1650
4739: 573,2664,1378,2562,1034
2837: 4244,1486,4097
2838: 773
2839: 4134,3358,4494,1877
2840: 2473
2841: 892,15,235,2914
2842: 2015
2843: 
2844: 3703
4701: 3160,4057,1096,1745,2688
2846: 1140,2780
2847: 1581,1973,4617,4214
2848: 4807,4396
4463: 992
2850: 993,2458,3068
2851: 4002,1241,2013,4334
2852: 2342,1479,568
2853: 1103,3962,2691,459,297
2854: 3040,376,4422
2855: 4748
4758: 1848,665,3330,420
2857: 3800,1346,1860,1029
2858: 2871,3153,13,459
2859: 2459,4611,1689
4368: 
2861: 322,1341,1255,640
2862: 2016
2863: 1784,169,4743
4711: 3081,2353
2865: 365,1965
2866: 9,1775
2867: 
2868: 3685,4116,1074,1783
2869: 408
2870: 
2871: 4313,3153,2858,4118,13,3553
2872: 417,2599
4784: 1301,2983,4788,3736,3589,643,2515,3820,1038,4602,3124,1150
2874: 4673,2158,2418,308
2875: 4203
4563: 1179
2877: 2066,272,4588
2878: 4456,2826,681,3979
2879: 3229,4452,331,4442
4121: 2732,1190,2181
2881: 3396,1320,4767
2882: 841,2965,762,2641
2883: 3690,655,2833
4317: 1495
2885: 13,3603,3191
2886: 1205,490,1243,3478
2887: 1713
2888: 1376,188,4534,3436
2889: 1730,1757,2094,1636
2890: 3664,820
2891: 3362
2892: 924
4138: 2315,4644
2894: 
4726: 1793,3065,3298,1904,3710
2896: 3705,296,2389
2897: 
4061: 2684,318,3140
2899: 1209,2188,3919,1296,1279
2900: 3032,3739
4560: 3983,2926,2611,4651,3581
2902: 753,2105
2903: 2308,230,4098
2904: 1355,944,3207
4051: 2991,4142,2617
2906: 1353
4440: 270,1079,550,2256,1970,975
2908: 2941,3267,1008,244,2419
2909: 1612
2910: 4540,1184,3003
2911: 1958,3361,2137,823,134
2912: 4315,3334,3566
2913: 3194,1017
2914: 1519,892,2841,4685
4814: 3868
2916: 4671,3220
2917: 2719
2918: 2528,4740,4505,530
4284: 2814,25,2690
2920: 
4272: 2941,3830,2256,840
2922: 1770,3883,4178,1104
2923: 
2924: 211
2925: 1338
2926: 4560,3983,2001,3581
2927: 3953
2928: 2581,456
2929: 
2930: 3803,948,3056,4788
2931: 2794,1661,640,4341
2932: 
2933: 3561
2934: 486,4725,1084,1062,2106
4434: 1842,4792,3405,4591,1647
2936: 2681,1828
2937: 809,499,4671,1288
2938: 3190,4761
2939: 
2940: 
2941: 2908,4272,3267,2419,840
2942: 3271,3213,2102,309
2943: 1050,4771
2944: 1929,3015,2751,4090
2945: 2810,2548,61,805
2946: 3624
2947: 3989,561,2568
4212: 4010,2990,1493
2949: 3294,66,868,1906
2950: 2558,2270,1500,1292
2951: 4006,1041,264,2439,4297
2952: 4280,1704,588,2562
2953: 878,3553
2954: 4319
2955: 4708,3409,3888
2956: 3863
2957: 114,1857
2958: 2995,3691
2959: 1262,2566,4710
2960: 3368,1889
2961: 4245,143,1352
4500: 4014
4555: 256,691
4535: 2775,2239
2965: 2882,762
2966: 4200,4788,1038
2967: 3930,4439,2722,671
2968: 4282,4291
2969: 4803,3214,190
2970: 2108,2120,1819,2293,2787
2971: 4064
2972: 1164,4721,2641
4228: 1990,1879,2724,3231,4567,692,221
2974: 1686,3630,1387,4130,2086
2975: 1221,1625
2976: 
2977: 3416,3803,2424,3449,3056
2978: 
2979: 4364,3002,2503
2980: 4037,536,837,378
2981: 4492,889,1945,64,4190
2982: 518,3172,1863,2725
2983: 4784,1150,976,2620
2984: 949,227,1958,2831
2985: 3888,1748,2080
2986: 2704,794
2987: 
2988: 4819,2668,4722
2989: 3263
2990: 239,2483,4212,1493
2991: 4051,2804,3158
2992: 
2993: 2634,4407,1360
2994: 524,4335,2689
2995: 2958,4637,3691
2996: 963,4783
4541: 4678,86,1597,2786,1917
4747: 4253,4435
4594: 557,2548,61
3000: 3462
3001: 69,1839,3687,3604
3002: 4364,2979,2796,707
3003: 2910
3004: 2184
4819: 2988,394,3580
3006: 4694
3007: 
3008: 1143
3009: 548,1918
3010: 
4771: 4763,1723,2943,1443
3012: 1794,3849,2480,292,3284
3013: 
3014: 2176,4583,4394,1570
3015: 791,1024,2944,2751,3892
3016: 1294,4340
3017: 2002,4441,4037,536
4682: 879,4355
3019: 2557,3455,3602,3593
3020: 3403,3264,1632
3021: 
3022: 348,234,3767,274
3023: 4767
4139: 4199,2640,2485,1713
3025: 2248
3026: 1826,277
4717: 93,306
3028: 531,1514
3029: 3389,2022,4229,4512
3030: 3126
4246: 4635,4722,3183
3032: 3739,2900,1314,3894,14
3033: 
3034: 4016
3035: 242,1678,541
3036: 4018
3037: 3061,2052
4761: 4423,2938
4096: 3477,1153,1048,82,2099
3040: 2854,4422,1383
4738: 2654,1202,801
3042: 4101,2754,1091,3105
3043: 
3044: 3878,1386,3095
4302: 1149
3046: 1976,2200
3047: 1694,4213
4069: 2525,1407
3049: 
4090: 2137,2751,2944,1320
3051: 590,2306,3209,1853
3052: 
3053: 1261,2045,4780
4248: 
3055: 3628,1424,3125
3056: 694,4537,3803,2977,2930,4788
3057: 4339,3195,1909,1704
3058: 
3059: 3221
3060: 2287,1004
3061: 3037,2116
3062: 4811,1,4520
3063: 3163,1268,1602,3241
3064: 1560,1861,948,795
3065: 1793,4726,3323,4533,1216
3066: 3391,2168,3881,1738
4822: 
3068: 3727,2458,2850
3069: 3353,4709
3070: 
3071: 4524,3801,4391,4534
3072: 638,2577
3073: 1623,2448
3074: 2362,2273,569,929,1642
3075: 445
3076: 
3077: 148
3078: 
4553: 3649,734,1659,1303
3080: 237,3556,3547
3081: 4711,2353,1775,1196,3796
4149: 491,473,2635,1647,2760
3083: 1600,2100,2497,3391
3084: 1880,4700,3283,734
3085: 1806,4234,2674
4231: 4266,2748,4653
3087: 692,1191,3176,4567,3747
3088: 501,2280
3089: 
3090: 
4462: 4712,751,2501,4333
3092: 667
4543: 2304,4798,4764,482
3094: 4684,3501
3095: 1106,3878,3044
3096: 
4670: 4474,3964,2336
3098: 1006,796
3099: 3643,2162,3862
3100: 2533,4409,3513,558,4777
3101: 653,1477,3360
3102: 1985,3310,3253,3202
3103: 1498,808,2748
3104: 4621,1404,986,3954
3105: 1091,3042,3986
3106: 1048,4210,4610,3477,2764,4765,4062
3107: 2630
3108: 1806,3776,2679,3872
3109: 1655,1139
3110: 4207,3438,1326,316,4371
3111: 328,1896
3112: 2015,2391,3485
3113: 185,3783
3114: 651
3115: 2399,22,1873
3116: 1858
4600: 2370,403
4764: 713,2766,4452,1735,2345,2304,4798,4543
4777: 558,2533,3100
3120: 589,959
4810: 3393,4713,2833,1609,492,4461,232,3750,3898
4181: 3600,3628,1424
3123: 
3124: 3736,3589,1110,4150,4784,3761
3125: 257,973,4276,3055
3126: 4232,3030
4101: 1223,3042,182,2754
4801: 2779,3772
3129: 2798,4309
3130: 108,2068,2593,2511
3131: 967,1002,2141
3132: 1473,1508,4749,2025,3394
4396: 4807,1790,2848
3134: 4249,3348
3135: 1898,71,2340,2172
3136: 1715,3704,521,4549
3137: 4587,1494
3138: 4531,3640
3139: 1393,2037,3267,2284,4486
3140: 256,4061
3141: 1186,4314
4626: 2607,2456,4698
3143: 2768,1462,440
3144: 529,3322,1448,3623
3145: 1137,1705,2112
3146: 1800,2699,442,2174
4005: 3395,3875,3878,319,3959
3148: 
3149: 2769,4235,153,2121,3408
3150: 2035,774,4656,170,3414
4562: 3411,3725,1445,838,733
3152: 323,2646,123
3153: 4313,2871,2858,459
4312: 4350
3155: 
3156: 4542
3157: 
3158: 1042,561,2991,3828
3159: 
3160: 4701,1512,2688
4287: 691
3162: 3440,1666,2598,154,262
3163: 3063,2501,3241,4333,2623
3164: 1599,708
3165: 4783,1585
3166: 1671,4283
3167: 2666,634
3168: 
3169: 1482,950,723,4490
3170: 4806,163,2759,733
4115: 1650
3172: 1551,4588,2982,518,2725,4194
3173: 1985,3280,4589,358
3174: 
3175: 1791,1076
3176: 1191,4457,4334,3200,4659,3087
3177: 
3178: 3715,2350,4323,1145
3179: 
3180: 1082,4403,1404
3181: 4410,2429
3182: 1963,920,2290
3183: 394,4246
3184: 4160,3567,2234
3185: 4479,969,4815,1771
3186: 2097,4065
3187: 3
3188: 2043
3189: 1953
3190: 2938,2088
3191: 3603,2885,2561
3192: 2226,152,154,3521
4731: 
3194: 2913
3195: 3057,4339,1909,1060,3786,3746
3196: 4296,1509,3292,4311
3197: 
3198: 2303,3577,3674,702,1649
4519: 4813
3200: 4334,3176,3747
4304: 4809
3202: 1620,3102,3310
3203: 3351
4806: 3170,475,3981,2167,3832,1445
3205: 1453,1580
4034: 202,2449,2667
3207: 2904,1298
3208: 3407
3209: 3476,2306,3051,4595
3210: 4497,708,1599
4348: 883,4813
4308: 891,444,3545,402
3213: 3271,2942,2792,1627
3214: 2969,4199
3215: 2800,3996,4821,2342,75
3216: 3568
3217: 1282,4622,232,2330
4394: 2364,3014
3219: 
3220: 3956,2916,4671,985
3221: 4620,3059
3222: 3788,1287,219
3223: 553
4335: 2689,2994
3225: 4241,219
3226: 4237,1605,1100,2603
3227: 3746,1218,3786,3844
3228: 2384,996,3544
3229: 2879,505,4353
3230: 3975,290,725
3231: 2724,2344,4567,4228
3232: 893,71,2340,4795
3233: 4590,3524,1974
3234: 4365,1269,2671
4789: 190,2698
3236: 1791,1640,1519
3237: 
4618: 622,4208,364,1599
3239: 
3240: 193
3241: 4333,4184,4421,3063,3163,1268
3242: 
3243: 4657,502
3244: 3660
3245: 3506
4323: 2245,2350,173,3178
3247: 8
3248: 
4289: 2374,4821,2650
3250: 664,4813
3251: 4049,913
3252: 1562,4625,2121
3253: 1851,3691,1985,3102
3254: 1108,3281,3633
3255: 364,101,2772,4615
3256: 1831
3257: 
3258: 1961,1940,1737,1238
3259: 18,300,1023,917
3260: 2727,1236
4215: 1520,2477
4529: 4579,3847,562,2745
3263: 1515,2989,2148
3264: 933,1632,3020,914,3403
3265: 
3266: 2041,3374,2319,817
3267: 2908,2941,1008,244,3139
4772: 572,1001,2050,23
3269: 117,2146,1043
3270: 4748,3867
3271: 2942,3213,309
3272: 569,4315
3273: 1597,4030,4774
3274: 
3275: 
3276: 
3277: 1163,1825
3278: 
3279: 4786,313
3280: 610,4589,358,3173
3281: 1975,3254
3282: 2317
3283: 3940,4700,167,4180,3084
3284: 1326,246,4640,292,3849,3012
3285: 1995,3854
3286: 
4033: 431,165
3288: 4177,1865,4136
3289: 2308,820
3290: 639,2151
3291: 
3292: 1572,4311,2061,4296,3196
3293: 3433
3294: 66,2949,76,868
3295: 656,938,2811,4430
3296: 1194
3297: 4616,3781,3734,1211
3298: 4726,3710
3299: 618,2543
3300: 2285,119
4573: 2072,4505,1104,1119
3302: 1219,603
3303: 2669,4768
4798: 4543,4764,1220,2345,1868,396
3305: 2604,4401,3929
4627: 1616,632,3534,4399,4238
3307: 2021,1332,949,2702,134
3308: 1976,4076,2824
3309: 382,1472
3310: 3102,3202
4757: 3509,4666
3312: 4309,3429,1601
3313: 4073
4336: 
3315: 2408,1927,1354,1386
3316: 2676,799
3317: 
3318: 
3319: 894,4727,4318
3320: 3913,1899
3321: 4641
3322: 1030,1862,4256,3677,3144
3323: 2155,4533,2318,3065
4649: 2699,442
3325: 2056,2128,284
3326: 4425
3327: 1456,112
3328: 750,2224,2744,3559,1449,4625
3329: 
3330: 2578,665,4064,4758
3331: 3410,556,4020
3332: 1606,1713,4199
3333: 3681,1629,1496
3334: 3566,2912
3335: 3411,1522
3336: 1756,4245
3337: 1852,1099,1494
3338: 3897,1641
4220: 2031,355
3340: 1727,4638,2022
3341: 4693,285,3524
3342: 1731,1898
3343: 1258,3872,3367
3344: 3896,3846
3345: 1474,3604,2750,3687,4259
3346: 
4219: 4548,2508,3766,1375
3348: 3134,2461,4706
3349: 1944,4491,1359
4697: 241,4290,3593
3351: 1914,3203
3352: 2651,3843
3353: 3069,4408,1583
3354: 4477
4270: 1720,200,3465
4170: 
4371: 2210,246,3110
3358: 2839,4134,210,4494
3359: 506
3360: 3695,3101
3361: 2911,1958,955
3362: 1820,2891,851
3363: 2592,992
4565: 2667,59,3903
3365: 4388,2582
3366: 794,815
3367: 3872,3343,2090
3368: 2960,2067
3369: 4362
3370: 1555,1293
3371: 4281,1446
3372: 2129,2483,874,365
3373: 
3374: 3266,2604
3375: 2270,2177,2558
3376: 2445
3377: 3581,4103
4647: 3564,2257,1510
3379: 2279,1884,4163,2098
3380: 861
3381: 2251
3382: 1391,2721
3383: 
4674: 4642,414,4658
3385: 1658,2282
3386: 2288,4522
3387: 4058
4730: 612,2521
3389: 3029,447,3686,523
3390: 
3391: 3066,2168,3083,2100
3392: 3607,978,4447
3393: 4810,232,2330,3898
3394: 4749,2025,3132
3395: 2003,4005,1060,3875,319,3959,4339
3396: 2881,2554
3397: 886
3398: 2531
3399: 1643
3400: 1700,4732
3401: 4355
3402: 201
3403: 914,322,3020,3264
4659: 4334,4036,4559,2013,4457,3176
3405: 1742,4399,4792,632,1842,4434
3406: 4081
3407: 3208
3408: 750,4625,2121,3149
3409: 2080,4337,3888,2955
3410: 258,31,770,556,3331
3411: 3335,4562,2574,733
3412: 4792
3413: 2695,219
3414: 4192,3150,2459
3415: 4318,25,2450
3416: 1861,3803,948,2977
4286: 771,2829,4150
3418: 1093
4247: 2238
4617: 2847,1959
3421: 4347
3422: 3735,2454
3999: 3627
3424: 1261,2045,4417
3425: 
3426: 3998
3427: 2716
3428: 2393
3429: 3312,1601
3430: 4169
3431: 4667,1422,2657,3763
3432: 4383,3846,428,1226
3433: 3293
3434: 1888,3499,1223,3608,58
3435: 3843,2519
3436: 2230,2888,727
3437: 
3438: 3110,4207,3755,1012
3439: 
3440: 3162,1666,152,154
3441: 829,141
3442: 
3443: 1740,1674,3653
4237: 1605,3226,2268
3445: 1988,1966,4374
3446: 864,3571,3877
3447: 363,227
4125: 1388,2655,3640,3775
3449: 2326,1479,2424,2977,1387
3450: 1124
4158: 3677,4750
3452: 833,1778,4782,1576
3453: 977,758
3454: 3865,1665
3455: 4564,2557,3019
3456: 1071
3457: 757
3458: 4781,4809
4549: 888,2203,1715,3136
4035: 
3461: 2792,1502,2102,401
3462: 3000
3463: 128,690,2704
4076: 3763,2824,532,3308
3465: 200,1395,729,4270
3466: 342,2743
4194: 2725,2209,3172
4634: 4343,864,3571,3879
3469: 4022,2466
4239: 1588,1606
3471: 2100,200
3472: 1423,646,2421,3720
3473: 1531,2184
3474: 2708,150,1259
4081: 3406
3476: 1950,53,3209,3951,1348
3477: 2764,4096,1048,3106,4062
3478: 2589,4363,2886,1302
3479: 678,2133,3619,2070
3480: 1198,4551,1990
3481: 881,923,4800
3482: 616,1390,1144,1564,4765
3483: 3618
3484: 1022,429,2599,1029
3485: 1884,2391,3112
3486: 4754
4298: 3517,3529
4370: 
3489: 4501
4330: 3739,4672,1617,921
3491: 4156
3492: 1167,3887
3493: 1466,614,3502,224
3494: 587,230
4630: 831
3496: 1086,930,1909,1180
3497: 2770,4316,4750
3498: 4745,3808
3499: 3434,1888,2230,58
3500: 404,1165,3793
3501: 3094,4684
3502: 1639,224,3493
3503: 2447,1658,3858
3504: 381
3505: 2342,4821,1433,1440
3506: 1790,3245
4515: 
3508: 1841,316,2210
3509: 4757,4603
3510: 1030
3511: 3862
3512: 3650,2678,1893,2422
3513: 4636,4409,3700,4369,3100,558
3514: 241,4785
3515: 2647,1810
3516: 2463,636
3517: 4298,3529,689
3518: 515,1076
3519: 2077
3520: 2085,1342
3521: 3542,3192,202
3522: 1961,1940,2360,3965
4689: 
3524: 1974,3341,3233
3525: 2738,1680,4561
3526: 4288,1288,60,499
4457: 1191,3176,725,2344,3975,4036,4659
3528: 1420
3529: 4298,3517
3530: 3794,4475,3722,2408
3531: 4605,1677,2769,153
3532: 3963,2621,4760
3533: 2049,4185,2206
3534: 2734,4627,4238
3535: 3890
3536: 4482,331,350
3537: 2704
4754: 858,3486
3539: 485
3540: 1511
4113: 1654,4152,2516
3542: 2598,3521,202,2341
3543: 1849,2563,570,1112,1272
3544: 996,2378,1278,2384,1092,3228
3545: 4190,444,4308,402
3546: 2830
3547: 212,237,3080
3548: 1470,95
3549: 2085,2567
3550: 984,4774,455
3551: 2433
3552: 
3553: 878,2953,2871
4360: 2070,3754,2535,3715,2736
4218: 3826,422,2262
3556: 3080,792,1468
3557: 1687
4496: 620,4213
3559: 446,1206,1449,3328,2744
3560: 1093
3561: 4301,2933,3565,3834
4426: 939,2199
3563: 1026,1296,551,1799,1848,1209
3564: 4647,1216,1146
3565: 4579,1578,3561,4301
3566: 3334,2912
3567: 2018,2218,2234,3184
3568: 3216
3569: 1774,1000,4415
3570: 
3571: 3446,2062,4634
3572: 
3573: 879
4227: 3967,566,2163
4437: 2111,1926,2723,4804,3639
3576: 385,1506,1994
3577: 2303,3198,3674,1577,1145
4608: 1450,3657,4086,38
3579: 2410,1634,3625,2776
3580: 4603,4819
3581: 3377,4560,2926
3582: 292,174,3709,1211
3583: 1748,4450,2208
3584: 4622,4447
3585: 
4655: 586,375,2072,2277,4010
3587: 2064
3588: 3732,345,4283,4189
3589: 4788,3736,1110,3124,4784
4236: 4812,508,757
3591: 3792,2646,4401
4601: 380,4750,2075,2770
3593: 4697,3019,318
3594: 4,1759
4140: 
4718: 1623,2042
3597: 3806,4785,4441,3874
3598: 2518,2343
3599: 
3600: 1685,4181
3601: 4497,344,708,726
3602: 3019,345,318,3620
3603: 3191,13,2885
3604: 3345,1474,2750,69,3001,3687
3605: 4000
4781: 3458,4809
3607: 3392,978,4447,4093,163,475
3608: 1223,3434,1888,1091,58
3609: 357,913,65,2329,2825
4497: 3601,2069,3210
4315: 2912,3272
4732: 3400
3613: 4026
3614: 
4599: 381,4755
3616: 1392,4765
3617: 4057,4151,4354,4774
3618: 3483
3619: 2350,678,3479,2070
3620: 318,3602,345
4122: 1550,1982,2175,1450
3622: 2156,1269,597
3623: 1448,3677,3144
3624: 2946
3625: 1634,2506,3579,4271
3626: 1981,4447,709
3627: 3999,1568,2058
3628: 3055,1424,4006,4181
3629: 680,36,3799,2409
3630: 1686,2974,3825,500
3631: 2544,2031
4667: 2366,1422,3431,3763
3633: 3254
3634: 3851,522,659
3635: 2271,2134,3688
3636: 3886,846,2279
3637: 1462
3638: 122,4807,1098
3639: 4804,4437,1926,2077
3640: 4531,3138,877,2655,4125
3641: 4707
3642: 997,1088,1889,1635
3643: 3099,3862
3644: 4274,1992,2411
3645: 964,875
3646: 339,145
3647: 4131,1889
3648: 1707,4171,1140
3649: 4553,4421,734,4700,4184
3650: 3512,1873,1874,2136
4168: 
3652: 2811,448
3653: 1731,1351,3443
3654: 4525,4763
4301: 3561,4579,3565,3834
3656: 
3657: 4608,38,2034
4244: 2837
4461: 492,311,2833,4810
3660: 3244
3661: 440,596,2742
3662: 2294
3663: 730,1332,2369
3664: 2890,820,1281
3665: 730,2191
3666: 2379
3667: 2080,214,427,4337
3668: 
3669: 2823,278,1649,3935,213
4136: 2096,3288,4177,4376,1865
3671: 3996,2450
3672: 631
3673: 1673
3674: 3198,3577,2245,2129
3675: 1868,396
3676: 296,4820,981
3677: 4158,3322,1862,3623
4526: 144,428
3679: 
3680: 1336,2781,3907,4794
3681: 3333,1496,610
4185: 3533,2049,2206,4357
3683: 4345
3684: 3815,2149,1498
3685: 2868,4455,3827
3686: 979,3860,447,3389,2029
3687: 1637,1956,305,1839,3001,3345,3604
3688: 3635,4206,1385
4087: 
3690: 2883,655,1765
3691: 1985,2995,2958,3253
3692: 
3693: 1276,2207,2608,2301
3694: 2041,854
3695: 2006,2300,3360
3696: 
3697: 2140,1736
3698: 2633
3699: 1991,2529
3700: 4369,1226,3513,558
4262: 1610,1800,2699
3702: 372
3703: 2844
3704: 155,3136
3705: 296,2896
4788: 3736,3589,3056,694,4537,2930,2966,4129,1038,4602,4784
3707: 
3708: 4813
3709: 4196,2216,3582
3710: 3859,1904,2239,3298,4726
3711: 126,1535
3712: 777,1952,2353,1196,1065
3713: 4366,4397,4793,2372
4285: 358,670,1629,1496
3715: 3178,2070,4360
3716: 1854,1369,4143
4208: 622,4618,364,101,390
3718: 19,4098,2559,672,2187,3860
3719: 1702,4685,4795
3720: 955,4809,2421,3472
4427: 4055,494
3722: 2697,4332,4475,3530
4028: 1022,221,2426
3724: 
3725: 4576,4428,2037,1445,838,4486,4562
3726: 
3727: 2458,653,3068
3728: 4398,931,1031
3729: 17,4780
4238: 4627,3534,2734,4024
4465: 2448,2648
3732: 3588,345
3733: 2288
3734: 1604,1211,3781,3297,3801
3735: 2454,3422
3736: 4788,3589,4602,3124,4784
3737: 1215,4723,4071,4023,1141,1567
3738: 2832,4816
3739: 3032,4330,2900,3894
3740: 
3741: 59,3818,3903
3742: 
3743: 96,1478
3744: 791,3837,4413
3745: 4817,383
3746: 3227,3195,1909,1218,3786,930
3747: 2426,3200,3087
3748: 
4025: 
3750: 4580,4810
4130: 2326,2974,2086,328
3752: 
3753: 1296,1799,4072
3754: 4360,2535,2736
3755: 1012,3438
3756: 1573,1240
3757: 
3758: 4048,1935,4201,3922,3787
4023: 4071,1116,3737,1567
3760: 573,2664
3761: 1150,4150,3124,2620
3762: 2092,2531
3763: 4076,2824,4667,3431,3972
3764: 
3765: 
3766: 456,2508,4219
3767: 3022,348
4727: 740,4359,3319,894
4768: 1412,2464,48,3303,4063,2094
3770: 946,2815
3771: 2480
3772: 4801
3773: 1703,4082
3774: 4204,386
3775: 4125,1388,1732
3776: 1806,3108,3872
3777: 1174,135,3785,1860
3778: 1452
3779: 179,2059
3780: 2520,547,3940,167
3781: 89,3297,1284,3801,3734
4749: 2025,1508,3132,3394
3783: 3113
4678: 4541,455,86,1597
3785: 1174,135,3777,1016,4488
3786: 1218,1060,3875,3195,3746,3227
3787: 1528,3922,3758,968,2128
3788: 2644,3222,1287,2827,33
3789: 4467,512,4550
4742: 2458,813,653,1054
3791: 
3792: 123,1870,3591,4401
3793: 3500
3794: 3530,419,2408
4353: 2766,3998,505,3229
3796: 1196,1618,3081,1775,501
3797: 1709
4204: 3774,386
3799: 4522,3629,36
3800: 2857,1029
3801: 3071,1284,4391,3781,1604,3734
3802: 2263,1641,2437,2737,4058
3803: 3416,948,2977,3056,2930
3804: 
3805: 
3806: 4785,3597,536,564,4441
3807: 1170,55
3808: 3498,1983
3809: 910,17,1801
4755: 4599
3811: 1911,2014,3926,171
3812: 2187,4414,680
4489: 4507
3814: 4379,2312,1197
3815: 3684
3816: 2233
3817: 2019,1165,415,1393,4428
3818: 3903,3741
3819: 3972,1608
3820: 643,2515,3965,4784,1301
3821: 1330,4780,621,1178
3822: 68,2619,916,4313
3823: 
4077: 
3825: 1686,3630
3826: 1670,1270,4218,2522
3827: 40,4455,3685,4665
3828: 2617,3158
4422: 376,1876,169,4743,2854,3040
3830: 2284,4272,2256,1079
4037: 536,2980,3017
3832: 1445,838,2359,2272,2167,4806
3833: 663,2551,2114
3834: 3561,4301,4483
3835: 
3836: 1170,2108,2120,4660
3837: 2028,3744
3838: 1624,607,808,2748
4092: 
3840: 441,1199
4644: 4138
4266: 4231,2748
3843: 3435,2651,3352
3844: 673,1218,3227,1770,3883
3845: 2034,419,4258
3846: 4383,3432,428,3344
3847: 4314,1363,562,4529
4431: 1781
3849: 157,1794,3012,246,3284,4640,304
3850: 2041,4815
3851: 3634,2783,1759,44
4199: 4139,2640,3332,3214
3853: 524
3854: 1699,3285
3855: 55,1087
3856: 1743,1230,4083
3857: 4477
3858: 1692,3503
3859: 1240,3710,2239,4044
3860: 979,3686,3718,447,2559,672
4492: 2981,889,4094,4321,2161
3862: 3511,3099,3643
3863: 2956
3864: 4620,4295
3865: 2088,3454
3866: 
3867: 3270
3868: 4814
3869: 1646,4443,1514
4438: 4680,2629
3871: 4084,2781,3907
3872: 3367,3343,3108,3776
3873: 4118,2117,916
3874: 4785,3597
3875: 3395,4005,1060,3786
3876: 
3877: 2758,3446,305,3936,1839
3878: 3044,1386,319,3095,4005
3879: 4686,4634,1655,864
3880: 
3881: 2670,1067,4544,3066
3882: 503,732,1397
3883: 1770,2922,3844
3884: 1429,646
3885: 117,1646
3886: 3636,2125
3887: 3492
3888: 2985,2080,3409,2955
3889: 824
3890: 3535
4381: 1449,2549,4221
3892: 2751,3015
4188: 2523,1733
3894: 1314,3032,3739,517,14
3895: 
3896: 1582,3344
3897: 1641,3338,4079
3898: 4123,2330,3393,4810
3899: 1780,2787,4416
3900: 
3901: 1810,717
3902: 2827,4643,33,4109
3903: 59,3818,3741,4565
3904: 
4311: 1572,3292,2061,4296,3196
3906: 4383,2215,2526
3907: 4429,898,3871,3680,1336
4052: 
3909: 
4799: 4792,294,821,1087,1616,632
4632: 463
3912: 4020,4224
3913: 3320
3914: 2739
3915: 
3916: 4716,3954
3917: 1726,265,1468
4756: 2610,2776
3919: 4687,2899,2188,1279
3920: 1812
4047: 3947
3922: 3758,3787,1528
3923: 2203,166,3951
4604: 
3925: 2831,303,41
3926: 2103,259,171,3811
3927: 
3928: 
3929: 3305,2039
3930: 2967,2722,1065
3931: 2727
3932: 62,1064,1683
4455: 3685,3827,4665
3934: 4661,4648
3935: 739,3669,213,399
3936: 305,3877,2758,307
3937: 186
3938: 1459,4773,580,0
3939: 
3940: 4700,167,3283,4180,4703,3780
3941: 1895,1146,1904,1573
3942: 
3943: 4484,276
3944: 
4785: 3806,3597,564,3514,3874
3946: 
3947: 4047,60,499
3948: 1411,4532,4075,1938
3949: 4156
3950: 537
3951: 3923,3476
3952: 
3953: 2927
3954: 4716,3916,3104
3955: 2403,3993,1722,1912
3956: 3220,432
4261: 
4796: 136,1360
3959: 319,3395,4005,1060,4339
4532: 1411,3948,1938
3961: 4120
3962: 1103,2853,68,459
3963: 2621,3532,1466,269,2662
3964: 4474,4670,1559,2065
3965: 2360,3820,3522
4018: 3036
3967: 4227
3968: 2355
4657: 3243,896,502
3970: 1364
3971: 559,4234,1949
3972: 1608,3819,2157,3763,2824
3973: 1596,4305,1096
3974: 2545,3982
3975: 4036,290,317,3230,4457,725
4221: 1206,4381
3977: 1372,1425
3978: 1306
3979: 2878
4192: 3414,958,2459,57
3981: 1636,1570,2167,4093,4806,475
3982: 2545,3974
3983: 4560,2225,2926
3984: 786,1036,2505
3985: 947,444,1492,891
3986: 2116,3105
3987: 2325,2136,1838,1593,258,31
3988: 315,4079
3989: 2947,606
4536: 1957,775
4602: 643,1038,4788,3736,4784
4324: 39,2700,1975,698
3993: 3955,1882,1722