0: 3283,1861,3780,2597
4324: 4431,2509
2: 
3: 3440
4: 
3692: 3560
6: 2150
7: 4717
8: 1554,2079
9: 2353,929,913,2547,4733
10: 610,1449,4733,2233
11: 2006,3313
12: 4321,2874,917
13: 4280,2284
14: 4822,3125,810,1093,2993,3140
15: 1690,987
16: 4775,4201,3080,3174
17: 
18: 4542
19: 592
3685: 1990,915,4285
4820: 1585,3664,121,4658,3129,2147,1607,3145,4414,447
22: 3466
23: 2085
24: 4755,2081
25: 3109,2779,3341,3645
26: 965,3170,4344
4624: 3642,460
4800: 3661,2282,4267,3956
3923: 1783,4540,513,1028
30: 1333,3520,4816,2027
31: 4584,2364,2422,655,4806
32: 799,311
33: 623,4401
4767: 4587,4064,2782,4090,1506,1399
4097: 993
36: 4578
37: 998
38: 3379,3822,708,3553,1547
39: 
3979: 1205,1958,4637,3088,868,2831
41: 3609,4209,506,2995
42: 
43: 120
44: 2000
45: 4606
3875: 1770,4024
4592: 2008,920
48: 1878,1455
49: 933,3252,632,3149
50: 2723,3675,482
51: 472,2838
4591: 725,3794,1780,685
53: 
4341: 2119,4711,923
3777: 4270
56: 
57: 1740
58: 3251,4116,4551,1127,3102
59: 3506,4565
60: 596,3168,1462
61: 4507
62: 3053,4774,3869
4773: 3709,4494,3138,4360,3110,4665,3640,2216,2496,4371,2078
64: 1665,277
65: 411,750,1556
66: 1196,1556,3609,2826
67: 2142
68: 1454,3793,3308,2627
69: 2442,307,4289
4142: 4610,694,1373,4777
71: 896,1406,3917
4380: 2050,1987
73: 3389,327
74: 4594,4420
75: 4491,2346,4266,2758,372
76: 4701,294,3710
4213: 1479,948,2488
4721: 1370,2651
79: 2798,2743,4594
3806: 4006,4075
4609: 1042,2982,4444
82: 948,2764,372
83: 2109,4146,2912
84: 4641,4164
85: 4663,2813,2207
86: 1579,4083,2211,3811,2103
87: 
88: 2657,4512
89: 2127,4531,3438
90: 2294
4709: 
92: 1488
93: 240,1913
94: 3309
95: 
96: 
4640: 4455,2480,4534
3718: 4479,3386,2669,414
99: 3881,3775,1145,2990,3178
100: 4384,2649,1838
101: 1526,3591,4208,3164
4468: 2855
103: 
104: 
4017: 173,484,2303
106: 
3797: 3548,1709
108: 2885,1559
109: 2571,4262,621,4348
110: 1909,3083,1600,3746,1104
111: 2604
112: 803,1108,4644,4120
113: 3550,2688
114: 
115: 
116: 
117: 1054,4030
118: 1439,1452
119: 2609
120: 43,1470
121: 3686,3676,4820,3664,2147
122: 4779
123: 3242,3374
4365: 3166,4177
4087: 
3734: 1864,2770,961,4101,1898
4788: 4462,3571,4723,4343,2130,2750,1655
128: 4315,690
129: 
130: 
4811: 505,3062,396,2345,4233,2214,1163
132: 2074,416
4280: 1040,4313,13
134: 3136,3144,2369,681
135: 1008,2670,2229,2004
3849: 2484
4108: 2007
138: 
3698: 4420,2085
4095: 1868
141: 934,4791
4661: 2270,1422,1662,1995
143: 3042,3758
144: 860,3700,1706
145: 4813,455
146: 
147: 1815,3182
148: 3551,250,3950
149: 
150: 3687,2631
151: 1154
152: 2537,3837
153: 1563,580
154: 2667,3481,3943,4809
3700: 3372,4019,1706,860,144
4683: 3299,2734
157: 1215
158: 3680,2315
159: 1736,4792,1372,3408,1520
160: 4549,3608
161: 3877,1139
4511: 2448,3073,3375,4008,2247
163: 4562,1180,1757,3411
164: 1202
165: 1938
166: 4656,1740,4192
3962: 3873,1720,3844
168: 1153,3258
169: 3867
170: 1674,2841
171: 4514
172: 1226,471,2725,4543
173: 484,4017,1957
3762: 4555,741
175: 748,1230
3818: 1848,1006,2474
4206: 1403,1784
178: 
179: 1318,4808,2189
180: 
4013: 231
182: 4540,3144,2369,730,513,1622
3951: 1037,3476,2702
184: 3034
185: 
186: 3677,1448
4776: 3271,4772,301,1137,1499,2409
188: 968
4684: 249
190: 3657,4163,4332,628,2596
191: 2719
192: 1420,434
193: 2733
194: 
195: 544,1998
196: 786,3953
4012: 
4107: 870,2377
4044: 3403,4627,3712,322
200: 1218,1198,4252
201: 4420,3213
202: 448
3788: 323,1164,3543,263
3741: 2537
205: 4796,2242
206: 
4010: 1649,1119,297,2100,1524
208: 2821
209: 3115,921,2037,1892,2443
210: 1211,3508,4222
211: 470
212: 265,4775,3556
213: 3344,270,2256,4085
214: 4119,3080,2153,2225
4651: 
4052: 
217: 1106,1218,3087
218: 1214,1812,1353,2904
219: 4401,3694
220: 3898,3466,4672
221: 1501,865
222: 
223: 890,1878,1627
224: 4632,4025,4220
4232: 1334,1468,4771
4606: 45
227: 2949
228: 4713,2050,3032
3840: 1407,1364,805
230: 4246,2648
231: 1355,4013
232: 3217,3411
4036: 4559,1539,930
234: 405,3770
3785: 3697,1206,1677,1651
236: 321,2883,492
237: 387,964,1076
238: 
239: 4428,3725
240: 3614,93
241: 1269
242: 1382,4476,1836
243: 4443,4735,2412,4780
244: 3603,3873,2094,4608
4512: 3763,88,2263
246: 3640,4323
4790: 892,3677,1152,987,3322,2811,2582
248: 4807
249: 4684,2223
250: 148,3931
251: 1580,2290
252: 1030,4284
4129: 795,4462
3697: 3785,1206,4434,1501,1677
255: 872,3344,2416,1276,586
256: 3597
257: 3422,1774
258: 2900,3019
3984: 650,4167,4501
260: 3625
261: 686
262: 
263: 323,3788,2817,364
264: 3993,2204,3874,1967
265: 4103,212,1833
266: 1202
4734: 1284,1844,793,3508
4256: 3443,4325
269: 1923,2182
270: 213,4576,1721
271: 2632,3828
272: 3536,1018
273: 2727,2721
274: 3880
275: 4429,4620
276: 4781,1481,2318,2432
277: 64,2190
278: 3619,2922,1493
4654: 4666,299,534,3352
280: 2781,2852,3263,3059,976,3401
281: 
282: 4534,316
4177: 4365
284: 788,2374,4708
285: 3434,2770
286: 
287: 1371,791
4491: 2764,75,2758,1440
3959: 2392
290: 3328,3149,2510
4610: 4142,694,4184,354
292: 1856,1532,3173,4616
293: 3662
294: 4701,76,914
3920: 2341
296: 1199
297: 1475,2100,4377,4010,1119
4582: 3363,4249,2557
299: 4654,534
300: 729,1704,4548,3395
301: 1137,4776,2409
4595: 363,2911,3608
303: 2191,3663,2578,2589,681
304: 3253,1174,3827
305: 1956,2974,3186
306: 
307: 4723,4289,69,1139
308: 2486
309: 3032,4322
4805: 3982,3899,3156,3722,4680,3231,4028,1616,1191
311: 32,4552
312: 518,536,479
313: 
4642: 2022,1558,3686,3664
315: 3338
316: 2080,3280,4534,282
317: 4542,1819,2034,1927,528
318: 4081,1000
319: 
4030: 406,1054,117
321: 2883,236,492,787
322: 4215,4792,1372,4044,4627
323: 3788,3285,263
324: 665,1494,707,3098
4123: 1252,4173,3739,691
326: 2665
327: 73,3389,3889
328: 1637,3505
4374: 1013
330: 
331: 1926
4413: 3613,2578,2335
333: 
334: 564,1874
3916: 3106,4823,1659,2632
4625: 915,1985,4586,1741
337: 339,2440,2869,3203
338: 1034,2858,3044
339: 337,2440,4141
4612: 
341: 624
342: 2701,1681
343: 3210
344: 726,3902,4490,1606
345: 3017
4486: 4189,3987,579
347: 3275,549
348: 2947,3828
349: 2721,2989,4007,1702,2727
350: 1868,1889
351: 3627,1213
352: 2850,1043,4308
353: 1928,2972
354: 2839,3241,4610
355: 2145
356: 407,3536,2879
357: 3333,3155
358: 1074
359: 4370
360: 4258,1354
361: 2576
4490: 1606,344
363: 4595,3294
364: 2817,263
365: 1459,2455,3198,4207,3728
366: 4716,3104
4384: 1779,100,1838
368: 4674,886
369: 
370: 1981,4580,4461
4364: 1466,2028,4797,1963,1026,4714
372: 2977,75,2346,82
4447: 1509,4806,4584,2364
374: 4666,534
375: 840,2941,2277
376: 
377: 1121
378: 541,1859,1434
4580: 3898,1981,370
380: 3209,4787,3884
381: 3013
382: 1217
383: 872,2732,422,2483
384: 3258,668,2360
385: 2754,4797,2859,3336
386: 
387: 237,2084
388: 
389: 
390: 1292
391: 879
4605: 1741,2477,4116,1990
4403: 847
394: 
4267: 2282,4781,4800
396: 2149,2345,505,4811
397: 3330,3453,2554
398: 1021
399: 1957,484,1657,4125
400: 3327
401: 4613,756,4713,2890,2942
402: 3617,1945,4660,1084
3853: 
404: 1524,2072,3938
405: 234,847,3770
406: 4030,4720,3167
407: 3536,356,3639
408: 569,4424
409: 2555,3216
410: 
411: 65,3209
412: 3244,3569
413: 4268
414: 3718,2669
415: 2918,475,2277
416: 132
417: 2344,473,3794,673,2655
3867: 3835,169,2141
419: 1023,2715,1539,930
420: 4345,3002,3075
4533: 3974,4308,652
422: 872,383
4722: 2059,4718
424: 1318,4819
425: 
426: 1873,2176
427: 3583
3802: 2193,4783,1533,2187,3431
429: 2872,3484,785
430: 2527
3907: 4644,757,1975,3254
432: 2309,1753
4713: 4613,756,401,228
434: 192,3511
435: 4115
436: 1609,2953,1765,2952
437: 2820,3877
4233: 4811,3062,1163
439: 4813
440: 940,4781
441: 
442: 1597,738
443: 4653,1238,3180,4096
444: 1228
445: 1385
446: 1632,1775
447: 4820
448: 202,1876
449: 4037
3761: 1217,3838
4740: 857,1594
452: 
453: 3691,3796,3977,1175
4733: 10,2549,9
455: 4813,1543,145
456: 4219,2408,3195,3227,1060
457: 4245,4064,4072,4797
458: 
459: 2659,1970,2696
460: 4624,2960
4665: 3110,3827,4773
4450: 4600,1181
3699: 
464: 4694,4348
4451: 3071
466: 4106,1266,3888,1620
467: 
468: 4037
4262: 2571,3247,109,621
470: 2924,211
471: 172,4543
472: 51
473: 417,2344,1563
474: 2056,2374,843
475: 2941,2277,415
476: 2634,2902,3738
4337: 4183,4048,2056
4596: 1919
479: 4617,1162,312
480: 1197,3002
481: 2420,1189,1245
482: 50
483: 
484: 173,4017,1957,399
485: 
3708: 589,1542
4574: 3408,4792,1520,1136,4112,2769
3728: 4703,4019,4207,1459,365
489: 519,979
490: 730,681,2589,3137
491: 3296,1194,2707,913
492: 4404,236,321
493: 1532,670
494: 1272,1599
495: 638
4510: 899
497: 3449,3416
498: 4573,550,2608,3830
3690: 1981,3461,3894,4461,1314
4489: 3970
501: 3977,935,4637
502: 4223,875,544,4646
503: 4333,1697
3687: 150,2631,2099,682,2411
505: 4811,396,2345
506: 710,2995,4551,41,1127
507: 2581,1034
508: 1578,4529,2326
509: 1362
3709: 4773,4360,2070,3640
511: 2243,1228,2543,2887
512: 635
513: 1622,182,4540,3923,1028
514: 4092,2869,2551,3203,1850
515: 4223,2095,4359
4079: 1257,2068,532,4815
517: 2325,1190
518: 312,2454
519: 489,4772,2917
520: 4669,1692
521: 4049,4770,4787,1906,3136
522: 1485,4519
523: 3400
524: 
525: 4470,938
526: 4298
527: 1114,2982,1893,561,1256
528: 904,639,317
529: 2017,4041,1436,792,4103
530: 1103,1165
531: 3298,3101
532: 4615,4079
3881: 3775,99,2133,3178
534: 4654,4666,299,374
535: 
536: 312,2683
537: 1991,1675
538: 2703,4677,778,1451,2906
539: 
540: 3796,2707,3997
541: 378,1434
542: 970
543: 
544: 195,502,4646
4410: 4098,4690
4327: 4415
547: 3158,1212,1303
548: 
549: 347,1639,1236
550: 498,4573,3512
551: 1503,3071,1862
552: 736,634
553: 4635,3374,4786,4055
554: 4082,1125
3994: 
556: 3140,3588,1093,4170,4796
557: 
558: 4532
559: 984,4362,3016
560: 1342,1643,1617,787,1369
561: 2047,1256,1893,527
562: 3573
563: 
564: 4074,334,837
565: 1655,1660,2617,4343
566: 1350
4653: 443,1238
568: 4801,1433
569: 2388,408,4424
570: 2013,1616,1191
571: 
572: 2046,3399,2372,1135
573: 2355,622,4739,2319
574: 2257,3809,748
4803: 3854
4093: 1122,857,1609,4622
4823: 3916,3106,2632,3477,2522,4231
578: 2378,1362
579: 3393,4189,4486,3331
580: 153,4628
581: 4058,1727
4041: 529,792
4699: 2058
4071: 3644
585: 1966
586: 4383,4085,3344,872,255
3791: 638
588: 1040
589: 3708
590: 2480,4455
4397: 3348,1828
592: 3029,19
4466: 
594: 2690,4801,3064,2342
595: 
596: 60,3168,1462,1544
597: 2096,2410
4566: 
4770: 521,4049,3663,3136
4383: 4185,4085,586,3344
4422: 4575
602: 4001,3742,2548
603: 4718
4552: 311
4531: 3480,89,1074
3724: 
607: 3649,986
4514: 171
4572: 
610: 1449,10,4439
4161: 3715,1067
612: 
613: 3078
614: 
615: 2627
616: 1772
617: 822
618: 4094,1020,3273
619: 3020,985,1793
620: 2488,3124
621: 4262,109
622: 4197,4789,2355,573
623: 33,2177
624: 852,341,1460
4276: 874
4222: 2533,210,4553
4155: 4647,1477,1204,3085,4774
628: 789,190,4332,2596
629: 
4477: 
631: 
632: 1482,3149,933,49,2549
4679: 1213,851
634: 3885,4423,3279,552
635: 512
636: 1002,1807
637: 2473
638: 3791,495
639: 904,528
640: 1429,1598
4197: 622,4789
642: 3368,3078
643: 3965,1940,4791
644: 2505,1179,3399
645: 
646: 3744,2910,2944,2704,2137
3776: 2418
648: 658,2471,1859
4528: 
650: 3984
651: 
652: 3974,4533,4799,1573
653: 943,3266,2934
654: 2129
655: 2833,2422,31,1253
656: 1807
4245: 457,4072,3502,4797
658: 648
659: 1658
660: 3940,2044,2520,2526
3995: 2397
662: 
663: 2154
664: 1230,4720
665: 324,4039,1352
666: 4418,4816
667: 1317
668: 3258,384,2360
669: 1892,4143,4810,4394
670: 1532,493,3173
671: 3663,2751,3472
3855: 3273,1293
673: 2697,2655,3794,417
674: 4674,4747,4229,886
4812: 1242,2387,1108,3834,3961
4530: 1281
677: 775,3297
678: 937,1841,1012
679: 3478,958,818
680: 4474,3887,4312,2773,916
681: 490,303,134,3144,2589
682: 2411,2099,4537,3687
4343: 2130,1660,1655,565,4788
684: 
685: 3484,1780,4591
686: 261
687: 2394
688: 1096,836
3809: 748,3160,574
690: 2986,1160,128
691: 3739,2506,4123
3898: 220,3115,921,4580
693: 
694: 4610,4142,4184,4777
695: 4798
4347: 2007
4720: 664,406
698: 
4184: 4610,694,4777,2515
700: 998
4381: 3412,2635
702: 3846,2256,3619,2823
4414: 3145,4820,1607
4377: 1104,1119,297
3936: 2099,2342,4801
706: 
707: 1494,324
708: 3379,38,3553,4789
709: 1052,3512,2272,2574,3335
710: 506,2995,2878,3704,1410,1127
4589: 
4146: 3594,4424,83
3871: 2097,2195,1896,2852
3760: 4475,3807
4669: 520,1692
716: 
717: 2768
718: 3446,2617
3720: 4363
4420: 3698,2085,201,74
721: 3454,841
722: 4607,3856,3269
723: 1293,2601
724: 1283,2188,3148
725: 4591,4567
726: 3902,4643,344,1606
727: 2886,1348,2985
4821: 4357,1048,3940,839,3345,4712,1474
729: 300,2581,3395
730: 490,3144,182,1622,958
731: 
732: 1722,1522,2736,2570
733: 4272,1432,3170
734: 3241,3047,4496,4619
4554: 947,3929
736: 552,1394,4423
737: 3068,2699
738: 2174,442
739: 2868,2497,1067
740: 1387,2658
741: 3762
742: 1429,2362
743: 2976
3837: 152
3865: 
4357: 4821,1048,4712,864,3106
3930: 2009,2449
748: 3809,574,1230,175
749: 4307,3978
750: 65,3691,871,1556
4077: 1760
752: 2215,2210,1697
753: 3560,4061,3455
754: 
3804: 
756: 4613,4713,401,3316
757: 4644,3907,3254,3624
3873: 2660,1720,3962,244
759: 
4253: 1937
761: 
4604: 4288
3744: 646,2910,4809,2667,3481,2137
764: 4632
765: 4454
766: 4505,4655,4212
4643: 726,3902
768: 2490
769: 2199,2408
770: 1252,1630,3588
771: 2097,1110
772: 2544,3521
773: 
774: 3576,3232
775: 677
776: 2162
777: 2009
778: 1451,538
779: 3572
780: 
3902: 726,4643,344,4332
782: 3711
4687: 1416
784: 1070,3361
785: 429,3484
786: 196
787: 321,1617,560
788: 284,4708
789: 628,1380,2596
4340: 3779,4109
791: 1371,287
792: 4041,529
793: 1211,4734,1201,1794
794: 3463,3099
795: 1139,4129,1433
3896: 1827,4700,1303
4060: 
4502: 2786,4738
799: 32,3733,2050
800: 
801: 2934,2293,1555
802: 2035,4656,1351
803: 112,1975,4644
804: 
805: 3840,1777
806: 1930,1825
807: 2193,951,2187
808: 2716,3519
809: 4288,2546
810: 4224,14,2993
4583: 2443,2464,2833,2037
4479: 3718,2669
813: 1514,2146,3298
814: 4814
815: 2009,3366
816: 
817: 1164
818: 1548,958,679,3294
4475: 3760,2970,3807
3704: 1769,1410,2878,710,2911
821: 3351,3272,914,3712
822: 3000,617
823: 3925,4315,3458,2021
824: 3429
3716: 3189,1601,3312
4167: 1361,3984
827: 
828: 
829: 3568,1304
830: 917,3225,2698
831: 967
832: 4476,1424
833: 
834: 
835: 
836: 1663,688,4057
837: 4074,564
838: 2952,4622,3817,1180
839: 3345,2515,4821
840: 375
841: 721
842: 
843: 474
4214: 1537
4050: 1181,4686,2206
846: 1327,2355
847: 4765,4150,4403,405
4716: 366,2720
849: 2183
850: 
851: 4679
852: 624
853: 2676,2968,4778
854: 4783,4435,2648,3812
855: 
856: 
857: 4740,1594,3139,4093
858: 4452
4250: 
860: 144,3700
861: 
862: 1221,1951
4622: 838,1609,4093,1122,2889
864: 1863,4357,1048,4712,3106
865: 1616,4028,221
866: 3208
867: 
868: 2831,1618,1205,3979,4787
4433: 
870: 4107
871: 2233,1175,3691,750,1556
872: 383,255,586,422
873: 3182,1971
874: 2471,4276
875: 4274,502
876: 2262
877: 931,2350
878: 3485,2511,4815,4278
879: 391
4022: 2466
881: 2432,2318,4781
882: 1240,1512,2850
883: 
4521: 1350
4794: 4529,2326
886: 951,368,674,2193
3903: 1423
3838: 3761
889: 2138,3367
890: 223
891: 4151,2174,1633
892: 4790,1117,1689
893: 1613,3772,2001
3794: 4591,417,673
895: 973
896: 71,2340
4488: 4399
898: 1513,2690,3056,1637
899: 4510
900: 4140,3747,1198
3948: 2111,2454
4816: 2822,666,1333,30,2027
4264: 
904: 528,639,3601,3230
4663: 85,2420
4808: 2189,2088,179
3737: 1918,3533,3319,4590
4671: 2295,3006
909: 2938
3926: 3313,3026
911: 
912: 3683,4685
913: 2547,491,2353,9
914: 3531,3272,294,821
915: 4625,4399,1741,3685,4285
916: 2773,680
917: 830,3225,12
4295: 
919: 2389,2187,2669
920: 4592
921: 3115,209,2443,3898
922: 2175,3553,1762
923: 4711,4341
4678: 1583,1767,3200,3353
3931: 250,2012
926: 3569
4636: 3283,2206
4088: 
929: 2547,9,2233,1175
930: 3315,4548,419,1539,4036
931: 2004,2350,3284,2419,877
4544: 2241,2133,1419,4038
933: 49,1736,2549,632
934: 141
935: 1598,2636,3977,501
4064: 4587,4767,1399,457
937: 678,1841,1747
938: 2134,525
939: 3057,1704
940: 2931,440,4781
4104: 
4163: 190,3657,3530,1170,2596
943: 653,3266
944: 4132
945: 2260,2010,2846,2685,3094
946: 
947: 3929,2646,4554
948: 82,2764,4213
949: 2137,2722,3481,3458
3793: 1454,68,3968
951: 886,807
952: 
953: 1985,4586,3155
954: 4028,4238,3722,1510
955: 2744,4363
956: 3986,1769,3665
4656: 166,1351,802
958: 1622,730,679,818
3942: 
960: 3909,4033
961: 2770,4101,1864,3734
962: 
963: 2317,1246
964: 237,3175
965: 26,1276
966: 2232
967: 831
968: 188,3280
969: 
970: 542
4321: 12,2874,1822
972: 4764
973: 895,4463
4607: 722,3269
975: 2608,3674,1484
976: 4130,3401,2055,280,2781,3059,3491
977: 
978: 2892,3411,4562,3217
979: 2275,4054,489
4714: 3510,1466,4364,2754,4797,1026
981: 4069
982: 3569,1478
4062: 
984: 559,4094,4362
985: 619,1793
986: 607
987: 3322,4790,2582,15
988: 2641,4786
4550: 
4150: 847,4765,2244
4501: 2822,3984,2505
992: 1329
993: 2666,3381,4097
4809: 2170,1952,3943,154,2667,3744,2910
4007: 1076,1702,2575,349
996: 1092,2673,3557
997: 2023
998: 700,37
4438: 1885
1000: 318
1001: 2093,2169,2835
1002: 636,1807
4525: 4775,3556
3883: 4219,2562
3864: 3633,4156,4431
1006: 2474,1494,1848,3818
1007: 2181
1008: 135,2004
4209: 41,2995
3836: 3169,2635,3156
1011: 4404,4143,3115,3292
1012: 1419,678,1841,2868
1013: 4374
1014: 
1015: 2465
1016: 4616
1017: 
1018: 272
1019: 2168
1020: 4094,2981,3273,618
1021: 2748,398
1022: 1218
1023: 419,2715,3845
1024: 
1025: 3732,2506,3620,2242
1026: 1963,2807,4364,4714
1027: 1635
1028: 3923,2878,513
1029: 1562,1780,2724,2306
1030: 252,2095,4003,1515
1031: 2078
1032: 1877,4243,1215
1033: 2050,2110,3316,3733
1034: 2858,338,507,3766
1035: 
1036: 3429,4802
1037: 3951,4750,2702
1038: 1150,2977,1235
1039: 3427
1040: 4313,4280,588
1041: 3602,2847
1042: 2982,4609
1043: 352,2850,1512,1596
1044: 2604,1292
1045: 2714,1911,2090
1046: 4549,4524
1047: 2236,4273
1048: 4821,4357,1474,1863,864
4109: 3543,1112,4340
1050: 
4207: 3198,365,3372,2566,3728
1052: 709,3512,2272
4487: 
1054: 4030,117
3833: 3020,2239
1056: 
4641: 84,2092
3819: 1500,3812,1608
4290: 
1060: 3227,2528,4219,456,2562
1061: 2299
1062: 4649,1914
4313: 1040,4280,4339
1064: 1857,2507
1065: 1496
1066: 1126
1067: 4161,739
1068: 3766
1069: 1079
1070: 784,3396
1071: 2614
4704: 1192
1073: 4368,3428,3152
1074: 3012,4531,358
1075: 3735
1076: 4007,237,3077
1077: 1320,2782
1078: 2897,3367,3694
1079: 1069,2607,4344
4748: 1523
1081: 3676
1082: 3967
1083: 3906
1084: 4660,2108,3617,402,3353
4454: 765
4311: 2900
3739: 3732,2506,1252,4173,4123,691
1088: 2671
1089: 
4408: 
1091: 3758
1092: 1735,996,2673
1093: 4170,2993,14,556,3140
1094: 
4350: 2263,2657,4076,1312
1096: 688,3065
1097: 2521,4762
1098: 
1099: 3537
1100: 1568
1101: 2902
1102: 3369
1103: 530,2660,4178,2664
1104: 4377,110,2456
4444: 4609,4297
1106: 217,3087
1107: 2429,3352
1108: 112,3834,4812
3803: 1655
1110: 1611,771
1111: 3450,3398,1913
1112: 3543,4109,3792
4673: 
1114: 527,2982,3486
1115: 3104,1624
1116: 3359,3138,2959,3801
1117: 3002,3150,1689,892
4223: 502,515,4646,4359
1119: 4010,3577,4377,297
4590: 4708,3737
1121: 377
1122: 4093,2019,4622,2889,3500
3811: 2897,2103,2211,2679,86
1124: 4563
1125: 554
1126: 1066
1127: 1410,506,710,4551,58
3719: 1365,2662,2463,1561,3652
1129: 
1130: 1768
1131: 3021,3092
4796: 205,4170,3019,556,3588,2465
1133: 4441,2740
1134: 1562
1135: 2469,2372,572,2046
1136: 3252,1520,4574,4112,2760,3328
1137: 301,4772,4776
3876: 1683,2844
1139: 795,307,4723,2750,161
1140: 
3801: 4360,2070,3669,2497,3138,1116
4782: 1707,2268,4370,2010,3435
1143: 
1144: 1560,1474,1270,1235,1150
1145: 2350,3775,99
1146: 2205,4535
1147: 1834,2739
4692: 
1149: 
1150: 1038,2977,4777,1144
4818: 3288
1152: 3677,2198,4790,2811,2582
1153: 168
1154: 151
1155: 1169,1825
4333: 4600,503
4506: 
1158: 
4551: 506,3251,58,1127
1160: 1423,2986,690
4495: 
1162: 479
1163: 4811,4233
1164: 3792,817,3788
1165: 3191,530
3955: 2696,2167
1167: 2996,2651
4615: 532,1662,1995
1169: 1155,1546
1170: 3530,3465,4163,3095,1849
4484: 3463
4597: 1545
3773: 4117
1174: 3253,304,3359
1175: 2233,871,3796,929,453,3691
1176: 
1177: 
1178: 2916
1179: 644,2046,3399,3520
1180: 4562,1757,163,838,2889
1181: 2623,4450,4050
1182: 3660,2994
4132: 944
1184: 2362,2944,1332
4014: 
4130: 976,3401,2055,2829,1682
4400: 
1188: 4251
1189: 1245,481
1190: 517
1191: 1616,4805,4680,2013,570
1192: 4704
1193: 2512,4098,4045,4747
1194: 3296,491,3403
4393: 4807
1196: 1556,66
1197: 3135,2807,480
1198: 200,1218,3747,900,4140
1199: 296
4229: 3387,2436,2644,4747,674
1201: 1794,1266,2298,793
1202: 164,266
4424: 4146,569,2388,408
1204: 1477,3085,4155
1205: 1629,1958,3979,868,4787
1206: 3785,3697,4434,1651,2769
4439: 3681,610,2826
1208: 2665,2291
1209: 2030
1210: 
1211: 793,3508,210,4553
1212: 2520,547,1303
1213: 4679,3627,351
1214: 218,1812
1215: 157,1032
3895: 4436,2621
1217: 3761,1301,382
1218: 200,1198,217,1022
1219: 4246,1370
3844: 3962
1221: 862
4539: 2092
1223: 2052
1224: 4020,1314
3950: 4195,1939,148
1226: 172
1227: 3681,1476
1228: 2243,511,444,2629
4681: 
1230: 664,3028,748,175
4613: 756,4713,401,2968,2890
1232: 1273
1233: 
4391: 1990,3102,1604
1235: 1144,1270,1038
1236: 549
1237: 2217
1238: 443,4653,3180,3561
1239: 3589
1240: 3974,882,4799
1241: 1860,3290,4239
1242: 2387,2700,3834,4812
1243: 4498,3307
1244: 
1245: 1189,481
1246: 3778,963
1247: 4532,1925
1248: 
1249: 2600,2393,3200,2543,2243
1250: 
4672: 3567,3466,220,3292
1252: 4173,770,3739,4123
1253: 4020,3894,655,2443
1254: 
3887: 4474,4118,680,4312
1256: 2047,561,3600,527
1257: 4079,4815,4118
1258: 2158
1259: 1781
1260: 2215,2210,3158
1261: 
1262: 4009
4685: 2708,912
1264: 
1265: 3758
1266: 1201,466,3888,1528,2298
3997: 2636,540
1268: 1511,1961
1269: 241,4271
1270: 1144,1560,1235
4234: 
1272: 494,3259,4416
1273: 1232
3727: 3856,3269,2981
4362: 4094,984,559
1276: 2416,965,255
1277: 3323,2775,3901
1278: 4131
1279: 3414,2807
3835: 3867,2141
1281: 4530,2022
1282: 2574,3335
1283: 724
1284: 4734,2484,1567
3786: 1803
1286: 
1287: 3872,3016,2595,2138,1743
1288: 1810,4141
4693: 
1290: 
1291: 1777
1292: 2604,1044,3242,390
1293: 723,3855
1294: 3285
1295: 1510,1742,2224
1296: 4039,2028
1297: 3563,1320
1298: 3113
4203: 
4040: 
1301: 4482,1217
4431: 4324,4156,3864
1303: 3084,547,3896,1212
1304: 829
1305: 
1306: 
4505: 766,1722,1475,1882
1308: 
1309: 2974,3248,3001,3132
1310: 4309,2110,3733
4359: 1487,3581,4284,4223,515
1312: 4076,4312,4350,1869
4066: 
1314: 4461,4224,3912,3690,1224
3906: 1083
3996: 
1317: 667,3568,3216
1318: 424,179,4105
4179: 1940,2609,4791
1320: 2782,4090,1077,1297
4160: 3567,1369
4725: 4660,1573
1323: 3814
4293: 3342,4657
4620: 3141,275
1326: 1657,2024,2070,3669
1327: 1884,2691,846,2355
4182: 1898,2611
1329: 1708,992
1330: 3247
1331: 
1332: 1496,1184
1333: 3520,30,2822,4816
1334: 4232,1468
1335: 3030
1336: 
4171: 3580
1338: 4283
4815: 2068,2511,3897,1257,4079,1699,3485,878,4118
1340: 
4657: 4293,2706
1342: 560,1643,2752,3239,3184
4658: 4522,2112,4820,1585,1607
1344: 1416,2729
1345: 
1346: 2724,2857,2306
1347: 2838
1348: 3436,727
3755: 
1350: 566,4521
1351: 4656,802
1352: 4039,665,1799
1353: 2016,1812,218,2904
1354: 2015,360
1355: 231,3643
1356: 
1357: 1359,1586,3215,4065
4404: 492,1011,4143,3292
1359: 1357,1586
1360: 1701,2222
1361: 4167
1362: 578,2960,509
3830: 3832,2051,498,2608
1364: 3840
1365: 3719,3652
4712: 4821,4357,864,3106
4694: 464,2179
4210: 2690,3056
1369: 2220,4160,560,3567
1370: 4721,1219
1371: 791,287
1372: 4215,322,4792,3408,1736,159
1373: 4142,1670
4154: 2089,2813
1375: 3715
4644: 3907,757,1975,803,112
4523: 1439
1378: 2279,4667,4278,2391,4789
1379: 
1380: 789
4804: 
1382: 242,4617,4754
1383: 
1384: 3003,2295,2273
1385: 445
1386: 4559,2168,1770
1387: 3188,2658,3132,740
3684: 4798,4442
3747: 2697,900,1198
1390: 3639,4091
1391: 3236,1640
1392: 4473,1511,1961
1393: 2889,3500,1757
1394: 2588,4780,1676,736
1395: 3083,2528
4415: 4327
1397: 3198
1398: 1445,4741,4768
1399: 4064,4767
1400: 2723,4764
3949: 
1402: 2384
1403: 4206
1404: 1825
1405: 2825
1406: 3365,3917,3232,71
1407: 3840
4106: 466,1620,3787
4092: 514,2869,2551,3334
1410: 1769,3704,1127,710
1411: 4785
1412: 3014,4768,4330,4806
4603: 4724,1814
4723: 307,4289,2750,1139,4788
4329: 1502,4291
1416: 4281,2729,1344,4687
1417: 4465
4114: 4791
1419: 1012,4038,4544
1420: 192
1421: 3237
1422: 4661,2270,1771,4618,1662
1423: 3903,1160
1424: 832
1425: 1742,2224,1842,2280
1426: 
1427: 1514
1428: 
1429: 742,640,1598,1775
4074: 564,837,2709
4055: 4786,553
1432: 1484,733
1433: 4801,568,795,3064
1434: 2732,541,378
1435: 1973,4376,2847
1436: 2340,529,2017
4072: 3023,3502,4587,4245,457
4763: 4771,3900
1439: 118,4523
1440: 3056,2764,4491
1441: 3436
4680: 1885,3231,4805,1191,2013
1443: 2580,3630,1586,3215
1444: 
1445: 1398,4282,1541,4322
1446: 2598
4279: 4031,3919,3135
1448: 3677,2198,186,3576,2503
1449: 610,10,2549,1482,4456
1450: 3636,4427,3130
1451: 2906,778,538
1452: 1623,118
1453: 3148
1454: 68,3793,3308,2213,3968,4670
1455: 48,1878,2968
1456: 
4706: 4287,3010
1458: 4291,1765,2359
1459: 1912,3935,365,4698,2455,3728
1460: 624
1461: 4310,2630
1462: 3168,1628,60,596
4278: 1378,4667,2511,4086,878
4373: 4218,1961
4339: 4313,2094,4608
1466: 4364,2028,4797,4714
4325: 3377,4601,4256
1468: 1508,1334,4232
4169: 
1470: 120
4628: 2928,580,4252,3582
1472: 2924,3208
1473: 
1474: 1144,1560,3345,4821,1048,1863
1475: 297,2100,1882,4505
1476: 1227,2477
1477: 1204,3160,3146,4774,4155
1478: 3789,3244,982
1479: 4213,3505,3825,4286,2488
4425: 3585
1481: 2318,276
1482: 632,1449,2549,4456
4469: 1810
1484: 3267,3674,975,2659,1432
1485: 522,2155
1486: 3256
1487: 3581,4284,4359,4065
1488: 3566,92
1489: 2525,2274
4619: 734,4496
1491: 1912
1492: 4561
1493: 1732,278
1494: 1006,2474,707,3098,324
3863: 
1496: 1332,1065
1497: 
1498: 2066,1564
1499: 4776,1627
1500: 2648,3812,3819
1501: 221,1819,3697,1677
1502: 4329,4778
1503: 3071,551,1862
4297: 3639,4091,4444
4049: 521,4770,3081,4787
1506: 3023,3396,4767
4411: 2976
1508: 1468
1509: 2980,4447
1510: 1295,1647,4238,954
1511: 1268,1392,1737,3826
1512: 1984,2850,1043,882
1513: 898,2690,4537,1637
1514: 813,1427,2146
1515: 2433,1030
4430: 4760,2462
4083: 86,2103,2595,2682
4258: 1762,360
1519: 4664,3547
1520: 3252,1136,4792,3408,4574,159
1521: 4762
1522: 2072,1882,1722,732,2736
1523: 4748
1524: 404,1649,4010,2100,2072
1525: 2356
1526: 101,3591,2563
4294: 2492
1528: 3667,2298,3888,1266
4537: 2099,2342,1513,682
3860: 2029,2830,2112,3972
1531: 4355
1532: 670,493,3173,292
1533: 1608,4783,3802,3431
4156: 3864,4431
1535: 
1536: 
1537: 4214
1538: 3282,2446
1539: 419,930,4036
1540: 2308,1727
1541: 4282,4322,4810,1445
1542: 3708
1543: 2179,2654,455
1544: 596
1545: 4597
1546: 2345,2149,1169
1547: 3636,3379,38,3822
1548: 1622,818,3294
3974: 4533,1240,652,4799
3850: 2250,2391,4667,4789
1551: 1789
4105: 2358,1318
4611: 
1554: 8
1555: 4728,2293,2543,801
1556: 1196,66,871,65,750
1557: 
1558: 2022,4642,4522
1559: 108,1878
1560: 1144,1474,1270,1863
1561: 2463,3719,2271,3652,3635
1562: 1029,1134
1563: 153,3480,473
1564: 2877,1498
4766: 3358,2623
1566: 
1567: 2216,2496,1284,2078
1568: 1100
4282: 1541,4810,1445,2330
1570: 1803,2019,3139
4503: 3647
1572: 3184,2349
1573: 4725,652,3169
4534: 2480,4640,282,316
4474: 3887,4118,680,1699,2773
1576: 3421
1577: 2129
1578: 2829,508,4529
1579: 86,2211,2545
1580: 251
4536: 1856
1582: 3618,3100,3882
1583: 4678,1767,3200,4728
4542: 317,1819,18
1585: 4820,3664,4658
1586: 1357,1359,3215,1443
1587: 1811,3597
1588: 2934
4741: 3303,2200,1398,4768
4363: 955,3720
4307: 749
1592: 
1593: 1671
1594: 857,4740,2619
4344: 2523,2607,1079,26
1596: 1984,1043
1597: 442
1598: 2636,935,1775,1429,640
1599: 494,4199
1600: 3083,110
1601: 1734,4578,3716
1602: 2526,2991
1603: 1665,2014
1604: 2818,3102,4391,3665,2958
1605: 2042
1606: 4490,2969,726,344
1607: 2559,4658,2112,4820,4414
1608: 2366,1533,3812,3819
1609: 436,4093,4622
1610: 2507
1611: 1110,4355
1612: 
1613: 893
1614: 2240
1615: 
1616: 865,1191,3722,4805,4028,570
1617: 1643,787,560
1618: 868,2831,3081
4762: 1521,1097
1620: 4106,466,4023
1621: 
1622: 513,1548,958,182,730
1623: 1725,1452
1624: 3104,1115,1920,2209
1625: 
1626: 
1627: 223,1499
1628: 4251,3168,1462
1629: 1205,1958,4787
1630: 2684,770
4446: 
1632: 2421,446
1633: 891
1634: 2592,1865
1635: 1027
1636: 1873
1637: 328,3505,898,1513
1638: 3577
1639: 549
1640: 1391
1641: 1771
1642: 2726,2452
1643: 1617,2752,1342,560
1644: 
1645: 
1646: 
1647: 3412,2756,4238,1510,1742
4134: 3787,4048,3319,4634
1649: 4010,2303,2100,1524
1650: 3189
1651: 4112,2760,2769,3785,1206
1652: 3774,3660
4029: 
1654: 
1655: 3803,565,4343,4788
4584: 31,2364,4806,4020,4447
1657: 1326,4125,1840,1957,2024,399
1658: 3851,3526,659
1659: 3954,1880,3916
1660: 1877,2617,4343,2130,565
1661: 1846,2449
1662: 4618,4661,1422,1995,4615
1663: 3323,836,4057
1664: 
1665: 1603,64
1666: 3207,4396,2742
4416: 4497,1272
4793: 2939
1669: 2529,3329,2235
1670: 2758,1373
1671: 1693,3978,1593
3766: 1068,1034
1673: 
1674: 170,3653,2841
1675: 537
1676: 4780,1394,2588
1677: 1501,3785,3697
1678: 2709,1836
3845: 3601,2715,3230,1860,1023
1680: 4057,3068,2699
1681: 1691,342,3952,1829
1682: 3491,4130,2055,2829
1683: 3876,2844,1858,2307
3832: 3830,2051,1835
1685: 4564,2686
3826: 1737,1511
4025: 224
4274: 875,2095,4003
1689: 1117,892
1690: 15
1691: 1681,3952
1692: 520,4669
1693: 1671,3978,3455
3822: 38,3553,1547
1695: 
1696: 3234
1697: 2210,752,503
4273: 1047
1699: 2871,3485,4815,4474,4118
1700: 2548
1701: 1360,2222
1702: 4007,349
1703: 2875
1704: 300,2858,3395,939,3057,2125
1705: 
1706: 3700,144
1707: 4782,2801
1708: 1329,3123
1709: 2499,3797
3696: 
4567: 3975,4024,725
1712: 2034,3290
3693: 4576,2570,1965
4575: 1729,4422
1715: 3476,3447
1716: 
1717: 
4664: 1519
1719: 
1720: 3873,2660,3962,2664
1721: 2607,4576,270,2523
1722: 4505,732,1522,1882,2736
1723: 
1724: 4069
1725: 3094,1623
1726: 3061,1992
1727: 581,2308,1540
1728: 
1729: 4575,4436
1730: 
1731: 2017,4103
1732: 3938,2922,1493
1733: 1968,2804,1789,3954
1734: 1601,4578,3312,2792
1735: 1092,2439
1736: 933,159,4792,1372
1737: 3826,4473,1511
1738: 3438
1739: 2045,2601,2688
1740: 1994,4192,57,166
1741: 4605,2477,1985,4586,4625,915
1742: 1295,2224,1647,1425
1743: 2595,1287,3016
4417: 3250
1745: 1895
1746: 
1747: 937,3178
1748: 
4677: 2703,538
4091: 3639,1390,4297
4080: 
4195: 2025,2043,3950,4157
1753: 3679,432
1754: 
1755: 
1756: 2979,2754,2459,3336,3532,3510
1757: 4562,1180,163,2889,1393
4310: 1461,4119,2153,4795
1759: 3805
1760: 4077
1761: 
1762: 4258,3553,922
4429: 2509,275
1764: 4122,2563,4086
1765: 4291,1458,436,2952,3817
1766: 2323
1767: 1583,4678
1768: 1130
1769: 3704,1410,956,3986
1770: 3875,2599,1386
1771: 1641,1422,4618
1772: 616,4473
4065: 1487,4284,1357
1774: 3422,257
1775: 1598,446,1429
1776: 
1777: 805,1291
1778: 
1779: 4384,4573
1780: 1029,4591,3484,685
1781: 1259,2943
4249: 4582
1783: 3923,3884,4540
1784: 4206
4587: 4064,4767,3023,4072
4817: 2865,2823
3934: 
3967: 1082
1789: 1733,1551
1790: 3330,1929,3453,3015
1791: 2363,2312
3998: 3172,4437
1793: 619,3020,985
1794: 1201,793,1974
1795: 2077,2616,4705
4797: 385,2754,4245,457,1466,4364,2028,4714
4492: 
4178: 2094,2284,4608,2660,1103
1799: 1352,2134
1800: 
1801: 4689
1802: 2361,3428
1803: 1570,3786
1804: 
4016: 
1806: 1949
1807: 1002,636,656
4635: 553,2641
4183: 4023,2056,4337
1810: 1288,4469,2440
1811: 2181,1587
1812: 1353,218,1214
4578: 36,1601,1734
1814: 4648,4603
1815: 147,3182,2030,2899
3752: 
1817: 3254,3624
4309: 1310,2409,2110
1819: 4542,317,1501,1927
1820: 
1821: 3927
1822: 4305,2734,4321,2293
4038: 1419,2241,4544
4569: 3557,4452,2310
1825: 806,1155,1404
1826: 3279
1827: 3896,3158,3989
1828: 3348,4397
1829: 3450,2333,1681,3614,3952
1830: 
1831: 3381
3796: 2707,540,453,1175
1833: 3061,265,4103
1834: 1147
1835: 4785,3832
1836: 1678,4476,242
1837: 2772,3492,3164
1838: 2337,4384,100
1839: 3736,2758
1840: 3754,1957,2024,1657
1841: 937,678,1012,2868
1842: 3816,2280,1425,4792
4288: 809,4604
1844: 3667,2298,2484,4734
1845: 2214,4194
1846: 1661,3529
1847: 
1848: 3892,3818,1006
1849: 3095,1170,3465
1850: 3203,2121,514
3733: 799,2110,1310,1033,2050
1852: 3613,2578
4768: 3392,4741,1398,3626,1412
3868: 
3899: 3982,2787,4805
1856: 292,4536
1857: 1064,2507,3167,3360
1858: 1683
1859: 378,648
1860: 1241,3290,4659,3601,3845
1861: 0,3283
1862: 3443,1503,551
1863: 864,1048,1560,1474
1864: 3983,3734,961,1898
1865: 1634
4760: 4430,2462
4698: 2129,2455,1459,3935
1868: 350,4095
1869: 3153,1312,2336
1870: 3108,2041,3183
1871: 2953
1872: 2310,2439,3557,2673
1873: 1636,426
1874: 2471,4188,334
1875: 
1876: 448
1877: 1032,1660,2617
1878: 48,1559,223,1455
1879: 
1880: 1968,3954,1659
4779: 3521,122,4508,2544
1882: 2072,1522,1475,4505,1722
4366: 
1884: 2613,1327,4670
1885: 4680,4438
4586: 1985,953,3155,1741,4625
4445: 2019,3500
1888: 2958,2888,2825
1889: 4588,350,3815
4048: 4023,3787,4134,4337
4305: 1822,2734,2874
1892: 669,4810,4394,2037,209
1893: 561,527
3983: 1864,3524
1895: 4738,1745,2786,1917
1896: 4682,3871,2195
4786: 1949,988,2641,4055,553
1898: 4182,4101,1864,3734
1899: 
4259: 2373
1901: 2731
4332: 190,3657,3902,628
4120: 112
3834: 1108,1242,4812
4085: 4185,4383,586,3344,213
1906: 4787,521,3136,2369
1907: 
3758: 143,1265,1091
1909: 3083,110
3963: 
1911: 2177,1045
1912: 1459,3935,1491,4703
1913: 3398,93,1111
1914: 3985,1062
1915: 3789
4735: 243,2412
1917: 3545,1895
1918: 3737,2442,3533,4243
1919: 4596
1920: 4353,3103,1624,2209
4056: 3049
1922: 3340
1923: 2152,2182,269
3927: 1821
1925: 4185,1247
1926: 331,2378,2023
1927: 2426,317,1819
1928: 353
1929: 3330,1790,3346
1930: 806
4387: 2300,2196
4494: 4773,3640,4371,3618,3745
3884: 4540,4787,380,1783
1934: 2379
3715: 4161,1375
1936: 2867,2668
1937: 4253
1938: 165
1939: 2630,3950
1940: 4179,3022,2609,3561,643,4791
4548: 3315,930,300
1942: 
3722: 4805,954,4028,1616
1944: 2580,3630
1945: 3617,402
1946: 2404
4690: 4410,2638
3740: 2529
1949: 1806,4786
3987: 4189,3514,2136,4486
1951: 862
1952: 4809,2170,2910
1953: 
1954: 
4086: 2511,3897,1764,4122,4667,4278
1956: 305,3186,2631
1957: 1840,173,484,1657,399
1958: 1629,1205,3979,4637,4787
1959: 4645,3177
4143: 669,1011,4404
1961: 1268,1392,4373
3879: 2172,2985
1963: 2807,1026,4364,3414
1964: 
1965: 2570,2736,3693
1966: 585,2527
1967: 2204,4785,264
1968: 2804,1733,1880,3954
4117: 3773,2466,3354
1970: 459,2659,2552
1971: 2954,873
4112: 1651,2760,2769,4574,1136
1973: 1435,2847,3602
1974: 4710,1794
1975: 4644,3907,803
1976: 2657,2366,2737
4637: 1958,3979,501
3956: 3661,4800
4427: 1450,3854
4190: 3412,2140,2756
1981: 3690,3461,370,4580,4461
1982: 2098,3603
1983: 3421
1984: 1512,1596,2775
1985: 953,4586,1741,4625
3939: 3146,4774
1987: 4380,3750
1988: 
4520: 3426,3675,4798
1990: 4391,3685,4116,4605,3102
1991: 3937,537
1992: 1726
1993: 3297,3499
1994: 1740,4192,2459
1995: 2068,4661,1662,4615
3814: 3857,2517,1323
4743: 2565,3726
1998: 195
1999: 3055,4271
2000: 44
2001: 893,2650
2002: 2610,3017,3593
3754: 1840,2024
2004: 931,3284,1008,135
4660: 1084,3617,402,4725
2006: 11,3279
2007: 4108,4347
2008: 3075,2680,4345,4592
2009: 3930,777,815
2010: 2846,4782,945,2260
4352: 2538,3452
2012: 3937,3931
2013: 2970,570,4680,1191
2014: 1603
2015: 1354,2117
2016: 1353,4396,2904,2481
2017: 529,1731,2052,1436
2018: 4115
2019: 1570,3139,4445,1122,3500
3909: 960
2021: 4498,2722,823
2022: 1558,4642,1281
2023: 2378,1926,997
2024: 1840,3754,2497,3669,1657,1326
2025: 4195,4157,4795
4710: 3233,1974
2027: 4816,30
2028: 1466,4364,1296,4797
2029: 3860,2830,3386
2030: 1209,1815,2899
2031: 
3688: 3058,2363
2033: 2835
2034: 1712,3807,317
2035: 802
4235: 
2037: 4394,1892,4583,2464,209
2038: 2080,3280,2230
2039: 
3970: 4489
2041: 2674,1870
2042: 1605
2043: 4195,2989,3551
2044: 2597,4496,2520,660
2045: 1739,2205
2046: 572,3399,1179,3520,3605,1135
2047: 561,1256,2207,3600
3780: 0,2597
2049: 2533
2050: 1033,799,3733,4380,228
2051: 3830,3832,3267
2052: 1223,2017
4116: 58,4605,3102,1990
4157: 4795,2025,4195
2055: 4130,976,2781,3491,1682
2056: 2374,4708,474,4183,4337
4045: 2644,1193
2058: 4699
2059: 4722
2060: 2274
4018: 
2062: 4784,3059
4221: 2224,2151,4792,4149,2866
2064: 
3775: 3881,99,1145,2133
2066: 1498,3616
2067: 
2068: 1995,4815,4079
2069: 3108,3183
2070: 3801,4360,3669,1326,3709
4802: 3429,4507,1036
2072: 1522,1882,2100,1524,404
2073: 
2074: 132
2075: 2086
4379: 3295
2077: 1795,2616,2813,2089
2078: 1031,4773,1567,2216,2496
2079: 2556,8
2080: 3280,316,2038,2230
2081: 24,2791,3208
4724: 4603
2083: 2258,3600
2084: 387,3077
2085: 3698,4420,23
2086: 2075
2087: 
2088: 4808,2189
2089: 4154,2077,2813
2090: 4139,1045
4700: 4051,3896,2370
2092: 4641,4539
2093: 1001,2169,2743
2094: 4178,2284,4608,4339,244
2095: 4003,4274,515,1030
2096: 597
2097: 3871,771,2195
2098: 1982,3603
2099: 4537,2342,3936,3687,682
2100: 297,1475,1649,4010,1524,2072
4152: 3489
2102: 3032,4810
2103: 2897,3811,3367,2211,86,4083
4540: 182,3884,1783,3923,513
2105: 3321
3705: 2407
2107: 
2108: 1084,2600
2109: 4769,83,2912
2110: 4309,1310,1033,3733
2111: 4452,3948,2454,2310,2171
2112: 4522,4658,3860,3972,1607
4063: 
3778: 1246
4164: 4448,84
2116: 2340
2117: 4739,2175,2015
2118: 3382
2119: 4341,2794
2120: 
2121: 3203,1850,3264
2122: 2180
2123: 
2124: 4814
2125: 3044,1704,2858,3057
3888: 2230,1528,466,1266
2127: 89,3438
3828: 271,348
2129: 654,1577,4698
2130: 4343,1660,4788
3862: 
4201: 16,3080
2133: 2241,4544,3881,3775
2134: 938,1799
4703: 3728,4019,1912
2136: 3987,3514,3912,4822
2137: 2704,2722,949,3481,646,3744,2944
2138: 889,3367,2595,1287
3750: 1987
2140: 2756,3559,4799,3756,4190
2141: 3867,3835
2142: 3815,67
2143: 
4791: 4579,4179,1940,2609,643,141,4114
2145: 355,2653
2146: 1514,813
2147: 3129,121,4820
2148: 3409
2149: 3519,396,1546,2345
2150: 6
2151: 4434,4221
2152: 1923
2153: 214,4119,2225,4795,4310,3654
2154: 3264,663
2155: 2738,1485,3220
2156: 3622,2671
2157: 2885
2158: 1258
2159: 3428
4807: 4393,248
2161: 2300,2196
2162: 776
3799: 3629
4621: 3647
2165: 3703
2166: 2397
2167: 3955
2168: 1386,4559,1019
2169: 2093,1001
2170: 4809,1952,3187
2171: 2310,2111
2172: 3202,2985,3644,3879
2173: 4647
2174: 738,4151,891
2175: 922,4789,2117
2176: 426
2177: 623,1911
4737: 2714
2179: 1543,4694
2180: 2122
2181: 1811,1007
2182: 1923,2881,269
2183: 849
4204: 
3915: 
2186: 2883,2633
2187: 2389,919,3431,807,3802
2188: 3371,724
2189: 4808,2088,179
2190: 277
2191: 303,2578,2589
4614: 
2193: 807,3802,2436,4783,886
4057: 1680,1663,836
2195: 3871,2097,1896
2196: 2300,4387,2161
4707: 
2198: 3677,1152,1448,2503
2199: 2408,769,3087
2200: 4778,4741,3303
4252: 200,4628
4124: 
2203: 3478
2204: 4785,264,1967
2205: 1146,2045
2206: 4636,3283,4050,4686
2207: 2047,85
2208: 3188,2658
2209: 2716,1920,1624
2210: 2215,752,1697,1260
2211: 86,1579,3811,2103
4094: 1020,4362,618,984
2213: 1454,3308,2613,4670
2214: 1845,4811
2215: 2210,752,4499,1260,3158
2216: 1567,2496,4773,4371,2078
2217: 1237
2218: 2633
4103: 265,529,1731,1833
2220: 2349,1369
2221: 
2222: 1701,1360
2223: 249
2224: 1295,1742,1425,4221
2225: 3174,214,3080,2153,2433,3654
2226: 
2227: 2805
2228: 
2229: 3227,2670,3195,2419,135
2230: 3888,2080,2038
2231: 
2232: 2377,966
2233: 871,1175,929,10
2234: 3321
2235: 3329,1669
2236: 1047
4376: 2847,1435
3843: 2603,3060,3226
2239: 2699,3833
2240: 1614
2241: 2133,4544,3310,4038
2242: 3620,205,1025
2243: 511,1228,3200,2543,1249
2244: 4150,3180
4037: 449,468
4448: 4164
2247: 4511
2248: 3885,4423
3703: 2665,2165
2250: 3850,3379
3707: 
2252: 4301
2253: 
4646: 544,4223,502
4319: 2312
2256: 3846,702,213
2257: 574,3028
2258: 2083,3600
4750: 1037
2260: 945,4370,2010
2261: 
2262: 876
2263: 4350,3763,4512
4001: 602
4686: 4050,3283,2206
4504: 
2267: 
2268: 3648,4782
4783: 854,4435,3387,2436,2648,3812,2193,3802,1533
2270: 4661,1422,2772,3338
2271: 3652,1561
2272: 1052,709,3993
2273: 2295,1384
2274: 1489,2060
2275: 4054,979,3386,4058
3961: 2602,4812
2277: 475,2941,415,2918,375
2278: 
2279: 1378,3485,2824
2280: 3816,1842,1425
2281: 
2282: 4267,4781,4800
2283: 
2284: 4178,2094,13
3732: 1025,3739,2506,4173
3738: 476
3712: 3531,821,3403,4044
3808: 2640
3919: 4279,2841,3653
2290: 251
2291: 1208
4251: 1188,3168,1628
2293: 4728,1555,1822,2734,801
2294: 90
2295: 4671,2273,1384
4442: 3684,4353,3103
3770: 4765,234,405
2298: 1528,3667,1844,1201,1266
2299: 1061
2300: 4387,2196,2161
3993: 2272,264
4645: 1959,2461
2303: 1649,4017
2304: 
3943: 4809,154,2667
2306: 2724,1346,1029,2872
2307: 1683
2308: 1540,1727
2309: 432
2310: 1872,2171,4452,2111,3557,4569
3781: 3012,3438
2312: 4319,1791
4271: 1269,1999,4121
4141: 1288,339
2315: 2930,4236,158
4024: 4567,2851,3875
2317: 963,2624
2318: 3385,1481,276,4781,881,2432
2319: 573
4401: 219,3694,33
3748: 
4792: 4215,322,1372,1842,4221,3408,4149,4574,2866,1736,159,1520
2323: 2406,1766
3869: 62
2325: 3331,517,3017
2326: 2620,508,4794,4529
4564: 1685,2430,2686
4127: 
3947: 3851
2330: 3626,4394,4282,4810
2331: 
2332: 
2333: 1829,3450,3952,3713
2334: 4248,4780
2335: 2751,3472,4413
2336: 1869,3289
2337: 1838
2338: 2487
4058: 581,3386,2275
2340: 1436,2116,896
2341: 3920
2342: 2099,4537,3936,4801,594
2343: 
2344: 417,473,2655
2345: 1546,2149,396,505,4811
2346: 75,4266,4777,372,2977
4054: 2275,3972,979
2348: 
2349: 2220,1572,3560
2350: 931,3284,877,1145
4559: 2599,1386,2168,4036
4006: 4075,3806
2353: 9,913
4472: 
2355: 573,622,1327,846
2356: 1525,3493
4119: 214,2153,2706,4795,4310
2358: 4105
2359: 3817,1458,3303
2360: 4084,3522,668,384,4765
2361: 1802
2362: 1184,742
2363: 1791,3688
2364: 4584,31,4806,4447
4728: 2293,1555,2543,1583,3200
2366: 1608,1976
2367: 
4000: 
2369: 3136,134,3144,1906,182
2370: 4700
2371: 4248,4780,2666
2372: 572,1135
2373: 4259,3589
2374: 2056,4708,474,284
2375: 3100
2376: 
2377: 4107,2232
2378: 578,2023,1926
2379: 1934
4082: 554
2381: 3823
4423: 3885,634,2248,736
2383: 3143,3034
2384: 1402
2385: 4281
2386: 
2387: 1242,4812
2388: 569,4424
2389: 919,2187,3431,2737
3792: 1164,1112
2391: 3850,1378,4789
2392: 3959
2393: 1249,2600,2787,2629
2394: 687
4795: 4157,3107,3342,2706,4119,2153,4310,2025
4023: 4048,1620,4183
2397: 3995,2166
2398: 
2399: 3584,4806,3650,3335
2400: 
3937: 2012,1991
2402: 2986
2403: 2696
2404: 1946,3062
3787: 4134,4106,4048
2406: 2323,2435
2407: 3705,4732
2408: 2199,769,456,3195
2409: 4776,301,4309
2410: 597,3228
2411: 682,3671,3687
2412: 4735,243
3817: 2359,1765,2952,838,2892
2414: 
2415: 2957
2416: 2523,1276,3344,255
4392: 2644,3387
2418: 3222,3872,3776
2419: 3195,2229,931
2420: 481,4663
2421: 1632
2422: 4330,3392,655,2833,4806,31
2423: 3449,3416,2930,3522
3953: 196
2425: 
2426: 1927,3534,3975,4228
4452: 858,2111,2310,4543,4569
2428: 
2429: 1107
2430: 3055,4564
4522: 4658,2112,1558
2432: 881,2318,276,4781
2433: 3654,1515,3174,2225
4238: 1647,3412,1510,954
2435: 2406
2436: 3387,4229,4783,2193
3944: 
4455: 2480,590,4640
2439: 1872,1735,2673
2440: 337,339,1810
2441: 
2442: 1918,69,4243,4289
2443: 4583,921,209,1253,3894
4507: 61,4802
4353: 1920,4442,3103
2446: 1538,3282
3938: 1732,2922,404
2448: 4511,3073,3165
2449: 1661,3930
2450: 3341,3645,2974
4443: 243,4780,3256
2452: 2726,1642
3686: 3676,121,4642,3664
2454: 518,2111,3948
2455: 3198,4698,1459,365
2456: 2759,1104
2457: 3143
2458: 3298
2459: 2859,3336,1994,4192,1756
4616: 1016,3173,292
2461: 4645
2462: 2662,4760,4430
2463: 1561,2662,3719
2464: 4583,2833,3626,2037
2465: 1015,4796
2466: 4022,4117,3354
3756: 4799,3985,2140,3559
4031: 4279
2469: 1135,2701
3986: 956,3608,1769,2911
2471: 1874,874,648
4098: 4410,1193
2473: 637
2474: 1006,1494,3818,3098
4499: 2215
4399: 915,4488
2477: 4605,1741,1476
2478: 2702
2479: 
2480: 590,4534,4455,4640
2481: 2904,2016,4034
2482: 
2483: 383,2732
2484: 3827,3849,1844,1284
2485: 4199
2486: 308
2487: 2338,2752,3239
2488: 620,1479,4213,4286
2489: 
2490: 768
2491: 2594
2492: 4294
4756: 4136,3625
4133: 
4242: 2545
2496: 1567,2216,4773,2078
2497: 739,2024,3801,3669
2498: 
2499: 1709
2500: 2886
2501: 3258,4096
2502: 
2503: 1448,2198
2504: 
2505: 644,4501
2506: 3732,1025,3739,4173,691
2507: 1857,1064,3360,1610
3872: 3222,1287,3016,2418
2509: 4429,4324
2510: 3333,3149,290
2511: 4086,3897,4815,4278,878
2512: 1193,3629,4747,4674
3890: 
2514: 2861
2515: 839,3345,4184,4777
2516: 
2517: 3814,3857
2518: 
2519: 
2520: 1212,2044,2597,660,2526
2521: 1097
2522: 3477,4823,4231
2523: 2416,4344,1721,2607
2524: 
2525: 1489
2526: 1602,2520,660
2527: 430,1966
2528: 1060,2670,2562,1395
2529: 1669,3740
2530: 2840,3236
2531: 
4473: 1772,1392,1737
2533: 3358,4222,2049
3789: 1478,1915,3244
2535: 
4241: 
2537: 3741,152
2538: 4352
4524: 1046
4019: 4703,3728,3700,3372
2541: 
4151: 891,2174
2543: 4728,1555,3200,1249,2243,511
2544: 3162,4779,772
2545: 4242,1579,2837
2546: 809
2547: 929,913,2707,9
2548: 3742,602,1700
2549: 1449,4733,933,1482,632
2550: 
2551: 4092,514,2738
2552: 4626,1970
4436: 3895,1729,2621
2554: 397
2555: 409
2556: 2079
2557: 4582
2558: 4648,3185
2559: 1607,3972
4476: 2709,832,1836,242
3965: 4301,643
2562: 2908,4219,3883,1060,2528
2563: 1526,3591,1764
4224: 4461,3912,1314,810
2565: 4743
2566: 3372,4207
2567: 
4799: 3756,3974,1240,652,3985,2140,3559
2569: 
2570: 1965,732,3693
2571: 4262,3247,109
4467: 3291
4775: 3556,4525,212,2926,16
2574: 3335,1282,709,3512
2575: 2727,4007
2576: 361
2577: 
2578: 3613,4413,2191,303,1852
4322: 1541,309,1445
2580: 1443,1944,3630
2581: 507,729
2582: 2811,4790,1152,987
4131: 4181,1278
4456: 1449,1482
4482: 1301,2720
3694: 1078,219,4401
4813: 4541,455,145,3821,439
2588: 1394,3240,4780,1676
2589: 2191,303,490,681
2590: 2740,3622
2591: 2894,3113
2592: 1634
3743: 
2594: 2491
2595: 4083,2138,1743,1287
2596: 3530,789,628,190,4163,4239
2597: 2044,0,3780,2520
2598: 1446
2599: 4559,1770
2600: 1249,2393,3353,2108
2601: 2688,1739,723
2602: 3961
2603: 2685,3843,3226,3672
2604: 1292,1044,111,3210
4705: 1795
4508: 4779
2607: 1721,4576,1079,2523,4344
2608: 498,4573,975,3830
2609: 4179,1940,3022,119,4791
2610: 3597,2002,3017
2611: 4182
4460: 
2613: 1884,2691,4670,2213
2614: 1071
4418: 666
2616: 2077,1795
2617: 718,1877,1660,565
4388: 3518
2619: 1594
2620: 2326,4765
2621: 4436,3895
4261: 
2623: 1181,4766
2624: 2317
2625: 2795
4648: 2558,3305,1814
2627: 615,68
2628: 
2629: 2393,1228,3982,2787
2630: 1939,1461
2631: 150,3687,1956,3186
2632: 271,3916,4823,4231
2633: 2218,2186
2634: 476,2902
2635: 3836,3169,4381,3412
2636: 1598,935,3997
4243: 1032,1918,2442
2638: 3397,3375,4690
4774: 1477,3939,3146,4155,4647,62,3053
2640: 3214,3808
2641: 988,4786,4635
4084: 2360,3522,4765
2643: 
2644: 4045,4392,3387,4229
2645: 
2646: 947,2674
2647: 3065,3220
2648: 1500,3812,230,4783,854
2649: 100
2650: 2001,2800
2651: 1167,4721
4470: 525,2680
2653: 2863,2145
2654: 1543
2655: 673,417,2344
4708: 2056,2374,788,284,4590
2657: 1976,88,4350
2658: 3188,2208,1387,740
2659: 459,1970,3674,1484
2660: 3873,1720,4178,2664,1103
4009: 3063,1262,3446
2662: 2462,3719,2463
4008: 3165,4511,3181
2664: 3191,2660,1720,1103
2665: 1208,326,3703
2666: 3381,993,2371
2667: 154,3481,3943,4809,3744
2668: 2867,1936
2669: 4479,3718,919,414
2670: 3227,2528,2229,135
2671: 1088,2156,3642
4075: 4006,3806
2673: 1092,996,1872,2439,3557
2674: 2646,2041
2675: 
2676: 2968,2890,853,4778,2942
4751: 
3779: 4340,3492
2679: 2897,3811
2680: 3075,2008,4470
2681: 
2682: 4083
2683: 536
2684: 3593,1630
2685: 2603,2846,945,3094
2686: 4121,4564,1685,3406
4780: 1676,4443,243,1394,2588,2371,4248,2334
2688: 2601,113,1739
2689: 
2690: 898,1513,4210,594
2691: 2613,1327,3964
4118: 4474,3887,4815,1257,1699
4769: 2109,4519
2694: 
3713: 3450,2333
2696: 3955,2403,459
2697: 673,3747
2698: 830
2699: 2239,1680,737
2700: 3441,1242
2701: 342,2469
2702: 2478,1037,3951
2703: 538,4677,2906
2704: 2137,2722,646,2944
4778: 2200,853,1502,2676,2942
2706: 3342,4657,4119,4795
2707: 3796,540,491,2547
2708: 3917,4685
2709: 4476,4074,1678
2710: 
4281: 1416,2385,2729
4355: 1611,1531
3964: 3886,2691
2714: 1045,4737
2715: 3230,3845,1023,419
2716: 808,2209,3519
3892: 1848
2718: 
2719: 191
2720: 4716,2987,4482
2721: 2989,349,2727,273
2722: 2704,2137,949,2021
2723: 50,1400
2724: 2857,1346,2306,2760,1029
2725: 4543,172
2726: 2452,1642,4304,2768
2727: 2575,2721,349,273
2728: 
2729: 1416,4281,1344
4003: 2095,4274,1030
2731: 1901
2732: 1434,383,2483
2733: 193
2734: 1822,4305,4683,2293
4435: 4246,4783,854
2736: 1522,1722,732,1965
2737: 2389,3431,1976
2738: 2155,2551
2739: 1147
2740: 1133,2590,3622
4787: 1906,868,1629,1205,1958,521,4049,380,3136,3884
2742: 1666
2743: 3213,4594,79,2093
2744: 955,3307,4315,4498
3857: 3814,3635,2517
2746: 2779
2747: 2940,3430
2748: 1021
4428: 3746,239
2750: 4723,1139,4788
2751: 671,3472,2335,3307
2752: 2487,1643,1342
4577: 
2754: 385,4797,3336,3510,4714,1756
3815: 1889,2142
2756: 2140,1647,4190
4579: 4791
2758: 1670,1839,75,4491
2759: 2456,3725
2760: 4112,1651,1136,2724,2857
3901: 3941,2775,1277
4441: 1133
4283: 1338
2764: 4491,1440,82,948
3851: 1658,3947
3941: 3901,3323
4173: 1252,3732,3739,2506,4123
2768: 4304,2726,717
2769: 4112,1651,4574,1206
2770: 961,4101,285,3734
3985: 3710,1914,4799,3756,3559
2772: 1837,2270,3338
2773: 916,4474,680
4189: 3987,4486,579
2775: 1984,1277,3901
2776: 2951,3035
3952: 1691,1681,1829,2333
2778: 
2779: 3109,2746,25,3645
2780: 
2781: 280,3263,976,2055,3491
2782: 1320,4090,1077,4767
3805: 1759
2784: 3407
4666: 4654,534,3352,374
2786: 4502,4738,1895
2787: 3982,3899,2393,2629
4345: 420,3075,2008
4561: 1492
4498: 2021,1243,3307,2744
2791: 3208,2081
2792: 3312,1734
4765: 847,3770,2360,4084,3522,4150,2620
2794: 2119
2795: 2625
2796: 3058
4588: 1889,4764
2798: 79
2799: 3641
2800: 2820,2650
2801: 1707
4631: 
4338: 3587
2804: 1968,1733,3084
2805: 2227,3764
2806: 
2807: 1963,1026,1279,1197
4020: 1253,4584,1224
4039: 1296,1352,665
2810: 
2811: 2582,4790,1152
4291: 1458,1765,4329
2813: 2077,2089,4154,85
2814: 3671,4784
2815: 
4576: 3693,1721,2607,270
2817: 3543,263,364,2950
2818: 3102,1604,3665
4275: 
2820: 2800,437,3877
2821: 208
2822: 4501,4816,1333
2823: 2865,3619,702,4817
2824: 3886,2279,2871
2825: 2888,1405,1888,3499
2826: 66,4439,3681,3609
2827: 3302
4268: 413
2829: 1578,4130,1682
2830: 3860,2029
2831: 868,1618,3088,3979
2832: 
2833: 655,4583,2464,2422
3954: 1659,1968,1733,1880
2835: 3312,2033,1001
4739: 2117,4789,573
2837: 2545
2838: 1347,51
2839: 354,3063,3241
2840: 2530,3236
2841: 3919,170,1674,3653
3856: 3269,3101,3545,722,3727
2843: 
2844: 1683,3876
4701: 294,76,3710,3069
2846: 2010,3435,945,2685
2847: 4376,1973,1435,3602,1041
2848: 
4463: 3406,4121,973
2850: 352,1043,1512,882
2851: 4228,4024
2852: 280,3263,3059,3871
4785: 1835,2204,1411,1967
2854: 
2855: 4468
4758: 2949
2857: 2724,1346,2760,3328
2858: 1034,3395,338,1704,2125
2859: 2459,3336,385
4368: 1073,3285
2861: 2514
3935: 1459,1912,4698,2865
2863: 2653
4711: 923,4341
2865: 2823,3935,4817
2866: 4149,4221,4792
2867: 2668,1936
2868: 739,1012,1841
2869: 4092,514,337,3203
2870: 
2871: 1699,3485,3886,2824
2872: 429,2306,3484
4784: 2062,3573,2814,3680,3059
2874: 4321,12,3370,4305
2875: 1703
4563: 1124
2877: 2947,1564
2878: 710,1028,3704
2879: 356
4121: 2686,4271,4463
2881: 3598,2182
2882: 
2883: 321,2186,236
4317: 
2885: 108,2157
2886: 727,2500,2985
2887: 2969,511
2888: 2825,1888
2889: 1393,1122,4622,1180,1757
2890: 2676,2968,4613,401,2942
2891: 3008
2892: 978,3817
3807: 2034,2970,3760,4475
2894: 2591
4726: 3272,3351
2896: 
2897: 3811,2103,1078,3367,2679
4061: 753
2899: 1815,2030
2900: 258,4311,3019
4560: 3409,2926
2902: 1101,2634,476
2903: 
2904: 2481,1353,2016,218
4051: 4700
2906: 1451,2703,538
4440: 4212
2908: 2562
2909: 
2910: 646,3744,2944,4809,1952
2911: 4595,3704,3986,3608
2912: 3821,2109,83
2913: 
2914: 
4814: 814,2124
2916: 1178
2917: 519,4772,3271
2918: 415,2277
4284: 1487,4359,252,4065
3925: 823,3458
4272: 733,3170
2922: 1732,3938,278
2923: 
2924: 1472,470
2925: 
2926: 4775,4560
2927: 3036
2928: 4628
2929: 
2930: 2315,2423,3449,3416
2931: 940
2932: 
2933: 2946
2934: 801,1588,653
4434: 2151,3697,1206
2936: 
3725: 239,2759
2938: 909,4730
2939: 4793
2940: 2747
2941: 475,2277,375
2942: 2676,2890,401,4778
2943: 3126,1781
2944: 646,2910,1184,2704,2137
2945: 
2946: 2933
2947: 2877,348
4212: 766,4440
2949: 4758,227
2950: 2817
2951: 3602,3035,2776
2952: 838,436,1765,3817
2953: 436,1871
2954: 3598,1971
4199: 2485,3854,1599
2956: 
2957: 2415
2958: 3665,1888,1604
2959: 1116
2960: 1362,460
2961: 3361,3502
4500: 4220
4555: 3762,3666
4535: 1146
2965: 4208
2966: 3124,4602
3783: 
2968: 2676,2890,1455,853,4613
2969: 2887,1606
2970: 2013,4475,3807
4028: 3405,954,3722,4805,1616,865
2972: 353
4228: 3975,2426,2851
2974: 1309,2450,305
2975: 
2976: 743,4411
2977: 1038,372,1150,4777,2346
2978: 
2979: 1756
2980: 1509,3393
2981: 1020,3269,3727
2982: 527,1114,1042,4609
2983: 4236,3825
2984: 
2985: 3202,2172,727,2886,3879
2986: 690,1160,2402
2987: 3104,2720
2988: 3255
2989: 2721,349,2043
2990: 99,3178
2991: 1602,3940
2992: 
2993: 1093,810,14
2994: 1182
2995: 506,710,4209,41
2996: 1167
4541: 4813
4747: 1193,2512,4229,674
4594: 2743,79,74
3000: 822
3001: 3248,3415,1309,3188,3132
3002: 1117,420,480,3150
3003: 1384,3006
3004: 
4819: 424
3006: 4671,3003
3007: 
3008: 2891
3009: 
3010: 4706
4771: 4232,4763,3278
3012: 3781,1074
3013: 381
3014: 1412,3217,4806
3015: 3453,1790
3016: 3872,1287,1743,559
3017: 345,2325,2610,2002
4682: 1896
3019: 2900,258,4796
3020: 3833,619,1793
3021: 1131,3641,3092
3022: 1940,2609,3561
3023: 4072,1506,3502,4587
4139: 2090
3897: 2511,4086,4815
3026: 3926
4717: 7
3028: 2257,1230
3029: 592
3030: 1335
4246: 230,1219,4435
3032: 309,228,2102
3033: 
3034: 184,2383
3035: 2951,2776
3036: 2927
3037: 3051
4761: 
4096: 2501,443
3040: 
4738: 1895,2786,4502
3042: 143
3043: 
3044: 2125,338
4302: 
3746: 4428,110
3047: 3241,734
4069: 981,3889,1724
3049: 4056
4090: 1320,2782,4767
3051: 3037
4532: 558,1247
3053: 62,4774,3360
4248: 2371,2334,4780
3055: 2430,1999
3056: 1440,898,4210
3057: 939,1704,2125
3058: 2796,3688
3059: 280,2852,2062,4784,976,3401
3060: 3435,3843
3061: 1833,1726
3062: 4811,2404,4233
3063: 4009,3446,2839
3064: 4801,1433,594
3065: 2647,3564,1096
3900: 4763
4822: 14,3125,3912,3514,2136
3068: 3220,1680,737
3069: 3559,3710,4701
3774: 1652
3071: 1503,551,4451
3072: 
3073: 4511,2448,3375
3691: 453,871,1175,750
3075: 2680,2008,4345,420
3076: 
3077: 2084,1076
3078: 3368,642,613
4553: 3233,1211,4222
3080: 214,4201,16,3174,2225
3081: 4049,1618
4149: 2866,4221,4792
3083: 1909,1395,110,1600
3084: 1303,2804
3085: 1204,4155
4231: 4823,2632,2522
3087: 1106,2199,217
3088: 2831,3979
3089: 
3090: 
4462: 3571,4788,4129,3736
3092: 1131,3021
4543: 2725,471,4452,172
3094: 1725,945,2685
3095: 1849,1170,3878
3096: 
4670: 2613,1884,1454,2213,3968
3098: 2474,1494,324
3099: 3463,794
3100: 2375,1582,3882
3101: 531,3856
3102: 2818,1604,58,4116,4391,1990
3103: 4442,4353,1920
3104: 1624,2987,1115,366
3105: 3476,3447
3106: 3916,4823,4357,4712,864
3107: 3342,4795
3108: 1870,2069
3109: 2779,25,3645
3110: 4665,3359,3138,4773
3977: 501,935,453
3112: 3153
3113: 1298,2591
3114: 
3115: 921,209,1011,3292,3898
3116: 
4600: 4450,4333
4764: 1400,3229,972,4588
4777: 4142,694,4184,4266,3345,2515,2346,1150,2977
3120: 
4810: 4282,1541,2102,2330,4394,669,1892,4143
4181: 3628,4131
3123: 1708
3124: 2966,4602,620
3125: 14,4822,3514,3140
3126: 2943
4101: 2770,961,1898,3734
4801: 1433,568,3341,3064,2342,3936,594
3129: 2147,4820
3130: 1450
3131: 3493
3132: 3001,1309,3188,1387
4396: 3207,1666,2016,3245
3917: 1406,2708,71
3135: 1197,4279
3136: 134,2369,521,4770,4787,1906
3137: 3478,490
3138: 3359,1116,3801,4360,3110,4773
3139: 1570,2019,857
3140: 556,14,3125,1093
3141: 4620
4626: 2552
3143: 2383,2457
3144: 134,2369,182,730,681
3145: 4414,4820
3146: 3939,3160,1477,4774
4005: 
3148: 1453,724
3149: 632,49,290,2510
3150: 1117,3002
4562: 1180,1757,163,978,3411
3152: 1073
3153: 1869,3112,3289
4312: 4076,1312,3887,680
3155: 357,953,4586
3156: 3836,4805
3157: 3726
3158: 1827,2215,1260,547
3159: 
3160: 3809,1477,3146
4287: 4706
3162: 2544
3816: 1842,2280,3531,4627,4215
3164: 1837,101,3591
3165: 4008,2448
3166: 4365
3167: 406,1857
3168: 4251,1628,60,596,1462
3169: 3836,2635,1573
3170: 733,4272,26
4115: 435,2018
3172: 3998
3173: 1532,670,4616,292
3174: 2225,16,3080,2433
3175: 964
3735: 3406,1075,3422
3177: 3620,1959
3178: 3881,99,2990,1747
3179: 
3180: 443,1238,2244
3181: 4008
3182: 1815,147,873
3183: 1870,2069
3184: 3239,1342,1572
3185: 2558
3186: 1956,305,2631
3187: 2170
3188: 2208,1387,2658,3001,3132
3189: 3716,1650
3190: 
3191: 2664,1165
3192: 
4731: 
3194: 
3195: 2419,2408,456,3227,2229
3886: 2824,2871,3964
3889: 4069,327
3198: 2455,1397,4207,365
4519: 4769,522
3200: 1583,4678,4728,2543,1249,2243
4304: 2768,2726
3202: 2172,2985,3644
3203: 2121,1850,3264,337,514,2869
4806: 2399,3584,3650,1412,3014,4330,2422,3335,4584,31,2364,4447
4188: 1874
4034: 2481
3207: 1666,4396,3245
3208: 2791,2081,866,1472
3209: 380,411
3210: 2604,343
4348: 464,109
4308: 352,4533
3213: 2743,201
3214: 2640,3225
3215: 1357,1586,1443
3216: 409,1317
3217: 232,978,3411,3014
4394: 2330,2037,4810,669,1892
3219: 
3220: 3068,2647,2155
3221: 
3222: 3872,2418
3736: 1839,4462,3571
4335: 
3225: 3214,830,917
3226: 2603,3843
3227: 1060,2670,2229,456,3195
3228: 3544,2410
3229: 3426,4764
3230: 3601,2715,3845,904
3231: 4680,3982,4805
3232: 774,1406
3233: 4553,4710,3358
3234: 1696
4789: 708,2391,3850,1378,2175,4197,622,4739
3236: 1391,2530,2840
3237: 1421
4618: 1662,1771,1422
3239: 3184,2487,1342
3240: 2588
3241: 734,3047,2839,354
3242: 123,1292
3968: 1454,3793,4670
3244: 412,1478,3789
3245: 3207,4396
4323: 4125,246
3247: 1330,2571,4262
3248: 3001,3415,1309
4289: 307,4723,2442,69
3250: 4417
3251: 58,4551
3252: 1520,1136,49,3328
3253: 304,1174
3254: 1817,3907,757,3624
3255: 2988
3256: 1486,4443
3257: 
3258: 2501,384,168,668
3259: 1272
3914: 
4215: 322,4792,1372,3816,4627
4529: 4794,1578,508,2326
3263: 280,2781,2852
3264: 3203,2121,2154
3265: 
3266: 943,653
3267: 1484,2051
4772: 519,2917,3271,4776,1137
3269: 3856,4607,722,3727,2981
3270: 
3271: 4776,4772,2917
3272: 4726,3351,821,914
3273: 3855,1020,618
3874: 264,3331
3275: 347
3276: 
3277: 3286,3764
3278: 4771
3279: 3885,634,1826,2006
3280: 2080,316,2038,968
4266: 4777,75,2346
3282: 1538,2446
3283: 4636,0,2206,1861,4686
3284: 2004,931,2350
3285: 1294,323,4368
3286: 3764,3277
4033: 960
3288: 4818
3289: 3153,2336
3290: 1860,1241,1712,3601
3291: 4467
3292: 1011,4404,3115,4672
3293: 
3294: 363,1548,818
3295: 4379
3296: 1194,491
3297: 1993,677
3298: 2458,531,813
3299: 4683
3300: 4602
4573: 498,550,2608,1779
3302: 2827
3303: 4741,2200,2359
4798: 695,3426,4520,3684
3305: 4648
4627: 4044,3531,3816,4215,322
3307: 2744,4498,1243,2751
3308: 1454,68,2213
3309: 94
3310: 3582,2241
4757: 3648
3312: 2835,2792,1734,3716
3313: 3926,11
4336: 
3315: 4548,930,4270
3316: 756,1033
3894: 1253,2443,3690,3461
3318: 
3319: 3533,4634,4134,3737
3320: 
3321: 2105,2234
3322: 987,4790
3323: 1663,1277,3941
4649: 1062
3325: 3524
3757: 
3327: 400
3328: 290,3252,1136,2857
3329: 2235,1669
3330: 1929,397,1790,3453
3331: 2325,579,3874
3846: 2256,702
3333: 2510,357
3334: 4092
3335: 2574,1282,3650,2399,3584,4806,709
3336: 2859,2459,385,2754,3510,1756
3989: 1827,3513
3338: 315,2772,2270
4220: 4500,224,4632
3340: 1922
3341: 2450,3645,25,4801
3342: 4293,2706,3107,4795
3343: 
3344: 213,2416,4383,4085,586,255
3345: 839,2515,4777,4821,1474
3346: 1929
4219: 456,3883,1060,2562
3348: 1828,4397
3349: 
3729: 
3351: 821,4726,3272
3352: 1107,4654,4666
3353: 2600,3617,4678,1084
3354: 2466,4117
4270: 3777,3315
4170: 1093,556,4796
4371: 3618,4773,4494,2216
3358: 2533,3233,4766
3359: 3138,1116,1174,3110
3360: 3053,1857,2507
3361: 2961,784
3362: 
3363: 4582
4565: 3506,59
3365: 1406
3366: 815,3537
3367: 2897,2103,1078,2138,889
3368: 3078,642
3369: 1102
3370: 2874
3371: 2188
3372: 3700,2566,4207,4019
3373: 
3374: 553,123
3375: 2638,4511,3073
3972: 4054,3860,2112,2559
3377: 4601,4325
4647: 4155,2173,4774
3379: 38,708,1547,3636,2250
3380: 
3381: 2666,993,1831
3382: 2118
3383: 
4674: 368,674,2512,3629
3385: 2318
3386: 3718,2029,4058,2275
3387: 4229,2436,4392,2644,4783
4730: 2938
3389: 73,327
3390: 
4208: 101,2965
3392: 4768,3626,2422
3393: 579,2980
3394: 
3395: 2858,300,729,1704
3396: 1070,1506
3397: 2638
3398: 1913,1111
3399: 572,2046,644,1179
3400: 523
3401: 4130,976,3680,280,3059
3929: 947,4554
3403: 4044,3712,1194
4659: 1860
3405: 4028
3406: 4463,3735,2686
3407: 2784
3408: 4574,4792,1372,159,1520
3409: 4560,2148
3823: 2381
3411: 978,4562,163,232,3217
3412: 4381,1647,4190,2635,4238
3975: 4567,4228,2426
3414: 1279,1963
3415: 3248,3001,3581
3416: 2423,3449,497,2930
4286: 4236,3825,1479,2488
3928: 
4247: 
4617: 479,4754,1382
3421: 1576,1983
3422: 1774,257,3735
3999: 
3424: 
3425: 
3426: 4520,3229,4798
3427: 1039
3428: 2159,1073,1802
3429: 4802,824,1036
3430: 2747
3431: 2389,2187,3802,2737,1533
3854: 4803,4199,4427
3433: 
3434: 285
3435: 2846,4782,3060
3436: 1348,1441
3437: 
3438: 1738,89,2127,3781
3439: 
3440: 3
3441: 2700
3442: 
3443: 1862,4256
4237: 
3445: 
3446: 718,4009,3063
3447: 3476,1715,3105
4125: 1657,4323,399
3449: 2423,3416,497,2930
3450: 1829,2333,3713,1111
4158: 3922
3452: 4352
3453: 3015,3330,397,1790
3454: 721
3455: 3560,753,1693
3456: 
3745: 4494,3618
3458: 949,3925,823
4549: 1046,160
4035: 
3461: 3690,1981,3894
3764: 3286,3277,2805
3463: 3099,4484,794
4076: 4312,1312,4350
3465: 3530,1170,1849
3466: 4672,220,22
4194: 1845
4634: 3533,3319,4134
3763: 4512,2263
4239: 2596,1241
3772: 893
3472: 3663,671,2751,2335
3473: 
3474: 
4081: 3666,318
3476: 1715,3447,3105,3951
3477: 2522,4823,3649
3478: 3137,679,2203
3922: 4158
3480: 1563,4531
3481: 154,2667,3744,2137,949
3711: 782
3710: 3985,3069,3559,4701,76
3484: 685,1780,429,2872,785
3485: 1699,2871,878,4815,2279
3486: 4437,1114
4298: 526
4370: 359,4782,2260
3489: 4152
4330: 2422,1412,4806
3491: 1682,2781,976,2055
3492: 3779,1837
3493: 3131,2356
3821: 4813,2912
4630: 
3880: 274
3497: 4601
3978: 1671,1693,749
3499: 1993,2825
3500: 1393,2019,4445,1122
3501: 
3502: 3023,4072,2961,4245
3827: 2484,304,4665
3504: 
3505: 328,1637,1479,3825
3506: 4565,59
3940: 660,2991,4821
3508: 1211,4734,210
3509: 
3510: 3532,4714,2754,3336,1756
3511: 434
3512: 1052,709,2574,550
3513: 3989
3514: 3987,2136,4822,3125
3825: 4236,4286,3505,1479,2983
3516: 
3882: 1582,3100
3518: 4388
3519: 2149,2716,808
3520: 1333,3605,30,1179,2046
3521: 4779,772
3522: 2360,4084,2423,4765
4689: 1801
3524: 3983,3325
3982: 3899,2787,2629,4805,3231
3526: 1658
4755: 24
3528: 3599
3529: 1846
3530: 1170,2596,3465,4163
3531: 914,3712,3816,4627
3532: 3510,1756
3533: 3319,4634,3737,1918
3534: 2426
3535: 
3536: 407,356,272,3639
3537: 1099,3366
4754: 4617,1382
3539: 
3540: 
4113: 
3542: 
3543: 4109,1112,2817,3788
3544: 3228
3545: 1917,3856
3912: 4224,1314,2136,4822
3547: 1519
3548: 3797
3913: 
3550: 113
3551: 148,2043
3552: 
3553: 38,3822,708,1762,922
4360: 3801,2070,3138,3709,4773
4218: 4373
3556: 4775,4525,212
3557: 4569,1872,2310,996,2673
4496: 2044,734,4619
3559: 3069,2140,4799,3756,3710,3985
3560: 753,2349,3692,3455
3561: 1238,1940,3022
4192: 1740,1994,2459,166
3563: 1297
3564: 3065
3565: 
3566: 1488
3567: 4672,4160,1369
3568: 829,1317
3569: 982,412,926
3885: 634,4423,3279,2248
3571: 4462,4788,3736
3572: 779
3573: 562,4784
4227: 
4437: 3486,3998
3576: 774,1448
3577: 1638,1119
4608: 4178,2094,4339,3603,244
3742: 2548,602
3580: 4171
3581: 1487,4359,3415
3582: 4628,3310
3583: 427
3584: 2399,4806,3335
3585: 4425
4655: 766
3587: 4338
3588: 556,4796,770
3589: 1239,2373
4236: 3825,4286,2983,2315
3591: 1526,101,3164,2563
4601: 3377,3497,4325
3593: 2684,2002
3594: 4146
4140: 900,1198
4718: 603,4722
3597: 2610,256,1587
3598: 2954,2881
3599: 3528
3600: 2083,2258,2047,1256
3601: 3230,3845,1860,3290,904
3602: 1041,2847,1973,2951
3603: 244,1982,2098,4608
3866: 
3605: 3520,2046
4781: 276,2318,881,2432,2282,4267,940,440
4285: 915,3685
3608: 3986,4595,2911,160
3609: 41,66,2826
4497: 4416
4315: 823,128,2744
4732: 2407
3613: 4413,2578,1852
3614: 240,1829
4599: 
3616: 2066
3617: 402,1945,4660,1084,3353
3618: 4371,4494,1582,3745
3619: 278,2823,702
3620: 3177,2242,1025
4122: 1764,4086,4667
3622: 2156,2590,2740
3726: 3157,4743
3624: 1817,3254,757
3625: 260,4756
3626: 2330,4768,3392,2464
3627: 351,1213
3628: 4181
3629: 2512,3799,4674
3630: 1443,2580,1944
4632: 224,764,4220
4667: 1378,4278,4122,4086,3850
3633: 3864
3634: 
3635: 3857,1561
3636: 1547,1450,3379
3637: 
3638: 
3639: 4091,1390,4297,407,3536
3640: 246,3709,4773,4494
3641: 3021,2799
3642: 4624,2671
3643: 1355
3644: 4071,3202,2172
3645: 2450,3341,3109,2779,25
3878: 3095
3647: 4621,4503
3648: 4757,2268
3649: 607,3477
3650: 3335,2399,4806
4168: 
3652: 2271,1365,3719,1561
3653: 1674,2841,3919
3654: 2433,2153,2225
4301: 3965,2252
3656: 
3657: 190,4163,4332
3812: 1500,2648,4783,854,3819,1608
4461: 4224,1314,3690,1981,370
3660: 1182,1652
3661: 4800,3956
3662: 293
3663: 671,3472,4770,303
3664: 4820,1585,4642,3686,121
3665: 2958,2818,1604,956
3666: 4081,4555
3667: 1528,2298,1844
4602: 3300,2966,3124
3669: 3801,2070,2497,2024,1326
4136: 4756
3671: 2411,2814
3672: 2603
4465: 1417
3674: 1484,975,2659
3675: 50,4520
3676: 3686,121,1081
3677: 1152,1448,2198,186,4790
3877: 161,2820,437
3679: 1753
3680: 158,4784,3401
3681: 4439,2826,1227
4185: 4383,4085,1925
3683: 912