0: 2379,4617,2836,2089,3410,1882
4486: 1783,1762
2: 1273,3467
3: 
4548: 451,3199,4488,1990,3667
5: 646,4183
6: 764,3075,1371
7: 3946
8: 2412,4321
9: 3827,3766,1380,528
4717: 1774,3118
4739: 602,2112,3183
12: 4058,3085,4199
13: 1558,3878,4076
4792: 2682,674
15: 1956,2406
16: 1769,3252,3458
17: 78,4094,3343
18: 4724,4055,3546,3470,3601
19: 4527,1422,2448,3255
20: 2570,2061,4576
21: 2279,3822,3138
22: 2761,3471,4078
23: 4783,3823
24: 2265
25: 272,1313,1668,3632,4609,3064
26: 399,620,3536
27: 4732,4313,1033,4306
28: 4610,4784,3589,3907
29: 
30: 995
31: 54,4407,3324,1458,1593
32: 3090,61
33: 1164,2158,340,4199,3044
34: 1123,1569,1501
35: 3949,4179
36: 2669,1874
37: 1543
38: 1980,4447,705,1266
4433: 43,4817
40: 491,2820,167,3009
41: 4396,4090,3744,1348,3034
42: 386
43: 4433
4461: 345,2696,125,1724
45: 1672,4331
46: 3591,3808,1928,841,1665
47: 2381
48: 2338,2105,3894,3444
49: 4567,3169,3962,1870,4591,3374
4628: 3978,2616,3084,3993
51: 1605,2409,1342,543,3399
52: 1948,3869,1120,478,4187
53: 2995,1351,1095
54: 31,4407,1643
55: 4616,1943,290,3230,816
56: 
57: 1410,3245,4456,3365,4651
4561: 
59: 2432,1931,1653
60: 4012,2388,4168
61: 1499,32,1631
62: 2183
4622: 4505,2110,2712,3575
64: 4058,1396,4401,2887,4086
65: 4823,964,2012
66: 1864,1990,3754,153,1862,593
67: 4756,1697
4525: 1237,745
69: 2750,598,3737,2078
70: 1839
71: 3659,751,4333
72: 954,2596,1293,1216,1632
4651: 1903,265,665,1410,57,4456
74: 3008,4475
75: 712,2816,316,1545
76: 1295,1157,2329,2109,540
77: 2871,3185,1272
78: 4094,17,3343
79: 2288,1137
80: 497,4696,3834
81: 2137,235,1637,3284
82: 1226,2131,3846,4562
83: 2783,4267,4216,4348
84: 2349
85: 125,4143,4085
86: 2803,1229,4155,2444,755
87: 359,3662,3928
88: 3304,3014,2828
89: 3873,729,3191,4272
90: 542,1055
91: 840,3959,217,1168
92: 1353,3265,1250,2462
93: 4418
94: 3208,771,1201,4606
95: 
96: 512
97: 
98: 3531,984,3646,3408,717
99: 2199,1449,3102,2670,3734
100: 1747,2670,173
101: 2688
102: 3347,4611,4597
103: 2317,2010,1140
104: 3805,4519,1138
4733: 1375,1441,167
106: 1626
107: 2178,933,2922,3962
108: 2512
4491: 143,4611,3645,4355
110: 2037,3392
111: 4381,3154,1319,610,3728,1174
112: 
113: 1579,444,1121,621
114: 2159,4137,3238,159
115: 4104,754,195,4087
116: 827,4119,4630
4626: 3844,2347,2528,1001,156,3479
4784: 1110,4382,3589,28
119: 
120: 2617,2445,2997
121: 3759,708,4036,4258,4226
122: 1480,1698,4632
123: 3227,1322,3271,1395,2015
124: 1022,3827,4734,1583
125: 85,1424,4461
126: 313,4566
127: 2597,2051,2420,399,3355
128: 3098,2554
129: 4148,2395
130: 
131: 2098,531,1850,4490,653,2545
132: 
133: 945,1547,835
134: 1405,568,1507,3297,4041
135: 2164,2101,2770,3974,1642,2931
136: 2884,3376
137: 4326
138: 1548,1628
139: 1274,3927
140: 1109,1288
141: 598
4559: 4083,1949,4643
143: 4491,4595,3654,3645
144: 4350,729,4272,3746,2024
4702: 2254,2773,3343,1917,2640
146: 3300,272,1668
147: 4068,1807
148: 3864,2360,3126,844,1766
4576: 20,2570,2664
150: 2690,2566,1969,675
151: 4601,214,387,303,1259
152: 758,3920
153: 723,678,1864,66,1957,2374
154: 1344,4687,2030
155: 4027,3005,968
156: 1001,4626,3479
157: 705,3372,1722
158: 976,4487
159: 4137,4202,114
160: 184,2895,3182,2170,908,4363
161: 1050,3944
162: 2440,485,555,2546
163: 2771,4667,2364,3607
164: 985,4354
165: 2483,3017,2077
166: 1205,791,2751,3957,3977,1598
167: 4710,3173,4733,491,40
168: 3258,712,1390,1545
169: 
4593: 2736,648,547,3422
171: 3381,3926
4744: 1254,4379
173: 1747,100,4339,711
174: 2530,1406,216,252,515
175: 1255,1195
176: 
177: 2129,289,189,3328
178: 842,1663,4146
179: 4654,277
180: 3330
181: 1831,3146,4607
182: 4787,1234,3251,2305
4477: 2043,433,2854
184: 3818,160,2895,908
185: 2398
4732: 27,4313,1033,4309,2186,2638
187: 3916,3540,667,356
188: 4212,2410,1484,936,428,2136
189: 2129,177,2697,3328
190: 4769,3351,4308
191: 
192: 2354,3598
193: 439,1225,789,2665
194: 1746,464,3385,2906
195: 4087,3030,3590,115
4521: 4353
197: 3269,3517
198: 3723,421,4686,3886
199: 1238
4786: 3190,4427,2197,3381,3956
201: 4311,4291
202: 3137,571,2491
203: 4812,3633,2095,1082
204: 2439,1434,2002,2483
205: 3520,1828
206: 3858,4315
207: 4033,1708
208: 886,4435
4767: 3592,1194,3148,3336
210: 4207,3691,3533,2488
211: 4120,2315
4410: 2475
213: 2102,2416,1721,332,4573
214: 4601,151,4758,1259,2961
215: 4161,3766,2958
216: 4646,252,2530,174,515
217: 1275,2313,91,3959,2456,1168
218: 3168,1931,2984
219: 4401,4660,4635
220: 311,1838
221: 4125,1974,4589,1503,1679
222: 
4618: 602,2112,1590,4370,3194,2389
4397: 1854
225: 4373,814,2905,3647
226: 3700,4688,1133,2873,3597
227: 1295,540,3537,3958,1786
4780: 2906
229: 971,461,1395,2015
4441: 1630,1673
231: 2904,582
232: 992,312,1824
233: 4393
234: 325,1220,2107,4365
235: 2137,81,3415,1284
236: 2548,2917,3226,804
4520: 370
238: 4171,2006
239: 1886,2510,3888,4049,1316
240: 786,1360,3866
241: 2171,1092,2797,556
242: 4464,4300,3933,4818,3628
243: 3360,313
244: 891,1136,2853,446
245: 2532,4145,4132
246: 2496,4371,1789,2608,375
247: 1943,4351,4438,2098,2213
248: 4508,791,2825
249: 2082
4581: 844,3541,1531
251: 2239,4799,3539
252: 2754,216,174,1515,515
253: 2183,4513
254: 3069,4141,2132,3447
255: 702,1042
256: 3874,3321,2046,1700,2925
257: 2077,4558,2430
4693: 2488,1961,3513,305
259: 4568
260: 2171,4212,1092
261: 2332
262: 1923
263: 1803,4144,4596,1730,447
4501: 4806,4254,296,994,3183
265: 1903,3919,4651,2312
266: 
267: 3096,3288,379,4822
268: 1070,4251,4809
4691: 3875,319,4135,1475,3156,3195
270: 936,2819,428,3393
271: 1754,2210,384,1169,1955
272: 25,1313,1668,146
273: 3449,1125,535,1561,2244
274: 2227,1908,3743
275: 1942
276: 3821
277: 2014,179
278: 2256,4663,2804,3674
279: 4669,2335,1222
280: 1131
4612: 3643
282: 402,1647,3476,1528,2744
4633: 3259,830
284: 987,1095,3922,4823
285: 2816,1545,4259,4811
4470: 1791,4760,2658,2001,1729
287: 3901,2738
288: 
289: 177,3657,3230,3612
290: 2129,1943,4351,4416,55,3230
291: 2260
292: 1862,1067,1957,593,2126,1161,3310,2572
293: 
294: 1062,1573,308,4492,3065
295: 
296: 3501,1909,994,2112,1590,4501
297: 1648,459,1788,1575
298: 1875,4535,1208,4362
299: 3214,887,3200,1080
300: 2563,3065,1526,3333,494
4813: 377
302: 3167,4720,1437
303: 1461,387,1259,151
304: 1752,1289,1562,404
305: 3513,3883,4693,3341
306: 2469,1838,3724
307: 1686,4158,3527,948
308: 1573,1608,294,3530,4492
309: 2996,601
4608: 4063,4208,4197,532
311: 220,1838,3593,3953,2469
312: 2993,4376,3514,232
313: 126,1932,243
314: 4720,2361,2458
315: 1806,1743,3545,3769
316: 2816,4412,1545,75,4657
4554: 3038,3313,846
318: 3946,1306,4029,1760,3578
319: 3875,4691,4709,4455,3195
320: 2891
321: 3605,4816,3312,1502,741
322: 3117,2949,2755,1451
323: 4054,1771
324: 2591,1283
325: 234,803,3229,1220
326: 3932,4216,3127,4348
327: 3887,3387,1771
328: 1772,3954
4572: 4695,1614
330: 2916,690
331: 899,866
332: 2416,213,3650,4573,1079
333: 3755,4207
334: 3553,2610,3217,4162,1324,924
335: 1483
336: 1116,3610,2337,3486,2167,2889,2568
337: 1209,2076,3526
338: 421,1677,3195,1413
4657: 2800,4150,316,4412
340: 4199,952,33,1059,950
341: 4431,575,3457,3221
342: 1491,1329,4437,3824
343: 4715,591,4171
344: 2878,3405,3617,750,576
345: 2942,2696,4461
4665: 2928,1136,2562,3975
347: 3502,3960,645
348: 3320,2791,2081
349: 3653,469,656
350: 4180,1655,2764
351: 2446
352: 432,1206,1178,1793,486,697
353: 1911
354: 3263,1469,3420,2841
4595: 143,3917,1009,3654
356: 667,858,187,1908
357: 1613,4201
358: 1373,3294,2342
359: 87,2668
4649: 1492,3187
361: 454
362: 
363: 1506,1010,3071
364: 2218,4584,2176
365: 4339,2672,775,1747,3734
366: 547,1474,2865,2736
367: 721,3865,4762
368: 1964,3988,4334,1521,1044
369: 3019,4123,2471,3731
370: 4520
371: 2733,1921,1258
372: 4798,4106,606,443,3100,694
373: 3886,962
374: 2042,2999
375: 1226,2131,2496,246
376: 3963,3576
377: 4813
4794: 4510,4811,1444,4454,1110,4286,4382
379: 2725,267,4822
4545: 2946
381: 4653,1716,2815
382: 3871,3254
383: 3326,1617,4688,1693
384: 508,271,2210,4142,583
385: 3888
386: 42,2201
387: 1461,521,303,1259,151,4685
388: 1027
4718: 4742,1763,2860
390: 1493,2928,3353,1844,2311
4637: 2374,1957,2572,1145,580
392: 2292,4799,3015,2594
4560: 3409,1231,2326,1991,802
394: 3808,534,2687
395: 548,1508,3983,2706
396: 1005,1245,1845,1735
397: 2273,3440,2321,2449,3783
398: 
399: 26,127,1262
400: 4232
401: 2645,2890
402: 2191,282,3088,871
403: 4131,3641,517,4032,3204
404: 3468,1289,3054,1993,1191,1752,304
405: 
406: 2246,1793,2295
407: 2947,578,2214
408: 3472,2869,1384,2421,784
409: 
410: 1201,1242,2814,1905
411: 710,1629,4534,1448,677,1888,2115
412: 3078
413: 2847,4264,1199,4395
414: 3461,2603,604,2714,2641,3897,3792
415: 4544,2664,3372
416: 3900,3847
417: 2100,4369,1104,1034
418: 3295,2394,4356
419: 2319,1704,3214
420: 2182,1298
421: 338,1677,1413,4686,198
422: 727,3755,4050,3533
423: 
424: 3550,1267,4149,2760,2724
425: 782
426: 1342,2633,3431,1605,543
427: 4801,4201,1091
428: 270,936,3335,2410,188
429: 3964,484
430: 4301,1652
431: 2207,1491
432: 1206,1178,352,1793,2295
433: 2854,3665,4477
434: 2491
435: 4257,4160,1093,3520
436: 4111,2344,1541,1867
437: 2466,4284,1991,802
438: 1388,1780,2512,1927
439: 193,2063
4631: 2265
441: 4225,1454
442: 2026,1225
443: 2219,4814,372,4106
444: 4294,1121,4385,113,4493
445: 1525,2653,4195
446: 1136,891,244,4285
447: 1730,3066,579,263,1327
448: 2185,3741
449: 2790,1565
4465: 3496,3893,1770,4063
451: 4548,2266,3136,1879
452: 2440,2335,485,2775,499
4710: 167,3173,4723,2298,491
454: 3131,361
455: 4443,1192,2444,755
456: 1034,962,4369,2004
457: 3135,894,892,4157
4493: 947,444,4294,4385
459: 1648,297,3612,2817,3657
460: 2169,1177,2286,2798,4672
461: 1395,2015,3156,3087,229
462: 3440
463: 2365
464: 4519,1138,821,1746,194
465: 2775,499
466: 1970,643,3097,4634
467: 
468: 3166,3593,3052
469: 349,656,521,4668
470: 4425,3427,1798
471: 2143,960
472: 1820,1017
473: 913,1471,865
474: 675,1969,4708
475: 2659,2181,965,4329,4263
476: 3344
477: 2248,2874,2393,817
478: 1120,2695,52,3403,4187
4725: 1380,1715,2127
480: 1433,2340,1385,3831
481: 1687,4032,3558,1685
482: 4804,3552
4715: 343,591,2418,4730
484: 2279,429,518
485: 4262,2775,162,452
486: 801,1916,697,1793,352
487: 2120,4752,4815,1164,3475
488: 
489: 2284,4162,1325,1869,2792
4425: 470,1920
491: 2820,2206,40,167,4710
492: 1779,3262,4214,3935
493: 2127,832,1380,4048,1346
494: 3379,3333,2563,300
495: 3413,3454,2827,3279
496: 2470,3532
497: 2814,80,1404,1560,2142
498: 4170,3316,1854,1310,2094
499: 2775,465,2335,452,1222
4538: 3760,3461,604
501: 514,3599,4736
502: 4748,3683
503: 1748,2864,2137,3677,3649
4457: 884,4390,3640,1520,1418
505: 2587,3585,2590
4602: 1498,4481,1511,3784
507: 1073,4643,2642,1662,4258
508: 384,2210
509: 2207,1434,3084,3978
510: 3125,691
511: 3169,3962
512: 96,4473
4544: 4625,2664,3287,415,3372
514: 501,3481
515: 1515,2052,216,252,174
516: 3305
517: 3846,4444,403,3641
518: 4350,2279,484
519: 3984,799,3696
520: 
521: 1461,387,1259,4668,4685,469
522: 3238,2551,1810
523: 1987,1530,2336
524: 2661,1934,3140,1866
525: 
526: 
527: 838,3392,1721
528: 2958,2857,956,3766,9,3827
529: 1076,2582,2995,3749
530: 3560,3490,2065
531: 2098,131,933,2545
532: 2490,4197,4608
533: 2719,3145,3194,602
534: 394,1219,2687
535: 3449,1125,273,3257
536: 4459,579,2627,2536,4580
537: 
538: 4013
539: 3672
540: 3751,1196,3537,1157,227,76
541: 4093,2822,4386,2552,733
542: 804,90,2333,1055
543: 426,1605,51
4484: 1906,1796,3566,2009
4570: 
546: 2163
547: 366,4116,1649,4593,2736
548: 395,1508,3983
549: 977
550: 1155
551: 2985,3186,3474
4474: 2903,4699,3378
553: 2657,3038,3972,1713,2187
4505: 4622,919,3153,2712
555: 3385,2906,162
556: 2422,2797,241,4768,1374
557: 1574
558: 2052,4284,1723
559: 4607,4244,4011
4394: 4188,4615,3496,3893,2649,1529,3836
4580: 2536,2135,4741,3292,4377,536
4698: 3669,2136,2167,4074,2568
563: 4445,1824,3444,2105,4692
4724: 2600,18,4055,3214,887,3546
4456: 3365,57,4651
566: 2809
567: 1692,850
568: 1405,134,1748,1507,3785,3284
569: 2788,4047,664,3854,1228
570: 4229,4241,2737,4217,4079,1378
571: 202,4731,2491
572: 
573: 2117,2872,1575,2941,2853
4817: 3134,3569,4433
575: 4431,341,976
576: 1595,913,344,3617,3155
577: 635,4582,1245,1735
578: 2947,407,1299
579: 4459,536,4596,2536,447
580: 1145,2959,4518,3499,4637,4531,3497
581: 917,2437,830,4226
582: 231
583: 1955,1947,4295,384,4142
584: 1198,2108,1633,4591,4198
585: 
586: 4238,4574,2549
587: 1014
588: 868,3280,3704
589: 
4783: 1132,4113,3823,23
591: 4715,343,2418,1983
592: 4152,703
593: 1862,1067,292,1957,3754,66,3202
594: 2044,1340,1702,2217
595: 
4766: 4708,3218,4103
4648: 2978
598: 69,1918,141
599: 1551,1968,4588,4357,1392
600: 4512,2176,4291
601: 1559,3304,309,2996
602: 2112,1590,4739,4618,533
603: 
604: 3461,414,3897,3792,4538
605: 4243,2767,2962
606: 4798,372,4051,3100,2441
607: 1940,783,4184,2533
608: 2998,731,786
609: 1223,2520,3158,3473
610: 1319,1084,4381,111
611: 4816,1407,2186
4795: 2474,4517,894
613: 1478
614: 4770,3388,647,2992
615: 1166,3485,1981,1464
616: 4271,1000,4624
617: 3969,4771,4277
618: 3829,942,2277,3016,2629,3370
619: 
620: 26,3358,3536
621: 1043,113,1579,3809,2063
622: 2880,2785,2953,3417,4713,3153
623: 2970,2020
624: 946,2099,2650,4130
625: 2550
626: 2873,2725,3398,1066
627: 1391,2463
628: 998
629: 2914,3033,1323
630: 
631: 
4764: 2617,3043
633: 2714,1103,3259,830
634: 3572
635: 2766,577,803
4512: 600,2176,4584,1011,916
637: 2299,1536
638: 2923
4591: 3374,584,2108,49,1870
640: 710,1476,871,4534
641: 
642: 
643: 466,1926,4634
644: 3344,2234
645: 3576,1344,347
646: 5,3051,2028,4183
647: 746,3631,614,2992
648: 3882,4593,3097
4390: 4193,3640,4457,2549
650: 1820,3718,1415,1017
651: 2933,1582
652: 2724,4805,3323,688
653: 4490,1850,3020,2545,131
654: 3419,2049,4442,3841
655: 2858
656: 3653,349,469,2305
657: 2565,3950
4399: 3531,1904,3253,3408
659: 
4802: 1004,1707,1976
4789: 1526,1855,1743,4492
662: 4200
663: 2826,1958,1065,1488,2615
664: 1216,1202,569,2596,1228
665: 1410,1848,1903,4651
666: 2834
667: 356,187,3540
668: 2424,3012,4708,751
669: 2743,4018,4793
670: 3709,1181,2888,3623
671: 3071,2510,2702
672: 1291,2964,3676,2876,4613
673: 3201,2908,3690,4384,1455
674: 2687,3587,4792
675: 474,150,1969
676: 4347,4234
677: 1448,2702,411,1888
678: 723,153,956
4778: 805,990,3494,3621
4951: 1161,2636
4414: 4170,3316,3048,1999
682: 
683: 4063,4208,2612
684: 
685: 3603,3492,2117
686: 3363,2220,3133,4000
4643: 507,4559,4083
688: 1307,2629,4805,3323,652,2724
689: 2768,3503,1209,3566
690: 330,2916
691: 3912,510,2592,2531
692: 2140,1119,4726,3775
693: 3210,2328,2190,2772
694: 3462,372,3100,2149
695: 4821,1789
696: 4234,2579,1936
697: 486,1916,2257,352
698: 4114,3059,2345
699: 2830,2125
700: 3711
4776: 
702: 255,2378,4751
703: 2029,592
704: 901,2968,3626,979
705: 157,38,1040,1722,1266
706: 1473,3717
707: 2170,2503,2831,1436,4072,4027
708: 121,4036
709: 3739,1811,1338
710: 411,640,4534,1888,2115
711: 3054,2426,173,1752
712: 168,3258,75,1545
713: 1873,4091,2111
714: 4136,3578
4667: 163,978,3607
716: 
717: 750,1595,98,3646,3456
718: 1186,1772
719: 3382
4809: 1070,268,949,2637
721: 367
722: 2393,4305,1646
723: 678,153,2374
724: 
4502: 
726: 3603,1322,840
727: 2455,3755,422,4343,1706,4050
728: 3831,2985,2116
729: 144,3138,3714,3873,89
730: 4434,1028,3095,3768
731: 2998,608
732: 2686,744,4403,2757
733: 3987,4569,541,4386,3393
734: 2130,4231,941,1326
735: 2221,2252,1242,991,4606
736: 3332,2950,851,1928
737: 3529,2251
738: 1989,2026
739: 1973,1567,4196,1432,1562,1738
740: 2534
741: 1407,1594,321,4816
742: 2191,1341,3154,4640,1647
743: 
744: 2686,732
745: 1237,4525
746: 647,3631
747: 913,1106,3155,4209
748: 2106,3250
749: 4374,4177
750: 717,1595,3456,2878,344
751: 2623,3659,71,668,3012
752: 2526,4542,3781,3670,3173
753: 1617,1232
754: 4087,115
755: 1394,2803,86,455
756: 2487,1502,2793,1843
4460: 
758: 152
4418: 93
760: 1213,1584
761: 
762: 1554
763: 4203,1710,3082
764: 6,3075
765: 2680,1901,1848,1006,4458
766: 4228,4238,3171,3975
4823: 65,3922,284,987,3347
768: 
4775: 2621,3319,4517,894,892,4485
770: 
771: 94,3208,3416,4506,2435
772: 3511,3162
773: 3433
774: 3144,4100,3951,4750
775: 4339,2672,365,1441,1712,2526
776: 3598,4807
777: 1688,2132,1206
778: 4066,4168,2482,2388
779: 2045
780: 
781: 
782: 3360,425,2328
783: 607,1940,3111,2130,4184
784: 815,408,1295
785: 2306,3202,4049
786: 240,608
787: 3733,2436,3914,1878,1246
788: 2565,1117
789: 2357,1225,193,3240,2665
790: 886
791: 166,1205,2635,248,2825
792: 3654,4157,4421
793: 2484,1513,2097,3158
794: 2954,2910,3511
795: 4019,2974,3258
796: 955
797: 3787,4714,3608
798: 
799: 3696,519
800: 828
801: 486,1916,1793
802: 2086,437,4560,1231
803: 325,2766,635,3229
804: 542,236,4020
805: 4778,1122,3621,820
806: 858,3540,1899,1304
807: 3627,3352,880
808: 3482,4506,1668
4753: 4422,3683
810: 1224
811: 937,1965
812: 2651,1814
813: 4719,3926,4737,2193
814: 4365,4373,225,2905,3647
815: 2848,4498,784,3957
816: 3657,3230,2068,1780,55,4616
817: 3206,2248,477
4763: 4156,2611,4331,1833
819: 
820: 3621,1734,805,3605
821: 2016,1138,464,1746
4772: 2712,3575,1398,3485,4583,2660,1257
823: 3460,4434,2547,2233,3977,1598
824: 1890,1997
825: 
826: 2216,4074,3669
827: 116,2253
828: 1644,800
829: 
830: 2437,581,3259,4633,633
831: 3322,1385,1751,1309
832: 2127,4005,493,4112,4048,1346
833: 1585,2147,4495,4661
834: 3420,2150,3394,1918,3702
835: 2485,963,3802,133,1547
836: 2444,3045,3250
837: 4249,3177
838: 4263,527,4329,3350,1721
839: 2812
840: 91,726,3603,1322,2061
841: 2157,1665,1928,46,3591
842: 178
843: 4041,3581,2690
844: 4581,1766,148
845: 4251,2756,1429,3870
846: 4083,1949,4554,3038,4803,3313
847: 
848: 1135,4650,3303
849: 1462,2954,4315,2614
850: 2923,567,2179
851: 1928,736
852: 1787
4661: 4495,833,2147,4666
854: 2091,1607,3860
855: 4762,2867,2294
856: 3895
857: 4655,974,1803,2347
858: 806,356,1304
859: 3443,2779
4787: 3294,4451,182,1074,3144,4100
861: 1360,2998,2539
4726: 4455,4709,692
4647: 2353,2514,3280
864: 3618,1754,2210,898
865: 3855,2212,3795,1471,473
866: 2905,331
867: 2844
868: 905,2749,588
869: 4413
870: 2023
871: 402,640,1528
872: 4037,1696
873: 2362,2432,3751
4529: 4250,2087
875: 1012,2730,4499,2758
876: 3277,1039,1624,2893,4553,1126
877: 4678,2558,1739,2175,3108
878: 2344,4449,1867
879: 2623
880: 3375,807,3352
881: 2321,3511
882: 2901,4109,1891,3956,993
883: 4298,1184,2869,1328,3663
884: 1106,1516,2133,3640,1520,1418,4457
885: 2673,4645,3622
886: 208,790
887: 3214,299,4724,3546
888: 3458,2859,1769
4728: 4242,950,3972,1059
890: 3324,2793
891: 1475,3156,3087,244,2853,446
892: 4775,2621,894,457,4157
893: 1791,4760,2340
894: 4775,4517,892,4795,457
895: 1187,3276
896: 3336,2886,1030
897: 3261,2322
898: 864,2210
899: 331,3764,2404
4555: 4448
901: 704,3036,2880
902: 4741
4473: 512
904: 989,1058,2280,4161
905: 2749,868,2353,3280
4480: 3504
4781: 
908: 2170,2503,1639,184,3818,160
909: 4607,4244
910: 
911: 4214,2378,4751
912: 1404,1390,4360
913: 747,1471,473,1595,576,3155
914: 3747,4711,1261,2155,1087
915: 957,1463,2339
916: 4512,1011
917: 2437,2048,581,4226,4036,4557
918: 4004,3445,1537
919: 4505,2785,3626,3153
920: 3689
921: 1431,2858,3079
922: 1569
923: 4736,3334,1666,2341
924: 2464,4172,2792,4162,334
925: 4325,4430
926: 3909,1808,3134
927: 3750,3287,1060
4427: 4786,3190,2521,2161
929: 2296,2309
930: 2062,4623,1684
931: 1993,1191,4038,3468,4705
932: 
933: 531,107,2178
934: 3834,1444
935: 4048,1346,4734,3685,4589
936: 270,428,3035,188
937: 811,1965,4444,3404
938: 2855,2782,1279
939: 2549,2495,3480
940: 3837,4694,1852,3265
941: 3936,4526,1018,2609,734
942: 3829,618,1608,2334
943: 4805,3869,3323,3068,1948
944: 4034
945: 133,4679,3509,3289,3778
946: 2099,624,4130
947: 4493
948: 307,1686,2084,3124
949: 4298,1184,1070,4809,3891,2637
950: 4242,4728,340,1059
951: 3246,2999
952: 340,4199,1477
4720: 314,2361,1437,302
954: 3068,3637,72,2596
955: 796
956: 2857,528,3827,678
957: 915,3314,1024,4468,1010
958: 1449,1583,4391,2553
959: 983,2174,4735
960: 471
961: 4232
962: 456,1034,373,2004
963: 2485,835,2259,3802,2685
964: 4046,3080,987,4801,65
965: 2419,4121,2823,2659,475,4263
966: 
967: 1718
968: 3005,155,4031
4679: 945,1547,3509,4392,3861
970: 
971: 229,3750,2015,4625,3287
972: 3880,1428,2947
973: 4796,1835,2461,2531
974: 4655,4670,857
975: 3830,2391,2771,1008
976: 158,4487,575
977: 4458,3960,549
978: 2892,1382,3607,4667
979: 2218,3799,1778,704,2968,3626
980: 3739
981: 
982: 2156,3585,3600,1709
983: 959,2300
984: 3531,1904,98,2353
985: 164,2415
986: 3790,2445
987: 284,4801,4823,964
988: 1129
989: 1647,904,2744,2478,2280
990: 4778
991: 1115,4606,2252,735
992: 232,4445,2232
993: 4139,882,2901
994: 296,1909,3255,2648,4806,4501
995: 30,3678
996: 1635,3700,2873,1066
997: 4692,1612
998: 628,2291
999: 1773,2296,4389
1000: 3078,3880,616,4624
1001: 156,2528,4626
1002: 2198,1591,4256,4601
1003: 
1004: 4802,3435,2679,1976
1005: 396,4600,2557,4067
1006: 2782,765,2680,4677
1007: 2166,4264,2434
1008: 3391,3908,3830,975,3115,2003
1009: 3749,2316,1076,2989,4595,3917
1010: 363,1506,3314,1488,957
1011: 1981,2250,4512,916
1012: 875,4499,4343,1619,3524
1013: 2018,2513,1593,1601,4070,2752
1014: 587,2006,4171,3159
1015: 
1016: 3559,1842,2108,4680,4769
1017: 1820,650,472
1018: 1063,4526,4065,3936,941
1019: 2734,1819,1588,2213,1086,2646
1020: 1917,2640,3525,4683
1021: 4482
1022: 124,1583,2553
1023: 2113,4670,4447,2245
1024: 1532,3314,2075,2795,4468,957
1025: 2585
1026: 3867,3658,3192
1027: 388
1028: 3460,4434,730,4215,3095
4392: 1725,3861,4679,1547,2613
1030: 1799,896,3814
1031: 1577,2229,2272
1032: 4165,1419,1841,4450,2359,2455,4462
1033: 4732,27,4309,2638
1034: 456,962,417,4369
1035: 
1036: 4552
1037: 3892,3162
4785: 1133
1039: 1624,876,4582
1040: 1722,3822,705,1266
1041: 2232,4017
1042: 1079,2919,255
1043: 621,4155,1420,1064
1044: 1521,3587,4808,368
4393: 233
1046: 2967,2931,4406,1476
1047: 3082,4080
4439: 2731,3586,4656
4527: 4819,4497,19,1422
1050: 161,1153,4186
1051: 1881,4508,4319,2795
1052: 3288
1053: 3075,2030
1054: 3421,2390,1467
1055: 2333,1179,90,542
1056: 2258
4748: 1726,502
1058: 1174,3728,2230,904
1059: 3044,340,4242,950,4728
1060: 1413,3750,927,1414,3723
1061: 
1062: 1573,294,2850,1822
1063: 4526,1649,1018,3691
1064: 1420,1543,4097,1043
1065: 1958,663,1629,1448
1066: 2873,626,996
1067: 1862,292,593,1243,2126,3310
4596: 4459,579,4144,1412,263
4481: 2991,4602
1070: 4426,268,4809,1184,949
1071: 4362,2912
1072: 2627,3465,1445,4459
1073: 507,2642
1074: 1556,4183,2028,4787,4100
1075: 4353
1076: 529,2017,2989,1009,3749
1077: 4059,2811,2914
1078: 2524,3776,3159
1079: 1042,2378,2416,332,3935
1080: 3972,299
1081: 2308,2613,1450,4530,2123
1082: 203,4104
1083: 4224,3980,1967
1084: 1520,1418,1319,610,1985
1085: 4179,2285
1086: 2646,1019,3112
1087: 3176,2155,1261,914
4566: 2595,1603,126
1089: 3137,3892
1090: 3164,2392,2570,4128
1091: 427
1092: 241,260
1093: 4330,435,3520
1094: 1301,3590,3030,3871
1095: 284,2995,53,3922
1096: 4354,2551
1097: 3219,1467,4511,3711
1098: 2402
4705: 931,2403,3468
1100: 2490,4197,3759
4489: 3489,1143
1102: 4511
1103: 1113,2714,633,2493
1104: 2140,3775,1974,417,2100
1105: 2973,2935,2268
1106: 1516,2133,884,747,4209,1418
1107: 
1108: 2219,1735,3921
1109: 140,2755,1288
1110: 4784,4454,4794,4382
1111: 1252,3406,2902,2092
4716: 4516,4194
1113: 2714,1103,2734,1388,2646,2603
4562: 3846,2047,4023,4754,1226,82
1115: 991,3103
1116: 336,3610,4276,4440,3262,2337
1117: 788,4630
1118: 3198,1836,1732
1119: 2140,692,2990
1120: 2695,478,52,4469,3899
1121: 444,4294,113,3809
1122: 2029,1540,805
1123: 34,4658,4557,4449,1569
1124: 
1125: 273,535,4099
1126: 876,4553
1127: 2859,1998
1128: 2057,1383,3260,3434
1129: 988,2395,3308
1130: 
1131: 280,2805
1132: 4783,4113,2381
1133: 4688,4785,226
1134: 3011,1341,3484,3405,4524
1135: 1782,848
1136: 2928,446,4665,244
1137: 4782,2288,79
1138: 4519,464,821,104
1139: 3188,3820,3394,4333,3702
1140: 103
1141: 3801,2198
1142: 2978,3819
1143: 4489
1144: 2924,3961
1145: 580,4518,4637,1161,2572,2636
1146: 2318,3795,2969,4002,3855
1147: 2505,3213,4405
1148: 2069,3887,3152,1368
1149: 4255,4389,1592,2644
1150: 3687,3906,1215
1151: 3101,2772,2197
1152: 4203
1153: 3409,4759,1050,4186
4416: 4351,2129,290
1155: 2501,550,4403
1156: 2614,3015,2625,2292
1157: 2594,2329,2109,1196,540,76
1158: 4146
1159: 
1160: 2532,2482,4132,1666
1161: 4951,3310,2572,2636,292,1145
1162: 4224
1163: 1260,1930,3828
1164: 2158,33,4139,2120,487,3475,3044
4504: 2982,1829,2506
1166: 615,3485,2660
1167: 4530,3024
1168: 2456,217,91
1169: 4662,271,1754,1955
1170: 1597,2698,3525,1486,3530
1171: 2740,1768,3320
4811: 4510,4794,285,4696,4259
1173: 
1174: 1058,3154,111,1319,3728
1175: 2571,1952,3412
4575: 3551,2086,3630
1177: 2169,460,1609,2372,4641
1178: 432,1206,352,2654,2114,3833
1179: 1055,4747,1777
1180: 3714,1414,1722
1181: 3979,3037,3709,670,1423,3623
1182: 2763
4686: 2990,3886,421,198
1184: 4298,949,883,1070,4426,1328
1185: 4019,3508,1795,3940
1186: 718,3059
1187: 895,3070
4730: 2177,3305,4715
1189: 2496,1970
1190: 4672,3067,2169,4300
1191: 1993,931,3054,3468,1289,404
1192: 455,4021
4511: 1102,1097
1194: 2203,1756,4767
1195: 1255,175,3712,4424
1196: 3751,540,1157
1197: 2746,2779,1553
1198: 584,2108,4680,3290,2851
1199: 413
4429: 
1201: 410,1242,1905,94
1202: 664,1216,2146,4047,2596
1203: 2745,4175,4644,2441
1204: 3026,1826
1205: 166,791,2751,3957,2369
1206: 432,1178,352,2654,777
4624: 3600,616,3078,1000
1208: 1504,2912,4362,298
1209: 337,689,3526
1210: 3542,1355,1894
1211: 1738,4222,1972
1212: 1940,3111,1247,3268
1213: 4069,760,3189
1214: 3613
1215: 2424,3687,1150,1223
1216: 664,1202,1293,72,2596
1217: 
1218: 3523,4558,4131,3641,2346
1219: 3934,534
1220: 4373,2692,234,325,4365
1221: 2381,4404,2050
1222: 499,2335,279
1223: 609,2520,1215,4096
1224: 810
1225: 442,193,789
1226: 82,375,4023,4562
4810: 4268
1228: 3854,664,569,3637,2596
1229: 2803,86,4155
1230: 3854,3016,1277
1231: 4560,3409,3944,3551,802,2086
1232: 1708,753
1233: 
1234: 2351,3233,3251,182
1235: 1438,3684,4271,2156
4495: 4661,833
1237: 4525,4356,745
1238: 1345,199,3401,4358
1239: 1978,3311,4314
1240: 2249,4178,4574
1241: 4490,1919,3811
1242: 1201,410,2221,735
1243: 2306,2126,3042,1067,2080
1244: 3757
1245: 396,1845,1735,577
1246: 2963,3845,1878,787
1247: 3268,2480,1940,1212
1248: 
4446: 
1250: 2899,3837,3265,1353,92
1251: 1939,4099,2700,2940
1252: 1111,3406
1253: 3725,4143,4061,3620
1254: 3434,4744,1383
1255: 1195,175,3712
1256: 2216
1257: 2660,4772,1398,2761
1258: 4774,2733,371
1259: 521,387,303,214,151,2961,4685
1260: 1930,1163
1261: 2205,3747,914,1087
1262: 2804,399,4185
1263: 3743,2806,4210
1264: 2742
1265: 2926,2206,2442,3582
1266: 1522,705,1980,38,1040
1267: 3550,424,1633,4149,3777,4678
1268: 4634,3882,1524,4496,1968
1269: 
1270: 4091,2877,1687
1271: 3805,4519,4262
1272: 3786,3492,3760,77
1273: 1673,2
1274: 139
1275: 2313,2871,217,3959
1276: 2822,4617,2819
1277: 1597,1230,3016,3829
1278: 
1279: 2782,938
1280: 3635,3031,1473,3652
1281: 3893,1770,1529
1282: 2258,1428
1283: 324
1284: 3415,2137,235
1285: 3675,4791,3989,1915
1286: 4684,1415,3629,1489
1287: 4127
1288: 1485,140,1109,2239
1289: 3468,1562,404,1191,304
1290: 2356,4797
1291: 672,2964,4053,3782
1292: 
1293: 1216,1632,72
1294: 
1295: 227,76,2329,784
1296: 2789,2320
1297: 3220,4605,2114,3833
1298: 2182,420,1986
1299: 578,1428
1300: 4137,4202
1301: 3590,1942,1094
1302: 4072,4027,1463,2831,2339
1303: 2099
1304: 1899,1868,806,858
4737: 3369,3788,2956,2476,813
1306: 318,1612,3578
1307: 688,2629,3068,3637,2277,4805
4411: 
1309: 2340,3243,831
1310: 4309,2186,2094,2638,498
4436: 2025,4269
1312: 2519,1725,2896,2123
1313: 272,25,4609,2745,1910
1314: 2689
1315: 3493,3233,4388
1316: 4049,4587,239,2500
1317: 
1318: 4217,4045,4603,2737
1319: 610,3728,1985,1084,111,1174
1320: 4790,2894,1544,4220
1321: 2315,3383,2741,4120
1322: 726,840,123
1323: 3615,3033,629
1324: 2464,334,3217,3267,3331
1325: 1871,1869,2792,489
1326: 1655,734,4231
1327: 4078,3512,2536,3066,447
1328: 2239,2911,4426,1184,883
1329: 342
1330: 2257,2132,3359,3747,3447
1331: 
1332: 4790,2894,1929
1333: 3129,3397
1334: 1877,4556
1335: 
4404: 2890,1221,2050
1337: 4120,1915,4260,3000
1338: 709,4004
1339: 3434,2145
1340: 594,3825,3077,2217
1341: 1134,3011,4524,742
1342: 2633,426,3046,2996,1605,51
4672: 1190,3067,2798,2169,460
1344: 4687,154,3576,645
1345: 1238,3364,1817,4358
1346: 4048,935,4734,832,493
1347: 3397,4328
1348: 1661,3744,3193,41
1349: 
4558: 257,3641,1218
1351: 2995,4101,4213,53
1352: 2312,2043,2576
1353: 92,2343,3265,1250
1354: 
1355: 1210,1894
1356: 
1357: 
1358: 2849
1359: 4046,3263
1360: 861,2998,240
4565: 2040,3235
1362: 3577,2616,2757
1363: 2805,3441
1364: 3086
1365: 
4571: 3543,1713,2187,2427
1367: 3000,4599
1368: 1148
1369: 2723,2677,4564,4006,4532,2301
1370: 4745,2010,1576
1371: 6,3075,2030
1372: 4235,4057,3727,3899,1683
1373: 358,2342
1374: 1517,556,4768
1375: 3438,4733,4003,2672,1441
1376: 2635,2233,3977,2967,2119,3681
4463: 3826,3419,1638,4814,4233
1378: 4079,1727,4241,570,2039
1379: 
1380: 4725,3766,2127,493,9
4759: 2084,2411,1153,4186
1382: 2607,2892,978,1455
1383: 3260,1254,3434,1128
1384: 4215,2986,408,3609
1385: 831,3322,480
1386: 3811,1588,1919
1387: 
1388: 2646,438,1113,3461,2603
1389: 
1390: 1404,912,3852,4360,168,3258
1391: 627,3157,3031,2463,1718
1392: 2215,4357,599
4644: 4175,3522,4051,1203
1394: 2688,3424,755,2803
1395: 3271,461,2015,123,229
1396: 2161,3985,4086,64
1397: 3571,2962,1465,1961,4211
1398: 2712,4772,2275,2761,1257
4403: 2757,732,2501,1155
1400: 2997,3043,4467,2067
1401: 3544,2023
1402: 4314,3998,3743
1403: 
1404: 912,1390,497,2142
1405: 134,568,1748,2864,3849,4041
1406: 2530,174,3061
1407: 1594,741,611,2186,4313
1408: 1490,1592
1409: 1809
1410: 57,665,3245,4651
1411: 2104,4061,3490
1412: 4459,4596
1413: 1060,3750,421,338
1414: 1060,3723,1180
1415: 4684,3718,1286,650
1416: 
1417: 3352,2064
1418: 1084,1520,1106,884,4209,4457
1419: 1032,4165,1841,2455,1794
1420: 1064,1043,4155
1421: 
1422: 4642,4527,4819,19,3255
1423: 1853,2540,3037,1181,3623
1424: 3625,2065,1757,125
1425: 2663,2778
1426: 1997
1427: 
1428: 972,1299,1282
1429: 845,4251,2756,3081,1563
1430: 3696,1621
1431: 2761,3471,3079,921
1432: 739,1567,4196,3487,4252
1433: 3342,480,2340
1434: 204,2002,509,2330,3084
1435: 1829,2936,2222
1436: 2128,4064,2503,707,4027
1437: 2088,4720,302
1438: 1235,2732,4543,4271
1439: 4225
4708: 4766,1969,474,4103,668
1441: 2672,775,2526,1375,4733
1442: 2965
1443: 2706
1444: 4510,4794,934,4286,4382
1445: 1558,1072
4749: 
1447: 2231,2472,2887,1763,3266
1448: 2702,677,1065,1629,411
1449: 2199,958,99,1712,4391,4542
1450: 1897,2308,1081,2612
1451: 3859,322,2755,1485
1452: 3183,4053
4615: 4188,1541,4394,3496
1454: 2964,441
1455: 3955,1382,673
1456: 4812,2083
1457: 1956,2639,3132
1458: 3052,3324,31
4599: 3552,1367
4685: 4668,521,387,1259,2961,2071
1461: 521,387,303,3493,3002
1462: 849,1548,3720,2910
1463: 4363,2831,4468,915,1302
1464: 1981,615,2883
1465: 1397,1961,4138
1466: 
1467: 1097,3219,1054
1468: 1703
1469: 354,2754
1470: 3062,1709
1471: 913,473,3795,865,1595
1472: 4365,3540,1899
1473: 706,3635,1280,3652
1474: 2918,2865,4773,366,2736
1475: 891,3156,3087,3875,4691
1476: 3930,1046,640
1477: 4742,952,3543,2187
1478: 613
1479: 1619,2955,3524,2748
1480: 122,4192,1698,2554
4428: 1678,3584,2610,3019,3812
1482: 4757
1483: 1831,335
1484: 4212,188,2136
1485: 1288,2911,1451,3859
1486: 3083,3525,1170
1487: 
1488: 2615,663,3314,1010
1489: 1589,1286
1490: 1408,3167,4385
1491: 342,2207,431
1492: 2440,2335,2546,4649
1493: 390,3353,1844,1648,1788
1494: 4682,3297,1507,1944
1495: 3454,2827,2307
1496: 4709,1783,4010
1497: 3427,1798,1889
1498: 3911,4602,1511
1499: 61,3166
1500: 2390
1501: 2581,34
1502: 756,321
1503: 2670,1679,221,4589,3339,3102
1504: 1208,4021,2106,2912
1505: 
1506: 363,1010
1507: 3785,3284,134,568,3297,1494
1508: 395,548,3983,3453,3707
4723: 1840,3149,2298,4710,3173,2926
4653: 381,2976
1511: 3948,3784,1498,4602,3826
1512: 3572
1513: 2450,793,3158,1975
1514: 2205,4443
1515: 2052,515,252
1516: 1106,2133,884,4308
1517: 1374,4768
4568: 259,3872
1519: 4731
1520: 1084,1418,884,4457,2495
1521: 1044,2431,368,4334,4261
1522: 1266,2508,2908,3964
4443: 455,3424,1514
1524: 4496,3882,3180,1268
1525: 445,2653
1526: 4789,3333,3769,300,3065
1527: 
1528: 3476,3800,871,282
1529: 2649,1281,3893,1770,4394
1530: 1987,523
1531: 4182,3541,4581
1532: 3314,1024,4508,2795,2615
1533: 3316,2091,1854,3860,2284
4421: 3654,792,1935,3175
4820: 3303,3905,4253
1536: 637,2299,3107
1537: 918,3445
1538: 
1539: 2888,3478
1540: 2355,3448,1987,2029,1122
1541: 4188,4615,2344,4111,436
4518: 1145,2959,580,4551
1543: 1064,37
1544: 2894,1320
1545: 2816,316,75,168,712,285
4510: 4794,4811,1444
1547: 133,4679,2485,835,4392
1548: 138,4315,3720,1462
1549: 3937,3354
1550: 2885,4721,4188,3836,4166
1551: 599,3604,1968
1552: 3656
1553: 2746,1197
1554: 762,2595
1555: 2307,2190,3611
1556: 1074,4183,2028
4475: 74
1558: 13,1445,3878,4312
1559: 601,2200,3046,2996
1560: 3803,2142,1905,2814,497
1561: 2148,273,2244
1562: 1289,304,739,1567
1563: 3081,4605,1429
1564: 4579
1565: 449
1566: 3375,2294
1567: 739,1432,1562
1568: 
1569: 922,1867,4449,1123,34
1570: 4530,2123,2519,3580,3024,2963
4503: 3451
1572: 
1573: 1062,308,1608,294,4492,2850
1574: 2082,557
1575: 2117,573,297
1576: 1837,3289,1370
1577: 1031,1941,2272,4172
1578: 3565,1602,2142
1579: 113,4097,621
1580: 
4543: 4081,2732,3548,1438
1582: 651
1583: 3339,1022,124,2553,958
1584: 760
1585: 833,2147,2538
1586: 2721
4449: 4658,878,2559,1123,1569,1867
1588: 1386,1819,1019
1589: 1489
1590: 602,2112,4618,4370,296,1909
1591: 1002,2630,4256
1592: 1149,1408,2644
1593: 2018,1013,31,4407,1601
1594: 1407,741,4313,2634
1595: 717,750,576,3646,913,1471
1596: 
1597: 1277,1170,2254,2698
1598: 2233,3977,2751,3460,823,166
1599: 3971,2913,4635,2827,2090
4476: 1926,4707,1657
1601: 4070,1593,1013
1602: 3446,1578,1682
1603: 4566,1932
1604: 3171,2655,4140,3480
1605: 51,1342,426,543
4539: 2947,2214,3880
1607: 2091,854,3968,3860
1608: 1573,308,942,2850
1609: 1177,2980,4641
1610: 3554,4681,4515
1611: 2227,3998
1612: 997,4296,1306
1613: 1950,357
1614: 4572
1615: 4164
4610: 28,3838,2515
1617: 753,4688,383
1618: 4215,2986,2861,1742,3095
1619: 4343,1706,2955,3524,1479,1012
4553: 2893,876,1126,2377
1621: 3984,2917,4020,1430
1622: 1888,2021,1886
1623: 3293
1624: 1039,3147,876
1625: 
1626: 106
1627: 
1628: 138,4066,2417
1629: 3681,4534,1065,411,1448
1630: 3239,4441,1673
1631: 1701,1823,61
1632: 1767,1293,72
1633: 3550,1267,584,4198
1634: 3344,3133,4000,3588
1635: 2716,4297,3548,996
1636: 1999,3091,4170,3655
1637: 4009,3232,81
1638: 1925,4409,3948,4463,4233
1639: 3034,3818,4039,1815,908
1640: 4059
4453: 2268
1642: 2931,2547,4406,3768,2101,135
1643: 4306,2634,54,4407,2104
1644: 828,4281
1645: 
1646: 4305,722,4683
1647: 989,4640,742,282,2744
1648: 459,297,3612,3353,1844,1493,1788
1649: 1063,4526,3691,547,4116
4451: 4787,3144
1651: 3290,3412,3351
1652: 430,3789
1653: 59
1654: 
1655: 1326,4231,350
4671: 1736,3891,2637,2224
1657: 3980,4476,3451,4707,2991
1658: 2076,3679,2159
4492: 4789,1573,308,294,3065
4556: 1877,1334
1661: 1348,3318,1881
1662: 3941,3763,507,2642
1663: 178
1664: 2764,4129
1665: 841,2157,46,3591,1802,3211
1666: 4736,3334,2467,4132,1160,923
1667: 3799
1668: 272,25,3064,808,146
1669: 4472,2195
4469: 3899,4424,1120,2695,3976
4432: 4478
1672: 45,4007
1673: 1273,1630,4441
4589: 3339,935,3685,221,4125,1503
1675: 4797,4359,3772,3342
1676: 4701,3083,4598,2405,1855
1677: 421,338,3195,4455
1678: 4428,3019,3163,3812,2089
1679: 2670,1503,221,1974,2100
1680: 
1681: 3664,3433
1682: 3446,1602,1754,3565
1683: 3899,4424,3069,1372
1684: 3746,4623,2024,930
1685: 3558,481,3577,1859
1686: 307,4158,2411,2326,948
1687: 481,4174,1270,2877
1688: 777,4141,2937
1689: 1740,4714
1690: 2122,3717
1691: 
1692: 3973,567,2492
1693: 3700,3326,383,4297
4617: 3163,2836,2822,1882,1276,0
1695: 4039,4042,3366
1696: 4037,872
1697: 4081,2732,67
1698: 122,1480,4192,4304,4632
1699: 2274
1700: 2502,2925,2046,256
1701: 1631,3303,1782,2202
1702: 594,2044
1703: 3430,1468
1704: 3333,2319,419,3214,3379,2600
4455: 4726,4709,319,1677,3195
1706: 4343,1619,2955,727,2455,4165
1707: 4802,3435
1708: 1232,4619,207
1709: 982,1470
1710: 763,3082
1711: 3703
1712: 2199,1449,2526,4542,775
1713: 2187,4571,2427,2657,553,2711
1714: 3937
1715: 4725
1716: 381,2815,2976
4774: 1258,4234,4347
1718: 967,1391,3157,3031
1719: 3999,2395,3308
4419: 2721,4269
1721: 2102,213,838,527,4573,3350
1722: 1040,3822,705,157,1180
1723: 2326,1991,558,3986,4284
1724: 2709,2696,4461,3170
1725: 4392,3861,2613,2123,1312
1726: 4748
1727: 1378,4241,2656,2039
4579: 1564
1729: 2735,2658,4470
1730: 3066,447,1803,263,2347
4516: 4194,4716,2994
1732: 4270,4329,1836,2181,1118
4712: 3109,2350,3105,3771
1734: 3621,820,3494,3605
1735: 3921,1108,396,1245,577
1736: 3891,4671,2637,1742
1737: 2269,2304
1738: 1972,1211,1973,739,3524
1739: 1822,1850,3020,877,2175
1740: 1689,4289,2474,4714
1741: 4396,2385,2005
1742: 1736,1618,3704
1743: 1855,315,4789,3769
1744: 3023,4124,1818
1745: 2665,2543,2146
1746: 2457,194,821,2016,464
1747: 3734,100,173,4339,365
1748: 1405,568,2864,503,2137
4584: 2218,364,4512,2176
1750: 3650,3395
1751: 831,3322,3175
1752: 304,4003,3054,711,2426,3438,404
1753: 
1754: 864,271,2210,1682,1169
1755: 
1756: 3209,1194,2203,4031
1757: 3560,1424,2065
1758: 2274
4670: 4655,974,2113,1023
1760: 4029,3946,318
1761: 2976
1762: 3171,2655,4486
1763: 3085,1447,3266,4718
1764: 2231,2472,2950,2157
1765: 1828,1996,3874
1766: 2618,844,148
1767: 1632,1860,3176
1768: 2740,2067,1171,4467
1769: 16,888,3801
1770: 4465,3893,4063,1281,1529
1771: 327,323
1772: 328,718,4114,3059
1773: 999,2296
1774: 3118,3239,4717
1775: 1881,2369,3710
1776: 
1777: 1179
1778: 3799,979,2678,2968
1779: 492,2102,2416,3935
1780: 2068,816,4616,438,2512
4424: 4469,3899,1683,1195,3712,3708
1782: 1135,3303,1701
1783: 4486,1496
4623: 3746,2024,1684,4375,930,2535
1785: 4354
1786: 3958,227,2848,3710
1787: 852
1788: 2853,3353,1648,297,1493
1789: 4371,4185,695,246
1790: 2040,3235
1791: 3772,893,4470,4760,4359
1792: 2111,4409,2557,2209
1793: 406,2246,801,486,2295,432,352
1794: 2455,3755,1419,1841,4207,4316
1795: 4096,3508,1185
1796: 4484,1906,3220
1797: 4372
1798: 3427,1497,3007,470
1799: 2580,1030,3665,1898
1800: 
1801: 3947
1802: 3266,2860,3211,2472,1665
1803: 263,4144,1730,4655,857
4678: 3794,877,1267,3108,4198
1805: 3925,2264,2226
1806: 315,2405,4815,3545
1807: 1818,147
1808: 926,3134
1809: 2348,2710,1409
1810: 2704,2551,522
1811: 2939,2925,709
4680: 1198,2108,3290,1016
4641: 4464,1609,2169,1177
1814: 812
1815: 4039,4042,1639
1816: 3232,1853,2540
1817: 3364,1345
1818: 4124,1744,1807
1819: 2734,2493,1019,3601,1588
1820: 650,3423,472,1017
1821: 
1822: 3020,1739,1062,2563
1823: 3692,1631
1824: 563,4075,3444,232
1825: 3761
1826: 1204,2837
4482: 1021
1828: 1765,1996,205
1829: 1435,4504
1830: 
1831: 181,1483,3876
1832: 
1833: 4169,4331,4763,4156
1834: 3402,3425,1913
1835: 4796,2399,2171,973
1836: 2181,1118,1732
1837: 1576,4585
1838: 220,311,3724,306
1839: 70
1840: 4723,3110,4323,2926
1841: 1032,1419,4450,1794,2310,2918,2865
1842: 3559,1016,4567,1870,4193,2715
1843: 2793,756,2487,3090
1844: 3353,2311,1648,3612,1493,390
1845: 4067,396,1245
1846: 2447,2388
1847: 
1848: 765,2680,1901,665,1903
4534: 1629,710,411,640
1850: 3020,1739,653,2175,2545,131
1851: 4746,3017,2301
1852: 1929,3837,4694,940
1853: 1423,2540,4750,1816
1854: 4397,498,1533,2094
1855: 1743,1676,3083,4789
1856: 2403,4038,4536,4375,3715,2535
4773: 2915,3596,2310,1474,2918,2736
1858: 2846,4340,2579,1936
1859: 1685
1860: 3176,1767,3727
4530: 2123,1570,1167,1081
1862: 1067,292,1957,593,66
1863: 3832,4437
1864: 66,1990,3667,153
1865: 4292,4327
1866: 3140,524,1938
1867: 1569,4449,2344,878,2559,436
1868: 1304,3104
1869: 2792,1325,489
1870: 4567,49,2108,4591,3374,1842
1871: 3981,1325,1941
1872: 4189,3519,4619
1873: 713,4091
1874: 3830,36,2813
1875: 298,3359,4362,1916,2257
4496: 1524,3180,1268,4588
1877: 4556,1334
1878: 3181,3024,1246,2963,787
1879: 2958,2857,2070,2266,451
4389: 4255,1149,999
1881: 1775,1051,1661,3318
1882: 4617,2379,0
1883: 2051,2919
4442: 2049,3432,654,2368,3522,3841
1885: 4341
1886: 239,1622,2510,4049
1887: 2575,2253
1888: 2115,1622,2021,710,411,677
1889: 3828,3427,1497
1890: 824
1891: 882,2901,4109,3956
1892: 
4677: 3205,1006
1894: 4367,1355,1210
1895: 3424
4743: 2352,4273,3506
1897: 2593,1450,2308,2366
1898: 2854,1799,2580,2630
1899: 1304,1472,806
1900: 
1901: 765,2680,1848,1903,3919
1902: 3165,3889
1903: 265,3919,4651,665,1901,1848
1904: 3531,984,4399,4151
1905: 1560,1201,410
1906: 4484,1796,3566,3503,2009
1907: 4729
1908: 356,2227,274
1909: 296,3501,2448,994,3255,4370,2112,1590
1910: 3675,2745,1313
1911: 353,2780
1912: 4344,2936
1913: 1834,3425
1914: 3307,3220,2114
1915: 1337,1285,3989,2370
1916: 801,486,697,1875,2257
1917: 2640,1020,4702
1918: 3394,598,834
1919: 3470,1241,1386
1920: 4425
1921: 2733,371
4485: 2145,4775,2621,3319
1923: 262
1924: 2087,2631
1925: 4409,1638
1926: 4476,643
1927: 2512,438,3760
1928: 851,736,841,46
1929: 4694,1852,1332
1930: 1260,1163
1931: 2432,59,218,2984
1932: 313,1603
1933: 4125,3722,4010,4048
1934: 2661,524,3140,2701
1935: 3175,3186,4421,3645
1936: 2579,696,1858
1937: 4015,2436,3914,2759
1938: 1866
1939: 1251,4099,2940
1940: 607,783,1212,1247,3906
1941: 2792,1577,1871,4172
1942: 275,1301
1943: 247,4351,4438,55,290
1944: 4682,1494,4274,2750
4799: 2292,392,251,3539
1946: 2375,2686
1947: 3216,1955,3632,583,4295,3001,3064
1948: 52,943,3869
1949: 4559,4083,846,4803,3225
1950: 1613,3377
1951: 2355
1952: 3403,4187,1175,2571
1953: 3145,3970,2516,2876
1954: 4104,3965
1955: 3216,1947,583,271,1169
1956: 15,1457
1957: 1862,292,593,153,2374,4637,2572
1958: 2826,2119,1065,663,3681
4500: 3122,2667
1960: 
1961: 3571,1397,1465,4693
1962: 3126,2620,3969,1977
1963: 
1964: 3988,368,4808,3779
1965: 4751,3404,937,811
1966: 
1967: 3980,1083,3784
1968: 1551,599,1268
1969: 2566,150,675,474,4708
1970: 466,1189
1971: 2264,3388,2863
1972: 1738,1211,3524
1973: 739,4196,1738,2748
1974: 221,3775,4125,1104,1679,2100
1975: 3158,3473,1513,2974
1976: 2679,1004,4802,4745
1977: 3969,4771,3126,1962
1978: 3311,1239,3007,4314
1979: 
1980: 4447,38,3690,1266
1981: 4583,1011,1464,2250,615
1982: 3901
1983: 2948,2808,591,2418
1984: 2144
1985: 1319,3728,1084,3910,2230
1986: 2789,2031,2182,1298
1987: 523,1530,3448,1540
1988: 3797,3673,3991
1989: 2020,4190,2026,738
1990: 1864,66,3667,4488,4548,3754
1991: 2326,1723,437,4284,4560
1992: 3649,2767,2864,3849,3583
1993: 931,1191,4071,3054,404
1994: 3207,4279
1995: 3601,4803,3225
1996: 1828,1765
1997: 1426,824
1998: 2339,3458,1127
1999: 1636,3091,4578,4170,4414
2000: 2243
2001: 3772,4470,4059
2002: 2439,204,1434,3523,3228,2330
2003: 3693,1008,3830,3115
2004: 456,962,3191
2005: 3903,1741,3207,4549
2006: 1014,4171,238
2007: 
2008: 4068
2009: 2647,4484,1906,3566
2010: 4745,1370,103
2011: 3146,3121
2012: 2754,65
4805: 943,3323,3068,688,1307,652
2014: 277,2837
2015: 461,1395,123,3227,229,971,4625
2016: 2643,821,1746
2017: 1076,3922,2989,3347,4611
2018: 2513,1593,1013,4407
2019: 3153,2275,4420
2020: 1989,4190,623
2021: 1888,2115,1622,3325
2022: 
2023: 870,1401,4194
2024: 3746,4623,1684,144,4350
2025: 4436,2322
2026: 442,1989,738
2027: 
2028: 2351,3051,646,1074,1556,4183
2029: 703,1122,2355,1540
2030: 1053,1371,154
2031: 2789,1986,2182,3753
2032: 2643
2033: 3732,3267
2034: 4052
2035: 4801,4201,3080,4274
2036: 
2037: 4121,3392,110
2038: 4274,4046,2150
2039: 3705,1378,1727,4208
2040: 3235,4565,1790
4479: 3792,4740
2042: 3246,2999,374
2043: 4477,1352,2576
2044: 594,1702
2045: 779
2046: 3321,256,1700
2047: 4023,2608,3674,4754,4562
2048: 917,2437,4557,3897
2049: 4442,3911,3826,3419,654
2050: 3823,1221,4404
2051: 127,1883,3355,4663
2052: 1515,515,2055,558,4284
4464: 4641,242,4818
2054: 
2055: 2052,4284,3061
2056: 4551,3110,4323
2057: 1128,3719,3260,3319
2058: 4546,3223
2059: 4237
2060: 
2061: 20,2570,840,3164
2062: 930,3715,3198,3109
2063: 3809,621,439
2064: 4674,2274,1417
2065: 3625,1424,3620,3560,3490,530,1757
2066: 2982,4614,2725
2067: 2740,1768,3043,1400
2068: 3657,816,1780,2512,2817
2069: 1148
2070: 2478,2280,1879,2958
2071: 2961,4685
2072: 3706,3471
2073: 
2074: 2781,2930
2075: 4319,3182,2795,1024,4363,4468
2076: 1658,337
2077: 257,165,2483,3017,2439
2078: 2690,69
2079: 4513,2492
2080: 1243,2126,3310
2081: 348
2082: 1574,249
2083: 3767,2522,1456
2084: 4759,2411,948,2650
2085: 
2086: 3551,802,4575,2466,1231
2087: 1924,2631,3990,4529
2088: 1437,3428
2089: 3731,1678,3019,3163,2836,0
2090: 2573,2827,1599
2091: 854,1607,3860,2284,1533
2092: 1111
2093: 2567
2094: 1310,4309,2186,1854,498
2095: 3633,203
2096: 
2097: 2623,2520,793
2098: 131,531,247,4438
2099: 946,1303,624,2977
2100: 417,1974,1104,1679
2101: 3768,3074,3974,1642,135
2102: 2416,1721,213,1779
2103: 2189,2860
2104: 1411,1643,4306
2105: 48,3444,563,4692
2106: 3250,748,1504,4021
2107: 3916,234
2108: 1198,584,4680,4591,1016,1870
2109: 2329,3539,2594,1157,76
2110: 4622,3575,4583,2250
2111: 1792,713,2557,2414,2652
2112: 602,1590,4739,4618,296,1909
2113: 3690,4384,1023,4670,4447,2607
2114: 3220,4605,1297,1914,1178,3833
2115: 1888,2021,710,411
2116: 2985,728,4345,3453
2117: 2872,573,1575,3492,685
4498: 2848,815,3957,2369
2119: 2825,2826,1958,2635,1376,3681
2120: 4752,487,4139,1164
2121: 2770,3272,3074,3974,3484,2878
2122: 1690,2727
2123: 4530,1570,2613,1081,1725,1312,2519
2124: 
2125: 4111,4721,699,2497
2126: 1243,1067,292,2080,3310
2127: 4005,832,493,1380,4725
2128: 2203,1436,4027
2129: 177,290,189,4416,3230
2130: 734,4231,783,3111
2131: 82,375,4707
2132: 2257,1330,3447,777,254
2133: 1106,1516,884,4308,3534,3640
4585: 3242,3802,1837
2135: 2536,3682,4580,4377,4420
2136: 2167,188,1484,4698
2137: 235,81,1284,1748,503
2138: 2666,4673
2139: 
2140: 1119,692,1104,2990
2141: 2863,2518
2142: 1560,3803,1404,1578,3565,497
2143: 471
2144: 1984,4341
2145: 4485,1339
2146: 1745,4533,1202
2147: 1585,833,4661
2148: 3740,1561
2149: 3100,2451,694,4791
2150: 3420,834,2038,3263
4658: 4557,4449,1123
2152: 2575,2565
4804: 482
2154: 3634,3515
2155: 1087,914,4711,4235,3727
2156: 982,4271,1235,3600
2157: 841,1665,2950,1764,2472
2158: 1164,33,4139,4199
2159: 114,3187,1658
2160: 
2161: 3985,1396,4427
2162: 
2163: 546
2164: 2477,135,3088,3930
2165: 2626,4349,2783
2166: 1007,4264
2167: 2136,3486,336,2568,4698
4788: 3327
2169: 460,1177,1190,4672,4641
2170: 2503,908,707,160,4363
2171: 241,260,1835,2399,4697
2172: 2658,4379,3532
2173: 
2174: 959,4735
2175: 3108,2545,1850,1739,877
2176: 4512,600,364,4584
2177: 4730
2178: 107,933
2179: 850
4777: 2387,2960
2181: 475,1836,4329,1732
2182: 420,1298,1986,2031,3753
2183: 62,253
2184: 2940
2185: 448,3741,4779
2186: 1310,4309,2094,611,1407,4732,4313
2187: 1713,4571,1477,4242,3972,553
2188: 3515,4176
2189: 2103,4742,3543,4110
2190: 1555,3360,693
2191: 402,742,3088
2192: 
2193: 2874,3788,813
4422: 4753,2735
2195: 1669
2196: 
2197: 2573,1151,4786,3190
2198: 1002,1141,4601
2199: 1449,99,1712,3734
2200: 1559,2828,4806,4254,3389,3046
2201: 386
2202: 3303,3905,1701
2203: 2128,4064,1194,1756,4031
4666: 2935,4661
2205: 1514,1261,3885,4535
2206: 491,2898,2820,2926,1265,3582
2207: 431,509,1491,3978
2208: 3349,2730,3877
2209: 2557,4409,1792
2210: 864,271,1754,898,508,384
2211: 
2212: 3855,865,4002
2213: 3811,1019,247,3112
2214: 2947,407,3277,2893,4539
2215: 1392,3967
2216: 1256,826,4746,2430
2217: 3382,594,1340,3077
2218: 3799,979,364,4584
2219: 443,1108,4814,4600
2220: 686,3363
2221: 735,1242
2222: 2232,1435,2936
2223: 3934,3848,3387,3130
2224: 4671,3280
2225: 3377,4009,3785
2226: 1805
2227: 274,1908,3743,1611
2228: 4249,3177,4204
2229: 1031,3706
2230: 3910,3728,1985,1058,2408
2231: 1764,1447,2887,4660,2291
2232: 1041,2222,992
2233: 1376,3977,1598,4434,823,2547,4406,2967
2234: 3344,644,3363
2235: 2700,4099
2236: 2354
2237: 2874,2588,3788,4190
2238: 
2239: 251,1328,1288
2240: 
2241: 3476,3800,2744,2478,3136
2242: 4173,2338,2909
2243: 2000
2244: 3449,273,1561
2245: 4447,1023
2246: 406,3901,2738,1793,2295
4526: 1063,1649,1018,4116,941
2248: 477,817
2249: 4178,2697,4102,1240
2250: 1981,4583,1011,2110
2251: 737
2252: 735,991,3616,3106
2253: 1887,2575,2299,827
2254: 4702,2640,2698,2788,1597
2255: 3008,4523
2256: 2919,278,4663
2257: 1330,2132,1875,3359,1916,697
2258: 1056,1282
2259: 3242,3802,963
2260: 2975,291
2261: 
2262: 2586,3244
4634: 1268,3882,466,643
2264: 1971,1805
2265: 4631,24
2266: 451,1879,2857,3667
2267: 
2268: 4453,1105
2269: 3300,3482,1737
4699: 2516,3676,4474
4535: 3885,298,3359,2205
2272: 3732,1031,1577,2364,4172
2273: 397,3440,2449
2274: 4674,2064,1758,1699
2275: 2019,2712,1398
2276: 
2277: 3854,3016,3637,618,1307,2629
2278: 3416,3573,4662,3216,3001
2279: 484,21,4350,3138,518
2280: 2478,989,904,2070,4161
2281: 3463,2467
2282: 
2283: 
2284: 3048,489,2091,1533
2285: 4179,1085,4266
2286: 4085,2798,2372,460
2287: 3580,3845,2842
2288: 79,1137
4549: 3586,3903,2005
2290: 
2291: 4660,998,2231
2292: 4799,392,2625,1156,3015
4607: 559,4244,181,909
2294: 855,3375,1566
2295: 406,2246,2738,1793,432
2296: 929,999,1773
2297: 3282
2298: 4723,3149,3781,4710,3173
2299: 637,4119,1536,2253
2300: 983
2301: 1851,2723,1369
4621: 4609,4142,4295
2303: 3102
2304: 3989,3300,1737
2305: 3251,3002,182,656
2306: 1243,3202,785,3042,4049
2307: 1555,3611,2827,1495
2308: 2613,2366,1081,1897,1450
2309: 929
2310: 2812,1841,4450,2918,4773,2915
2311: 1844,3328,4178,390
2312: 1352,265
2313: 1275,217,4076
2314: 3256,2845
2315: 3383,1321,4120,211
2316: 1009,3749,3787,3135
2317: 103,3778
2318: 3795,3646,1146,3408,2753,2969
2319: 3333,419,1704,3769,4073
2320: 4413,1296,2606
2321: 4016,2449,397,3783,881
2322: 2025,897
2323: 3114
2324: 4822,3398
4592: 
2326: 1991,1723,1686,4158,2411,4560
2327: 4655,2392,4128
2328: 693,3210,782,3161
2329: 2109,1157,3472,1295,76
2330: 3577,3084,3228,1434,2002
2331: 3004,2394,3295
2332: 261
2333: 1055,542,2336,3448
2334: 4149,942,2850,3777,2558
2335: 2440,1492,452,499,1222,279
2336: 3448,2333,523
2337: 3486,4276,3357,336,1116
2338: 2909,48,4173,2242
2339: 1998,3252,915,1302
2340: 1309,893,1433,480
2341: 2417,923
2342: 3951,358,1373
2343: 1353
2344: 878,1541,1867,436
2345: 698
2346: 4131,1218,3523,4032,3558
2347: 4626,3844,1730,2528,857
2348: 1809,2710
2349: 3140,2701,84
2350: 3109,4712,3771,2597
2351: 3051,2028,1234,3233
2352: 4273,2606,4743,2518
2353: 4647,2514,984,905
2354: 2236,192,3598
2355: 3448,1540,1951,2029
2356: 1290,4119,4797
2357: 789,4094,3240,2665,2543,2773
2358: 3611
2359: 2748,4703,4252,1032,4462
2360: 3864,148
2361: 314,4720
2362: 3193,873,3751,3537,3958,4090
2363: 
2364: 2771,163,3732,2272
2365: 463
2366: 2308,2613,2485,1897
4405: 1147,2505
2368: 4175,3522,3780,3967,4442
2369: 4498,3957,1205,1775
2370: 3989,1915
4727: 2566,3583
2372: 2286,1177
2373: 4360,3940
2374: 3499,4637,723,153,1957
2375: 1946,2501,3557
2376: 
2377: 3764,2404,4553
2378: 1079,911,3935,702,4751
2379: 0,3410,1882
2380: 
2381: 1221,47,1132
2382: 
2383: 2546,3072
2384: 2652,3815,4067
2385: 4656,1741
2386: 4646,2473,3474
2387: 4777,2960
2388: 1846,60,4168,778
2389: 3194,4370,4618
2390: 1500,3421,1054
2391: 3955,3607,3391,975
2392: 1090,4128,2327
2393: 722,2588,477
2394: 2611,2331,3004,418,3295
2395: 1719,4148,129,1129,3308
2396: 
2397: 
2398: 185
2399: 4796,1835,4697,4564,2171,2677
2400: 
2401: 3201
2402: 4364,1098
2403: 1856,4038,3715,4705
2404: 3764,2377,899
2405: 2699,4598,1676,1806
2406: 15
4532: 3669,4006,1369
2408: 4140,3910,2230
2409: 51,2996,3399
2410: 4212,188,428,3335
2411: 1686,2326,2084,4759
2412: 8
2413: 
2414: 2557,2111,2652,4067
2415: 985
2416: 2102,213,332,1779,1079,3935
2417: 2341,1628,3720
2418: 4715,591,1983
2419: 965,2823,2659
2420: 3771,127,2597
2421: 2986,2869,2861,408
2422: 556,2797,3196,4768
4654: 179
2424: 1215,668,3012,3687
2425: 
2426: 711,4003,4339,2672,1752
2427: 4239,1713,4571,4761,2711
2428: 2454,3092
2429: 3340
2430: 257,2216,4746,3017
2431: 1521,4603,2737,4261
2432: 1931,59,3751,873
4600: 4814,2557,2219,1005
2434: 1007,4336
2435: 3063,3208,771
2436: 3733,787,3914,4352,1937
2437: 917,830,2048,581,2641
2438: 
2439: 204,2002,2077,2483,3523
2440: 162,1492,2335,452,2546
2441: 3100,2451,606,4051,1203
2442: 3677,1265,3349,3582
4494: 4142,3967
2444: 836,3045,86,455
2445: 986,120
2446: 351
2447: 1846,4092,2532
2448: 1909,3255,4370,19
2449: 4016,2321,3481,397,2273
2450: 1513,4236,2977
2451: 3100,2149,2441,4791
2452: 
2453: 4200
2454: 2428,3092
2455: 727,3755,1794,1706,2955,1032,4165,1419
2456: 2560,1168,217
2457: 1746,2643,3554
2458: 314
2459: 3884,3119,2992
2460: 3602
2461: 3832,4437,4796,973,3455,2531
2462: 2729,92,3041
2463: 3635,3031,627,1391
2464: 1324,924,4172
2465: 2487,4152
2466: 437,3443,2086
2467: 4132,2281,1666
4396: 41,1741
2469: 306,4160,311,4257
2470: 3532,496
2471: 3019,4123,369,2610,4578
2472: 1764,1447,2157,1802,3266
2473: 3474,2386,2530,2662
2474: 1740,4795
2475: 4410,2935,2821
2476: 2956,4737,3369
2477: 2164,3088,2770,3484
2478: 2744,2280,989,2241,2070
4514: 4088
2480: 4103,1247,3906
4745: 1370,3302,2010,1976
2482: 1160,2532,778
2483: 165,3017,2077,2439,204
2484: 793,4236,3124
2485: 963,835,2685,1547,2366
2486: 
2487: 2465,756,3090,1843
2488: 4693,210,3513
2489: 
2490: 4197,532,3763,3941,3759,1100
2491: 202,571,434
2492: 2079,1692
2493: 2734,1819,1103
4450: 1032,1841,2812,2310,4462
2495: 939,2549,1520
2496: 1189,246,375
2497: 2830,2125,3338
2498: 3093
2499: 3666
2500: 1316,4587
2501: 3557,1155,4403,2375
2502: 1700
2503: 2170,908,707,3366,1436,4064
2504: 4326
2505: 1147,4018,3213,4405
2506: 4504
2507: 2778,4348,3932,2663
2508: 1522,3201,2908,3964
4597: 4355,102
2510: 671,3071,1886,239
4814: 4600,4233,4463,4106,443,2219
2512: 108,1927,438,2068,1780
2513: 2018,1013,3725,3055,2752
2514: 4647,2353,4151
2515: 2718,4610,3838
2516: 3676,4699,3970,1953
2517: 
2518: 2352,2606,2141
2519: 1312,3580,2123,1570,2963
2520: 1223,609,2623,3012,2097
2521: 2573,3971,3190,4427,3985
2522: 3106,3767,2083
4487: 158,976
2524: 3776,1078
2525: 2927
2526: 752,1712,775,1441
4564: 4006,2677,1369,2399,4697
2528: 3512,3066,4626,2347,1001
2529: 
2530: 1406,174,216,4646,2473
2531: 3455,2592,973,2461,691
2532: 1160,2482,245,4092,2447
2533: 4184,607
2534: 740
2535: 3715,4623,4375,1856
2536: 2135,4580,536,579,1327
2537: 3592,3884,4014
2538: 1585
2539: 861
2540: 1853,1423,3623,1816
4757: 3928,2972,1482
4761: 2711,2427,2882
2543: 1745,2665,2357,2773
4646: 216,4355,2386,2530
2545: 2175,1850,653,131,531
2546: 2383,162,2440,1492
2547: 1642,4406,4434,823,2233
2548: 236,2917,3226
2549: 939,2495,4390,586
2550: 625
2551: 522,1096,1810
2552: 3267,4093,541,4386
2553: 4391,4118,1022,1583,958
2554: 2881,3098,128,1480
2555: 
2556: 
2557: 2414,2209,2111,1792,4600,1005
2558: 2850,3777,2334,877
2559: 4449,1867
2560: 2456
2561: 4098
2562: 3975,4665
2563: 300,3065,494,1822
2564: 
2565: 788,657,2152,3950
2566: 4727,1969,150
2567: 2093
2568: 4074,2889,336,3486,2167,4698
2569: 3429,2890
2570: 20,2061,4576,1090,3164
2571: 1175,3403,1952
2572: 1161,3310,292,1957,4637,1145
2573: 2197,2090,2521,3190
4445: 563,992
2575: 1887,2253,2152
2576: 1352,2043
2577: 
4697: 4796,2399,4564,2171,2677
2579: 4234,696,1936,1858
2580: 1799,2886,1898
2581: 1501
2582: 3787,3749,529
2583: 
4822: 2324,379,267
2585: 3399,1025
2586: 2262,2741
2587: 505,2809,3234
2588: 2874,2237,4190,2393
2589: 4031,3209,2886
2590: 3585,505,4327
2591: 2971,324
2592: 2531,691,3912,3519
2593: 1897,4278,4246
2594: 1157,392,2109
2595: 4566,1554
2596: 954,3637,72,664,1216,1202,1228
2597: 127,2350,3771,2420
4632: 122,1698,4245
4796: 1835,2399,4697,2677,973,3832,2461
2600: 4724,4055,1704,3214,3379
2601: 3703
2602: 
2603: 3461,414,1113,2714,1388
4567: 3169,49,1870,1842,2715
2605: 2905,3647
2606: 2352,2320,2518
2607: 2892,1382,2113,4384
2608: 2047,4023,3674,4371,246
2609: 3422,4116,941
2610: 334,3553,3217,4578,4428,2471
2611: 2394,4331,4763
2612: 1450,683
2613: 2308,2366,1081,4392,1725,2123
2614: 1156,849
2615: 1488,663,1532,3314
2616: 3084,1362,3978,4628
2617: 2809,120,4764,2997
2618: 1766,3798,3457
2619: 4052,3549,3889
2620: 3457,1962,4277
2621: 4775,892,4485
2622: 2972
2623: 3659,751,3012,2097,879,2520
4452: 
2625: 3858,1156,2292
2626: 4349,2165,2783,4267,3939
2627: 4741,1072,4459,536
2628: 
2629: 688,1307,2277,618,3370
2630: 4256,1591,2854,1898
2631: 1924,2087,3449,3990
4458: 977,765
2633: 1342,3389,426,3046
2634: 1643,4306,1594
2635: 1376,3977,791,2825,2119
2636: 4951,1161,1145,3709
2637: 1736,3891,4671,4809,949
2638: 1310,4309,4732,1033
2639: 3630,3132,1457
2640: 1917,1020,2698,3525,4702,2254
2641: 2714,2437,414,3897
2642: 1073,507,1662
2643: 2016,2032,2457
2644: 1149,1592
2645: 401,4552
2646: 1388,1086,2734,1019,1113
2647: 3526,3006,2009,3566,3117
2648: 994,3255
2649: 1529,4394
2650: 4236,3124,2084,624
2651: 812,3757
2652: 2384,3815,4067,2111,2414
2653: 1525,445,4195
2654: 1206,1178,3833,3851
2655: 3171,1604,4140,4147,1762
2656: 4278,4241,3929,1727
2657: 3038,553,1713,2711
2658: 4760,2172,1729,4470
2659: 475,2419,965
2660: 1257,2858,4772,3485,1166
2661: 1934,524,2902
2662: 2473,3474,2868
2663: 1425,2507
2664: 4544,4625,415,3227,4576
2665: 1745,2543,193,789,2357
2666: 2138
2667: 4500,2703
2668: 359
2669: 36,3987,4386
2670: 1503,1679,99,100
2671: 4467
2672: 4003,4339,775,365,1441,2426,1375
2673: 885
4756: 67
2675: 3517
2676: 3312,3301
2677: 2723,1369,4564,4796,2399,4697
2678: 1778
2679: 1976,1004
2680: 765,1901,1848,1006
2681: 
2682: 4792,3591,3211
4735: 3876,959,2174
2684: 
2685: 4246,2485,963
2686: 744,732,1946
2687: 674,394,534
2688: 1394,3424,101
2689: 4296,1314
2690: 150,2078,843
4611: 102,2017,2989,4491,3917
2692: 1220,4373,3229
2693: 2716
2694: 
2695: 1120,478,4469,2794,3976,3982
2696: 2942,345,4461,1724
2697: 2249,4102,189,3328
2698: 2640,3525,2254,1597,1170
2699: 3018,2405,3206,4598,3856
2700: 4169,2235,1251
2701: 1934,3140,2349
2702: 1448,677,671,3071
2703: 4281,2667
2704: 1810,2738,2768
4754: 4444,2047,4562
2706: 3825,395,3804,1443
4506: 3001,3416,771,808
4640: 3758,1647,3154,742
2709: 1724,3170,3806,4322,2980
2710: 2348,1809
2711: 4761,1713,2427,2657
2712: 4772,3575,1398,4622,4505,2275
2713: 3025
2714: 1113,633,1103,2641,2603,414
2715: 1842,4567,4102,4193
2716: 1635,3548,2776,2693
4509: 
2718: 2515
2719: 533,3145,4613
2720: 3633,2966,3224
2721: 4419,1586
2722: 3979,3037
2723: 2677,1369,2301
2724: 2760,652,688,424
2725: 379,2066,626
4752: 2120,487,4815,4109
2727: 2122
2728: 3146
2729: 2462
2730: 875,2758,3436,2208
2731: 4439,4014
2732: 4081,4543,1697,1438
2733: 1921,1258,371
2734: 2493,1819,1019,1113,2646
2735: 1729,3835,4422
2736: 4593,1474,4773,547,366
2737: 4229,570,4261,2431,4603,4217,1318
2738: 2246,3901,287,2704,2295
2739: 
2740: 1768,2067,1171
2741: 3383,1321,2586
2742: 1264
2743: 669,4793
2744: 2478,282,989,1647,3476,2241
2745: 1203,4609,1313,1910
2746: 1197,1553,3630
4517: 4775,3319,894,4795
2748: 2359,1973,4196,2955,1479
2749: 905,868,3272
2750: 69,1944,4682,3737
2751: 3609,3957,3460,166,1205,1598
2752: 3055,2513,1013
2753: 3982,2969,2794,2318
2754: 2012,252,1469
2755: 322,2949,1451,1109
2756: 845,1429,3851,3821
2757: 4403,1362,732
2758: 4499,2898,875,2730
2759: 4098,1937,3036
2760: 2724,3550,424
2761: 1431,3471,22,1398,1257
4483: 2784
2763: 1182,3909
2764: 1664,350,3618
2765: 4327,4292
2766: 635,4582,3229,803
2767: 1992,4243,605,2962,4211
2768: 3503,689,2704,3307
4807: 3598,776,3606,4273
2770: 2121,3074,3974,3484,2477,135
2771: 163,2364,3830,975
2772: 1151,3101,693,3210
2773: 4702,2357,4094,3343,2543
2774: 
2775: 499,465,4262,485,452
2776: 2716,3544
2777: 
2778: 2507,4348,1425
2779: 859,1197
2780: 3498,1911
2781: 2074,2930,2800,4412
2782: 1006,1279,938
2783: 83,4267,4216,2626,2165
2784: 4483
2785: 2880,622,3153,919
2786: 4349
4468: 1463,4363,2075,2795,1024,957
2788: 569,4047,2254
2789: 1986,2031,1296
2790: 449
2791: 348
2792: 1941,1869,1325,4162,489,924
2793: 1843,756,890
2794: 3976,3253,2695,2753,3982
2795: 4319,2075,1051,4508,1532,1024,4468
2796: 3082
2797: 241,2422,556
2798: 2286,4085,3184,460,4672
2799: 
2800: 4657,2781,2930
2801: 
2802: 3664,3049
2803: 86,1229,1394,755
2804: 3355,1262,278,4663
2805: 1131,1363,3441
2806: 1263
4524: 3405,3617,1134,1341
2808: 1983,3843
2809: 2617,3234,2587,566
2810: 3094
2811: 3835,4059,1077
2812: 2310,4450,839,2915
2813: 3693,1874,3987
2814: 497,1560,3834,410
2815: 381,1716
2816: 316,4412,1545,75,285,4259
2817: 459,3657,2068,3786
4645: 885
2819: 270,3335,1276
2820: 491,2898,2206,40
2821: 3435,2475
2822: 4093,541,4617,1276
2823: 4383,3908,2419,965
2824: 3317
2825: 2826,2119,791,2635,248
2826: 2825,2119,1958,663
2827: 1495,2307,495,2090,1599
2828: 2200,3817,4806,88
2829: 
2830: 699,2497,3338,3465
2831: 1463,4363,707,1302,4072
4741: 2627,3465,3338,902,3292,4580
4420: 4377,2019,2135,3682
2834: 666
2835: 
2836: 4617,3163,2089,0
2837: 2014,1826
2838: 3678
4569: 3987,733,3035,3393
4490: 653,1241,131
2841: 354,3420,3986
2842: 3817,2287,3845
2843: 
2844: 867
2845: 3947,2314,3256
2846: 1858,4340,4105
2847: 413,4264,3588
2848: 4498,815,1786,3710
2849: 1358
2850: 2558,1062,1573,1608,2334
2851: 3290,3412,1198
2852: 2930
2853: 1788,573,2941,891,3087,244
2854: 433,1898,2630,4477
2855: 938
4806: 4501,994,3817,2828,2200
2857: 1879,2958,956,528,2266
2858: 2660,921,655
2859: 1127,888
2860: 1802,3266,4718,2103
2861: 3891,2986,2421,1618
2862: 
2863: 2141,3212,1971
2864: 1405,1748,503,3649,1992,3849
2865: 1474,2918,1841,4316,366
4434: 1028,823,730,2547,2233
2867: 855
2868: 4345,2662
2869: 4298,883,3663,408,3472,2421
2870: 3004,3295
2871: 77,1275,3603,3959
2872: 2117,573,2941,3271
2873: 626,3597,226,3700,996,1066
2874: 2588,2237,2193,3788,477
2875: 
2876: 3676,1953,3145,4613,672
2877: 1270,1687,4174,4224
2878: 344,3456,750,2121,3272
4676: 
2880: 622,2785,2953,3036,901
2881: 3098,2554
2882: 4122,4761
2883: 3968,1464
2884: 136
2885: 1550,4721,4166,4015
2886: 3209,2589,896,2580
2887: 4401,1447,2231,4058,64,3085
2888: 3623,1539,670,3478
2889: 3639,4074,2568,336,3610
2890: 4404,3429,2569,401
2891: 320
2892: 2607,1382,978,3479,3844
2893: 4553,2214,876,3277
2894: 4790,1320,1544,1332
2895: 184,160,3318,4319,3182
2896: 3861,4819,1312,4642
4812: 203,1456,3965
2898: 2820,2206,2758,3436,3582
2899: 1250,3041
4448: 4555
2901: 882,1891,3956,993
2902: 3039,3445,1111,2661
2903: 4474
2904: 231
2905: 866,3647,2605,225,814
2906: 4780,194,3385,555
4515: 1610
2908: 673,3690,1522,2508
2909: 2338,2242,3466
2910: 4016,3720,1462,794
2911: 1485,4426,1328
2912: 1504,1208,4362,1071
2913: 3971,1599,4635,3279
2914: 629,1077
2915: 4773,3596,2812,2310,4821
2916: 330,690
2917: 2548,236,1621
2918: 1474,2865,1841,2310,4773
2919: 2256,1883,1042
4663: 2256,278,2051,3355,2804
2921: 3952,4376,3762
2922: 3374,4198,3794,107
2923: 850,638
2924: 1144,3961
2925: 1700,256,1811
2926: 1265,4723,1840,4323,2206
2927: 2525,3866
2928: 390,1136,4228,4665
2929: 
2930: 2781,2074,2800,2852
2931: 1642,4406,135,1046
2932: 3961
2933: 651,3059
4444: 3404,4754,937,517
2935: 1105,2973,4666,2475
2936: 1435,2222,1912
2937: 1688,3851,3821
2938: 4239,4110,4122,4045
2939: 1811
2940: 2184,1939,1251
2941: 2872,573,2853,3087
2942: 345,2696
2943: 
2944: 3015
4797: 1675,3342,1290,2356
2946: 3949,4545
2947: 407,578,2214,3880,972,4539
2948: 1983
2949: 3117,322,2755
2950: 736,3332,1764,2157
4583: 1981,2250,2110,4772,3575,3485
4734: 4398,1346,935,3685,124
2953: 2880,622,3417
2954: 849,794
2955: 1706,1619,1479,2748,2455,4165
2956: 3428,2476,4737,3369
2957: 3356,4145
2958: 1879,2857,528,2070,215,3766
2959: 580,4518,3881,3497
2960: 2387,4777
2961: 2071,214,1259,4685
2962: 3571,1397,4211,2767,605
2963: 1246,1570,2519,3580,1878,3024
2964: 1291,672,1454
2965: 1442
2966: 2720,3224,3907
2967: 1046,4406,2233,1376
2968: 704,979,1778
2969: 2753,3982,4002,2318,1146
2970: 623
2971: 2591
2972: 4757,2622
2973: 1105,2935
2974: 1975,795
2975: 2260
2976: 1761,4653,1716
2977: 4236,2450,2099
2978: 3317,1142,4648
4815: 4752,487,1806,3545
2980: 2709,3170,1609,3806
4395: 413
2982: 4614,4504,2066
2983: 
2984: 3168,218,1931
2985: 551,2116,728
2986: 4215,1384,2421,1618,2861
2987: 
2988: 
2989: 2017,1076,1009,3917,4611
2990: 4686,3886,2140,1119
2991: 4481,1657,3784
2992: 3119,647,2459,614
2993: 312,4818,4376
2994: 4516
2995: 1351,53,529,1095
2996: 309,1559,601,1342,3046,2409
2997: 3043,1400,120,2617
2998: 861,1360,731,608
2999: 951,2042,3246,374
3000: 1367,4260,1337
3001: 3064,4506,3216,1947,3416,2278
3002: 3251,2305,3493,1461
3003: 3122
3004: 2331,2394,2870,3295
3005: 968,155
3006: 2647,3526,4012,3117
3007: 1978,3311,1798
3008: 74,2255
3009: 40
3010: 
3011: 1134,1341
3012: 2424,668,2623,751,2520
4541: 
3014: 88,3845,3057
3015: 1156,2292,392,2944
3016: 1230,3854,2277,1277,3829,618
3017: 165,2483,1851,4746,2077,2430
3018: 2699,4109
3019: 2471,369,1678,4428,2089,3731
3020: 1822,1850,1739,653
3021: 4133
4400: 
3023: 1744,4779
3024: 1878,3181,1570,1167,2963
3025: 2713
3026: 1204,4011
4695: 4572
4614: 2982,2066
3029: 
3030: 195,3590,1094,3871
3031: 3635,1280,2463,1391,1718
3032: 4173
3033: 3615,1323,629
3034: 1639,41,3744,3818
3035: 3357,3393,4569,936
3036: 4098,2759,2880,901
3037: 3979,2722,1181,1423
3038: 2657,553,4554,846
3039: 2902,3445
3040: 
3041: 3661,2899,2462
3042: 4587,1243,2306
3043: 2997,1400,4764,2067
3044: 3475,1059,1164,33
3045: 2444,836,3250,4021
3046: 1342,3389,2633,1559,2200,2996
4454: 4259,4794,1110
3048: 2284,4162,4414,3553
3049: 3664,2802
4630: 116,1117
3051: 2351,2028,4471,646,3233
3052: 3593,1458,468
3053: 
3054: 711,1993,1191,1752,404
3055: 4330,2752,2513,3725
4707: 3451,2131,4476,1657
3057: 3014
3058: 
3059: 698,4114,1186,2933,1772
3060: 3718,3423
3061: 1406,2055,3443
3062: 1470,3790,3234
3063: 3482,2435
3064: 3001,1947,3632,25,1668
3065: 2563,300,4492,1526,294
3066: 1730,447,1327,3512,2528
3067: 1190,4672
3068: 954,3637,943,4805,1307
3069: 254,4141,1683
3070: 3656,1187
3071: 671,2510,3888,2702,363
3072: 2383
4613: 2719,3145,2876,672
3074: 2121,2770,3272,3974,2101
3075: 1053,3192,6,764,1371
3076: 3148,3336,3119
3077: 4084,3825,1340,2217,3382
3078: 412,1000,4624
3079: 3706,3981,1431,921
3080: 4046,964,4801,2035,4274
3081: 1563,1429
3082: 1047,2796,1710,763
3083: 4701,1676,1486,1855
3084: 2330,2616,1434,509,3978,4628
3085: 1763,2887,4058,12
3086: 1364
3087: 891,1475,3156,2853,2941,461
3088: 2477,2164,3930,402,2191
4447: 1980,2245,38,2113,3690,1023
3090: 32,2487,1843
3091: 1636,1999,4578,3655,4123,4563
3092: 2428,2454
3093: 2498
3094: 2810
3095: 3704,4215,1618,1028,730
3096: 267
3097: 466,648
3098: 2881,2554,128
4703: 3358,4252,2359,4462
3100: 2451,2149,2441,372,606,694
3101: 1151,2772,3161,3210
3102: 2303,3339,1503,99
3103: 1115
3104: 1868
3105: 4712,3771
3106: 2522,2252,3616,3767
3107: 1536
3108: 2175,4678,3794,877
3109: 4712,2350,2062,3198
3110: 4551,2056,1840,4323
3111: 783,1212,3268,3936,2130
3112: 2213,1086
3113: 
3114: 2323,3504
3115: 3908,1008,3693,2003
3116: 
3117: 322,2949,2647,3006
3118: 1774,4717
3119: 2992,2459,3076
3120: 
3121: 2011
3122: 4500,3003
3123: 
3124: 2650,948,2484
3125: 3579,3514,510,4154
3126: 148,1962,1977
3127: 326
3128: 
3129: 3397,1333
3130: 4808,2223,3779
3131: 454,3330
3132: 3931,2639,1457
3133: 686,3363,1634,4000
3134: 4817,926,1808
3135: 457,2316
3136: 3325,3199,3800,2241,451
3137: 202,1089
3138: 4350,729,3714,3822,2279,21
4499: 2758,875,1012
3140: 2349,1866,1934,524,2701
4790: 2894,1320,4220,1332
4542: 752,4391,4118,1449,1712,3670
4731: 1519,571
3144: 4100,774,4787,3294,4451
3145: 2719,533,1953,2876,4613
3146: 2011,2728,181
3147: 4765,3815,1624,3277
3148: 3076,3336,3592,4767
3149: 4723,2298,3781,3881
4604: 
4706: 
3152: 3819,3887,1148
3153: 2019,622,2785,919,4505
3154: 111,742,3758,4640,1174
3155: 4209,576,747,913,3617
3156: 891,1475,3087,461,4691,4135
3157: 1391,1718
3158: 1975,3473,609,793,1513
3159: 4171,1078,1014
3160: 
3161: 3210,2328,4719,3101
3162: 772,3511,1037,3892
3163: 4617,3812,2836,1678,2089
3164: 1090,2570,2061
3165: 3889,1902
3166: 468,1499
3167: 302,1490
3168: 218,2984
3169: 4567,49,3962,511,4102
3170: 1724,2709,2980
3171: 1604,2655,766,3975,1762
4472: 1669
3173: 167,4710,3781,752,4723,2298
3174: 
3175: 1935,1751,4421,3322
3176: 1860,1087,3298,1767
3177: 4204,837,4249,2228
3178: 3487,3358
3179: 3634
3180: 3422,1524,4496
3181: 1878,3024,3733
3182: 4319,2075,160,2895,4363
3183: 1452,4739,4501,4254,3389
3184: 2798
3185: 77
3186: 1935,551
3187: 4669,4649,2159
3188: 3820,1139,3702,3527
3189: 1213
3190: 4786,4427,2573,2197,2521
3191: 4536,4272,89,2004
3192: 3075,1026,3867
3193: 2362,3958,4090,1348
3194: 2389,4618,533
3195: 338,1677,4691,319,4135,4455
3196: 4768,3762,2422
3197: 
3198: 1118,2062,3109
3199: 3325,3136,4488,4548
3200: 299
3201: 673,2508,2401
3202: 2306,785,3754,593
4573: 3650,3350,1721,213,332
3204: 4032,4174,403
3205: 4677,3960
3206: 817,3856,2699
3207: 1994,3903,4279,2005
3208: 94,771,2435,4606
3209: 1756,2886,4031,2589
3210: 693,2328,3161,3101,2772
3211: 1802,1665,3591,2682
3212: 4770,3388,2863
3213: 1147,2505
3214: 299,887,419,1704,2600,4724
3215: 
3216: 1955,1947,2278,3001
3217: 334,2610,1324,3331
3218: 4134,3341,4766
3219: 1097,1467
3220: 4605,2114,1297,1914,1796
3221: 3457,341,3278
3222: 
3223: 4546,2058
3224: 4286,3907,2720,2966
3225: 3259,1949,1995
3226: 4056,2548,236
3227: 123,2015,4625,2664
3228: 3523,2002,3558,3577,2330
3229: 2766,325,803,2692
3230: 3657,816,55,2129,289,290
4391: 4118,2553,958,1449,4542
3232: 1816,1637,4009
3233: 1315,4471,2351,3051,1234
3234: 2809,3062,2587
3235: 2040,4565,1790
3236: 
3237: 
3238: 522,114
3239: 1630,1774
3240: 4094,789,2357
4818: 2993,4464,242,3628
3242: 4585,3802,2259
3243: 1309
3244: 2262
3245: 1410,57
3246: 951,2042,2999
4423: 3611
4747: 3782,1179
3249: 
3250: 2106,748,836,3045
3251: 2305,3002,3493,1234,182
3252: 2339,3458,16
3253: 2794,3976,4399
3254: 3671,382
3255: 1909,2448,994,19,2648,1422
3256: 2314,2845
3257: 3990,535
3258: 168,712,795,3852,1390
3259: 3225,4633,633,830
3260: 3719,1383,1128,2057
3261: 897
3262: 492,4440,1116,3610
3263: 354,1359,2150
4437: 3832,1863,2461,3455,342,3824
3265: 3837,940,1250,1353,92
3266: 1802,2860,1447,2472,1763
3267: 2552,3331,2033,1324
3268: 1247,4065,3936,1212,3111
3269: 197,4738
4769: 190,3351,4308,3559,1016,3534
3271: 1395,2872,123
3272: 2121,3074,2749,3456,2878
4642: 1422,2896,4819
3274: 
3275: 
3276: 895
3277: 876,3147,2214,2893
3278: 3221
3279: 495,2913
3280: 2224,4647,905,588
4471: 3233,3051
3282: 2297,3970
4713: 3292,3417,622
3284: 1507,3785,81,568
4669: 279,3187
3286: 
3287: 4544,4625,971,3750,927
3288: 1052,267
3289: 1576,945,3778
3290: 1651,3412,2851,1198,4680,3351
4551: 3110,2056,4518
3292: 4713,4377,4741,4580
3293: 3742,1623
3294: 4787,3144,358
3295: 418,2331,3004,2394,2870
4488: 3199,4548,1990
3297: 4682,3581,1494,1507,134
3298: 3176
4738: 3269,4255
3300: 2269,146,2304
3301: 2676
3302: 4745
3303: 4820,3905,1782,848,2202,1701
3304: 88,601
3305: 4730,516
4552: 1036,2645
3307: 1914,2768,3503
3308: 3934,1129,3999,1719,2395
4406: 1642,2931,2547,2233,1046,2967
3310: 1161,2572,2126,1067,292,2080
3311: 1978,1239,3007
3312: 2676,321,3605,4816
3313: 3546,4803,4554,846
3314: 1532,1024,1488,2615,957,1010
4740: 4479
3316: 498,4170,1533,4414
3317: 2978,2824
3318: 1661,1881,2895
3319: 4775,4517,3719,4485,2057
3320: 348,1171
3321: 2046,256
3322: 831,1385,1751,3175
3323: 943,4805,3869,688,4187,652
3324: 890,31,1458
3325: 3199,3136,3800,2021
3326: 383,1693,4081
3327: 4788,3624
3328: 2311,177,189,2697
4412: 2816,316,4657,2781,4259
3330: 180,3131
3331: 3267,1324,3217,3584
3332: 736,2950
3333: 2319,1704,3769,1526,300,494
3334: 4736,1666,923
3335: 2819,428,2410
3336: 3148,3076,4767,896
4694: 1929,940,1852,3396
3338: 2830,2497,4741,3465
3339: 4589,1583,3102,3685,1503
3340: 2429
3341: 305,3218,4134
3342: 1433,1675,4797
3343: 78,4094,17,4702,2773
3344: 2234,644,1634,476
3345: 
4742: 1477,4718,2189,3543
3347: 102,2017,3922,4823
3348: 
3349: 3436,3582,2442,3677,4243,2208
3350: 3650,4573,4270,838,1721
3351: 4769,190,3290,1651
3352: 807,3627,3375,880,1417
3353: 1844,1648,3612,1493,390,1788
3354: 3937,1549
3355: 2804,127,2051,4663
3356: 2957,4145
3357: 3035,4276,2337
3358: 4703,3487,620,3178
3359: 1875,3885,4535,2257,1330
3360: 243,782,2190
4536: 3191,4272,4375,1856,4038
3362: 3865
3363: 686,2220,3133,2234
3364: 1345,1817
3365: 4456,3814,57
3366: 1695,4039,2503,4064
3367: 
3368: 3656
3369: 4737,3788,2956,2476
3370: 618,2629
3371: 
3372: 4544,415,157
3373: 
3374: 4591,2922,4198,49,3962,1870
3375: 880,1566,2294,3352
3376: 136
3377: 2225,4009,1950
3378: 4474
3379: 494,1704,2600,4055
4687: 1344,154
3381: 171,4786
3382: 2217,3077,719
3383: 2315,2741,1321
3384: 
3385: 555,194,2906
4714: 797,3787,1740,1689
3387: 2223,3848,327
3388: 4770,614,3212,1971
3389: 2633,3046,4254,3183,2200
4662: 1169,3565,2278,3573
3391: 4383,3908,1008,3955,2391
3392: 527,4121,2037,110
3393: 3035,733,4569,270
3394: 4333,1918,834,3702,1139
3395: 1750
3396: 4694
3397: 3129,1347,4328,1333
3398: 626,2324
3399: 2585,51,2409
3400: 
3401: 3671,1238,4358
3402: 3429,1834
3403: 1952,4187,478,3982,2571
3404: 4444,1965,937
3405: 344,4524,3617,1134
3406: 1252,1111
4755: 4227
3408: 2318,3646,3531,4399,98
3409: 4560,1153,3944,1231
3410: 2379,0
3411: 3655,3560,4563
3412: 3290,1651,2851,1175
3413: 495,3454
4606: 991,94,3208,735
3415: 3478,4323,235,1284
3416: 2278,3001,4506,771
3417: 622,2953,4713
3418: 4793
3419: 3826,654,4463,2049,3841
3420: 2150,834,354,2841,3702
3421: 1054,2390
3422: 3180,2609,4116,4593
3423: 1820,3060
3424: 2688,1394,4443,1895
3425: 1834,1913
4750: 774,1853,3951
3427: 1798,1497,1889,470
3428: 2956,3752,2088
3429: 3402,2569,2890
3430: 1703
3431: 4053,426
3432: 4442,3604,3911,3780
3433: 3664,773,1681
3434: 1339,1254,1383,1128
3435: 2821,1004,1707
3436: 3349,3582,2898,2730
4816: 321,3312,611,741
3438: 1375,4003,1752
4598: 2699,2405,4701,1676
3440: 397,2273,462,3783
3441: 2805,1363
3442: 
3443: 859,2466,3061
3444: 4075,2105,48,563,1824,4692
3445: 3039,2902,918,1537
3446: 1602,4129,3618,1682
3447: 3747,4711,1330,2132,254
3448: 2355,2336,1540,2333,1987
3449: 273,535,2244,2631
3450: 
3451: 4707,4503,3980,1657
4603: 2431,1318,2737
3453: 3983,4345,2116,1508
3454: 1495,3413,495
3455: 2531,3832,4437,2461,3824
3456: 717,750,3272,2878
3457: 3221,2620,2618,4431,341
3458: 1998,3252,16,888
3459: 3651,3542
3460: 1028,823,2751,3609,1598
3461: 2603,414,604,1388,4538
3462: 4095,694,3552
3463: 2281
4578: 1999,3091,3553,2610,2471
3465: 4741,1072,2830,3338
3466: 2909
3467: 2
3468: 1289,404,931,1191,4705
3469: 
3470: 1919,18,4055
3471: 2761,1431,22,4078,2072
3472: 408,3663,2869,2329
3473: 3158,1975,609,4019,3508
3474: 2473,2386,551,2662
3475: 3044,487,1164,4073
3476: 1528,3800,2241,282,2744
4821: 695,2915,3596
3478: 3415,2888,1539
3479: 2892,4626,3844,156
3480: 4140,3910,939,1604
3481: 4016,2449,514
3482: 808,3063,2269
4398: 4734
3484: 2121,2770,2477,1134
3485: 4772,3575,4583,2660,615,1166
3486: 2337,2167,336,2568
3487: 1432,3358,4252,3178
3488: 4369
3489: 4489
3490: 530,4061,1411,3625,2065,3620
3491: 
3492: 3786,1272,2117,685
3493: 1315,4388,1461,3251,3002
3494: 4311,4778,3621,1734
4758: 4601,214,4206,4256
3496: 4465,3893,4615,4394
3497: 3881,3670,4531,2959,580
3498: 2780
3499: 2374,4531,580
4478: 4432
3501: 296,1909
3502: 347,3689
3503: 2768,689,3307,1906,3566
3504: 4480,3114
3505: 
3506: 4413,4275,4743
4459: 536,579,4596,2627,1072,1412
3508: 4019,1185,4096,1795,3473
3509: 945,4679,4001,3861,4497
3510: 
3511: 772,794,3162,881
3512: 4078,1327,2528,3066
3513: 3883,305,2488,4693
3514: 3579,3125,3952,4376,312
3515: 2154,2188
3516: 
3517: 2675,197
4388: 3493,1315
3519: 4189,2592,3912,1872
3520: 205,435,1093
3521: 
3522: 2368,4175,4644,4442
3523: 1218,3228,2346,2439,2002,3558
3524: 1619,1479,1738,1972,1012
3525: 2640,1020,2698,4701,1486,1170
3526: 2647,3006,337,1209,4012
3527: 3986,3188,307,4158
3528: 
3529: 737,4288,4346
3530: 1170,308
3531: 984,1904,4399,98,3408
3532: 2470,496,4379,2172
3533: 4138,422,210
3534: 4193,3640,4769,3559,2133
3535: 
3536: 26,620
3537: 3751,540,227,2362,3958
4709: 1496,319,4726,4455
3539: 2109,4799,251,3663
3540: 3916,187,1472,806,667
3541: 4182,1531,4581
3542: 1210,3459,3651
3543: 4571,1477,4742,2189
3544: 1401,2776
3545: 4073,4815,315,1806
3546: 4803,3313,887,4724,18
3547: 3804
3548: 2716,1635,4543
3549: 3889,2619
3550: 424,1267,1633,2760
3551: 2086,4575,3944,1231,3931
3552: 4599,3462,4095,482
3553: 334,2610,3048,4162,4578
3554: 1610,2457
3555: 
4440: 3262,1116
3557: 2501,2375,4765
3558: 1685,2346,3523,3228,481
3559: 1016,1842,4769,3534,4193
3560: 530,3411,1757,2065
4668: 4685,521,469
3562: 4150
3563: 
3564: 
3565: 1578,1682,4662,3803,2142
3566: 4484,1906,3503,689,2647,2009
3567: 3912,4154,4344
3568: 
3569: 4817
4431: 575,341,3798,3457
3571: 1397,2962,1961,4211
3572: 634,1512
3573: 2278,4662,3803
3574: 3588
3575: 2712,4772,3485,4622,2110,4583
3576: 645,1344,376
3577: 2330,1362,3228,1685
3578: 318,1306,714
3579: 3514,4017,3125,4154
3580: 2519,2287,1570,2963
3581: 4682,3737,3297,4041,843
3582: 3436,3349,1265,2898,2206,2442
3583: 1992,3849,4211,4727
3584: 4428,3331,3812
3585: 982,2590,505
3586: 4549,4245,4439
3587: 674,1044
3588: 4000,1634,3574,2847
3589: 4286,4382,4784,28,3907
3590: 1301,195,3030,1094
3591: 46,3808,841,1665,3211,2682
3592: 3884,2537,3148,4767
3593: 3052,468,3953,311
4803: 3546,3313,846,1949,1995
3595: 
3596: 4773,2915,4821
3597: 2873,226
3598: 776,4807,192,3606,2354
3599: 501,4736
3600: 4624,2156,982
3601: 1995,18,1819
3602: 2460
3603: 726,685,2871,840
3604: 1551,3911,3432
3605: 321,820,1734,3312
3606: 4273,3598,4807
3607: 2391,978,163,4667
3608: 797,4101
3609: 2751,4215,1384,3460
3610: 336,1116,3262,2889
3611: 2358,4423,2307,1555
3612: 1648,459,289,3657,3353,1844
3613: 1214
3614: 
3615: 3033,1323
3616: 3767,2252,3106
3617: 3405,344,4524,576,3155
3618: 864,2764,3446
4582: 2766,577,1039
3620: 3625,2065,3490,4061,1253
3621: 820,1734,4778,805,3494
3622: 885
3623: 2888,1181,670,1423,2540
3624: 3327
3625: 1424,2065,3620,3490
3626: 704,979,919
3627: 807,3352
3628: 4075,3894,242,3933,4818
3629: 4684,1286
3630: 2639,2746,4575
3631: 3753,746,647
3632: 1947,4295,3064,25
3633: 2720,2095,203
3634: 3179,2154
3635: 1280,3031,2463,1473,4117
4673: 2138
3637: 954,3068,2596,3854,2277,1228,1307
3638: 
3639: 4074,2889,4214
3640: 4390,3534,4193,2133,884,4457
3641: 4131,403,4558,517,1218
4546: 2058,3223
3643: 4612
4508: 248,1051,2795,1532
3645: 143,4491,1935,4355
3646: 2318,3795,3408,98,717,1595
3647: 2905,2605,225,814
3648: 
3649: 1992,4243,3677,2864,503
3650: 4573,3350,1750,332
3651: 3459,3542
3652: 1473,1280
3653: 349,656,4213,4101
3654: 792,4421,143,4595
3655: 3411,1636,3091,4563
3656: 3070,3368,1552
3657: 3230,2068,816,289,459,3612,2817
3658: 1026
3659: 2623,71,751
4688: 1133,1617,383,226
3661: 4430,3041,4325
3662: 87
3663: 2869,883,3539,3472
3664: 3433,2802,1681,3049
3665: 3814,1799,433
3666: 2499
3667: 1864,1990,4548,2266
4462: 2359,4703,1032,4450
3669: 4698,826,4532
3670: 3781,3881,3497,4118,752,4542
3671: 3401,3254
3672: 539
3673: 1988
3674: 2047,2608,278
3675: 1910,1285,4791
3676: 2516,4699,2876,672
3677: 2442,3349,503,3649,4243
3678: 995,2838
3679: 4800,1658
4619: 1708,1872
3681: 1629,1376,2119,1958
3682: 2135,4377,4420
3683: 4753,502
3684: 1235
3685: 935,4734,4589,3339
3686: 
3687: 3906,1150,4103,2424,1215
3688: 
3689: 3502,920
3690: 2113,4384,1980,4447,2908,673
3691: 4207,210,4316,1063,1649
3692: 1823
3693: 2003,2813,3115
3694: 4689
3695: 
3696: 1430,799,519
4692: 997,3444,2105,563
4588: 4357,4496,599
3699: 4082
3700: 226,1693,2873,996
4751: 1965,2378,911,702
3702: 3420,834,3394,3188,1139
3703: 2601,1711
3704: 3095,1742,588
3705: 2039,4208
3706: 3981,3079,2072,2229
3707: 1508
3708: 3976,3712,4424,4151
3709: 670,2636,3979,1181
3710: 2848,1786,1775
3711: 1097,700
3712: 1255,1195,4424,3708
3713: 
3714: 1180,3822,729,3138
3715: 2062,2535,2403,1856
3716: 3806,4322
3717: 706,1690
3718: 4684,1415,3060,650
3719: 3260,2057,3319
3720: 4016,2910,2417,1548,1462
3721: 
3722: 3775,4125,1933,4010
3723: 198,1060,1414
3724: 1838,306
3725: 1253,2513,3055
4601: 214,151,4758,1002,2198,4256
3727: 4235,4057,1372,1860,2155
3728: 1319,1985,111,2230,1174,1058
3729: 
3730: 
3731: 2089,3019,369
3732: 2272,2033,2364
3733: 787,2436,3181,4352
3734: 1747,2199,99,365
4800: 3679,4092
4435: 208
3737: 4682,3581,69,2750
3738: 
3739: 709,980
3740: 2148
3741: 2185,448
3742: 3293
3743: 1263,2227,274,4210,1402
3744: 1348,41,3034,3818
4620: 
3746: 4623,2024,1684,4375,144,4272
3747: 914,3447,4711,1261,1330
3748: 
3749: 1009,2316,2582,3787,529,1076
3750: 971,3287,1413,1060,927
3751: 1196,540,3537,2432,2362,873
3752: 3428
3753: 3631,2031,2182
3754: 66,1990,3202,593
3755: 727,2455,422,333,1794,4207
4574: 4238,586,1240
3757: 1244,2651
3758: 4640,3154
3759: 121,3941,2490,1100
3760: 4538,1927,1272
3761: 1825
3762: 3196,3952,2921
3763: 3941,1662,2490
3764: 2377,2404,899
3765: 
3766: 215,1380,2958,528,9
3767: 3616,2522,3106,2083
3768: 2101,730,1642
3769: 3333,2319,315,1743,1526
4497: 4527,4819,3509,4001
3771: 2420,3105,4712,2350,2597
3772: 1791,2001,1675,4359
3773: 
4401: 2887,219,4660,4058,64
3775: 4125,1974,3722,692,1104
3776: 2524,1078
3777: 2558,2334,4149,1267
3778: 3289,2317,945
3779: 4054,4808,3130,1964
3780: 3967,3432,2368
3781: 3881,3670,752,3149,2298,3173
3782: 4747,1291
3783: 397,3440,2321
3784: 1511,2991,1967,4602
3785: 1507,3284,4009,2225,568
3786: 3492,1272,2817
3787: 2582,797,4714,3749,2316
3788: 4737,3369,2874,2237,2193
3789: 1652
3790: 3062,986
3791: 
3792: 3897,4479,414,604
4513: 2079,253
3794: 4678,3108,2922,4198
3795: 2318,3646,1146,3855,865,1471
4704: 4689
3797: 1988,3991,3853
3798: 4431,2618
3799: 2218,979,1778,1667
3800: 3476,1528,2241,3325,3136
3801: 1141,1769
3802: 4585,3242,2259,963,835
3803: 1560,2142,3565,3573
3804: 3547,2706
3805: 104,4519,1271
3806: 3716,4322,2709,2980
4531: 4118,3499,580,3497
3808: 46,3591,394
3809: 2063,1121,621
3810: 
3811: 1386,2213,1241
3812: 3163,1678,3584,4428,4093
3813: 
3814: 3365,3665,1030
3815: 2652,2384,3147,4765
4609: 4621,2745,25,1313
3817: 2842,4806,2828
3818: 184,3744,1639,3034,908
3819: 3152,1142,3887
3820: 3188,1139
3821: 3851,2937,2756,276
3822: 1040,1722,3714,3138,21
3823: 2050,4783,23
3824: 4437,3455,342
3825: 2706,1340,3077,4084
3826: 3419,4463,3948,1511,2049
3827: 9,956,528,124
3828: 1889,1163
3829: 942,618,1277,3016
3830: 975,1874,2771,1008,2003
3831: 728,480
3832: 1863,4437,2461,4796,3455
3833: 3851,1178,2654,2114,1297
3834: 934,4696,2814,80
3835: 2735,2811,4059
3836: 4352,4166,4188,4394,1550
3837: 940,1852,3265,1250
3838: 4610,2515
4655: 4670,974,857,2327,1803
3840: 
3841: 4798,4106,4442,3419,654
4438: 247,1943,4351,2098
3843: 2808
3844: 4626,2347,2892,3479
3845: 1246,2287,2842,3014
3846: 4562,517,82
3847: 3900,416
3848: 3934,2223,3999,3387
3849: 4041,1405,2864,1992,3583
4557: 4658,917,2048,1123
3851: 3833,3821,2654,2937,2756
3852: 4360,3940,3258,1390
3853: 3991,3797
3854: 1230,2277,1228,3016,569,3637
3855: 865,2212,4002,3795,1146
3856: 3206,4305,2699
3857: 
3858: 206,2625
3859: 1451,1485
3860: 2091,854,1607,1533
3861: 4392,1725,2896,4679,3509
3862: 
4587: 3042,1316,2500
3864: 2360,148
3865: 3362,367
3866: 2927,240
3867: 1026,3192
4768: 3196,2422,556,1517,1374
3869: 943,3323,1948,52,4187
3870: 845,4251
3871: 382,3030,1094
3872: 4568
3873: 89,729
3874: 256,1765
3875: 4691,319,1475,4285
3876: 4735,1831
3877: 4138,2208
3878: 4312,4076,13,1558
4798: 372,4106,606,3841,4051
3880: 972,2947,4539,1000
3881: 3781,3670,3497,2959,3149
3882: 648,1524,4634,1268
3883: 3513,305,4065
3884: 3592,2537,4014,2459
3885: 4535,3359,2205
3886: 2990,4686,198,373
3887: 1148,327,3152,3819
3888: 3071,239,385
3889: 3165,1902,3549,2619
3890: 
3891: 1736,4671,2861,2637,949
3892: 1037,1089,3162
3893: 4465,3496,1770,1281,1529,4394
3894: 4075,3628,3933,48
3895: 856
4684: 3718,1415,1286,3629
3897: 3792,2641,2048,414,604
4782: 1137
3899: 4469,4424,1683,4057,1372,1120
3900: 3847,416
3901: 2246,2738,287,1982
3902: 4105
3903: 3207,4549,2005
3904: 
3905: 3303,4820,2202
3906: 3687,1150,2480,1940
3907: 3589,3224,28,2966
3908: 3391,4383,1008,2823,3115
3909: 2763,926
3910: 4140,3480,2230,1985,2408
3911: 1498,3604,2049,3432
3912: 691,3567,2592,3519
4770: 3388,614,3212
3914: 787,2436,1937
3915: 3925
3916: 3540,2107,187
3917: 4595,1009,2989,4611
4793: 3418,669,2743
3919: 1903,265,1901
3920: 152
3921: 1735,1108,4095
3922: 2017,284,1095,3347,4823
4696: 80,4811,3834
4417: 
3925: 1805,3915
3926: 4719,813,171
3927: 139
3928: 4757,87
3929: 4229,4241,4261,4334,2656
3930: 1476,2164,3088
3931: 3132,3551,3944
3932: 326,2507,4348
3933: 4300,242,3894,3628
3934: 2223,1219,3848,3308
3935: 2416,1779,492,2378,1079
3936: 941,4065,1018,3268,3111
3937: 3354,1549,1714
4808: 3130,3779,1044,1964
3939: 2626,4267,4216
3940: 4360,2373,1185,3852
3941: 1662,3763,2490,3759
4519: 1138,464,3805,104,1271
3943: 
3944: 3409,1231,3551,3931,161
4746: 1851,2216,2430,3017
3946: 7,318,1760
3947: 2845,1801
3948: 1511,1638,3826
3949: 2946,35
3950: 4007,2565,657
3951: 2342,774,4750
3952: 4376,2921,3762,3514
3953: 4070,3593,311
3954: 328
3955: 2391,1455,3391
3956: 882,2901,1891,4786
3957: 2751,4498,815,2369,166,1205
3958: 1786,3537,227,3193,2362
3959: 91,2871,1275,217
3960: 347,3205,977
3961: 1144,2924,2932
3962: 3169,49,3374,107,511
3963: 376
3964: 429,1522,2508
3965: 4812,1954
4701: 1676,3083,4598,4683,3525
3967: 3780,2215,4494,2368
3968: 2883,1607
3969: 4771,617,1977,1962,4277
3970: 3282,1953,2516
3971: 1599,2913,4635,2521,3985
3972: 4242,4728,2187,1080,553
3973: 1692
3974: 2121,2770,3074,2101,135
3975: 2562,766,4228,3171,4665
3976: 2794,3708,3253,4469,2695
3977: 2635,2233,1376,1598,823,166
3978: 4628,2207,509,2616,3084
3979: 3037,2722,1181,3709
3980: 1657,1967,3451,1083
3981: 3706,3079,1871
3982: 2753,2969,2695,3403,2794
3983: 4345,3453,395,548,1508
3984: 1621,519
3985: 2161,1396,2521,3971,4635
3986: 3527,2841,1723,4158
3987: 733,4569,2669,2813
3988: 1964,368,4334
3989: 2304,2370,1285,1915
3990: 3257,2087,2631
3991: 3853,3797,1988
3992: 
3993: 4033,4628
4765: 3147,3557,3815
3995: 
3996: 4207
4656: 2385,4439
3998: 1402,1611
3999: 1719,3848,3308
4000: 3588,686,3133,1634
4001: 3509,4497
4002: 2969,1146,3855,2212
4003: 4339,2672,2426,3438,1375,1752
4004: 918,1338
4005: 2127,832,4112,4147
4006: 4564,4532,1369
4007: 3950,1672
4681: 1610
4009: 1637,3232,3377,2225,3785
4010: 1496,4112,1933,3722
4011: 3026,559
4012: 60,3526,3006
4013: 4034,538
4014: 3884,2537,2731
4015: 1937,2885
4016: 2321,3481,3720,2449,2910
4017: 3579,1041
4018: 669,2505
4019: 3508,1185,795,3473
4020: 804,1621
4021: 1504,2106,3045,1192
4022: 4203
4023: 2047,2608,1226,4562
4523: 2255
4025: 
4026: 
4027: 155,1302,4072,707,2128,1436
4635: 3971,1599,2913,3985,219
4029: 1760,318
4409: 1925,1638,1792,2209
4031: 2589,2203,1756,3209,968
4032: 481,4174,3204,4131,403,2346
4033: 3993,207
4034: 4013,944
4035: 
4036: 708,121,4226,917
4037: 4189,4344,1696,872
4038: 2403,1856,4071,4536,931
4039: 1695,4042,3366,1815,1639
4040: 
4041: 3849,843,1405,134,3581
4042: 1695,4039,1815
4771: 3969,617,1977,4250
4689: 3694,4704
4045: 4122,4217,1318,2938
4046: 3080,1359,964,2038,4274
4047: 569,2788,1202
4048: 1346,935,832,493,1933
4049: 1316,1886,239,2306,785
4050: 4343,727,422
4051: 4798,606,4644,2441
4052: 2034,2619
4053: 1452,1291,3431
4054: 323,3779
4055: 2600,4724,18,3379,3470
4056: 3226
4057: 1372,3727,3899
4058: 64,12,4401,2887,3085
4059: 1077,1640,2001,3835,2811
4060: 
4061: 1411,3490,3620,1253
4801: 427,4201,2035,987,3080,964
4063: 683,4208,4608,4465,1770
4064: 2203,1436,3366,2503
4065: 3883,1018,3268,3936
4066: 4168,778,1628
4067: 2652,2384,2414,1005,1845
4068: 2008,147
4069: 1213
4070: 3953,1601,1013
4071: 1993,4038
4072: 1302,4027,707,2831
4073: 3545,3475,2319
4074: 3639,2889,2568,4698,826
4075: 3894,3444,3628,1824
4076: 3878,2313,13
4430: 3661,4325,925
4078: 1327,3512,3471,22
4079: 1378,4241,570
4080: 1047
4081: 2732,4543,1697,3326,4297
4082: 3699
4083: 4559,846,1949,4643
4084: 3077,3825
4085: 2286,2798,4143,85
4086: 1396,64
4087: 195,754,115
4088: 4514
4533: 2146
4090: 41,3193,2362
4091: 1270,1873,713
4092: 4800,2532,2447
4093: 2822,541,2552,3812
4094: 78,17,3240,3343,2357,2773
4095: 3462,3921,3552
4096: 1795,1223,3508
4097: 1579,1064
4098: 2759,2561,3036
4099: 1939,1251,2235,1125
4100: 3144,774,1074,4787
4101: 1351,3608,3653,4213
4102: 3169,2715,2249,2697
4103: 2480,4708,4766,3687
4104: 115,1082,1954
4105: 3902,2846,4340
4106: 4798,372,3841,4814,443
4563: 3091,3411,3655,4123
4108: 
4109: 882,1891,3018,4752
4110: 4239,2938,2189
4111: 436,2125,1541,4721
4112: 4005,832,4010
4113: 1132,4783
4114: 698,3059,1772
4115: 
4116: 547,4526,1649,2609,3422
4117: 3635
4118: 4391,4531,2553,3670,4542
4119: 2356,2299,116
4120: 1337,211,2315,1321
4121: 965,2037,4263,3392
4122: 4217,4045,4239,2938,2882
4123: 2471,369,3091,4563
4124: 1744,1818
4125: 221,3775,1933,1974,3722,4589
4126: 
4127: 1287
4128: 1090,2392,2327
4129: 1664,3446
4130: 4186,946,624
4131: 403,3641,2346,1218,4032
4132: 2467,1160,245,1666
4133: 3021
4134: 3218,3341
4135: 4691,3156,3195
4136: 714
4137: 1300,4202,114,159
4138: 3877,1465,3533
4139: 993,2120,1164,2158
4140: 3910,3480,1604,2655,2408
4141: 3069,254,1688
4142: 4494,384,583,4295,4621
4143: 1253,85,4085
4144: 4596,1803,263
4145: 3356,2957,245
4146: 178,1158
4147: 2655,4005
4148: 129,2395
4149: 2334,3777,424,1267
4150: 3562,4657
4151: 3708,2514,1904
4152: 592,2465
4819: 4527,4497,2896,1422,4642
4154: 3579,3125,3567
4155: 1043,1420,86,1229
4156: 4763,1833
4157: 792,892,457
4158: 307,1686,3527,3986,2326
4625: 4544,2664,3287,2015,3227,971
4160: 2469,435,4257
4161: 215,904,2280
4162: 3048,489,2792,924,334,3553
4760: 2658,1791,893,4470
4164: 1615
4165: 1032,1419,1706,2955,2455
4166: 4352,3836,1550,2885
4167: 
4168: 4066,778,2388,60
4169: 1833,2700
4170: 498,3316,4414,1636,1999
4171: 3159,343,1014,2006,238
4172: 924,2464,1577,1941,2272
4173: 2242,3032,2338
4174: 1687,4032,3204,2877
4175: 2368,4644,3522,1203
4176: 2188
4177: 4374,749
4178: 2249,1240,2311
4179: 2285,1085,35
4180: 350
4181: 4301
4182: 1531,3541
4183: 1074,1556,646,5,2028
4184: 2533,607,783
4185: 4371,1789,1262
4186: 4130,1153,4759,1050
4187: 3403,1952,52,3869,3323,478
4188: 4615,1541,4394,3836,1550
4189: 3519,4037,1872
4190: 2020,1989,2588,2237
4466: 
4192: 1480,1698
4193: 4390,3534,3640,3559,1842,2715
4194: 4516,4716,2023
4195: 445,2653
4196: 1973,739,1432,2748,4252
4197: 2490,532,4608,1100
4198: 3374,2922,1633,4678,3794,584
4199: 340,952,12,2158,33
4200: 2453,662
4201: 427,4801,2035,357
4202: 4137,1300,159
4203: 763,1152,4022
4204: 3177,2228
4721: 1550,2885,4111,2125
4206: 4758
4207: 3996,210,3691,4316,3755,333,1794
4208: 4063,683,4608,3705,2039
4209: 3155,747,1106,1418
4210: 3743,1263,4227
4211: 3571,1397,2962,2767,3583
4212: 2410,188,1484,260
4213: 3653,4101,1351
4214: 911,492,3639
4215: 1384,2986,1618,3095,3609,1028
4216: 83,2783,4267,3939,4348,326
4217: 4122,4045,1318,2737,570
4218: 4276
4711: 3747,914,3447,2155,4235
4220: 4790,1320
4762: 855,367
4222: 1211
4779: 2185,3023
4224: 1083,2877,1162
4225: 1439,441
4226: 121,4036,917,581
4227: 4755,4210
4228: 766,2928,3975
4229: 4241,2737,570,3929,4261
4230: 
4231: 734,2130,1655,1326
4232: 961,400
4233: 4814,1638,4463
4234: 2579,696,4774,676
4235: 1372,3727,4711,2155
4236: 2650,2484,2450,2977
4237: 2059,4342
4238: 586,4574,766
4239: 2427,4110,2938,4122
4240: 
4241: 4229,570,3929,2656,4079,1378,1727
4242: 950,4728,3972,1059,2187
4243: 3649,2767,3677,3349,605
4244: 4607,559,909
4245: 3586,4632
4246: 2685,4278,2593
4247: 
4248: 
4249: 837,2228,3177
4250: 4529,4771
4251: 845,1429,268,3870
4252: 4703,4196,1432,3487,2359
4253: 4820
4254: 4501,3183,2200,3389
4255: 1149,4389,4738
4256: 2630,1591,1002,4601,4758
4257: 435,2469,4160
4258: 507,121
4259: 4454,2816,4412,285,4811
4260: 4791,1337,3000
4261: 4229,2737,3929,1521,2431,4334
4262: 4346,485,1271,2775
4263: 838,475,4121,965,4329
4264: 413,2847,2166,1007
4605: 3220,2114,1297,1563
4266: 2285
4267: 83,2783,4216,2626,3939
4268: 4810
4269: 4419,4436
4270: 4329,1732,3350
4271: 616,1438,1235,2156
4272: 4536,3191,89,144,3746,4375
4273: 2352,4743,3606,4807
4274: 2038,2035,1944,4046,3080
4275: 3506
4276: 4218,3357,1116,2337
4277: 2620,3969,617
4278: 2656,4246,2593
4279: 3207,1994
4674: 2064,2274
4281: 2703,1644
4616: 55,816,1780
4413: 2320,3506,869
4284: 437,2052,2055,558,1991,1723
4285: 446,3875
4286: 4382,3589,4794,1444,3224
4287: 
4288: 3529
4289: 1740
4290: 
4291: 4311,600,201
4292: 1865,2765,4327
4791: 4260,2451,2149,1285,3675
4294: 444,1121,4493
4295: 1947,3632,583,4142,4621
4296: 2689,1612
4297: 1635,1693,4081
4298: 1184,2869,949,883
4299: 
4300: 3933,1190,242
4301: 430,4181
4302: 4317
4407: 54,31,1643,2018,1593
4304: 1698
4305: 1646,722,3856,4683
4306: 1643,2634,27,4313,2104
4307: 
4308: 4769,190,1516,2133
4309: 1310,2186,2094,2638,4732,1033
4736: 3334,1666,923,501,3599
4311: 4291,3494,201
4312: 3878,1558
4313: 4732,27,1407,1594,2186,4306
4314: 1402,1978,1239
4315: 206,1548,849
4316: 4207,3691,1794,2865
4317: 4302
4683: 4305,1646,1020,4701
4319: 3182,2075,2795,1051,2895
4426: 1070,2911,1328,1184
4321: 8
4322: 3716,3806,2709
4323: 3415,3110,2056,1840,2926
4467: 2671,1400,1768
4325: 4430,3661,925
4326: 2504,137
4327: 2765,2590,4292,1865
4328: 3397,1347
4329: 4270,1732,475,2181,838,4263
4330: 3055,1093
4331: 2611,45,1833,4763
4729: 1907
4333: 3394,1139,71
4334: 3988,368,1521,3929,4261
4335: 
4336: 2434
4682: 3581,3737,3297,1494,1944,2750
4338: 
4339: 4003,2672,775,365,1747,173,2426
4340: 2846,1858,4105
4341: 1885,2144
4342: 4237
4343: 1706,1619,1012,4050,727
4344: 1912,3567,4037
4345: 3983,2868,3453,2116
4346: 4262,3529
4347: 676,4774
4348: 2778,2507,83,4216,326,3932
4349: 2786,2626,2165
4350: 144,3138,2279,2024,518
4351: 247,1943,4416,4438,290
4352: 3836,4166,3733,2436
4353: 1075,4521
4354: 1096,164,1785
4355: 4597,4646,4491,3645
4356: 418,1237
4357: 4588,599,1392
4358: 1238,1345,3401
4359: 1675,3772,1791
4360: 3940,2373,3852,912,1390
4361: 
4362: 1071,2912,1208,1875,298
4363: 1463,2831,4468,160,3182,2075,2170
4364: 2402
4365: 814,1472,234,1220,4373
4650: 848
4367: 1894
4660: 4401,219,2291,2231
4369: 417,456,1034,3488
4370: 2389,1909,2448,1590,4618
4371: 4185,1789,2608,246
4372: 1797
4373: 1220,2692,225,814,4365
4374: 4177,749
4375: 3746,4623,4536,4272,1856,2535
4376: 3952,2921,312,2993,3514
4377: 3292,2135,3682,4580,4420
4378: 
4379: 4744,3532,2172
4719: 813,3926,3161
4381: 111,610
4382: 4286,3589,4794,1444,1110,4784
4383: 3391,3908,2823
4384: 2113,3690,2607,673
4385: 444,1490,4493
4386: 541,2669,2552,733
4387: 