0: 2865,3198,739
1: 3916,3540
2: 
3: 781
4: 4021
5: 1972,40
6: 4436
7: 4290
8: 4478
9: 2212,98,4049,1906
10: 4535,4341,4221
11: 4678,2970,4230,1277,1293,1230
12: 1249,3169,1240,2600,4390,3974,3982
13: 436,2871,2336,1257
14: 4330,1634,4405
15: 1791,3080,1487
16: 1726,656
17: 664,3869,3146,1683
18: 2125,2175,4163
19: 1727,3494,4054
4334: 1112,4351,4680,1228
4820: 3029,4732
22: 3968,4447,4596,1803,3830
23: 2085,236
24: 
25: 3787,1877,2746,4821
26: 4369,2301,3938,654,2771
4624: 996,3368
4800: 2295,2036
29: 
30: 4115,979,3399
31: 1999,1617,3393
32: 191,1601,2487
33: 4728,1949,2493,1599
4767: 2321,1026,2137,2589
35: 1303,1861,3803,3001,4150,668,2966
36: 2542,3799,1559
37: 2173,2251,4387
38: 622,3959,2098
39: 4114
40: 5,1972,3737
41: 3447,1618,2362,2949,823
42: 3406
43: 759
44: 
45: 4525,1473
46: 603,782,835
4592: 831,3726,1525
48: 2094,2889,1757,2464
49: 3405,3977,2224,750,4799,473
50: 4817,839,2877,2617
51: 
4591: 3200,446,942,3069,2769
53: 3209,2459,134,3314
4341: 10,914,3296,4381
55: 1616,4803
56: 
57: 3322,513,183
58: 3608,1748,4337
59: 2663
60: 2036,2109
61: 
62: 1984,1192,4502
4773: 4619,4526,1262,3669
64: 1059,623
65: 1127
66: 2306,4209
67: 4181,3486,597,713
68: 1884,3759,3964,4538
69: 4106,2488,643
70: 
71: 2305,4727,2128,2017,4223
4380: 2513,2743
73: 3029,121,4008,4309
74: 672,3448,3145
75: 2690,3349,694,1787
76: 3245,949,4758
4668: 417,3609,2636,2280,1376
4721: 674,1964,1370
79: 805,2917,4004
80: 4442,2396,149
4609: 1582,4142
82: 4593,3426
83: 522
84: 
85: 1114,407,3519
86: 1945,1146
87: 
88: 4658,3629,854,414
89: 4391,2736,2480,956,4207
90: 4666,4782,2988
4709: 3697,1583,887,4490,4055
92: 159,794,526,4508
93: 714,370,3321
94: 3114
95: 3123,4177
96: 3660,2716,982
4640: 198,1397
98: 2115,9,4049
99: 2477,3149,1600,1993
100: 4074,1733,2337,975
101: 628,4438,2698,1780
4468: 3753,2954,1209,1453
103: 1820,3194
104: 4478,377,4040,1776
105: 3648,1140
106: 1154,1790
107: 319,177,846,2013
108: 2613,1878,573,3897,3964
109: 4735,2468
110: 1266,3734,4010,2126
111: 2981,722,344,1482
112: 1363,3633,4358,1108
113: 3273,3269,4408,4701
114: 4515,1420
115: 
116: 657,1690
117: 1192,910,2020,1121,2699
118: 951,1830
119: 3616,398
120: 
121: 592,3029,73
122: 3521,262,3034,2667
123: 3285,3108
4365: 
125: 3987,2828,3584,3842,4622,1011
126: 238,612,4652
4652: 4261,126,238
128: 778,4012,776
129: 4546
130: 3532,3131
4811: 2893,4764
132: 
133: 3343
134: 671,3884,3314,2478,53
135: 2734,3975,4457,2969,3855
136: 3620,3184
137: 3022,3764
138: 4484,1355,571
139: 
140: 1914,3997,3334,4187
141: 203
4661: 4654,2973
143: 1351,1205
144: 1031,1262,752,1145,4263
145: 3661,4508,619,2032
146: 
147: 2134,4068,2680
148: 
149: 80,4442
150: 2706,4325,1702,4318
151: 
152: 3318,791
153: 3095,1879,939,2477
154: 3265,1283
155: 1074,1994
4683: 1054,993
157: 2080,3709,1957,1794,3755
158: 976,3589
159: 92,794,1160
160: 3251,2191,1205,1563
161: 1508,894,3555,2989
4511: 293
163: 769,2419
164: 3729,983,1821
165: 4569,2439,264
166: 4637,3280,2636,1376,3923,2075
167: 4823,1649,2804
168: 2488,668,2966,4129
169: 3652,1383,3148,2008
170: 3576,1352,707,1853
171: 4317,2006,2307,4607
172: 509,4577,3628
173: 365,832,2918,2216
174: 3737,3105,3583
175: 1477,1514
176: 1538
177: 319,107,289,846
178: 
179: 2668,1244
180: 
181: 1826,4702,3116,3240
182: 3576,1556,1853
183: 4003,57,3556,513
184: 218,1173
185: 2236,3076
186: 792,2012
4776: 995,523
188: 365,4398,3451,2216,3771
4684: 3696
190: 511,3727,618,3370,4490
191: 32,426,644,2487
192: 
193: 2248,952,4097
194: 
195: 237,2989,718
196: 3984,2525
197: 
198: 4640,2480,1567
199: 3624
200: 1191,2392,3878,4015,1029,1380,4144
201: 1572,3549
202: 4413,3207,218,1371
203: 141,3462
4598: 2679,299,1318,3929
205: 2900,3032,2202,1823
206: 2467
4405: 1587,14
208: 
209: 258,3292,4257,1643
210: 1139,3888,565,3667
211: 
212: 802,3581,284,896,4775
213: 2813,2607,484,255
214: 380,4048,4451,1888,3499,4201
4651: 1373,3936,3188,333
4483: 1728,2244,2745
217: 1022,4252
218: 184,3207,3542,202
219: 3305,313,3942,2682
220: 2634,236
221: 2133,1851,2928,3881
222: 3036,3189,862
223: 228,2761,1257,4583,655
224: 3388,4744,2582,3002
225: 1260,1088,3642,505
4606: 3680,3907,948,3215,771
227: 742,2339,915,4439
228: 2761,223,4583,4578
229: 922,1493,1118,3066,2627
230: 4718,1370
231: 
232: 4441,4075,4818,1411
233: 2795,582
234: 1404,274
235: 1689,4685,987,3502,1030
236: 220,23
237: 195,2025,4775,1461,718
238: 661,126,4652
239: 4536,2298,1679,4548,4455
240: 
241: 2349,2379,431,2067
242: 1484,4121,3017,2683,4584,1678
243: 2938,2231,4786
244: 1919,3822,3471,2277,404
4512: 3448,4783,2022
246: 3325,3233,4009,4734
4790: 251,480,2369,2582
248: 3643,4026
249: 4052,1439
250: 1669,3699
251: 4790,480,1279,1639
252: 1309,4277,3394
253: 4155,883,2654
254: 3020,1745,3710,3976,1087,1736
255: 484,4626,213
256: 2686,3625,2349
257: 564,1382,2610,4697
258: 2883,209,1609,536
259: 1495,2358,3454,4423
260: 4170,691
261: 2531
262: 3521,122
263: 2497,1588
264: 165,992,1000
265: 2530,2859,2841
266: 2447,1233
4734: 1211,3667,246
4538: 1884,68
269: 3749,4364,457,1674,2796,4064
270: 530,3139,2858,1165,1079
271: 3828,3838,1920,4791,1126
272: 422,1005,660,4062
273: 3132,3248,2148
274: 234,1955
275: 1954,410
276: 1875
277: 1911,4105,552
278: 1432,3993,826
4654: 4661,2177
280: 847,4284
281: 3929,3305
282: 610,3681,2744,3609,2722
283: 3851,2276
284: 3319,2225,3243,3581,212,896
285: 544,4657,4041,474
286: 
287: 499,4561
4491: 3126
289: 4280,1060,2664,319,177
290: 4036,4559,402,4416,1062
291: 4446
292: 3755,1794,1215,4524
293: 4511
294: 4805,1895,4102,929
295: 4501,4802
296: 4747,4053,1281,2737,1422,3289
297: 3793,1086
4582: 4564,3363,4374,1282,3177,1671
299: 3222,1318,4598,3929
300: 4110,917,494,2393
301: 1310,4008,1166
4595: 4451,4183,1622,1933,3951,3499
303: 469,411,2878,1046
304: 1319,3173,1419,3781
305: 1474,307,3702,372
306: 2681
307: 3350,2208,1694,305,372
308: 3856,3206,3360,3872
309: 3716,311,4143,3429
4805: 4102,294,1249,4094,1240
311: 990,4420,309
312: 2506,4033,3019
313: 4139,3779,3305,219
4642: 4148,1100
315: 4058,4079
316: 3883,1840,1738,2918,1145
317: 723,1712,1134,2121,2724,4399,3534
318: 4785,4376,2067
319: 107,177,289,1040
320: 
321: 770,2330,492,2053,3217
322: 2726,2861
323: 559
324: 2591,2264,1098,4632
325: 4452,1664
326: 
327: 
328: 1153,1303,1839,3416
4374: 1282,1306,4582,1671
330: 3539,4060
331: 3477,1546,1498,808,2605
4413: 202
333: 3188,4158,4651,3936,3464
334: 2574,2696,3650,1999,658,4020
4662: 4462,4129,2099,3446,1144
4625: 1985,1496,3785,1183,3685,3766
337: 4251
338: 916,705,436,615
339: 4769,2415,2318
4612: 3643,3440
341: 2718,4431
342: 4793
343: 1164
344: 2981,111,3854,4308,3428,1482
345: 1007,4061,3140
4486: 1455,2213
347: 2463,3831,2271
348: 4631,578
349: 1095,3986,964,3677,2017
350: 2441,1930,4231,1868
351: 760
352: 3475,1492,1512,821,4151
353: 3219,389
354: 4096,734,1896,751,1880
355: 4743
356: 3642,858,2725
357: 4534,4488,3801,727
358: 4049,1906,1227,3816
359: 2287,3226
360: 4118,3886,1034,1086,2127
361: 
4490: 3370,887,3727,190,3697,4709
363: 3337,2203,4714,2035,1494
364: 2319,1049,2485,2604
365: 173,188,2216
366: 4019,4496
4384: 4751,1874,4006
368: 4523,2830
369: 
370: 1360,93
4364: 269,457
372: 793,307,4213,1474,305
4447: 3191,415,2019,3968,22
374: 1987,919,2288
375: 3955,1276,1965
376: 1323,3652
377: 104,4478
378: 4276,3908,4822
4580: 4713,3817,1570,2889
380: 214,1888,3497,1528
381: 2315,822
382: 667,743
383: 1232,4588,2171,4798
384: 1392,4553,3258,1682,2423
385: 4192,1352,2503,784,4797,1799,2662
386: 
387: 3555,1935,3772
388: 3010,2054
389: 3219,353
390: 3777,725,3044,3543
391: 2326,1359,3630
4605: 4024,1170,1651,688,2140
4403: 2924,2107,1832
394: 1566,3452,1535,3808
395: 418
396: 2586,1075
397: 1283,944,2667
398: 3616,119
399: 3012,4263,1116,4526,1262,3508
400: 617,4620,3254
401: 3129,1627
402: 4559,3982,3974,1062,290
403: 2991
404: 1180,857,244,2401
405: 3847,2946
406: 3351,4434,3020,1745
407: 1114,85,3519,1789,972
408: 2614,4647,584,1202
409: 3327
410: 275
411: 1715,1598,2878,303,3704
412: 1708,2740,430
413: 2681
414: 1662,3387,4079,88
415: 3191,3465,4447,2213,3968
416: 1050,3077
417: 4668,2722,1227,868,2280
418: 395
419: 2640,917,628,2773
420: 3192,2544
4533: 4146,2546,4738
422: 272,3097,3522,3780
4722: 
424: 4660,3788,2357
425: 2492
426: 3549,191
427: 3341,2754,3409,843
428: 3674,739,2375,4369
429: 2344,1106,1990,3315,1191,2392
430: 412
431: 2379,241,2684
432: 836,3298,801,3160
4713: 4580,3817,4768
434: 3440,3643
435: 1360,3666,3166
436: 13,2871,705,338
437: 2153,1613,3917,1334,1939
438: 3379,3850,2125,817,2175
439: 1680,836,1178,3298,3956
440: 3272,2421,2352,2239
441: 1407,1291
442: 2211,1603
443: 1511,803
444: 3564,3985
445: 
446: 4726,3155,3069,2769,4591
447: 4098,1976,2366,587
448: 2198,3518
449: 4376,2410,2379,2067
450: 4425
4740: 2885,3844,1412,1770
452: 
453: 2647,2119
4733: 681,3252,871,590
455: 3885,1477,3869
456: 1029,4005,1380,877,1788,729,580
457: 269,4364,3336,1815
458: 731,2234,1349
459: 1040,1501,2127,1844,3153
460: 4617,4136
4665: 3284,4488,4629
4450: 3644,3524
463: 3783,3638,1353
464: 4262,4519,2778
4451: 4183,4595,1888,3951,3499,214
466: 660,3745,1657,4481
467: 
468: 1617,4123,4224
469: 303,1046
470: 2278,928
471: 3228,3244
472: 
473: 750,4799,49,1534
474: 2730,4041,285,544,2779
475: 3626,2443,3392
476: 2925,2701,2397
4337: 3951,3071,2888,58
4596: 2213,1721,3968,22,930
479: 973,504,4017
480: 4790,251,1639,1296
481: 2066,4754
482: 635,4353,2879,895,2893
483: 3916
484: 4626,2072,4329,937,255,213
485: 842,2491,1544
486: 3203,3323,4647
4574: 2115,1196,3088,818
488: 2081
489: 579,3271,1869,3303
490: 1423,1028
491: 3359,1600,1016,1198,3484,2655
492: 921,2330,321
493: 4222,528,1459,2070,3178,4628
494: 1771,1550,300,2393
495: 2248,2588,2307
4510: 1238,1242,4644,3767
497: 2650,1686,3505,4421
498: 1079,2167
499: 2457,287,3517
500: 698,1359,795
501: 2028,1548,4540,1297,2362
502: 3248,2084,4763,1723
503: 4218
504: 3806,1779,3335,4017,479
505: 225,1863
506: 4010,4323,3734
507: 4608,3185,3492,4278,4615
508: 3126,3573,2055
509: 2077,172,4588
510: 1083,1789,972,527,1162
511: 3428,190,618,3370
512: 928
513: 4750,3556,3719,57,183
514: 2154,1184,3081,2481
515: 2150
516: 2808,3863,2668
517: 2502,3115,2919
518: 839,2617,3557
519: 3860,799,1540,1541,756,1179
520: 3503,638
521: 1556,1351,1243,4072
522: 83,883
523: 4776,995,1987
524: 2592,3070
525: 
526: 3566,92
527: 1162,3882,510
528: 493,4360,1459,3297,2126
529: 3758,3510,1436,3322,2052
530: 3139,270,2858,2168
531: 3167
532: 4076,3308,4208,1558
533: 
534: 3792,4635,4603,1292
535: 2235,4082,2074
536: 709,1609,258
537: 637,2550
538: 2625,4016,881,3537,3837
539: 2505,2516,2525
540: 3408,2635,1952,2233,3065,1372,640
541: 2552,1873,550,4746,1730
542: 4167,1572
543: 981,2112,4802
544: 3644,285,4801,4041,474
4410: 4246,1814,3183,2270,4679
4327: 4204,3622,1809,4214
547: 751,568,701,1880,1896,4106
548: 2153,3443
549: 4117,2394,1979
550: 1873,3655,541,4746
551: 4256,3002,2500,784,2662
552: 2472,277,1911,4105
553: 2429,4148,2268,1193
554: 2708
555: 2786,1773,2282,1300
556: 4311,3713,4810,1509
557: 804,4113
558: 2501,3063,3345,4784
559: 1287,323,762
560: 2469
561: 4062,2346,3100,3241,4777
562: 4138,4210,1682,4373
563: 
564: 257,1382,4818,4037,4344,1959
565: 2078,4134,3888,210,1405,3667
566: 
4653: 4707,3536,4765,1940,1564,1185
568: 751,547,701,4106,2424
569: 2726,4711
570: 4217,2039,3185
571: 1355,138
572: 4420,3402,3716
573: 3897,2613,108
574: 1801,3475,1646
4803: 4002,55,4459
576: 935,2825,2510,1183,3785
4823: 2049,167,3358,2044,1649
578: 3921,348,4631
579: 3621,2409,489
580: 877,1788,4005,456,4219,900,3722
581: 4063,2952,1176
582: 3099,233
4699: 2223
584: 408,1202,4146,1485
585: 2454
586: 4144,2990,1388,692,3083,2100
587: 2366,2968,1976,447
588: 2670,2013,1475,1386,1577
589: 3250,3932
590: 2744,4733,4149,871
4397: 4160,2093
592: 4352,121,3029
4466: 851,4757,3317,3509
594: 2746,2342,4259
595: 3256,1505,1753,4302
596: 4066,1544,2755
597: 3486,67,1863,996,4550
4566: 
4770: 1099,2137,3122
4383: 4444,1162,2533,1083,2809,907
4570: 2240,3398,4796,3445
602: 1782,3145,3686,3664,2029
603: 782,46,835,3222,1500
4552: 731,1654
4531: 4391,3202,4628,2230,4222,2736
606: 3241,607
607: 712,606,2520
4514: 
4572: 1614,4504,3978,4081
610: 282,2744,1677,1562
611: 756,2355,1310,1166,2633
612: 126
613: 3797,4614,1066,2694
614: 4687,2312,938,3635
615: 3553,3603,705,338,3873
616: 2784,4067,4138,1155
617: 400,3254
618: 3727,1917,511,190
619: 3006,2032,145
620: 3533,4019,2804,2484
621: 4443
622: 4163,38,3164
623: 2772,3016,64,4234
624: 4082
625: 3683
626: 1182,3570
627: 
628: 2773,101,419,1780
629: 
4477: 4345,4293,1385,4575
631: 3778
632: 4399,3200,3534,2769,891,3480
633: 1218,2272
634: 2211
635: 482,4482,4621,4764
636: 
637: 537
638: 520
639: 4086,2715,4122
640: 3065,2794,3408,540
641: 
642: 
643: 2623,69,2609,2488
644: 4672,191,3239,2487
645: 1807
646: 2949,2911,4090,2984,2170
4480: 4716,4425,895,4353,4194,2441
648: 1092,1938,4558,1435,4437
4528: 4248
650: 2838
651: 3949,1345
652: 1885,2108
653: 1287,762,1743
654: 3938,26,2771
655: 1869,2669,223,4583
656: 16,1726
657: 116,4169
658: 2717,334,4020,2136
659: 2498
660: 466,4481,272,1005
661: 238
662: 
663: 1295,4221,1288
664: 738,3869,17,4649
665: 3919,3396,1848
666: 
667: 382,743,3286,2555
668: 168,4150,35,2966
669: 4622,2942,4296,1011,3842,2443
670: 775,3640,727,4116
671: 3884,134,1715,3704,3314
672: 2996,4001,74,2029,3145
673: 1927,3479,2990,3195,2048,3083
674: 1814,880,4721
4812: 3221
4530: 1855,1368,2270,1699,3887,4479
677: 4616,4270,1375,3715
678: 4125,3287
679: 1028,3447,1423,823
680: 3765,4115,2798,2186
681: 3252,4733,871,3979
682: 2930,3871,2373
4343: 1181,2056,4009
684: 
685: 3962,3315,846,2922
686: 2220,4366,2166,1892
687: 3814,3354
688: 4390,1651,1240,4605
689: 2179,1071,1610,3517
690: 3858,4298
691: 4170,260,741,2936,3134
692: 1029,4005,586,1388,4147,2100
693: 768,855
694: 3349,75,2411
695: 2209,2947,2617,2982
4347: 4237,2780,3421,3711
4720: 2165,2920,1408,1054
698: 500,2252,3449
699: 2792,2691,1636,2828
700: 
701: 751,568,547,3505,2374,2424
702: 1522,2024,3139,2908
4414: 3621,1559,3799
4377: 857,1721,3227
705: 4394,436,3553,615,338
706: 4119
707: 774,1352,170,2038,1853
708: 2098,1450
709: 536,921
710: 3310,4518,3284,1091,3839,4629
4589: 1174,1562
712: 4180,607,1270,3852
713: 1863,876,67
714: 2228,93,2925,2701,3321
4669: 3901,4604,1109,2912
716: 
717: 3661,2583,3074
718: 3825,1461,237,195
719: 2095,3263,2690,1787
4420: 572,311
721: 
722: 2981,111,2361
723: 317,1134,2724,2629,3975,4457
724: 2152,3895
725: 390,3044,4122
726: 3543,1112,3777
727: 1748,3801,4116,357,670
4571: 4350,2034,3164,3760
729: 877,1788,4140,456,1380
730: 4439,1028,3884
731: 458,4552,1349
732: 3674,4619,2526,3938
733: 2364,3217,3750,2678,3725
734: 354,4096,1896,3879,1880
4554: 2319,3601
736: 4752,1102,1495
737: 3264,1796,4424,2109,1916
738: 664,3869,3250,2063,3885
739: 2375,0,3198,428
740: 1513,4359,2631,4065,1956
741: 691,4706
742: 227,2707,1695,4439,1598
743: 667,382,2555
744: 4481,3700,2149,2370
745: 
746: 1963
4361: 2897
748: 1437,3127,2699
749: 3052
750: 473,49,3155
751: 568,547,701,1880,354,2374
752: 1145,144
753: 2222,2202,2701
754: 
4409: 3604,1226,4184,4142
756: 1540,1541,611,2633,519,1179
757: 1962,847,4771
758: 
759: 2324,1537,4249,43
760: 351
761: 
762: 1743,653,559,1287
763: 
764: 4430,1006
765: 3107,3132
766: 3714,4626,2072,3746,4212,3577
4643: 3694,1713
768: 693,4808
769: 1757,163,3411,2464
770: 321,2422
771: 3215,948,4606,2829
772: 3182,3506,1971
773: 4113,1691
774: 707,1152,2038,3365
775: 670,3640,3436
776: 3643,128
777: 3472,2119,785,1194
778: 128,4012,2904
779: 
780: 3049
781: 3
782: 603,46,4603
4753: 4611,1117
784: 4797,385,551,3002
785: 1194,3003,777,2119,1775
786: 1199,1890,1724,3953
787: 2200,4225,1533,1559
788: 3645,2128,1076,3415,4103
789: 4036,1842,4416,2760,3231,1742
4340: 4242,2938
791: 3318,3720,152,2402
792: 2145,1561,186,4195,2012
793: 4636,3940,372,4213,1474
794: 92,159
795: 500
796: 4039,2971
797: 3631
4502: 4649,1192,62,1683
799: 519,3860,1179,3698
800: 2183,4255
801: 432
802: 212,1991,3581,4775
803: 808,3106,1624,3300,1511,443
804: 557
805: 79,4522
806: 2805,2387
807: 3757
808: 803,3106,3477,331,2605
809: 3646,2912,4267,3651,1810,4288
810: 1177
4583: 3271,4578,228,223,655
4479: 988,3802,2270,4530,3887
813: 2688,4190,2146
814: 4335,3913
815: 1160,1173
816: 1995,3266,2641,2039
817: 1762,2175,4618,2069,438,3850
818: 2707,1695,3088,1175,4574
4475: 4280,1060,2408,2660,3760,4258
820: 4229,4674,2437,2996
821: 4151,352,1492
822: 2315,381
823: 2170,1423,2949,3447,41,679
824: 919,2288,4613,3461
825: 
826: 2301,3993,2375,4369,278
827: 3551,1905,2690
828: 2073
829: 1728,2933
830: 2641,2189,2543,1641
831: 4592,3157,3260,1717
832: 1738,2918,173,1145,3012
833: 
834: 2509
835: 1500,603,46
836: 1680,4348,432,439,3298
837: 4322,3048,2061,3514
838: 4188,2471,3693,3512
839: 2877,518,2617,50
840: 2024,2168,2941,4655
841: 2177,3843,2965
842: 485,1544,3437
843: 2754,3409,427,4590
844: 3473
845: 4787,933,3253,1677
846: 685,3962,107,177
847: 280,1962,757
848: 
849: 
850: 2281
851: 4466,2988
852: 3004,2180,1443,3457
853: 3316,2676,2561,3690,3860,3014
854: 88,4658,3255
855: 693
856: 
857: 4377,404,1909
858: 356,3642,3422
859: 2868,4708
860: 4600,3846
861: 
862: 2274,1439,3696,222
863: 1549,3236,1406,2530,2841,1740
864: 2442,2374
865: 3480,1520,2101,3534,4135
866: 
867: 1936,2088
868: 3681,871,3979,1227,417,2722
4433: 1709,2400
870: 3602,1693
871: 3681,868,3979,681,4733,2495,2744,590
872: 3234
873: 4034,3919,955,2729
874: 2303,931,2245
875: 3689,2001
876: 2111,2171,1973,1088,713
877: 1788,729,580,4140,456,900
878: 2250,2903,2200
879: 3174,2097,4059
880: 4246,674,2622
881: 4016,2625,2482,538
882: 3811,1059,3902,2644,4789
883: 4047,522,253
4521: 1552,3641
4794: 1440,1861,3803,1754
886: 3435,2896,3282
887: 3899,4490,4709,4055,4239,1418,2596
888: 1994
889: 1767,2159,3550
890: 990,1621
891: 4235,2769,632,3480
892: 2118,4379
893: 3518
894: 3547,3996,1508,161
895: 4480,4425,4353,482,2893
896: 2025,4775,3996,2225,284,212
4488: 4534,357,1410,1864,4665
898: 4529,1910,2285
899: 2932
900: 4159,4219,877,580,2857
4695: 1409,3909
4816: 2372
903: 1535
904: 2249,4112,1629
4663: 2310,1668,4705
906: 1640
907: 2809,2608,1083,972,4383
4671: 3859,1653,2452,2869,4469
909: 4088
910: 2020,117
911: 3669,2865,1031
912: 4065,3630
913: 4809,1341,3408,2635,1196
914: 3353,4341,1255
915: 3447,1618,2339,227
916: 338,2952
917: 4110,300,2640,419,2393
918: 1509,3739
919: 2288,824,374,4613
920: 3915,2462,2141
921: 3607,492,3170,709
922: 229,3875,2528,2229,2277
923: 3015,2154,2341
924: 3184,1643,1025
925: 
926: 
4636: 793,3940,3533
928: 512,470
929: 4492,1146,294,4094
930: 3227,1008,4596,1721
931: 1747,2570,2245,874,2129
4544: 3066,1927,3479,3775
933: 845,4551,3149,1677
934: 1472,2315
935: 576,2825,2510,3609
936: 965,3955,1970,1965
937: 4329,2456,1522,484,2072
938: 4687,614,3635
939: 153,1879,2199,1198,2599
940: 1384,2239,3472,1194
941: 4700,1795,1655,1660
942: 3069,2205,3200,4591,1712
943: 1606,1588,3299
944: 397,4807
945: 3627,2538
946: 4324
947: 2158,3332,4109
948: 2930,3871,2977,4606,771
949: 76,3245
950: 3285,2543,2711,4241,1073
951: 118
952: 4317,2248,193
953: 2549,3559
954: 4267
955: 3613,3903,873,2729
956: 2480,89,4391,4524
4656: 3665,2191
958: 2961,4183
959: 4387,3240,2588
960: 1889
961: 2411,2342
962: 4010,1840
963: 3375,3073,1964
964: 3677,2128,3232,1076,4693,349
965: 936,2047,3955,1967,1722,2207,1970
966: 3380
967: 1580,4220,3330
968: 3009,2926,3524,4801,3644
969: 1641,4737
970: 1213
4321: 1907
972: 1083,510,407,907,2608
973: 479,3017,4017,1678,2523
4607: 999,171,2006
975: 1638,1733,4698,2284,4074,100
976: 158
977: 3122,4245,1453
978: 4093,2419,1008
979: 4115,30,4309
4714: 1302,2035,363
981: 543,1951,3742
982: 2740,96
983: 164,2675,3973
984: 1510,3351,3525,2934,1745
985: 3515,3045,1875
986: 4231,2404,1920,1126
987: 1689,235,4685,3653
988: 4479,3802,2950,2648
4550: 996,3486,597
990: 890,311
4501: 2917,295,1681,3129
992: 4756,264,2156
993: 4673,4683
4809: 913,1341,3003
995: 4776,523,2022,4352
996: 4624,4550,597
997: 
998: 2874,4761
999: 4607,1676,2920
1000: 264,3647,2156
1001: 2649,1609,4296,3170,1011
1002: 4124,4748
4525: 45,1473
1004: 2268,1193,3340
1005: 272,3163,660,4062
1006: 3631,764
1007: 345,4061,4564,3363,2752,2105
1008: 930,978
1009: 4031,3414,3144,1898,2630
1010: 2312
1011: 669,4622,4296,125,3987,1001
1012: 4712
1013: 2092
1014: 1665,3776
1015: 
1016: 3359,1600,491,1993,1174
1017: 1778,2247,2975
1018: 2748,2991
1019: 3290
1020: 2120,2817
1021: 
1022: 217,3715,3754
1023: 3530,3290,4002,3807
1024: 2971,2402
1025: 4257,924,2242
1026: 4767,2321,2137
1027: 1865,1696,1557
1028: 679,730,2702,490
1029: 692,4005,456,1380,200,1388
1030: 2914,3502,3342,235,4685
1031: 4526,144,1262,911,3669
1032: 4106,1896,4634
1033: 3050,1765,2833,2176,1607,1324
1034: 3886,3496,2034,360
1035: 
1036: 3605,2516
1037: 2354,3892,3137
1038: 4506,1737,1792,4784,3258
1039: 2905,4131
1040: 1501,459,319,1844
1041: 4173,1811,4154,3894
1042: 3283,2215,3432,2566,4499
1043: 4305,4057,2000,1646,4432
1044: 
1045: 1526,3374,4110,1599
1046: 469,303
1047: 4025
1048: 3064,3056,1082
1049: 364,2593,2485
1050: 2086,3077,2097,4355,416
4378: 4168
1052: 2732,2951,2506
4487: 
1054: 4683,2850,4720,1408
4316: 2078,4134,1223,2926
1056: 
4641: 2228,3321
4623: 1856,4542,4323,2672,3734
1059: 882,64,2772,2644,4789
1060: 4280,4475,289,3760,3496,2664
1061: 
1062: 4416,1651,3974,402,290
4313: 3303,3812,3690,1122,2792,2691
1064: 4519,1773
1065: 4090,2984,3458,3245
1066: 4614,613
1067: 4323,3395,3138,2004,4542
1068: 2759,1176
1069: 2908,3746,2113
1070: 4758,2578,2886
1071: 689
4704: 2588,4735
1073: 4241,3942,1764,2711,950
1074: 4209,3209,1994,155
1075: 396,4467
1076: 964,2128,3232,788,3415
1077: 3532,2290,2518
1078: 2573,4761,3595
1079: 1165,498,270,2858
1080: 2361,4427,3695,4083
1081: 1725,4392
1082: 2099,3056,3416,1048
1083: 972,510,1162,4383,907
1084: 1277,1293,3550,3985
4454: 3329
1086: 2127,4118,360,3793,297
1087: 1850,3020,254,3710,1736
1088: 2171,876,225,1260
1089: 2491,1481
4408: 3273,113,4701,1216,1945
1091: 1622,1933,3839,710,2888,4629
1092: 1938,648,1435,1299
1093: 3133,3196,1314
1094: 2406
1095: 349,3986,1373
1096: 2174,1394,1596,1512
1097: 2418
1098: 324,4632
1099: 2137,4770
1100: 3073,4642,4148
1101: 1509,4793,1854
1102: 4752,736,2733
1103: 4428,4576,1327,3191,3465
1104: 2508,4573,1393,1747,2570,2350
4444: 4383,1245,2533
1106: 429,2344,1704,1990
1107: 3711,4648,3843
1108: 1578,112,4358
1109: 3646,2912,4669,1663
1110: 1944,3473,4130
1111: 2993,1829,2461
1112: 4334,726
4673: 3971,993
1114: 407,85,2608,2659
1115: 1955,2227
1116: 399,3012,4023,3508
1117: 4753,3831
1118: 1493,229
1119: 1844,2670
4590: 843
1121: 2020,1603,117
1122: 2691,4313
4568: 3421
1124: 
1125: 
1126: 1498,4791,271,1920,986
1127: 2770,2075,4637,65
1128: 2299,2727
1129: 
1130: 
1131: 2221
1132: 3293,3189,2147,2060
1133: 3908,1411
1134: 317,723,2121,4238,3975,4567
1135: 2513
1136: 2562,3156,1860,2818,4028
1137: 
1138: 3203,4434
1139: 3888,2820,1769,210,2206
1140: 3587,105
1141: 4101,3476,3105,2868
4782: 2988,90
1143: 1489
1144: 3446,4662,3158,1827
1145: 752,316,3883,1738,832,144
1146: 929,4492,86
1147: 3425
4692: 1671,1306,4717
1149: 2079
1150: 3965,1602,3446,1792
4818: 4441,232,4037,4344,564
1152: 774,2500,3365
1153: 328,4788,1303,3803,1754
1154: 106,3182,3506
1155: 1404,4067,616,1242
4333: 2609,3687,2515,3047,2623,3826
4506: 1737,1792,1038,4602
1158: 
4551: 4787,933,3149,2249,1993
1160: 159,3796,2273,815
4495: 
1162: 3882,2533,527,1083,510,4383
1163: 2227,3675,2142
1164: 343
1165: 1079,270,3267
1166: 2633,2880,1310,301,611
1167: 2263,2157,3887,3802
4615: 1272,2069,1550,4608,507
1169: 1624,1940,3300
1170: 4024,4605,2140
4484: 138
4597: 1675,1259,2580,1385
1173: 184,3207,815
1174: 4589,3359,1016,4285
1175: 1196,818
1176: 1068,581,4428,2952
1177: 810
1178: 2174,439,3956
1179: 3312,756,2633,2880,519,799
1180: 2229,2277,404,4505
1181: 2056,4343,1201,3877
1182: 626,3570,4335
1183: 576,2510,4625,3766
1184: 2154,514,4498,2831,1488
1185: 1940,3536,4653,3482
1186: 3633,4529,2285,1363
4400: 2875,2433,4035
1188: 3594
1189: 1313,1276
1190: 4033
1191: 2392,200,429,1380
1192: 117,2699,4502,62
1193: 2268,1004,553,3501
1194: 785,3003,940,3472,777
4393: 
1196: 1175,913,2635,1952,2115,4574
1197: 2479,3937,4119
1198: 3800,1851,3484,939,1600,491
1199: 1890,786,3953
4585: 3181,4045
1201: 1181,3350
1202: 2614,408,584,1485
4424: 2109,2032,737,3264,2583
1204: 4780,2020
1205: 1563,160,2021,143
1206: 2549,1647
4439: 730,742,227,1715,1598
1208: 2380,3072,3809
1209: 3818,1279,1453,3753,4468
1210: 
1211: 4734,1503,3233
1212: 3522,4777,3241,4180
1213: 970
1214: 1666
1215: 1969,2955,1794,292
1216: 4774,4701,4408,1945
1217: 3309,2107,1832,3407
1218: 3875,633,2528,2272
1219: 3792,3591,3130
1220: 1708,2414,3544,3228
1221: 1379
4539: 2689,4077
1223: 4708,2078,4316
1224: 3406,4164,4415
1225: 2174
1226: 4184,2568,4019,4409
1227: 358,1906,868,417,2722
1228: 4438,2698,4680,4334,4351
4681: 3247,1592,4417
1230: 3854,4308,11,1293,1917
4613: 919,824,3461
1232: 2384,383,1735,1337
1233: 266,2447,2594
4391: 89,3202,4531,2958,956
1235: 2345,4227
1236: 3857,1250
1237: 2323
1238: 4510,3491,4644
1239: 
1240: 1249,12,4805,4102,4390,688
1241: 1860,4627,3087,2872
1242: 4067,1155,4510
1243: 521,4072,3922
1244: 2801,2948,179
1245: 3882,2533,4444
1246: 
1247: 4494,4038,4710
1248: 
1249: 3169,12,4094,1240,4805
1250: 2575,1236
4672: 3402,644,3239
1252: 2925
1253: 3444,1835,2776
1254: 4470,3150,3342,3749,4064
1255: 1850,3353,914
1256: 1276
1257: 2761,223,13
1258: 
1259: 4597,2580,1549,1340
1260: 225,1337,1088,3642
1261: 1692,1543,3947
1262: 4526,1031,144,399,4263,4773
4685: 235,987,3653,1030
1264: 
1265: 3415,4289,4103,2172,1702,4318
1266: 2672,3734,110,1732,2126
4358: 3624,112,1108
1268: 2623,2488,4462
1269: 3774,1428
1270: 712,2520,2131,1390
1271: 2352
1272: 1849,4615,2069,4278
1273: 3978
1274: 4515,1857
4362: 3167,2850
1276: 1965,375,1256,1189
1277: 1293,3550,1084,1767,11,2970
1278: 1882,1912,2616
1279: 1209,3753,1639,251
4354: 1692
1281: 4747,296,2737,3386,2437,3676
1282: 4374,4564,4582
1283: 397,154,3521,2667
1284: 3737,1620,2955,1769
1285: 
1286: 
1287: 559,653,762
1288: 663
4693: 4046,3623,4601,964,3677,3232
1290: 2055,1531
1291: 441
1292: 2972,4603,534
1293: 1277,1917,1084,11,1230
1294: 2161,1743,4724
1295: 3833,663,2794
1296: 1756,480,3388
1297: 2949,2911,501,1548,2362
1298: 2367,4396
1299: 3628,3419,1092,2002
1300: 2282,2786,555
1301: 3565,3798
1302: 4714,4363
1303: 35,3803,1839,2966,1153,328
1304: 3022,2304
1305: 3130,2041
1306: 4374,3166,4717,4692
4505: 2279,1412,1455,1180
1308: 
1309: 252,3248,1672,3394
1310: 301,3213,611,1166
4359: 4182,2852,2631,740
1312: 2953,2604,3485
1313: 1189,2051,1789
1314: 3196,3732,1093,3874
4318: 3243,1265,4289,150
1316: 3405,3977,3412,4725
1317: 3000
1318: 299,2882,3439,2679,4598
1319: 304,3173,4161
1320: 3741,2474
1321: 3616,2605
4725: 1316,1632
1323: 376,1923
1324: 1607,1765,1033
4620: 3740,400
1326: 2210,2566
1327: 3191,1103,4428,4806
1328: 3143,2957,2383,2704
1329: 2951,4555
1330: 3127,2783
1331: 
1332: 3903,3925,2226,3892,2354
1333: 2381
1334: 1613,437,1939
1335: 1766
1336: 4431
1337: 1260,1735,1232,1697
1338: 
4815: 4241,3152,1764
1340: 1613,3917,1259,4646
1341: 913,4809,3408
1342: 2835,4004
4658: 88,3629,854,4076,3308
1344: 1466
1345: 3949,651
1346: 4270,2133
1347: 
1348: 2321,2578,4549
1349: 458,731,3520
1350: 1899
1351: 143,521,2021
1352: 4192,385,170,707,2662
1353: 2862,463,3076
1354: 2851,3171,1704,2151,2344,3962
1355: 3099,138,571
1356: 2289,3356
1357: 2565,2148
4404: 2085,1601
1359: 2326,391,500
1360: 3666,370,435
1361: 3086
1362: 3326
1363: 112,2285,3633,1186
1364: 
1365: 
4712: 2044,3468,1012,4766,3358
4694: 2742,1628
1368: 1855,4530
1369: 3466,2338
1370: 1964,4721,4718,230
1371: 3015,3207,202,2341
1372: 3065,2866,540,2233
1373: 4651,1095,3986
4736: 
1375: 3715,677,3728
1376: 3923,4215,4668,2636,166,3280
4523: 368,2830,3676
1378: 4076,3705,2313
1379: 1221,1426
1380: 1029,456,1191,200,729
4804: 1434,1882,1938
1382: 257,564,4697,1959
1383: 3688,3148,3295,169,2008
1384: 940,2547
1385: 4597,4477,4293
1386: 2048,1577,2670,588,3195
1387: 1545,3740
1388: 4144,2990,586,1029,692,2100
4356: 
1390: 3063,2520,2131,1270
1391: 1710,2859,2841,1740
1392: 384,4553,3345,4784,3258
1393: 2508,4573,1104,2350
1394: 1739,2786,2174,1096
1395: 2660,1819,3164
1396: 4618,2393,2640,2563,1762
1397: 3347,4640,4723
1398: 3292,4143,4772,2822
1399: 3741,3023,2954,4319
1400: 4509
4419: 4250,1690,3261
1402: 1915,1798,4181
1403: 
1404: 1155,3103,234
1405: 3667,4134,565
1406: 3236,863,3382,2530,3135
1407: 441,1734
1408: 2165,4720,1054,2850
1409: 4695,2994
1410: 4586,1985,1496,1476,4534,3827,4488
1411: 3948,232,1133
1412: 1455,1770,4740,2279,4505
4603: 4635,782,1292,534
4723: 1841,1397
4329: 937,2256,2456,484
1416: 2474,3023,4430,2782,2182,4319
1417: 2603,2448
1418: 4239,887,3899,3214,2787,4332
1419: 2298,304,3781,2080
1420: 4813,114
1421: 
1422: 3289,4053,296
1423: 2170,823,679,2944,490
1424: 1484,4121
1425: 4044
1426: 1379
1427: 4808
1428: 3569,1269
1429: 2341,1986,2481,3307
1430: 3197,3239
1431: 2471,3725,3512,2709,3650
1432: 2823,4371,278
1433: 3702,4096
1434: 4804,1938,3639
1435: 2776,4437,1092,648
1436: 3497,1528,4388,529,2052
1437: 748,4262
4763: 1723,1461,502
1439: 2274,4052,249,862
1440: 4794,3001,1861
1441: 3685,3827,4161
4680: 3259,3794,2698,1228,4334
1443: 3457,2087,852
1444: 
1445: 1455,1770,3500
1446: 2152,3867
1447: 2294,2058
1448: 3144,1898,4587,3510
1449: 2931,3559,3252
1450: 3657,2842,4739,708,1608
1451: 3542,4304,2663
1452: 2317
1453: 1209,3818,977,3122,4468
1454: 3197,2798,3765,2033
1455: 1412,1445,1770,4486,4505
1456: 
1457: 4130
1458: 1594,3584,4461,2892,2833
1459: 493,528,2070,2126
1460: 2843
1461: 237,4763,718
1462: 
1463: 3137,2578
4373: 1682,2423,4602,4138,562
4339: 4178,4147,2100,1752,1720
1466: 1344,3260
4325: 2340,1702,2043,2706,150
1468: 3931
4629: 2888,710,4665,1091
1470: 2348,2689
4628: 3178,2230,4196,493,4222,3202,4531
1472: 934
1473: 2840,4084,4525,45
1474: 305,793,3940,372
1475: 3878,2922,588,4144,1577
1476: 3966,3294,4586,1410,1864
1477: 455,2850,175
1478: 3291
1479: 1513,2631,2650
4425: 4480,4716,895,450
1481: 2532,2491,1089
1482: 1885,111,344,3428
4469: 4187,4671,2452,2353
1484: 242,3344,4121,4584,1424
1485: 1633,4146,584,1202,4769
1486: 2138,4244
1487: 1751,3443,3080,15,1991
1488: 2831,3463,1184
1489: 1143,2287
4619: 4773,2526,3669,732
1491: 3906,4050,3513
1492: 3475,352,2000,1891,821,2571
1493: 3875,1118,2627,229
1494: 2035,3337,363,1506
1495: 259,736,1665,2358
1496: 4586,1985,1410,4625,3685,4534,3827
1497: 
1498: 4791,1126,331,1868,2605
1499: 3411,3750,1981,3392,2102
1500: 3222,2882,835,603
1501: 1040,459,3886,2127
1502: 4001,1987
1503: 1211,3438,2959,3582
1504: 3179
1505: 3256,595
1506: 4192,2503,1494,3337,3576
4411: 
1508: 2025,3996,894,2989,161
1509: 1101,918,556,3739
1510: 3976,984,3525
1511: 3300,803,443
1512: 3475,352,2174,1096
1513: 740,1479,2631,1956,2974
1514: 175
1515: 4795,2084
4430: 2782,1416,764
1517: 2051,2207,1970
1518: 4221,3756,3412,3977
1519: 1903,2312
1520: 865,2101,4135,1539,4228
1521: 
1522: 702,2908,937,2456
1523: 4025
1524: 4476,2839,4218
1525: 3726,4592
1526: 1949,3374,1045,3210,2646
4432: 2000,1043
1528: 1436,4388,2961,1888,380
4537: 2360,2930,2977
1530: 3889,2187,2559,1727
1531: 1290
1532: 2995,1862
1533: 4282,1559,787,2200
1534: 4235,473,2549
1535: 394,903,3808
1536: 3857
1537: 759,2324
1538: 176
1539: 3531,4149,4228,1520,2101,4426
1540: 1541,756,4778,3316,519
1541: 1540,756,4778,519
1542: 3703
1543: 3947,1261,3526
1544: 4066,596,485,842
1545: 1387,3834
1546: 3989,331,4503,4791
1547: 4332
1548: 2028,501,3081,1958,1297
1549: 3236,863,1259,2580,1740
1550: 494,4368,4608,4615
1551: 3426,1670,4091
1552: 4521,3764
4611: 3516,4753
1554: 
1555: 4789,3016
1556: 521,182,4072
1557: 1696,4287,1027
1558: 2511,532,2953
1559: 1533,787,36,4414
1560: 2360,4788,2814
1561: 2145,792,4157,4195
1562: 4589,1677,610,2510
1563: 1205,160,3478
1564: 1624,1940,4653,4765,3477,3989
4766: 3358,4243,4071,4712
1566: 394,3452
1567: 4207,2480,198,4686
1568: 
1569: 
1570: 2889,4806,4580
4503: 3838,1546,3989
1572: 4167,542,201,3549
1573: 2869,3859
4534: 357,3827,4488,1410,1496
4474: 4392,3338
1576: 3362,1820
1577: 1386,1475,588,3195
1578: 1108,3216
1579: 2158,3971,3545
1580: 967,3330
1581: 3735,4532,4297
1582: 4609,4142,2632
1583: 3697,2600,4709,4055,3982
4542: 4623,1856,3138,4323,1067
1585: 3165,3094
1586: 
1587: 2204,4405
1588: 1606,943,263
4741: 1636,4768,3842,3626
4363: 2578,2886,1302
1591: 
1592: 4417,4681,4294
1593: 4257,3898
1594: 3584,4461,1458,3014,2561,2892
4344: 4818,564,4822,1959
1596: 1096
1597: 1802,3902,3811,4678
1598: 1715,411,2878,742,4439
1599: 4110,33,1045,3413
1600: 1016,491,1993,99,1198
1601: 2487,32,2085,4404
1602: 3965,1150,1772,1792,3565
1603: 4780,2020,1121,442
1604: 4616,4455,3287
1605: 2657
1606: 1588,943,3299,4239,2596,4332
1607: 2218,1324,2176,1033,2833
1608: 1884,3759,3897,1450,4739
1609: 1001,2649,3170,258,2883,536
1610: 689,2457
1611: 2360,3064,3680,4610
1612: 2348
1613: 3917,1340,4646,437,1334
1614: 4572,4504
1615: 
1616: 55,3794
1617: 31,4123,2399,3393,468
1618: 3957,3447,41,915,2751,2339
4762: 2651,3662
1620: 3110,1972,3737,1284,2955
1621: 2110,890
1622: 1091,1933,3839,2995,4183,4595
1623: 
1624: 1169,1940,1564,3477,3300,803,3106
1625: 2538
1626: 3270
1627: 4732,401
1628: 4694,2742,2335
1629: 904,4567,3747
1630: 3998,2077,2384
4446: 291,4171
1632: 4726,4725,3930
1633: 1485,4738,2756,4769
1634: 14,3732,3894
1635: 1774,2673,4136
1636: 4768,4741,3842,699,2828
1637: 3571,4657,4041
1638: 4440,975,4698,4074
1639: 2385,1279,251,480
1640: 906,3453
1641: 969,2641,830
1642: 3833,1661,3403,2353,3712,2114
1643: 924,209,3292
1644: 
1645: 
1646: 2000,1801,574,1043
1647: 4426,1206
4650: 1700
1649: 2210,4823,167
1650: 3461,2355,3799,4778
1651: 4390,3974,688,4605,1062
1652: 3078,3913
1653: 4671,3859,2415,2551
1654: 4552
1655: 1795,3084,2455,4051,2215,941,4700
4584: 2181,2683,242,1484,3344
1657: 3745,4499,2455,466
1658: 3515,4092
1659: 3687,4634,3649
1660: 3604,941,1795,2346,4703
1661: 1642,3403,4535
1662: 414,3387
1663: 2546,1109,4738
1664: 325
1665: 1014,1495
1666: 1214
4416: 1062,2760,4036,789,290
1668: 3906,4050,1968,4663
1669: 250,3699
1670: 1551,4091,3828
1671: 3348,4692,4582,4374,3177
1672: 3394,1723,4682,1309
1673: 
1674: 2796,269,3336
1675: 4597,2580,1710
1676: 999,2920
1677: 2744,933,845,610,1562
1678: 3948,2523,3017,973,242,4121
1679: 239,2298,3102,4196
1680: 4348,836,439,4155,2654
1681: 2917,4501,3129
1682: 2423,4373,384,4210,562
1683: 3146,4502,17
4407: 3455,2325,2502,4107,2610
1685: 1915
1686: 4259,2442,2750,497
1687: 2732,2378,3444,4297
1688: 
1689: 235,987,3689
1690: 116,4419
1691: 773
1692: 1261,4354,3809
1693: 870
1694: 2130,2208,2758,307
1695: 2707,3088,818,742
1696: 1557,1027
1697: 4473,1337,3422,3642
4752: 1102,736
1699: 1855,4530,3130
1700: 3970,4650
1701: 
1702: 4325,2172,1265,150
1703: 
1704: 2151,1354,2344,1106
1705: 2288
1706: 4700,4496
1707: 
1708: 2414,1220,412
1709: 4433,2400
1710: 1391,1675,2580,1740
4567: 4135,1134,2121,3747,1629
1712: 317,942,1742,2724,4399,3200
1713: 2161,4643,1870
4575: 4345,4477,2807
1715: 1598,411,4439,671,3704
1716: 
1717: 3260,831
4664: 3683,4206
1719: 
1720: 3786,4178,4339,1752,3138
1721: 4596,2536,4377,930,3227
1722: 2181,2207,965,2047
1723: 4763,4682,502,1672
1724: 4563,786
1725: 1081,2830,4392
1726: 16,4485,656
1727: 19,3494,1530,2559
1728: 4483,829
1729: 2463,3730
1730: 4746,3806,1779,2089,541
1731: 3547,1935,3061
1732: 3728,2672,1266
1733: 1750,2284,100,975
1734: 1407,2917
1735: 3172,3557,3998,1232,2384,1337
1736: 1948,254,3976,1087
1737: 4506,1038,3258,2423,4602
1738: 832,2918,316,1145
1739: 1394,2786
1740: 2580,1391,1710,2841,1549,863
1741: 2967,4049,3816
1742: 3231,2724,789,1842,1712
1743: 762,653,1294
4417: 1592,3247,4681
1745: 3020,254,3351,406,984
1746: 1759
1747: 2570,931,2245,3395,1104
1748: 3801,727,4116,3608,58
4677: 2462
1750: 1733,2337,2256
1751: 3443,1487,1991,4795
1752: 3138,4178,4339,1720
1753: 4302,3274,595
1754: 4794,1153,2814
1755: 
1756: 1296,3388,3635
1757: 769,1803,2094,48,2464
4310: 3950,2565
1759: 1746
1760: 
1761: 
1762: 817,2175,4618,1396,2715,2563
4429: 4120,3491
1764: 2682,3942,4241,4815,1073
1765: 3050,1033,1324,2649,2883
1766: 1335
1767: 889,2545,2970,1277,3550
1768: 
1769: 2955,1284,1139,2206
1770: 1412,1455,1445,3500,4740
1771: 494,4368,1995,3266
1772: 3965,1602,3736,3761
1773: 555,1064
1774: 1635
1775: 3663,2119,785,2647
1776: 104,4478
1777: 2835
1778: 1017,2247,2975
1779: 3806,1730,504,2089,2717
1780: 4438,628,101,4199
1781: 3263,2095
1782: 4435,3448,602,3145,3664,2029
1783: 4215,2825,3966,3785
1784: 2134,4779,1903
4587: 3758,3510,1448,1898
4817: 3846,2066,50,2877
1787: 2690,75,719
1788: 877,729,580,456
1789: 510,1313,407
1790: 106
1791: 3382,15
1792: 4506,1038,1150,1602
1793: 3323,3160
1794: 1957,157,292,1215
1795: 3084,1655,941,1660,4703
1796: 737
1797: 
1798: 3600,3647,4181,1402
1799: 4797,385,2503
1800: 2314,2556
1801: 4675,574,1646
1802: 3902,2146,1597,4030,4190,2545
1803: 2094,22,3830,4093,1757
1804: 
1805: 3563,3720
1806: 
1807: 645
4635: 4603,2558,3792,534
1809: 3597,3622,4327,4204
1810: 4267,4092,3646,809,2912
1811: 1041,4173,4154,3115
1812: 
4578: 3271,4583,3733,228
1814: 4410,4246,674,4679
1815: 3336,2198,457
4421: 2631,2750,497,2650
1817: 2323
1818: 1923
1819: 4122,4163,1395
1820: 4819,103,1576
1821: 3729,164
1822: 2644,3068,4789
1823: 205,2222
4569: 165,2439,4297,2378
1825: 3022,3743
1826: 181,4702,3116
1827: 4784,2501,3158,1144
1828: 2027,3373,4264
1829: 3762,2993,1111
1830: 118
1831: 3121
1832: 2924,2107,4403,1217
1833: 4195,4119
1834: 
1835: 3125,2776,1253
1836: 2823,2607,3955
1837: 4633,3085,3972
1838: 4330
1839: 2966,3416,1303,328
1840: 2359,3883,316,962
1841: 4723,4071,4185
1842: 4036,789,3231,1742,3230
1843: 2567,2777
1844: 1119,1040,459,3153
1845: 4621,4543,2586,4764
1846: 2335,3143,2432
1847: 
1848: 665
1849: 1272,3112,3850,4497
1850: 1087,3296,3617,3710,1255
1851: 1198,3484,2599,3881,221
1852: 4565,2628,4034
1853: 2038,3576,170,182,707
1854: 4189,1101,2169
1855: 1368,2270,4530,1699
1856: 4623,4542,3754,4323,2672
1857: 3679,1274
1858: 
1859: 4698,4746,3806,4440,3335
1860: 1241,3176,1136,3156,2818
1861: 35,3803,3001,4150,1440,4794
1862: 4518,2995,1532,3839
1863: 713,597,505
1864: 3284,1476,3294,4488
1865: 1027
4760: 2621,3493
4698: 2284,1859,4440,1638,975
1868: 4231,1498,350
1869: 655,2669,489
1870: 4083,1713,4427
1871: 3988,2275,3636,3057,3964
1872: 3673
1873: 2552,3655,2167,541,550
1874: 4751,4384,4006,4441,2980
1875: 276,3045,985
1876: 2194
1877: 25,2450,4821
1878: 2613,3423,108,3845,3964,3636
1879: 3095,153,939,2697,2199
1880: 751,547,354,734,1896
4779: 4124,1784
1882: 1278,4085,4804
4366: 686,2220,2166,2397
1884: 1608,3893,3759,68,3897,4538
1885: 1482,652
4586: 1985,1410,1496,3785,1476,3966
4445: 3017,3335,2683,4017,4440
1888: 4451,2961,1528,214,380
1889: 960
1890: 1199,786
1891: 1492,2571
1892: 686,2166,3032
1893: 2046,2242,3331
1894: 
1895: 4102,294,4024
1896: 354,734,3879,547,1880,1032
4786: 2328,2190,3856,3206,243
1898: 1448,3144,3414,4587,1009
1899: 1350,2081
1900: 3371,2899
1901: 3205
4332: 2787,1547,4239,1418,1606
1903: 1519,1784,2134
1904: 4381,3296,4792,3328
1905: 827,3551
1906: 358,4049,1227,9,3979
1907: 3332,4321
1908: 
1909: 857,2401
1910: 4529,898,3215,3589
1911: 277,3026,552
1912: 2051,3055,2616,1278
1913: 3724
1914: 140,3997,3334,2910
1915: 1402,1685
1916: 737,3264
1917: 1293,1230,3854,618
1918: 4560,3772,3787,2450
1919: 244,3822,2941,4128,4272
1920: 271,3828,1126,986
1921: 2328,2827
1922: 4098,1976,2065,3494,3889,2719
1923: 1323,1818,3831
4516: 2096
1925: 2659,2723,4577
1926: 2597,3745,2310
1927: 3066,2627,673,4544,3479,2048
1928: 2827,3343
1929: 3744,1958,3458,1986,3307,2881
1930: 4231,2404,4194,350,2441
4387: 959,37,4735
4494: 1247,4038,4023,4165
1933: 1091,1622,2888,4595,3951
1934: 
1935: 3547,1731,3061,387
1936: 867
1937: 
1938: 1092,648,1434,4804,2002
1939: 3107,437,1334
1940: 1169,1624,1564,1185,4653
4548: 3287,3691,4455,239,4536
1942: 
4638: 3094,3686
1944: 1110,3473
1945: 86,4408,1216
1946: 
4690: 
1948: 1736,4792
1949: 1526,3210,4728,33
1950: 3322,4003,1998
1951: 981,4802,3742
1952: 2635,540,2233,1196,2115
1953: 2810,3433
1954: 275
1955: 1115,274
1956: 4065,1513,740,2326
1957: 3781,3436,2080,157,1794
1958: 3744,1929,1986,1548,2911
1959: 4344,564,1382
1960: 2844,3120
1961: 4120,4179,2602,3491,3798
1962: 3671,757,847
1963: 4039,746,4565
1964: 1370,4721,3073,963
1965: 1276,1970,2416,936,375
1966: 
1967: 4074,965,2047
1968: 1668,4050
1969: 1215
1970: 1965,2416,965,936,2207,1517
1971: 3182,772
1972: 5,1620,3110,40,3737
1973: 2111,876
1974: 4274,4048,2116
1975: 3671
1976: 4098,1922,447,3494,2366,587
4637: 166,1127,2075
1978: 
1979: 549
4887: 4167
1981: 1499,3411,2464,3392
1982: 3694,4401,2189
1983: 
1984: 62
1985: 4586,1410,1496,3785,4625,3685
1986: 2481,1429,3307,1958,1929
1987: 374,1502,523
1988: 
4520: 2262,2522
1990: 2562,429,1106
1991: 802,3581,1751,1487
1992: 3188,3061
1993: 1600,1016,4551,3149,99
1994: 3460,3478,1074,155,888
1995: 816,3266,4217,2039,1771,4368
4675: 1801
4743: 4080,2517,355
1998: 3623,1950,4003
1999: 31,2696,334,3393
2000: 1646,4432,1492,1043,2571
2001: 875,3689
2002: 3639,4577,1938,1299,3628
2003: 
2004: 3786,2303,3138,3395,1067
4660: 3788,424,2493
2006: 171,4607
2007: 
2008: 1383,3295,169
2009: 2432
2010: 2624,2064
4352: 592,2890,2022,995
2012: 4195,792,186,3931
2013: 2670,588,107
2014: 4244,2674,3926,2472,2138
2015: 4394
2016: 
2017: 4223,349,3986,71,4727
2018: 3090,4307,3429
2019: 2889,4806,3191,4447,2094
2020: 4780,1603,1121,910,1204,117
2021: 1205,1351
2022: 4512,995,4352
2023: 3368,4233,3660
2024: 840,4655,702
2025: 896,4775,1508,237
4710: 4686,1247,2496,3054
2027: 1828,4264
2028: 501,1548,4540,2986,3081
2029: 2308,1782,602,3145,672
2030: 2848,3162,4807
2031: 4281
2032: 4424,619,145,3661,2583
2033: 3239,1454
2034: 4571,4350,3657,2842,1034
2035: 4279,1494,4714,363
2036: 2295,4800,60,2440
2037: 2678,2330,2443,2942,3607
2038: 3414,1853,3365,707,774
2039: 4217,2641,816,1995,570
4558: 4276,4271,4085,648,4437
2041: 2512,1305,3085
2042: 3282,2896,3672
2043: 3135,2340,4325,2706
2044: 3487,3468,2210,4712,3358,4823
2045: 
2046: 1893,3184,3331
2047: 965,4074,1967,1722
2048: 1386,3195,2627,1927,673
2049: 4357,4823,4243
2050: 2798
2051: 1517,1912,2416,1313,2616
2052: 3042,529,1436,3497
2053: 321
2054: 388
2055: 3573,508,1290
2056: 1181,4343
2057: 2466,4630
2058: 1447
2059: 4648
2060: 1132,3293,2810
2061: 4123,2399,3514,3981,3048,837
2062: 2758,4185,4243
2063: 2300,3250,738,3885
2064: 2010
2065: 4098,1922,2719,4670
2066: 481,4817,3846,2877
2067: 2379,318,241,4376,449
2068: 3112,4497
2069: 1272,4615,4618,817,3850
2070: 3728,3102,3178,493,1459
4802: 543,2112,1951,295
2072: 3714,484,766,4626,3746,937
2073: 828
2074: 535
2075: 2770,1127,166,4637,3923,3294
4379: 892,2118,4345
2077: 509,4588,1630,2384
2078: 4134,4316,565,1223
2079: 1149
2080: 3709,157,1419,3781,1957
2081: 1899,488
4724: 2595,1294
2083: 3229,2879
2084: 1515,502
2085: 4404,1601,23
2086: 1050,3077,3278,4355,2800
2087: 1443
2088: 3026,867
2089: 3693,3832,3512,1779,1730,2717
2090: 2714,3779
4700: 941,1706,4051,1655
2092: 1013
2093: 2513,4160,4397
2094: 1803,48,2889,2019,1757
2095: 719,3263,1781
2096: 3673,4516
2097: 879,4355,4059,1050
2098: 708,38,3959,2842
2099: 1082,3416,4662,3446
2100: 3083,692,586,1388,4339,4147
2101: 865,3480,1520,1539
2102: 2471,3725,1499,3411,3750
2103: 3313
4540: 2028,501,2637,2986
2105: 1007,3363,2557
2106: 3956,4151
2107: 4403,1832,3309,1217
2108: 3214,2293,652,3899,2787
2109: 4424,60,737
2110: 3312,1621
2111: 2171,4798,876,1973
2112: 543,4802,2890
2113: 3372,1069,3746,4212
2114: 3712,2353,1642
2115: 98,4574,1952,1196
2116: 4048,4101,1974
2117: 4199,4351,4086
2118: 892,4379,4157
2119: 777,785,453,2647,1775
2120: 1020,2293
2121: 317,1134,4399,3534,4135,4567
2122: 
2123: 2668
2124: 3552
2125: 2175,18,438,4163
2126: 3297,1266,110,528,1459
2127: 1086,3886,360,1501,459
2128: 964,1076,788,3415,71
2129: 3619,4272,2570,931
2130: 1694,4213,2758,4357
2131: 2520,2632,2764,1270,3063,1390
2132: 2162
2133: 1346,221,2928
2134: 1784,147,1903,4687
4703: 4062,2346,1795,3084,3163,1660
2136: 4020,658
2137: 1099,4770,4767,1026
2138: 1486,4097,2472,2014,4244
4702: 181,1826
2140: 3930,1170,4605
2141: 4422,3131,920
2142: 2227,1163
2143: 4463,4214,2156,2692
4791: 1498,1126,271,1546
2145: 2807,792,1561
2146: 1802,3902,813,4190
2147: 1132,2569
2148: 1357,273
2149: 2370,2947,744
2150: 3516,515
2151: 1704,3543,1354,3171
2152: 3867,724,1446
2153: 548,437,3917
2154: 514,1184,4498,923
2155: 
2156: 992,1000,2143
2157: 1167
2158: 1579,3332,947
2159: 3273,3269,2601,889
4807: 944,2030
2161: 1713,1294
2162: 3437,3187,2132
2163: 
4621: 4543,1845,635,4482,4764
2165: 2920,4720,1408
2166: 686,4366,1892,3032,2397
2167: 498,2552,1873
2168: 840,3822,2401,2941,530
2169: 1854
2170: 1423,823,2949,646,4090
2171: 2111,4798,876,383,1088
2172: 1702,1265,4103
2173: 2251,3381,37
2174: 1225,1178,1096,1394,1512
2175: 2125,1762,817,18,438
2176: 2892,3698,1033,2833,1607
2177: 841,4654
4737: 3546,2512,969
2179: 689
2180: 852
2181: 1722,2207,4584,3344
2182: 4124,1416,3963,4319
2183: 800
2184: 
2185: 
2186: 3024,4115,680
2187: 1530,2559,4747,4229
2188: 2226,3892,3122,4245
2189: 830,4401,1982,2646
2190: 2328,4786,3206
2191: 160,3251,3665,4656
4614: 1066,613,2694
2193: 3431,2436,2648,4465,3338
2194: 1876
2195: 
2196: 2521
4707: 3536,4653
2198: 3336,448,1815
2199: 2697,1879,939,2599
2200: 787,4670,878,1533
2201: 3320
2202: 205,2701,753
2203: 3337,363
2204: 3331,1587,4322
2205: 942,3069,3930,2760
2206: 1769,2959,1139
2207: 1722,2181,965,1970,1517
2208: 3877,3109,2758,307,3350,1694
2209: 695,2982
2210: 2044,3468,3618,1326,1649
2211: 634,4780,442
2212: 9
2213: 4596,4486,415,3968
2214: 3540,3062,3277,4467
2215: 1042,4051,2566,2455,1655
2216: 3771,365,173,188
2217: 
2218: 1607,4772,2465
2219: 2387
2220: 686,4366
2221: 3114,1131
2222: 753,1823
2223: 4699
2224: 49,3977,4799
2225: 3319,284,896,3996
2226: 2188,3925,3892,2729,1332
2227: 3675,1163,1115,2142
2228: 714,3321,4641
2229: 1180,2277,2528,2279,922
2230: 3178,4628,4196,2958,3202,4531
2231: 2938,243
2232: 
2233: 540,1952,1372
2234: 458
2235: 535,4082
2236: 185,3783,3346
4376: 3019,2410,449,318,4785,2067
2238: 
2239: 940,2352,440,3272,3472
2240: 3398,4570,3445
2241: 3691,3723
2242: 1025,1893
2243: 2665
2244: 4483
2245: 1747,931,2303,874,3395
4448: 
2247: 1778,1017
2248: 495,193,4317,952
2249: 4112,904,4787,4551
2250: 2903,878,4197,3733
2251: 3381,2173,37,3240
2252: 3449,2974,698
2253: 
4646: 1613,1340
2255: 
2256: 4329,1750,2337,2813
2257: 3708,2934
2258: 2659,2723,2608
4750: 3983,3556,513,3719
2260: 2624,2975
2261: 
2262: 4520
2263: 1167,3387
2264: 2591,324,2367
4686: 4710,1567
4504: 1614,4572
2267: 
2268: 1004,1193,553
4783: 4512
2270: 1855,4530,4410,4479
2271: 2413,347,2463
2272: 2528,2279,633,3844,1218
2273: 3796,1160
2274: 4052,1439,3696,862
2275: 3988,1871,4291,2336
2276: 2532,283
2277: 2229,1180,922,3471,244
2278: 470
2279: 2528,2272,1412,2229,4505
2280: 3434,417,4668,2636,3280
2281: 850
2282: 1300,555
2283: 
2284: 4698,1733,975
2285: 4529,898,1186,1363
2286: 2993,4189
2287: 1489,359
2288: 919,824,374,1705
2289: 1356,3356
2290: 2518,2899,1077
2291: 
2292: 2937
2293: 2108,2120,2787
2294: 1447
2295: 2036,4800,2742,3637,2440
4442: 80,149
2297: 2821
2298: 239,4536,1419,1679
2299: 1128,2363,2727
2300: 2063,3939
2301: 3993,826,4369,26,2771
4645: 2325,4785
2303: 3786,2004,3775,874,3395,2245
2304: 3675,1304
2305: 71,4289,3319
2306: 66,4209
2307: 495,4317,171
2308: 2029,4674
2309: 
2310: 4663,3745,4705,1926
4314: 3954,3767,4301
2312: 4687,614,1519,1010
2313: 2968,1378,2511
2314: 1800
2315: 381,822,934
2316: 3009,3936
2317: 3282,1452
2318: 4044,2614,339,2415,3859
2319: 364,4554,3601
4401: 3285,2543,3694,1982,2189
2321: 4767,1348,1026
4792: 1948,1904,3328
2323: 1817,1237
2324: 759,1537,4249
2325: 4697,4407,3455,4645
2326: 1359,391,3630,4065,1956
4564: 3363,4582,2752,1007,1282
2328: 4786,2190,1921,4073
2329: 2707,3088,2967,2878
2330: 2037,2678,492,321
2331: 
2332: 
2333: 3090
2334: 4248,3120
2335: 1628,1846
2336: 13,2871,3057,2275
2337: 1750,2256,2813,100
2338: 3418,1369
2339: 227,3663,1618,915
2340: 4325,2043,2706
2341: 1429,3015,1371,923
2342: 2411,961,2746,594
2343: 
2344: 429,1106,1704,1354,3315
2345: 1235,3277
2346: 561,4062,3100,4703,1660
2347: 2719,3889
2348: 2689,3288,1470,1612
2349: 241,3625,256
2350: 2570,3619,3391,1104,1393
4559: 4055,402,2596,290,3299
2352: 2239,1271,440
2353: 3403,4141,4469,2114,1642
2354: 1037,1332,3137
2355: 3461,1650,611
2356: 3082
2357: 424
2358: 2521,259,1495,3279,4423
2359: 3883,3935,1840,2483
2360: 1560,1611,4537,2977
2361: 1080,722,3788
2362: 41,501,2751,1297
2363: 4022,2299,2727
2364: 733,3217,3725,3650,2574
4728: 33,3210,1949
2366: 2968,587,1976,447,3763
2367: 1298,2264,4396
4351: 4334,4438,1228,2117,4086
2369: 4790
2370: 2149,3097,744,4481
2371: 
2372: 4816,3418
2373: 2930,682
2374: 3505,864,751,701
2375: 739,4371,428,4369,826
2376: 
2377: 
2378: 2732,1687,2951,4569,4297
2379: 431,2067,241,449
2380: 3973,1208
2381: 1333
4423: 2358,259,3279
2383: 3168,2704,1328,4315
2384: 1232,1630,3998,2077,4588,1735
2385: 1639,4068,2680
2386: 
2387: 806,2805,2219
2388: 4021
2389: 3686,3664
2390: 
2391: 3682,3988,4291
2392: 1191,200,429,3315,3878,2922
2393: 1396,300,917,494,2640
2394: 4117,549
4795: 1515,1751,3443
2396: 80,4266
2397: 4366,2166,476
2398: 3537,2731
2399: 2061,4123,3514,2422,1617
2400: 3427,4433,1709
2401: 3822,404,1909,2168
2402: 791,1024
2403: 2526,3938
2404: 1930,4231,986
4633: 4058,1837,3972
2406: 1094
2407: 
2408: 4280,4475,2851,4258,3962
2409: 3621,579,4282,3271
2410: 3019,4376,449
2411: 961,2342,694
2412: 
2413: 2271
2414: 1708,1220,3228
2415: 339,2318,3859,1653
2416: 1970,1965,2051
4392: 4474,1725,1081
2418: 2956,1097
2419: 4093,978,163
2420: 3483,4476,3896
2421: 440,3272,3463
2422: 770,3981,2399
2423: 1682,4373,4602,3258,384,1737
2424: 4150,568,701,3001,3124
2425: 
2426: 3087,3095
4452: 325
2428: 3880,4509
2429: 553,4148,4253,3375
2430: 4532,3419
4522: 805
2432: 2009,1846
2433: 4400,4169
4478: 104,377,1776,8
2435: 
2436: 2648,2193
2437: 3386,4674,3676,4747,1281,820,4229
2438: 
2439: 4569,165,3600
2440: 3006,2937,2295,2036,3637
2441: 350,1930,4231,4194,4480
2442: 864,1686
2443: 475,669,2942,2037
4507: 
2445: 
2446: 3389,3400
2447: 266,1233,2594
2448: 2603,1417
2449: 2881,3361,3366
2450: 1918,2730,1877
4443: 2837,621
2452: 4671,4469,4187
2453: 3180
2454: 585
2455: 3084,1655,2215,1657
2456: 4329,937,1522
2457: 499,1610,3805
2458: 
2459: 3209,53,3051
4616: 1604,677,4270
2461: 1111
2462: 3915,2863,920,4677
2463: 347,1729,2271
2464: 3411,48,1981,1757,769
2465: 2218,4772
2466: 2057,4630
2467: 206
2468: 3369,109
2469: 560
2470: 
2471: 2102,1431,838
2472: 552,2138,4097,2014,3926
2473: 3937,3950,4250
2474: 1416,3741,1320,2544,2782
4499: 1657,3906,3283,1042
4399: 632,3200,3534,317,1712,2121
2477: 99,4112,153
2478: 3665,134,2826
2479: 1197,3937,3950
2480: 3582,956,89,4207,1567,198
2481: 3081,1986,514,1429
2482: 2625,4315,881
2483: 4212,3577,2359,3935
2484: 3649,620
2485: 364,1049,3485
2486: 2874,3279,4761
2487: 1601,191,32,644
2488: 168,69,643,2623,1268
2489: 
2490: 2808
2491: 1089,1481,485
2492: 425
2493: 4660,33
2494: 3140,4283
2495: 2744,3681,871
2496: 3054,4710
2497: 263,4659,2969
2498: 3572,659
2499: 
2500: 4256,551,1152,3150
2501: 558,3158,1827
2502: 517,4107,2919,2610,4407
2503: 4192,1506,385,1799
2504: 
2505: 4594,539,2525
2506: 2951,312,1052
2507: 2916,3045
2508: 4573,1104,1393
2509: 834
2510: 935,576,1562,1183
2511: 1558,2953,2968,2313,2619
2512: 4737,2041
2513: 1135,2093,4160,2743,4380
2514: 2738,3220,2756,4288
2515: 3047,4333,3826
2516: 539,1036
2517: 3726,4743
2518: 2290,3532,1077
2519: 
2520: 2131,607,1270,1390
2521: 2358,2196,3279
2522: 3229,4520
2523: 1678,3948,973,4075
2524: 
2525: 2505,539,196
2526: 4619,732,2403,3938
2527: 
2528: 2272,2279,3875,1218,922,2229
2529: 3900
2530: 2841,265,3135,863,1406
2531: 261
2532: 2276,1481
2533: 1162,3882,1245,4383,4444
2534: 3535
2535: 4219,4252
2536: 1721
2537: 3361,3366
2538: 945,1625
4524: 3438,292,3582,956
2540: 3339,3071,3476
2541: 
2542: 3799,36
2543: 3285,950,4401,830
2544: 3192,420,2782,2474
2545: 1767,4030,1802,2970
2546: 1663,4533,4738
2547: 2794,3833,1384
2548: 
2549: 953,3559,1534,1206
2550: 537
2551: 2738,1653
2552: 1873,2167,4188,541
4436: 6
2554: 4781,3366,3613
2555: 3967,667,743
2556: 4813,1800
2557: 2105,4170
2558: 3580,4635,3792,3591
2559: 2187,1530,4053,1727
4476: 1524,3896,2420
2561: 853,3860,1594,3014
2562: 1136,3156,1990
2563: 2715,4199,2640,1396,1762
4328: 4418,4069
2565: 1357,4310
2566: 4051,1326,3432,1042,2215
2567: 1843,4000,2777
2568: 1226,4184,3649,3687,3047
2569: 2810,2147
2570: 1747,931,2350,3619,2129,1104
2571: 4701,1492,2000,1891
4467: 2214,1075
2573: 1078,3367
2574: 2696,334,2364,3217,3650
2575: 1250
2576: 
2577: 
2578: 4363,4758,1070,1463,1348
4322: 837,2204
2580: 1675,1259,4597,1740,1710,1549
2581: 3530,3176,3156
2582: 4790,224
2583: 4424,2032,3264,717
4456: 2702,2886,2826
4482: 635,2905,4621
2586: 4764,396,1845
4813: 2556,1420
2588: 4704,959,495
2589: 4767,4279
2590: 4095,3735
2591: 4013,324,2264
2592: 524,3070
2593: 3112,1049
2594: 2447,1233,3634
2595: 4724,4234
2596: 4239,887,4055,4559,1606,3299
2597: 4705,1926,4600
2598: 
2599: 2928,939,2199,1851
2600: 3697,1583,3169,12,3982
2601: 4030,4742,3269,2159
2602: 3565,3761,1961,4179
2603: 1417,3317,2448
2604: 1312,3485,364,4208
2605: 1321,331,1498,808
4508: 145,3661,92
2607: 2813,213,1836,2823
2608: 907,972,1114,2258,2659
2609: 4333,643,2623
2610: 257,4037,2502,4407
2611: 3983
4460: 
2613: 1878,3423,108,573
2614: 408,1202,2318
4418: 4328,3866
2616: 3519,2051,1912,1278
2617: 839,518,50,695
4388: 1436,1528,3922
2619: 3845,2953,2511,3423
2620: 4610,4200,4295,3907,3761
2621: 4760,3493
2622: 4666,4108,880
2623: 643,1268,2609,4333,2488
2624: 2260,2010,2975
2625: 3511,2482,538,881,3537
4648: 1107,2059
2627: 3066,1927,2048,1493,229
2628: 4039,3098,1852
2629: 3231,2724,3230,3836,723,4457
2630: 1009
2631: 4421,2852,4359,2650,1513,740,1479
2632: 2131,1582
2633: 1166,2880,756,611,3312,1179
2634: 220
2635: 3408,540,1952,913,1196
2636: 4668,2280,166,3280,1376
2637: 2986,4540
2638: 3718
4774: 1216,4701
2640: 419,917,2393,1396,2563
2641: 830,1641,816,2039
4390: 1651,3974,688,12,1240,3982
2643: 3943
2644: 1822,882,3811,1059,4789
2645: 
2646: 2189,1526,3374
2647: 453,2751,2119,3663,1775
2648: 2436,988,2950,2913,3431,2193
2649: 1001,1609,1765,2883
2650: 497,4421,2631,1479
2651: 4762,2685
4470: 1254,3150,3342
2653: 3275
2654: 253,4155,1680,4348
2655: 4285,4125,3359,491,3484,3881
4708: 1223,859,2985
2657: 4465,3338,3255,1605,3934
2658: 3654,3474
2659: 1925,2258,2723,1114,2608
2660: 3760,1395,4258,4475
4746: 3806,1730,541,550,1859
2662: 4192,1352,385,551
2663: 59,1451
2664: 3496,4280,1060,289
2665: 2243
2666: 4541,2874
2667: 3521,122,1283,397
2668: 179,516,2123
2669: 655,1869,4063,2759
2670: 2013,588,1119,1386
2671: 
2672: 1266,3734,4623,1856,1732
2673: 1635,4617,4136
2674: 2014,4244,3926
2675: 3053,983,3424
2676: 3316,853,4111,3690
4751: 4384,1874
2678: 2037,2330,3750,733
2679: 2714,4598,3439,1318
2680: 2385,147
2681: 413,306
2682: 1764,219,3942
2683: 4445,3017,4440,4584,242
2684: 3593,431
2685: 2651
2686: 3625,3455,256
4780: 2020,1603,2211,1204
2688: 4030,4742,4190,3028,813
2689: 2348,4077,3288,1470,4539
2690: 75,827,3551,719,1787
2691: 1122,699,4313
2692: 2143
4769: 339,2756,1633,1485
2694: 4614,613
2695: 3545,3941
2696: 2574,334,1999
2697: 2199,1879
2698: 4438,1228,101,4680
2699: 3127,1192,117,748
2700: 
2701: 2925,476,2202,753,714
2702: 4456,1028,3884,2826
2703: 4026
2704: 3168,2383,1328
4778: 1540,1541,3799,1650
2706: 3080,150,2340,4325,2043
2707: 2329,1695,3088,818,742
2708: 554
2709: 3832,3512,3650,1431
2710: 
2711: 950,1073
4355: 3278,2097,2086,1050
2713: 
2714: 2679,2090
2715: 2563,1762,639
2716: 4233,3660,96
2717: 658,2089,3832,1779
2718: 4431,3077,2800,341
2719: 2347,3889,1922,2065
2720: 4266,4301,3441
2721: 4059
2722: 417,1227,3681,868,282
2723: 1925,2258,2659
2724: 3231,1742,2629,317,723,1712
2725: 356
2726: 569,322,2861
2727: 2299,1128,2363
2728: 
2729: 3925,2226,955,3903,3919,873
2730: 4041,474,2450
2731: 3537,2398,3481
2732: 1052,1687,2378,3444,2951
2733: 1102
2734: 4238,3975,135,4627
4435: 1782,3448
2736: 4398,3451,4222,89,4531,4207
2737: 3289,296,1281
2738: 2514,2551
2739: 3293
2740: 982,412,3043
4787: 845,4551,3253,3531,2249
2742: 4694,1628,2295,3637
2743: 3090,4160,2513,4380
2744: 2495,1677,590,3681,871,610,282
2745: 4483
2746: 594,25,2342,4821
2747: 
2748: 1018,4180
4428: 1103,2952,1176,1327
2750: 4421,1686,4259,2852
2751: 2647,3957,1618,2362
2752: 4564,4061,1007
4577: 3639,2002,1925,172
2754: 843,427
2755: 596
2756: 3220,4738,1633,2514,4769
4579: 2933,4286
2758: 2062,2208,3109,1694,2130
2759: 1068,4063,2669
2760: 4416,789,2205
2761: 228,223,1257,4197
4441: 232,4075,4818,1874
4593: 82
2764: 2131,3063
2765: 3376,3291
2766: 3544,3368
4546: 129
2768: 3385
2769: 4235,891,446,632,3200,4591
2770: 1127,2075,3294
2771: 26,2301,654
2772: 623,3016,1059,4789
2773: 628,2817,3413,419
4485: 3175,3502,1726
2775: 4348
2776: 1435,4437,1835,1253
2777: 1843,2567
2778: 3424,4262,464,2783
2779: 4560,3464,4801,474
2780: 4237,4347,3421
2781: 3474,2943
2782: 4430,2544,1416,2474
2783: 2778,1330,3127,4262
2784: 4067,616
4666: 2622,2988,90
2786: 555,1739,1394,1300
2787: 4332,2108,3214,2293,1418
4345: 4477,4379,4575
4561: 287
4498: 2831,2154,1184
2791: 
2792: 699,3812,4313,4461
4765: 4653,1564,3989
2794: 2547,1295,640
2795: 233
2796: 1674,2979,269,4064
4588: 509,2077,2384,383,4798
2798: 680,2050,1454,3197
2799: 
2800: 2086,3077,2718
2801: 1244
4631: 348,578
4338: 
2804: 4496,167,620
2805: 806,2387
2806: 
2807: 2145,4575
2808: 2490,3863,516
2809: 907,4383
2810: 2569,1953,2060
2811: 3295,3453
2812: 3508,3483
2813: 213,2607,2256,2337
2814: 4788,1754,1560
2815: 3141
4576: 1103,3465
2817: 3413,1020,2773
2818: 2872,1860,1136,4028
2819: 
2820: 1139,3888,2985,3583
2821: 2297
2822: 4307,3692,1398,4143
2823: 1432,1836,2607,4371
2824: 3242,4054,3417,4076,3705
2825: 935,576,1783,4215,3785
2826: 2702,4456,2478
2827: 1921,1928
2828: 125,699,3584,1636
2829: 4581,3215,771,3589
2830: 1725,4523,368
2831: 3463,2861,4498,1184,1488
2832: 
2833: 1033,1458,2176,2892,1607
4369: 26,3674,428,2375,2301,826
2835: 1342,4004,1777
4739: 3657,1450,1608,4118,4312
2837: 4443
2838: 650,4594
2839: 1524,3468,3618
2840: 1473,3401
2841: 2530,2859,265,1391,1740,863
2842: 3657,1450,2098,4350,2034
2843: 1460
2844: 1960
4701: 2571,4408,113,4774,1216
2846: 
2847: 
2848: 3162,2030,3265
4463: 2143,4214
2850: 1054,1408,1477,4362
2851: 1354,3171,4258,2408,3962
2852: 4182,4359,2631,2750
2853: 3873,3603,4078,3500
2854: 
2855: 
4758: 1070,76,2578
2857: 2928,900
2858: 530,270,1079
2859: 2841,265,3175,1391
2860: 
2861: 322,2726,2831
2862: 1353
2863: 3915,2462
4711: 2910,3456,569
2865: 0,911
2866: 1372,4799
2867: 
2868: 859,1141,3583
2869: 1573,4671,3859
2870: 
2871: 13,436,2336,3057,4667
2872: 2818,1241
4784: 1827,3258,558,3345,1392,1038
2874: 2486,4761,2666,998
2875: 4400
4563: 1724
2877: 839,4817,2066,4754,50
2878: 1598,411,2329,2967,303
2879: 4353,3229,2083,482
2880: 1166,2633,3312,1179
2881: 3307,2449,1929,3458,3361
2882: 3222,1318,1500
2883: 258,1765,4772,2649,1609
4317: 171,952,2248,2307
2885: 3844,3153,4740
2886: 1070,4456,4363
2887: 4242
2888: 4629,1091,1933,4337
2889: 1570,4806,2019,4580,2094,48
2890: 4352,2112
2891: 3362
2892: 2176,3698,1594,1458,2833
2893: 4811,482,895
2894: 
4726: 3155,446,1632
2896: 886,2042,3282
2897: 4361
4581: 2829,2983
2899: 1900,2290
2900: 205,3739
4560: 2779,1918,3772
2902: 
2903: 2250,878
2904: 778,4012
2905: 1039,4482
2906: 
4440: 1638,4698,1859,4445,3335,2683
2908: 1069,3746,702,1522
2909: 
2910: 4711,1914,3997
2911: 1297,646,3744,1958,2984
2912: 3646,1109,809,4669,1810
2913: 4718,4679,2950,2648,3431
2914: 3502,1030,4064,3342
4527: 4594
2916: 2507
2917: 1681,4501,79,1734
2918: 1738,832,316,173
2919: 2980,2502,517
2920: 2165,1676,999,4720
2921: 
2922: 1475,3878,685,3315,2392
2923: 
2924: 4403,1832,4133
2925: 476,1252,2701,714
2926: 3524,4316,968,3009
2927: 
2928: 2599,2857,2133,221
2929: 
2930: 3871,948,682,2977,4537,2373
2931: 3559,1449
2932: 899
2933: 4579,829
2934: 3525,2257,3708,3351,984
4434: 1138,3203,406
2936: 3177,3348,4170,691,3134
2937: 2440,3006,2292,3637
2938: 243,2231,4340
2939: 
2940: 
2941: 1919,3822,4272,840,2168
2942: 669,4296,2443,2037,3607
2943: 2781
2944: 4090,1423
2945: 
2946: 405
2947: 2149,2982,3815,695
2948: 1244
2949: 1297,646,3447,41,2170,823
2950: 988,2913,2648,3431
2951: 2506,1052,2732,2378,1329
2952: 4428,916,581,1176
2953: 1312,2511,1558,3423,2619
2954: 3753,4468,1399
2955: 1769,1215,1620,1284
2956: 2418
2957: 4060,1328,3143
2958: 3755,3709,2230,4391,3202
2959: 3438,2206,1503
2960: 3244
2961: 958,1888,1528
4500: 3113
4555: 3234,1329,4756
4535: 10,3353,3403,1661
2965: 4237,3843,841
2966: 1839,668,168,1303,35
2967: 1741,2329,3088,2878
2968: 2366,587,2313,2511,3763
2969: 4659,3855,2497,135
2970: 11,4678,2545,1767,1277,3550
2971: 1024,796
2972: 4745,1292
2973: 4661
2974: 1513,2252
2975: 1778,1017,2624,2260
2976: 
2977: 2930,948,4537,2360,3680
2978: 
2979: 2796
2980: 2919,1874,4006
2981: 111,722,344,3068,4308
2982: 3815,2947,695,2209
2983: 4581
2984: 1065,4090,3744,3458,2911,646
2985: 3888,2820,4708
2986: 2637,2028,4540
2987: 3104,3916
2988: 851,4782,4666,90
2989: 195,1508,161
2990: 4144,586,3195,1388,3083,673
2991: 403,3780,3815,1018
2992: 3440
2993: 4189,3762,1829,1111,2286
2994: 1409
2995: 1532,1862,1622,3839,4183
2996: 672,4001,4674,820
4541: 2666,3926
4747: 4053,296,1281,2437,2187,4229
4594: 4527,2505,2838
3000: 4114,1317,3961
3001: 3124,2424,4150,1440,35,1861
3002: 4256,551,3212,784,4744,224
3003: 785,1194,4809
3004: 852,4749
4819: 1820,3194
3006: 2440,2937,619
3007: 
3008: 
3009: 968,2316,2926
3010: 388
4771: 757
3012: 399,4263,1116,832
3013: 
3014: 1594,4461,3812,3690,853,2561
3015: 1371,923,3207,2341
3016: 2772,623,4234,3695,1555,4789
3017: 4445,2683,4017,973,242,1678
4682: 1723,3825,1672,3186
3019: 4376,2410,4785,4033,312
3020: 254,1745,3710,406,1087
3021: 
3022: 1304,137,1825
3023: 1416,3741,1399,4319
3024: 4309,4115,2186
3025: 
3026: 2088,1911
4717: 1306,4692
3028: 3167,2688
3029: 73,4820,592,121
3030: 3770
3031: 
3032: 1892,2166,205
3033: 4191
3034: 122
3035: 4085,3055,3908,4276
3036: 3189,222
3037: 3645,3556
4761: 2486,2874,3279,998,1078
3039: 
3040: 
4738: 2756,2546,1663,4533,1633
3042: 2052,3497,4274,3623
3043: 2740
3044: 4086,4122,390,3777,725
3045: 2507,1875,985,3515
3046: 3763
3047: 2515,2568,3687,4333
3048: 3981,3898,2061,3514,837
3049: 780
3050: 1765,1033
3051: 3251,2459,3460
3052: 749
3053: 2675
3054: 2496,4710,3355
3055: 1912,3035
3056: 1082,1048,3736,3965
3057: 1871,4667,2871,2336
3058: 3075,4275,4422
3059: 
3060: 3914
3061: 1992,1731,1935
3062: 3540,2214
3063: 3345,3820,1390,2764,2131,558
3064: 1048,4295,1611
3065: 1372,640,3408,540
3066: 2627,1927,4544,229
4822: 3125,4344,378
3068: 1822,4230,4308,2981
3069: 942,2205,446,3200,4591
3070: 524,2592
3071: 3951,3499,4337,2540,4201
3072: 1208,3809
3073: 1100,1964,963
3074: 3334,717,3456
3075: 3058
3076: 185,1353
3077: 2086,1050,416,2800,2718
3078: 1652
4553: 384,1392,3345,3820,4210
3080: 2706,15,1487
3081: 2481,514,2028,1548
3082: 2356
3083: 2100,2990,586,673,3479
3084: 1795,3163,2455,1655,4703
3085: 3546,2041,1837
3086: 3970,1361
3087: 3333,1241,2426
3088: 2329,2707,1695,818,4574,2967
3089: 3946
3090: 2018,2743,2333
4462: 4662,1268,3158
3092: 
4543: 4621,1845
3094: 4638,3165,1585,3686
3095: 153,1879,2426
3096: 
3097: 2370,422,3780,3815
3098: 4039,2628
3099: 1355,582
3100: 561,2346,3241
3101: 
3102: 1679,2070,3178,4196
3103: 1404
3104: 3684,2987
3105: 3583,1141,3476,174
3106: 808,803,1624,3477,3300
3107: 1939,765
3108: 123
3109: 3877,3849,2208,2758
3110: 1620,1972
3111: 
3112: 2593,1849,4497,2068
3113: 4500
3114: 3462,94,2221
3115: 517,4154,1811
3116: 181,1826
3117: 
4764: 2586,635,4621,1845,4811
4777: 3522,1212,561,3241
3120: 2334,4248,1960
3121: 3369,1831
3122: 977,2188,4770,1453
3123: 4029,4287,95,3288
3124: 3001,3505,2424
3125: 1835,4822,4271
3126: 3573,508,4491
3127: 1330,2699,748,2783
4801: 3464,968,3644,544,2779
3129: 401,1681,4501,4732
3130: 1219,1699,1305
3131: 4422,2141,130
3132: 3248,765,273
3133: 1093,3196
3134: 2936,3348,691
3135: 2530,1406,2043
3136: 3478
3137: 1463,1037,2354
3138: 1752,1720,2004,4542,1067
3139: 530,270,702
3140: 2494,4283,3567,345
3141: 2815
4626: 3714,484,766,2072,255
3143: 1328,1846,2957
3144: 1448,3719,1898,1009
3145: 1782,3448,602,2029,672,74
3146: 1683,17
4481: 744,466,660,2370
3148: 3688,1383,169
3149: 933,4551,99,1993
3150: 4470,1254,3751,4256,2500,3749
4562: 3655
3152: 4241,4815
3153: 2885,3844,459,1844
4312: 4739,3759,4118
3155: 4726,446,750
3156: 2562,1136,2581,3530,3290,3176,1860
3157: 3260,4275,831
3158: 2501,4462,1144,1827
3159: 3219
3160: 3323,1793,432,3298
4459: 4659,3855,4803,4002,3807
3162: 2848,2030
3163: 3084,4062,4703,1005
3164: 4571,4350,622,1395
3165: 3501,1585,3094
3166: 435,3666,1306
3167: 4362,531,3028
3168: 2383,2704
3169: 1249,12,2600
3170: 4296,1001,1609,3607,921
3171: 1354,2851,4258,3543,2151
3172: 1735,3557,4754,3998
3173: 304,1319,3640,4161,3781,3436
3174: 879,3394
3175: 4485,2859
3176: 1860,4627,2581,3156
3177: 2936,3363,4582,1671,3348
3178: 4628,2230,4196,3102,2070,493
3179: 3526,1504
3180: 2453
3181: 4045,4585,3183
3182: 1154,3506,1971,772
3183: 3181,4410,4246
3184: 924,136,3620,2046
3185: 507,4217,570,3492
3186: 4682
3187: 2162
3188: 333,1992,4158,4651
3189: 3036,222,1132
3190: 3863
3191: 1327,415,3465,4447,1103,4806,2019
3192: 2544,420
4731: 
3194: 4819,103
3195: 4144,2990,1386,2048,1577,673
3196: 3732,3133,1093,1314
3197: 1430,1454,2798
3198: 0,739
4519: 4262,464,1064
3200: 632,4399,4591,942,3069,2769,1712
4464: 
3202: 4391,4531,4628,2230,2958
3203: 1138,486,4434
4806: 1570,2889,2019,1327,3191
3205: 1901
3206: 308,3856,3872,4786,2190
3207: 218,1173,3015,1371,202
3208: 
3209: 53,2459,4209,1074,3460
3210: 4728,1949,1526
4348: 1680,836,2654,2775
3212: 3002
3213: 1310,4008
3214: 2108,3899,1418,2787
3215: 771,4606,2829,1910
3216: 1578,3847
3217: 2364,733,3725,321,2574
4394: 4667,705,2015,3553
3219: 353,389,3159
3220: 2756,3646,4288,2514
3221: 4812
3222: 299,2882,1500,603
3223: 3808,3662
4335: 814,1182
3225: 
3226: 359
3227: 930,4377,1721
3228: 471,3244,2414,1220
3229: 2522,2083,2879
3230: 3231,2629,1842,3836
3231: 1742,2724,2629,3230,789,1842
3232: 964,1076,4693
3233: 3325,246,1211
3234: 872,4555,4756
4789: 1555,882,1059,2772,3016,2644,1822
3236: 1549,863,1406,3382
3237: 
4618: 1396,2069,1762,817
3239: 2033,1430,644,4672
3240: 959,2251,181
3241: 606,561,3100,1212,4777
3242: 2824,3934,4054
3243: 4318,3581,4289,3319,284
3244: 471,3228,2960
3245: 76,949,1065
4323: 1067,4623,1856,4542,3734,506
3247: 4681,4417
3248: 3132,502,1309,273
3249: 
3250: 589,3932,2063,738
3251: 160,3051,2191,3460,3478
3252: 681,4733,3559,1449
3253: 4787,845,3531,4149
3254: 3281,400,617
3255: 2657,4465,854,3934
3256: 1505,595
3257: 
3258: 4784,384,1392,1737,1038,2423
3259: 3794,4680
3260: 3157,1466,1717,831
3261: 4419
4529: 1910,898,2285,1186
3263: 1781,2095,719
3264: 737,4424,1916,2583
3265: 154,2848
3266: 816,1995,3374,1771
3267: 1165
4772: 2218,2465,2883,1398,3292
3269: 3273,113,2159,4305,2601
3270: 1626
3271: 4583,4578,2409,489
3272: 440,2421,2239,3472
3273: 3269,4408,113,2159
3274: 1753,4302
3275: 2653
3276: 
3277: 2214,2345
3278: 4355,2086
3279: 2486,4761,2521,2358,4423
3280: 166,3434,2280,2636,1376
3281: 3254
3282: 2042,886,2317,2896
3283: 1042,3432,3513,3906,4499
3284: 1864,4665,3310,710
3285: 2543,950,123,4401
3286: 667
3287: 4548,678,1604,4455
3288: 2348,2689,4077,4029,3123
3289: 1422,2737,296
3290: 3530,1023,1019,3156
3291: 2765,1478
3292: 1398,4772,209,1643
3293: 1132,2739,2060
3294: 1476,3966,3923,2770,2075,1864
3295: 2811,3688,1383,2008
3296: 1850,4341,4381,1904
3297: 2126,528
3298: 3956,836,432,439,3160
3299: 1606,943,4559,4239,2596
3300: 1511,1169,1624,803,3106
4573: 2508,1104,1393
3302: 3492,3972
3303: 4313,3690,489
4798: 2111,2171,4588,383
3305: 219,313,281,3929
4627: 1241,3176,2734
3307: 2881,1429,1986,1929
3308: 532,4076,4658,3629
3309: 2107,1217
3310: 4518,710,3284
4757: 3317,4466
3312: 2110,1179,2633,2880
3313: 2103
3314: 3704,671,134,53
3315: 685,429,2344,2392,2922
3316: 853,2676,4111,1540
3317: 2603,4757,4466
3318: 791,3720,152,4304
3319: 2225,284,2305,3243
3320: 2201
3321: 2228,714,93,4641
3322: 57,529,1950
3323: 1793,3160,4647,486
4649: 4502,3932,664
3325: 246,3233,4009,3849
3326: 1362
3327: 409
3328: 4792,3412,1904
3329: 4454
3330: 4281,967,1580
3331: 2204,1893,2046
3332: 1907,2158,947,4109
3333: 3747,3087,4238
3334: 3074,1914,140
3335: 4445,4017,1859,3806,504,4440
3336: 2198,1815,457,1674
3337: 2203,363,1494,1506
3338: 2657,4465,2193,4474
3339: 2540
3340: 1004
3341: 3377,427,4601
3342: 4470,1254,2914,1030,4064
3343: 133,1928
3344: 1484,2181,4584
3345: 3063,3820,558,4784,1392,4553
3346: 2236
3347: 1397
3348: 1671,3177,2936,3134
3349: 694,75,4182
3350: 307,1201,2208
3351: 3708,406,2934,1745,984
3352: 3587
3353: 4535,914,1255,4141
3354: 687
3355: 3054
3356: 2289,1356
4371: 2375,1432,2823
3358: 4766,4243,2044,4712,4823
3359: 1016,491,1174,4285,2655
3360: 3872,308
3361: 2537,3366,2881,2449
3362: 2891,1576
3363: 4564,4582,1007,3177,2105
4565: 3396,1852,1963
3365: 2038,1152,774,4031
3366: 3361,2537,2449,2554
3367: 3595,2573
3368: 4624,2766,2023
3369: 3121,2468
3370: 3899,4490,511,190
3371: 1900,4748
3372: 2113,3391
3373: 1828
3374: 1526,1045,2646,3470,3266
3375: 4253,963,4148,2429
3376: 2765
3377: 3341,3623
4647: 408,3323,486
3379: 438,4497,3959
3380: 966
3381: 2251,2173
3382: 3236,1406,1791
3383: 
4674: 3386,2437,2308,820,2996
3385: 2768
3386: 4674,2437,3676,1281
3387: 1662,414,2263
3388: 4744,224,3751,1296,1756
3389: 3400,2446
3390: 
3391: 3619,4655,2350,3372
3392: 1981,475,1499,3750
3393: 4224,31,1999,1617
3394: 1672,252,1309,3174
3395: 1067,2004,2303,1747,2245
3396: 4565,665
3397: 3904
3398: 2240,4570,4796
3399: 3489,30
3400: 3389,3672,2446
3401: 2840
3402: 4672,572
3403: 4141,2353,4535,1642,1661
4659: 2969,4459,3855,2497
3405: 1316,49,3977
3406: 1224,42
3407: 1217
3408: 2635,540,3065,640,913,1341
3409: 843,427
3410: 4123,3514
3411: 1499,3750,2464,1981,769,2102
3412: 3756,3328,1518,1316,3977
3413: 2817,1599,2773
3414: 2038,1009,1898
3415: 1265,4289,4103,788,2128,1076
3416: 1839,4129,328,2099,1082
3417: 4076,2824
3418: 2338,2372
3419: 1299,4532,2430,4095
4617: 460,2673
3421: 2780,4347,4568
3422: 4473,1697,3642,858
3423: 2613,1878,2953,3845,2619
3424: 2778,2675
3425: 1147
3426: 1551,4091,82,3838
3427: 2400
3428: 511,3854,344,1482
3429: 4307,309,4143,2018
3430: 
3431: 2193,2950,2913,2648
3432: 4218,3513,2566,3283,1042
3433: 1953
3434: 3816,2280,3280
3435: 886
3436: 3781,1957,3173,775
3437: 2162,842
3438: 4524,2959,3582,1503
3439: 2679,1318
3440: 434,2992,3643,4612
3441: 2720
3442: 
3443: 1751,1487,548,4795
3444: 1253,2732,1687
3445: 2240,4570
3446: 1144,4662,2099,1150
3447: 1618,41,915,2949,823,679
3448: 1782,4435,3145,74,4512
3449: 2252,698
3450: 
3451: 4398,2736,188,4207
3452: 394,1566
3453: 1640,2811
3454: 259
3455: 4407,2325,2686
3456: 3074,4711
3457: 1443,852,3541
3458: 3744,1929,2881,1065,2984
4549: 1348,4279
3460: 1994,3478,3209,3051,3251
3461: 2355,1650,4613,824
3462: 3114,203
3463: 2831,2421,1488
3464: 4801,3936,333,2779
3465: 3191,415,1103,4576
3466: 1369
4509: 1400,2428
3468: 2044,3487,2210,4712,3618,2839
3469: 
3470: 3374
3471: 2277,4128,244
3472: 777,3272,940,2239,1194
3473: 844,1110,1944
3474: 2781,3654,2658
3475: 352,1492,1512,574
3476: 4101,1141,2540,3105
3477: 3989,331,1624,1564,808,3106
3478: 1994,3460,3251,1563,3136
3479: 1927,673,4544,3083,3775
3480: 865,2101,891,632,3534
3481: 2731
3482: 4210,1185
3483: 3508,2812,2420,4526
3484: 1198,1851,491,2655,3881
3485: 1312,2604,2485
3486: 4181,67,597,4550
3487: 2044,3468
4370: 
3489: 3399
4330: 14,1838,4173
3491: 3798,1961,1238,4429
3492: 3302,4278,507,3185
3493: 4760,2621
3494: 19,1727,1976,1922
4630: 4007,2057,2466
3496: 3886,1034,2664,1060
3497: 1436,380,2052,3042,4274
3498: 
3499: 3951,3071,4451,4595,214,4201
3500: 2853,1445,1770
3501: 3165,1193
3502: 2914,1030,235,4485
3503: 520
3504: 
3505: 2374,701,3124,497
3506: 1154,3182,772
4515: 114,1274
3508: 2812,3483,4165,399,1116
3509: 4466
3510: 3758,529,4587,1448
3511: 2625,3537
3512: 3832,2709,838,1431,3693,2089
3513: 3432,4218,3906,1491,3283
3514: 2061,4123,2399,3410,3048,837
3515: 985,3045,1658
3516: 4611,2150
3517: 689,499
3518: 893,448
3519: 2616,407,85
3520: 1349
3521: 262,122,1283,2667
3522: 1212,4777,422,3780
4689: 3703
3524: 2926,968,3644,4450
3525: 2934,4492,1510,984
3526: 3179,1543
4457: 3975,135,2629,3836,723
3528: 
3529: 
3530: 3290,1023,3807,2581,3156
3531: 4149,1539,4228,4787,3253
3532: 130,1077,2518
3533: 620,4636
3534: 632,4399,317,2121,865,3480,4135
3535: 2534
3536: 4707,4653,3852,1185
3537: 2398,2731,2625,3511,538
4754: 481,2877,3172
3539: 330
3540: 3062,2214,1
3541: 3457
3542: 1451,4304,218
3543: 726,390,2151,3171
3544: 2766,1220
3545: 1579,2695
3546: 3085,4737
3547: 1731,1935,3996,894
3548: 4177
3549: 426,4167,1572,201
3550: 1277,1084,889,1767,2970
3551: 827,1905,2690
3552: 2124
3553: 615,3603,4394,705
4360: 4222,528,4398
3555: 387,161
3556: 3983,4750,513,183,3037
3557: 3172,1735,518
4496: 4019,366,2804,1706
3559: 2549,953,2931,1449,3252
3560: 4311,3713
3561: 
4426: 1647,4149,1539
3563: 1805
3564: 444,3985
3565: 2602,1602,1301
3566: 526
3567: 3874,3894,3140
3568: 3967
3569: 1428,4204
3570: 626,1182,3797
3571: 1637,3702,4657
3572: 2498
3573: 3126,508,2055
3574: 
4437: 2776,1435,4558,4271,648
3576: 170,182,1506,1853
3577: 2483,4212,3935,766
4608: 507,1550,4368,4615
3579: 3853,3774
3580: 2558,3591
3581: 3243,284,212,802,1991
3582: 2480,3438,4524,1503
3583: 3105,174,2868,2820
3584: 1594,4461,1458,125,3987,2828
3585: 
4655: 3391,4272,2024,840
3587: 3352,1140
3588: 4796
3589: 158,2829,1910
3590: 3900
3591: 1219,3792,3580,2558
4601: 3341,4046,4693,3623,3677
3593: 2684
3594: 1188
3595: 1078,3367
4718: 2913,1370,230
3597: 1809,3622
3598: 
3599: 
3600: 1798,2439
3601: 4208,4554,2319
3602: 870
3603: 3553,615,2853,3873
3604: 4409,1660
3605: 1036
4781: 2554,3613
3607: 921,2942,4296,3170,2037
3608: 58,1748,4116
3609: 4668,282,935
4497: 3379,3850,1849,3112,2068
4315: 2383,2482
4732: 1627,4820,3129
3613: 955,4781,2554
3614: 
4599: 
3616: 1321,398,119
3617: 3710,1850
3618: 3468,2210,2839
3619: 3391,2129,2570,2350
3620: 136,3692,3184
3621: 579,2409,4414,4282
3622: 1809,3597,4214,4327
3623: 1998,4693,3042,3377,4601
3624: 4358,199
3625: 2686,256,2349
3626: 475,4768,4741,3842
3627: 945
3628: 1299,2002,172,4095
3629: 88,4658,3308
3630: 2326,391,4065,912
3631: 1006,797
4667: 4394,3057,2871
3633: 1186,1363,112
3634: 2594
3635: 938,1756,614
3636: 3988,1871,1878,3845,3964
3637: 2742,2295,2440,2937
3638: 463
3639: 4577,2002,1434
3640: 4161,3173,670,775
3641: 3743,4521
3642: 356,858,1697,225,1260,3422
3643: 4612,248,434,3440,776
3644: 544,4450,968,3524,4801
3645: 788,3037,4103
3646: 1109,809,2912,1810,3220,4288
3647: 1798,1000
3648: 105
3649: 2484,2568,3687,1659
3650: 2709,1431,2364,2574,334
3651: 809
3652: 169,376
3653: 4031,4685,987
3654: 2658,3474
3655: 1873,4562,550
3656: 
3657: 1450,2842,4739,4350,2034
3658: 
4461: 1594,3584,1458,3014,2792
3660: 96,2023,2716,4233
3661: 145,4508,717,2032
3662: 4762,3223
3663: 1775,2647,2339
3664: 3686,2389,1782,602
3665: 2478,4656,2191
3666: 1360,435,3166
3667: 1405,210,4734,565
3668: 
3669: 911,3674,1031,4773,4619
4518: 3310,710,1862,3839
3671: 1962,1975
3672: 3400,2042,3914
3673: 1872,2096
3674: 428,3669,732,4369
3675: 2227,1163,3684,2304
3676: 3386,2437,4523,1281
3677: 964,4046,4693,4601,349
4526: 1031,1262,399,3483,4773
3679: 1857
3680: 3907,4606,1611,2977,4610
3681: 871,868,2495,2744,2722,282
3682: 3763,2391
3683: 625,4664
3684: 3104,3675
3685: 1441,3766,1985,1496,4625,3827
3686: 2389,3664,4638,3094,602
3687: 4333,1659,3649,2568,3047
3688: 1383,3148,3295
3689: 875,2001,1689
3690: 3303,3812,4313,853,2676,3014
3691: 2241,4548
3692: 4307,2822,3620
3693: 2089,838,4188,3512
3694: 4643,4401,1982
3695: 4234,3016,1080,4427
3696: 4684,2274,862
3697: 1583,2600,4709,3727,4490
3698: 2176,2892,799
3699: 250,1669
3700: 744,4600
3701: 
3702: 1433,3571,305
3703: 1542,4689
3704: 3314,1715,411,671
3705: 2824,1378
4788: 1153,2814,1560
3707: 
3708: 3351,3821,2257,2934
3709: 2080,157,2958
3710: 3020,254,3617,1087,1850
3711: 1107,4237,3843,4347
3712: 2114,3833,1642
3713: 4311,556,3560
3714: 766,4626,2072
3715: 1375,3754,1022,677
3716: 309,572
3717: 
3718: 2638,4225
3719: 3144,4750,513
3720: 3318,791,1805
4427: 1080,3695,1870,4083
3722: 4178,4147,580,4005,4219
3723: 4285,2241
3724: 1913
3725: 2102,1431,2364,733,3217
3726: 2517,1525,4592
3727: 618,190,3697,4490
3728: 1732,2070,1375
3729: 164,1821
3730: 1729
4465: 2657,3338,3255,2193
3732: 3196,1634,3874,1314
3733: 4197,2250,4578
3734: 2672,1266,110,4623,4323,4010,506
3735: 1581,2590
3736: 3056,3965,1772
3737: 174,1284,40,1620,1972
3738: 
3739: 2900,918,1509
3740: 4620,1387
3741: 2474,1399,3023,1320
3742: 981,1951
3743: 3641,1825
3744: 1958,1929,3458,2911,2984
3745: 2310,1657,1926,466
3746: 1069,2908,2113,766,2072
3747: 3333,4567,1629
3748: 
3749: 269,3751,1254,3150,4064
3750: 1499,3411,2678,3392,2102,733
3751: 3388,4744,4256,3749,3150
3752: 
3753: 2954,4468,1209,1279
3754: 3715,1022,1856
3755: 2958,292,157
3756: 4381,3412,4221,1518
3757: 807
3758: 3510,529,3922,4587
3759: 1884,1608,68,4312
3760: 2660,4571,4475,1060
3761: 2602,1772,2620,4200
3762: 1829,2993
3763: 3682,3046,2366,2968
3764: 1552,137
3765: 680,1454
3766: 3685,1183,4625
3767: 4644,4510,4314
4727: 71,2017,4223
4768: 1636,4741,4713,3817,3626
3770: 3030
3771: 2216,188
3772: 4560,1918,387,3787
3773: 
3774: 1269,3579,3853
3775: 3786,2303,4544,3479
3776: 1014
3777: 390,4086,3044,726
3778: 631
3779: 313,4139,2090
3780: 2991,3815,422,3097,3522
3781: 3436,1957,304,3173,1419,2080
4749: 4236,3004
3783: 463,2236
4678: 11,2970,1597,3811,4230
3785: 4586,1985,4625,1783,576,2825
3786: 1720,2004,2303,3775
3787: 25,3772,1918
3788: 4660,424,2361
3789: 
4742: 4030,2688,2601
3791: 
3792: 1219,534,3591,4635,2558
3793: 4118,1086,297
3794: 3259,4680,1616
4353: 2879,4194,482,4480,895
3796: 2273,1160
3797: 613,3570
3798: 3491,1301,1961
3799: 2542,36,1650,4414,4778
3800: 1198
3801: 1748,727,357
3802: 4479,988,3887,1167
3803: 1303,35,1861,4794,1153
3804: 
3805: 2457
3806: 4746,1779,1730,504,1859,3335
3807: 4459,3855,4002,3530,1023
3808: 3223,394,1535,4045
3809: 1208,3072,1692
4755: 
3811: 882,1597,4678,2644,4230
3812: 4313,3690,2792,3014
4489: 4069
3814: 687
3815: 2991,2982,3780,3097,2947
3816: 3434,1741,358
3817: 4713,4580,4768
3818: 1209,1453
3819: 
3820: 3063,3345,4553
3821: 3708
3822: 244,1919,2401,2941,2168
3823: 
3824: 4107
3825: 718,4682
3826: 4333,2515
3827: 4534,1410,1496,1441,3685
3828: 271,1670,4091,1920
4422: 2141,3131,3058
3830: 4093,22,1803
3831: 347,1117,1923
3832: 3512,2709,2089,2717
3833: 1642,1295,3712,2547
3834: 1545
3835: 
3836: 2629,3230,4457
3837: 538,4016
3838: 271,3426,4091,4503
3839: 1091,1622,1862,4518,710,2995
3840: 
4644: 3767,4510,1238
3842: 1636,4741,125,3626,669,4622
3843: 4237,2965,841,3711,1107
3844: 2885,3153,4740,2272
3845: 2619,1878,3423,3636
3846: 4817,860,2066
3847: 405,3216
4431: 2718,1336,341
3849: 3877,3109,3325
3850: 438,4497,1849,2069,817
3851: 283
3852: 712,3536
3853: 3978,3579,3774,4081
3854: 1230,4308,1917,344,3428
3855: 4659,2969,4459,135,3807
3856: 308,3206,4786
3857: 1236,1536
3858: 690
3859: 4671,1653,2415,2318,1573,2869
3860: 519,799,853,2561
4492: 929,1146,3525
3862: 
3863: 3190,2808,516
3864: 
3865: 
3866: 4418
3867: 2152,1446
3868: 
3869: 664,738,17,455
4438: 2698,1228,1780,101,4199,4351
3871: 2930,948,682
3872: 3360,308,3206
3873: 2853,615,3603
3874: 3567,3894,3732,1314
3875: 1218,1493,2528,922
3876: 
3877: 3849,2208,3109,1181
3878: 1475,2922,2392,200,4144
3879: 3940,734,1896
3880: 2428
3881: 1851,3484,2655,4125,221
3882: 1162,2533,527,1245
3883: 2359,1840,316,1145
3884: 671,134,730,2702
3885: 455,2063,738
3886: 1034,3496,360,1501,2127
3887: 4530,4479,3802,1167
3888: 1139,2820,2985,210,565
3889: 1530,1922,2347,2719
3890: 4082
4381: 3756,1904,3296,4341
3892: 2188,3925,2226,1332,1037
3893: 1884
3894: 3874,3567,1634,1041
3895: 3994,724
3896: 4476,2420,4165
3897: 573,108,1884,1608
3898: 3981,3048,1593
3899: 3370,887,2108,3214,1418
3900: 2529,3590
3901: 4604,4669
3902: 1802,2146,1597,882
3903: 1332,955,3925,2729
3904: 3397
4311: 3713,556,4810,3560
3906: 1668,1491,4050,3513,3283,4499
3907: 3680,4606,2620,4610,4200
3908: 1133,3035,4276,378
3909: 4695
4799: 473,49,2224,2866
4632: 324,1098
3912: 4290
3913: 814,1652
3914: 3060,3672
3915: 2863,2462,920
3916: 1,483,2987
3917: 1613,1340,2153,437
4756: 992,4555,3234
3919: 4034,665,873,2729,4245
3920: 
3921: 578
3922: 3758,1243,4388
3923: 1376,4215,166,2075,3966,3294
4604: 3901,4669
3925: 2226,3892,2729,3903,1332
3926: 2014,2674,2472,4541
3927: 
3928: 
3929: 281,4598,299,3305
3930: 2140,1632,2205
3931: 2012,1468
3932: 3250,589,4649
4455: 1604,3287,4548,239
3934: 3242,2657,3255
3935: 2359,2483,3577
3936: 4651,2316,333,3464
3937: 1197,2479,3950,4250,2473
3938: 654,2526,732,26,2403
3939: 2300
3940: 793,4636,1474,3879
3941: 2695
3942: 219,1764,2682,1073
3943: 2643
3944: 
4785: 4033,4645,318,3019,4376
3946: 3089
3947: 1543,1261
3948: 1678,1411,2523,4121
3949: 651,1345
3950: 4310,2479,3937,2473
3951: 3071,3499,4337,1933,4451,4595
3952: 
3953: 4152,786,1199
3954: 4314
3955: 965,936,1836,375
3956: 3298,2106,1178,439
3957: 1618,2751
4796: 3588,3398,4570
3959: 38,3379,2098
4532: 2430,3419,4095,1581
3961: 3000
3962: 685,846,1354,2851,2408
3963: 4068,4319,2182,4124
3964: 1878,108,68,1871,3636
3965: 1150,1772,1602,3056,3736
3966: 1476,3294,1783,3923,4586
3967: 2555,3568
3968: 22,415,4447,4596,2213
4657: 4041,285,1637,3571
3970: 1700,3086
3971: 4673,1579
3972: 4633,1837,3302
3973: 2380,983
3974: 4390,1651,12,402,3982,1062
3975: 2734,4238,135,4457,723,1134
3976: 1510,254,1736
3977: 3405,1316,49,3412,1518,2224
3978: 3853,1273,4081,4572
3979: 871,868,681,1906
3980: 
3981: 3048,3898,2422,2061
3982: 402,12,1583,2600,4390,3974
3983: 4750,3556,2611
3984: 196
3985: 1084,444,3564
3986: 349,1095,1373,2017,4223
3987: 125,3584,4622,1011
3988: 2275,1871,3636,2391,4291
3989: 3477,1546,4503,4765,1564
4536: 239,2298,4548
4602: 2423,4373,4506,1737
4324: 946
3993: 2301,826,278
3994: 3895
3995: 
3996: 896,1508,2225,3547,894
3997: 1914,140,4187,2910
3998: 1630,3172,1735,2384
3999: 
4000: 2567,4152
4001: 672,2996,1502
4002: 4803,4459,3807,1023
4003: 183,1950,1998
4004: 2835,1342,79
4005: 1029,692,456,580,4219,4147,3722
4006: 4384,1874,2980
4007: 4630
4008: 301,3213,73,4309
4009: 3325,246,4343
4010: 506,3734,110,962
4716: 4480,4425
4012: 778,128,2904
4013: 2591
4014: 
4015: 200
4016: 881,538,3837
4017: 4445,3017,3335,504,973,479
4018: 
4019: 4496,366,620,1226
4020: 2136,334,658
4021: 2388,4,4251
4022: 2363,4117
4023: 1116,4494,4038
4024: 1170,4605,1895,4102
4025: 1523,1047
4026: 2703,248
4622: 669,4296,1011,3842,125,3987
4028: 4140,1136,2818
4029: 3123,4287,3288
4030: 4742,2688,2601,4190,1802,2545
4031: 1009,3365,3653
4398: 2736,3451,4360,188
4033: 4785,1190,3019,312
4034: 3919,873,1852
4035: 4400
4036: 789,290,1842,4416
4037: 4818,564,2610
4038: 1247,4494,4023
4039: 2628,796,1963,3098
4040: 104
4041: 4657,2730,474,285,544,1637
4697: 2325,257,1382
4350: 4571,2034,3164,3657,2842
4044: 2318,1425
4045: 3181,4585,3808,4108
4046: 4693,4601,3677
4047: 883
4048: 214,4101,4201,1974,2116
4049: 358,1906,98,9,1741
4050: 3906,1668,1491,1968
4051: 2566,2215,4700,1655
4052: 2274,1439,249
4053: 4747,296,1422,2559
4054: 3242,2824,19
4055: 4559,1583,4709,887,2596
4056: 
4057: 4305,1043
4058: 4633,4079,315
4059: 879,2721,2097
4060: 2957,330
4061: 345,1007,2752
4062: 561,2346,4703,3163,272,1005
4063: 581,2669,2759
4064: 2914,3749,269,1254,3342,2796
4065: 1956,912,740,2326,3630
4066: 596,1544
4067: 2784,616,1155,1242
4068: 3963,4319,2385,147
4069: 4489,4328
4745: 2972
4071: 1841,4185,4766
4072: 1556,521,1243
4073: 2328
4074: 1967,100,1638,975,2047
4075: 4441,232,2523
4076: 532,1378,3417,3308,4658,2824
4077: 2689,3288,4539
4078: 2853
4079: 4058,414,315
4080: 4743
4081: 3853,3978,4572
4082: 2235,535,624,3890
4083: 1870,1080,4427
4084: 1473
4085: 1882,3035,4276,4558
4086: 639,3044,2117,4351,3777
4087: 
4088: 909
4687: 614,2312,2134,938
4090: 1065,2984,646,2170,2944
4091: 1551,3426,1670,3828,3838
4092: 1810,1658
4093: 3830,978,2419,1803
4094: 1249,929,4805
4095: 2590,3628,3419,4532
4096: 354,734,1433
4097: 2138,193,2472
4098: 1976,1922,2065,447
4821: 4259,25,1877,2746
4705: 2597,4663,2310
4101: 1141,3476,4201,4048,2116
4102: 4805,1895,294,1240,4024
4103: 3415,1265,788,3645,2172
4104: 
4105: 277,552
4106: 1032,69,568,547
4107: 2502,3824,4407
4108: 2622,4045
4109: 3332,947
4110: 1599,300,917,1045
4111: 3316,2676
4112: 2249,904,2477
4113: 773,557
4114: 3000,39
4115: 30,979,3024,2186,680
4116: 1748,727,670,3608
4117: 549,2394,4022
4118: 360,4739,3793,4312,1086
4119: 1197,1833,706
4120: 1961,4179,4429
4121: 242,1484,1678,3948,1424
4122: 1819,639,3044,725
4123: 2061,2399,3514,3410,1617,468
4124: 2182,3963,1002,4779
4125: 4285,2655,678,3881
4670: 2200,2065
4127: 
4128: 3471,1919
4129: 3416,168,4662
4130: 1457,1110
4131: 1039
4132: 4298
4133: 2924
4134: 2078,4316,565,1405
4135: 4567,3534,2121,865,1520
4136: 460,1635,2673
4610: 2620,1611,4295,3680,3907
4138: 562,4373,616
4139: 313,3779
4140: 4028,877,729
4141: 3403,2353,3353
4142: 4184,4409,1582,4609
4143: 1398,309,3429,2822
4144: 2990,586,3195,1388,200,1475,3878
4145: 
4146: 4533,1485,584
4147: 4178,4339,3722,692,4005,2100
4148: 4642,1100,3375,553,2429
4149: 3531,1539,4426,590,3253
4150: 2424,3001,668,35,1861
4151: 821,352,2106
4152: 3953,4000
4748: 3371,1002
4154: 1041,4173,1811,3115
4155: 253,2654,1680
4156: 4232
4157: 2118,1561
4158: 3188,333
4159: 4219,900
4160: 4397,2093,2513,2743
4161: 3640,1441,1319,3173
4368: 1771,1550,1995,4217,4608
4163: 622,2125,18,1819
4164: 4706,1224
4165: 3508,4494,3896
4634: 1032,1659
4167: 4887,1572,542,3549
4168: 4378
4169: 657,2433
4170: 691,260,2557,2936
4171: 4446
4810: 4311,556,4793
4173: 1041,1811,4330,4154
4793: 342,4810,1101
4357: 2049,2130,4213
4775: 896,2025,212,802,237
4177: 3548,95
4178: 4339,4147,3722,1752,1720
4179: 4120,1961,2602
4180: 712,1212,2748
4181: 3486,67,1798,1402
4182: 2852,4359,3349
4183: 4451,4595,2995,1622,958
4184: 1226,2568,4409,4142
4185: 2062,1841,4071
4473: 1697,3422
4187: 4469,2452,140,3997
4188: 838,2552,3693
4189: 1854,2993,2286
4190: 4030,2688,813,1802,2146
4191: 3033
4192: 1506,1352,385,2503,2662
4342: 
4194: 4353,1930,2441,4480
4195: 2012,792,1561,1833
4196: 3178,4628,2230,1679,3102
4197: 4291,3733,2250,2761
4319: 4068,3963,1416,1399,3023,2182
4199: 2117,2563,4438,1780
4200: 2620,3907,3761
4201: 4101,3071,3499,214,4048
4202: 
4203: 
4204: 4327,1809,3569
4472: 
4206: 4664
4207: 1567,89,2736,3451,2480
4208: 3601,532,2604
4209: 1074,66,2306,3209
4210: 3482,4553,1682,562
4735: 109,4387,4704
4212: 2483,3577,2113,766
4213: 2130,4357,793,372
4214: 4463,2143,3622,4327
4215: 1783,1376,3923,2825
4600: 2597,860,3700
4217: 2039,1995,570,4368,3185
4218: 3432,3513,1524,503
4219: 4159,2535,900,580,4005,3722
4220: 967
4221: 1518,10,3756,663
4222: 493,4360,4628,4531,2736
4223: 2017,3986,71,4727
4224: 3393,468
4225: 787,3718
4706: 741,4164
4227: 1235
4228: 3531,1539,1520
4229: 820,4747,2437,2187
4230: 3068,3811,11,4678
4231: 1930,1868,986,2404,350,2441
4232: 4156
4233: 2716,2023,3660
4234: 3695,2595,623,3016
4235: 1534,2769,891
4236: 4749
4237: 3843,2780,2965,4347,3711
4238: 2734,3975,1134,3333
4239: 1418,2596,887,4332,1606,3299
4240: 
4241: 3152,4815,1073,1764,950
4242: 4340,2887
4243: 4766,3358,2062,2049
4244: 2014,2674,2138,1486
4245: 977,3919,2188
4246: 4410,1814,880,3183
4247: 
4248: 2334,3120,4528
4249: 759,2324
4250: 4419,3937,2473
4251: 337,4021
4252: 217,2535
4253: 3375,2429
4415: 1224
4255: 800
4256: 551,3002,2500,4744,3751,3150
4257: 1025,209,1593
4258: 2851,3171,2660,4475,2408
4259: 1686,4821,594,2750
4797: 784,1799,385
4261: 4652
4262: 4519,464,2778,1437,2783
4263: 399,3012,144,1262
4264: 1828,2027
4336: 
4266: 2720,2396
4267: 1810,809,954
4268: 
4730: 
4270: 1346,4616,677
4271: 4276,4558,3125,4437
4272: 2129,4655,1919,2941
4273: 
4274: 1974,3497,3042
4275: 3058,3157
4276: 378,4558,4271,3908,3035,4085
4277: 252
4278: 3492,507,1272
4279: 2035,4549,2589
4280: 4475,1060,289,2408,2664
4281: 2031,3330
4282: 1533,3621,2409
4283: 2494,3140
4284: 280
4285: 2655,3723,4125,1174,3359
4286: 4579
4287: 4029,3123,1557
4288: 3646,809,3220,2514
4289: 3415,1265,2305,3243,4318
4290: 3912,7
4291: 4197,2391,3988,2275
4396: 2367,1298
4293: 4477,1385
4294: 1592
4295: 3064,2620,4610
4296: 669,4622,2942,3170,1011,1001,3607
4297: 4569,1687,2378,1581
4298: 690,4132
4679: 2913,4410,1814
4808: 1427,768
4301: 2720,4314
4302: 1753,3274,595
4744: 3388,224,3751,4256,3002
4304: 3542,1451,3318
4305: 1043,4057,3269
4814: 
4307: 3429,3692,2822,2018
4308: 1230,3854,3068,2981,344
4309: 3024,73,4008,979